n,eta,sigma_y,width,height,x_01,x_02,x_03,x_04,x_05,x_06,x_07,x_08,sub_id
0.50467605,16.37779058,90.67028185,2.2,2.4,0.79785776,2.226073,3.1917593,3.5625813,3.6695197,3.692282,3.7024462,3.7120569,23
0.9502818482574006,51.91323089508837,0.0088115772581635,2.554382795266908,2.106378315522679,0.350477933883667,0.7364010810852051,1.0505998134613037,1.3039696216583252,1.5097832679748535,1.6825518608093262,1.830427646636963,1.9596304893493648,8
0.72169572,275.85583056,166.71353972,2.95155193,2.88094551,0.17296243,0.25519848,0.34386611,0.4315176,0.51005006,0.5846262,0.6553688,0.72269988,17
0.32509175,17.22994232,80.25426483,2.68825221,2.00585985,0.86017203,2.42708755,3.54488635,3.97581363,4.097188,4.12761497,4.12869549,4.12993336,23
0.47831945,52.93474421,292.01178126,2.1,2.6,0.3462968,0.6697006,0.8120768,0.8556547,0.8852279,0.9086187,0.9277065,0.94339013,21
0.76341446,4.90469429,74.9458132,2.22409266,2.04252936,0.82934594,2.26017189,3.1658721,3.52857351,3.67698526,3.72697449,3.73923826,3.74698257,23
0.7171881046416785,4.72094852866751,0.243721414347032,2.5362119083372505,2.225148230490907,1.0545692443847656,3.0605201721191406,4.536991119384766,5.283285617828369,5.6765899658203125,5.968241691589356,6.186049461364746,6.347891807556152,5
0.95403624,101.43019104,288.10766602,2.36034131,2.5232358,0.17087007,0.26986694,0.36713243,0.45506859,0.53427458,0.60664368,0.67285442,0.73377323,17
0.90567695,173.68440838,356.91616051,2.2,2.3,0.09349418,0.13178778,0.16468191,0.1890428,0.21647239,0.2432065,0.26947093,0.29322076,11
0.76119721,46.70535934,160.52322902,2.36493569,2.46384712,0.40567732,0.89007592,1.22075605,1.43019724,1.57930064,1.6947155,1.78404474,1.8558836,20
0.92488521,159.01571655,393.75469971,2.12092137,2.11150861,0.07971382,0.10972452,0.1328578,0.14417267,0.16310859,0.18027425,0.19552064,0.20995307,11
0.51100953,253.92800277,84.0038466,2.5,2.4,0.20821023,0.3359506,0.45440412,0.55901694,0.652987,0.7383895,0.8164623,0.88857746,16
0.60922491,166.87811365,219.98617229,2.6,2.2,0.20021963,0.31658983,0.4233961,0.51564336,0.5979445,0.6724181,0.73980975,0.80131173,17
0.97333294,147.08909607,37.20113754,2.00509429,2.97933793,0.18294048,0.33237457,0.4770875,0.61536026,0.74554205,0.86765981,0.98251319,1.08993292,15
0.53401903,182.15665694,294.33821384,2.6,2.6,0.19879627,0.2817936,0.35651302,0.4210403,0.47900772,0.5313616,0.5788889,0.6230426,4
0.41873363,298.17987728,357.37814047,2.3,2.8,0.11211514,0.13346219,0.15291834,0.15766811,0.16949987,0.18135548,0.18629527,0.19421029,11
0.6195941,56.54558945,157.09611511,2.00600648,2.01568031,0.35665941,0.73877048,0.97307658,1.11116004,1.20516706,1.27691197,1.33432436,1.37937331,10
0.82613581,285.22744751,383.0760498,2.29716372,2.52454281,0.082901,0.1152339,0.14017391,0.15494895,0.17638183,0.19793177,0.21641612,0.23453546,11
0.40536238,139.97069833,232.604455,2.8,2.9,0.3698175,0.73982835,0.965127,1.0953646,1.1873994,1.2609062,1.3210597,1.3730698,10
0.4734540759711656,1.5079962104062574,2.443615377551028,2.66443586,2.41581941,1.235468864440918,4.055154800415039,7.192174434661865,9.780187606811523,11.281593322753906,11.378040313720703,11.38446807861328,11.389947891235352,14
0.84968881,62.62621352,139.07619246,2.1,2.9,0.28947926,0.5628264,0.7792561,0.95501375,1.0986419,1.21839,1.3177047,1.4033642,10
0.49955562,144.75096673,49.57144138,2.51714265,2.88283551,0.4195385,0.93470621,1.29303741,1.52827692,1.6996541,1.83926296,1.95394993,2.05008745,19
0.59985479,255.56423826,394.19710817,2.67882576,2.93282351,0.14341736,0.16945481,0.20307732,0.2430861,0.27355313,0.30286384,0.33038378,0.35669351,4
0.9613461448261597,2.157528382416473,0.008921224750182,2.542156786482792,2.376582833726818,1.0657398700714111,3.053338050842285,4.464073657989502,5.205218315124512,5.649733543395996,6.002060890197754,6.271103858947754,6.4746294021606445,5
0.69727262,132.4731653,87.22916564,2.8,2.6,0.30420423,0.5792892,0.80753016,1.0026402,1.1688421,1.3124523,1.4375956,1.5480497,10
0.77953149938357,95.32688603538637,0.0731015944588579,2.964498922587706,2.400523832395007,0.3552286624908447,0.7377135753631592,1.0477700233459473,1.2993345260620115,1.505199909210205,1.6786255836486816,1.8272485733032229,1.9573917388916016,8
0.3264672966608574,184.23247987790177,390.8642669437151,2.2,2.1,0.137967824935913,0.1473028659820556,0.1572163105010986,0.1619865894317627,0.1692824363708496,0.175483226776123,0.1815686225891113,0.1870300769805908,11
0.8057533389906414,44.66739750550029,0.1635200941414323,2.3014866264629608,2.0372120477357747,0.4422693252563476,0.9959337711334229,1.3830466270446775,1.6505296230316162,1.8517582416534424,2.015109300613404,2.1507556438446045,2.26882004737854,18
0.90503016,274.58063342,348.68193708,2.02524518,2.8285806,0.08026791,0.12439466,0.15674543,0.1854198,0.21701384,0.24852371,0.27827454,0.30685306,11
0.8478296247630328,5.177082071530567,0.0862849213724094,2.6559259662639545,2.893904474484651,1.0524849891662598,3.110162734985352,4.671731948852539,5.481675624847412,5.899240970611572,6.195929050445557,6.417904376983643,6.5876545906066895,5
0.3055580933879533,229.31812714599724,0.0289196911703735,2.436029446189695,2.8154612860995782,0.445878267288208,1.0649776458740234,1.4649004936218262,1.6690263748168943,1.8011560440063477,1.9051289558410645,1.995195388793945,2.072804927825928,18
0.5559047057550347,2.424120343909344,0.0030650109557346,2.73994538879135,2.1012142442092,1.164459466934204,3.6574904918670654,6.0702972412109375,7.698953628540039,8.398054122924805,8.577006340026855,8.663036346435547,8.775373458862305,12
0.82970351,19.92868996,172.20928955,2.0574379,2.95850015,0.54851818,1.44683361,2.02486682,2.28787732,2.41263604,2.49473739,2.55802655,2.60848165,0
0.82298955,36.85016913,361.36593468,2.3,2.6,0.27097774,0.4591937,0.5693302,0.6462734,0.7024336,0.7446768,0.77728677,0.8027308,21
0.4515771384391545,0.8056189152594955,0.3923243915835728,2.63620055391842,2.6308411771300904,1.2824246883392334,4.300214767456055,7.839735507965088,11.035202026367188,13.08028793334961,13.137714385986328,13.143604278564451,13.148431777954102,13
0.5950926902714305,3.111826444117316,1.038817702242391,2.6898230632326485,2.582432808123054,1.208491563796997,3.8257744312286377,6.371701240539551,8.021918296813965,8.69824504852295,8.894200325012207,9.024131774902344,9.147347450256348,13
0.337266532599063,153.7237692305599,0.0568250867749117,2.1278079761762787,2.737874205832353,0.5246553421020508,1.3775014877319336,1.904385328292847,2.122780561447144,2.247156858444214,2.3455331325531006,2.4273693561553955,2.4985692501068115,18
0.8999115753709365,2.787928086647676,0.0505601735864317,2.8404530398826564,2.146670056800492,1.0319035053253174,2.879276990890503,4.136445999145508,4.812808990478516,5.263697624206543,5.637036323547363,5.917525291442871,6.118797302246094,5
0.5337363218761738,3.752239327983064,0.2626226845367555,2.719012227114028,2.324316274339645,1.182137966156006,3.72611403465271,6.183417320251465,7.777348518371582,8.421579360961914,8.599348068237305,8.722569465637207,8.8410062789917,13
0.59715871,39.34438425,51.84935685,2.8,2.2,0.67368007,1.8572726,2.6070318,2.9303374,3.0861578,3.1883035,3.268282,3.3403764,23
0.6208777426438304,2.069276434835101,0.2804121039704397,2.730483951222019,2.185491586880313,1.1808481216430664,3.707810163497925,6.117591857910156,7.678097724914551,8.346725463867188,8.5574951171875,8.707273483276367,8.843267440795898,13
0.5981188841581324,14.051489269267268,0.1959453129025438,2.4996575100189418,2.83253749771747,1.0150821208953855,3.051363468170166,4.654407978057861,5.446922779083252,5.77497673034668,5.976577758789063,6.114355087280273,6.220023155212402,5
0.59581283660974,1.75637171940615,0.0072119937152393,2.9913709779362705,2.318526404297604,1.2238826751708984,3.91356372833252,6.65716552734375,8.578705787658691,9.512245178222656,9.679685592651367,9.722657203674316,9.803674697875977,12
0.3277697316205856,259.13337216466243,388.94701040606986,2.4,2.3,0.1259169578552246,0.1375854015350341,0.1512129306793213,0.15342378616333,0.1603169441223144,0.1674408912658691,0.1737966537475586,0.1792049407958984,11
0.99394838,30.89858942,165.95533977,2.1,2.8,0.33516145,0.68871355,0.95502377,1.1527622,1.3019619,1.4188733,1.5154891,1.5957932,10
0.98425355,41.26494576,127.56929894,2.8,2.2,0.36634994,0.7767334,1.0982909,1.3487248,1.5471952,1.7078795,1.8412075,1.9549522,10
0.9020095320057728,59.59287165342225,7.882760621078734,2.627875769174932,2.71699738945376,0.4203784465789795,0.9165444374084472,1.3063194751739502,1.6083364486694336,1.848559856414795,2.046565532684326,2.2140212059021,2.3588500022888184,18
0.7321960187202572,6.269650045675824,28.23360917191026,2.42123365,2.41001487,0.9596240520477296,2.7917897701263428,4.112496376037598,4.744887351989746,5.037213325500488,5.20709228515625,5.327323913574219,5.397271156311035,7
0.5602645465177909,1.1951270446317095,3.2820755866438773,2.205345770573019,2.9725022821480924,1.2432541847229004,4.173152923583984,7.557192325592041,10.335195541381836,12.039897918701172,12.212564468383787,12.220731735229492,12.22764015197754,14
0.307535642155135,20.041916204198028,4.369008073962471,2.21291757,2.03412533,0.9951250553131104,3.001295566558838,4.685059547424316,5.549892902374268,5.791356563568115,5.847716808319092,5.876846790313721,5.896358966827393,6
0.84940388,60.87046729,27.3356177,2.9,2.4,0.43227792,0.9605415,1.3611119,1.6607225,1.8933365,2.0817893,2.2390664,2.3742616,19
0.60405273,113.10554569,233.96502291,2.4,2.5,0.25973916,0.4459672,0.58507276,0.69794965,0.7914927,0.8720541,0.9411485,1.0009565,17
0.5036321,17.0984166,231.05983976,2.4,2.2,0.59146166,1.5937045,2.215581,2.3135738,2.313786,2.314149,2.3149571,2.3152204,1
0.84155697,60.1683545,255.4703592,2.7,2.7,0.31619787,0.60969543,0.8290148,1.0022557,1.1399622,1.2524064,1.3448112,1.4222882,10
0.7000901,158.72910876,367.5537381,2.97899832,2.13196252,0.12770629,0.16163349,0.19552732,0.21752644,0.24014235,0.26285386,0.2830739,0.30291367,11
0.66911483,179.47866821,101.5739212,2.09045053,2.20158839,0.17316461,0.28810382,0.39616203,0.49364448,0.58308935,0.66507697,0.74026513,0.81004119,16
0.5170262803110599,261.852110287318,349.24382749196764,2.1,2.9,0.1299257278442382,0.1671206951141357,0.2045693397521972,0.2397992610931396,0.273505687713623,0.3057515621185303,0.3350687026977539,0.3632867336273193,4
0.6318211,76.83844757,308.65158081,2.02617908,2.00524664,0.19583583,0.28825951,0.35688639,0.41191363,0.45852494,0.49787974,0.53100061,0.56044078,4
0.9417696613991636,8.02517811533591,0.0229565149861548,2.899479222195162,2.141607783974856,0.8006119728088379,2.075230598449707,2.893216133117676,3.3754138946533203,3.702361583709717,3.945892810821533,4.13654088973999,4.294360160827637,22
0.3937110502005542,3.495094186822481,0.0042214129020619,2.0937309967421767,2.226746495771219,1.1645491123199463,3.7980239391326895,6.607020378112793,8.770502090454102,9.849325180053713,9.931093215942385,9.937895774841309,9.943765640258787,12
0.44842204,274.43824879,393.46840465,2.3063502,2.61395504,0.11576724,0.13606071,0.15622973,0.16808176,0.18423533,0.19825745,0.2099607,0.22194195,11
0.33751181,11.50582123,23.73139954,2.46213865,2.46684575,1.12284756,3.41178274,5.54320765,6.83859491,7.1919198,7.23508215,7.25312185,7.26149225,7
0.9288130921096128,2.024342527691404,0.003480686145328,2.407344568324107,2.0920218242209634,1.036893367767334,2.908452272415161,4.186241149902344,4.859719276428223,5.301911354064941,5.630415916442871,5.879384994506836,6.06243896484375,5
0.51806915,101.36896515,110.59593201,2.28431511,2.18642402,0.36362028,0.75195217,1.00632405,1.16707897,1.28596354,1.3800385,1.45491409,1.51961827,10
0.99567735,8.34620285,5.08725405,2.32355523,2.46918964,0.77989173,2.03348923,2.81266642,3.24261904,3.51467276,3.7173996,3.87351084,4.00418901,22
0.9369867781632072,2.432199450948608,1.2764661046801484,2.8013749338164646,2.459603349066998,1.078632116317749,3.1030735969543457,4.566751956939697,5.341848373413086,5.814676284790039,6.184473991394043,6.484738349914551,6.705907821655273,5
0.77109322,286.93766672,181.78500269,2.3,2.7,0.11740899,0.16948605,0.22037792,0.2665696,0.3126626,0.3592229,0.4029858,0.4450512,3
0.8594013150462371,6.360997377820897,0.0576867284964327,2.28373717533194,2.628931797015286,0.9550774097442628,2.741147756576538,3.977050065994263,4.586811065673828,4.920477867126465,5.145951271057129,5.311065673828125,5.449831962585449,5
0.530354778604149,3.356325459095004,0.1650990091107661,2.694740896653064,2.6222594458702204,1.2300450801849363,3.9592888355255127,6.761990547180176,8.72988224029541,9.591595649719238,9.770021438598633,9.821517944335938,9.8952054977417,12
0.5487716729261433,0.8892496444666573,0.0038971425316383,2.8727563598564467,2.0185264736602924,1.1943542957305908,3.848121404647827,6.681761741638184,8.921658515930176,9.912632942199709,9.931612014770508,9.939476013183594,9.946349143981934,12
0.55260367,262.82711874,228.23849185,2.02457567,2.99038969,0.14874172,0.21764731,0.28798676,0.35287118,0.41289806,0.46922803,0.52201247,0.57167363,3
0.5635481556015751,90.40353810712028,0.0271853094674063,2.812023901068099,2.0717392010045588,0.4442577362060547,1.0276167392730713,1.4215891361236572,1.6684162616729736,1.8485372066497805,1.990748167037964,2.110770463943481,2.214426279067993,18
0.38542174,287.29118158,142.66255827,2.1,2.1,0.14292431,0.19500923,0.24456573,0.28895354,0.33128953,0.37005687,0.40606332,0.43928242,2
0.30772597,278.30743408,58.07286453,2.3479166,2.00619602,0.22117901,0.3388133,0.43063068,0.50837278,0.57534981,0.63584423,0.68920064,0.73616076,16
0.76902322,221.95281321,395.326535,2.41794591,2.38460906,0.09509587,0.12767529,0.15512419,0.17176485,0.19195247,0.21193504,0.23038793,0.24861765,11
0.33575121,147.4528034,258.31788227,2.1273325,2.7920733,0.33178043,0.64860725,0.82317948,0.91501427,0.98248887,1.03515315,1.08034086,1.1179533,21
0.8223652525049636,1.547428885839429,0.0298298982949482,2.3377694359297934,2.673848180531208,1.1787285804748535,3.671173095703125,5.857509613037109,7.118894577026367,7.699719429016113,8.006205558776855,8.23759937286377,8.426043510437012,12
0.65318848,231.2620561,126.44206893,2.1,2.1,0.12367392,0.19418931,0.26008773,0.32125854,0.3801093,0.43488455,0.48633718,0.53479576,2
0.73139926,286.04019107,23.85243804,2.2,2.4,0.13094568,0.21507621,0.29442096,0.37004685,0.44376683,0.51417136,0.58124995,0.64484096,2
0.60662365,143.76722852,65.35262985,2.5,2.9,0.3237183,0.6319709,0.8714242,1.0667725,1.2283859,1.3646913,1.4820161,1.5850658,10
0.7237172214782008,7.217770014020899,0.1457908716881234,2.303808167814701,2.3158070703889164,0.9885432720184326,2.839060068130493,4.13475227355957,4.753686904907227,5.081534385681152,5.29255485534668,5.455757141113281,5.567129135131836,5
0.91166597,212.36630328,360.2167139,2.5,2.7,0.13447428,0.15541363,0.18839478,0.22796631,0.26749945,0.30051613,0.3321631,0.36357427,4
0.64049588,106.78487967,176.61486237,2.0,2.8,0.23857546,0.4104936,0.5458648,0.6579745,0.7528982,0.8348446,0.9052615,0.9679816,17
0.57686959,258.47078705,323.99625243,2.4,2.1,0.10008526,0.1319139,0.16289854,0.18383384,0.207021,0.22868109,0.2508123,0.27149963,11
0.70211822,93.29848441,171.49945693,2.2,2.2,0.2530687,0.45467162,0.61520815,0.7479887,0.8590462,0.9537296,1.0343153,1.1027336,17
0.843646691945123,1.764927188197652,85.94721021060192,2.467930792087357,2.370362223160823,0.9224309921264648,2.761634349822998,4.209939956665039,4.894252300262451,5.103785037994385,5.17949104309082,5.19879961013794,5.200965881347656,7
0.79063453,65.45789935,36.27692875,2.79811456,2.2549306,0.39238167,0.84346199,1.18606997,1.44073725,1.63913774,1.79953861,1.93300009,2.04758883,9
0.86077609,230.43002486,6.2591898,2.8,2.4,0.17155838,0.29483795,0.4129839,0.5302384,0.64079,0.7452843,0.84379196,0.9377539,15
0.75594938,4.11460543,19.12686157,2.63208318,2.03272271,1.01092124,2.77810621,3.94717073,4.52417135,4.86623001,5.09486103,5.2352891,5.31936646,6
0.79966581,222.9018164,173.03875916,2.8,2.9,0.17418432,0.26811504,0.36472654,0.46065998,0.5466118,0.627918,0.704566,0.77690554,17
0.7111839314435766,178.45282282178536,0.0751144521650507,2.170376827439544,2.4612060159215066,0.2199387550354004,0.3968656063079834,0.562009334564209,0.7109875679016113,0.8460736274719238,0.9686658382415771,1.0807921886444092,1.1820151805877686,15
0.76358632,125.03510743,238.25868171,2.7,2.9,0.23943448,0.40010452,0.5414288,0.6658826,0.7752609,0.8732207,0.960886,1.0396371,17
0.54002428,285.14072283,276.68576574,2.1,2.9,0.10646057,0.13776922,0.16510034,0.18227863,0.20120168,0.22372913,0.24380088,0.26232195,11
0.4135861325781085,82.3734821759266,0.0212441487652562,2.7321771659229324,2.5629622076199228,0.683035135269165,1.8950235843658447,2.6975505352020264,3.0578691959381104,3.234052896499634,3.351422071456909,3.444302797317505,3.524754762649536,22
0.71791107,242.15748874,169.76979187,2.26517667,2.80372565,0.1499474,0.23412418,0.31668091,0.39601874,0.47100997,0.54106212,0.60679698,0.66927171,3
0.90659297,290.57821814,155.36146786,2.75602969,2.99250553,0.16491961,0.21766996,0.28521013,0.36778665,0.44037223,0.50942588,0.57631445,0.64135933,2
0.7884675,105.11370477,70.02577474,2.2,2.0,0.23461676,0.43475652,0.6106312,0.7639723,0.8976946,1.0163152,1.1209278,1.213465,16
0.31756115,129.27835083,65.6368866,2.13444853,2.05974841,0.44863105,1.03684282,1.34232569,1.45461726,1.52524114,1.58493257,1.63393807,1.67651486,0
0.3565424612409195,4.334273585258565,0.0196415557065986,2.139383186563593,2.7761443693422607,1.2163639068603516,4.06998348236084,7.321049690246582,10.011077880859377,11.378447532653809,11.425739288330078,11.429055213928224,11.43194580078125,12
0.8537378086353573,20.77921864664347,0.0181080560154152,2.433098059527321,2.835806771745883,0.7143173217773438,1.920521259307861,2.7009525299072266,3.1285929679870605,3.40088415145874,3.605004787445069,3.770258903503418,3.910900115966797,22
0.8504762022888582,2.8034669333738567,0.0195769647555199,2.7137973660333694,2.081623376665099,1.0425095558166504,2.9375317096710205,4.247919082641602,4.934589385986328,5.388557434082031,5.745126724243164,6.017764091491699,6.21292781829834,5
0.8374708980115552,7.782012054106387,0.0612347766107068,2.790109842556072,2.2614213801407663,0.9073598384857178,2.469843864440918,3.494839191436768,4.054822444915772,4.40244722366333,4.653767108917236,4.848580360412598,5.005607128143311,22
0.4843098298172522,167.08089227232182,0.535991494845357,2.2987515274253614,2.483567841165588,0.3575077056884765,0.7445263862609863,1.0238091945648191,1.22894549369812,1.3901653289794922,1.521599054336548,1.6354341506958008,1.7329485416412354,8
0.3,158.44641861088894,244.831320145276,2.51565283,2.21661283,0.2851407527923584,0.4837148189544678,0.5776276588439941,0.6418721675872803,0.6931073665618896,0.7362377643585205,0.7722165584564209,0.8032755851745605,21
0.40034654,103.5522543,94.4551161,2.55135808,2.27276863,0.47183537,1.11079216,1.4878273,1.64616823,1.74041128,1.81458235,1.87757254,1.93331861,20
0.46764026,271.65001408,86.03776502,2.4,2.6,0.2046485,0.31852198,0.42475796,0.5174999,0.601264,0.6781502,0.74863195,0.8134699,16
0.8593486,7.77546024,27.50638008,2.02321172,2.80943608,0.86607814,2.46838188,3.53976393,4.03245926,4.2576952,4.39671421,4.48443174,4.55485439,23
0.65085525,182.43690051,116.28100857,2.41964027,2.64335546,0.2243824,0.38282394,0.52735329,0.65595031,0.77093077,0.87527537,0.96980953,1.05527043,16
0.82078476,228.24934066,94.42711231,2.1,2.3,0.11736083,0.19344497,0.26338983,0.33008194,0.3960092,0.45891213,0.5175805,0.57379436,2
0.4224951380572744,40.38665754043111,0.0183300567818629,2.412466833935892,2.192392617155147,0.8147473335266113,2.2943122386932373,3.28198504447937,3.705811262130737,3.9053738117218018,4.00742244720459,4.09520435333252,4.164109230041504,22
0.8348727691716153,164.7569140883104,0.7501701769796663,2.55285232907591,2.6082304501449105,0.2269906997680664,0.4086010456085205,0.5825014114379883,0.7427582740783691,0.8892629146575928,1.024092197418213,1.1479127407073977,1.2618281841278076,15
0.59196383,109.33955383,249.72462463,2.28777313,2.40102625,0.25004148,0.42193794,0.54880905,0.65193772,0.73781657,0.81045079,0.87265611,0.92643905,17
0.9248636196451336,13.799115300334863,0.0473298181615365,2.941165032927313,2.521147941556127,0.7502186298370361,1.969717025756836,2.7714552879333496,3.2359585762023926,3.545894145965576,3.776038646697998,3.964038372039795,4.123795986175537,22
0.3534562821491935,7.511792999272807,0.110297795254473,2.147385904786043,2.7063522538673017,1.1784172058105469,3.8734381198883057,6.796598434448242,8.984249114990234,10.03331184387207,10.15026569366455,10.156920433044434,10.162877082824709,12
0.80192596,17.33382607,13.63845062,2.76241922,2.65850449,0.79251003,2.13734198,3.01565552,3.47805786,3.75379324,3.94246101,4.09221792,4.21380138,22
0.3807942480030272,120.07445693971115,0.0262520845638098,2.741914255153073,2.5941877101207123,0.5889976024627686,1.5655567646026611,2.198054075241089,2.481873273849488,2.634777307510376,2.7493374347686768,2.8471624851226807,2.930936098098755,18
0.3396123949625728,0.9286876897757502,0.0974596497330434,2.2605459499178275,2.437367662337385,1.242891788482666,4.178876876831055,7.630986213684082,10.781927108764648,12.79076862335205,12.832863807678224,12.840337753295898,12.846704483032228,12
0.71894076,91.30918868,269.75771756,2.6,2.6,0.264189,0.46043658,0.610651,0.73522043,0.83985925,0.92896295,1.0052977,1.0708809,17
0.3824895042390649,2.844245550158396,49.80343229898264,2.9633944,2.59694767,1.116499423980713,3.5614399909973145,6.114989280700684,8.009862899780273,8.857975006103516,8.903937339782715,8.904016494750977,8.904016494750977,14
0.63141036,150.13780212,286.86233521,2.17771912,2.14920092,0.14184952,0.19619513,0.24947,0.2965548,0.34040308,0.38010859,0.41571021,0.44910598,4
0.3387882218465861,13.086318556576291,9.802413238895545,2.47170653,2.20574465,1.0687856674194336,3.308673858642578,5.371220588684082,6.6056952476501465,6.996800899505615,7.06242036819458,7.097322940826416,7.119662761688232,6
0.71445394,97.22692846,64.10118812,2.9,2.9,0.4052236,0.86547065,1.2174067,1.4855375,1.696425,1.868289,2.0123682,2.1354127,10
0.43646896,293.87390137,51.76858139,2.13441539,2.91320443,0.22959447,0.38567972,0.52209997,0.64153934,0.74774289,0.84395361,0.93016505,1.00892162,16
0.5288589532436477,74.97869853696827,164.60913975696675,2.7842166913693505,2.988061203186863,0.5072605609893799,1.2768454551696775,1.8030800819396973,2.058483123779297,2.19681167602539,2.29457950592041,2.3785176277160645,2.449381351470948,20
0.49001823,70.03118238,55.20505814,2.8,2.6,0.628088,1.6887772,2.3839061,2.6881282,2.8341706,2.9394672,3.026172,3.0970995,23
0.41364161,49.66772977,206.35535212,2.7,2.7,0.588135,1.578543,2.2413318,2.4392707,2.4613507,2.4737747,2.485996,2.497701,1
0.9157933684658004,2.29301816116252,0.0208676327929021,2.375533193080973,2.3710241810012245,1.0727643966674805,3.109123945236206,4.582775115966797,5.344194412231445,5.7714033126831055,6.0976972579956055,6.347197532653809,6.531574249267578,5
0.77794574,237.71243446,18.19576767,2.7,2.2,0.16709065,0.285851,0.40074015,0.51108766,0.6143024,0.71237326,0.80425,0.8917444,15
0.69866728,212.08512746,284.00985815,2.5,2.3,0.1293068,0.18364859,0.23835588,0.28817415,0.3348956,0.37907648,0.4208281,0.46013355,4
0.6721193043523981,1.1173676368746228,0.0043715310201306,2.90266448434579,2.505310222343952,1.2535529136657717,4.048688888549805,6.954968929290772,9.01237678527832,10.027429580688477,10.260610580444336,10.29322624206543,10.350112915039062,12
0.5709543168722913,1.1966602660436605,0.0067549784659347,2.565150014051574,2.2701870148711394,1.2189340591430664,3.9587576389312735,6.878891944885254,9.101268768310549,10.173247337341309,10.218757629394531,10.22961139678955,10.238749504089355,12
0.8571233374201518,140.1536638224156,0.0281683768430897,2.0130533548116407,2.816069597408301,0.2270247936248779,0.4231495857238769,0.6097819805145264,0.780958890914917,0.9370040893554688,1.0796444416046145,1.2099530696868896,1.3289759159088137,8
0.35805001,196.35285288,334.86018909,2.6,2.8,0.2307818,0.3096292,0.35771322,0.39953923,0.43667722,0.46969986,0.4996636,0.52696395,4
0.7066905311138352,28.09026232321254,0.0462760709678082,2.8256908332323807,2.77469980498939,0.7686693668365479,2.1256983280181885,3.029905080795288,3.5038559436798096,3.777372121810913,3.9741642475128174,4.126348495483398,4.255231857299805,22
1.0,298.36405552,392.72473572,2.0,2.0,0.04723239,0.07245541,0.09342623,0.09678006,0.10764718,0.11511707,0.1208837,0.13028765,11
0.52438951,77.89570618,83.99867249,2.22350311,2.51949024,0.49015355,1.18961477,1.61964011,1.83056879,1.96193409,2.06628609,2.14742517,2.21583796,20
0.84698868,212.27898491,298.58657605,2.4,2.2,0.10187101,0.15057373,0.19520998,0.23271751,0.2712381,0.30831623,0.34452462,0.37848735,4
0.48413311,118.78942437,84.34804344,2.2,2.3,0.36361623,0.75047326,1.0051501,1.1687031,1.291044,1.3882658,1.4666305,1.5351069,10
0.90362399,18.6873928,137.65443078,2.9,2.4,0.5763376,1.4883823,2.0922,2.4062083,2.5882022,2.7158482,2.8113067,2.8902833,20
0.50478745,259.09038761,263.24682931,2.5,2.2,0.14033794,0.18665695,0.23584652,0.27870154,0.31919336,0.35710502,0.3927884,0.42621493,4
0.4923284819429724,1.102379967302029,0.0081874407944954,2.89618087673997,2.143119929741884,1.2186903953552246,3.959855556488037,6.952146053314209,9.400291442871094,10.92923355102539,11.02142333984375,11.028335571289062,11.034065246582031,12
0.44668889,299.82464587,333.09039682,2.3,2.5,0.10742307,0.13024783,0.1525836,0.16126132,0.17416692,0.18753457,0.20008898,0.21147227,11
0.82572681,77.97518921,270.52929688,2.59855771,2.08488631,0.19736958,0.31154943,0.41179633,0.49601984,0.56852007,0.63271356,0.68857861,0.73851442,17
0.39865124,48.54833669,144.38475917,2.7,2.1,0.634969,1.7830341,2.5465114,2.771127,2.7967045,2.8116481,2.825783,2.8390834,0
0.52301304,90.45045801,114.35317377,2.8,2.5,0.47396803,1.132514,1.564323,1.7893758,1.9309735,2.0397034,2.1277328,2.2034183,20
0.98686824,92.59585983,323.7103343,2.24878348,2.84351694,0.1813314,0.2910254,0.39777184,0.49404645,0.58124948,0.66049027,0.7324481,0.79839468,17
0.3529205455169423,2.9805808965117744,0.0368914145264248,2.067709982799358,2.4628248769934835,1.202516794204712,4.004364013671875,7.186093330383301,9.841523170471191,11.300042152404783,11.349215507507324,11.353772163391112,11.35760498046875,12
0.31774452,167.85941061,250.60820485,2.2,2.0,0.23544288,0.34880233,0.41172504,0.46342373,0.5066376,0.54284,0.5758114,0.60417056,4
0.45936271,198.55854063,79.17584282,2.3,2.8,0.27316356,0.48428106,0.64508104,0.77766776,0.89053845,0.98820186,1.0732336,1.1469748,10
0.9960843444826518,1.921244209656789,35.65308455278016,2.604065381947531,2.466771125702187,0.9946601390838624,2.8710973262786865,4.219488143920898,4.912229537963867,5.278722763061523,5.527667045593262,5.703037261962891,5.8155364990234375,7
0.77359178,84.98449207,276.06799204,2.3,2.7,0.22395921,0.36509657,0.48114395,0.57794094,0.66100454,0.73262334,0.7953675,0.8497164,17
0.92726768,19.83073482,294.13669368,2.9,2.7,0.45098424,1.0491245,1.4573548,1.6720006,1.7791045,1.8463194,1.8952053,1.9316418,1
0.3628628827510449,7.220460382542559,51.85332686631661,2.25034857,2.30982089,1.002683401107788,3.1265318393707275,5.116055488586426,6.332757949829102,6.648451805114746,6.651688575744629,6.653834342956543,6.654912948608398,7
0.96549099,44.40446081,43.32049011,2.8,2.3,0.4126389,0.9001484,1.2784593,1.5707324,1.8011754,1.9887154,2.1451323,2.2799413,19
0.89449766,11.71739592,182.84394613,2.4,2.4,0.55851793,1.4124761,1.9373887,2.1542437,2.2371857,2.2810814,2.3143837,2.3409216,0
0.82361271,17.92071016,190.04663539,2.39029426,2.01354226,0.45052195,1.03787041,1.37418938,1.51657605,1.58449817,1.62769532,1.65944695,1.68554282,0
0.7609663775512276,20.11283203339766,0.011235504758957,2.8752931822520207,2.981550176492628,0.8351218700408936,2.3593997955322266,3.411592960357666,3.964178562164306,4.284852027893066,4.5059661865234375,4.674615859985352,4.812763690948486,22
0.5224749944444598,40.6566595878724,23.84314643559062,2.881901271885535,2.800407598756833,0.794029951095581,2.282801628112793,3.333710193634033,3.8407931327819824,4.078733444213867,4.218818187713623,4.31838846206665,4.405916213989258,23
0.5786705,39.12811038,179.38867241,2.35534335,2.82288041,0.56631517,1.50688291,2.12060118,2.34657049,2.42453194,2.47238445,2.51280212,2.5472455,0
0.980119058202324,2.3759480466235874,0.0455060252911476,2.150686999747008,2.3555270899689043,1.0088725090026855,2.8488881587982178,4.103908538818359,4.738471984863281,5.122712135314941,5.392829895019531,5.594861030578613,5.744052886962891,5
0.71843219,294.67919922,371.05194092,2.09992003,2.0205698,0.05601668,0.08144021,0.10050368,0.10191917,0.11273289,0.11981344,0.12543559,0.13414955,11
0.3024775,93.0648942,211.70175225,2.11997756,2.46404899,0.45305252,1.08333373,1.42736387,1.48837519,1.50781417,1.52601528,1.54246449,1.55777407,1
0.64278588,130.87485765,233.21669543,2.8,2.3,0.2446754,0.41950512,0.56378436,0.68612933,0.79155946,0.8842933,0.9658797,1.0377843,17
0.31281578,177.83779467,33.93967718,2.1,2.1,0.37693882,0.79163,1.0250194,1.1514752,1.2422893,1.317105,1.3787682,1.4312198,9
0.4642865097062055,1.835985421854725,43.75181658192503,2.1680995612097944,2.5068318842976014,1.0831751823425293,3.5053842067718506,6.032087326049805,7.88739013671875,8.680272102355957,8.71468448638916,8.715046882629395,8.715312004089355,14
0.3705655423041631,3.6140334524750144,0.6841115259500249,2.07590547061751,2.471253506738112,1.190657615661621,3.9422643184661865,6.999778747558594,9.432734489440918,10.79770851135254,10.890727996826172,10.895846366882324,10.90029525756836,13
0.7010462980095892,217.49526539401745,0.0702212804881809,2.7406299289386564,2.3530256046413136,0.2036454677581787,0.3507239818572998,0.4935598373413086,0.6241214275360107,0.7445805072784424,0.8557705879211426,0.95935320854187,1.054764747619629,15
0.87557024,178.55012512,266.94467163,2.01419711,2.25658989,0.10200047,0.15681672,0.20753288,0.25213194,0.29797888,0.34124851,0.38170218,0.4200387,4
0.34280489,166.57278974,91.28571085,2.5,2.4,0.41082215,0.9105129,1.2095778,1.3575561,1.458638,1.5386136,1.6053455,1.6616642,20
0.59941304,167.57440964,13.85865199,2.9,2.6,0.34112167,0.6771054,0.9453168,1.1674237,1.3523686,1.5103595,1.645973,1.7644823,9
0.34678003,43.86513094,90.63430669,2.9,2.5,0.8225329,2.426764,3.6941032,4.2747946,4.396172,4.414308,4.423879,4.433263,23
0.6963034789056174,5.231285784422983,0.9066314717692344,2.5857455470020145,2.056814894726085,1.0289227962493896,2.946952104568481,4.307094573974609,4.992304801940918,5.37489128112793,5.660409927368164,5.874179840087891,6.029962539672852,5
0.6640964902405607,1.942290726320592,1.0905569024912265,2.965074961122632,2.2723493041850187,1.1890010833740234,3.705051898956299,6.048572540283203,7.507594108581543,8.118851661682129,8.378643035888672,8.591949462890625,8.774045944213867,13
0.72074433,50.26269948,77.94269424,2.5,2.5,0.49147296,1.1639445,1.6107235,1.879076,2.0580182,2.199307,2.313663,2.412251,20
0.6377772095335656,1.6705602021829895,125.856364233281,2.3692880658328304,2.92792233270969,0.9257910251617432,2.912484169006348,4.768009185791016,5.890325546264648,6.130836486816406,6.137879371643066,6.138301849365234,6.138423919677734,7
0.5243803,139.4444293,347.53628484,2.9,2.6,0.2543652,0.39806724,0.49509048,0.5777538,0.64850163,0.71050096,0.7658806,0.8137543,17
0.51013225,187.70025635,245.38476562,2.00104642,2.09060502,0.13891602,0.19000363,0.23848176,0.28280091,0.32277846,0.35980821,0.3934381,0.42430258,3
0.36380413,7.86285132,97.6213962,2.2,2.5,0.91261077,2.6581068,4.0400405,4.6429176,4.7372994,4.748182,4.7482247,4.748301,23
1.0,96.97084584,88.5867881,2.0,2.0,0.16677451,0.30141926,0.42845249,0.5450635,0.65280581,0.75109482,0.84231329,0.92557001,16
0.90925568,218.18803861,241.32950424,2.6,2.3,0.11442328,0.1794393,0.23762012,0.29388142,0.34990215,0.40297508,0.45354366,0.5012727,3
0.78954324,228.0866313,182.29520497,2.4,2.5,0.13368201,0.205755,0.27560544,0.34182596,0.4045565,0.4648075,0.52083373,0.57474947,3
0.7485498335594698,72.32065167518445,0.0791332893113558,2.8264662316722253,2.4572012556663405,0.4438133239746094,1.0003547668457031,1.411648511886597,1.705233812332153,1.928063154220581,2.108278512954712,2.260385751724243,2.3917644023895264,18
0.40860948,286.08919809,120.35264664,2.1,2.3,0.15298343,0.21488643,0.2760918,0.33009553,0.38036108,0.42596745,0.46860504,0.50847816,2
0.41511726,164.47733633,322.74041861,2.3,2.4,0.19225669,0.2456634,0.29156566,0.3282473,0.3608036,0.38986993,0.4160223,0.4408393,4
0.3813323135062634,180.76739730488887,381.24265974393904,2.4,2.2,0.1556751728057861,0.1734569072723388,0.1950664520263672,0.2099595069885254,0.2241187095642089,0.2371699810028076,0.2498352527618408,0.2614235877990722,11
0.6295024701146286,60.66497586379616,0.14901244626629,2.330364193322162,2.248833848584435,0.5267210006713867,1.2886512279510498,1.7671432495117188,2.0423812866210938,2.234309673309326,2.382920742034912,2.509225368499756,2.617635726928711,18
0.55561145,299.16764274,98.36458477,2.1,2.6,0.13166618,0.19482708,0.2552638,0.31132364,0.36571383,0.41661882,0.46504927,0.5104728,2
0.33723361,76.53661082,281.79932472,2.5,2.9,0.44758344,1.0286684,1.3525987,1.4109473,1.4251184,1.4388657,1.4510641,1.4621019,1
0.84833739,162.28016608,375.71079939,2.5,2.9,0.14784288,0.18460321,0.23094177,0.2785821,0.32169604,0.35915828,0.3952222,0.42882323,4
0.93189497,249.02387049,336.73278619,2.1,2.5,0.07698536,0.11288166,0.13709712,0.14818335,0.16943097,0.19110632,0.21143293,0.22965956,11
0.3,159.52586309622797,400.0,2.68037652,2.00352491,0.1597182750701904,0.1682052612304687,0.1786208152770996,0.1829893589019775,0.1878435611724853,0.1917386054992675,0.1962089538574218,0.199552297592163,11
0.7074451394548658,5.325266381925483,21.193939170125915,2.9808734,2.41049929,1.0361676216125488,3.045869827270508,4.574378490447998,5.338984489440918,5.724725723266602,5.997945785522461,6.201841354370117,6.343044281005859,7
0.8244039591257225,7.176451440068064,0.8082121445118704,2.666758878394712,2.591793133598146,0.972593069076538,2.7701807022094727,4.022739410400391,4.665130138397217,5.0360493659973145,5.2949538230896,5.489936351776123,5.635134220123291,5
0.58849125,231.13129486,371.45964657,2.0,2.4,0.08478475,0.1082952,0.12445283,0.12514663,0.13730645,0.1478622,0.15704632,0.16482925,11
0.76096398,62.41949997,328.25820924,2.09494995,2.61409428,0.25139761,0.43298793,0.5648706,0.6700027,0.75622678,0.82654595,0.88486862,0.9334929,17
0.58657651,181.20634298,276.50937327,2.2,2.7,0.15862799,0.21525955,0.27248764,0.32082582,0.36534262,0.40704346,0.44521475,0.48033714,4
0.92779614,145.03573327,326.16418476,2.6,2.8,0.15075159,0.21950364,0.28830624,0.35555935,0.41686964,0.47312236,0.52538395,0.5744376,4
0.97681409,260.98201449,309.66371657,2.5,2.1,0.07859349,0.12423778,0.16214728,0.1898725,0.22123313,0.25229454,0.28362083,0.31372,11
0.42138887,72.39377492,329.91453541,2.7,2.8,0.4055183,0.8711698,1.1244099,1.2006145,1.2337532,1.2605848,1.2831674,1.3036532,21
0.40709869,246.13397044,170.03051908,2.99856983,2.68713469,0.26508665,0.42514253,0.54340339,0.64553833,0.7342236,0.81287909,0.88308787,0.94591141,17
0.85642982,286.28086841,60.52566068,2.8,2.5,0.14398527,0.23468685,0.31564307,0.40526295,0.49020863,0.56942296,0.6451788,0.71862125,16
0.9381187829723788,0.9908977087042302,0.0565315752608043,2.5866177538557213,2.8400195762105387,1.2133677005767822,3.754890203475952,5.997099876403809,7.294215202331543,7.950443267822266,8.351052284240723,8.674179077148438,8.950190544128418,12
0.8115210456830553,10.677081384827812,0.0243747369256225,2.3052348520104697,2.600769124476718,0.8744635581970215,2.4562418460845947,3.5009891986846924,4.017045021057129,4.306448936462402,4.498093605041504,4.65496826171875,4.772428512573242,22
0.8674773728744382,3.677769553686968,0.0326608704870106,2.5138629111110946,2.990124431679672,1.0933887958526611,3.2843775749206543,5.012779235839844,5.919659614562988,6.374592781066895,6.6735944747924805,6.907092094421387,7.085953712463379,5
0.78520405,86.1039888,388.7382112,2.6,2.6,0.20510054,0.30048394,0.38025665,0.447392,0.5064137,0.5576508,0.60302305,0.6442673,4
0.6482736242547288,108.78627687688136,0.0079597300370432,2.241245476028664,2.1762021464024204,0.3312177658081054,0.675206184387207,0.9416239261627196,1.1511070728302002,1.3214468955993652,1.463467359542847,1.58603835105896,1.692275047302246,8
0.74168063,269.05666638,59.05316849,2.5,2.6,0.15624237,0.25333714,0.34688425,0.43835235,0.52488446,0.60606146,0.6827555,0.75618696,16
0.6736076152329568,23.71356708412333,0.0370397698786014,2.078157136580778,2.478514840802008,0.7604889869689941,2.092647790908813,2.9178054332733154,3.3057873249053955,3.5155932903289795,3.6654980182647705,3.780045747756958,3.880184412002564,22
0.30309743,51.20513916,130.63389587,2.207829,2.02412939,0.59519672,1.55190635,2.07932854,2.17458391,2.18326664,2.19250536,2.20133877,2.20986795,0
0.55801725,3.06321073,6.66669607,2.01681066,2.1213634,1.14720273,3.46231985,5.5392375,6.72102118,7.11824656,7.28999281,7.38335848,7.41420317,6
0.45613954,39.91188971,225.5956496,2.7,2.3,0.55973744,1.488848,2.08868,2.2371175,2.2436855,2.250223,2.25658,2.2626731,1
0.9036067935170308,1.9881591267807488,0.9681813858072272,2.7488616960373387,2.2673435215810795,1.0940563678741455,3.1552867889404297,4.653419494628906,5.447391510009766,5.939113616943359,6.333895683288574,6.655732154846191,6.886928558349609,5
0.89914585,109.15806488,253.72203248,2.7,2.3,0.19101667,0.31599593,0.43584824,0.5429046,0.64002204,0.7281413,0.8085673,0.8823073,17
0.51501367,33.06618112,106.40242547,2.1,2.2,0.6059959,1.5662224,2.1086316,2.2865963,2.34939,2.3921738,2.4281878,2.4590707,0
0.809609,218.75973511,154.06390381,2.0441978,2.88135028,0.13808751,0.228374,0.31516433,0.39863753,0.47873187,0.55415988,0.6259203,0.69424915,17
0.77927866,151.33810709,65.98579206,2.9,2.7,0.270149,0.49150681,0.6929157,0.8729572,1.0340629,1.177969,1.307801,1.4246428,10
0.6998424,141.75544223,331.54987329,2.5,2.3,0.16180587,0.228225,0.2962749,0.35481334,0.40761042,0.45589757,0.50007033,0.5405531,4
0.93955794,18.02216062,264.48285434,2.0893555,2.10594883,0.34021926,0.68957996,0.9014895,1.01196837,1.07529211,1.11694741,1.1467557,1.16806388,21
0.3773563,257.44617295,121.43581741,2.5,2.9,0.26519203,0.4360993,0.5594759,0.66414213,0.7540376,0.83369184,0.90375614,0.96697116,16
0.3062042385614107,1.269156846355812,135.5747707233677,2.8477982276096747,2.5283624284483865,0.9056284427642822,2.777895212173462,4.496853828430176,5.487936973571777,5.655495643615723,5.674087524414063,5.6754961013793945,5.675803184509277,7
0.95976403,175.53314498,192.15769099,2.3,2.4,0.12532067,0.20094919,0.27272367,0.34074163,0.40600562,0.4688642,0.52745867,0.58382726,3
0.43126464,177.24162956,139.95478839,2.42014617,2.41963811,0.2861588,0.50982523,0.66551375,0.7875526,0.88860059,0.97395372,1.04526687,1.1089673,10
0.33377623,151.17332343,242.00941499,2.2,2.4,0.27701735,0.45081997,0.5385208,0.60109305,0.65067554,0.6938038,0.72976613,0.76050997,21
0.84656847,180.13070403,288.95815164,2.3,2.4,0.1159153,0.16825509,0.218534,0.2634096,0.30710053,0.34883404,0.3882892,0.42531633,4
0.7665515068422633,0.9938058360111997,0.120526538517834,2.3204523897470595,2.328244607323246,1.190272569656372,3.7704014778137207,6.21002197265625,7.74392032623291,8.415363311767578,8.647242546081543,8.818591117858887,8.96933650970459,12
0.35274774,283.22149658,22.62430954,2.45266604,2.38127661,0.27135134,0.47044158,0.61786699,0.74005866,0.84350181,0.9331255,1.01069856,1.07978034,15
0.89201474,28.71196938,0.50487709,2.112185,2.07175899,0.49663091,1.13229847,1.55846739,1.84094858,2.04629254,2.21179795,2.34920001,2.46708322,18
0.458928353256642,6.512471091649664,0.8208941903383322,2.3088934051347563,2.5690125435681592,1.1635699272155762,3.7205452919006334,6.249149322509766,7.902704238891602,8.560081481933594,8.667693138122559,8.705506324768066,8.750391006469727,13
0.31461164,138.83734618,252.93264203,2.76288842,2.63812156,0.38289404,0.78681779,1.00352478,1.08733106,1.14062095,1.18444204,1.22201872,1.25383663,21
0.80709144,68.70268471,34.29038684,2.95772686,2.17292812,0.35866857,0.75413704,1.06446791,1.30460548,1.49555922,1.65242767,1.78415966,1.89957857,9
0.7387329221989024,2.434196371791583,0.1502027220148984,2.393124380535901,2.0532360131304723,1.084927320480347,3.2072412967681885,4.852282524108887,5.720279693603516,6.152118682861328,6.458926200866699,6.696699142456055,6.871591567993164,5
0.59972886,102.88904552,198.84441892,2.5,2.5,0.3145864,0.59980154,0.800683,0.95328856,1.0736799,1.170084,1.2516034,1.3219709,10
0.7775811,138.16409302,227.96313477,2.6310854,2.12296677,0.16212726,0.24707341,0.33208752,0.4067831,0.4750092,0.53752828,0.59491658,0.64763379,3
0.34218121,194.17541504,23.93549919,2.08545494,2.40683889,0.3792007,0.80929351,1.07181358,1.22565317,1.33886075,1.43186784,1.50669861,1.57005835,9
0.7155232235020436,231.92150664716988,374.9235437079773,2.1,2.7,0.1024675369262695,0.1403872966766357,0.1737840175628662,0.2040126323699951,0.2337074279785156,0.2626984119415283,0.2902805805206299,0.316617488861084,11
0.43580806,137.29547633,25.31341699,2.7,2.9,0.50066257,1.2052135,1.675497,1.9265776,2.087325,2.213522,2.3191152,2.4083123,19
1.0,300.0,273.84719224,2.0,2.0,0.05658674,0.09102678,0.11881614,0.13606548,0.15854907,0.17879725,0.19876337,0.21992612,11
0.37324122,102.58384705,323.83755493,2.22801137,2.17393303,0.25409532,0.3778429,0.42828965,0.46605802,0.4973774,0.52271175,0.54498959,0.56403494,21
0.98853506,176.22641835,143.28980641,2.2,2.8,0.13705611,0.22501779,0.30951357,0.38957334,0.46662784,0.5399301,0.61002135,0.67609215,2
0.9877116349702396,5.5642579619682,0.0231165857705176,2.5946083771658244,2.490047054889577,0.8895852565765381,2.413109064102173,3.405781984329224,3.959181547164917,4.307433128356934,4.563684463500977,4.764939308166504,4.92230224609375,22
0.3563008770984568,0.9473612756303594,0.082412285836665,2.563064277885097,2.5433427299825064,1.2698822021484375,4.255194664001465,7.761674880981445,10.951026916503906,12.868277549743652,12.901673316955566,12.90741729736328,12.912261009216309,12
0.72746902,266.42653762,26.55050551,2.9,2.6,0.19044518,0.31474304,0.4372337,0.5567591,0.66690016,0.77081084,0.8684449,0.96066356,15
0.86870958,159.09993367,10.71435852,2.28982704,2.92231904,0.22193933,0.40227604,0.57517481,0.73659372,0.88500595,1.02205968,1.14873791,1.26564765,15
0.98077433,266.29410415,191.76223703,2.7,2.1,0.09550571,0.16087604,0.21511912,0.26605582,0.31875587,0.37076974,0.4209764,0.46954298,3
0.59076922,189.74160929,237.36999772,2.4,2.5,0.17684245,0.25758028,0.3377924,0.4065528,0.46920753,0.52698255,0.5798497,0.62858796,3
0.78086572,137.97943568,292.89887225,2.22798762,2.99256909,0.18553615,0.29273868,0.39624262,0.48953509,0.57377434,0.65138388,0.72257686,0.78858018,17
0.74484939,111.15150618,173.77939149,2.5,2.9,0.2690959,0.4865067,0.6660707,0.81972384,0.95223236,1.0672779,1.1671786,1.2555823,10
0.6912876446360007,2.128176823012651,0.0942362925022612,2.333573149895285,2.6150825426754114,1.1877989768981934,3.7616429328918457,6.185572624206543,7.658163070678711,8.287400245666504,8.527499198913574,8.671740531921387,8.795186042785645,12
0.80094719,129.36875916,207.37078857,2.1373291,2.04011488,0.14216542,0.22376323,0.30217671,0.37344885,0.43852782,0.49762011,0.55249977,0.60318112,3
0.47070657,201.6494608,46.16454547,2.1,2.2,0.23523426,0.40604734,0.5451431,0.663764,0.7663858,0.854666,0.9332118,1.0017095,16
0.8068012,141.06636047,16.91384506,2.01370096,2.71952605,0.2303443,0.42728257,0.61104703,0.77701759,0.92671061,1.06296635,1.18616199,1.2978456,9
0.8326237858281453,10.118232844951432,0.7045288254240346,2.7887255262664112,2.3086471607625425,0.8615622520446777,2.333065986633301,3.2935609817504883,3.8130130767822266,4.140200138092041,4.372923851013184,4.550710678100586,4.69501256942749,22
0.8803646073901359,39.70998619068533,82.36733466370865,2.70784664,2.03074765,0.3794212341308594,0.8261783123016357,1.1566081047058103,1.3933932781219482,1.5740458965301514,1.719717264175415,1.8403241634368896,1.9425461292266848,10
0.9828703341499666,48.40130755057942,0.0278442069175031,2.8139408964476056,2.9889158325598943,0.4621150493621826,1.028731346130371,1.4745328426361084,1.8170959949493408,2.0872690677642822,2.3083655834198,2.49517035484314,2.6569182872772217,18
0.4193529,220.19605447,127.83384501,2.8,2.0,0.25675845,0.4506731,0.59793115,0.71991134,0.82335234,0.9125438,0.99122953,1.060436,17
0.402033302698991,21.72837857706904,0.0155618766689534,2.7250539347569305,2.959922182793593,1.0883159637451172,3.395480394363404,5.478910446166992,6.676939010620117,7.081884384155273,7.226773262023926,7.319018363952637,7.383734703063965,5
0.4075857571796379,54.71529898742918,0.0622056924367207,2.6551321862954627,2.201040524165661,0.7507236003875732,2.0786051750183105,2.9406747817993164,3.3317980766296387,3.5131258964538574,3.631645202636719,3.718259811401367,3.789053916931152,22
0.85468838,47.88872177,382.6619633,2.9,2.4,0.28297234,0.5101032,0.66671205,0.78616786,0.8802161,0.9552891,1.0158696,1.0662806,10
0.5251993870895951,2.9160101344852287,3.381765811940317,2.96082926,2.93950105,1.2714390754699707,4.1541361808776855,7.256876945495605,9.5643310546875,10.688251495361328,10.89566135406494,10.904770851135254,10.916796684265137,14
0.33907489,58.47912598,33.52708113,2.9,2.4,0.84299684,2.4939482,3.7712047,4.3485756,4.4931755,4.5345316,4.560748,4.586171,23
0.99403645,95.39499152,389.88610512,2.2,2.6,0.12915993,0.17356753,0.21889281,0.25556087,0.28929138,0.32140565,0.35118032,0.37810135,4
0.31296495,221.89220624,197.51408547,2.37886856,2.30443501,0.23848224,0.35426354,0.42927408,0.4914577,0.54460669,0.59111977,0.63185549,0.66748476,17
0.32623997,241.20274706,131.37934611,2.0,2.1,0.19646001,0.2829287,0.35324883,0.4131546,0.46568108,0.5129459,0.55447316,0.59190035,2
0.3933350098895471,1.729564213376882,0.0191245294752996,2.3881034352203336,2.317640440523305,1.2254297733306885,4.05255126953125,7.242258071899414,9.962331771850586,11.56282901763916,11.614787101745604,11.62112808227539,11.626513481140137,12
0.7927070811773409,51.182036211387405,375.0953548761179,2.87159133,2.15828872,0.221651554107666,0.3321187496185303,0.4056596755981445,0.4629342555999756,0.5103864669799805,0.5495133399963379,0.5827960968017578,0.6112267971038818,4
1.0,250.06108643,400.0,2.0,2.0,0.05139399,0.07748771,0.09782362,0.10184169,0.11331344,0.1216712,0.12863302,0.13859439,11
0.64916587,7.87740612,29.91357613,2.66880655,2.48979902,1.02363706,2.94457102,4.36761761,5.07601738,5.36698008,5.53613997,5.62701273,5.68172121,7
0.43341904,55.74109108,344.03034845,2.8,2.4,0.41617608,0.94538,1.2388365,1.3036518,1.3172419,1.3300717,1.3413277,1.3512104,21
0.9067294,283.59762457,263.68105695,2.9,2.5,0.1383748,0.1737051,0.21352243,0.2735064,0.3270905,0.37516308,0.42256832,0.4680624,4
0.458153475900073,219.3098132102315,386.33402038535615,2.69053584,2.12741816,0.1214809417724609,0.1404662132263183,0.1590945720672607,0.1672160625457763,0.1765997409820556,0.187915563583374,0.1977424621582031,0.2062079906463623,11
0.5806996791096624,208.92311707084767,0.0110056549944175,2.691621271553125,2.617629134589184,0.278780460357666,0.5136361122131348,0.7144396305084229,0.8893101215362549,1.0413572788238523,1.1762487888336182,1.2951462268829346,1.4022715091705322,8
0.72536979,78.94773617,376.90755266,2.2,2.3,0.17712712,0.2380867,0.29303622,0.33762002,0.37615466,0.4091587,0.43830848,0.46409178,4
0.57251536,86.12024563,96.62247732,2.9,2.8,0.4960544,1.190212,1.666791,1.9352202,2.1129322,2.244917,2.353683,2.4467092,20
0.44841175,221.53456064,52.48392754,2.4,2.9,0.2861929,0.51598835,0.69081235,0.83629847,0.95967484,1.0656488,1.1577549,1.2399278,9
0.932827365653448,169.49817735486042,0.0913661458518698,2.214826647180552,2.2605314943191965,0.1640112400054931,0.2918431758880615,0.4147231578826904,0.5318691730499268,0.6429080963134766,0.7476599216461182,0.8460769653320312,0.9385087490081788,15
0.8949975976720179,23.73634618390843,5.999646224370383,2.9497239233252084,2.44566275268614,0.6245100498199463,1.5697875022888184,2.2056150436401367,2.593111991882324,2.862828731536865,3.070845603942871,3.2424025535583496,3.3902029991149902,18
0.4243939849140827,280.6336421614605,317.5054935456103,2.3,2.8,0.152442455291748,0.1894326210021972,0.2299089431762695,0.2668840885162353,0.3010652065277099,0.3326714038848877,0.3621907234191894,0.3900477886199951,4
0.605296995871446,265.53502857475394,0.0930730321069903,2.371948905268829,2.322778046111574,0.1830949783325195,0.3043074607849121,0.4226040840148926,0.5312738418579102,0.6312119960784912,0.7247171401977539,0.811384916305542,0.8920667171478271,15
0.35807173,97.97182226,137.70319962,2.8,2.2,0.52550673,1.3737938,1.9054594,2.0710425,2.125619,2.1695418,2.2078714,2.2428613,0
0.5214956,135.26321134,153.94681879,2.4,2.2,0.28638005,0.525682,0.69876146,0.8344619,0.9439604,1.0344741,1.1110029,1.1786909,10
0.33514416,20.74615097,4.44634819,2.06540132,2.57131195,1.07494211,3.28026986,5.22677994,6.31974411,6.56813526,6.60142708,6.62120152,6.63718987,6
0.37743837,51.9949267,32.31698872,2.1,2.2,0.71382,1.9154382,2.6434565,2.904725,2.9977427,3.0487027,3.0919876,3.1293912,23
0.93080347,6.31649542,3.4555284,2.5,2.0,0.8393383,2.13612461,2.93389702,3.38075399,3.67136335,3.87829781,4.02611256,4.14989853,22
0.30106589,192.78082275,132.543396,2.63427424,2.92287493,0.42611289,0.96076918,1.29330826,1.44601583,1.53664017,1.60949087,1.67003155,1.72407818,20
0.37582689,235.21268695,307.49032348,2.70032049,2.53165787,0.19494557,0.2457819,0.29064703,0.32892036,0.36432958,0.39611793,0.42516661,0.45213604,4
0.6267775852699647,84.42233842199397,0.0065816208527211,2.392890519726094,2.3545311677256944,0.4479525089263916,1.026531219482422,1.4219543933868408,1.6813676357269287,1.8754003047943115,2.0288355350494385,2.156712293624878,2.270256280899048,18
0.71215512,239.27387294,327.16725499,2.6,2.2,0.10898352,0.15153313,0.19143724,0.22651124,0.26129603,0.29451847,0.32621622,0.3562348,4
0.76490927,293.56605219,29.5904283,2.28591944,2.97886409,0.1523509,0.25421834,0.34919572,0.44663548,0.53866029,0.62647772,0.70938468,0.78903985,15
0.5945377,58.77138376,299.05439439,2.0414333,2.0,0.25000072,0.40759206,0.49737716,0.56088114,0.60821104,0.64504051,0.67385387,0.70041966,21
0.78615306,216.25462321,331.73088246,2.9,2.1,0.11450696,0.1669817,0.21549582,0.2624271,0.307868,0.351712,0.39234042,0.43110108,4
0.7998324515343547,7.928918641143591,0.4444449832447278,2.7410625079299065,2.472941989174434,0.9576573371887208,2.694983720779419,3.890561819076538,4.502841949462891,4.867910385131836,5.124729156494141,5.318546295166016,5.463770866394043,5
0.3900439668346929,7.151630741288799,0.0078337485850317,2.6838278035674743,2.4251640163463333,1.1785645484924316,3.7601914405822754,6.378512859344482,8.191015243530273,8.961557388305664,9.063119888305664,9.084915161132812,9.119060516357422,12
0.32955779,292.24344356,118.44647106,2.3,2.4,0.206388,0.2980044,0.37634706,0.4425478,0.50181603,0.5553107,0.6034453,0.6471422,2
0.43931833,54.73223145,289.61255322,2.3,2.7,0.39982152,0.85627556,1.0838661,1.130858,1.1510773,1.1684456,1.1831117,1.195672,21
0.34522346,122.35761048,328.3189132,2.8,2.7,0.35256743,0.67611456,0.8324585,0.9010041,0.9484198,0.9877689,1.022372,1.051727,21
0.40491407,37.17898347,170.18314532,2.41449914,2.59451817,0.65517497,1.81640029,2.60344577,2.8418448,2.8563869,2.86135459,2.86667371,2.87197614,0
0.5400046442718696,9.887341521130532,0.9872279347983374,2.66443586,2.41581941,1.0717363357543943,3.2156286239624023,4.940164089202881,5.830018520355225,6.194833278656006,6.416444301605225,6.578609943389893,6.70435094833374,5
0.3111451,167.31086731,71.14723206,2.91172647,2.93966842,0.53566885,1.35973167,1.91951132,2.15005255,2.25447655,2.33459997,2.4033699,2.46302605,20
0.96590495,52.76712499,123.87659182,2.9,2.8,0.37867618,0.791693,1.1235652,1.3893409,1.6044216,1.781982,1.9305925,2.0571694,10
0.46489769,245.98197073,229.68053099,2.1,2.6,0.13831878,0.17896175,0.22054887,0.25511122,0.28860068,0.32013726,0.34994936,0.37751818,3
0.83807987,113.80771591,159.8713407,2.8,2.2,0.22947645,0.40930223,0.5738175,0.7203417,0.8507416,0.96853447,1.0735638,1.1682589,17
0.7622956058692243,84.78747872709314,0.3345360182127455,2.52550449990811,2.2432665486142143,0.352092981338501,0.7343299388885498,1.0356793403625488,1.2743089199066162,1.4675605297088623,1.6292600631713867,1.7663459777832031,1.8868756294250488,8
0.91670233,134.91400798,48.27700326,2.2,2.3,0.18200374,0.32472897,0.460593,0.58720756,0.70421934,0.8124409,0.9125991,1.0052602,16
0.74183631,192.63555908,129.74597168,2.91913247,2.04309773,0.14872885,0.23285031,0.31690693,0.39451504,0.46681333,0.53463435,0.5978086,0.65705371,2
0.8134950632564182,46.67773661586937,16.527802519148402,2.0,2.8,0.4808359146118164,1.1437442302703855,1.59924054145813,1.904181241989136,2.1306076049804688,2.311409473419189,2.461686611175537,2.5892248153686523,19
0.7229942765572803,0.9343729141616728,0.2243993605865282,2.3113103994947783,2.544686141491678,1.2209420204162598,3.959884643554688,6.758516311645508,8.675846099853516,9.582269668579102,9.809734344482422,9.860509872436523,9.92982006072998,13
0.8155329531001249,56.273421652541366,0.02479265333292,2.3058700323110566,2.2729729723696046,0.4175703525543213,0.9188179969787598,1.2893345355987549,1.560211181640625,1.770141839981079,1.9419620037078853,2.087176561355591,2.2115886211395264,18
0.60481974,2.25654238,64.83178108,2.73898958,2.98724393,1.13529801,3.49736524,5.79936886,7.36124706,7.89615154,7.9326992,7.9440279,7.94505978,7
0.89101219,3.40714455,46.74930954,2.689888,2.46183014,0.97769642,2.75774646,4.01306629,4.6348238,4.95363045,5.13523769,5.25220013,5.31371212,7
0.31748486,285.93927002,4.14539766,2.93066263,2.67642212,0.35442328,0.6934526,0.91797233,1.0798955,1.20708227,1.31158543,1.39941692,1.47786617,8
0.96466819,281.35346241,116.79679398,2.43600977,2.06550402,0.09424853,0.15586638,0.20594907,0.25107503,0.30182624,0.35185862,0.3990438,0.44438434,2
0.97019028,85.4311877,93.6817314,2.9,2.0,0.24728417,0.47016883,0.6760473,0.86098695,1.0255127,1.1736512,1.3054986,1.4234097,10
0.57561171,13.61319923,15.56511688,2.01001954,2.33826876,0.93973303,2.67515516,3.86765099,4.3748951,4.55103731,4.64023304,4.69625282,4.72852993,22
0.4952310892647545,14.924377071938189,0.0060719132005245,2.761498159054838,2.318047518897863,1.0247337818145752,3.025459289550781,4.562590599060059,5.315604209899902,5.6451568603515625,5.860319137573242,6.01577091217041,6.130924224853516,5
0.338029596460157,45.60602878584514,0.0417557974439692,2.395517604213966,2.5080854864742705,0.8990364074707031,2.683736562728882,4.04444694519043,4.655695915222168,4.845861434936523,4.94318962097168,5.001266479492188,5.045942306518555,22
0.6467631481105359,2.418752222021987,0.4546835333080547,2.1046244393946947,2.4288841371439283,1.1498844623565674,3.648249864578247,5.97209358215332,7.404374122619629,7.975489616394043,8.16566276550293,8.272804260253906,8.35748291015625,13
0.3485744,2.68711397,6.83366085,2.90886497,2.64047902,1.32305193,4.17570972,7.38863993,9.96784019,11.62970352,12.60782433,13.09958649,13.29027557,14
0.7489244584174104,1.2092713490645446,74.7669946591987,2.681249970503577,2.3241459221817387,0.9827072620391846,3.0106635093688965,4.761507034301758,5.7331624031066895,5.985433101654053,6.040221691131592,6.062327861785889,6.065039157867432,7
0.8940599151470717,3.512994895400212,0.0327809201244372,2.4451444374837106,2.8215780235979007,1.070528268814087,3.172784805297852,4.77338171005249,5.596255779266357,6.022354602813721,6.316221714019775,6.542769908905029,6.71465539932251,5
0.91016699,110.15817335,226.47451588,2.2,2.6,0.17034912,0.2725351,0.3722155,0.4617505,0.54281664,0.61684084,0.684829,0.747355,17
0.89601653,284.37009593,22.88508168,2.9,2.4,0.14345717,0.24214745,0.32821178,0.422822,0.51432705,0.5999353,0.6819811,0.76113176,15
0.81947332,249.12004061,282.35440472,2.6,2.1,0.0962801,0.14627934,0.19066596,0.22901869,0.26825428,0.30597305,0.34342313,0.37906384,4
0.81206959,8.22297096,0.47009569,2.92794943,2.42420435,0.96356559,2.62092352,3.72504425,4.31211996,4.67083025,4.92026377,5.1044507,5.24290609,5
0.90328667,267.15860964,188.93824219,2.1,2.0,0.07593322,0.12398386,0.16569471,0.19961381,0.23730779,0.27371645,0.30844283,0.34271383,11
0.3132744,233.54407993,244.12049629,2.6,2.3,0.23467135,0.3422401,0.41158652,0.4699962,0.5209038,0.566612,0.60638666,0.6422415,17
0.98903428,220.53777132,146.11126631,2.7,2.2,0.12252164,0.20603633,0.2803886,0.35485744,0.42876577,0.49949217,0.566262,0.63058996,2
0.72065253,163.15415098,245.66385809,2.5,2.6,0.18040538,0.27444673,0.36663795,0.44908404,0.5244541,0.5932324,0.65630865,0.71505237,17
0.4792053371879097,1.0475639073495453,1.409562515523214,2.560781,2.24488544,1.2261145114898682,4.027401924133301,7.150572776794434,9.7623929977417,11.345126152038574,11.414045333862305,11.420591354370115,11.42601203918457,13
0.56372845,258.00905775,108.92735149,2.84047071,2.07697614,0.15409255,0.23016286,0.30600166,0.37470984,0.43855429,0.4983995,0.55382109,0.6059134,2
0.49015176,83.13202986,298.89645681,2.1,2.9,0.27470684,0.44924736,0.5354099,0.5944638,0.64027095,0.6774199,0.7099209,0.73647046,21
0.76018203,236.53543356,259.14135468,2.8,2.8,0.1548624,0.21567583,0.2816825,0.35176134,0.4126737,0.47041988,0.52513266,0.5770886,4
0.90517038,270.61831665,254.5035553,2.82193851,2.82843471,0.16334629,0.18994975,0.2408011,0.30775118,0.36417842,0.41780257,0.47000122,0.52049851,4
0.31982871,65.81505714,391.84366878,2.7,2.9,0.4083016,0.87264633,1.0894418,1.104547,1.107769,1.1109009,1.1135325,1.1161199,21
0.83811839,60.23468914,212.58847635,2.13046566,2.81095312,0.30938458,0.61359835,0.84811568,1.03412819,1.18292141,1.30417323,1.40513897,1.49097109,10
0.7911969528595089,4.485532555035593,0.0176491434399025,2.121112392004856,2.428218066033626,1.024482488632202,2.983988046646118,4.391994476318359,5.081517219543457,5.428359031677246,5.658023834228516,5.8202409744262695,5.951946258544922,5
0.97502631,44.8060939,69.52279695,2.7,2.4,0.39537954,0.85017633,1.2068522,1.4838293,1.7041938,1.8841827,2.0335157,2.1624682,10
0.6325451,34.19564113,212.04132085,2.9,2.6,0.55429435,1.4469016,2.046151,2.2827346,2.3676465,2.4163759,2.4537494,2.486153,1
0.6926992,157.35467719,347.92537048,2.1,2.7,0.12417412,0.15817285,0.19171238,0.21923876,0.24386334,0.2678249,0.29096365,0.3123746,11
0.5209003193601689,1.71253107861198,0.7353808471114941,2.580987305648544,2.985526095593628,1.2801401615142822,4.263854026794434,7.667849540710449,10.437070846557615,12.085618019104004,12.235239028930664,12.244220733642578,12.251675605773926,13
0.35644783,89.76331551,316.88703573,2.1,2.2,0.27578115,0.4358418,0.49124646,0.5244391,0.55158496,0.57350826,0.5914581,0.60782814,21
0.68056971,269.16738892,173.30030823,2.18019366,2.08184171,0.09747791,0.14810181,0.19288754,0.23189449,0.27441335,0.31382799,0.35114717,0.3869431,3
0.7397380136609124,4.724437950784681,0.8580634974869201,2.0333744748373555,2.7156676575108527,1.057063102722168,3.2292122840881348,4.966913223266602,5.842388153076172,6.218227863311768,6.410709857940674,6.560878276824951,6.661509990692139,5
0.9951253580690346,0.8531909824210043,1.0047821727519133,2.670074988198148,2.643242374601636,1.192007541656494,3.6208724975585938,5.631563663482666,6.762157917022705,7.3723225593566895,7.804468631744385,8.1800537109375,8.47589111328125,5
0.8323683203190761,8.836833928347929,0.0400127355515042,2.0373112370949142,2.327081767592363,0.8533320426940918,2.3374223709106445,3.271587371826172,3.729236602783203,3.9890503883361816,4.165720462799072,4.30316162109375,4.412746906280518,22
0.5373418896843786,6.79574576130066,51.923715061854224,2.2,2.9,1.014551877975464,3.204794883728028,5.212301254272461,6.387901782989502,6.739416599273682,6.779690265655518,6.795165538787842,6.801820278167725,7
0.6688709765592917,21.453521583355418,349.6577088631092,2.2,2.4,0.3861045837402344,0.8578333854675293,1.1046266555786133,1.1548314094543457,1.1633679866790771,1.1715638637542725,1.1784582138061523,1.1842401027679443,21
0.43603109,252.22335879,306.71159801,2.7,2.7,0.18614316,0.2385099,0.29121304,0.33885074,0.38074493,0.418967,0.45448875,0.48761392,4
0.4368868721933626,1.4139455763688216,78.69902616736893,2.828630912115073,2.022658095736003,0.9373085498809814,2.864004373550415,4.591141700744629,5.576821327209473,5.778670310974121,5.784790992736816,5.789318084716797,5.790350914001465,7
0.42336412,113.11467501,191.46928595,2.7,2.9,0.43022013,0.9636438,1.2979059,1.4591637,1.5549793,1.6293902,1.6914597,1.7449245,20
0.6176907271525476,27.73217670207665,0.3101062137631593,2.354748711599129,2.7213272085861107,0.8129997253417969,2.322880268096924,3.336366653442383,3.8158693313598633,4.050514221191406,4.205661773681641,4.31853723526001,4.420996189117432,22
0.53997586,183.3240923,23.07425671,2.1,2.5,0.24937725,0.44795966,0.6135869,0.75509906,0.87686515,0.9836595,1.0780768,1.1609836,15
0.71302583,298.33459195,102.77219178,2.12544301,2.134913,0.1007967,0.16090894,0.21524978,0.26389432,0.31490135,0.36365175,0.40979433,0.4543519,2
0.9837595803211548,18.09974279836569,1.6943063713279694,2.835940415137175,2.9260565632475712,0.6816189289093018,1.7641656398773191,2.4974710941314697,2.943016290664673,3.24781346321106,3.4844329357147217,3.678324460983277,3.843917608261109,22
0.7172371690344581,24.7940078662034,0.2785768118846309,2.9848533289013885,2.5365173581834286,0.765850305557251,2.0792832374572754,2.9451723098754883,3.410614490509033,3.689035892486572,3.891091823577881,4.04921293258667,4.178720474243164,22
0.30174376,221.96240947,164.48452063,2.47266921,2.86650442,0.34353542,0.66736412,0.85729766,0.97426057,1.06342793,1.13732052,1.1990664,1.25271749,10
0.3206399050239045,4.151276395062033,52.40356536804952,2.8,2.6,1.0974972248077393,3.496603012084961,6.0048675537109375,7.852876663208008,8.665629386901855,8.702860832214355,8.702943801879883,8.70295238494873,14
0.4758920553178519,5.617403471185527,3.357972791697308,2.02296447,2.18420479,1.0939133167266846,3.4449377059936523,5.626867294311523,6.964954853057861,7.429965496063232,7.520839214324951,7.564575672149658,7.598300457000732,6
0.34851553,271.49956324,19.9339904,2.5,2.5,0.30769086,0.56860256,0.75000024,0.89290977,1.010329,1.1099114,1.1945744,1.2695565,9
0.62707078,19.30741692,9.12051201,2.30120111,2.35291195,0.85431814,2.3430531,3.30033994,3.72939229,3.94434953,4.06696796,4.16408539,4.22681808,22
0.3343600668608487,93.29646881822792,0.0085820133916036,2.666099821574589,2.90060480877185,0.7536897659301758,2.212062358856201,3.2739052772521973,3.746865749359131,3.923522472381592,4.011600017547607,4.076135158538818,4.130973815917969,22
0.3,142.83482634,226.88544778,2.0,2.0,0.26216459,0.41781926,0.49068975,0.54149652,0.58285952,0.61674523,0.64471674,0.6682241,21
0.30090913,241.32720558,255.15971445,2.66496824,2.41311578,0.22076583,0.29407644,0.34373164,0.38531303,0.4228456,0.45683479,0.48741007,0.5155232,4
0.8658839603774953,158.13893796475315,0.280406743111272,2.3915793445304607,2.41294491903483,0.2057993412017822,0.3694329261779785,0.526958703994751,0.6730399131774902,0.8078222274780273,0.9327738285064696,1.0475921630859375,1.1543633937835691,15
0.8317608042851871,3.419973972313946,0.0163638103642733,2.29947145611432,2.812349150854652,1.093318223953247,3.318835020065308,5.0934247970581055,6.020447731018066,6.449420928955078,6.719449996948242,6.928232192993164,7.086251258850098,5
0.76331339,245.72294087,218.11913272,2.9,2.6,0.15378976,0.23007035,0.30423856,0.38290477,0.4532144,0.51952267,0.5824113,0.6423693,3
0.50245577,129.4713329,110.62979696,2.31396192,2.6873944,0.37767792,0.80234504,1.09023976,1.2815814,1.42317677,1.53879809,1.63324118,1.71146917,10
0.5378880924092877,89.3693805116882,42.442509649518605,2.6624308597319386,2.351068934655032,0.4701440334320068,1.1179955005645752,1.5407333374023438,1.7839436531066897,1.951794147491455,2.0816903114318848,2.191006183624268,2.286548614501953,19
0.54501998,273.110042,114.89872395,2.5,2.8,0.18816066,0.2873094,0.38503075,0.47379184,0.55487084,0.62917614,0.69855475,0.7633655,16
0.53957758,219.71463322,340.03600925,2.7,2.8,0.1729784,0.22203851,0.2756858,0.3243904,0.3667531,0.4057057,0.4420135,0.47583914,4
0.6452854487908842,34.15486755508213,239.2810762291736,2.960949018023752,2.29853009841272,0.4362082481384277,1.0235679149627686,1.379957675933838,1.5230917930603027,1.5923418998718262,1.6415071487426758,1.6805601119995115,1.7127585411071775,1
0.9688634,146.56707021,257.47495175,2.9,2.3,0.15407205,0.24847627,0.34013224,0.4294467,0.5124185,0.5903857,0.6631131,0.73149824,17
0.98033924,42.05402543,238.34536457,2.8,2.6,0.33412433,0.6699686,0.92950034,1.1344209,1.2964995,1.4281623,1.5358818,1.6247137,10
0.47376058,102.9183043,58.29128816,2.0,2.97606681,0.49355102,1.25629139,1.74218893,1.97545123,2.11523676,2.22394943,2.31349277,2.39100075,19
0.6401203247402586,271.39112664973766,0.5167694028599371,2.7010063436387,2.011240817212815,0.1538813114166259,0.2494034767150879,0.3434128761291504,0.4322316646575928,0.5161275863647461,0.5947747230529785,0.6682775020599365,0.7382121086120605,15
0.50067245,90.8008572,149.59226188,2.0,2.5,0.34398746,0.6882565,0.90224695,1.0318301,1.1241114,1.1973464,1.2573726,1.306961,10
0.35975891,290.64238853,70.6231218,2.18654506,2.15931043,0.19287395,0.28813314,0.37317276,0.44715905,0.5131495,0.57236385,0.62663984,0.67620349,16
0.48502778,242.48351788,133.71822429,2.4,2.6,0.20384407,0.31297708,0.41369176,0.50134754,0.5800128,0.65214443,0.7176688,0.7785275,17
0.8679275115233134,1.8857669470498049,0.0169992336706079,2.1651187121366706,2.301410218136436,1.0871703624725342,3.2128946781158447,4.816177368164063,5.640432357788086,6.078334808349609,6.374053001403809,6.593873023986816,6.764684677124023,5
0.56802627,166.79627438,26.29369093,2.1,2.7,0.2624762,0.48160386,0.6626115,0.8152447,0.9461982,1.0596201,1.1583972,1.2459493,9
0.31216427,103.3379856,373.93534201,2.6,2.2,0.3071313,0.5327649,0.61139774,0.6434653,0.66973114,0.69170713,0.7100048,0.7257409,21
0.4554928,26.72816371,105.9746603,2.2,2.8,0.7313154,1.9961376,2.83434,3.1597838,3.2585087,3.2892318,3.3085403,3.3260589,23
0.6807854841829066,8.0311966871596,0.0662595028978946,2.9704792168918708,2.9348479094592337,1.0990028381347656,3.3121156692504883,5.10799503326416,6.055337905883789,6.505697250366211,6.802179336547852,7.038767814636231,7.217009544372559,5
0.59872869,182.64575593,180.0179246,2.9,2.7,0.256222,0.4332149,0.5834706,0.71468616,0.83038664,0.9339359,1.026159,1.1084802,17
0.7485428733955259,32.00498073837801,0.0174326654454779,2.175971051653009,2.386446112456177,0.6182000637054443,1.577383279800415,2.1651079654693604,2.488723039627075,2.7040703296661377,2.869068384170532,3.008445501327514,3.123905897140503,18
0.536408,2.291736,5.188676,2.5,2.5,1.26667571,3.92493963,6.67315483,8.49682236,9.38351345,9.78871632,10.00301743,10.13616276,14
0.57812567,42.55287286,115.48049629,2.4,2.0,0.540292,1.3699267,1.84672,2.0316668,2.1224546,2.190414,2.2489276,2.2981157,0
0.59502941,295.03273549,380.09784373,2.6,2.6,0.12293983,0.13568354,0.15323234,0.17679334,0.20243478,0.22079873,0.23645067,0.2533555,11
0.9504789706577766,1.1932331747234466,1.979498363710596,2.5,2.5,1.1522200107574463,3.451744079589844,5.288174629211426,6.287254333496094,6.815132141113281,7.200322151184082,7.518636703491211,7.757980346679687,6
0.97309372,61.27167749,112.13697229,2.2,2.1,0.25111198,0.47710013,0.6736195,0.843637,0.9900625,1.1173384,1.2279313,1.3251965,10
0.32411805,33.69105134,4.22804907,2.6,2.7,1.0399623,3.072777,4.7396526,5.588851,5.8379993,5.942726,6.0009212,6.03469,6
0.46991146,14.23579704,72.75418071,2.9,2.1,0.93175364,2.838968,4.447073,5.2653522,5.433178,5.4505024,5.4537554,5.456272,7
0.3442088816841755,27.918822062879617,0.0054197570913232,2.932555117394106,2.6828135817908088,1.053576946258545,3.226327896118164,5.107484340667725,6.13332986831665,6.463956356048584,6.6053080558776855,6.697882175445557,6.769459247589111,5
0.38036477,48.75602774,99.23914324,2.2,2.6,0.6616118,1.7757189,2.47349,2.7098768,2.7751997,2.8067076,2.8340209,2.8590066,0
0.8692380641433382,44.0986312211112,0.0512227290042619,2.100795971724512,2.517829176186249,0.4586291313171386,1.0442590713500977,1.4635107517242432,1.7636888027191162,1.9924070835113523,2.177953004837036,2.33330512046814,2.466336488723755,18
0.52861237,146.79329787,333.25887441,2.5,2.4,0.20288825,0.2858777,0.35443377,0.411834,0.46258378,0.5079968,0.54862595,0.58539844,4
0.65904011,147.22278036,369.3638167,2.30801348,2.76253985,0.17652941,0.24591994,0.31292152,0.37185049,0.42510152,0.47339201,0.5170188,0.55743337,4
0.30367382,120.90630867,167.2912918,2.45465033,2.14302813,0.39762831,0.85340619,1.08420324,1.15814567,1.20438695,1.24250078,1.27573442,1.3042953,21
0.58819921,15.05119237,100.41623255,2.9,2.1,0.8156147,2.4204748,3.6373746,4.159956,4.27312,4.2899103,4.298128,4.3062277,23
0.9704327362133376,6.826650962384146,2.1354772749443858,2.322842535215188,2.7298543138352693,0.8654937744140625,2.39997673034668,3.406587600708008,3.936013221740722,4.25312614440918,4.478611946105957,4.660341739654541,4.804883003234863,22
0.88347605,156.39191944,310.44221677,2.4,2.3,0.12236381,0.17932343,0.2354393,0.28637362,0.3342111,0.37947917,0.42247152,0.46264172,4
0.55470346,41.54042006,28.51321747,2.59776768,2.75026876,0.75383258,2.10609221,3.01757407,3.43533635,3.62714028,3.74459624,3.83653951,3.90777946,23
0.94599951,123.53923787,151.80246615,2.0,2.5,0.15329742,0.2546351,0.35312343,0.4452126,0.5300243,0.60836315,0.6812496,0.7490046,17
0.6595034134587006,108.64358347444136,0.6523593278913825,2.490956230189418,2.90468392909841,0.4210860729217529,0.9342334270477296,1.317370891571045,1.5994482040405271,1.8195643424987795,1.998974323272705,2.149780750274658,2.2805614471435547,18
0.363138087727139,2.0769278479449,0.0947092291462141,2.092950986694716,2.68871455175891,1.2304551601409912,4.168894767761231,7.62498664855957,10.702363967895508,12.705646514892578,12.763993263244627,12.77146816253662,12.777724266052246,12
0.81475356,194.12402864,137.24950714,2.6,2.4,0.16449833,0.26919627,0.3718636,0.4690907,0.5591507,0.64403105,0.7232163,0.79745793,17
0.6625774219026549,4.235704394337575,0.0031847447736815,2.4752803062819004,2.8118374460174995,1.1656601428985596,3.645237922668457,5.887271404266357,7.17844820022583,7.730464458465576,7.975470066070557,8.147594451904297,8.294282913208008,5
0.37066074,283.10191086,102.74815556,2.5,2.8,0.2488761,0.39729786,0.51129365,0.60958266,0.6955786,0.771718,0.84062696,0.90254545,16
1.0,205.89506531,400.0,2.0,2.0,0.05741405,0.0848434,0.10464358,0.11062574,0.12357354,0.13397098,0.14334059,0.15471768,11
0.3764501770865434,11.57431519943523,0.1059315586463775,2.0625100439758706,2.9934422222117965,1.1345574855804443,3.705457925796509,6.3706159591674805,8.208024024963379,8.970248222351074,9.065404891967772,9.075939178466797,9.085837364196776,12
0.89867192,237.56518227,299.7381904,2.7,2.9,0.15987992,0.18273306,0.22935653,0.29095674,0.34248853,0.38974953,0.43636537,0.48044682,4
0.8850107898617507,2.1721699003551374,19.40979309130405,2.66443586,2.41581941,1.0599782466888428,3.1093320846557617,4.646517753601074,5.444377422332764,5.859677791595459,6.16045618057251,6.38392972946167,6.535165309906006,6
0.60150482,283.35760136,193.35822622,2.5,2.1,0.120857,0.177876,0.23325634,0.28319836,0.33154845,0.37772608,0.42170215,0.46345878,3
0.32926953,50.13308716,188.01127625,2.91677833,2.54968929,0.63081288,1.70993662,2.44084454,2.65446854,2.66652727,2.67114735,2.67572117,2.68024302,0
0.30927542,156.74327555,108.79786272,2.7179672,2.24903843,0.41127253,0.89706707,1.1739862,1.29374909,1.37105155,1.43505454,1.48836112,1.53536439,21
0.5873770937213844,154.08613051966557,0.0075109141825595,2.250935313954592,2.5638713118475613,0.3290028572082519,0.6618030071258545,0.9234716892242432,1.1350092887878418,1.30810284614563,1.4553396701812744,1.5810105800628662,1.6914756298065186,8
0.6418086774685868,2.3838766687479107,0.0036929232797417,2.813870780505848,2.3906098647747074,1.1997244358062744,3.757000207901001,6.159066200256348,7.666596412658691,8.293792724609375,8.535797119140625,8.726191520690918,8.892098426818848,12
0.70576246,289.37851824,387.53134283,2.7840629,2.35996916,0.11292887,0.12131834,0.14119935,0.15161324,0.17180967,0.18856072,0.19638014,0.20963311,11
0.45774186,10.6704855,23.9782753,2.55500913,2.06500316,1.02605009,2.94472075,4.38854647,5.0635066,5.28879547,5.43147326,5.49790859,5.52860165,7
0.6762854565255833,1.5305701148149762,0.1189551125885606,2.9345280314239366,2.314264112213207,1.2124032974243164,3.827969074249268,6.360738277435303,8.009723663330078,8.734838485717773,8.968307495117188,9.149286270141602,9.321470260620115,12
0.46987711,114.53179349,27.47310178,2.3,2.3,0.43982053,0.99751925,1.3426166,1.5389118,1.6801136,1.7891667,1.8805401,1.9630382,19
0.86345232,205.61058044,4.28864908,2.5379796,2.13291669,0.15388489,0.26576972,0.37336707,0.47649932,0.57483673,0.66720271,0.75500441,0.83758187,15
0.88261044,244.46773176,15.38631201,2.7,2.9,0.1775999,0.29518056,0.41074038,0.5294373,0.63862467,0.7417731,0.8398664,0.9334004,15
0.34092078,2.89300394,45.17243195,2.18783045,2.02792096,1.05464697,3.16339159,5.12308121,6.23650408,6.45383883,6.4768424,6.47818327,6.47876883,7
0.55882355,210.52147157,367.27960211,2.2,2.4,0.11150813,0.13582897,0.16024137,0.17445636,0.19066572,0.20609713,0.22207117,0.23700452,11
0.7128124773417224,1.180614209942034,0.0068840314087407,2.4531066675948283,2.884397204074438,1.253464698791504,4.093138694763184,7.0777764320373535,9.154186248779297,10.123712539672852,10.377347946166992,10.451068878173828,10.53244972229004,12
0.96472141,266.342262,81.97309687,2.2,2.0,0.0901494,0.15687585,0.21766329,0.270823,0.3266313,0.3807373,0.4334488,0.48447657,2
0.54143068,262.84048928,174.69801141,2.25414823,2.005,0.11576319,0.16398072,0.20848083,0.248842,0.29027772,0.32787943,0.36335802,0.39685822,3
0.4875413959331621,160.3633596684207,386.1236784047096,2.15973091,2.00018525,0.114570140838623,0.1318387985229492,0.1461021900177002,0.1546666622161865,0.1672015190124511,0.1784682273864746,0.1888697147369384,0.1985912322998047,11
0.39278184,279.95541013,193.70771292,2.2,2.4,0.1550324,0.20186639,0.2512312,0.29363298,0.33295083,0.36938882,0.4030571,0.4343896,3
0.88094651,128.53331434,257.67687989,2.1,2.8,0.1426332,0.21215153,0.28252125,0.34577894,0.40348577,0.45745063,0.5072031,0.55351067,4
0.3951488344432484,5.920827250496568,12.634411783856187,2.60684597,2.75511876,1.1919279098510742,3.873771905899048,6.732335090637207,8.825026512145996,9.78064250946045,9.876605033874512,9.880051612854004,9.88363552093506,14
0.91779959,194.67572021,390.9704895,2.20634079,2.01947331,0.06993175,0.09883761,0.11910725,0.124964,0.14076376,0.15431786,0.16645861,0.17836809,11
0.3986669034228879,6.2501600844289085,0.0610318212973205,2.652070377505402,2.898399046321934,1.2387545108795166,4.052985668182373,7.111390590667725,9.399673461914062,10.501819610595703,10.644363403320312,10.651971817016602,10.65865707397461,12
0.47022518,58.32707389,316.6346921,2.1,2.3,0.303344,0.53034973,0.62113357,0.66054654,0.6909368,0.71431303,0.7332368,0.7489195,21
0.67804742,4.01459169,34.68023682,2.28420877,2.14387441,1.01813817,2.9160378,4.29768562,4.9362793,5.17601776,5.29184151,5.33881378,5.35716248,7
0.60224411,90.07520161,195.63750396,2.3,2.6,0.3098867,0.58554983,0.77678514,0.91707516,1.0247977,1.1111887,1.1845574,1.2454367,10
0.5840156419287312,5.0337267776402,0.0519804268405868,2.7218544674630003,2.32765656084813,1.1368911266326904,3.4747393131256104,5.511987686157227,6.637493133544922,7.102871894836426,7.355188369750977,7.551365852355957,7.7013044357299805,5
0.9656886855278464,3.760897008928488,0.3985987186561517,2.284264391698104,2.4520811632095847,0.9636275768280028,2.699533700942993,3.857254266738892,4.461067199707031,4.813007354736328,5.065553665161133,5.252437591552734,5.412849426269531,5
0.4666561748774783,298.8429832585704,232.29864083478213,2.1,2.1,0.0980589389801025,0.1299521923065185,0.1583728790283203,0.1794352531433105,0.2044234275817871,0.2272529602050781,0.2494933605194091,0.2708034515380859,11
0.4917936107243918,0.8652067052135551,0.2946758975124238,2.908132445295113,2.857181423320013,1.309927463531494,4.399428367614746,8.028985977172852,11.283231735229492,13.272420883178713,13.32818603515625,13.33409309387207,13.33905029296875,13
0.92759435,150.26201796,140.30156104,2.6,2.9,0.19450307,0.32650423,0.45682454,0.57889175,0.6913097,0.7954166,0.8925779,0.98272634,17
0.34441467,118.20191728,344.265472,2.6,2.5,0.31328464,0.5449736,0.63878345,0.6896465,0.7289593,0.7617023,0.7890074,0.8144188,21
0.683892561015294,1.6799155990957186,17.193594815735096,2.74962439,2.60703836,1.1797304153442385,3.7336697578430176,6.211928367614746,7.800966262817383,8.472806930541992,8.663284301757812,8.768277168273926,8.860755920410156,14
0.74027002,133.65161619,333.76985693,2.6,2.5,0.17788959,0.25705194,0.33496928,0.40267634,0.464231,0.5197089,0.570302,0.61677027,4
0.30704257,122.53983283,324.97055925,2.0,2.5,0.23516083,0.30994678,0.33552647,0.35772896,0.3770101,0.39366078,0.40801263,0.4211514,4
0.4345468231483103,1.6526747886210718,0.3143970328831297,2.54436898,2.19566965,1.2116501331329346,3.965198993682861,6.987619400024414,9.495043754577637,10.682971954345703,10.706608772277832,10.713799476623535,10.719791412353516,13
0.44869419,28.8807797,132.69074357,2.4,2.6,0.7067144,1.9579408,2.8030245,3.1046026,3.168204,3.1812112,3.192835,3.2037952,0
0.6555234499555342,1.03083093824917,0.0058325845551391,2.7654683709842183,2.3182517897967805,1.2294855117797852,3.958068370819092,6.793789863586426,8.815098762512207,9.87195873260498,10.117020606994627,10.135950088500977,10.149093627929688,12
0.7492549476987469,22.45453339194725,0.006186150020296,2.8981538691896542,2.804215395794796,0.7960903644561768,2.2024121284484863,3.148747444152832,3.651681423187256,3.947279930114746,4.158677101135254,4.324248790740967,4.458276271820068,22
0.96282268,105.26151698,12.11986515,2.4,2.2,0.22824883,0.42579675,0.611012,0.780422,0.93398285,1.0737352,1.1997063,1.3144021,9
0.6776727736099961,2.126253776330936,0.0047891198535821,2.250758475712904,2.2181681758946064,1.143073320388794,3.543597936630249,5.67717170715332,6.935162544250488,7.456025123596191,7.686191558837891,7.852925300598144,7.968557357788086,5
0.31242266,5.23977947,37.92501831,2.3896184,2.54580593,1.1514008,3.55658078,6.00315857,7.70879269,8.29623032,8.34447575,8.34588718,8.34641743,14
0.60958261,276.32821675,54.84000542,2.8,2.5,0.19580078,0.3173132,0.436455,0.5472305,0.6494467,0.7437911,0.83165836,0.9140713,16
0.69528511,87.50822576,193.81046503,2.29791853,2.55352535,0.29524803,0.55823445,0.75707245,0.91392946,1.04186177,1.14816833,1.23637867,1.3109107,10
0.4393849815991075,299.12298990646684,279.0610266728539,2.1,2.1,0.0912315845489502,0.1159634590148925,0.1367793083190918,0.1482913494110107,0.1653285026550293,0.1807575225830078,0.1954145431518554,0.2091467380523681,11
0.5973768,254.48285655,289.66737251,2.77399379,2.11340743,0.106251,0.13898969,0.16769528,0.18871593,0.21022916,0.23364782,0.25644827,0.27688408,11
0.91435266,235.15122342,202.15786003,2.1,2.4,0.0948472,0.14861512,0.19380903,0.23334122,0.2781403,0.32104373,0.36142874,0.39997864,3
0.91373461,295.37277222,388.56954956,2.29847622,2.22152328,0.06368136,0.09547162,0.1211803,0.12221956,0.13208222,0.14575768,0.16168785,0.17452312,11
0.83089614,4.04856968,47.37880325,2.56469965,2.1566925,0.92543054,2.53865838,3.59984803,4.11227417,4.37874413,4.52656651,4.61880779,4.65790176,23
0.5169975489292464,0.7686529302871131,0.0213933264320649,2.6660293666799832,2.046530627286154,1.194366693496704,3.875112533569336,6.776936054229736,9.155754089355469,10.579023361206056,10.643169403076172,10.650102615356444,10.655805587768556,12
0.63223258,23.61665933,268.6647283,2.54725507,2.20759784,0.44829559,1.03524733,1.34985232,1.41175008,1.41811132,1.42488813,1.43150663,1.43693876,1
0.9677573255537184,2.625222751827295,0.0524149203937174,2.699235406410444,2.74269490514764,1.0795152187347412,3.131343603134156,4.643548965454102,5.43964958190918,5.899595260620117,6.255392074584961,6.5316314697265625,6.742778778076172,5
0.93629491,202.46842957,12.72315502,2.73643732,2.57869124,0.17812395,0.30752587,0.43196058,0.55534458,0.67161298,0.78076696,0.88402104,0.98232079,15
0.3218162,176.23521561,301.44292966,2.19579574,2.48855131,0.23975158,0.34608006,0.40375471,0.45063305,0.49081373,0.52584839,0.5565958,0.58358479,4
0.32881119,101.14120725,110.81601937,2.9,2.4,0.59693813,1.6354268,2.3373835,2.5748856,2.6323078,2.6721275,2.7095296,2.7430136,0
0.9689976,192.19218445,21.5387001,2.15949464,2.34887052,0.13815427,0.24481678,0.34541798,0.44139957,0.53484488,0.62411857,0.70921516,0.78970265,15
0.89894883,142.83706158,178.49872475,2.02618432,2.15696928,0.1284318,0.21265149,0.29253054,0.3671124,0.43748379,0.50268531,0.56404757,0.62138724,3
0.84225599,2.78892104,12.39287526,2.4,2.9,1.1188955,3.1674943,4.6762977,5.4710994,5.903445,6.223352,6.4650903,6.6276584,6
0.663099,236.86836408,324.14674823,2.9,2.7,0.15722418,0.21057892,0.2687149,0.3272307,0.3773563,0.42533422,0.47047997,0.51265764,4
0.5077863306338534,285.2970252357533,0.1432353903288526,2.051366542479051,2.8797310268796976,0.2143795490264892,0.3703265190124511,0.5156419277191162,0.6459016799926758,0.7639329433441162,0.8715929985046387,0.970017433166504,1.0602197647094729,15
0.81476027,222.44592916,105.55783883,2.3,2.8,0.14627886,0.2363956,0.3245623,0.40667558,0.48560166,0.5604069,0.6309962,0.6982291,16
0.86585551,185.54287907,368.47824039,2.7,2.9,0.15776634,0.18858886,0.23808265,0.29376316,0.34026194,0.38342047,0.42478848,0.46348214,4
0.84433803,260.75898828,204.18855793,2.6,2.2,0.10898304,0.17194104,0.22787404,0.28071713,0.33391452,0.3854909,0.43413258,0.48097706,3
0.60836406,183.84656362,151.26475075,2.4,2.1,0.18517709,0.29850173,0.4044943,0.4984784,0.5830691,0.6606164,0.73129416,0.7967005,17
0.98897328,6.86159868,120.3207969,2.0,2.5,0.65826058,1.7487576,2.41301346,2.70343494,2.83338833,2.90617132,2.95546389,2.99403381,23
0.44486669,107.0111765,126.74124787,2.97440256,2.32902497,0.42539525,0.94709396,1.27731657,1.44708824,1.55758953,1.64510965,1.71563959,1.77712297,20
0.47588627,290.173388,49.84148434,2.0,2.3,0.14891386,0.2272811,0.30231714,0.3714695,0.43537927,0.4941144,0.5489528,0.6004553,2
0.5629891898247086,49.04313156464021,0.35353640309109,2.0650394967852868,2.793419907237991,0.6830282211303711,1.9085516929626465,2.682091474533081,3.0310447216033936,3.2158243656158447,3.350512742996216,3.45641827583313,3.547770738601685,22
0.8683824,127.65769238,4.16017905,2.84931646,2.02687187,0.21502781,0.39435673,0.56415868,0.71811485,0.85788202,0.98571682,1.10099721,1.20669055,15
0.78232145,32.63074297,307.68135312,2.8,2.7,0.40925288,0.90025425,1.220624,1.3870919,1.4806759,1.5428426,1.5882638,1.6246798,20
0.89942504,130.81579395,176.77006061,2.1,2.6,0.1555686,0.25154543,0.34509444,0.43166828,0.5120375,0.5857179,0.6537485,0.71729374,17
0.94501308,204.78702423,88.64660756,2.9,2.7,0.17867017,0.29603672,0.4109571,0.528131,0.63601017,0.7379627,0.834815,0.92647386,16
0.91285145,14.62669277,28.42745399,2.56155777,2.16071987,0.64566255,1.603266,2.20316052,2.54658389,2.77563405,2.9434731,3.07718778,3.19359946,19
0.31297288,79.53830601,362.21309664,2.0,2.5,0.26772833,0.38239646,0.3979845,0.40935445,0.41893554,0.42817497,0.4358406,0.44296384,21
0.62118164,71.50906128,211.62890682,2.57033599,2.58451289,0.3795259,0.8165946,1.10808158,1.28963542,1.41817641,1.51578736,1.59497142,1.66302705,10
0.96375364,279.23632812,370.91146851,2.06985688,2.76779509,0.08222413,0.1183641,0.14647913,0.17125916,0.20030427,0.22869396,0.25501013,0.28007483,11
0.8215102,195.77255835,160.30866015,2.50264245,2.32656496,0.14613175,0.23189235,0.31677675,0.39557624,0.46989655,0.53973484,0.60587883,0.66804457,2
0.31979306,266.79212819,169.2629654,2.85805854,2.2420508,0.2122674,0.29317474,0.35817194,0.41248846,0.46103573,0.50520325,0.5450809,0.58162737,3
0.9371992987107036,2.1345175732382926,0.4863735763352546,2.939341701673868,2.711378867402738,1.138258934020996,3.354116916656494,5.065676689147949,5.982476234436035,6.504153251647949,6.915841102600098,7.26826286315918,7.525679588317871,5
0.3095941644349109,1.6285631349053027,0.0039414776901393,2.9061047435389784,2.553486026738565,1.2803888320922852,4.271322250366211,7.767262935638428,10.929706573486328,12.82701301574707,12.863069534301758,12.868560791015623,12.873249053955078,12
0.31555817,207.58757019,345.4559021,2.46938515,2.91669321,0.25116825,0.36130929,0.41606045,0.46390367,0.50595021,0.54289007,0.57605505,0.60600376,4
0.50945241,68.23185757,1.36122616,2.93925477,2.45334731,0.65044737,1.70547485,2.38050938,2.71127987,2.90016794,3.03732157,3.14875126,3.24221706,22
0.3766739399596993,10.012262033786152,59.1383515711069,2.5,2.0,0.9085323810577391,2.711387634277344,4.151626110076904,4.820821285247803,4.960803031921387,5.013155937194824,5.032976150512695,5.040939331054688,23
0.45635034,150.24400866,113.45062456,2.6,2.8,0.37299252,0.76592493,1.0312097,1.2082996,1.3420134,1.4471989,1.5352163,1.6128922,10
0.66893573,230.75781826,374.3170961,2.3,2.2,0.09041047,0.11860585,0.14431787,0.15695047,0.17360044,0.19020152,0.20739388,0.22309375,11
0.9306996796096624,208.92311707084767,0.0110056549944175,2.691621271553125,2.617629134589184,0.1802268028259277,0.3093969821929931,0.43483567237854,0.5596516132354736,0.6766598224639893,0.7867748737335205,0.891411542892456,0.990309238433838,15
0.82328146,206.87832746,112.55989416,2.7,2.2,0.157027,0.2619741,0.36314225,0.46061087,0.552186,0.6383996,0.7190521,0.79604864,16
0.62731398,161.20633725,177.59456918,2.52424048,2.59863735,0.23340797,0.39168215,0.52927351,0.64822698,0.75307989,0.84688878,0.93044186,1.00606871,17
0.9334177614284044,1.9576535007028133,0.117211893701492,2.539678244390267,2.318103110713482,1.0846505165100098,3.130777359008789,4.611315727233887,5.387833118438721,5.851783752441406,6.2148637771606445,6.497982025146484,6.710935592651367,5
0.7015926606117683,5.339290075640642,81.25208940953056,2.7,2.9,0.9591457843780518,2.927556276321411,4.574239730834961,5.440953254699707,5.727312088012695,5.838722229003906,5.882619857788086,5.898318290710449,7
0.30273122,234.5316925,34.11521912,2.02366328,2.13045287,0.29782391,0.54686546,0.70404959,0.81803632,0.90824556,0.98457241,1.04660296,1.10214972,9
0.81556798,253.99053875,261.5328498,2.8,2.4,0.12310862,0.18099833,0.23117828,0.28832793,0.34340715,0.3929577,0.44047832,0.4857669,4
0.84036413,69.68939436,122.29928968,2.4,2.8,0.32377172,0.64716506,0.9037585,1.1121223,1.2807689,1.4217348,1.5403104,1.6440387,10
0.57815511,202.70732713,310.99660329,2.3,2.9,0.14608812,0.1882317,0.23277831,0.26844978,0.3033092,0.33563375,0.36518312,0.39342332,4
0.57285881,127.6107622,336.94584433,2.5,2.4,0.21021199,0.3055954,0.38289285,0.44688416,0.5028825,0.552613,0.59642005,0.63535595,4
0.6783257441707415,0.9315900376467124,9.517584118057496,2.980874561655497,2.994083353742216,1.2781386375427246,4.200617790222168,7.375920295715332,9.780707359313965,10.991392135620115,11.200339317321776,11.205578804016112,11.211094856262209,14
0.389414854155732,20.26171900599418,10.82811945456351,2.0,2.0,0.9158616065979004,2.6789674758911133,3.97296953201294,4.50512170791626,4.673835754394531,4.745831489562988,4.78566312789917,4.818397521972656,22
0.35655001,249.30821075,252.87303274,2.4,2.6,0.19299412,0.24899578,0.29999304,0.34252572,0.38136363,0.41693878,0.44914722,0.4789915,4
0.4459629921889437,5.239368598383558,0.2420247328256463,2.0,2.5,1.1515207290649414,3.743366718292236,6.4000563621521,8.256292343139648,9.03520393371582,9.144294738769531,9.156013488769531,9.168920516967772,13
0.5110402739404991,40.40051419018438,133.76667631464008,2.1993688091890933,2.096625418093364,0.5246453285217285,1.336376428604126,1.7865140438079834,1.9394774436950684,2.009154319763184,2.0619020462036133,2.10642671585083,2.1456522941589355,0
0.63359382,153.31342168,89.84923958,2.3,2.7,0.24939752,0.44443583,0.61027145,0.75267196,0.87719345,0.9860723,1.0820785,1.1684225,16
0.8018951258957918,15.39351470474791,0.0076894896312698,2.0223496302842534,2.17794533974928,0.7212433815002441,1.86741304397583,2.549400329589844,2.9005017280578613,3.120288372039795,3.287214756011963,3.417726993560791,3.523998260498047,22
0.67969647,131.57258543,94.86116438,2.5,2.7,0.28978705,0.5444598,0.7527175,0.92962813,1.0799038,1.2097781,1.3222554,1.4218438,10
0.51658835,103.90030121,18.80498133,2.8,2.7,0.52744627,1.3004153,1.8170469,2.0953238,2.2779438,2.41769,2.5330074,2.6344898,19
0.88318491,23.08185768,2.29282331,2.15128803,2.41084266,0.60266685,1.47727847,2.02545381,2.34940171,2.57633281,2.75014138,2.89340615,3.01730037,18
0.8487911893300353,298.8040069958277,371.2879859786396,2.76793935,2.03346602,0.0709321498870849,0.1030681133270263,0.11952805519104,0.1197531223297119,0.1284821033477783,0.1460499763488769,0.1610462665557861,0.1697835922241211,11
0.875815157395199,7.753035236639647,5.342401233067638,2.716547670990184,2.276913821223011,0.8681881427764893,2.340355634689331,3.2934701442718506,3.813966035842896,4.140199661254883,4.375746726989746,4.548810958862305,4.700357437133789,22
0.63746346,13.29562364,143.27213843,2.7,2.6,0.76608014,2.18417,3.2136366,3.6439598,3.759508,3.7778366,3.7829287,3.7895105,23
0.5251844425685696,8.046975030398114,0.240617562808897,2.187408797045434,2.4293916491987604,1.0837233066558838,3.332770824432373,5.245517730712891,6.262959003448486,6.628384113311768,6.773753643035889,6.874820232391357,6.941979885101318,5
0.4886261420668813,2.318787704151714,55.2859640585542,2.264200077304828,2.811578269833514,1.080958604812622,3.501830816268921,6.024831771850586,7.872554779052734,8.659431457519531,8.701255798339844,8.701287269592285,8.701287269592285,14
0.88458679,287.88122724,124.17659524,2.9,2.5,0.14440417,0.21610475,0.2838366,0.36587858,0.44137073,0.5114832,0.5797324,0.6450136,2
0.46865097,221.91472934,226.33118037,2.2,2.8,0.17274618,0.23472881,0.29677868,0.34812355,0.395118,0.4386444,0.47873545,0.5158107,3
0.84047997,198.80142212,159.2336731,2.3929286,2.7771349,0.16248488,0.26361418,0.3625288,0.45865679,0.54842234,0.63242412,0.71104813,0.7858479,17
0.71763702,160.35881914,148.40176212,2.1,2.9,0.17804837,0.28501225,0.38923144,0.48140502,0.56581855,0.6428127,0.7133508,0.7782228,17
0.95286085,165.78525721,112.18996777,2.7,2.6,0.18146682,0.30774283,0.43032622,0.5495961,0.6602812,0.7643032,0.861681,0.9537399,16
0.6235574,232.45908263,310.05377453,2.84396065,2.22488028,0.11921501,0.15643334,0.19247341,0.21885777,0.24500203,0.27236342,0.29685044,0.32101631,11
0.55282132,268.26914344,2.70587481,2.0,2.3,0.15780711,0.25737762,0.35228252,0.44011807,0.5207567,0.5960448,0.6660981,0.7313001,15
0.95659873,77.9390064,53.72886346,2.4,2.7,0.28982067,0.5648298,0.80596256,1.0153465,1.1963065,1.3536913,1.4917209,1.613364,9
0.7327273724345283,101.72730881065144,386.556154382287,2.1,2.5,0.1673572063446045,0.2322676181793213,0.2957911491394043,0.3501105308532715,0.3984014987945556,0.4416737556457519,0.4810986518859863,0.5176713466644287,4
0.43564435,293.73620322,32.74653648,2.0,2.8,0.17814636,0.27215028,0.36296582,0.44322252,0.51563406,0.5827131,0.6444366,0.70185137,15
0.75358284,19.37164497,5.41599798,2.4637351,2.27611876,0.74747801,1.94736004,2.68751955,3.06771946,3.29538584,3.45160103,3.58062696,3.68292618,22
0.8449243,54.29736744,114.68901833,2.2,2.1,0.31970525,0.64118004,0.88984966,1.0829189,1.2368343,1.3623714,1.4677894,1.5563776,10
0.62802983,121.61674636,66.78568982,2.8,2.7,0.37430882,0.7778609,1.0815318,1.3136175,1.4965856,1.6480954,1.7752302,1.885742,10
0.91190323,57.45146715,318.21908334,2.5,2.0,0.21544552,0.36316895,0.4872625,0.591233,0.67879915,0.753876,0.81868196,0.87380767,17
0.9222318692812908,1.2554988152886917,20.241085086727693,2.181184513234994,2.740690343449645,1.100285530090332,3.398128032684326,5.323573112487793,6.378763675689697,6.839998722076416,7.076683521270752,7.236679553985596,7.342122554779053,7
0.32374549,8.06113911,21.09185791,2.03941202,2.83713579,1.1589098,3.67786837,6.32294893,8.23047447,8.99563217,9.10945702,9.11043167,9.11096191,14
0.53701924,264.03991007,206.85914248,2.5,2.9,0.17272234,0.24164772,0.31329155,0.3786707,0.4387021,0.49295425,0.5441129,0.5920234,3
0.71827258,115.03307221,65.76752575,2.9,2.9,0.36258197,0.7355895,1.0328436,1.2753305,1.4743285,1.6417532,1.7843132,1.9081182,10
0.40188439,59.4854891,218.34651758,2.8,2.8,0.5626366,1.4729786,2.0812693,2.2666564,2.292344,2.3098621,2.3263717,2.3417406,1
0.7724859397045215,5.009325442374335,0.1168637746328826,2.8653528276936515,2.0594474326955234,1.0019991397857666,2.792763948440552,4.013580322265625,4.653573989868164,5.070067405700684,5.394619941711426,5.637650489807129,5.81010627746582,5
0.30057872,117.33323512,336.66011989,2.17571066,2.38210085,0.28731751,0.46798444,0.530972,0.56600642,0.59418154,0.61809874,0.63808441,0.65502906,21
0.9521656,145.66057578,106.63295915,2.3,2.1,0.14652133,0.254488,0.35708475,0.45388436,0.54576945,0.63149405,0.71252346,0.7886658,16
0.49519666,237.89301974,400.0,2.0,2.80868559,0.11934781,0.14358449,0.17063999,0.19219065,0.21303129,0.2332046,0.25273442,0.27116323,11
0.49603672,161.47897107,92.78895872,2.3,2.7,0.2970879,0.5523529,0.73957586,0.88888407,1.010783,1.1121209,1.1997511,1.2750142,10
0.70205865,297.73297796,304.05604716,2.3,2.7,0.10689616,0.13322783,0.16266465,0.18338037,0.20712566,0.23168921,0.2532885,0.27480173,11
0.7762138679354829,4.880172423450449,0.0089325845041181,2.797627925170734,2.3491974303493084,1.0469326972961426,3.0048398971557617,4.420134544372559,5.139314651489258,5.562839508056641,5.884248733520508,6.135875701904297,6.320701599121094,5
0.97804111,195.94035339,60.94751358,2.98282123,2.48176789,0.16645098,0.28005695,0.3899982,0.50080085,0.60478926,0.70261097,0.79553866,0.88422275,16
0.61228505,203.54732131,355.73233904,2.2,2.9,0.12364554,0.15457082,0.1861515,0.20524096,0.2270565,0.24907827,0.26802778,0.2873597,11
0.79120715,45.32159458,32.5620258,2.9,2.4,0.5372088,1.318147,1.8476207,2.1760375,2.404144,2.581875,2.7293918,2.8546941,19
0.513181411453088,5.361909681529204,0.0067922054291103,2.227639942653527,2.167977522869152,1.1029314994812012,3.4175591468811035,5.47450590133667,6.672354221343994,7.126017093658447,7.268590450286865,7.374958515167236,7.447780132293701,5
0.96156245,265.70130739,38.83092912,2.2,2.0,0.09561038,0.1689179,0.2359345,0.29632664,0.35823178,0.41837907,0.47732568,0.5338943,2
0.46586251,155.54017171,313.32487317,2.1,2.8,0.17510247,0.21904087,0.26126552,0.29457402,0.32440305,0.35169363,0.37638307,0.39873576,4
0.6255036113690169,14.584970586649202,0.3277762344136211,2.659842715093827,2.027154434609738,0.8736228942871094,2.382848262786865,3.361935615539551,3.8563928604125977,4.149729251861572,4.346091270446777,4.490803718566895,4.597522258758545,22
0.6732245412644206,6.574521690035227,33.70022743220829,2.85262377,2.72387573,1.0341057777404783,3.1146504878997803,4.7969818115234375,5.667954444885254,6.028576850891113,6.234251022338867,6.374161720275879,6.463555335998535,7
0.3116407881085645,3.695533488708317,47.13961387783159,2.27112103,2.60223317,1.085470199584961,3.5101101398468018,6.072603225708008,8.005927085876465,8.889446258544922,8.932947158813477,8.932994842529297,8.932994842529297,14
0.6369848441034839,268.2610928717346,0.005429781193146,2.963925804001317,2.31959745529158,0.1914000511169433,0.3163526058197021,0.4395959377288818,0.5533809661865234,0.6584727764129639,0.7567582130432129,0.8480942249298096,0.9332842826843262,15
0.31085619,142.0508728,309.65533447,2.63402748,2.49056005,0.30423927,0.50986481,0.59084225,0.63954282,0.68038678,0.71476841,0.74384403,0.7688632,21
1.0,293.7014874297828,270.8351115102125,2.5,2.1,0.0764260292053222,0.1189112663269043,0.1471009254455566,0.1656849384307861,0.191969633102417,0.2214555740356445,0.2496340274810791,0.2750978469848633,11
0.4645325314783268,2.6611251253189856,0.3562368679524803,2.5949784914532645,2.776194398676193,1.2600922584533691,4.167583465576172,7.414769172668457,9.98122787475586,11.384661674499512,11.500624656677246,11.50757122039795,11.513313293457031,13
0.59197036,67.99186681,79.32689324,2.3,2.2,0.44873953,1.0286753,1.3920984,1.5948193,1.7309461,1.8405938,1.9295115,2.002212,20
0.91944282,167.00922727,59.02973439,2.6,2.7,0.19620037,0.33992147,0.47964692,0.61246324,0.7357664,0.85028124,0.957603,1.0573769,16
0.88370864,280.2668869,159.78387564,2.7,2.6,0.14131474,0.20054889,0.26007867,0.33121586,0.39944863,0.46138167,0.5212176,0.5784557,2
0.88797812,268.86851534,68.98093801,2.6,2.4,0.13077545,0.21788669,0.29593062,0.37561727,0.45434237,0.52843046,0.5992651,0.6673989,2
0.3853069860231834,5.812659524464232,0.0914918547661929,2.6358201644356045,2.3128483635766663,1.1866669654846191,3.803159713745117,6.501718997955322,8.467657089233398,9.350934982299805,9.45525360107422,9.464780807495115,9.478242874145508,12
0.31396893,96.571944,325.72134957,2.67563084,2.24149206,0.31402469,0.53468609,0.60057306,0.62784314,0.64997005,0.66865373,0.68688273,0.70165849,21
0.47610478,102.06578333,16.29268109,2.7,2.3,0.536818,1.3543222,1.869024,2.119085,2.2751515,2.3958638,2.4973876,2.5835307,19
0.4105303644224751,2.024944482081696,0.0132002236080329,2.831810480742398,2.7858206030287302,1.2909977436065674,4.305041313171387,7.786250114440918,10.813682556152344,12.561832427978516,12.619427680969238,12.626951217651367,12.633399963378906,12
0.85259891,290.36313824,277.72015542,2.3,2.1,0.07327509,0.11411929,0.1488285,0.16863012,0.19461179,0.22156811,0.24802804,0.27295327,11
0.4978801,49.06426535,72.25650707,2.4,2.7,0.6508379,1.732877,2.4167097,2.7046359,2.832822,2.9167173,2.985562,3.0458858,23
0.81872327,87.3733265,368.72219502,2.6,2.1,0.17710543,0.26237202,0.34181118,0.40977764,0.46927238,0.5226021,0.56993055,0.61271834,4
0.77130527,269.77309762,303.93487147,2.9,2.9,0.1642785,0.18903136,0.24096394,0.30024934,0.349252,0.39657497,0.44187593,0.48537517,4
0.5869142,272.49610879,151.53052008,2.0,2.0,0.10048842,0.15081525,0.1957879,0.23697829,0.27896404,0.31723332,0.35419655,0.38939762,2
0.8603159,290.53598651,385.61291188,2.9,2.1,0.08630705,0.12047601,0.14460564,0.16842961,0.19707274,0.22508407,0.24874878,0.27204823,11
0.63027894,34.21236038,392.39593506,2.97533941,2.08884549,0.28127861,0.44403458,0.48713923,0.50522614,0.51877809,0.53031898,0.5398972,0.54778099,21
0.43615991,227.52314758,83.84199524,2.19134021,2.68951511,0.27294278,0.48845434,0.65355659,0.79139447,0.90799999,1.0083158,1.09484696,1.17275643,10
0.87585562,34.38786316,126.28256226,2.26099205,2.10531211,0.37664938,0.80288625,1.10310674,1.30523348,1.45522952,1.57010365,1.66243839,1.73806834,10
0.86270887,275.78735047,338.97422662,2.3,2.3,0.07538557,0.11200666,0.14130569,0.1544559,0.17362571,0.19479847,0.216892,0.23703027,11
0.34292029,260.57683109,15.34060079,2.8,2.9,0.37632084,0.76533103,1.0281825,1.2083273,1.3474388,1.4591255,1.5552549,1.6406474,9
0.4735124149410843,5.415571535781772,66.85778008455732,2.942599054802863,2.5854586440912684,1.0272653102874756,3.178957939147949,5.173290252685547,6.37992000579834,6.7193603515625,6.758955955505371,6.789262771606445,6.800837516784668,7
0.79481977,287.20108032,144.9671936,2.20037389,2.2904315,0.09981322,0.15992999,0.21331882,0.25959229,0.30807662,0.35616708,0.40240717,0.44646311,2
0.66855681,272.40045166,252.35539246,2.47343755,2.48204994,0.11845541,0.16808629,0.21410227,0.25544381,0.29686546,0.33643508,0.37334228,0.40890646,4
0.79835523,276.6896288,358.66835972,2.6,2.1,0.08022642,0.11741567,0.14791012,0.16840053,0.1919787,0.21517801,0.23796177,0.2603774,11
0.8350799864869088,1.2311306325065914,0.104256857003716,2.852096674785747,2.189460996607796,1.1642963886260986,3.5208771228790283,5.486215591430664,6.589999198913574,7.154802322387695,7.548857688903809,7.904292106628418,8.226966857910156,5
0.9023042794391288,2.2743944237473404,14.175377595235206,2.12031698,2.83082151,1.0639152526855469,3.2423312664031982,4.992431640625,5.892090797424316,6.30158805847168,6.5275468826293945,6.690667152404785,6.805893898010254,6
0.62099434,271.84208226,263.82992117,2.9,2.6,0.15458417,0.21407866,0.27454185,0.33774853,0.3928237,0.44492173,0.4941349,0.5402341,4
0.70222116,19.54969788,97.07555389,2.62106776,2.55993748,0.70988488,1.9404428,2.74835896,3.1078999,3.27306676,3.36245275,3.42559075,3.47730851,23
0.9951817061847534,29.33905846192512,0.0106839891456156,2.774844881887192,2.579748056737315,0.5273756980895996,1.2399425506591797,1.757955551147461,2.1160950660705566,2.383145332336426,2.5987420082092285,2.7789230346679688,2.9334263801574707,18
0.97862018,148.97604618,191.29453342,2.8,2.3,0.15891385,0.26541877,0.36899137,0.46844006,0.5617676,0.64898443,0.73097205,0.80827045,17
0.51951814,203.77346802,57.47746658,2.24104452,2.02120113,0.1983285,0.32885599,0.44532061,0.54714584,0.63829947,0.72002125,0.79425907,0.86053348,16
0.5808124136324437,3.1902710734920934,0.014866577964302,2.220050351574204,2.4571909121751245,1.1670582294464111,3.722057342529297,6.188513278961182,7.762959003448486,8.396865844726562,8.556869506835938,8.638940811157227,8.715293884277344,12
0.6499750457391336,71.09605706265737,0.1056730058672875,2.094338522378685,2.1873382858503256,0.4445769786834717,1.014829397201538,1.393751621246338,1.6428046226501465,1.8257474899291992,1.976656198501587,2.100698709487915,2.2065184116363525,18
0.58491731,63.95541416,18.0523151,2.48147641,2.765524,0.60068679,1.58807802,2.22817612,2.55510187,2.75567961,2.90597153,3.03037405,3.13557577,19
0.99619844,207.72302882,68.00313406,2.9,2.1,0.13628364,0.23995304,0.33455706,0.42970395,0.5220165,0.6109843,0.6959572,0.7780862,16
0.5505564,293.24898636,259.56843774,2.5,2.4,0.12583637,0.16840625,0.21062851,0.2488029,0.28711057,0.3224411,0.3550284,0.38663864,4
0.7284300968004257,2.507616005453764,17.912996759137886,2.56111121,2.3250618,1.095000982284546,3.325033903121948,5.169516563415527,6.177164077758789,6.590956687927246,6.817234039306641,6.982918739318848,7.107685089111328,6
0.7880198127737642,1.0642875948391743,0.8333217212508472,2.687596004251092,2.36722874204189,1.1991772651672363,3.740739107131958,6.062054634094238,7.487597465515137,8.122029304504395,8.431291580200195,8.668556213378906,8.877638816833496,13
0.62961773,55.73564143,177.24602068,2.4,2.8,0.43208075,0.9741545,1.3226151,1.5089874,1.6288967,1.7160602,1.7860618,1.8465829,20
0.5311342942247084,4.462423436190064,0.010356548682687,2.4211130349432093,2.441467167824676,1.1687166690826416,3.703506231307984,6.134182929992676,7.686263084411621,8.294651985168457,8.451619148254395,8.542808532714844,8.624327659606934,12
0.3141740076790218,4.721963830427495,33.162946591685454,2.12568879,2.46311307,1.0924384593963623,3.539745092391968,6.111778259277344,8.033173561096191,8.836174964904785,8.878913879394531,8.879549026489258,8.879923820495605,14
0.57290661,220.17350769,4.98788548,2.91822982,2.17200041,0.22089505,0.38210893,0.52933502,0.65909243,0.7758224,0.88133311,0.97734714,1.06475759,15
0.81001668,61.78361509,10.00310985,2.2,2.7,0.40054822,0.8675349,1.2210639,1.4845088,1.6883786,1.8543537,1.9937465,2.1137936,9
0.878432575155258,4.981656369529988,0.0731895043081238,2.3392532873289578,2.862570777984251,1.0090725421905518,2.9688143730163574,4.401602745056152,5.124000549316406,5.493941307067871,5.743613243103027,5.935325622558594,6.0816497802734375,5
0.9354677987973168,18.86968568750017,2.044410929426783,2.6794419210988227,2.3941458809782894,0.6380965709686279,1.5997767448425293,2.232627868652344,2.617023468017578,2.883324146270752,3.090409278869629,3.260077953338623,3.405132293701172,18
0.3,191.44263235,170.87106759,2.0,2.0,0.23647881,0.36395955,0.44079065,0.50229669,0.5533464,0.59700274,0.6342206,0.66548657,17
0.58393144,187.11547293,212.23568345,2.2,2.4,0.16556549,0.24149871,0.31752682,0.38366318,0.44349575,0.4980302,0.54820085,0.59485435,3
0.4514568886250396,19.68743112762561,28.319009599621555,2.45500588,2.23170137,0.8981361389160156,2.6167445182800293,3.8618221282958975,4.398801326751709,4.599900722503662,4.712991237640381,4.7759857177734375,4.817894458770752,23
0.75123574,214.07178201,394.08428561,2.76512601,2.75143092,0.15036774,0.1722014,0.21013188,0.25605702,0.29221392,0.32594228,0.35846925,0.38909173,4
0.457139,288.48964021,66.18120274,2.1,2.5,0.16594839,0.2481122,0.3295145,0.40187454,0.467767,0.52884316,0.5854502,0.6381309,2
0.8307549700288426,4.251445933735065,10.72420525269317,2.957102851529868,2.5214750817953533,1.0456719398498535,3.026826858520508,4.485587596893311,5.234259605407715,5.66567325592041,5.983371734619141,6.234532356262207,6.417932510375977,6
0.49708931,102.38155725,23.10910156,2.0,2.3,0.41335154,0.9084401,1.2184203,1.4032478,1.5384624,1.6491427,1.739609,1.815768,19
0.31735056,165.6508746,336.3353422,2.3,2.1,0.19773078,0.2411058,0.27065182,0.29590654,0.31869006,0.33928776,0.35718656,0.37418723,4
0.30031785,295.83745794,325.71484335,2.56762944,2.90457242,0.20340085,0.24645019,0.28404522,0.31782246,0.34645605,0.37408471,0.39896798,0.42271399,4
0.9532532925401096,22.733676605474564,6.258045385071947,2.43665959,2.85776033,0.6156651973724365,1.557723045349121,2.185779094696045,2.5747389793396,2.8471055030822754,3.0595245361328125,3.236236572265625,3.3868722915649414,18
0.79208384,178.84659064,174.34494484,2.3,2.7,0.15843987,0.24826264,0.33803797,0.42023563,0.49620032,0.5669677,0.6331718,0.6952143,17
0.41576673,270.98969553,267.44808967,2.2,2.1,0.11775732,0.14660215,0.17458153,0.19592404,0.21972847,0.24102283,0.26136923,0.28067732,11
0.3622646456912217,6.282366631131443,0.0428267325667648,2.0784057836133765,2.7681449391802184,1.1866087913513184,3.9362075328826895,6.963829040527344,9.303548812866213,10.493487358093262,10.630500793457031,10.63556671142578,10.640172004699709,12
0.51869407,70.13995015,171.02046563,2.1,2.8,0.39104795,0.8357463,1.0974355,1.2293959,1.3142529,1.3809309,1.4357677,1.4815192,21
0.7458752465074604,10.51256038705844,0.139070750408405,2.5681545033232283,2.6865274858911783,0.960646152496338,2.778186082839966,4.074678421020508,4.716897010803223,5.060516357421875,5.285458564758301,5.448000907897949,5.588984489440918,5
0.4782595,69.65607452,302.10769653,2.39145899,2.07265568,0.29147601,0.49824286,0.59309053,0.64589715,0.6857214,0.71763706,0.74320364,0.76426458,21
0.534212728985472,0.9189908240153628,0.0157689553263333,2.75616511015913,2.461094926205384,1.2619671821594238,4.162366390228272,7.434014320373535,10.165891647338867,11.630434036254885,11.676116943359377,11.683022499084473,11.68878936767578,12
1.0,288.87402344,400.0,2.0,2.0,0.04750466,0.07252598,0.09323692,0.09613609,0.10672832,0.11380887,0.11903644,0.12790036,11
0.5527132010581995,4.826082161564971,0.6351269300341148,2.286218042316651,2.6337930873817696,1.160724401473999,3.6900360584259033,6.112118721008301,7.60948371887207,8.201619148254395,8.369917869567871,8.45571231842041,8.526628494262695,13
0.7347077873871465,1.3909113598532892,84.85500123291764,2.425944423720245,2.0510898863131275,0.885103702545166,2.622670888900757,3.978251695632935,4.578307151794434,4.699975967407227,4.73618221282959,4.74113655090332,4.74217414855957,23
0.38671132,19.574722,5.94136176,2.0,2.5,1.03964686,3.1271925,4.8473382,5.71364737,5.91242313,5.96632719,5.99977064,6.0218749,6
0.73689968,123.08070126,154.48499574,2.4,2.8,0.24383116,0.42957664,0.5901313,0.7291136,0.85092664,0.95890045,1.0543311,1.1398635,17
0.9001323784607285,55.62274871338991,0.0055888837335017,2.569293822548685,2.886505487949326,0.4546895027160644,1.0204148292541504,1.45355486869812,1.7793843746185305,2.033843755722046,2.241706132888794,2.416797399520874,2.5681889057159424,18
0.30856609,167.51427742,255.226098,2.06518977,2.24677776,0.2507596,0.38281298,0.45102334,0.5052352,0.54881954,0.58574247,0.61882043,0.64810753,17
0.82800712,216.96261772,336.76863393,2.20577247,2.47046687,0.09890842,0.1418829,0.18086123,0.21292329,0.24521589,0.27693176,0.30760431,0.3371613,11
0.7113792565216122,42.48831016094718,0.0374783962405491,2.9863016273815592,2.502226426926301,0.6248311996459961,1.6059088706970217,2.2581615447998047,2.630317211151123,2.876862049102783,3.064460277557373,3.2194643020629883,3.3489975929260254,18
0.83541264,84.90235521,76.1426131,2.8,2.6,0.34271955,0.6914065,0.97769,1.2157869,1.4138739,1.5811493,1.724117,1.8488858,10
0.6014031516171758,1.8074529039873184,9.449887300806315,2.876471213608605,2.764946400983144,1.2426424026489258,4.023662567138672,6.952950954437256,9.061044692993164,10.053956985473633,10.228349685668944,10.242513656616213,10.276330947875977,14
0.9332950099743864,37.30527363237703,0.0126987189946512,2.635913656395814,2.3898859706889173,0.4790804386138916,1.0991075038909912,1.5532283782958984,1.8737874031066888,2.1175575256347656,2.314762592315674,2.480050563812256,2.6222410202026367,18
0.93823035,157.59252361,312.92214017,2.5,2.7,0.14177108,0.2045629,0.26771116,0.32922673,0.38771772,0.44075775,0.49057794,0.5374787,4
0.8358465144827797,9.323887981354172,0.0044615625976182,2.809910757347049,2.204703788464532,0.8580026626586914,2.297973155975342,3.2238550186157227,3.740018367767334,4.066114902496338,4.301407337188721,4.484632015228272,4.625414848327637,22
0.87531585,190.95178223,393.07067871,2.42083406,2.41585565,0.09819317,0.1348269,0.16626167,0.18911576,0.21382642,0.23858547,0.26213789,0.28461075,11
0.38213462,293.47073364,0.16648068,2.83986378,2.26685739,0.25149846,0.4249475,0.56388259,0.68246865,0.78615355,0.87774658,0.95914555,1.03227258,15
0.5143026586993851,9.484649491430224,3.720488172984107,2.78170824,2.27695012,1.0694658756256104,3.198922634124756,4.939727783203125,5.837923049926758,6.198229789733887,6.4186601638793945,6.585555076599121,6.711509704589844,6
0.89723176,32.30191698,176.710244,2.3,2.1,0.36052346,0.7565892,1.0349092,1.2245498,1.3608184,1.4650195,1.547672,1.6163361,10
0.86966273,198.86438139,339.86324504,2.4,2.3,0.0999794,0.14349937,0.1829853,0.21453094,0.24759793,0.28039527,0.31154346,0.34109068,11
0.90618047,212.06707784,321.02167967,2.25442056,2.13079193,0.08416033,0.12300825,0.15464568,0.17606926,0.20371771,0.2305851,0.2567029,0.28112912,11
0.55496964,237.32060808,261.97255412,2.21997629,2.10608242,0.10771775,0.14434266,0.17715931,0.2038939,0.23273301,0.25947833,0.2844882,0.30834174,11
0.32254517,9.32244015,81.26067352,2.98460317,2.07698679,0.93766832,2.7057972,4.10972643,4.73610067,4.8661828,4.94221544,4.9565196,4.95677662,23
0.41792531,112.91737017,149.72082339,2.5,2.4,0.41912818,0.9415138,1.2557213,1.4046066,1.5008807,1.5748911,1.6354392,1.6873066,20
0.75014671,91.50611303,107.71808075,2.3,2.4,0.28629184,0.54733396,0.75827837,0.932271,1.07852,1.2018094,1.3052182,1.3970811,10
0.8846362629030127,90.3480457521276,0.1420168836347566,2.8449662790583976,2.440662060715609,0.3240666389465332,0.6504936218261719,0.9314401149749756,1.1707184314727783,1.3745629787445068,1.5504190921783447,1.702819585800171,1.837627649307251,8
0.46136965,162.33391616,271.26002771,2.5,2.7,0.2496314,0.39093447,0.4863658,0.566221,0.63522196,0.69494486,0.74756384,0.7935693,17
0.5591485993901789,6.45900898322274,13.712688609046944,2.17756128,2.31844139,1.0483477115631104,3.199816942214966,5.006112098693848,5.9381256103515625,6.260894775390625,6.376055717468262,6.451948165893555,6.498833656311035,6
0.43886322,274.60452271,152.06762695,2.87814426,2.14220905,0.16655302,0.23044014,0.29583573,0.35095358,0.40247035,0.45011353,0.49447775,0.53562284,2
0.47280179,77.15090128,331.66166019,2.6,2.4,0.33716583,0.6462784,0.8069143,0.8850477,0.93775225,0.979372,1.0124292,1.0394199,21
0.85792675,218.20588616,336.78633604,2.6,2.8,0.14351773,0.16926003,0.20838499,0.25658917,0.30133986,0.33982205,0.37731934,0.41278267,4
0.85264257,124.84710803,21.63866591,2.90647177,2.28658663,0.24551678,0.45707703,0.65132976,0.82500601,0.98068428,1.12099743,1.24628401,1.35983467,9
0.6,60.0,298.97099146,2.01829925,2.0,0.24572372,0.3985734,0.48744154,0.55101252,0.59946156,0.63741803,0.6665349,0.69381714,21
0.3536262125942886,4.980607575906189,0.0051545307048765,2.276489369591077,2.1593219764947973,1.1575512886047363,3.7303273677825928,6.417840003967285,8.448995590209961,9.514123916625977,9.627534866333008,9.634520530700684,9.64055347442627,12
0.69067308,31.62965321,216.30498782,2.1,2.6,0.41140246,0.9065187,1.1965461,1.3206363,1.3859384,1.4320238,1.467253,1.4967754,21
0.5277833268919534,65.68918945784198,0.0380838563863653,2.632010990145357,2.9893607277673424,0.6878960132598877,1.9254150390625,2.761340618133545,3.1617469787597656,3.374687671661377,3.524505138397217,3.64250421524048,3.745250701904297,22
0.53586733,19.01297188,35.3028183,2.35756803,2.38998222,0.89052033,2.52583265,3.66644526,4.16329861,4.3400135,4.43443918,4.49000692,4.52542925,23
0.9514456,236.68982723,15.6075619,2.2,2.2,0.11858273,0.20739412,0.28826547,0.36526513,0.44247484,0.5176046,0.58879924,0.65729594,2
0.68437314,294.23318481,178.95782471,2.86904287,2.51870942,0.14795876,0.20128322,0.26054907,0.32279658,0.38233304,0.4352982,0.48660111,0.53529572,3
0.3234668652328668,258.2154191654322,0.0041128347706924,2.014558726679102,2.8620696768753446,0.3513784408569336,0.7518305778503418,1.0190629959106443,1.1947169303894043,1.3280067443847656,1.437824010848999,1.529715061187744,1.608100175857544,8
0.57381654,179.24499512,102.24588013,2.54646683,2.0887928,0.20546913,0.33987164,0.45958543,0.56458592,0.65714073,0.74035025,0.81514192,0.88335705,16
0.9522526067871112,1.290238985078744,0.0978814303328528,2.31880224007521,2.1169100772904432,1.076340913772583,3.0892624855041504,4.5158371925354,5.280937671661377,5.741452217102051,6.1073102951049805,6.384757041931152,6.578588485717773,5
0.39964771,120.99002477,99.96282907,2.5,2.2,0.44412184,1.0385194,1.3965318,1.5560362,1.6586072,1.7372031,1.8032107,1.859386,20
0.49720703,38.51639939,277.7804013,2.4,2.9,0.46894956,1.1109815,1.4783478,1.5543056,1.5622516,1.5704794,1.5778799,1.5844564,1
0.68437533,71.38896661,71.27438581,2.2,2.1,0.3690517,0.7768936,1.0648098,1.268564,1.4231279,1.5469904,1.6529422,1.7421765,10
0.9361726,19.81756973,35.92015839,2.25124121,2.02873778,0.52020288,1.21272755,1.65893149,1.93982816,2.13660407,2.29056144,2.41541362,2.5242846,19
0.68816987,77.78374853,299.00450204,2.1,2.8,0.22127938,0.3428166,0.43195224,0.5039079,0.56456876,0.6148753,0.6576531,0.6958363,17
0.3646908744587416,0.8390818577898612,39.58553669980861,2.9207663076771846,2.19716990964709,1.1075830459594729,3.53499698638916,6.11370325088501,8.100584030151367,9.104207992553713,9.221925735473633,9.221929550170898,9.221929550170898,14
0.3949461792958051,5.45658790282834,0.1438198759352113,2.298103241787488,2.1059247770404115,1.131143569946289,3.59242844581604,6.033472061157227,7.713319778442383,8.467362403869629,8.55532169342041,8.563281059265137,8.572263717651367,12
0.76087541,285.35938418,300.85770691,2.27608314,2.88124514,0.11125851,0.15875936,0.1956749,0.2400701,0.2852447,0.3257525,0.36356306,0.40057182,4
0.58043352,51.41563744,180.2706037,2.7,2.8,0.52052546,1.2930017,1.799758,2.0206528,2.1285868,2.2027664,2.2647777,2.3184566,0
0.48590734,147.11780448,396.33845569,2.24579614,2.69655819,0.19880939,0.2637682,0.31476283,0.35742188,0.3956511,0.42984629,0.46061325,0.48886657,4
0.76738033,274.84428993,175.49570273,2.21359704,2.05832204,0.09142208,0.14225292,0.18596697,0.22316003,0.2639668,0.30280328,0.34017706,0.37598085,3
0.58277761,286.80527052,38.72872084,2.0,2.3,0.1311822,0.20774603,0.2801485,0.3480413,0.41345787,0.47434354,0.53152394,0.5858159,2
0.38537717,102.43343353,328.48999023,2.24976325,2.3844254,0.29215765,0.49185896,0.58030224,0.63185811,0.6715138,0.70632839,0.73402047,0.75738525,21
0.93727283,59.01087498,352.61620475,2.1,2.8,0.17784119,0.25459838,0.3250773,0.38216543,0.43080425,0.47284985,0.5093887,0.54092884,4
0.68161744,20.14593378,15.41950173,2.21341335,2.60075211,0.79649806,2.24350405,3.18968296,3.63005638,3.85269117,3.9932332,4.10620689,4.19945765,22
0.70161521,161.24867249,181.83508301,2.01172209,2.10919881,0.14109588,0.22195172,0.29928708,0.36962461,0.43402648,0.49278903,0.54746056,0.59834647,3
0.5571612262825997,12.980980824374184,7.23790493965321,2.66980638,2.34289668,0.9897818565368652,2.887336254119873,4.297190189361572,4.967703819274902,5.276978969573975,5.482840061187744,5.620749950408936,5.721971035003662,6
0.530439168957779,2.823769708678054,0.0670369338291918,2.7670365728340327,2.0020148258543973,1.148595094680786,3.588036060333252,5.923322677612305,7.451255798339844,8.142078399658203,8.30496597290039,8.409975051879883,8.521337509155273,12
0.73320246,23.37851334,398.5519104,2.27699733,2.01363611,0.2575562,0.3901062,0.42323589,0.43604922,0.44508147,0.4524312,0.4588263,0.46407628,21
0.42345473,92.6798008,259.35231683,2.5,2.9,0.39137983,0.82334137,1.0662119,1.1678171,1.2302189,1.2785072,1.3195996,1.3534222,21
0.90143317,57.29100171,218.61013018,2.1,2.7,0.24455523,0.43757367,0.59339356,0.7224307,0.82999516,0.92106175,0.99782944,1.063247,17
0.3659770329377035,40.97143645298419,0.1575788690089389,2.6886423578309664,2.3263120983140544,0.8898632526397705,2.589418172836304,3.830247640609741,4.38461971282959,4.610359191894531,4.74559211730957,4.821969985961914,4.876560211181641,22
0.84730858,237.18043733,149.79581419,2.58908654,2.39559216,0.13137722,0.20858574,0.28087878,0.35014296,0.41730499,0.48163414,0.54222775,0.60031652,2
0.43280401,20.46779956,152.29763984,2.4,2.6,0.734092,2.0584247,2.990465,3.3262112,3.3713377,3.3716376,3.3724134,3.3738225,23
0.4084479266844598,1.700688145502154,0.0588640300696731,2.5206975204765247,2.619878024642733,1.2597792148590088,4.200594425201416,7.586909294128418,10.557482719421388,12.242756843566896,12.290064811706545,12.297877311706545,12.304523468017578,12
0.95055343,149.04649022,218.60079233,2.0,2.5,0.12078476,0.18693471,0.24892974,0.3085308,0.36636662,0.4202435,0.47035408,0.51746964,3
0.86659378,91.34121774,278.07113051,2.7,2.5,0.2282002,0.38478017,0.5226419,0.64337873,0.74890494,0.8424916,0.9249141,0.9991207,17
0.9555036,242.716513,230.80222828,2.8,2.7,0.15402818,0.19903827,0.25621295,0.32798505,0.3920958,0.4514513,0.5092764,0.5640373,3
0.95526079,47.75543422,265.95489436,2.8,2.5,0.30579472,0.59088826,0.8120692,0.9900117,1.1335485,1.2515349,1.3486571,1.4301059,10
0.55940754,188.34988653,99.81178025,2.8,2.8,0.28981566,0.5248561,0.7145448,0.8765476,1.0160875,1.1371493,1.2436781,1.3385468,10
0.3498946723239434,1.9331448792305184,0.0996260551950821,2.1030813290004886,2.0976665118268034,1.172611951828003,3.8510215282440186,6.821622848510742,9.289395332336426,10.487918853759766,10.507740020751951,10.514880180358888,10.520818710327148,12
0.5071439,234.48651171,236.60254247,2.5,2.1,0.15416193,0.2155633,0.27776432,0.333107,0.3839059,0.43075967,0.47422194,0.514971,3
0.82266985,241.7336268,250.18588805,2.13635338,2.08582224,0.08318925,0.12605095,0.16218686,0.18990946,0.22300148,0.25455904,0.28483939,0.31364465,11
0.7642139851220698,0.7980114555893667,0.0256600978781256,2.776905879178546,2.791959699352315,1.2729730606079102,4.131389617919922,7.107762336730957,9.17547607421875,10.174296379089355,10.44644832611084,10.53481674194336,10.670921325683594,12
0.77035801,124.3831498,385.63976735,2.5,2.0,0.13425303,0.18116069,0.23070645,0.27419782,0.3135712,0.34993052,0.38360953,0.41436625,4
0.8721965172674371,257.81316715822976,0.1025280956116446,2.6626337078101945,2.369540129981633,0.1461105346679687,0.2467687129974365,0.3421103954315185,0.4360299110412597,0.5264244079589844,0.6134910583496094,0.6964983940124512,0.7754487991333008,15
0.3083270058861891,8.451695105115533,13.79718963902759,2.9,2.3,1.1316652297973633,3.58950138092041,6.073885440826416,7.817886829376221,8.506326675415039,8.552780151367188,8.560785293579102,8.577459335327148,14
0.4277426099212552,4.489621317800753,0.0370163647753512,2.985842254550139,2.775383331450189,1.2617778778076172,4.122070789337158,7.223433494567871,9.580958366394045,10.74889850616455,10.877172470092772,10.884202003479004,10.890398025512695,12
0.96621893,66.37506468,115.47062225,2.17097384,2.005,0.22272134,0.41254616,0.58153343,0.72862554,0.85713768,0.97046566,1.07053471,1.15845561,16
0.49909557,189.0602082,185.17344913,2.9,2.6,0.27990365,0.48744583,0.64388895,0.7766857,0.889946,0.9879284,1.0739927,1.1506257,17
0.912377665725386,9.293698876589058,0.1014442538675363,2.2049905443625484,2.4034335932418247,0.8019144535064697,2.14560604095459,2.978843212127685,3.4241809844970703,3.6992416381835938,3.896503448486328,4.051820278167725,4.181962013244629,22
0.30809498,12.60079575,14.10281372,2.25400066,2.11087775,1.08592916,3.23073888,5.12911892,6.14650059,6.40734196,6.46887875,6.4951849,6.50607586,6
0.58764971,184.3036587,71.35604117,2.8,2.8,0.29477835,0.54252386,0.7463746,0.92093396,1.0718269,1.2030971,1.31815,1.4206061,10
0.57409739,18.61046791,8.04037476,2.07960892,2.01720834,0.84284234,2.25621867,3.1115582,3.47885299,3.64873433,3.75336242,3.82267642,3.8794353,22
0.9809110424148124,25.96161494645458,0.1034576092202891,2.9957150296697894,2.295252223095815,0.5253732204437256,1.240588665008545,1.7564034461975098,2.1065783500671387,2.366250991821289,2.572887897491455,2.746544361114502,2.895270347595215,18
0.4288700799073022,9.898593660629103,74.67129197667448,2.8,2.4,0.9375498294830322,2.840867042541504,4.447458744049072,5.242331504821777,5.439352035522461,5.506155967712402,5.532294273376465,5.540233612060547,7
0.63535626,266.8214453,105.48847124,2.25730164,2.07531264,0.12223005,0.18911505,0.25179958,0.31064606,0.36796236,0.42211628,0.47264218,0.52064514,2
0.36395744,28.15654164,99.40275857,2.7,2.9,0.8768575,2.564023,3.9155512,4.5581636,4.73798,4.7752867,4.7820473,4.787287,23
0.958779739578417,208.6289791590987,0.0218740856577674,2.5981890147427293,2.727600337290709,0.177027940750122,0.305762767791748,0.4285776615142822,0.5532748699188232,0.6707909107208252,0.7817423343658447,0.8873298168182373,0.9878489971160888,15
0.37564707,293.36486816,11.58800983,2.41427565,2.26865935,0.23474097,0.38717151,0.51246309,0.62059617,0.71494436,0.79807496,0.87371588,0.94172096,15
0.76120926,71.34844878,356.46892314,2.9,2.5,0.2760558,0.48373032,0.63123584,0.7501149,0.8471894,0.9275873,0.99552727,1.052938,17
0.820202373716572,1.798369011813336,12.482713298513769,2.005970671697206,2.2301974429396,1.0566294193267822,3.171872138977051,4.821186065673828,5.662576198577881,6.034908771514893,6.2478203773498535,6.383218288421631,6.47421407699585,6
0.97411849,287.65375139,262.1954465,2.7,2.4,0.11726642,0.1545074,0.19013047,0.23550034,0.2853949,0.3293829,0.36947703,0.40943146,4
0.55554548,90.85788741,231.9729859,2.33658296,2.30886816,0.30494022,0.56595492,0.7349391,0.85287142,0.94215274,1.0134232,1.07226276,1.12237048,10
0.30000001,51.52502823,175.98495483,2.0,2.0,0.52082515,1.30157757,1.68601441,1.71313238,1.71570849,1.71862006,1.72148371,1.72428799,0
0.3649643843860176,1.0274790538289738,0.0187825807101027,2.65891198554002,2.8955064922989053,1.3056042194366455,4.424652576446533,8.180038452148438,11.676525115966797,13.94675636291504,13.988754272460938,13.994424819946287,13.999195098876951,12
0.89972589,200.00997858,250.48565888,2.5,2.2,0.11589932,0.17982817,0.23970056,0.29559684,0.3503673,0.4029982,0.45291924,0.5000644,4
0.81594998,250.68428348,347.49727307,2.6,2.0,0.08416009,0.12305188,0.15711737,0.1823945,0.2096343,0.23655057,0.2639091,0.2898383,11
0.93237833,61.13682893,188.84126291,2.2,2.9,0.2611525,0.48558092,0.67050743,0.8259132,0.9572716,1.0696564,1.165432,1.2485127,10
0.98463773,183.21131458,155.18423747,2.2,2.2,0.11529708,0.1919334,0.26264787,0.32877827,0.3949597,0.45774078,0.5170891,0.5738063,2
0.8396933292520801,52.42376966815747,0.067714517771047,2.840050625607742,2.352966079208596,0.4510862827301025,1.02201247215271,1.4458215236663818,1.747732400894165,1.9778759479522705,2.1644771099090576,2.321631669998169,2.4573094844818115,18
0.52521141,169.35451651,235.37817212,2.8,2.1,0.22412586,0.3632183,0.4781506,0.57622933,0.6624048,0.7388303,0.8072417,0.86799717,17
0.62063074,183.87640381,5.56118059,2.62961769,2.38240981,0.26454592,0.48563695,0.67702341,0.84414959,0.99004459,1.11968589,1.2336719,1.33647871,9
0.78231832,59.63668074,19.87187667,2.6,2.1,0.4308691,0.96251225,1.3442352,1.6167161,1.8245616,1.991987,2.1301434,2.2479837,19
0.6246622115007634,2.3771578555851227,0.1029058074807491,2.684287356636879,2.649084954396036,1.2263505458831787,3.925436973571777,6.616785526275635,8.379655838012695,9.14344596862793,9.349925994873049,9.48044204711914,9.616106033325195,12
0.48290849,101.87620223,305.99559704,2.9,2.3,0.32863355,0.6370387,0.8222816,0.93807745,1.02214,1.088793,1.1428101,1.1893065,21
0.50079447189841,2.3452590455926945,22.949554568649056,2.169220069004904,2.3648102001071813,1.1097733974456787,3.573800802230835,6.082204818725586,7.840243339538574,8.569931030273438,8.630770683288574,8.63224983215332,8.63380241394043,14
0.3,300.0,228.73463942,2.0,2.0,0.11462951,0.13545537,0.15265679,0.16707754,0.18298173,0.19771695,0.21131563,0.22500491,11
0.7507651542036845,1.49100552688126,0.0038704198027496,2.1337388946411338,2.695605293123318,1.1883609294891355,3.8130929470062256,6.335048675537109,7.895420074462891,8.586231231689453,8.841662406921387,8.989754676818848,9.104283332824709,12
0.30600669,19.39567693,129.22071703,2.92347447,2.50088978,0.86468387,2.50874615,3.83749151,4.43543482,4.57460117,4.58373308,4.5838747,4.58404827,23
0.8909097,187.32346457,262.13214285,2.5,2.7,0.14298391,0.2092514,0.27607965,0.34232593,0.4052527,0.46286964,0.51680017,0.5685549,4
0.3979943,113.07761922,36.28702574,2.1,2.8,0.47632098,1.1160102,1.4988718,1.6808434,1.7992892,1.8916225,1.9705024,2.0410328,19
0.51072176,197.25676479,192.2100053,2.1,2.5,0.17164421,0.24691463,0.31986713,0.38270974,0.4394951,0.49111533,0.53801465,0.5816374,3
0.463558421400924,1.4820521531502682,0.4600356627429918,2.4888336910705635,2.574000052130481,1.253894329071045,4.1777520179748535,7.514060497283935,10.358968734741213,12.020233154296877,12.10257339477539,12.110260009765623,12.11678695678711,13
0.52509224,294.97439575,300.84637451,2.9714303,2.41810536,0.13725448,0.15976024,0.19063663,0.2187736,0.2492435,0.27144909,0.29423261,0.31737351,11
0.32165709,296.3240448,202.25039721,2.16764031,2.72234001,0.20059514,0.27945065,0.34618068,0.4035809,0.4550426,0.50197673,0.54442978,0.58438921,3
0.3510825,174.31703186,208.18977356,2.51546812,2.00414133,0.23068118,0.34165406,0.41234446,0.47069097,0.5204556,0.56334591,0.60059476,0.63326645,17
0.4906770063710037,18.38206212578105,19.985921517245,2.0933520963470214,2.506925312112984,0.9271612167358398,2.7830169200897217,4.197532653808594,4.838244438171387,5.031208038330078,5.126021385192871,5.180213928222656,5.222893714904785,6
0.6877456691039983,79.39662147873946,0.1572664916732855,2.036203561023917,2.974132608565476,0.4503071308135986,1.063215970993042,1.4934914112091064,1.7862930297851562,2.00740909576416,2.185230731964112,2.333047389984131,2.458424091339112,18
0.63083137,33.82048087,2.61620683,2.0,2.0,0.63894391,1.59082842,2.12883997,2.39029741,2.54726315,2.66778183,2.76687241,2.84767485,18
0.67025197,58.7793637,123.70015889,2.2,2.5,0.40326428,0.8809397,1.1987817,1.395365,1.529778,1.6372924,1.7260551,1.7987962,20
0.74209106,216.60264587,7.26315928,2.12438774,2.1522193,0.15246749,0.26244521,0.36779499,0.4668088,0.55939341,0.64631844,0.72747231,0.80444765,15
0.5269979184067937,1.9672716175888656,0.9987235621210412,2.0900210102166312,2.5529918140072207,1.1967074871063232,3.949894666671753,6.930325508117676,9.18322467803955,10.334816932678224,10.436861991882324,10.445733070373535,10.452951431274414,13
0.649111181082392,78.5742640323282,0.0039700294197589,2.986577153540397,2.459760239737846,0.4908242225646972,1.1614947319030762,1.634119987487793,1.936835765838623,2.1564412117004395,2.329944133758545,2.473755359649658,2.5989818572998047,18
0.5656336625298447,296.10862346601965,239.8625243647917,2.1,2.2,0.0948796272277832,0.1323506832122802,0.1665766239166259,0.1916735172271728,0.2203741073608398,0.2480974197387695,0.2751457691192627,0.3005275726318359,11
0.3578626503808301,6.568190846377608,0.1274315378355536,2.323894598406151,2.7105813200228,1.2067666053771973,3.961693286895752,6.972041130065918,9.269872665405272,10.40359878540039,10.532597541809082,10.538655281066896,10.543827056884766,12
0.46274829,9.16743469,36.51237488,2.10011601,2.86774111,1.06490779,3.29447818,5.32720852,6.55088139,6.87044716,6.89742661,6.9103899,6.91587162,7
0.48578584,4.262115,2.21819496,2.80451632,2.68626523,1.28737497,3.97753525,6.74095154,8.62435532,9.49247646,9.79001045,9.96968079,10.16849232,13
0.41980961,27.93903528,81.02630852,2.1,2.3,0.74380016,2.0230534,2.8379896,3.121462,3.1918147,3.212488,3.2282627,3.242676,23
0.65597761,221.24119568,83.79967499,2.28087211,2.34436178,0.16893125,0.27571392,0.37949586,0.47508597,0.56244779,0.64359331,0.71904731,0.78949356,16
0.7801213033544705,145.31305254658128,0.0858225229857135,2.604676657785652,2.3788637802409323,0.2542736530303955,0.4718942642211914,0.6717565059661865,0.8497402667999268,1.0083937644958496,1.1510462760925293,1.2796039581298828,1.394705295562744,8
0.8638103888268939,1.771602400417907,2.420692340225964,2.78827691,2.97677898,1.2033874988555908,3.7187657356262207,5.927620887756348,7.204730987548828,7.826190948486328,8.202616691589355,8.526910781860352,8.781829833984375,14
0.53377833,213.82966761,117.28073567,2.0,2.6,0.17382836,0.26595378,0.35398984,0.43220735,0.50291467,0.5671036,0.62657595,0.681339,16
0.43667294,35.9719503,199.22885917,2.8,2.2,0.615489,1.7210767,2.468151,2.6763253,2.6818457,2.6853924,2.6892958,2.6930618,1
0.70887268,4.38131809,45.35224152,2.6763792,2.72818375,1.07186079,3.17219687,4.89244175,5.8028264,6.12759352,6.27727175,6.35290861,6.38171244,7
0.88717662,238.98322237,75.80847055,2.7,2.6,0.15617609,0.2585423,0.35360503,0.45311642,0.54666877,0.6340451,0.71775603,0.7980187,16
0.32036462,188.33738708,210.15596008,2.23687387,2.96730494,0.33913827,0.67585588,0.87488866,0.98907137,1.07340932,1.14268017,1.20021534,1.2498703,10
0.92864579,134.60740708,246.408292,2.53966257,2.68979889,0.17566681,0.28213501,0.38680816,0.48512554,0.5747385,0.6578474,0.73475099,0.80625868,17
0.30420285,296.50143433,83.367836,2.03208995,2.12962556,0.19506335,0.28520322,0.3609457,0.4258399,0.48348379,0.53472781,0.58204484,0.62402177,2
0.55477378,125.26134931,210.74318957,2.1,2.3,0.21787786,0.3485837,0.45149374,0.537652,0.61090183,0.6737194,0.7290447,0.77724147,17
0.81681781,262.46636429,59.77147624,2.2,2.2,0.11601853,0.19400477,0.26579046,0.33286405,0.40029407,0.4645965,0.5261669,0.58482385,2
0.30527352,151.60529914,146.32721096,2.81566904,2.2547225,0.39305067,0.82985449,1.07174778,1.17340732,1.24011874,1.29579806,1.34056687,1.38112569,21
0.9002349000299371,11.191626187875588,1.5666060350149733,2.054351615186735,2.1441655293805426,0.7212021350860596,1.8453855514526367,2.519539356231689,2.887599468231201,3.123812198638916,3.299835681915283,3.4395055770874023,3.5591816902160645,22
0.52336407,288.91723633,13.03614616,2.89730215,2.07974005,0.17374849,0.27457905,0.37423444,0.46385789,0.54672766,0.62357926,0.69503117,0.76138258,15
0.8078558517800575,3.530456268114123,0.0074132646152277,2.410036597121332,2.672151640127827,1.0974218845367432,3.28987717628479,4.997820854187012,5.884965896606445,6.323735237121582,6.611550331115723,6.837283134460449,7.004188537597656,5
0.9936412,13.82353973,144.61177063,2.21491575,2.68755555,0.54717278,1.37457919,1.91029358,2.19573116,2.36374283,2.48203802,2.57296705,2.64432192,20
0.9461053155420688,292.5037678024845,389.55244036414217,2.3,2.4,0.0733449459075927,0.1069679260253906,0.1312170028686523,0.1417207717895507,0.1583547592163086,0.1781971454620361,0.1963808536529541,0.2137727737426757,11
0.81549948,43.54872332,205.01438407,2.0,2.2,0.29394984,0.56197095,0.7516544,0.889307,0.990597,1.0701611,1.1334054,1.185883,10
0.92815843,63.58358725,276.19214793,2.4,2.5,0.23182869,0.3982408,0.5393443,0.6581552,0.75907207,0.8464165,0.9211409,0.98722196,17
0.72169077,101.54980469,394.78314209,2.30707169,2.00065565,0.12745285,0.1542356,0.17848849,0.19747972,0.217345,0.23358011,0.24904919,0.26301193,11
0.6464021251407529,2.7727616124054526,7.382787628494046,2.4339054790325205,2.5666239817718326,1.1677615642547607,3.680109977722168,6.034308910369873,7.470802783966064,8.053913116455078,8.246763229370117,8.372970581054688,8.470388412475586,14
0.6136597827769212,3.97981094225328,0.3665978640771006,2.5729279256103523,2.5049160888777497,1.168433427810669,3.636828660964966,5.874632835388184,7.181008338928223,7.715802192687988,7.936887741088867,8.110554695129395,8.24176025390625,5
0.80724633,32.72664674,400.0,2.0,2.0,0.19964004,0.27084756,0.30813622,0.33538079,0.35644865,0.37338805,0.38647556,0.39664149,4
0.3190268,246.609375,44.13748169,2.02396441,2.51358652,0.31226921,0.59667516,0.78142929,0.9142139,1.02013111,1.10701561,1.17917228,1.24359083,9
0.803729799557205,1.834466359943423,0.5115947230213597,2.9867982506992283,2.585903827355366,1.1997580528259275,3.673520088195801,5.817328453063965,7.039361953735352,7.634702682495117,8.015522003173828,8.369139671325684,8.675179481506348,13
0.66522817,21.40589766,355.93734313,2.0,2.8,0.3305359,0.6067662,0.6985905,0.7054894,0.7097299,0.7132592,0.7161691,0.7185657,21
0.7452577772604413,24.8882675301107,0.0045858215664625,2.933018703104266,2.586656732276133,0.7500040531158447,2.024139404296875,2.8630709648132324,3.316249370574951,3.5926995277404785,3.793321132659912,3.955623149871826,4.0914835929870605,22
0.8446426034018575,7.939206071773422,0.0093298207123508,2.4841143458468595,2.50497010726982,0.9207677841186525,2.5803980827331543,3.6927719116210938,4.2655110359191895,4.590460777282715,4.816770553588867,4.996179580688477,5.134876251220703,5
0.7086194165751263,196.44128973297947,344.04403589647944,2.2,2.8,0.1360712051391601,0.1887624263763427,0.2416439056396484,0.2923316955566406,0.3398971557617187,0.38399338722229,0.4253015518188476,0.4641017913818359,4
1.0,85.0641098,400.0,2.0,2.0,0.09755993,0.12968206,0.15537119,0.17659378,0.19862747,0.21815062,0.23637962,0.25350308,11
0.45948064,175.63060706,395.87519886,2.76464218,2.37917653,0.17011428,0.19841599,0.2277391,0.24878216,0.27069092,0.28947568,0.30599236,0.322577,11
0.4738923851557953,145.01885150209196,0.0044951101279683,2.7580702114329805,2.5053911067570143,0.4397873878479004,1.0073583126068115,1.3958978652954102,1.6413822174072266,1.818497657775879,1.9597930908203125,2.0805134773254395,2.1813883781433105,18
0.306207594163373,6.431825961195264,0.1553320166380681,2.8678421779312044,2.1979092664213944,1.1865341663360596,3.808443307876587,6.602697372436523,8.756905555725098,9.839457511901855,9.93620777130127,9.941752433776855,9.946651458740234,12
0.4569939324153262,32.91506877843323,20.451145897958032,2.281402072523261,2.061364144260172,0.773129940032959,2.140937089920044,3.01019549369812,3.3810741901397705,3.539896249771118,3.638517141342163,3.705299615859986,3.76027512550354,23
0.4408851207327862,63.26220546169496,15.446431061124011,2.734686155081398,2.692638296179615,0.7367186546325684,2.0993778705596924,3.0356523990631104,3.4639666080474854,3.6500189304351807,3.770311117172241,3.8591134548187256,3.933610200881958,22
0.9472381788219024,122.88413493670556,0.0224801376499514,2.3873503444045587,2.610582787155307,0.2374672889709472,0.4397635459899902,0.6326808929443359,0.8095240592956543,0.9708545207977296,1.1182429790496826,1.2524583339691162,1.3755199909210205,8
0.9110868720417264,4.076833334847037,0.968136555829102,2.5750391481956445,2.1819440789849174,0.9647557735443116,2.642303705215454,3.74934983253479,4.342700958251953,4.721149444580078,4.999698638916016,5.212634086608887,5.38079833984375,5
0.70211148,9.72763729,0.88224626,2.96718144,2.94138718,1.08558464,3.1653862,4.78350449,5.63859463,6.04201984,6.30423737,6.48615932,6.62410259,5
0.30244073,54.09697292,29.05279346,2.5,2.0,0.8267958,2.4102287,3.5606613,3.993451,4.0785704,4.102878,4.1228747,4.14258,23
0.923388308285802,2.272656882163038,0.1020545366672193,2.1090686223291497,2.03403296789837,0.9980652332305908,2.769493818283081,3.932976484298706,4.537049293518066,4.91523551940918,5.183163642883301,5.375180244445801,5.522865295410156,5
0.45613862,149.45601629,147.7926613,2.6,2.0,0.30710673,0.59041667,0.7832496,0.92434597,1.0350604,1.1261704,1.2019839,1.2668946,10
0.98964965,19.47385979,6.97798443,2.19450569,2.1380384,0.53476191,1.24337673,1.71626663,2.02207422,2.24499846,2.4215169,2.5678091,2.69310236,18
0.93007367,126.33813,183.43561069,2.9,2.6,0.21491027,0.36637926,0.51314425,0.6485486,0.7716391,0.88556147,0.9899924,1.0862339,17
0.49439656,76.58009986,344.63375774,2.1,2.1,0.22713542,0.3239045,0.37363005,0.41186953,0.4432497,0.46887708,0.49129677,0.5102298,4
0.48209669,263.7381222,199.3915121,2.7,2.2,0.1751504,0.25400305,0.3316207,0.40070295,0.4637065,0.52143574,0.57476735,0.62457085,3
0.58528113,166.534729,377.3503418,2.19264245,2.9974246,0.17824388,0.2463429,0.31062102,0.36741781,0.41897941,0.46573091,0.50815082,0.54760885,4
0.64195204,182.22605896,142.38464355,2.00252676,2.63218236,0.19279361,0.32235909,0.44433379,0.55282545,0.65067863,0.74003434,0.82181668,0.89630628,17
0.7458342573558832,74.99622176178843,0.2738663783654512,2.0996057290134766,2.853823164274088,0.4268972873687744,0.9665954113006592,1.3624062538146973,1.6503703594207764,1.8741662502288816,2.056703329086304,2.2099201679229736,2.340816736221313,18
0.9890473387295752,2.398619011877642,3.1809547961743223,2.926817434945137,2.660652107209324,1.0768709182739258,3.0985770225524902,4.581903457641602,5.371030330657959,5.852090358734131,6.232018947601318,6.532392978668213,6.755115985870361,6
0.4665046204605926,65.40305469033487,113.3168567107496,2.840244463540879,2.5852535126688823,0.5782616138458252,1.5440161228179932,2.172059297561645,2.434289693832397,2.5543015003204346,2.6384165287017822,2.7077767848968506,2.768322229385376,0
0.3933054,291.67403431,150.02026966,2.3,2.3,0.16407847,0.22561836,0.28832245,0.34207988,0.3917489,0.43733835,0.4797542,0.5191126,2
0.8455964374266328,78.82998916215968,0.004136985698025,2.1034103528898727,2.0291744373480856,0.2832880020141601,0.5608997344970703,0.7979609966278076,0.9980223178863524,1.1676242351531982,1.3140323162078855,1.4422903060913086,1.5548412799835205,8
0.42614776,11.1880158,106.69376436,2.3,2.6,0.86265326,2.475815,3.6993983,4.188529,4.313095,4.3271914,4.327423,4.3274784,23
0.7628155260040881,1.122405457744062,52.57618678419255,2.34695339,2.20140815,1.010561227798462,3.092799186706543,4.897039890289307,5.903043746948242,6.195694923400879,6.254405975341797,6.274194717407227,6.278078079223633,7
0.72866753,149.15411711,231.15055096,2.28079957,2.90216881,0.20628357,0.33931112,0.46355724,0.57429099,0.67412472,0.76445055,0.84697819,0.92250371,17
0.9852338661968107,300.0,350.42039751515864,2.00611177,2.005,0.0514700412750244,0.0787520408630371,0.1033856868743896,0.1100764274597168,0.1248316764831543,0.137364387512207,0.1497881412506103,0.1630785465240478,11
0.3649530274872115,3.089771042525969,0.0246786632309027,2.50290857595124,2.296770358050344,1.2095520496368408,3.950963020324707,6.958802223205566,9.394346237182615,10.654656410217283,10.710076332092283,10.713604927062988,10.716513633728027,12
0.6960914712650886,35.68268169873016,0.037267655801306,2.585185084127404,2.8560839185216023,0.7057797908782959,1.9271619319915767,2.7270495891571045,3.1418607234954834,3.3901255130767822,3.569434881210327,3.713467836380005,3.8422982692718506,22
0.8876524931496402,7.813928333589591,0.1548973440263387,2.553024375670744,2.2223745829452604,0.8504805564880371,2.264017105102539,3.159893035888672,3.65788459777832,3.969943046569824,4.193035125732422,4.367058753967285,4.500551700592041,22
0.78304815,189.36400252,255.20293329,2.1,2.2,0.10564637,0.15543246,0.20080447,0.24034739,0.28144073,0.32005715,0.35623264,0.39038372,4
0.97920662,276.08409304,234.83176312,2.1,2.4,0.07906008,0.12489009,0.15934992,0.18420935,0.21746492,0.25104904,0.28303432,0.31266785,11
0.99384282,70.15525495,122.72314524,2.6,2.3,0.26409316,0.50104403,0.71224236,0.896966,1.0590832,1.2014971,1.3264031,1.4363792,10
0.99242899,222.16944522,106.24281029,2.9,2.7,0.16402745,0.2617135,0.35666108,0.46089005,0.55586123,0.6460757,0.7326634,0.81558704,16
0.86897346,217.803026,309.77805057,2.9,2.6,0.14399767,0.19638252,0.25172448,0.3163066,0.37245417,0.4251089,0.47601533,0.52395153,4
0.67851462,131.42893834,282.34848616,2.86398411,2.0,0.15742159,0.21735358,0.27544808,0.32599449,0.37145758,0.41299105,0.45034838,0.48469996,4
0.90551835,116.77128601,183.78034973,2.12014151,2.00978947,0.14317799,0.23574281,0.32413507,0.40536094,0.48027349,0.54884815,0.61220479,0.67083764,3
0.38813637,97.67987746,86.11699059,2.21604742,2.90393778,0.56862307,1.53773665,2.16514492,2.39455318,2.48605776,2.55406332,2.61212444,2.6636858,0
0.46596146,270.40142822,360.33377075,2.04126287,2.59073591,0.10871148,0.13257599,0.157969,0.17494607,0.19299984,0.20965767,0.22708535,0.24396276,11
0.69955981,32.41411591,378.70214844,2.03805017,2.30252695,0.27964592,0.47637868,0.56808996,0.61353087,0.64343214,0.66407943,0.68190336,0.69594669,21
0.90877682,25.61721611,24.9154911,2.51163673,2.08227253,0.51008964,1.18646622,1.64223862,1.93385077,2.14574862,2.31205654,2.44830847,2.56418085,19
0.3030525931148044,7.91039430918977,55.0825097009648,2.40180933,2.19386024,0.9875974655151368,3.0676019191741943,4.995223045349121,6.173101425170898,6.46385383605957,6.465628623962402,6.466859817504883,6.467442512512207,7
0.3051096411233391,1.36934503260297,45.14086278409068,2.185935944782309,2.40109470365778,1.0850844383239746,3.509817123413086,6.098602771759033,8.1187744140625,9.081193923950195,9.139074325561523,9.139083862304688,9.139083862304688,14
0.90406284,112.93064202,127.16197326,2.9,2.3,0.2338469,0.42361784,0.60147643,0.76218915,0.9072132,1.0383847,1.1579089,1.2657292,16
0.94189517,4.36398133,167.77558607,2.4,2.1,0.6687541,1.8136499,2.527961,2.7690098,2.7977607,2.7984593,2.7984626,2.798498,0
0.84921014,176.15931667,299.75464328,2.8,2.8,0.16082096,0.2343893,0.31032324,0.3856752,0.4527309,0.5149193,0.5739994,0.6288457,4
0.66079039,143.71600831,331.63437734,2.91455143,2.6543442,0.20541096,0.2976141,0.38132763,0.45455718,0.51906037,0.57718468,0.62973547,0.67736578,17
0.6449535442754841,5.477518671230125,49.66976433551001,2.8622562,2.23919803,0.9514102935791016,2.7889955043792725,4.180129051208496,4.835902214050293,5.107145309448242,5.271381378173828,5.3649749755859375,5.419013977050781,7
0.4492963676356199,25.304175039218887,0.0078339248454578,2.751984623721745,2.868490256173582,1.0139310359954834,3.0733180046081543,4.7619805335998535,5.624126434326172,5.947813034057617,6.113852500915527,6.2325439453125,6.311972618103027,5
0.986856255108282,48.1942388962416,1.3915986431258451,2.966588034156006,2.583756723896162,0.4271891117095947,0.9357032775878906,1.341115951538086,1.6568007469177246,1.9071502685546875,2.114276885986328,2.2897849082946777,2.441805362701416,18
0.87625632,207.99989751,95.24395817,2.1,2.5,0.12871265,0.21155477,0.2893083,0.36471868,0.43798327,0.50708747,0.57301164,0.63504815,2
0.61043738,239.44888905,373.05377432,2.3,2.5,0.10254455,0.12972212,0.15474606,0.16717148,0.18256378,0.19844079,0.21379352,0.22812581,11
0.54738384,141.99714031,399.61532217,2.5,2.1,0.15863991,0.19605947,0.23532486,0.2670431,0.29611826,0.32253695,0.34745407,0.36999536,4
0.93977904,244.50514221,375.69909668,2.25309896,2.10954213,0.06666756,0.09759402,0.12117481,0.12455297,0.14006209,0.15582275,0.17056203,0.18324733,11
0.48976565,219.84760125,67.05492988,2.6,2.1,0.2422936,0.42231798,0.573437,0.7040365,0.81816864,0.9190037,1.0082047,1.0877323,16
0.39031169,181.58882251,269.75747838,2.2,2.9,0.21561909,0.2962165,0.3539753,0.4014485,0.4435165,0.48121548,0.5149796,0.5452454,4
0.4427825776160109,1.2421675053338814,0.8081514980007728,2.745092266050245,2.8017727745379544,1.2910521030426023,4.330595016479492,7.892602920532227,11.066144943237305,12.969242095947266,13.005948066711426,13.013102531433104,13.019070625305176,13
0.75637627,77.94652557,104.664505,2.15872598,2.44770646,0.3247366,0.6524899,0.90628791,1.10759926,1.26802158,1.40047455,1.51212311,1.60951829,10
0.30760815,147.31144383,284.03782509,2.40704228,2.10801972,0.23991609,0.33651233,0.38038993,0.416291,0.44727635,0.47350502,0.49681926,0.51727724,4
0.31338251,181.34680761,258.45881924,2.19155399,2.1860825,0.22800303,0.32047153,0.37595487,0.42154431,0.46062279,0.49501586,0.52497864,0.55177283,4
0.30898651,124.36649373,197.24975117,2.28091289,2.74859501,0.44760823,1.07185721,1.44268513,1.55487061,1.6007905,1.63879704,1.67142463,1.70096803,1
0.9072567923324816,5.5989890218564025,1.235252415532925,2.094018241495573,2.9932269097687128,0.9463133811950684,2.7903220653533936,4.116292953491211,4.764109611511231,5.0921630859375,5.305170059204102,5.469181060791016,5.600600242614746,5
0.50039829857249,39.38708771603268,229.04229895836096,2.862821500106264,2.104763820308079,0.4420998096466064,1.051438808441162,1.3867433071136477,1.477649450302124,1.510479211807251,1.5363104343414309,1.5582401752471924,1.5770995616912842,1
0.55306995,115.2950592,76.71565247,2.70849371,2.00700045,0.31744456,0.62318492,0.84374428,1.0082736,1.13762999,1.24234915,1.33109164,1.40880084,10
0.55663921,101.61146398,309.67148929,2.35896432,2.46575295,0.25441837,0.41337919,0.51846719,0.6013732,0.67038202,0.7280345,0.77837515,0.82011747,17
0.6424720643000188,20.32838065742299,0.5630086416908257,2.6919109634691893,2.879446307475696,0.9139232635498048,2.67415452003479,3.954223871231079,4.589653015136719,4.899335861206055,5.095842361450195,5.23392391204834,5.351004600524902,5
0.89537112,115.34647653,125.78651474,2.09098913,2.00912081,0.15961266,0.27543235,0.3845129,0.48483753,0.57658029,0.6608696,0.73808789,0.81009507,16
0.44069991,114.66169739,253.95272827,2.64840364,2.57498312,0.34533167,0.67049384,0.86013675,0.97317171,1.05353332,1.1182909,1.17011619,1.21608353,21
0.87307018,287.25628662,150.11677551,2.163872,2.04401708,0.0795927,0.12974501,0.17241359,0.2084794,0.24854302,0.28680778,0.32397795,0.36064625,2
0.410304594087844,54.06462621842035,370.8466187781753,2.1,2.0,0.2635807991027832,0.4135081768035888,0.4510936737060547,0.4702966213226318,0.4866013526916504,0.5003554821014404,0.5118317604064941,0.5215740203857422,21
0.73793067,158.42505029,113.71699327,2.1,2.2,0.16677046,0.2775998,0.38227248,0.47759032,0.5647609,0.64469624,0.71809554,0.78621674,16
0.73864281,145.68860483,334.0460354,2.9,2.9,0.20915127,0.3085208,0.40578556,0.49139237,0.567461,0.63690996,0.7002573,0.7584872,17
0.3764198272217578,2.757265270454728,106.51381717289684,2.048157617626177,2.458969183870078,0.9021432399749756,2.816439628601074,4.574989318847656,5.594578266143799,5.7533135414123535,5.75360918045044,5.753696918487549,5.753708362579346,7
0.4221179,113.64623381,196.26472471,2.52065154,2.81111968,0.42214727,0.97707438,1.3305335,1.50394154,1.60826588,1.68863583,1.75420666,1.80879784,20
0.44271278,54.22848129,275.05889893,2.1633327,2.67945814,0.4464848,1.07014084,1.42772603,1.50989342,1.52822018,1.54480672,1.56021166,1.57339931,1
0.58529794,121.94414095,87.74993643,2.75981774,2.19349653,0.31409836,0.61087894,0.83302498,1.00612569,1.14595604,1.26082039,1.3587718,1.44464874,10
0.8348135,67.13491293,183.97559737,2.2,2.0,0.24501657,0.4483688,0.61461353,0.75308275,0.86880493,0.9671171,1.0499423,1.1225927,17
0.33005357,247.90901184,68.18755341,2.09865904,2.0682447,0.23444366,0.378268,0.48510289,0.57377958,0.65053391,0.71637368,0.77483463,0.82474327,16
0.4494104164587107,87.40606811241138,0.1849809728662267,2.187445375835753,2.3040788079858965,0.5601520538330078,1.4398372173309326,1.9552717208862305,2.193542957305908,2.336124897003174,2.4527783393859863,2.5490102767944336,2.62992000579834,18
0.64867491,49.47834015,374.6758728,2.44640732,2.13722253,0.24868202,0.3788116,0.44039345,0.48382425,0.5173099,0.54352474,0.56477308,0.58173871,21
0.9270094768328264,24.979618178194983,0.6539650269735076,2.7663386695536456,2.124898359428087,0.5404822826385498,1.289663791656494,1.805419921875,2.142484188079834,2.386605739593506,2.581105232238769,2.7426581382751465,2.8806591033935547,18
0.3,81.0122002953873,394.8171689689197,2.0,2.0,0.2234137058258056,0.2833471298217773,0.2931594848632812,0.3025634288787842,0.3111326694488525,0.3188579082489013,0.3258388042449951,0.3321688175201416,11
0.47740189,146.84289394,118.54802171,2.03267584,2.69071789,0.32914925,0.66358256,0.89526463,1.06277061,1.19126201,1.29599762,1.38534617,1.46115112,10
0.8548477420130636,6.735102883693053,0.1257763734157947,2.370147922446577,2.17569258188526,0.8897931575775146,2.391688108444214,3.349440813064575,3.858938455581665,4.169735908508301,4.393374443054199,4.559568405151367,4.688323020935059,22
0.77082932,164.8588562,217.33883667,2.83135962,2.54239011,0.18560958,0.29013228,0.39258099,0.4854722,0.57035041,0.64825559,0.71993423,0.78657794,17
0.73014029,224.1765321,29.33764638,2.9,2.1,0.18358803,0.31811595,0.44868922,0.5719478,0.68622494,0.79392385,0.8938875,0.988261,15
0.47789634,35.77812267,57.70057742,2.4,2.8,0.77212024,2.1325936,3.0526724,3.4525223,3.6090207,3.690404,3.7479267,3.7949176,23
0.59353053,95.02479997,235.50544645,2.9,2.7,0.36378622,0.7404089,0.99761343,1.174,1.303024,1.4063866,1.4916732,1.5647776,10
0.70111155,151.58022882,283.85175855,2.8,2.2,0.18241239,0.2803092,0.37446737,0.4580145,0.5333173,0.6019416,0.66455936,0.72230077,17
0.51071029,107.64868673,377.5486074,2.96348645,2.33084011,0.22898817,0.31614399,0.36596179,0.40695381,0.44255209,0.47270846,0.49968433,0.5232718,4
0.7960221693013284,239.0559947522177,382.9085886720785,2.6,2.7,0.1360394954681396,0.1545708179473877,0.1813154220581054,0.2229712009429931,0.258223295211792,0.2884895801544189,0.3189566135406494,0.3470449447631836,4
0.6786131901978324,1.4097468871970793,0.0199287409199867,2.746479295223679,2.3581757983976432,1.2105143070220947,3.842305898666382,6.418299674987793,8.116385459899902,8.866971015930176,9.086684226989746,9.234859466552734,9.387394905090332,12
0.42371836,200.20682855,211.35716905,2.76695795,2.71948666,0.27805805,0.46467519,0.59126091,0.69639158,0.78503942,0.86259937,0.93022728,0.99011278,17
0.3768392274350786,9.540916651409605,24.551035117510533,2.20975828,2.22886324,1.0316262245178225,3.197382926940918,5.158870697021484,6.308194637298584,6.618772029876709,6.642564296722412,6.652988910675049,6.65952730178833,7
0.86732184,36.34148604,10.01625188,2.5,2.5,0.5303452,1.25772452,1.75593138,2.07891369,2.31167889,2.49649143,2.64900303,2.78007221,18
0.92553918,172.46730293,39.99581025,2.2,2.4,0.15751553,0.27397537,0.38595653,0.49277592,0.59405684,0.68897223,0.7785871,0.8625312,15
0.3183448022419001,59.402707390250285,0.4963881850814249,2.1468578591616416,2.132081173357669,0.7742421627044678,2.187062978744507,3.1131398677825928,3.467520475387573,3.587806463241577,3.658904790878296,3.7138054370880127,3.761036157608032,22
0.92492093,15.45897277,290.09005599,2.29640857,2.05769133,0.35220242,0.71590185,0.92182064,1.00914145,1.04704547,1.07071853,1.0860343,1.09694481,21
0.3958683,7.57174629,13.02699925,2.36082957,2.83275855,1.1554935,3.75998688,6.47350216,8.40795612,9.23769951,9.3275032,9.33235073,9.33670235,14
0.4784086,85.59164968,212.41654121,2.5,2.0,0.31726146,0.59522152,0.75166559,0.84638572,0.91482735,0.96973586,1.01278257,1.04860401,21
0.7291495246900527,3.01931721976604,0.0071838411843746,2.047357455281832,2.196431725953903,1.0738444328308103,3.229678153991699,4.91205358505249,5.775187015533447,6.164079189300537,6.39287805557251,6.5563788414001465,6.669266223907471,5
0.49660153,238.07041685,24.13253108,2.1,2.6,0.20971489,0.34803367,0.47272372,0.5821881,0.67998457,0.7690482,0.8490033,0.92268276,15
0.4019937164699895,0.9137262658912594,1.01953774782269,2.081308355018274,2.8145341496931406,1.24525785446167,4.247042655944824,7.859508514404297,11.20107078552246,13.511422157287598,13.583544731140137,13.589176177978516,13.593938827514648,13
0.99394208,18.66020393,29.99057007,2.21873617,2.01294208,0.50133252,1.14920235,1.58569264,1.86990833,2.07505369,2.23755598,2.37212706,2.48589802,19
0.7990234684468114,2.765479033478582,0.0225884220115158,2.260538246484157,2.320856198253383,1.0889921188354492,3.2308590412139893,4.8702592849731445,5.708538055419922,6.137727737426758,6.423569679260254,6.638572692871094,6.794450759887695,5
0.71571013,201.7575663,343.98752311,2.0,2.3,0.0859704,0.11568737,0.13736391,0.14988828,0.16965699,0.18698263,0.20266843,0.21792698,11
0.66251397,297.44525146,309.04052734,2.59746504,2.01624155,0.07909465,0.1102035,0.12932968,0.13496041,0.15299892,0.16996336,0.18524098,0.19836426,11
0.91115942,24.22709159,365.45327393,2.3,2.3,0.2811141,0.4948237,0.6180489,0.69236636,0.7401862,0.7731991,0.7964144,0.8159654,21
0.49698799,160.61707308,67.87804485,2.6,2.4,0.34102082,0.68174434,0.92599845,1.110831,1.2553983,1.3767269,1.4784036,1.5637894,10
0.74633355,246.47117212,209.96527599,2.2,2.9,0.1239121,0.17841697,0.232167,0.28015137,0.32777905,0.3741517,0.41723895,0.45866656,3
0.37028519,108.85426019,297.43842367,2.4,2.9,0.33512616,0.6152489,0.7437651,0.8072419,0.8551266,0.8929839,0.9241557,0.951833,21
0.5235316313865198,30.75434224286249,0.4276275092403981,2.194059152196576,2.3337559907291405,0.8098752498626709,2.281190872192383,3.236837863922119,3.659159183502197,3.852468490600586,3.978263378143311,4.065002918243408,4.141726970672607,22
0.54768324,72.64422607,1.13028538,2.04758048,2.66528225,0.56731629,1.45461369,1.99163818,2.25664473,2.4211421,2.55129957,2.65786457,2.75004673,18
0.31264299,212.45418421,291.14327554,2.9,2.5,0.2814343,0.45245004,0.53932524,0.60883784,0.6659696,0.71713734,0.7607837,0.79942393,17
0.67545401,108.340939,93.18713828,2.8,2.9,0.37085986,0.76422405,1.0639963,1.296545,1.481822,1.6357799,1.764018,1.8738413,10
0.9082542555379064,2.252698416156408,0.005387464675594,2.251755645298675,2.052260875254235,1.0159578323364258,2.8295934200286865,4.03658390045166,4.680944442749023,5.082962989807129,5.380895614624023,5.605914115905762,5.765574455261231,5
0.44621139,33.55636806,150.77189499,2.0,2.1,0.55983615,1.4252565,1.8855934,1.9726813,1.9862688,1.9993999,2.0119646,2.0237424,0
0.98501847,121.01334167,305.53123333,2.2,2.5,0.13014483,0.19146705,0.25289226,0.30893517,0.36079192,0.40924358,0.45469856,0.4966669,4
0.5811092085366497,5.344330001507453,0.0131001243043118,2.427783145541403,2.2557138708136417,1.1061160564422607,3.37585997581482,5.287143707275391,6.333061218261719,6.7485456466674805,6.953577041625977,7.116047859191895,7.226531982421875,5
0.31823099,188.45126915,160.32860899,2.3,2.8,0.31403542,0.56340504,0.7020829,0.79568887,0.87180114,0.93266606,0.98473597,1.0283628,21
0.3054960604668408,7.476634949825095,0.0967230456760851,2.915160614071424,2.53912644997501,1.2258477210998535,3.98236608505249,6.985214710235596,9.337337493896484,10.55032730102539,10.697526931762695,10.702856063842772,10.707622528076172,12
0.57183588,57.63359833,289.78417969,2.94811106,2.91435266,0.44323492,1.00964785,1.38025808,1.54683495,1.62784481,1.68448782,1.72955656,1.76776552,1
0.41749779,47.3468017,253.03741957,2.56475314,2.76866666,0.54551339,1.4339335,2.01831269,2.16432261,2.16757703,2.17195725,2.17644715,2.18081164,1
0.64462295,60.72227663,57.57470928,2.3,2.0,0.44800568,1.0255716,1.3867719,1.5990555,1.7544253,1.8736894,1.969341,2.053709,19
0.51442665,113.7997303,215.17326969,2.9,2.1,0.3313365,0.6706486,0.8999157,1.0565081,1.1736124,1.2669632,1.3417771,1.4075251,10
0.52487326,262.34576416,311.33773804,2.04690409,2.10744119,0.082973,0.10923362,0.12834764,0.1392653,0.15569806,0.1706779,0.18389726,0.19763231,11
0.85384532,233.24117061,147.6147987,2.8,2.2,0.13436127,0.2199347,0.29915285,0.37804008,0.4540758,0.52635264,0.59451485,0.6597836,2
0.93740285,236.7851867,8.47581828,2.80213147,2.08386675,0.13145161,0.22430229,0.31041718,0.3955915,0.47964191,0.55955815,0.63637137,0.70975065,15
0.6852239130292515,51.42812349466554,0.036259750187815,2.16398121998175,2.267053008730721,0.5212173461914062,1.2589306831359863,1.7241122722625732,2.000532865524292,2.198366403579712,2.353052854537964,2.4810574054718018,2.594338178634644,18
0.8327590371399856,40.98308510395052,0.9902178703303794,2.5945584846325627,2.28819592000541,0.4979572296142578,1.1670165061950684,1.63395094871521,1.9455692768096924,2.1746270656585693,2.358168363571167,2.511358976364136,2.6428396701812744,18
0.3888171,272.25881958,272.72677612,2.64270496,2.09658527,0.12711573,0.15126157,0.17591,0.19315791,0.21138239,0.22866917,0.24634624,0.26237082,11
0.80262232,174.39075538,247.75139992,2.1,2.2,0.11207366,0.1670134,0.21803403,0.26351285,0.30951285,0.35271883,0.39253497,0.4301138,3
0.32649776,293.5614624,201.64863586,2.45547891,2.00078011,0.14060831,0.16982245,0.19925356,0.22448063,0.2490294,0.27176094,0.29352403,0.31394863,11
0.52784256,68.74240915,182.16558696,2.9,2.5,0.4948368,1.2256,1.7053146,1.9168077,2.0219402,2.099774,2.1619449,2.2153826,20
0.99267989,79.79243021,149.11032603,2.9,2.9,0.29227948,0.54974675,0.7784884,0.9804654,1.1573443,1.3134165,1.4506402,1.5725961,10
0.67537089,219.54859058,339.75669545,2.7,2.5,0.14006138,0.18689036,0.23346496,0.28264713,0.3262906,0.365705,0.4033575,0.4389584,4
0.61132655,233.15474248,244.94175848,2.549223,2.78749546,0.17040849,0.24581575,0.32235932,0.39405918,0.45977664,0.51974416,0.57595754,0.62843609,3
0.3,12.164300539862294,7.351481287596628,2.57810426,2.33328009,1.1217164993286133,3.555138349533081,5.971117973327637,7.594972610473633,8.202169418334961,8.249341011047363,8.257899284362793,8.267555236816406,14
0.61637699,52.65708648,55.14173279,2.3,2.5,0.535074,1.3052983,1.7815094,2.028657,2.1861644,2.3071594,2.4059706,2.4917045,19
0.7480762361951183,2.3544027978058915,27.79787606842608,2.8622562,2.23919803,1.0564920902252195,3.152071714401245,4.82630729675293,5.702643394470215,6.086399078369141,6.325050354003906,6.516975402832031,6.6355085372924805,7
0.78826175,4.66528748,5.14087569,2.27088958,2.40347761,1.05103087,2.98135304,4.32903671,4.99751663,5.32143021,5.52326393,5.66520309,5.74574375,6
0.7943131538020258,2.594963466066429,0.0099052775656343,2.353243982980238,2.5146447631419444,1.1268744468688965,3.418689250946045,5.2678985595703125,6.258440017700195,6.733379364013672,7.023972511291504,7.251691818237305,7.428891181945801,5
0.46348854,151.17843443,392.40450885,2.3,2.4,0.16120124,0.18532777,0.21196532,0.2310729,0.24947786,0.2665887,0.2830286,0.2971902,11
0.5899254373142703,21.094918956194448,0.084198078183399,2.428243821387336,2.4896298605255813,0.8822720050811768,2.520989179611206,3.643646001815796,4.1683454513549805,4.424577713012695,4.583296775817871,4.699359893798828,4.78217887878418,22
0.91396086,115.27171467,161.28815159,2.69329941,2.24575622,0.19294405,0.32764077,0.45651865,0.57268834,0.67805958,0.77488732,0.86295843,0.94373465,17
0.31455109,2.01992726,26.86665344,2.19911742,2.25522208,1.16741872,3.63691092,6.2340579,8.10629845,8.96352196,9.24513054,9.31524086,9.31594849,14
0.36351487,295.6602478,122.53066254,2.08218789,2.21749854,0.1666503,0.23308492,0.29684806,0.35342526,0.40449452,0.45082593,0.49372458,0.533324,2
0.9289869269795102,1.2732022903620177,56.73148531957828,2.730776297075118,2.288090209333229,0.98364520072937,2.8985064029693604,4.349132537841797,5.0750732421875,5.391782760620117,5.570470809936523,5.682096481323242,5.728282928466797,7
0.6998601320824034,0.8223924957293053,0.3782018122010316,2.79226838081158,2.5878945069738952,1.2624053955078125,4.117089748382568,7.146400451660156,9.356697082519531,10.450026512145996,10.63609790802002,10.652386665344238,10.667818069458008,13
0.60333771,187.44180923,134.09135528,2.8,2.5,0.2464943,0.42328286,0.57741404,0.7121279,0.83158636,0.9384172,1.0339365,1.1201236,17
0.42101502,102.72935759,65.42750979,2.2,2.4,0.47070622,1.1069331,1.477706,1.6450808,1.754595,1.8392928,1.9084156,1.9692409,19
0.62896769,157.41147852,113.65099651,2.5,2.2,0.24013329,0.4235878,0.58199906,0.7187998,0.83902454,0.94505477,1.0388911,1.122262,16
0.44500475,290.02015333,344.63024827,2.7,2.5,0.14292216,0.17050433,0.19899178,0.22996688,0.25774837,0.2813394,0.30395317,0.32558894,11
0.98069429,7.94603634,31.11715508,2.49457693,2.05632424,0.71703839,1.80143261,2.47264481,2.84547138,3.08288336,3.2551198,3.38718367,3.48496246,23
0.73571942,46.77514928,59.92873559,2.7,2.3,0.5202441,1.27002,1.7604444,2.0487874,2.243058,2.39344,2.516661,2.6184533,19
0.968971711401038,5.397710917446632,0.0384015196266818,2.971430521568331,2.624295171025353,0.9503605365753174,2.639822483062744,3.79323148727417,4.432980537414551,4.838289737701416,5.139070510864258,5.374523162841797,5.564227104187012,5
0.5074147398817671,1.5168331787325735,46.25200115405461,2.0019510526837254,2.407830486215821,1.0513784885406494,3.374288558959961,5.732282161712647,7.408898830413818,8.038019180297852,8.052902221679688,8.052953720092773,8.052953720092773,14
0.5867966692176118,0.7518450952512002,0.0041484881367562,2.670582324190272,2.745763012241333,1.2830164432525637,4.28008508682251,7.716437816619873,10.641225814819336,12.23940086364746,12.285554885864258,12.29429054260254,12.30156135559082,12
0.73387238,126.45545888,185.0363462,2.3,2.8,0.21409726,0.35739017,0.48627853,0.5980866,0.69691634,0.7851074,0.8644004,0.93604255,17
0.3367435542320942,10.519328574948608,15.924016609322315,2.38928122,2.83232081,1.1411879062652588,3.6999433040618896,6.3710126876831055,8.278857231140137,9.07555103302002,9.141067504882812,9.144243240356444,9.14707088470459,14
0.39259678,276.29620262,24.14635233,2.3,2.5,0.24147916,0.40332508,0.5349555,0.64755106,0.74540734,0.83245754,0.9094341,0.97956014,15
0.30722839,18.7706604,46.82301712,2.20812035,2.35417104,0.98012733,2.90145826,4.49310112,5.26394939,5.38560152,5.41155577,5.4171958,5.42054605,7
0.46117508,82.68265087,58.14845176,2.8,2.4,0.5886464,1.5592976,2.1784074,2.4408743,2.572295,2.667411,2.7468202,2.8163702,19
0.54272292,218.67192382,236.05032739,2.1,2.8,0.14121342,0.18921518,0.23809505,0.28135705,0.32059693,0.35793972,0.39266253,0.424649,3
0.3748837653711102,1.571831703670334,0.0224293459764277,2.7566906036147616,2.119290956690344,1.2169480323791504,3.974847316741944,7.045065879821777,9.647382736206056,10.960997581481934,10.991394996643066,10.995951652526855,10.999732971191406,12
0.49408288,278.60769116,92.4557214,2.8,2.8,0.23150587,0.37070346,0.4970131,0.60984516,0.71103644,0.8029773,0.88717914,0.9647763,16
0.750156,4.48793515,81.46705104,2.77975981,2.72199842,0.97908187,2.85849047,4.35447025,5.10427094,5.36695194,5.48067188,5.51846218,5.52594662,7
0.48731726,299.36157227,283.9024353,2.80141997,2.81934261,0.16615129,0.21070123,0.26417542,0.31465077,0.35722899,0.3984282,0.43671131,0.47281623,4
0.835532887550302,4.920154473424053,0.234679843729604,2.7926655864801218,2.6457909938003388,1.050832986831665,3.057324886322021,4.5313215255737305,5.291109085083008,5.722223281860352,6.033662796020508,6.276905059814453,6.463919639587402,5
0.8062473506270136,1.3934917392559625,0.0642609875147581,2.3699234790748336,2.496998975572224,1.1813318729400637,3.688577175140381,5.925785064697266,7.223252296447754,7.823946952819824,8.128296852111816,8.348074913024902,8.533186912536621,12
0.77631179,205.88279374,16.36555396,2.3,2.4,0.17176819,0.29463387,0.41349602,0.52526426,0.6300039,0.72739244,0.8183112,0.90378284,15
0.30169275,65.29344554,37.73419369,2.7,2.6,0.8314078,2.4160903,3.6204813,4.152478,4.2976046,4.3388424,4.3636513,4.386142,23
0.76805804,233.6783285,309.28705327,2.98854153,2.9359328,0.16570735,0.21176767,0.27626157,0.34023046,0.39564252,0.44893622,0.49925494,0.54707575,4
0.4885629174780524,1.6070027661822843,24.599508261403503,2.206438289956972,2.6457110743068566,1.1555790901184082,3.8055014610290527,6.698971271514893,8.953075408935547,10.109237670898438,10.21805191040039,10.218847274780272,10.219642639160156,14
0.7385586816104951,4.386009452699761,0.0874949414920707,2.9184627680008584,2.1100785051249926,1.0422194004058838,2.969532489776612,4.336026191711426,5.042844772338867,5.482635021209717,5.836262226104736,6.1073899269104,6.304588794708252,5
0.9002107191271845,1.3921254059765915,20.166638092065234,2.91636925,2.5242597,1.123647689819336,3.38196325302124,5.232923984527588,6.240061283111572,6.729698657989502,7.0726494789123535,7.363325595855713,7.569674968719482,6
0.6222321172957528,85.09929453446512,0.3375822515880577,2.264595841343348,2.964019956428571,0.5041601657867432,1.2441282272338867,1.744298219680786,2.050787687301636,2.267241239547729,2.438074350357056,2.580782175064087,2.702197790145874,18
0.38851182,144.09061256,222.76104054,2.65924518,2.77869072,0.36796427,0.74314356,0.96947861,1.0974524,1.18695259,1.25852156,1.31690764,1.36765575,10
0.71899647,119.05123138,0.94107836,2.8871944,2.35386825,0.3220048,0.64336848,0.90718865,1.12730837,1.31104755,1.46742201,1.6022954,1.72041655,8
0.97736925,2.38342667,45.51089859,2.69679999,2.13452125,0.93300867,2.52360892,3.56220508,4.09351254,4.40500832,4.59757423,4.72345829,4.78511429,23
0.3,22.9349761209615,8.315323660786879,2.66643047,2.08928752,0.9940457344055176,2.986008644104004,4.64109468460083,5.491197109222412,5.724681377410889,5.818623065948486,5.881661891937256,5.917869091033936,6
0.64148324,142.22845689,271.9680521,2.3093136,2.61055166,0.2046864,0.31753778,0.41857195,0.50511217,0.5814271,0.65025377,0.71187544,0.76857972,17
0.3646144634598019,0.8446390574718209,3.344619754010992,2.5061342592231446,2.4268978675696555,1.2422244548797607,4.130006313323975,7.469717979431152,10.47882843017578,12.415274620056152,12.460845947265623,12.466196060180664,12.470833778381348,14
0.3893092027082356,1.0590317124855908,0.0081969821938514,2.820673017482543,2.8036475596153467,1.3049356937408447,4.389645576477051,8.047334671020508,11.403141975402832,13.547320365905762,13.584839820861816,13.592696189880373,13.599329948425291,12
0.3462616270271294,1.8437971310536896,0.012510846599885,2.318102557796706,2.490904984355985,1.2380428314208984,4.131227970123291,7.480114936828613,10.428400993347168,12.295997619628906,12.354799270629885,12.361055374145508,12.366366386413574,12
0.61755928,118.60574679,14.96434552,2.0,2.6,0.31253386,0.6180029,0.8563075,1.0467443,1.2006543,1.3306074,1.4403455,1.5363758,9
0.63330238,195.32180287,388.10374092,2.9,2.1,0.13319516,0.17552972,0.21979618,0.25912666,0.2961533,0.3314197,0.36353588,0.39433742,4
0.91039893,258.30597152,198.33423283,2.3,2.1,0.08668041,0.14134955,0.18945432,0.22784185,0.27020216,0.31208348,0.3530295,0.39183736,3
0.73657347,48.86086972,38.90559796,2.4,2.1,0.4781139,1.1128883,1.5290251,1.7883525,1.9707644,2.1171072,2.2375233,2.3388073,19
0.85244284,197.70184714,338.03977653,2.93144268,2.1541521,0.10526824,0.14212656,0.175313,0.19876432,0.22398448,0.25207949,0.27723598,0.30074453,11
0.59419472,289.92026079,338.2538634,2.1,2.5,0.08302498,0.11023831,0.12961626,0.13225341,0.14602065,0.15993428,0.17366123,0.18413949,11
0.99339128,80.4978714,116.57402802,2.46583772,2.20946884,0.22266221,0.40623689,0.57500863,0.72583795,0.85968423,0.98008823,1.08700132,1.18380308,16
0.6261213012969346,1.4841121736872716,0.0059770967607707,2.208413825896,2.1152569704647,1.154428482055664,3.657819271087648,6.090762615203857,7.743276119232178,8.465364456176758,8.622940063476562,8.658821105957031,8.711191177368164,12
0.7849143797913666,5.736509411771991,9.73924287813742,2.1312201,2.33733225,0.9595446586608888,2.741117715835572,3.971165895462036,4.557259559631348,4.851600646972656,5.0416364669799805,5.176760673522949,5.274456024169922,6
0.69874288,32.60624963,377.04994786,2.7,2.7,0.3801012,0.79061747,1.0246885,1.1172566,1.1578655,1.185072,1.2057745,1.2223427,21
0.950093140106609,17.517898000030144,0.0232671026679455,2.2837432512936684,2.627604950807416,0.6560144424438477,1.6825320720672607,2.3394663333892822,2.728136777877808,2.993644952774048,3.1994216442108154,3.367957830429077,3.5116851329803467,18
0.6124368677665277,2.28923711436699,118.57457438782176,2.903592126165313,2.336020561038757,0.8807270526885986,2.6438326835632324,4.11204719543457,4.804171562194824,4.9441237449646,4.990189552307129,4.995965480804443,4.9960246086120605,23
0.31944751,299.700001,130.67661681,2.005,2.48390605,0.19908929,0.28949738,0.36625433,0.4322753,0.49102521,0.54362059,0.59224963,0.63574338,2
0.78812712,119.92988586,201.00569153,2.95674658,2.15574384,0.19326758,0.3124218,0.42436051,0.52170992,0.60892129,0.68771243,0.75902009,0.82366371,17
0.86350508,35.04790649,283.72099039,2.5,2.9,0.35932708,0.73524594,0.98993087,1.1547666,1.2677279,1.3518414,1.4153495,1.4654884,10
0.60777421,284.4620151,326.15537637,2.50341921,2.88771537,0.13578892,0.17601085,0.21482849,0.2629087,0.30232406,0.33911633,0.37477803,0.40798378,4
0.31054769,3.65577867,56.70497939,2.71893225,2.69529754,1.15429401,3.56736493,6.04133511,7.91683006,8.62042713,8.64230442,8.64283371,8.64296532,14
0.48260522,179.64424684,89.40248197,2.1,2.9,0.25457764,0.4440515,0.59050465,0.7128439,0.8170223,0.9073844,0.98673725,1.055201,16
0.56947909,279.13173216,207.69364853,2.3,2.6,0.12834072,0.17859817,0.22801995,0.27055812,0.31160593,0.3518753,0.3896823,0.425282,3
0.69238872,40.28562256,75.64696083,2.66291492,2.98282059,0.62328577,1.64732981,2.33540297,2.68329477,2.88234138,3.02384949,3.13777828,3.23487711,23
0.8456160414487409,13.764233137904723,0.0813988906305504,2.712459602183463,2.4429907812803733,0.7941961288452148,2.134713888168335,2.996441602706909,3.471774339675904,3.765334367752075,3.97950291633606,4.151959419250488,4.2934160232543945,22
0.8050761107638437,12.75096285111263,0.0042670646806955,2.1414773632965263,2.444641039897474,0.8136904239654541,2.2306745052337646,3.119008779525757,3.5634772777557373,3.81865906715393,3.994432210922241,4.137118339538574,4.247905731201172,22
0.5187984166841332,208.6168801182537,0.0033980951729715,2.922259618522681,2.0832447524954656,0.2490203380584716,0.4490242004394531,0.6186728477478027,0.7651915550231934,0.892866849899292,1.0057244300842283,1.1057324409484863,1.195380687713623,15
0.4251844,104.17388915,68.87435601,2.36196438,2.46686353,0.49736547,1.21421146,1.64870548,1.83776379,1.95445967,2.04256725,2.11628294,2.17996597,20
0.82129025,258.78514573,78.426988,2.8,2.8,0.16645288,0.2682233,0.3669994,0.4695804,0.5634091,0.6518884,0.7365303,0.81676126,16
0.7254802,48.90124596,252.21779236,2.4,2.9,0.3599882,0.736681,0.984082,1.1383533,1.2436414,1.3232288,1.3842473,1.4330058,10
0.65470886,69.17603072,383.21879782,2.7,2.6,0.28380775,0.48288703,0.600054,0.6881697,0.75787616,0.8129828,0.85742116,0.8962953,17
0.3250888659376699,43.84978742226984,0.0156513341432671,2.350695520819133,2.881417770377023,0.9565629959106444,2.962421417236328,4.665810585021973,5.535281658172607,5.776069641113281,5.853703498840332,5.898188591003418,5.929328918457031,5
0.9971874234366694,2.678466017252584,4.807713457432734,2.112125096897298,2.6308283635767453,0.9938881397247314,2.884087324142456,4.216181755065918,4.880974769592285,5.235139846801758,5.478664398193359,5.664485931396484,5.803908348083496,6
0.811529779861762,2.755148758572333,0.00437024252511,2.0153054532975427,2.5518065358896727,1.080540895462036,3.2736964225769043,4.993974208831787,5.874789714813232,6.277022838592529,6.518718242645264,6.688456058502197,6.82495641708374,5
0.3502065828221293,4.5234733222566,0.0102873452596115,2.998028443080699,2.27870633923226,1.2122087478637695,3.9181809425354,6.835660934448242,9.1055269241333,10.379430770874023,10.498653411865234,10.503254890441896,10.507245063781738,12
0.76147442,56.03198984,252.39355021,2.46314433,2.61928718,0.33343053,0.66187406,0.89109135,1.05304289,1.17507124,1.27034307,1.34506488,1.40727854,10
0.4731971022415556,123.23862412609267,376.5077497258485,2.0,2.0,0.1428217887878418,0.1639652252197265,0.1856114864349365,0.2039637565612793,0.2214987277984619,0.2371842861175537,0.2515504360198974,0.2647087574005127,11
0.6352814,261.20737889,151.34258043,2.6,2.1,0.13821745,0.21363688,0.2876091,0.35637116,0.4211793,0.4827361,0.54020095,0.59469223,2
0.53006119,58.61885071,7.31588554,2.10097861,2.15193486,0.58445811,1.4632585,1.96297622,2.19727731,2.33555388,2.4488976,2.53952146,2.62054896,18
0.87647417,47.01576558,394.68793885,2.4,2.2,0.21411705,0.32635355,0.4096434,0.47539043,0.52850366,0.57221913,0.6085572,0.63997626,17
0.5754948680837922,35.52622512270589,154.40360375160736,2.5961901937334573,2.8979427143936536,0.6290290355682373,1.7577016353607178,2.5348289012908936,2.8608558177948,2.976576566696167,3.041005373001098,3.09281325340271,3.1380879878997803,23
0.95941652,240.74318612,122.52244307,2.4,2.4,0.11693335,0.1943357,0.26326323,0.32970643,0.39594102,0.46080542,0.52262473,0.5822923,2
0.32648066,286.40878296,322.21231079,2.85680127,2.52459741,0.17360759,0.19829082,0.2260921,0.24738336,0.26912284,0.28686571,0.30477285,0.32179332,11
0.31573223,84.48336634,25.94252154,2.07684466,2.72416505,0.71936393,2.06813025,2.98732257,3.31380582,3.39455771,3.43720126,3.47421098,3.50732398,23
0.53996623,292.26165771,158.63960266,2.10164905,2.270679,0.11936474,0.17367053,0.22573733,0.27134895,0.31722808,0.36050129,0.40126252,0.43960452,2
0.71039762,32.72354404,19.60884411,2.4,2.3,0.6356449,1.6230707,2.2235377,2.5309556,2.7258694,2.8671057,2.9865763,3.087034,19
0.93542999,10.72574234,325.77557373,2.10051441,2.58597541,0.42398524,0.98216605,1.31483006,1.41287136,1.41821027,1.41883135,1.41947246,1.42011023,1
0.48643063,241.96299446,131.87922191,2.6,2.4,0.21506381,0.34135222,0.4544227,0.55286837,0.6411462,0.72061515,0.79247093,0.8589046,17
0.3,22.050565775860804,53.12324478403272,2.47651029,2.81056333,0.98207688331604,3.074634075164795,4.991714000701904,6.119174480438232,6.396301746368408,6.425363063812256,6.438075542449951,6.443447589874268,7
0.32220966,144.53015137,284.54312134,2.6827383,2.11402965,0.24519324,0.34887385,0.39572573,0.43383002,0.46577358,0.49372602,0.51807833,0.53871083,4
0.30251228,114.39335506,263.02138501,2.4,2.5,0.37195516,0.75418663,0.93630624,0.9888365,1.0214865,1.0497472,1.0745239,1.0959842,21
1.0,200.9935527,323.79274033,2.0,2.0,0.06704164,0.10246992,0.12956285,0.14914942,0.17318416,0.19480205,0.21589208,0.23735666,11
0.60486754,187.03083083,297.55835251,2.0,2.0,0.10177732,0.13628078,0.16547012,0.19110012,0.21740103,0.24215102,0.26567101,0.28788161,11
0.39151751,88.26240267,328.93871606,2.11801651,2.54690258,0.32441211,0.60797262,0.74104357,0.7966578,0.83749557,0.8702054,0.89655662,0.9189415,21
0.76580686,117.00292423,379.1958219,2.4,2.5,0.15757394,0.21001339,0.26539493,0.31113148,0.35290217,0.3911724,0.42546344,0.45694804,4
0.75394118,161.0562439,253.76899719,2.05822849,2.31495762,0.13697529,0.20669436,0.27481437,0.33621597,0.39361095,0.4470408,0.4962821,0.54210806,4
0.9076643,296.89489746,324.25009155,2.36468935,2.33649802,0.07620406,0.11689663,0.14754009,0.16392636,0.18592739,0.21053529,0.23462582,0.25753045,11
0.30099204,19.23688698,22.29813766,2.03818583,2.73434329,1.0661397,3.30147362,5.37340069,6.64914083,6.95223951,6.96200132,6.96626043,6.96944761,7
0.6,59.84146138,298.56781393,2.05420415,2.0581066,0.25731659,0.42839909,0.52782488,0.59680319,0.64796948,0.68884492,0.72135949,0.74800086,21
0.685317177287029,0.7557895010889093,0.0032956682648163,2.486778994127296,2.0246831048424894,1.173723220825195,3.737462997436523,6.3166279792785645,8.13389778137207,9.060970306396484,9.273801803588867,9.293622970581056,9.309280395507812,12
0.7334192088842982,38.05056553572015,0.5465023801920972,2.5320275872934945,2.7793232493721582,0.6488056182861328,1.709773063659668,2.401125431060791,2.7807159423828125,3.0245609283447266,3.209295749664306,3.3601460456848145,3.488391399383545,18
0.7560423104850607,0.7777697531184601,0.2956040868585851,2.9345438026048765,2.453834373988487,1.2467255592346191,3.9994497299194336,6.785853862762451,8.687822341918945,9.586645126342772,9.84489631652832,9.961524963378906,10.116662979125977,13
0.9238933527727792,1.44564306420878,0.0875530309787715,2.449531045228518,2.682161003947954,1.1578454971313477,3.501028537750244,5.39549732208252,6.4377312660217285,6.968019962310791,7.33373498916626,7.633337497711182,7.863326549530029,5
0.37391461,33.07060259,122.53612983,2.8,2.9,0.81361866,2.3637962,3.5740108,4.1299734,4.262492,4.2813416,4.286667,4.2922344,23
0.7592960066109228,2.077025740254528,0.0717249284981556,2.699056543862499,2.463094002994439,1.1778678894042969,3.608381509780884,5.707212448120117,6.893352508544922,7.433835983276367,7.761960029602051,8.048609733581543,8.288968086242676,5
0.69275264,279.01056986,314.93996614,2.0,2.1,0.06604338,0.09554911,0.11653328,0.12607908,0.14281797,0.15688562,0.17002273,0.18447828,11
0.3363717257178516,24.23458005068824,0.0058736393394199,2.2078190041802546,2.170799898994169,0.9786098003387452,2.9286670684814453,4.482781410217285,5.218867778778076,5.417338848114014,5.503328800201416,5.551260471343994,5.585125923156738,5
0.8058561745168817,56.58875932474702,0.9059563018370276,2.2817767333544494,2.0145559067057195,0.3848276138305664,0.8293259143829346,1.162416696548462,1.4099526405334473,1.6038837432861328,1.7626111507415771,1.895878553390503,2.013660192489624,8
0.70268484,35.69387714,247.41844204,2.61668145,2.59353519,0.4441483,1.02350712,1.39450383,1.56381011,1.65191054,1.71233439,1.7587831,1.79622436,1
0.3165834,102.29517866,227.23456249,2.77349336,2.10528741,0.36523438,0.72906256,0.89367771,0.94333386,0.97715712,1.00502563,1.02861452,1.04966545,21
0.8388495631064676,2.1844082988504145,0.1114139601744955,2.273080237886044,2.63814048383337,1.1323113441467283,3.449307680130005,5.353384017944336,6.368533134460449,6.863028526306152,7.158928871154785,7.388340950012207,7.55809211730957,5
0.31079382,231.56930724,86.63593735,2.1,2.4,0.267529,0.44966292,0.5680313,0.65950704,0.73618865,0.7998228,0.85741735,0.90613556,16
0.3571931602616328,14.82526809810067,1.347474431373316,2.0487752,2.33468223,1.056339979171753,3.30385971069336,5.350671291351318,6.53522253036499,6.900508403778076,6.95078706741333,6.973576068878174,6.99119234085083,5
0.82827674,172.83915593,58.95800637,2.1,2.6,0.16567302,0.28166294,0.39368057,0.49890924,0.5969994,0.6886153,0.7741535,0.85382175,16
0.73727024,199.67167664,171.11552429,2.16275644,2.42553568,0.14175701,0.22407627,0.30491424,0.37941885,0.4497509,0.51521277,0.57660222,0.63415337,3
0.75212123,203.18280484,46.68113575,2.7,2.7,0.21759462,0.37290335,0.5232346,0.6619346,0.7887492,0.90611744,1.0141516,1.1147206,16
0.36250482,255.32585763,215.46369581,2.3,2.7,0.19083714,0.25209522,0.3088088,0.35569,0.39852118,0.43759847,0.4729638,0.5063243,3
0.42388705,226.5795713,364.20184286,2.68093453,2.73731627,0.18287539,0.22244811,0.26321816,0.29861403,0.32995749,0.35874915,0.38543892,0.41001272,4
0.6587677412008028,68.87254140259522,0.7612835764914787,2.29781400404227,2.078478384702465,0.4372079372406006,0.9913601875305176,1.3649871349334717,1.611412763595581,1.796783208847046,1.94539475440979,2.0667879581451416,2.174966096878052,18
0.5963302046566575,1.955136392458084,0.1132943822747356,2.805143119154245,2.980019538560847,1.2779760360717771,4.190409660339356,7.344729423522949,9.644225120544434,10.809164047241213,11.085104942321776,11.10616970062256,11.120384216308594,12
0.7203917411623897,2.18717726024334,3.8932743622263297,2.5578447501943686,2.5497350805489263,1.172929286956787,3.650845527648926,5.883028984069824,7.185288429260254,7.741774559020996,8.015464782714844,8.212410926818848,8.370891571044922,14
0.79249936,90.21015295,95.5213917,2.3,2.9,0.29405475,0.57049704,0.79720926,0.98664856,1.1462951,1.2810516,1.3978224,1.499197,10
0.3366691804496325,17.25105579849763,49.77116105519024,2.32080626,2.51454163,0.9661746025085448,2.9894022941589355,4.767887592315674,5.726497650146484,5.930417060852051,5.958316802978516,5.970627784729004,5.976799964904785,7
0.63726687,43.09928513,376.48016357,2.07457638,2.14736867,0.2493968,0.38518763,0.44504261,0.48414063,0.51333761,0.53559422,0.55365515,0.56791282,21
0.67810909,65.61288965,360.94650738,2.11961355,2.98349766,0.29006362,0.53668904,0.69888377,0.81623769,0.90573311,0.97751474,1.03495383,1.08400178,10
0.7604958761153855,2.397299359008797,0.113990800872735,2.5412238914068057,2.585549091963866,1.1686725616455078,3.5905652046203613,5.689387321472168,6.862948417663574,7.3923187255859375,7.697662353515625,7.946656227111816,8.147679328918457,5
0.49963551,100.19249414,104.27659465,2.53510041,2.69441131,0.46443868,1.09497523,1.50390482,1.72240734,1.86240959,1.97309971,2.06030369,2.13404179,20
0.75964991,199.49592475,353.90899889,2.87086729,2.1482675,0.10501719,0.13968611,0.16951537,0.18901801,0.20926332,0.23176455,0.2520349,0.27101159,11
0.5820341,223.10031042,78.08930325,2.5,2.6,0.2205863,0.36798382,0.5039942,0.6243191,0.73315215,0.83207846,0.92253375,1.0056763,16
0.9993,217.64331236,89.19124305,2.01788298,2.15829441,0.09819078,0.17146468,0.23860478,0.30069089,0.36341119,0.42370462,0.48168707,0.53794217,2
0.72371024,46.81489234,262.70119842,2.6,2.8,0.385808,0.815372,1.0992262,1.2653785,1.3749576,1.4538436,1.5161986,1.567944,10
0.4669494162025305,7.049530941899708,0.018568768476278,2.363931613758836,2.6605345226945643,1.1619279384613037,3.7124948501586914,6.211128234863281,7.830634117126465,8.46422290802002,8.589091300964355,8.64128303527832,8.688018798828125,12
0.5210318338455154,270.83097616416165,0.0066196087110891,2.4728983966368663,2.0701786889271023,0.1817004680633545,0.29628586769104,0.4061708450317383,0.5064222812652588,0.5976071357727051,0.6816139221191406,0.7591953277587891,0.8313210010528564,15
0.78521638,291.68899351,2.39562424,2.6,2.0,0.12489772,0.21480536,0.2989118,0.37914085,0.4578638,0.5334909,0.6065481,0.67600703,2
0.85139375,78.65429421,160.61112301,2.0,2.3,0.21687198,0.38428497,0.5297134,0.6553347,0.7634964,0.8581855,0.9410329,1.01403,17
0.5832713365014492,290.4079702989808,0.0387105291780211,2.520890927148752,2.9163407082472936,0.2204475402832031,0.3691387176513672,0.5125143527984619,0.6450164318084717,0.7653717994689941,0.8774683475494385,0.981043815612793,1.0766808986663818,15
0.93790912,25.24876624,153.46609957,2.3,2.7,0.4291227,0.96310234,1.3333304,1.5678685,1.7314551,1.8520195,1.9447582,2.0218985,20
0.53729582,44.24521024,134.85660303,2.6,2.5,0.5946796,1.5688877,2.1874948,2.4223933,2.513351,2.5715551,2.6211033,2.6645403,0
0.840297793856668,86.88704082541119,0.023279392333014,2.8955690405108845,2.8110853551329003,0.3946690559387207,0.8309519290924072,1.1865572929382324,1.4751901626586914,1.711597919464111,1.909661769866944,2.0783724784851074,2.225155830383301,8
0.3633617701669542,3.4817011596285923,0.036247367829829,2.097983058506619,2.5268579055022475,1.2014153003692627,4.001682281494141,7.159080505371094,9.77089786529541,11.113289833068848,11.13881778717041,11.14538860321045,11.151005744934082,12
0.69126981,22.87522316,186.6282959,2.44459724,2.89370751,0.60996366,1.6616621,2.36702251,2.64353275,2.72865248,2.76920605,2.80112171,2.8292551,0
0.88003516,221.98547363,348.54125977,2.3941896,2.37977457,0.0958147,0.13687277,0.17119622,0.19829273,0.22757864,0.25745177,0.2853148,0.31175613,11
0.45251802,200.18373608,280.46977839,2.2,2.3,0.15622902,0.19962311,0.24416661,0.28264308,0.31706476,0.348778,0.37833858,0.4052422,4
0.3740880736316039,13.868594857005307,0.1363455651792502,2.784156466838359,2.204361210922053,1.0844385623931885,3.311204433441162,5.284534454345703,6.407585144042969,6.793457984924316,6.92814826965332,7.041512489318848,7.116185188293457,5
0.8784562828991936,33.952652511700464,0.110297795254473,2.147385904786043,2.7063522538673017,0.538062334060669,1.3077363967895508,1.824169635772705,2.160489320755005,2.4049198627471924,2.5987770557403564,2.760388135910034,2.899254560470581,18
0.45348211,77.32519105,340.01799923,2.6,2.6,0.34776807,0.67052245,0.8316264,0.9016266,0.94718957,0.9829035,1.0144827,1.0407188,21
0.56330645,278.44418335,26.19824791,2.18336844,2.38431525,0.17293429,0.28052068,0.38490748,0.4810431,0.56874371,0.6505537,0.72687006,0.79823899,15
0.70495958,89.36986802,199.23721709,2.4,2.9,0.29443264,0.5498738,0.7412965,0.89468503,1.0203853,1.125287,1.213141,1.2878585,10
0.37103877,122.12427988,192.75514358,2.3,2.3,0.34911108,0.6888733,0.8749833,0.9721327,1.0395796,1.0941303,1.1381483,1.175895,21
0.4355889158506918,4.186538998980925,0.0068958509917858,2.7395119674196327,2.067194307676216,1.1579749584197998,3.660556077957153,6.156725883483887,7.881902694702148,8.671940803527832,8.791210174560547,8.813743591308594,8.863120079040527,12
0.91014057,168.76960775,344.1087995,2.0,2.4,0.08927798,0.12442827,0.15114975,0.17062354,0.19643879,0.2198708,0.24185658,0.2630036,11
0.4286863679293345,38.02644200585316,0.8878502892549295,2.8974129907917434,2.7479219465441123,0.9199435710906982,2.723691940307617,4.102029323577881,4.767695903778076,5.0495381355285645,5.206200122833252,5.304815769195557,5.387885570526123,5
0.63113689,268.52614751,69.28931605,2.2,2.4,0.14505816,0.22877336,0.31092596,0.38707328,0.45964503,0.527297,0.59077835,0.65063405,2
0.39679809,128.06175892,85.73494111,2.9,2.5,0.50640965,1.2662892,1.7643375,1.983398,2.104679,2.1948657,2.271953,2.3395014,20
0.4548260711527523,5.089558473221245,32.42494650265298,2.08049965,2.80709529,1.0859105587005615,3.5142762660980225,5.969966888427734,7.659561157226562,8.318435668945312,8.363497734069824,8.3657865524292,8.36801815032959,14
0.95083129,219.12940779,119.56503558,2.11931332,2.69278302,0.12718034,0.21584034,0.29717588,0.37775922,0.45639825,0.53155375,0.60333967,0.671947,2
0.88730264,4.22497955,88.88007946,2.2,2.2,0.8006463,2.1817765,3.0547395,3.4286919,3.570413,3.618236,3.632893,3.6434517,23
0.3226087228723753,14.939218280062654,6.44439315425431,2.85118818,2.83933568,1.166478395462036,3.738535642623901,6.35496997833252,8.160876274108887,8.889617919921875,8.973848342895508,8.990032196044922,9.008819580078123,14
0.59419472,289.92026079,338.2538634,2.5,2.3,0.10037804,0.13269663,0.1611569,0.18130755,0.20461059,0.22732782,0.24847937,0.26899266,11
0.58683493,97.92018523,395.69991411,2.39266632,2.69400917,0.23777604,0.36028934,0.43810534,0.50213718,0.55688,0.60321093,0.64297485,0.67826724,17
1.0,93.92048855,251.3612346,2.2947718,2.6531241,0.18563151,0.31105113,0.43208551,0.54157591,0.64079833,0.7317059,0.81468153,0.89054656,17
0.3147904226600806,139.72510618096425,382.17521958087946,2.3,2.2,0.2025253772735595,0.2416598796844482,0.2637107372283935,0.2808072566986084,0.2963528633117676,0.3106088638305664,0.323786973953247,0.3357295989990234,11
0.8035065230698608,1.4312212380602924,0.0472322833098383,2.9817441125753024,2.8573921549323265,1.248520851135254,3.925332546234131,6.42759895324707,7.969042778015137,8.703963279724121,9.080355644226074,9.394707679748535,9.69899845123291,12
0.5818695911378362,4.687434733455636,0.0107626500854548,2.372468370767295,2.1180528919729182,1.0998146533966064,3.343240976333618,5.227984428405762,6.256708145141602,6.668577194213867,6.8803558349609375,7.030857086181641,7.145438194274902,5
0.30531262,261.81165956,240.39860778,2.10052504,2.0343059,0.13455892,0.15782285,0.17914438,0.19792652,0.2174859,0.23435354,0.25041747,0.26580358,11
0.3913776330869968,214.51975131296075,367.0760589055993,2.0,2.0,0.1002275943756103,0.1150891780853271,0.1255936622619629,0.1295559406280517,0.1380589008331298,0.1452267169952392,0.1515944004058838,0.1584155559539795,11
0.98630887,289.78790283,67.94029236,2.81501436,2.16057968,0.11544418,0.18024707,0.24079514,0.29927135,0.3599925,0.42151427,0.4794569,0.53510356,2
0.3219723647524126,0.90581347833106,65.71389252804609,2.065009174795624,2.831584946737958,1.059823751449585,3.474534749984741,6.094115257263184,8.19045352935791,9.255681991577148,9.344233512878418,9.344517707824709,9.344531059265137,14
0.9679579426552236,271.7521334214821,347.0604358753927,2.1,2.4,0.0703129768371582,0.1089980602264404,0.1406075954437255,0.1583263874053955,0.179931640625,0.2030093669891357,0.2270114421844482,0.250108003616333,11
0.7558006,54.1332283,141.61016846,2.46659398,2.38063455,0.38916111,0.83540583,1.14898181,1.36097598,1.51565838,1.6381197,1.73704195,1.81964445,10
0.7834895427096482,1.8639386608292408,0.6334708634831557,2.411872935768457,2.0863354412445063,1.1055748462677002,3.296219110488892,5.022621154785156,5.953242301940918,6.418540954589844,6.737799644470215,6.989832878112793,7.179201126098633,5
0.95730999,124.87104358,34.74506487,2.9,2.6,0.2515304,0.4604528,0.6599202,0.84419155,1.0120149,1.1662707,1.3063505,1.4346478,9
0.35157595,150.8301065,38.81004487,2.4,2.1,0.44438314,1.0356631,1.3822117,1.5400989,1.645653,1.7288091,1.7993896,1.8601818,19
0.30144765,110.9435978,230.85292354,2.13391457,2.48741906,0.3974216,0.87381792,1.1171248,1.17670918,1.21052289,1.23869157,1.26247501,1.28343225,21
0.461324458319947,1.3496068657696003,2.4230849346263845,2.3366034,2.15660334,1.1879186630249023,3.872616767883301,6.801881790161133,9.157686233520508,10.526847839355469,10.612750053405762,10.617598533630373,10.621708869934082,14
0.39584385,232.45222363,389.81101778,2.5,2.3,0.14076734,0.15888429,0.18155956,0.1953094,0.21111989,0.22575688,0.23957992,0.2526195,11
0.6189156765095146,6.931095463399092,8.488320530466037,2.6,2.9,1.114659547805786,3.4565985202789307,5.505861282348633,6.641608238220215,7.096206665039063,7.313712120056152,7.461565971374512,7.582836151123047,6
0.3177153407099788,0.8411456060738749,0.0036918433498249,2.570003681158634,2.2804245985359453,1.2421014308929443,4.126760482788086,7.4586076736450195,10.458733558654783,12.007855415344238,12.024765014648438,12.03182315826416,12.03761863708496,12
0.4348405531078816,3.106796747795088,0.0047545985694037,2.57692365209612,2.9968269252584774,1.2721061706542969,4.226609230041504,7.59742546081543,10.335809707641602,11.880836486816406,11.997376441955566,12.00351333618164,12.008658409118652,12
0.36163571,162.06326294,18.27557373,2.65484953,2.85457706,0.52043247,1.29926586,1.81029177,2.0473423,2.18293381,2.28927279,2.38111115,2.45845366,19
0.4838665941267349,2.120500060947675,88.02519905040306,2.180280445601255,2.469771850472381,0.9521524906158448,2.9916088581085205,4.894920349121094,6.078376770019531,6.343864440917969,6.344332695007324,6.344597816467285,6.344643592834473,7
0.3735058,254.65868277,328.50369834,2.19460548,2.38640784,0.14025235,0.16240215,0.18901539,0.2087872,0.22743034,0.24491072,0.26235557,0.27879548,11
0.86694497,215.96981243,223.49001334,2.76240544,2.36804894,0.13162899,0.19029212,0.25080681,0.3085885,0.36480451,0.41810489,0.4681778,0.51604939,3
0.6496976693769089,0.8220630385508699,0.1716030852454713,2.4518882985810104,2.205481448680941,1.205667495727539,3.9014039039611816,6.7233710289001465,8.79263687133789,9.830669403076172,9.9132080078125,9.924562454223633,9.934219360351562,12
0.3,119.68525503,294.82645891,2.0,2.70569173,0.34849691,0.71170902,0.89424849,0.95536757,0.99300051,1.02376676,1.05090594,1.07345796,21
0.5833980422733916,2.4785185049148613,0.3785360422947895,2.902507002798052,2.0014422151053104,1.145782470703125,3.5476551055908203,5.775942325592041,7.178843021392822,7.770896434783935,7.979855060577393,8.167041778564453,8.33285903930664,13
1.0,18.85900177,400.0,2.0,2.0,0.21227908,0.30911851,0.35693097,0.38725495,0.40779734,0.42169714,0.43138218,0.4382956,21
0.6678463,168.38718045,348.21622209,2.3,2.3,0.12359142,0.16056395,0.19856668,0.22914648,0.26005077,0.28863692,0.31546164,0.3406031,11
0.98935419,126.73442078,1.3820374,2.08151054,2.38460398,0.18842459,0.34606695,0.49632645,0.63758326,0.76951313,0.89266276,1.00620961,1.11194897,15
0.31127286,12.12813759,46.09777832,2.67989612,2.13556719,1.02645493,3.00841427,4.68067884,5.55051947,5.71705961,5.76702452,5.78978777,5.79488897,7
0.76634526,107.04315186,140.77999878,2.04586267,2.22699833,0.21024466,0.37066174,0.51218796,0.63651395,0.74507904,0.84146595,0.92598796,1.00308228,17
0.72602965,164.4716816,390.23279354,2.1,2.7,0.10776615,0.13504243,0.15855503,0.17367268,0.18941927,0.20519924,0.22103834,0.23384237,11
0.56321595,50.22518844,217.41978097,2.88581119,2.56104912,0.48580337,1.16865063,1.6030407,1.77873087,1.85603523,1.91096449,1.95752144,1.99553299,1
0.8344052037910867,2.3857649502662484,12.592051941459548,2.82297785,2.17071208,1.0521762371063232,3.034644365310669,4.476473808288574,5.2229108810424805,5.657970428466797,5.992287635803223,6.262541770935059,6.442197799682617,6
0.40486184,197.05257904,152.60880433,2.71640062,2.74882335,0.3276999,0.61483836,0.80440664,0.94632816,1.05937433,1.15403628,1.23200059,1.30114293,10
0.55816367,126.04242161,19.06688707,2.88812789,2.59930233,0.42251611,0.92881846,1.2911787,1.54042816,1.72548199,1.87743855,2.00366068,2.1111846,19
0.99591257,236.2728868,347.78315586,2.9,2.5,0.13672185,0.16291738,0.1963005,0.2503562,0.29707766,0.33898258,0.38007998,0.41932583,4
0.9764670690275642,5.356972248866109,0.1174335527807331,2.1026906206357623,2.463366378908269,0.8728718757629395,2.391399621963501,3.3580334186553955,3.853033781051636,4.156440734863281,4.370323181152344,4.527724266052246,4.670735359191895,22
0.34163164,196.99272627,58.1056177,2.6,2.3,0.38637304,0.825675,1.1005688,1.2584119,1.37118,1.4621985,1.538573,1.605258,9
0.78093018,122.84284723,12.63181101,2.1,2.7,0.24867916,0.46653056,0.6609144,0.83087206,0.98090625,1.1128924,1.2301035,1.334965,9
0.54916082,264.19062553,244.38606427,2.1,2.9,0.11957312,0.15711284,0.19404507,0.22266054,0.2517283,0.28205156,0.30932832,0.33496976,11
0.88587174,299.69672621,10.65979094,2.4,2.8,0.14420915,0.22103763,0.3001063,0.38214445,0.46269488,0.53859043,0.61130667,0.6822281,2
0.4575764,167.38025042,99.44467451,2.0,2.4,0.25395417,0.4414711,0.582073,0.69589734,0.7901578,0.8717985,0.94219923,1.0032225,16
0.51328995,29.09154192,283.83953941,2.4,2.4,0.4764409,1.1553774,1.5344591,1.584085,1.5849121,1.585249,1.585582,1.5858006,1
0.65834105,239.00628662,324.75823975,2.20007706,2.30009484,0.09738231,0.13121128,0.16266751,0.1842556,0.20862937,0.23165536,0.25480223,0.27632785,11
0.9180236624462385,247.62868229536784,0.040792838318866,2.9503555379794384,2.4523438766395778,0.1711626052856445,0.2715151309967041,0.3759779930114746,0.4848344326019287,0.5867140293121338,0.6825892925262451,0.7746038436889648,0.8626554012298584,15
0.8496208815258555,21.61195929109518,0.0036423109667527,2.270086942930745,2.5224784845338744,0.6647906303405762,1.7205479145050049,2.3816235065460205,2.753485918045044,2.9987967014312744,3.1872808933258057,3.3404157161712646,3.470073938369751,18
0.98354346,294.06478882,178.4992981,2.17912197,2.68764114,0.09350085,0.15768528,0.20837092,0.25694942,0.30914807,0.36056852,0.40899491,0.4564302,3
0.6697469912547949,3.166930119330541,0.0032191909873735,2.3916752968790607,2.01480387821254,1.0846197605133057,3.2330162525177,4.948481559753418,5.858232498168945,6.278151512145996,6.545276641845703,6.746675491333008,6.894014358520508,5
0.59505533,123.79363562,213.48017458,2.3,2.9,0.2511449,0.42453337,0.5559404,0.6649089,0.7570243,0.8368912,0.9058306,0.96713567,17
0.98748588,235.3036219,101.33126835,2.6,2.3,0.12166405,0.2073133,0.28345084,0.35896897,0.43419075,0.5065656,0.5753217,0.64184475,2
0.727854171347488,9.235839765571203,1.551319579781652,2.66443586,2.41581941,0.963649034500122,2.732608795166016,3.957642555236816,4.575685977935791,4.913832187652588,5.154879093170166,5.336727619171143,5.468943119049072,5
0.79613322,9.3807888,58.55970764,2.05102324,2.01510644,0.73310471,1.90224528,2.58574629,2.88021755,3.01638317,3.10685492,3.16488504,3.20676756,23
0.72066298,294.98632516,191.40937402,2.08940957,2.75719342,0.1116786,0.17332053,0.22921062,0.28265572,0.33576465,0.38693714,0.4353261,0.48186517,3
0.50603585,114.63144351,17.77438203,2.9,2.1,0.47150445,1.1459355,1.589364,1.8385818,2.0118763,2.1461046,2.256838,2.3538597,19
0.78436915,213.12721202,274.56852914,2.5,2.7,0.1406765,0.19742727,0.25524998,0.3125918,0.36743283,0.41718507,0.4643433,0.5090189,4
0.75730061,126.08082967,398.56823852,2.80705053,2.0,0.11534834,0.14154387,0.16390443,0.17944098,0.19402647,0.20812154,0.22197819,0.23448396,11
0.99369251,300.0,0.35286222,2.05047462,2.0,0.0825808,0.1469698,0.20593429,0.26026416,0.31535482,0.36840749,0.4206965,0.47242785,2
0.7483797473616896,123.75046812460204,0.0622767525734558,2.3821849876352306,2.597036700701444,0.3081808090209961,0.605764627456665,0.8593580722808838,1.0754992961883545,1.2598564624786377,1.4197747707366943,1.5595293045043943,1.682591676712036,8
0.4301204601273344,215.6541969273572,0.0501173883503043,2.7011644245100754,2.351338487743552,0.3195810317993164,0.6243247985839844,0.8479363918304443,1.0231809616088867,1.1658148765563965,1.2860476970672607,1.3891818523406982,1.4806387424468994,8
0.86937857,176.43498893,366.34028097,2.25868108,2.55057975,0.1111505,0.1549952,0.19707322,0.23405886,0.27113938,0.30603433,0.33878183,0.36993313,4
0.7466987159169164,3.808941101598071,0.4854034127205041,2.137264028736722,2.420601268740547,1.0693542957305908,3.1981756687164307,4.835474014282227,5.657158851623535,6.042508125305176,6.276165962219238,6.4461870193481445,6.574416160583496,5
0.7592458988361728,1.2510075399888028,0.0146545364331341,2.4422177153493854,2.66756947323369,1.22149920463562,3.899712085723877,6.486362934112549,8.122974395751953,8.8494873046875,9.117544174194336,9.303150177001951,9.4637451171875,12
0.3954600665941906,1.6484949796262849,0.0333650328199101,2.448864154050762,2.159542474113916,1.2034318447113037,3.936538219451904,6.962411403656006,9.475597381591797,10.738122940063477,10.77483367919922,10.779144287109377,10.78271484375,12
0.91402478,225.30289675,199.10440727,2.2,2.8,0.11610913,0.17733765,0.23385811,0.286525,0.33888674,0.3906393,0.43984604,0.48628402,3
0.96747911,12.73972225,390.67208862,2.49257302,2.36342096,0.33259678,0.63621926,0.78873587,0.8322134,0.84158373,0.84664869,0.85048509,0.85333395,21
0.71659076,153.66835789,352.84217708,2.9,2.7,0.19324636,0.27638674,0.35859776,0.432961,0.4986887,0.55889845,0.6138706,0.6646888,4
0.6422592489617762,3.794218834554431,0.1807008808838342,2.4152158397614003,2.911545341140364,1.183887958526611,3.759366273880005,6.201640129089356,7.67741584777832,8.293996810913086,8.533175468444824,8.669047355651855,8.791058540344238,12
0.31022882,138.70368958,102.4562149,2.73032904,2.02685618,0.39981866,0.8599143,1.10998082,1.21382594,1.28398108,1.34007907,1.38813567,1.42939162,21
0.5412888986848481,61.2673374243788,343.6293585850599,2.25858218,2.07544759,0.2545289993286133,0.4082860946655273,0.4843356609344482,0.5363743305206299,0.5767698287963867,0.6091587543487549,0.6355118751525879,0.6569850444793701,21
0.526900938617622,2.217634670499254,3.3482475642842124,2.9568860213100407,2.886600193426613,1.2796049118041992,4.203775882720947,7.4156904220581055,9.871868133544922,11.111233711242676,11.21616554260254,11.223677635192873,11.230416297912598,14
0.8066336422927975,53.952942397094,0.0375559544622847,2.093785563489469,2.648664687238797,0.4590539932250976,1.05607008934021,1.479764461517334,1.779017686843872,2.00566029548645,2.189141035079956,2.341995477676392,2.4730165004730225,18
0.32368004,19.24172592,43.39924622,2.03363752,2.27779222,0.95578766,2.81898642,4.28845119,4.94870806,5.04899836,5.06766558,5.07359505,5.07807255,23
0.4233668508728118,2.3665900112671223,0.0374912042205313,2.1204226803980024,2.901476230053224,1.2369990348815918,4.166379928588867,7.594877243041992,10.513853073120115,12.204021453857422,12.309576988220217,12.316725730895996,12.32288932800293,12
0.84377944,122.70704446,147.53133665,2.3,2.5,0.19757771,0.33726907,0.46969295,0.58780026,0.6942978,0.79117227,0.87968016,0.9607594,17
0.35777012,127.93109452,90.81771007,2.8,2.2,0.4965744,1.256722,1.7269008,1.9052153,1.9943938,2.0660648,2.1261535,2.1769524,0
0.96711828,40.4529956,108.95317252,2.2,2.2,0.33265495,0.6806066,0.9527457,1.1651726,1.3337061,1.4723916,1.5863476,1.6850243,10
0.8314987,230.28706954,39.78736567,2.3,2.2,0.13475132,0.22921538,0.31808066,0.40266085,0.48475218,0.5625646,0.63701653,0.70731235,15
0.4539688,148.78243662,60.1935414,2.6,2.1,0.37345886,0.7965753,1.0790944,1.2648292,1.4024723,1.5153418,1.6089823,1.688138,10
0.42547734,261.80684831,68.56645376,2.0,2.5,0.18589854,0.28391266,0.37409616,0.45346308,0.52469134,0.58931303,0.6476345,0.7022078,16
0.3728383,253.68538079,104.42044172,2.2,2.3,0.2144475,0.3305652,0.42619228,0.508296,0.58044314,0.64381456,0.70133495,0.75291395,16
0.54954308,182.61827556,393.15028794,2.7,2.2,0.15274215,0.19152808,0.23348689,0.26867318,0.30173254,0.3324585,0.36022043,0.38666892,4
0.3612076416609723,0.8343250098785975,0.0509682912712563,2.904023689091378,2.081676096067088,1.2189922332763672,3.987100124359131,7.114260196685791,9.838094711303713,11.029428482055664,11.040496826171877,11.04681396484375,11.052167892456056,12
0.48841846,201.92875605,337.07122788,2.2,2.2,0.12741351,0.15444851,0.18256164,0.20418763,0.2261498,0.24596334,0.26513624,0.28334355,11
0.6717053,160.38103024,268.9364044,2.39414031,2.37639953,0.16727233,0.24420476,0.32188129,0.38882565,0.44968414,0.50559235,0.55703378,0.60434532,4
0.975838,62.941371,148.259497,2.5,2.5,0.28540564,0.54806137,0.77272844,0.96401787,1.1276629,1.26768327,1.38891912,1.49439001,10
0.5211734897691916,28.424473172753213,0.0040567936702923,2.916303493901502,2.434200070370552,0.8848404884338379,2.5291872024536133,3.686234474182129,4.248885154724121,4.534099578857422,4.713733673095703,4.839169979095459,4.933506488800049,22
0.86678967,195.05622506,36.14759344,2.5,2.2,0.16340208,0.28339195,0.3989935,0.5093961,0.61312294,0.7115114,0.8037939,0.89129066,15
0.62071871,132.30342804,28.84685432,2.8,2.4,0.35971785,0.7429054,1.0360334,1.2653747,1.4502423,1.6048496,1.7350166,1.847491,9
0.74344637,179.15389107,41.46274501,2.13834144,2.48467505,0.1949904,0.34196401,0.48117185,0.60860848,0.7256937,0.83312368,0.93171573,1.02321625,15
0.85723599,108.07481208,364.01311544,2.38577467,2.80120917,0.17960382,0.26709461,0.35301661,0.42896891,0.49733973,0.55930305,0.61544061,0.66672301,4
0.8006814653713921,1.6266517605226485,0.0167692530916279,2.6787638588951426,2.773538159440314,1.2165942192077637,3.8080735206604,6.176150798797607,7.576488971710205,8.228557586669922,8.574251174926758,8.850112915039062,9.09202003479004,12
0.67333178,139.71165546,236.77690802,2.3,2.6,0.19105887,0.2931528,0.38803697,0.46981907,0.5427909,0.60883665,0.6686959,0.7229805,17
0.73283605,177.75347087,105.61272189,2.97319627,2.50887,0.21943998,0.37144876,0.51530194,0.64582014,0.76368976,0.87190938,0.97132587,1.06241608,16
0.53807034,175.96663234,279.71139762,2.5,2.6,0.20213318,0.29171968,0.37141538,0.43959308,0.50085974,0.5557611,0.60552835,0.65201116,4
0.9577440409501464,280.06748207045246,0.0048184544355824,2.685700948565977,2.2316695760139664,0.1292381286621093,0.2113146781921386,0.2881848812103271,0.365246057510376,0.4422733783721924,0.5176351070404053,0.5897693634033203,0.6592533588409424,2
0.59925575,109.33437914,222.58601637,2.3,2.1,0.23606563,0.39674282,0.52077794,0.6227412,0.7090299,0.7834139,0.84551,0.90034914,17
1.0,169.63159902,125.93005447,2.0,2.0,0.10501552,0.1802299,0.25006318,0.31685305,0.38108969,0.44322896,0.50162649,0.55738449,2
0.515326714955302,293.86150072917627,0.4268204563678963,2.9419163097511243,2.651651980403315,0.2415277957916259,0.405670166015625,0.5563328266143799,0.6913063526153564,0.8128082752227783,0.923942804336548,1.0250003337860107,1.1176962852478027,15
0.8137982439322872,24.42374730012345,0.0038891458269847,2.5206026834499364,2.3515923391957654,0.6498799324035645,1.6569838523864746,2.295588493347168,2.660785675048828,2.9032554626464844,3.090034484863281,3.24160099029541,3.3702502250671387,18
0.46718346,169.66808562,4.40213851,2.1,2.1,0.30058122,0.5751052,0.7793591,0.93726325,1.0645227,1.1712844,1.2619987,1.3402963,8
0.68870759,294.83276367,140.45143127,2.97442412,2.70314455,0.16546202,0.23963666,0.3190825,0.40227437,0.47582579,0.54540062,0.61162543,0.67438078,2
0.3222318324911755,2.9039659516595924,0.3448118785049334,2.32798624,2.30767536,1.2139413356781006,4.012621879577637,7.162623405456543,9.81512451171875,11.280877113342283,11.327274322509766,11.332284927368164,11.336578369140623,13
0.33389922,263.23870801,113.15508203,2.7,2.9,0.31261182,0.55671334,0.7129624,0.83595085,0.93732333,1.0233083,1.0974855,1.1619639,10
0.74166902,295.08895006,320.51350113,2.8,2.5,0.13055563,0.15457916,0.18312359,0.22718883,0.26748013,0.30114698,0.33473086,0.3665161,4
0.64850253,102.55026245,275.12423706,2.54260802,2.17017698,0.20782948,0.3181529,0.4087584,0.48415256,0.54873943,0.60472608,0.65322638,0.69687414,17
0.946040144175543,1.9971822902191347,1.887811009050824,2.7,2.9,1.1446239948272705,3.429880857467652,5.264368057250977,6.254629135131836,6.775300025939941,7.144972801208496,7.454360008239746,7.684814453125,6
0.36446691,169.71864968,259.80684364,2.9,2.1,0.2907207,0.5235226,0.6624088,0.7625699,0.8402834,0.9047289,0.9583099,1.0059903,10
0.98622533,201.59458976,276.16802316,2.97984517,2.50466609,0.15327835,0.18971896,0.24367905,0.30630326,0.36451173,0.41589355,0.46644139,0.51437187,4
0.30272061,136.898375,185.97537488,2.5,2.9,0.43288755,0.97363615,1.2812953,1.3861666,1.4414845,1.4875317,1.5258117,1.5602517,0
0.95836609,243.77886013,88.42161809,2.3,2.8,0.13053727,0.20760584,0.28219938,0.35555363,0.42780876,0.4980333,0.56449485,0.6286402,2
0.48092044,29.13801858,348.49715544,2.5,2.9,0.45926452,1.0765407,1.4208145,1.4558654,1.4572716,1.4578195,1.4579325,1.4584913,1
0.9049467416444208,268.64837581193774,0.0267673010356427,2.151294920277461,2.777776754277109,0.1335902214050293,0.2327756881713867,0.3224058151245117,0.4126741886138916,0.5016608238220215,0.5875093936920166,0.6697065830230713,0.7484476566314697,15
0.67692573,292.62173591,213.34614994,2.9,2.2,0.12712932,0.190063,0.2476039,0.3063588,0.36358356,0.41685152,0.4670179,0.5148907,3
0.4902753193164189,2.10724217228194,0.8315667063613563,2.763278972351668,2.620942762187377,1.2555880546569824,4.114715576171875,7.264669418334961,9.716873168945312,10.96565055847168,11.051931381225586,11.057510375976562,11.062247276306152,13
0.4025445497291842,55.68875322032619,17.45364967431388,2.9979879612261167,2.337474048839061,0.7541670799255371,2.116511821746826,3.0338735580444336,3.461165428161621,3.660527229309082,3.776692390441896,3.85764741897583,3.923229217529297,22
0.30988327,225.95445022,196.14466168,2.01109415,2.88773496,0.28217292,0.50381875,0.63859582,0.73749137,0.81730604,0.88389897,0.94200754,0.99207497,17
0.9119444668766862,3.064277067063735,0.0361294637921407,2.893062190782439,2.409786319508952,1.0542404651641846,2.995810031890869,4.361827850341797,5.092435359954834,5.55794095993042,5.928028583526611,6.21957540512085,6.437804698944092,5
0.40698681,220.14373183,122.48950387,2.1,2.5,0.21540093,0.33417702,0.430866,0.5137682,0.5859542,0.6493139,0.7066159,0.75781345,16
0.31408016,239.82772334,9.14367394,2.7,2.3,0.39197898,0.8487778,1.138638,1.307996,1.4283731,1.5287337,1.6138179,1.6850836,9
0.30624637,138.83285522,12.27045631,2.60857153,2.19933796,0.53672981,1.34097123,1.80775809,1.98833919,2.08379626,2.15943027,2.2236197,2.28189874,0
0.99648811,189.71425596,346.32477686,2.14082819,2.36004943,0.08660412,0.12923574,0.16637897,0.19393921,0.22456288,0.25526047,0.28545165,0.31344962,11
0.54319258,111.26842737,180.49839311,2.8,2.9,0.38303137,0.79665494,1.0801194,1.2688355,1.4059443,1.5144773,1.6046038,1.681323,10
0.3758520063181687,0.7589974813435798,0.0580773186594537,2.241017086893441,2.9723440330215345,1.2730696201324463,4.362340450286865,8.139240264892578,11.698511123657228,14.17518424987793,14.23246955871582,14.23988151550293,14.246227264404297,12
0.3623734449692481,7.805966968531219,71.11033408068486,2.5,2.5,0.9879264831542968,3.0836472511291504,5.031765460968018,6.218113899230957,6.5013580322265625,6.511977195739746,6.517772674560547,6.519211769104004,7
0.95903593,277.7769165,380.26797485,2.21934557,2.01704931,0.05646014,0.08506393,0.10701203,0.10749912,0.12052155,0.13116312,0.1409533,0.15168214,11
0.4104923155210813,2.918145019623944,0.0142643041498818,2.8571807493503383,2.757460028629521,1.2803394794464111,4.245640754699707,7.60479736328125,10.405099868774414,12.000067710876465,12.079482078552246,12.084741592407228,12.089269638061523,12
0.65555014,160.42583312,291.60159803,2.6,2.3,0.17270088,0.25280285,0.3320861,0.4006226,0.46314263,0.52008605,0.57233644,0.62043405,4
0.31885104,36.69533712,56.36832528,2.84509878,2.56593193,0.91666937,2.67439675,4.07195377,4.7274313,4.93322659,4.99368763,5.01302147,5.02461052,23
0.6794379870169379,171.5157287588322,398.9451106005757,2.7,2.3,0.1257095336914062,0.15572190284729,0.1854729652404785,0.2078063488006591,0.2294306755065918,0.2510669231414795,0.2703511714935303,0.2895293235778808,11
0.30902794,194.83544922,282.37173462,2.04473996,2.2231679,0.18861055,0.23586249,0.27455926,0.30629563,0.33490372,0.3604579,0.38321424,0.40367413,4
0.38824125,231.7331939,66.66666476,2.156674,2.56084865,0.28781319,0.52623916,0.69833517,0.83498955,0.94779992,1.04344106,1.1265831,1.1982801,10
0.57776015,272.26898425,98.94201523,2.2,2.7,0.15588975,0.23590732,0.31602097,0.38937736,0.45671558,0.52057886,0.58020735,0.63603663,2
0.57445741,155.73788452,388.61773682,2.09756923,2.04092383,0.10086322,0.12146306,0.13493061,0.14309525,0.15525484,0.16576719,0.17490196,0.18418455,11
0.5816273,24.8609173,284.59284597,2.1,2.2,0.40390158,0.8846288,1.1077962,1.1285329,1.1320312,1.135745,1.1391397,1.1421192,21
0.54020358,139.76409485,109.00727261,2.1,2.4,0.2617767,0.46931386,0.62816477,0.7578802,0.8661921,0.95869493,1.0366845,1.1063011,16
0.53080034,209.9969294,259.15856006,2.2,2.1,0.13185573,0.17805791,0.2238183,0.26254177,0.3007655,0.33638167,0.3689332,0.39958477,4
0.48561845,289.51261706,46.72449198,2.0,2.9,0.16480827,0.24948215,0.3344283,0.40991688,0.47955894,0.54465437,0.604728,0.6608436,2
0.5580799317854893,241.64176777969,0.0119430760432111,2.446523295985271,2.226755330771777,0.2066786289215088,0.351039171218872,0.4858801364898681,0.6068465709686279,0.7154345512390137,0.814415454864502,0.905492067337036,0.9882187843322754,15
0.38689485,140.05453491,23.14676666,2.59190416,2.25996947,0.45954752,1.06748986,1.43851113,1.62678409,1.75085616,1.84797931,1.9339354,2.00663304,19
0.6278405068281137,5.991215329309456,0.0054147045550609,2.9841626024399845,2.7454061593132773,1.1559600830078125,3.54056978225708,5.589651107788086,6.731474876403809,7.22940731048584,7.523553848266602,7.782867431640625,7.98475456237793,5
0.99418986,133.85243225,388.07009888,2.48469234,2.99645138,0.14722872,0.21343827,0.27832484,0.34546423,0.4050045,0.46044731,0.51229882,0.56045461,4
0.91128856,221.32005716,74.29331398,2.8,2.1,0.13620996,0.23547363,0.32797146,0.41873264,0.50683236,0.5906861,0.6711929,0.74808526,16
0.3997124683361192,7.129046313124262,0.6309978438357036,2.7217039576993445,2.94494746182023,1.2367112636566162,4.036777496337891,7.040263175964356,9.276952743530272,10.305566787719728,10.445198059082031,10.45244026184082,10.463994026184082,13
0.84707278,294.34512329,248.6078186,2.32708549,2.72106171,0.11244297,0.15920424,0.20021462,0.24591422,0.29437232,0.3387444,0.37967849,0.41981387,3
0.4570911422478824,101.37838517606605,0.1350408362826833,2.4304328833278843,2.874960999990158,0.5930056571960449,1.60058331489563,2.2589614391326904,2.568293809890747,2.746244668960572,2.8742516040802,2.985943078994751,3.080488443374634,18
0.9105307,256.07124733,128.17676296,2.2,2.6,0.1113677,0.18125176,0.24215508,0.29928613,0.3572216,0.41451764,0.46954942,0.5218768,2
0.68505628,220.42572706,138.77228643,2.4,2.7,0.1706183,0.2666924,0.36236596,0.4497621,0.5303519,0.60565567,0.6755278,0.7411115,17
0.9634068318479188,54.30682076418169,0.1555959910786425,2.8519777721820008,2.778932122973041,0.4303228855133056,0.9363069534301758,1.3430931568145752,1.6637208461761477,1.9198076725006104,2.1322662830352783,2.312083005905152,2.4677417278289795,18
0.87712675,49.51977158,268.23413086,2.03847742,2.86558151,0.2926383,0.57135201,0.78393579,0.95105982,1.08398271,1.19147635,1.2793107,1.3524878,10
0.62435684,80.76528064,166.76906991,2.9518849,2.54936502,0.38783121,0.83614922,1.14731169,1.3524375,1.50195074,1.61758709,1.7143302,1.79723215,10
0.3289275096264088,18.880919080169285,0.50634189936549,2.21602154,2.11720705,1.0161068439483645,3.079606533050537,4.8223395347595215,5.74254846572876,6.002490520477295,6.076748371124268,6.1194682121276855,6.147371768951416,5
0.90440141,19.32691753,37.25907401,2.1,2.5,0.5648985,1.3562303,1.8647251,2.166421,2.3750024,2.5328236,2.6602526,2.7727532,19
0.3157621101292938,9.52088849126188,0.1230596017646003,2.264094482460856,2.916250953366506,1.1958856582641602,3.9481418132781982,6.990672111511231,9.331738471984863,10.480834007263184,10.61052131652832,10.616268157958984,10.621392250061035,12
0.35387187,71.06216394,52.93622088,2.1,2.9,0.63583755,1.6602874,2.2841506,2.5245457,2.6253724,2.692772,2.7474804,2.7953143,0
0.83374349,136.43608444,265.17405015,2.3,2.5,0.15238905,0.2284162,0.30573606,0.37444758,0.43752956,0.49555492,0.5493727,0.5991392,4
0.76615329,86.54662153,236.13103782,2.8,2.6,0.29189157,0.5406351,0.73500705,0.89608455,1.030529,1.1440926,1.2407124,1.3247569,10
0.86651915,211.9117193,33.99808521,2.42401408,2.4297989,0.15525651,0.26614523,0.3730073,0.47510767,0.57194662,0.66383386,0.75099325,0.83326006,15
0.36778202,132.23418419,55.45254703,2.8,2.2,0.5110929,1.3047323,1.795558,1.9938254,2.0987473,2.1818914,2.2504048,2.3116312,19
0.48677583,160.96743844,58.25967851,2.8,2.1,0.34693122,0.7166152,0.98168015,1.175761,1.3272223,1.4497492,1.5547872,1.6466715,9
0.97601159,125.9948488,327.63745329,2.8,2.9,0.17550564,0.26133323,0.35142612,0.43638444,0.51198125,0.5826874,0.64762425,0.707932,17
0.82639549,186.63565098,204.70005454,2.4,2.5,0.14504933,0.22445464,0.30362844,0.37732625,0.44652772,0.51115656,0.5719478,0.6294105,3
0.30637603,161.8190793,299.55250323,2.34635214,2.0111517,0.1986382,0.24017429,0.26777363,0.29102731,0.31204343,0.33131862,0.34863997,0.36405778,4
0.44014148,264.45202021,138.19240315,2.2,2.4,0.17194247,0.24718785,0.3213737,0.3862164,0.44484496,0.49865055,0.5482125,0.5943699,2
0.67071657,281.18148668,290.70654189,2.1,2.2,0.07916307,0.11179638,0.13750839,0.15125489,0.17304802,0.19351172,0.21268058,0.23025084,11
0.31254757,124.53182873,365.43707997,2.60603924,2.64272859,0.31391215,0.53360248,0.61200809,0.65337873,0.68669915,0.7138412,0.73738742,0.75927782,21
0.87560725,203.41425616,326.52971639,2.6,2.6,0.13017273,0.17445183,0.21960402,0.2684512,0.31545377,0.35784173,0.39772344,0.4360261,4
0.70594416,5.72016786,45.3570751,2.85262377,2.72387573,1.01142335,3.03684878,4.67669868,5.51057625,5.84564972,6.04385757,6.15930367,6.23828506,7
0.7397452,296.38070238,152.26756051,2.00239382,2.01213838,0.07964611,0.12659097,0.16698289,0.20189381,0.23904657,0.27479482,0.30900431,0.34238887,11
0.61908032,280.70488442,275.6648946,2.9,2.2,0.12831712,0.18032217,0.22970319,0.27900362,0.3267026,0.3709767,0.41215754,0.45212054,4
0.32103863,252.39365994,369.5519805,2.6223419,2.40141094,0.15685296,0.17268467,0.1912055,0.20064974,0.21343756,0.2240963,0.23285127,0.24300528,11
0.51202983,2.32967567,2.32946277,2.12568879,2.46311307,1.23825288,3.88722396,6.63432217,8.46725273,9.39056873,9.87462902,10.09626961,10.17838097,14
0.76589511,129.45998857,351.0341517,2.2,2.6,0.14045262,0.1864388,0.23377037,0.27307534,0.30917573,0.3433187,0.37470293,0.4035859,4
0.8106867062238512,28.63079646962586,395.6283001468523,2.00119962,2.7615161,0.3115818500518799,0.6171252727508545,0.8035907745361328,0.9088740348815918,0.9757702350616456,1.022677659988403,1.0573434829711914,1.084334373474121,21
0.5116474654560992,13.049010373118367,0.0505916732619821,2.479074372706667,2.4920008085277368,1.0442922115325928,3.136319160461426,4.809010028839111,5.641876697540283,5.966996669769287,6.139647960662842,6.273116588592529,6.3595871925354,5
0.61620574,136.23294642,324.25883011,2.3,2.7,0.17944193,0.24450111,0.30604148,0.35680628,0.40271664,0.4442513,0.48144937,0.51532245,4
0.38613003,19.30803871,46.04129028,2.21720481,2.23777938,0.91947913,2.64825964,3.91654968,4.43757105,4.55253506,4.59010887,4.60256577,4.61216021,23
0.6743697,102.91526551,213.93062041,2.5,2.9,0.2893355,0.5287092,0.7082691,0.8545599,0.97623587,1.0790205,1.1655521,1.2409029,10
0.94162238,98.12751007,94.18166351,2.8452661,2.02347994,0.20524621,0.36775112,0.52052712,0.65824628,0.7825439,0.8946619,0.99670291,1.0892005,16
0.8357744875620787,215.4037367763752,377.1855635126463,2.12315494,2.29678369,0.0823960304260253,0.1148858070373535,0.1429395675659179,0.1587142944335937,0.1786978244781494,0.1991605758666992,0.2201850414276123,0.2396798133850097,11
0.98502757,176.10527943,207.52805884,2.6,2.6,0.1443193,0.23084164,0.31215692,0.39442682,0.4719038,0.5445597,0.61288977,0.67813253,3
0.9593848067259308,2.066456335393652,0.4570541263142961,2.67903805,2.00986218,1.013866901397705,2.7817630767822266,3.946832180023194,4.605248928070068,5.055989265441895,5.417286396026611,5.675227642059326,5.890849590301514,5
0.62211753,293.10738748,89.47105013,2.6,2.4,0.15631604,0.24327707,0.3298099,0.41102624,0.48738718,0.55946326,0.62664247,0.69037676,16
0.4008142677943197,1.5668510774552868,71.24556913002796,2.3417633029778533,2.046178064841925,0.94592022895813,2.915256977081299,4.730920314788818,5.817343711853027,6.054511070251465,6.054886817932129,6.05515193939209,6.055417060852051,7
0.7649127792523844,3.8751792314472406,59.30189784589736,2.1936795246643404,2.59239940766142,0.9469273090362548,2.852912425994873,4.344815731048584,5.050476551055908,5.27819299697876,5.375410079956055,5.414032936096191,5.433614253997803,7
0.5480233520990527,1.0844039793016036,0.2601712460129308,2.470896751218504,2.0585047767061595,1.1889941692352295,3.840175151824951,6.673874378204346,8.853944778442383,9.81605339050293,9.85107421875,9.855854034423828,9.859752655029297,13
0.48308803,105.30933392,216.37603685,2.1,2.5,0.2839458,0.49875116,0.63062906,0.725523,0.7982459,0.85975504,0.9094529,0.95363545,17
0.63686378,133.78024035,278.37534758,2.12198903,2.20934724,0.16546273,0.23897433,0.30941963,0.36990643,0.42395949,0.47261024,0.51642013,0.55657983,4
0.47101659,247.40760803,34.37210846,2.01851106,2.01902485,0.1750021,0.28371453,0.38289547,0.47093463,0.54972696,0.62187243,0.68737268,0.74769258,15
0.44376877,127.44722027,262.82599958,2.5,2.1,0.27539134,0.47530842,0.5989945,0.69196844,0.76674485,0.8269086,0.8771465,0.92026424,17
0.89116445,226.07938328,4.91545345,2.7,2.2,0.15525532,0.27069736,0.37968087,0.48710084,0.58979535,0.6872871,0.7803612,0.86819625,15
0.42257407,288.17337036,255.03302002,2.85557222,2.44227242,0.16378355,0.20680237,0.25164437,0.29028487,0.32829905,0.36153698,0.39310908,0.42330647,4
0.43729055,14.63006115,55.18098831,2.00977826,2.36792898,0.91875482,2.6855917,4.0113225,4.55440903,4.6572504,4.67926598,4.68577147,4.69098234,23
0.88374733,97.13835919,389.56554602,2.00101672,2.58907503,0.14412022,0.20435882,0.2670486,0.32147694,0.3705802,0.41505766,0.45580125,0.49308801,4
0.60521327,109.33903524,52.82109247,2.05827659,2.53343261,0.35799909,0.74695206,1.03000164,1.2378087,1.3991673,1.53017521,1.64053535,1.73662734,9
0.505208876099882,1.735967183769527,15.039722475331974,2.6991170488168432,2.809704837339148,1.231971025466919,4.038814544677734,7.1586198806762695,9.621763229370115,10.88569450378418,11.004154205322266,11.005635261535645,11.00696086883545,14
0.39461928,126.37070041,140.35149001,2.1,2.2,0.3338666,0.65131927,0.8340299,0.94285583,1.0235207,1.0879021,1.1419227,1.1873083,21
0.8615597,176.61077254,90.14193475,2.8,2.1,0.16869545,0.29241848,0.41218114,0.52597356,0.6324434,0.73257494,0.8265691,0.9148488,16
0.66013819,249.38544989,104.6506325,2.7,2.0,0.15228415,0.24735832,0.34128284,0.4290402,0.51031137,0.5876124,0.6597161,0.72738457,16
0.613785109035514,7.509847428272184,0.4499122162898915,2.15314054,2.19771719,1.020784616470337,3.0015718936920166,4.469419479370117,5.1667022705078125,5.477875709533691,5.67528247833252,5.797661781311035,5.8980712890625,5
0.65103483,12.59623528,49.80189514,2.05152011,2.45665789,0.85075927,2.41471243,3.4718833,3.89684057,4.0548625,4.11597252,4.15562963,4.18776369,23
0.76310575,115.2755661,0.7533747,2.49898338,2.0298903,0.25834727,0.49287081,0.69642043,0.8735733,1.02677393,1.16098237,1.27901936,1.38363647,8
0.3600727873341642,1.476323937109547,0.0378608365842138,2.59842301622648,2.943394535759757,1.3011422157287598,4.410347938537598,8.149089813232422,11.576422691345217,13.98463249206543,14.0540771484375,14.062173843383787,14.069156646728516,12
0.78606538,210.80266034,189.26577479,2.4,2.0,0.11794972,0.18712568,0.25310183,0.31407905,0.3732686,0.42949772,0.48262239,0.532989,3
0.63138247,131.08924866,27.55211639,2.06057978,2.21389365,0.27915049,0.53105688,0.73600721,0.90698028,1.04997325,1.17147732,1.27748752,1.36882901,9
0.5696394,292.26942277,318.19772773,2.3,2.2,0.09002256,0.11921501,0.14570451,0.15906334,0.1767335,0.19453335,0.2131145,0.2293601,11
0.7859795077159955,3.589428015675159,0.1399688352438,2.431240559389785,2.335187839562299,1.0697565078735352,3.137958288192749,4.664724349975586,5.445005416870117,5.855084419250488,6.148402214050293,6.367673873901367,6.529991149902344,5
0.7169849512526375,131.53692378475304,378.7176362097292,2.1,2.7,0.157073974609375,0.2188811302185058,0.2819700241088867,0.3377110958099365,0.3878302574157715,0.4341065883636474,0.4763574600219726,0.5163249969482422,4
0.89765311,198.49910229,120.8554614,2.37336858,2.54267036,0.14846063,0.24607635,0.34022093,0.43091583,0.51707983,0.5989747,0.67562127,0.74878168,16
0.7538374727043072,3.792616787859417,0.5953445152560949,2.5034663625065288,2.9570880193563984,1.1487808227539062,3.541015625,5.601193428039551,6.7407941818237305,7.257182121276855,7.546917915344238,7.771038055419922,7.937540054321289,5
0.36635849,101.28188324,246.01977539,2.04273653,2.14602065,0.31022072,0.56554341,0.68514132,0.74684668,0.79166245,0.83017707,0.86167836,0.88803339,21
0.50253314,78.88784891,392.84527648,2.4,2.1,0.23725533,0.34489202,0.39750433,0.4375503,0.47049856,0.49919844,0.5224712,0.5428519,4
0.52458598,287.74271645,14.92119261,2.2,2.9,0.18766761,0.30014753,0.40973115,0.508055,0.598264,0.68127346,0.75858307,0.83063745,15
0.36285341,62.48943329,218.14463806,2.82402611,2.26816845,0.48609018,1.18036866,1.5690062,1.64234328,1.65687013,1.67120814,1.68415618,1.69606376,1
0.81540057,28.64251172,345.50541098,2.27256385,2.93314589,0.37638855,0.81315613,1.0955739,1.24106932,1.32234859,1.375844,1.41407871,1.4444952,21
0.42077017,288.08721924,285.02935791,2.78870821,2.0867703,0.11434674,0.13886666,0.16118932,0.17464352,0.18883038,0.20484853,0.22057009,0.23391771,11
0.36433563,189.93035889,53.32902908,2.06537676,2.91286612,0.39715266,0.89805126,1.22120738,1.40567112,1.53531122,1.63582516,1.72050738,1.79524255,19
0.3418635,257.64781898,73.13515675,2.6,2.3,0.2908528,0.52063274,0.67847323,0.80256605,0.905812,0.99372005,1.0685291,1.1337986,10
0.7043156902872512,75.59516969127229,0.0102469300802833,2.364161127374937,2.138965419965316,0.3970310688018799,0.8639678955078125,1.2053699493408203,1.4526736736297607,1.6439275741577148,1.8012151718139648,1.9323759078979488,2.0438828468322754,8
0.973828193031518,32.6106301679602,0.0059595310120237,2.654141685633787,2.7851151582139586,0.5308046340942383,1.2541124820709229,1.778167724609375,2.1411824226379395,2.4123830795288086,2.63025426864624,2.8119702339172363,2.9681992530822754,18
0.67149346,279.99223093,268.61403339,2.6,2.9,0.15216637,0.18158221,0.22616792,0.27893043,0.32554793,0.36627364,0.40657926,0.44461083,4
0.90204065,42.61526703,330.70303954,2.3,2.5,0.24837136,0.42145777,0.54484224,0.64071345,0.71646786,0.77676105,0.82600737,0.8658638,17
0.53456614,185.70488097,185.25286065,2.9,2.6,0.26862454,0.46152234,0.6138172,0.7451899,0.8591435,0.95930743,1.0471787,1.1257324,17
0.3312896795573492,3.05861869211156,0.773699548605251,2.626395970238976,2.377312599137031,1.2346715927124023,4.0608086585998535,7.237345218658447,9.961135864257812,11.443452835083008,11.484674453735352,11.491212844848633,11.49681282043457,13
0.45675469,249.63695286,320.26066761,2.15554151,2.71503041,0.14727664,0.1862185,0.22916365,0.26667523,0.30098557,0.33355713,0.36393666,0.39220119,4
0.96735164,152.28202643,265.03702917,2.1,2.1,0.09861851,0.15347338,0.20251536,0.24621344,0.29108715,0.33323407,0.37256837,0.40997577,4
0.4800312606803305,170.3908341337407,0.057189487937849,2.8348529562581524,2.714846749540848,0.4118993282318115,0.904534101486206,1.256171464920044,1.4989116191864014,1.683010816574097,1.831578016281128,1.9593183994293213,2.066080331802368,18
0.4866845529874118,8.913601768875363,0.223595862459432,2.39365107552961,2.6157957059019665,1.121912717819214,3.508371591567993,5.680792808532715,6.931545257568359,7.39200496673584,7.53244686126709,7.614838600158691,7.688793182373047,5
0.70959091,104.06417084,389.55111694,2.08632922,2.84403086,0.18938351,0.27954006,0.3589251,0.42672563,0.48609948,0.53925657,0.58664298,0.62991238,4
0.5230770962945045,88.24789527661127,36.115029995212616,2.857473068900876,2.6450275195046435,0.5432000160217285,1.3769400119781494,1.931225061416626,2.224670648574829,2.411343812942505,2.54992938041687,2.6705710887908936,2.7706634998321533,19
0.4420994,280.58732188,112.55136201,2.6,2.3,0.2000897,0.3079753,0.40791225,0.4953649,0.5743892,0.6462605,0.7117951,0.77241564,16
0.32825934,230.78134701,204.63081404,2.2,2.3,0.2037363,0.28036356,0.34095335,0.39202547,0.43693924,0.47732234,0.5135889,0.5464964,3
0.78928041,63.89006424,384.77630615,2.31661105,2.88012552,0.25779653,0.44023228,0.56885886,0.67348313,0.76007652,0.83137703,0.89144564,0.94155908,17
0.9786463860345552,1.9901029306725464,0.0072848450939218,2.589464821319919,2.029421212033578,1.0079352855682373,2.752497434616089,3.89426064491272,4.536256790161133,4.974093437194824,5.326231002807617,5.577584266662598,5.780280113220215,5
0.80249757,74.04115527,317.2115007,2.2,2.5,0.2036612,0.3134513,0.40621972,0.4824474,0.5474613,0.6037264,0.6518934,0.69457126,17
0.99155295,140.10928345,129.10682678,2.98618174,2.36163354,0.17602301,0.29809856,0.41796136,0.53052545,0.63496614,0.73301506,0.82421494,0.91036916,17
0.8617358575053808,268.67336161946747,376.0283806001286,2.12576195,2.18035488,0.0647072792053222,0.0939910411834716,0.1193931102752685,0.1236958503723144,0.1370973587036132,0.1512660980224609,0.1663553714752197,0.1792607307434082,11
1.0,224.76809692,400.0,2.0,2.0,0.05457211,0.08144093,0.10147762,0.10645151,0.11871815,0.12815022,0.13642764,0.14721751,11
0.65449197,135.01520322,149.41720209,2.4,2.8,0.25706458,0.45505524,0.6184714,0.7574127,0.8781631,0.983567,1.0761256,1.1571264,17
0.7179837166081824,39.69432577855359,0.0035716669947141,2.993439238806753,2.7489011136174133,0.6720631122589111,1.7802677154541016,2.524967670440674,2.939173698425293,3.2033843994140625,3.4000320434570312,3.5604677200317383,3.698336124420166,22
0.33438021,228.16291707,53.94436286,2.3,2.2,0.3010347,0.553334,0.71981263,0.84213495,0.9389572,1.0193825,1.0877905,1.1488099,9
0.5581844147529424,48.71730422623232,0.1700187408856441,2.075107510517056,2.1553544056745664,0.616131067276001,1.591090202331543,2.154305219650269,2.424515008926392,2.5914223194122314,2.7161290645599365,2.8229873180389404,2.9129436016082764,18
0.52118626,113.12412619,370.40297767,2.07502644,2.17509983,0.1646347,0.20067286,0.23361039,0.26062846,0.28562045,0.30825281,0.32862115,0.34699821,11
0.422840665300648,7.32280023559201,0.2065709088374699,2.011799884208577,2.937578668836654,1.1565403938293457,3.812439441680908,6.631038188934326,8.649971008300781,9.539634704589844,9.667619705200195,9.679304122924805,9.690841674804688,13
0.3780378690174537,7.9890548279372835,0.0032313909649453,2.4464531665756684,2.484986528477976,1.169835329055786,3.748764991760254,6.367663860321045,8.181175231933594,8.95503044128418,9.054447174072266,9.06804656982422,9.087080001831056,12
0.3362085073638845,2.454682298192286,0.6569914148227823,2.392253185967743,2.955743859180638,1.2737958431243896,4.302898406982422,7.932356834411621,11.200074195861816,13.170354843139648,13.20106029510498,13.207130432128906,13.212212562561035,13
0.62944287,94.06647491,101.54818726,2.01411152,2.38782358,0.33265281,0.67386699,0.92089319,1.10580587,1.24808288,1.36374927,1.46205258,1.54453206,10
0.67501008,224.49252217,320.12854295,2.7,2.1,0.11903811,0.16641998,0.21353674,0.255687,0.29588938,0.33444524,0.3704989,0.40489435,4
0.6990494082227475,6.918117333873463,1.7806150945684234,2.919850683509385,2.2302241292375053,1.0132644176483154,2.8832969665527344,4.204943656921387,4.871950626373291,5.271730899810791,5.5769124031066895,5.80635404586792,5.974320888519287,5
0.83741848,199.49484132,205.48918258,2.8,2.7,0.1677823,0.2599473,0.35164738,0.44312716,0.5263796,0.60385346,0.6768224,0.7454345,17
0.31004038,255.63446875,112.23728799,2.8,2.5,0.32651567,0.61214113,0.7885511,0.9151828,1.0157664,1.0988686,1.1685951,1.2310829,10
0.67739716,94.983848,121.41400078,2.34486437,2.64306896,0.34265423,0.69554305,0.96057963,1.16498923,1.32696533,1.45932698,1.5696516,1.6656208,10
0.62270816,91.17031803,159.40926749,2.4,2.8,0.34531808,0.69209003,0.93747306,1.1145382,1.2501493,1.3598709,1.4492168,1.523241,10
0.89209193,148.43645158,389.3656257,2.9,2.8,0.16074681,0.22116041,0.28786516,0.35221004,0.40760207,0.46089435,0.50950885,0.5553205,4
0.88007939,228.04657916,33.84212445,2.42357814,2.59171732,0.15496111,0.26467824,0.36913228,0.47167015,0.56899047,0.66161609,0.7494173,0.83330321,15
0.71685073,1.9497747,27.78373233,2.65404374,2.54922897,1.17179918,3.50988436,5.5863595,6.77826166,7.21723032,7.39397955,7.52367163,7.58021784,7
0.42964876,40.86118811,24.47021926,2.77858711,2.62272431,0.8446281,2.47750902,3.67778683,4.23376703,4.46566868,4.57986355,4.65820789,4.71739674,23
0.94047962,254.44032394,247.4818516,2.4,2.2,0.0906415,0.14347911,0.18849277,0.22599602,0.2654934,0.30529284,0.3447044,0.38201356,3
0.9501707,18.94366455,42.01414108,2.02578425,2.79258204,0.58686566,1.48280668,2.05493021,2.38911057,2.61710453,2.78998375,2.92818213,3.04731226,19
0.99927332,70.85964495,336.79854374,2.6,2.6,0.20275617,0.32356477,0.4350512,0.53157234,0.61629796,0.6918473,0.7592182,0.8191726,17
0.59038586,148.36240868,381.76089674,2.1,2.7,0.13298059,0.15800166,0.18327737,0.20110106,0.21780705,0.2327311,0.2479589,0.26153183,11
0.4518881355711271,0.8456162276221264,0.0041342320688863,2.763126198261717,2.052020601810891,1.1995131969451904,3.897672176361084,6.8494157791137695,9.35014820098877,10.88664722442627,10.961864471435549,10.967803955078123,10.972649574279783,12
0.3214142583435305,201.61144337239543,377.43075741446455,2.11915159,2.06361341,0.1288166046142578,0.1387515068054199,0.1485462188720703,0.1524233818054199,0.16015625,0.1668698787689209,0.1733920574188232,0.1792032718658447,11
0.4734389357341958,5.046104519885836,0.4453343765401513,2.5662912489126306,2.737651298705832,1.2132880687713623,3.90970778465271,6.690685272216797,8.633760452270508,9.476627349853516,9.61205005645752,9.641780853271484,9.689825057983398,13
0.9353083913280597,153.25001470053152,0.0167962323565369,2.1210923483579647,2.5673835422313007,0.1902003288269043,0.3444159030914306,0.4930336475372314,0.6337556838989258,0.7651469707489014,0.8883838653564453,1.0028862953186035,1.1100413799285889,15
0.3715926081511363,18.31770548432793,18.30823257090882,2.00433254,2.67417121,1.0037007331848145,3.1502370834350586,5.0576605796813965,6.119543552398682,6.4020161628723145,6.434804439544678,6.455024242401123,6.470143795013428,6
0.3679216,11.29515098,34.9479527,2.4,2.9,1.1003699,3.2644892,5.1879573,6.288094,6.5721107,6.646853,6.700525,6.7211213,7
0.46934527,9.05787754,5.07560015,2.57471895,2.125458,1.10889268,3.23037124,4.93449211,5.79683876,6.08621979,6.29306507,6.42626572,6.50525379,6
0.96313628,254.39445048,3.89105827,2.7,2.3,0.13555574,0.23702621,0.32761216,0.41949916,0.51074743,0.59777737,0.68093395,0.7610953,15
0.30759857,148.11544979,369.81260777,2.70577562,2.63087352,0.28811097,0.44629121,0.49734473,0.53519392,0.56787872,0.59498811,0.6207304,0.64319944,21
0.4580776489047548,2.0553985998551108,0.0051148209419633,2.890184780567038,2.6846549330108607,1.2755088806152344,4.210442543029785,7.513048648834228,10.213001251220703,11.713750839233398,11.788488388061523,11.795082092285156,11.800682067871094,12
0.56085408,238.85327148,76.72913361,2.56926346,2.3907969,0.20301127,0.32916093,0.44890785,0.55462837,0.65000439,0.73784924,0.81834817,0.8927505,16
0.77183155,12.28019761,158.11758617,2.9,2.4,0.69916415,1.9733956,2.8565347,3.2212684,3.330786,3.3649976,3.385112,3.4027169,23
0.7364229758873377,2.879693123672745,46.18404844002503,2.358127871791286,2.097902855856705,0.9516079425811768,2.790247917175293,4.149486064910889,4.785192012786865,5.03715181350708,5.153609752655029,5.221077919006348,5.247696876525879,7
0.38726881,274.99511697,150.74360323,2.8,2.2,0.22325969,0.347857,0.45056558,0.53903604,0.6174493,0.6881921,0.7524636,0.8102164,17
0.55414994,98.03377842,209.22518259,2.4,2.1,0.2984898,0.55782485,0.7338877,0.86160946,0.9606681,1.0404911,1.1055295,1.1627617,10
0.4765224,81.15886247,209.8267999,2.2,2.8,0.37454486,0.7721298,1.0024037,1.1135883,1.1868834,1.2441669,1.2893701,1.3295803,21
0.62223701,262.95167691,136.76235635,2.8,2.6,0.18199492,0.28074408,0.37844515,0.4713142,0.55603886,0.63464665,0.7085774,0.77794385,17
0.5108822,84.62570589,363.58039927,2.6,2.9,0.30874848,0.5349095,0.64596343,0.7179775,0.77245164,0.81767845,0.8551836,0.8865583,21
0.4612214689177938,2.0789784540846954,0.0067396879504323,2.3489847840374742,2.536869086756345,1.2303142547607422,4.07242488861084,7.237492561340332,9.81853199005127,11.102795600891112,11.1569242477417,11.16509246826172,11.172194480895996,12
0.5369206154300785,1.2063603556307276,0.0113397477860747,2.1012237981154294,2.7203672875919187,1.2278971672058103,4.132114410400391,7.448639869689941,10.216475486755373,11.81918716430664,11.933037757873535,11.939791679382324,11.94536304473877,12
0.723973148402642,28.813889056846484,0.0554886846623543,2.2400077936986804,2.5940309387407314,0.6912946701049805,1.8575224876403809,2.579707145690918,2.951147556304932,3.175771713256836,3.3463902473449707,3.48127555847168,3.595123291015625,22
0.59091443,66.5211857,8.53312592,2.14874761,2.66150685,0.55647111,1.42963719,1.97487092,2.2627337,2.45163131,2.59575772,2.72077537,2.82226062,18
0.34667603,175.01864106,218.75119757,2.5,2.8,0.31758976,0.56816816,0.7058239,0.7999568,0.8758118,0.93764544,0.9900894,1.0345542,21
0.69712813,261.67644666,336.14303901,2.5,2.6,0.12163258,0.15064907,0.18128657,0.21356368,0.24688506,0.27559543,0.3015225,0.32830095,11
0.30328185,190.74154808,249.75619018,2.47139087,2.15813907,0.2265296,0.30978441,0.36007977,0.40247178,0.4384551,0.46994114,0.49925828,0.52445126,4
0.54516516,215.65803469,387.1972624,2.3,2.8,0.1212213,0.14610219,0.1708448,0.18303752,0.19798732,0.21332598,0.22492456,0.23810911,11
0.961149394739933,13.280365503646228,0.943087703172372,2.246558906243022,2.987398547976829,0.7351558208465576,1.996246576309204,2.810956716537476,3.2634408473968506,3.551209211349488,3.769871950149536,3.9458487033844,4.093006134033203,22
0.7780204,215.26620855,228.87060989,2.0,2.0,0.0881021,0.13440418,0.17459464,0.21027184,0.24737191,0.28263283,0.31545353,0.34750676,11
0.85854392,291.38709156,48.51815011,2.3,2.3,0.1091373,0.18452215,0.25180268,0.31417298,0.3775711,0.44058132,0.5003762,0.5582504,2
0.9155736007797044,216.91238829218364,365.0682345548292,2.05308967,2.22987749,0.0714106559753418,0.1049332618713378,0.1335127353668213,0.1474816799163818,0.1685471534729004,0.1892831325531005,0.210047960281372,0.2293612957000732,11
0.69867725,21.02298089,28.37930452,2.81165872,2.38976684,0.75893688,2.07068038,2.92392039,3.35929179,3.60810113,3.77306771,3.90391326,4.00560474,23
0.76114921,279.66980048,32.12439214,2.3,2.2,0.12415147,0.20706534,0.28428936,0.35709095,0.4287026,0.49776435,0.56295156,0.6253681,2
0.66176616,60.09823816,155.56643996,2.44686595,2.64791309,0.43742085,0.99898624,1.37486982,1.59483194,1.73835182,1.84781742,1.93875504,2.01318455,20
0.3425743240365261,1.4132228313322546,0.0536878148531991,2.7130696287834297,2.997130375773432,1.3104865550994873,4.437129020690918,8.191530227661133,11.64730739593506,14.06520938873291,14.126690864562988,14.134745597839355,14.141644477844238,12
0.4027243499304596,1.0038045561657076,0.0438232743208429,2.3731736636552534,2.729820156590757,1.2710072994232178,4.2883148193359375,7.870599746704102,11.141860961914062,13.133064270019531,13.170538902282717,13.17720890045166,13.182852745056152,12
0.3337836946606873,13.105762877834524,0.003132694487834,2.914014859936076,2.4912996973784844,1.154038906097412,3.636420249938965,6.093406200408936,7.70502233505249,8.331171035766602,8.431537628173828,8.48160171508789,8.537141799926758,12
0.6638178491158266,1.6392185609261976,0.0274083247389645,2.616538847933452,2.444607476099784,1.216249704360962,3.8796637058258057,6.524312973022461,8.266680717468262,9.02547836303711,9.239482879638672,9.366829872131348,9.503358840942385,12
0.52296901,212.61676025,327.75088501,2.86321783,2.20554233,0.13723898,0.16961861,0.20362997,0.22679901,0.24961758,0.27284455,0.29384041,0.3142705,11
0.38096556,133.50079273,101.6423762,2.1,2.7,0.37656188,0.7847266,1.0262322,1.1585832,1.2523286,1.3278878,1.3898294,1.4420726,10
0.4856993528755908,4.4495300293787015,104.5249950159099,2.5009334604181808,2.973228068172288,0.9696722030639648,3.062996387481689,5.060863018035889,6.322055816650391,6.656865119934082,6.672183990478516,6.675820350646973,6.676401138305664,7
0.86788106,164.03124998,77.45320241,2.65898095,2.63382554,0.20622253,0.35723519,0.50371718,0.64023948,0.76586723,0.88245654,0.99033928,1.09088349,16
0.92955694,73.74410336,385.77070006,2.5,2.7,0.19377065,0.28737593,0.37114596,0.44283032,0.50563574,0.56027675,0.6086278,0.6518533,4
0.3012401609594829,5.176586816281531,0.0060472675323648,2.549642748755923,2.0046681883697635,1.1553292274475098,3.709545135498047,6.378410339355469,8.45109748840332,9.430407524108888,9.454915046691896,9.459915161132812,9.464314460754396,12
0.31938074,9.63687627,72.54270389,2.7,2.3,1.0322783,3.1629217,5.1442404,6.4106474,6.6749716,6.679455,6.680315,6.6808453,7
0.5126925470330684,2.075030047486224,34.528653796281986,2.28739119,2.27496958,1.0799891948699951,3.4224846363067627,5.755815505981445,7.336611747741699,7.919791221618652,7.952939033508301,7.95400333404541,7.95503044128418,14
0.3669044981347903,22.442765011911565,1.1951585300069254,2.06565547,2.37287927,0.996955394744873,3.045593023300171,4.7338409423828125,5.580078125,5.794739723205566,5.869600296020508,5.9127302169799805,5.947592735290527,5
0.39540656,186.94667973,209.58756,2.4,2.3,0.24418259,0.3861344,0.4854381,0.5674021,0.6360092,0.6959741,0.74803495,0.79346204,17
0.7787119,24.24318569,281.2225946,2.3,2.2,0.37899995,0.80839586,1.0527675,1.1546726,1.2036126,1.2352426,1.259892,1.2784147,21
0.79813538,92.71395386,152.22228649,2.6,2.3,0.2707231,0.50579023,0.70328903,0.8714309,1.0145679,1.1386445,1.246213,1.3398497,10
0.91231426,154.90386363,243.06030002,2.61296327,2.308613,0.14168143,0.21828055,0.29358697,0.36282468,0.42810583,0.48988271,0.54712367,0.6010139,3
0.7737741885817832,35.517146053603035,0.0197792040823636,2.364628108475855,2.177571845926465,0.5462608337402344,1.3212828636169434,1.819108009338379,2.122032165527344,2.334660530090332,2.504234790802002,2.6435766220092773,2.761284351348877,18
0.9446062120790296,100.33957204065987,0.0425594205424523,2.7309480510305075,2.23843162296064,0.2529733180999756,0.482025146484375,0.6945416927337646,0.8848531246185303,1.0546975135803225,1.2066655158996582,1.3425014019012451,1.4652798175811768,8
0.7335950574040127,2.3064147160416617,0.0244169062530707,2.88303085333379,2.0399571694219056,1.1067161560058594,3.275478839874268,4.9878249168396,5.911713123321533,6.390369892120361,6.762057781219482,7.088039875030518,7.362411022186279,5
0.5941219346461538,94.33352240448238,0.1070187766359389,2.329200021280287,2.1286715933962697,0.4082131385803222,0.9050695896148682,1.2468507289886477,1.4783732891082764,1.6521258354187012,1.7935166358947754,1.9112544059753416,2.0157580375671387,18
0.79462173,170.86200336,153.23596898,2.2,2.1,0.13928151,0.22775793,0.31122088,0.3896749,0.4628713,0.5312619,0.5949881,0.6546297,2
0.43483793,57.64382258,162.83534517,2.4,2.3,0.5301478,1.341615,1.8142245,1.9487741,1.9924796,2.0276697,2.059521,2.0873077,0
0.97757531,251.66053137,173.88373165,2.7,2.2,0.10915089,0.18112922,0.24156904,0.30245018,0.36479092,0.42471886,0.48153496,0.5364363,3
0.59833169,228.09855168,177.35044338,2.9,2.7,0.21607661,0.33822083,0.4548726,0.56025815,0.65477395,0.7418349,0.8219633,0.8960862,17
0.80118591,114.26261237,96.61313753,2.97938051,2.53692327,0.27879286,0.52065778,0.73010373,0.9131453,1.07278442,1.21266937,1.3365612,1.44632339,10
0.3472645944112178,21.490735212539168,0.0246333279709652,2.189882761907948,2.097993616439823,0.9834749698638916,2.9339003562927246,4.486004829406738,5.225151538848877,5.431053638458252,5.516055583953857,5.571991443634033,5.612764835357666,5
0.7619073232188043,5.294883314181693,17.15262799353524,2.21602154,2.11720705,0.9362068176269532,2.6287641525268555,3.759293556213379,4.298880577087402,4.582825183868408,4.768880367279053,4.888969898223877,4.975318908691406,22
0.62933694,155.25568668,350.35292476,2.9,2.9,0.22102523,0.3194232,0.40820217,0.4849546,0.5527377,0.61420536,0.66958404,0.7201328,17
0.48906711,294.50161743,2.1066153,2.53511477,2.99538136,0.25657034,0.44304848,0.60713649,0.7531333,0.88283587,1.00040412,1.10654783,1.20249176,15
0.4713011131255826,7.0534446540846725,14.673569980834984,2.42123365,2.41001487,1.0947394371032717,3.417349100112915,5.543662071228027,6.817623138427734,7.251485824584961,7.351240158081055,7.401271820068359,7.4331865310668945,6
0.99785179,16.17837715,49.86405945,2.93499112,2.48091912,0.60642219,1.49840307,2.10290337,2.46789932,2.71898079,2.90906239,3.06178522,3.19440079,19
0.99123776,11.99991703,21.35806465,2.81731415,2.08009863,0.63830113,1.56255889,2.16309285,2.52733684,2.77584481,2.96510959,3.12074304,3.24710774,19
0.30413839,176.58792114,393.94891357,2.50611615,2.10755157,0.15322924,0.16078687,0.17065263,0.17325687,0.17867374,0.18238616,0.18674397,0.18986893,11
0.8728326805422891,6.996770584021363,1.0300540193961738,2.22735242627737,2.16909298736218,0.8594152927398682,2.296962261199951,3.1942625045776367,3.663184642791748,3.9464521408081055,4.148229598999023,4.307536602020264,4.422145366668701,22
0.66515122,88.35662929,95.87799729,2.65615515,2.17351111,0.32908821,0.65909505,0.9047873,1.0921936,1.2379303,1.35773087,1.45938873,1.54412937,10
0.3613445111331379,16.213426319528505,0.0037911191924252,2.685314621183742,2.790839880177882,1.1409335136413574,3.606501340866089,5.991255760192871,7.488823890686035,8.031524658203125,8.138174057006836,8.188941955566406,8.236154556274414,12
0.4628045213453677,144.12525040113735,0.0051206003775539,2.350432753282232,2.2797971407793427,0.3969819545745849,0.8724477291107178,1.191387414932251,1.3999881744384766,1.5574984550476074,1.6819605827331543,1.7913594245910645,1.8821606636047363,8
0.62917921,275.3966805,25.61197526,2.1,2.8,0.15187001,0.24260092,0.33223653,0.41589642,0.4947257,0.56874037,0.63812447,0.7037673,15
0.61694568,177.14505005,378.03662109,2.12099338,2.29749537,0.11262465,0.13951325,0.16715455,0.18663025,0.20733666,0.22676539,0.24619818,0.26431704,11
0.86786883,146.97278082,325.74409586,2.0,2.9,0.11445999,0.15489435,0.19231486,0.22474742,0.2561531,0.28759885,0.3159225,0.34250212,11
0.32853514,10.72492313,45.39236069,2.07131886,2.94879389,1.08103204,3.40116811,5.7016325,7.30249882,7.79659081,7.80343246,7.80561352,7.80709743,7
0.95571548,68.43439712,203.95527606,2.49108736,2.07463963,0.2075417,0.3587265,0.49410248,0.61172509,0.71446753,0.80511856,0.88536763,0.95599461,17
0.5758499023779182,1.995145727983429,0.19863866188962,2.454487658586574,2.5446279768259426,1.2217223644256592,3.961101531982422,6.827324390411377,8.86618423461914,9.841066360473633,10.083576202392578,10.101495742797852,10.111804962158203,13
0.71749694,296.89505846,122.14831493,2.1,2.5,0.10679698,0.16448784,0.21504235,0.26173687,0.31145477,0.35881186,0.40340996,0.44611692,2
0.6817233,8.88797999,98.03497057,2.50229809,2.51320083,0.84719348,2.41276646,3.53480244,4.03180838,4.18600559,4.2380929,4.25307608,4.26334095,23
0.6420372364849872,66.57457944130242,0.0354411849282421,2.3724571412195608,2.856059698842471,0.5602846145629883,1.42781400680542,1.9987924098968504,2.323681116104126,2.542152643203736,2.712157964706421,2.8547375202178955,2.9748127460479736,18
0.67687488,206.86782837,109.54982758,2.55797338,2.20338106,0.16609287,0.26588798,0.36420608,0.45372987,0.53592038,0.61217642,0.68282604,0.74894261,16
0.989235067327694,7.987787640703095,0.0279149001880922,2.024877254925443,2.5659792132134163,0.7821147441864014,2.1053919792175293,2.925717830657959,3.364721298217773,3.641331672668457,3.8434438705444336,4.004303932189941,4.134561538696289,22
0.70489088,200.52390596,251.90211319,2.9,2.4,0.171633,0.25908518,0.34666228,0.4291904,0.50403404,0.5738156,0.6387043,0.6992705,17
0.75509846,113.73608614,341.52082544,2.6,2.6,0.19477415,0.28832936,0.37361193,0.447757,0.513716,0.5724542,0.62556934,0.67391014,17
0.7744189081681087,17.898305803116404,0.0415250956193054,2.3453545675244607,2.3576179563454174,0.752819299697876,2.005567073822021,2.784116268157959,3.1908769607543945,3.437476634979248,3.614580154418945,3.751942157745361,3.8759279251098633,22
0.77503578,43.72073592,39.91833545,2.6,2.1,0.49862885,1.1879268,1.6429644,1.9227989,2.1209638,2.2779415,2.4065845,2.5145872,19
0.7118964682972861,159.4916466140784,0.1241027235127431,2.6291835820309672,2.812055258870734,0.3031549453735351,0.5791583061218262,0.8194947242736816,1.029637336730957,1.2127983570098877,1.3739995956420898,1.5158605575561523,1.642979621887207,8
0.35681455,212.70731303,21.74058723,2.2,2.2,0.3206985,0.61695075,0.81359744,0.95295525,1.0625768,1.153302,1.2277298,1.2946596,9
0.56591481,247.28676668,143.41936363,2.4,2.6,0.17377877,0.26196623,0.34965634,0.42802978,0.4999907,0.56702304,0.62914205,0.6872504,17
0.30792618,3.68072486,49.30207825,2.08463907,2.71917391,1.11424232,3.51042247,6.01523018,7.8767004,8.567729,8.596385,8.59641361,8.59641361,14
0.89867817,138.25518162,272.93925094,2.66028382,2.00000399,0.12251496,0.17784882,0.2306447,0.28086996,0.32861567,0.37259626,0.41328001,0.45120478,4
0.84641901,215.68295403,155.4111645,2.11537235,2.66669657,0.12935686,0.21286678,0.29199505,0.36740375,0.43981004,0.50940442,0.57493734,0.63757467,2
0.91497311,55.86725255,1.13201707,2.5,2.5,0.40551519,0.87149835,1.23816824,1.52406549,1.75167274,1.93832827,2.09573746,2.23213434,18
0.4020198254737477,6.405575013525303,0.7460354553245423,2.349324615085838,2.9072539903125123,1.2091624736785889,3.97623872756958,6.978912353515625,9.215630531311035,10.268462181091309,10.405466079711914,10.410360336303713,10.415631294250488,13
0.6042605706279335,1.3961820231885012,0.8723599271777651,2.4927555457197506,2.7146971478266444,1.248863935470581,4.11310338973999,7.229756832122803,9.561511993408203,10.785417556762695,10.945205688476562,10.95661163330078,10.966075897216797,13
0.90608251327583,1.7647438486956384,0.0733444069061913,2.360972664105146,2.5222445268690312,1.1224544048309326,3.358821392059326,5.090889930725098,6.013554573059082,6.504297256469727,6.835100173950195,7.099601745605469,7.301855087280273,5
0.31997436,150.91543579,394.6015625,2.13110542,2.31298256,0.19180751,0.21879911,0.238626,0.25421906,0.26813078,0.28086472,0.29220557,0.30298805,11
0.50728589,204.84329425,101.43123028,2.1,2.9,0.21141458,0.34174752,0.45544744,0.55417085,0.6414361,0.7200031,0.78991795,0.8549702,16
0.99733919,60.96456214,256.4454661,2.6,2.7,0.2545023,0.4570763,0.6289115,0.7765398,0.90335107,1.0128708,1.1068597,1.1898708,10
0.9202615233395252,1.6074314859151917,8.21724562904747,2.68811059,2.1955061,1.0788185596466064,3.125356912612915,4.616935729980469,5.40196418762207,5.87138557434082,6.240056991577148,6.537387847900391,6.746308326721191,6
0.52378783,124.02791297,16.36767441,2.48248642,2.10310541,0.36262488,0.75176811,1.02535152,1.21899772,1.36611819,1.48921394,1.59434128,1.6822648,9
1.0,49.6177377,103.26252652,2.0,2.0,0.25427413,0.49027848,0.69077325,0.86102343,1.00576639,1.12974,1.23604393,1.32927036,10
0.98999262,10.80986881,16.91874313,2.41399908,2.02553225,0.64747977,1.57200503,2.15087247,2.49376464,2.72965312,2.90222573,3.04558825,3.16248345,19
0.98024041,166.03557545,356.75923311,2.8,2.5,0.13477015,0.18863535,0.24132133,0.30105042,0.35509276,0.40382338,0.45108628,0.49490237,4
0.36172999,152.35052969,198.04310122,2.3,2.4,0.3034687,0.54157877,0.6748338,0.76516986,0.8362355,0.89436436,0.9436352,0.98539066,21
0.98058748,14.74538708,9.52507877,2.16202497,2.13425589,0.60088038,1.43956923,1.96735406,2.2874434,2.51358724,2.68793464,2.82929254,2.95063472,18
0.5549030005162368,234.22767893797075,0.0407027456468225,2.1382692397926304,2.7651503956705303,0.244462251663208,0.4403064250946045,0.614825963973999,0.7690181732177734,0.9060144424438475,1.0289382934570312,1.138939380645752,1.2390079498291016,15
0.80339884,146.72048049,92.94249287,2.6,2.4,0.21941996,0.3863423,0.543262,0.68524337,0.81350565,0.930475,1.0369346,1.1347573,16
0.5555306202462548,108.06468687153206,24.816874560176338,2.1416593088711817,2.590997542390196,0.4236178398132324,0.9674880504608154,1.334968328475952,1.5724983215332031,1.7498314380645752,1.889589548110962,2.0076186656951904,2.1081058979034424,19
0.5617762764875388,21.241029297745364,0.0065295359395344,2.655879970482495,2.4466958311799125,0.9154646396636964,2.6290149688720703,3.838770866394043,4.421172142028809,4.706620216369629,4.885282039642334,5.01332950592041,5.105260372161865,22
0.51351073,219.33557352,286.05953087,2.9,2.8,0.2142117,0.30522585,0.39021134,0.46424222,0.5301347,0.59070253,0.64605045,0.69666505,17
0.81816619,145.94798692,228.89763526,2.3,2.2,0.1456058,0.22690964,0.30543566,0.37781906,0.44477844,0.50630736,0.563092,0.6161492,3
0.9546237149257852,2.7334002069139745,0.5673346424164694,2.7161329360517863,2.3440130202988696,1.0302019119262695,2.88916277885437,4.173158645629883,4.852974891662598,5.287322044372559,5.633328437805176,5.898223876953125,6.10158634185791,5
0.8591860044610538,5.258682128063208,0.0859540969813099,2.9087354113886112,2.752669927361441,1.0441169738769531,3.033940315246582,4.498005390167236,5.270360469818115,5.705146312713623,6.030632495880127,6.279616832733154,6.467613697052002,5
0.4196379,62.65423043,190.40831261,2.7,2.6,0.5531044,1.4461629,2.0254385,2.205908,2.2469375,2.2769015,2.304025,2.3283904,0
0.4222835,171.24846049,391.65220239,2.6,2.8,0.20725226,0.25909686,0.29706645,0.3291409,0.358845,0.38462496,0.4080944,0.429837,4
0.58673584,91.25104523,341.49645996,2.0269835,2.12489414,0.18536282,0.25460911,0.30987835,0.35534739,0.39363623,0.42695403,0.45628834,0.48213887,4
0.5712808117072843,20.083060096053924,0.1156839488725898,2.8429472241468945,2.1506356443257406,0.8720588684082031,2.4160563945770264,3.4460666179656982,3.956763505935669,4.245965957641602,4.440545082092285,4.575192451477051,4.6846113204956055,22
0.43830216,92.78041673,372.45820164,2.0,2.2,0.19438648,0.23402071,0.25714064,0.27658415,0.29388094,0.30945468,0.32363868,0.33643556,11
0.7663552099006817,41.604823653121336,372.51149274028216,2.0,2.0,0.2027771472930908,0.2968430519104004,0.3578040599822998,0.4043347835540771,0.4415249824523926,0.4713203907012939,0.4953584671020508,0.5148329734802246,4
0.3346066257591838,4.18696211025569,0.2960413390083428,2.466561890143665,2.65947876468133,1.2417008876800537,4.122283458709717,7.397389888763428,10.123573303222656,11.57095718383789,11.621129989624023,11.625284194946287,11.628866195678713,13
0.31184065,297.58687013,50.32455102,2.58458191,2.72691099,0.31122565,0.5659821,0.73391604,0.86412072,0.97087598,1.06125903,1.14024925,1.20805717,9
0.62619865,171.57308355,10.80808976,2.8,2.8,0.32069898,0.61841273,0.8638344,1.0725179,1.2503405,1.404192,1.5379648,1.6567764,9
0.4879795,64.18265959,9.65874571,2.37099839,2.99117684,0.71280837,2.01007819,2.88391757,3.26428294,3.43376565,3.53999305,3.62725043,3.70628715,22
0.51452088,198.34159851,86.01171875,2.00630879,2.13908172,0.1984055,0.32878995,0.44345331,0.54312325,0.63194323,0.71114159,0.78149247,0.84627485,16
0.31395037,238.06617248,227.51227543,2.77337576,2.12861931,0.19854307,0.25507212,0.30250835,0.34032965,0.37436438,0.40530491,0.43372345,0.45984697,3
0.52330867,261.88885813,34.43760047,2.9,2.4,0.24498129,0.4226358,0.5812781,0.7217455,0.8473027,0.9603753,1.0629709,1.1560502,15
0.7478468,156.36092436,303.33218849,2.31685809,2.00155638,0.11351109,0.15584779,0.19445372,0.22790837,0.26210546,0.2935977,0.32318497,0.35080814,11
0.5965486267610272,118.42321041833124,0.0217513671981989,2.495117740382672,2.755848870990404,0.4279789924621582,0.9600839614868164,1.344679832458496,1.6155929565429688,1.8219704627990725,1.9882211685180664,2.129745960235596,2.250000476837158,18
0.86269334,60.98607127,379.59306308,2.6,2.1,0.20483637,0.31898117,0.4131527,0.490937,0.55708146,0.61408854,0.66346145,0.70622706,17
0.31139702,226.75599907,81.02009044,2.3,2.0,0.2876618,0.51525354,0.65957594,0.76615477,0.8516209,0.9219532,0.9840114,1.0352919,10
0.30313915,112.69078615,96.29120755,2.4,2.9,0.5540602,1.4178319,1.9487977,2.1246023,2.188489,2.2383862,2.2810345,2.318697,0
0.9171610343698609,1.4441568643298317,0.3122972000229333,2.4004369827321943,2.0044609427408235,1.0684738159179688,3.056426286697388,4.467429161071777,5.218506813049316,5.694697380065918,6.058844566345215,6.335882186889648,6.558890342712402,5
0.96341399,248.60888923,237.74475467,2.48161164,2.91558548,0.13406777,0.19006634,0.24239612,0.30948043,0.37237358,0.42987466,0.48565221,0.53918266,3
0.51155183,288.23612914,298.13717674,2.2,2.0,0.08743405,0.11520577,0.13911629,0.15133548,0.16989803,0.18767118,0.20426202,0.21976781,11
0.4848362576921299,1.2124372826330894,0.0151673535089762,2.168189844374221,2.748645443233762,1.2433221340179443,4.20116138458252,7.663021087646484,10.688876152038574,12.611077308654783,12.694146156311035,12.700898170471191,12.706499099731444,12
0.43377552,12.93543222,4.78762372,2.36555508,2.18649665,1.03454471,3.12452507,4.84335041,5.72015572,6.01088524,6.12412643,6.20246983,6.25674915,6
0.7892342884648582,33.26283868727447,0.0108861814344615,2.032630092959115,2.3174765496499226,0.5595247745513916,1.3706598281860352,1.876145601272583,2.178418159484864,2.3915157318115234,2.5579891204833984,2.6961827278137207,2.817164897918701,18
0.54066808,128.7684947,172.94500832,2.4,2.4,0.28737593,0.52385306,0.69436693,0.82808995,0.936996,1.0276005,1.1053667,1.1708531,10
0.6,60.0,300.0,2.0,2.0,0.24501109,0.39652109,0.48462796,0.5478065,0.59617424,0.63407588,0.66311002,0.68998861,21
0.7630690881380598,7.940172062683296,0.0428297688005736,2.459393465609258,2.173088562598745,0.9239044189453124,2.5348448753356934,3.588470458984375,4.121604442596436,4.439929962158203,4.661942958831787,4.8324875831604,4.956046581268311,22
0.72668153,44.65505981,86.09355927,2.62967205,2.69655252,0.53819346,1.32879186,1.85724831,2.15129089,2.34203768,2.48421001,2.60106277,2.70116043,20
0.48730519,287.60479736,26.03184128,2.07484174,2.65690565,0.20111632,0.33241582,0.45541668,0.56459951,0.66322207,0.75414228,0.83724236,0.9138341,15
0.998669,300.0,392.64837322,2.0,2.0,0.0471139,0.07228804,0.09326434,0.09657502,0.10740042,0.11482143,0.12052441,0.12988091,11
0.85987043,85.53981018,204.91503906,2.55062008,2.41526175,0.23697066,0.4179554,0.57524443,0.7105701,0.8282733,0.93082094,1.02148271,1.10217667,17
0.75045484,264.25946275,164.30150063,2.6,2.4,0.13283539,0.20555091,0.27400708,0.34152222,0.40607,0.46721506,0.52461004,0.58001375,2
0.36330277,111.85430908,131.7056427,2.82102489,2.74681115,0.52116132,1.31245399,1.82263589,2.01247334,2.09260583,2.15408111,2.20811296,2.25650334,0
0.57135954,235.51833968,229.79674073,2.1,2.3,0.11601496,0.16006732,0.20126033,0.23709273,0.27488613,0.30907536,0.34107852,0.37136245,3
0.98137431,220.60334213,93.24224042,2.7,2.3,0.1340034,0.22917366,0.31510425,0.40206337,0.48742032,0.5682254,0.64526534,0.7192981,16
0.85176734,108.55047637,244.95090822,2.6,2.7,0.21697879,0.36032343,0.491297,0.60690856,0.7096355,0.8019006,0.88517284,0.96053886,17
0.9766405402569536,236.16013696184828,360.8821040399424,2.08750518,2.03507962,0.0608634948730468,0.0904414653778076,0.1143560409545898,0.1238994598388671,0.1418721675872802,0.1575019359588623,0.1727430820465088,0.1879866123199463,11
0.6267474051229571,205.2547006821293,0.0088874649508125,2.4506351658397043,2.5297657658064234,0.2462396621704101,0.4419243335723877,0.6195735931396484,0.7765364646911621,0.9163975715637208,1.042302131652832,1.1558411121368408,1.257828950881958,15
0.82707852,107.21756744,160.19795227,2.62891483,2.0658257,0.19950247,0.33961487,0.46895909,0.58294415,0.68372607,0.77400851,0.85575819,0.9293561,17
0.8516987,231.96019499,61.31531363,2.97352032,2.07540962,0.13861203,0.22630072,0.31075096,0.39200783,0.47095895,0.54671216,0.61856842,0.68724656,2
0.54721874,18.69125748,23.0300045,2.01695943,2.97970128,0.93104935,2.80677223,4.26818991,4.94956446,5.13809109,5.21480417,5.26749325,5.30394173,7
0.75895532,246.01235559,226.5595269,2.3,2.6,0.11495757,0.16980243,0.22034597,0.26470804,0.308367,0.3520627,0.3936491,0.4327414,3
0.31077873,65.30365936,125.39896108,2.53779863,2.48200562,0.65059209,1.77656841,2.52355671,2.74554205,2.77501965,2.79022551,2.80482006,2.81906605,0
0.63640761,134.98284912,381.19338989,2.22852254,2.85532355,0.18512654,0.2608285,0.33029819,0.39029956,0.44391632,0.49250174,0.53630972,0.57644033,4
0.3175065415999157,137.3694883431502,371.5479881914284,2.08467221,2.09317327,0.1817028522491455,0.2064785957336425,0.2245447635650634,0.23992919921875,0.2541980743408203,0.2672972679138183,0.2792766094207763,0.2902088165283203,11
0.5714358636962049,2.849629498828467,0.1079374219265374,2.024614452040713,2.432205706223639,1.1525547504425049,3.707315444946289,6.2083916664123535,7.84532880783081,8.524469375610352,8.658197402954102,8.709667205810547,8.761175155639648,12
0.30339011,52.41161357,132.18462653,2.94458085,2.47698895,0.70489287,1.95994616,2.8407197,3.15462637,3.21213913,3.22077465,3.22986174,3.23875189,23
0.39716305,269.35955095,111.12526518,2.9,2.4,0.2651472,0.45185924,0.5935123,0.7143147,0.8188102,0.9105029,0.9919846,1.0645854,16
0.58066997,42.69638601,99.37169668,2.8,2.6,0.64015365,1.7318971,2.4528139,2.765529,2.9088676,3.0021446,3.0747445,3.1364448,23
0.78667546,21.01599964,67.71272455,2.6,2.1,0.63914347,1.6857874,2.3218434,2.6237876,2.7977989,2.9163888,3.0129716,3.0949175,23
0.3331681439764488,1.2578080007374906,0.1019475704153865,2.652717883760072,2.041343529437192,1.196619987487793,3.9042835235595694,6.903740406036377,9.493301391601562,10.866436004638672,10.901119232177734,10.90595817565918,10.90997314453125,12
0.46542518,251.06514799,157.37364979,2.3,2.2,0.16625595,0.24021721,0.31254745,0.37705255,0.43539286,0.48876572,0.5378103,0.58321524,2
0.97471375,75.44844322,391.64297781,2.76909372,2.35125415,0.16579723,0.23071194,0.29639244,0.35016751,0.39844203,0.4414196,0.4793961,0.51367307,4
0.8242264958035415,39.40329186209016,77.4056132103994,2.37603593,2.08510375,0.4147596359252929,0.9275434017181396,1.2847449779510498,1.524057388305664,1.7003381252288818,1.8404104709625244,1.9573609828948968,2.052490472793579,20
0.93771239,107.30018313,311.44745408,2.1,2.1,0.11710763,0.17299628,0.22525978,0.27129555,0.31594348,0.35665584,0.39436364,0.42900848,4
0.6123993773052079,8.628152011973423,0.0153618984018572,2.275109102989633,2.459929427869638,1.0402040481567385,3.1048290729522705,4.6972503662109375,5.480696678161621,5.809225082397461,6.006143569946289,6.135979652404785,6.244872093200684,5
0.55479762,29.3740479,126.4229042,2.4,2.6,0.65313673,1.755039,2.457493,2.7209013,2.8101542,2.8549235,2.891968,2.9249804,0
0.7347840944155367,62.07940838659891,0.4734980693292988,2.2327651999064395,2.099252478776963,0.4123542308807373,0.9091825485229492,1.2633676528930664,1.5141243934631348,1.706490993499756,1.8612174987792969,1.9925713539123533,2.105279922485352,18
0.4399515542363321,300.0,365.8653655677765,2.2,2.4,0.1020731925964355,0.1223554611206054,0.1421420574188232,0.1513435840606689,0.1631772518157959,0.1750924587249755,0.1871886253356933,0.1983771324157714,11
0.70741129,66.54212952,63.37872696,2.47687602,2.89310145,0.47890329,1.12796903,1.58380318,1.87752724,2.08464193,2.24618244,2.38043594,2.49397373,19
0.72300531,161.22574167,271.35248576,2.93573265,2.85310562,0.21228075,0.32608151,0.43571258,0.53356266,0.6213088,0.70156598,0.77462053,0.8420217,17
0.87072126,266.74958334,149.46299648,2.5,2.3,0.11222577,0.18275476,0.24506783,0.3046217,0.36434317,0.42243457,0.4779501,0.53099394,2
0.5584864515513598,3.791783248597696,0.0138873264390962,2.356182017870121,2.8013488371596527,1.1987416744232178,3.8695859909057617,6.557284355163574,8.347660064697266,9.093262672424316,9.257243156433104,9.320918083190918,9.385403633117676,12
0.98169149,97.72700504,201.9798236,2.0,2.4,0.1545496,0.25317717,0.34879613,0.43589568,0.5152099,0.58828855,0.65502954,0.71613216,17
0.56059521,8.88672924,7.07707214,2.049793,2.03479767,1.00256753,2.8274641,4.06441307,4.60618067,4.82949448,4.94781065,5.02202511,5.06277466,22
0.41187361,136.6236032,96.65539239,2.9,2.9,0.4866705,1.1670618,1.6247292,1.8522534,1.9871831,2.0912628,2.1780233,2.2508082,20
0.38890079,97.60633067,231.99178948,2.4,2.4,0.38224936,0.8030064,1.0316699,1.1197135,1.1740212,1.2186401,1.2549696,1.2856755,21
0.63785194,161.78358153,202.21501287,2.6,2.4,0.21392679,0.34776592,0.46837068,0.5734129,0.6667509,0.75038886,0.82595205,0.8943567,17
0.304100629341845,284.2123175547944,344.01308023914805,2.25009563,2.40853311,0.1396710872650146,0.1535036563873291,0.1717376708984375,0.1827201843261718,0.195411205291748,0.2075912952423095,0.2189836502075195,0.2293877601623535,11
0.3708240817700231,140.43199457428915,0.0112134745562401,2.9810207508805435,2.8857381323160283,0.5945498943328857,1.5966029167175293,2.284131526947021,2.6047306060791016,2.7730493545532227,2.893491268157959,2.9980926513671875,3.0858941078186035,18
0.6902718,220.09743423,52.89659657,2.5,2.1,0.17195082,0.29093266,0.40594077,0.51213336,0.6108663,0.7027323,0.7888632,0.86931086,16
0.51373902,195.08893947,236.02129501,2.78134569,2.03081942,0.15349221,0.20547938,0.25782681,0.30347991,0.34491324,0.38310862,0.41784549,0.45024538,3
0.9811085881571896,298.4013057932611,250.7666052192356,2.0,2.0,0.0601148605346679,0.0961818695068359,0.1283938884735107,0.1483027935028076,0.1737968921661377,0.1974778175354004,0.2215447425842285,0.2458617687225341,11
0.7681302185057574,4.150589800890454,0.1732042355241471,2.6044072842464345,2.779383662942225,1.121091365814209,3.39311957359314,5.23306941986084,6.20181941986084,6.670465469360352,6.970488548278809,7.212364196777344,7.396517753601074,5
0.50613192,127.02861937,327.4936491,2.2,2.3,0.18963051,0.25362659,0.30726385,0.35149503,0.38987088,0.4235432,0.453897,0.48129845,4
0.90430099,140.53214098,13.48767287,2.4,2.7,0.22177935,0.40205312,0.5743377,0.73222685,0.87674785,1.0097635,1.1314473,1.2426357,15
0.96436767,130.81714935,246.18691677,2.2,2.5,0.13914537,0.21530843,0.29128218,0.36135364,0.4263885,0.4874432,0.5443468,0.59729815,3
0.40870083,101.18540795,135.73043538,2.97571842,2.80089272,0.52638316,1.3197875,1.8465519,2.06661081,2.16722393,2.24209356,2.30665541,2.36246729,0
0.89520169,104.52480383,316.24145384,2.3,2.8,0.16222548,0.23779035,0.3145411,0.37981248,0.4391625,0.49345636,0.5427499,0.58789015,4
0.76442885,195.53713101,169.33192873,2.2,2.3,0.13357401,0.20985937,0.2835095,0.35180473,0.4167943,0.47760296,0.5347688,0.58838916,3
0.5451880115720428,58.02087063342064,0.0841041116783009,2.656138779106705,2.2971498787435176,0.6217260360717773,1.6212339401245115,2.242556095123291,2.557394504547119,2.750241756439209,2.8895506858825684,3.011190414428711,3.110172271728516,18
0.60991254,23.34170425,238.02732288,2.2,2.7,0.49460936,1.2054567,1.6068809,1.6973689,1.7047126,1.7114332,1.7177818,1.7235906,1
0.92172899,149.76869735,271.16675713,2.9,2.2,0.15262151,0.24256015,0.33045578,0.4147973,0.4934864,0.5664952,0.6348703,0.69940877,17
0.44214111,204.7790668,348.72898608,2.00150879,2.79284155,0.16564608,0.21269989,0.26157188,0.30232549,0.33966255,0.37402749,0.40528274,0.43462396,4
0.8651196315363753,10.216370478795149,0.1045975167149535,2.2437128550453864,2.6158897119495563,0.8380134105682373,2.31992244720459,3.2723517417907715,3.759470939636232,4.039657115936279,4.237972259521484,4.39221715927124,4.515071868896484,22
0.919907895107494,1.0926126663709337,0.2152791189044602,2.680275314938219,2.1746468881113388,1.1290717124938965,3.3207249641418457,5.003942489624023,5.939097881317139,6.463501453399658,6.891022205352783,7.253427982330322,7.550053119659424,5
0.4544477254867393,51.31907022897379,0.9607673320259152,2.993938242875641,2.818185810779132,0.8339157104492188,2.430615425109864,3.596536159515381,4.169708728790283,4.426510810852051,4.5719804763793945,4.672952651977539,4.760826587677002,22
0.35170642,229.39525629,127.65645749,2.5,2.0,0.26022077,0.44478106,0.57368183,0.6766391,0.7628131,0.8365431,0.89940643,0.95655966,17
0.3797653024629586,44.84675221776146,0.0199991364258529,2.486586686008206,2.4471362391712206,0.8653833866119385,2.5321922302246094,3.73893976211548,4.273644924163818,4.484312057495117,4.583537578582764,4.659083366394043,4.718949317932129,22
0.43848573,164.08394244,321.31002555,2.9,2.4,0.25656676,0.40747142,0.5023656,0.582592,0.6497793,0.70875955,0.7600231,0.805495,17
0.71532209,248.88672175,33.27218542,2.7,2.9,0.20394325,0.33732152,0.4700079,0.5953474,0.71006274,0.8175459,0.9176502,1.0115435,15
0.9457770462229996,1.2017622867557092,72.56469339828004,2.697693019797076,2.721047157820076,1.0093250274658203,3.0619242191314697,4.779058456420898,5.67988395690918,6.01004695892334,6.16330623626709,6.232442855834961,6.254266738891602,7
0.3780038028696308,5.308921715397064,0.0825213837045323,2.136944245101125,2.0772102146846447,1.1294453144073486,3.6095783710479736,6.1095781326293945,7.873934745788574,8.703229904174805,8.794846534729004,8.803988456726074,8.812814712524414,12
0.9169441,15.63757133,256.54464058,2.9,2.2,0.48279738,1.200048,1.6707492,1.8820705,1.971488,2.0223012,2.0587616,2.0864706,1
0.6896589372867385,6.911451840968399,0.5314313579643535,2.176140226402254,2.042963884947584,0.960063934326172,2.6924493312835693,3.8422815799713135,4.394453048706055,4.69563102722168,4.898475646972656,5.040644645690918,5.141515731811523,5
0.76728481,19.66872978,7.80949879,2.88265252,2.90620184,0.83089495,2.29946947,3.30289173,3.82372284,4.12131214,4.3226943,4.48343372,4.60372543,22
0.62116771,14.86344832,180.42594646,2.1,2.1,0.57287335,1.4765048,1.9676383,2.066438,2.0679715,2.069413,2.0711782,2.072769,0
0.72201176,247.49079219,96.21642046,2.90647386,2.42063074,0.16231704,0.25767136,0.35246372,0.44150853,0.52514839,0.60360622,0.67755628,0.74731326,16
0.31447642,72.93429011,24.86460563,2.2,2.5,0.7244184,1.971292,2.7718525,3.0732698,3.1756754,3.2287068,3.2717986,3.3135986,23
0.92831149,241.32793729,291.40858463,2.6,2.9,0.15331244,0.17266083,0.21357346,0.2699597,0.32101655,0.36445236,0.40811777,0.4495387,4
0.64409286,10.58547416,45.04064658,2.5,2.2,0.9174831,2.641243,3.8771305,4.422629,4.617912,4.6918993,4.7330036,4.7624774,23
0.95625792,54.8934951,75.31970005,2.1,2.6,0.29968548,0.5980911,0.846565,1.0536296,1.2250178,1.3699207,1.4949644,1.6021607,10
0.3305773030808075,10.551359036913416,89.85478723483725,2.10757351,2.01179361,0.8260419368743896,2.443469762802124,3.6893274784088135,4.164731979370117,4.218367576599121,4.225369453430176,4.227270126342773,4.228954315185547,23
0.6958788359099224,1.136608839866634,0.0031071555894151,2.184933522127522,2.562107203920059,1.2125446796417236,3.9512243270874015,6.758784770965576,8.700923919677734,9.587102890014648,9.80158233642578,9.84294319152832,9.899681091308594,12
0.34434115,204.07470156,265.64488703,2.6,2.4,0.24706817,0.37230563,0.4479165,0.51099706,0.5663326,0.6135423,0.6550238,0.6937306,17
1.0,147.82595959,266.26621345,2.0,2.0,0.09119081,0.14267206,0.188375,0.22994971,0.27251983,0.31208706,0.34964085,0.38517189,4
0.94163104,49.23214516,324.24842009,2.5,2.3,0.24141192,0.41665792,0.55561185,0.669621,0.7631216,0.84187865,0.9071944,0.9630966,17
0.9073946,76.86364534,276.66272538,2.1,2.8,0.18433881,0.28830075,0.3847034,0.46641684,0.53817725,0.6018858,0.6579876,0.7084868,17
0.7759550868758116,4.844467068094233,0.0035683407683519,2.851791832617874,2.824600264852537,1.114891529083252,3.3436458110809326,5.124491691589356,6.06132698059082,6.529559135437012,6.862988471984863,7.129539489746094,7.327382087707519,5
0.64285655,98.47008336,326.29116443,2.29843221,2.85813461,0.25654483,0.43543124,0.5647645,0.6705811,0.7588768,0.83431411,0.89823198,0.95437455,17
0.989351876414619,180.05053630435015,306.91750664205824,2.47690848,2.0,0.0904691219329834,0.1326420307159423,0.1660585403442382,0.1939575672149658,0.2264037132263183,0.2572956085205078,0.2866623401641845,0.3146746158599853,11
0.72269102,233.76523513,185.84932736,2.8,2.9,0.17872977,0.26916456,0.36364007,0.45481586,0.53628397,0.6135843,0.6858027,0.7534957,17
0.88784035,255.82099463,93.65427794,2.8,2.3,0.13245726,0.22201085,0.30199313,0.38417196,0.465158,0.5409422,0.6135652,0.6833713,2
0.8159473587877961,18.04786945811408,0.0589378020127333,2.90502635349124,2.15392078557763,0.7025728225708008,1.804844856262207,2.5111231803894043,2.919185161590576,3.1882143020629883,3.3892054557800293,3.551455020904541,3.688874244689941,22
0.76083835,206.83837697,210.09606406,2.1,2.0,0.10043144,0.15448523,0.20364451,0.24823523,0.2936828,0.33596158,0.37579966,0.41344714,3
0.80429112,193.60008164,253.92863366,2.65982504,2.30323807,0.12799335,0.18736911,0.24560404,0.2985785,0.34851336,0.39692664,0.44230342,0.48463702,4
0.3159422297787565,143.08128401630177,0.1106110062293124,2.9954680464008527,2.171293809181967,0.5168802738189697,1.3049359321594238,1.7808589935302734,1.995168209075928,2.1169886589050293,2.21622085571289,2.3013663291931152,2.373612403869629,18
0.5092871,256.0864492,393.04834792,2.4,2.3,0.10257816,0.12409425,0.14609122,0.15422297,0.16615582,0.17799687,0.19008112,0.20071673,11
0.4979668486794043,43.806454607785206,0.7372205514288644,2.20609752077448,2.1925483365627967,0.7160952091217041,1.945197582244873,2.697333812713623,3.028661727905273,3.19638729095459,3.3132338523864746,3.398435115814209,3.481071949005127,22
0.35494277,74.38392,320.39417142,2.2,2.1,0.31853652,0.5781572,0.67449903,0.70355463,0.72481966,0.744056,0.7599008,0.7728143,21
0.90545285,292.36804199,281.39266968,2.47074723,2.0614028,0.07501531,0.11467719,0.14210844,0.15672612,0.18162036,0.20749211,0.23100829,0.25285673,11
0.31542173,73.4036215,48.10730571,2.3,2.1,0.67318964,1.834662,2.543049,2.764414,2.8226635,2.8601177,2.892955,2.921718,0
0.5857284676751535,1.6901031764540373,0.0038155362145179,2.1128583150696785,2.765521563042924,1.2138254642486572,4.034809112548828,7.123331069946289,9.435362815856934,10.64146327972412,10.849191665649414,10.861656188964844,10.87136936187744,12
0.30360458,252.92338666,8.42849574,2.6,2.7,0.39042735,0.8226032,1.0971494,1.2629564,1.3856475,1.4816458,1.5642393,1.6366699,9
0.3068281950483077,1.1732850164418571,0.0144801731639312,2.9342599017516067,2.164760115441016,1.2294836044311523,4.042933940887451,7.2383551597595215,10.059398651123049,11.757299423217772,11.791210174560549,11.798723220825195,11.80507469177246,12
0.3293214338937369,1.2897871253775746,0.1204614701730079,2.7668556605828454,2.058073437124154,1.2117881774902344,3.958786964416504,7.050173759460449,9.7161283493042,10.892065048217772,10.903402328491213,10.909924507141112,10.91544246673584,12
0.81387351,257.44922955,257.15908205,2.1,2.2,0.08169794,0.12280059,0.15639901,0.18065953,0.21166062,0.2402966,0.2675879,0.29403806,11
0.87458891,296.32241166,103.84789339,2.0963414,2.91803679,0.11134267,0.18894696,0.2544446,0.32068682,0.38816285,0.45345807,0.5157454,0.57557607,2
0.52002868429726,1.212726077610838,1.3303283865199782,2.5,2.0,1.1748223304748535,3.77872896194458,6.512333869934082,8.630876541137695,9.668082237243652,9.713521003723145,9.722016334533691,9.729323387145996,13
0.934387464533474,0.9239926647185794,0.0044635016452511,2.289427922144785,2.8136309875297965,1.1935410499572754,3.738487958908081,6.023442268371582,7.346291542053223,7.997139930725098,8.36351490020752,8.629264831542969,8.841994285583496,12
0.79460731,232.42450951,26.53234462,2.7,2.8,0.19317126,0.3248756,0.45434642,0.57975554,0.6955354,0.8039,0.9058368,1.0018191,15
0.83005577,130.24358663,154.30482071,2.2,2.1,0.1655016,0.27847958,0.3855176,0.48311067,0.5721731,0.65391755,0.7289038,0.7985773,17
0.49163014,45.65776755,195.561878,2.00923447,2.52641479,0.50649738,1.28739309,1.74056101,1.85837984,1.89095592,1.91706371,1.94028735,1.96139097,1
0.79122938,129.35901905,88.5511132,2.3,2.4,0.2179668,0.38721085,0.5423002,0.6807265,0.804857,0.91653895,1.0165684,1.1082942,16
0.732986577646343,5.450901495552691,22.341178298210032,2.5,2.5,1.015962839126587,3.0051841735839844,4.516688346862793,5.257369995117188,5.595348358154297,5.802750587463379,5.945990562438965,6.0420684814453125,7
0.57535144,106.13006923,65.65217023,2.2,2.7,0.36556768,0.76118374,1.0410154,1.2388866,1.3886468,1.511512,1.6139734,1.703192,10
0.81235806,116.51730807,224.13007071,2.22953292,2.88080219,0.21938872,0.3772037,0.52219319,0.65053821,0.76609683,0.8701961,0.96377373,1.04839969,17
0.90323558,12.62848586,391.12740586,2.1,2.4,0.29943776,0.5208788,0.5961747,0.6039212,0.60593414,0.6079972,0.60951614,0.61065483,21
0.36979415,157.97575142,198.84984646,2.8,2.8,0.37904358,0.7740259,1.0151746,1.14873,1.2429819,1.3167129,1.3792329,1.4334874,10
0.37828958,42.38777804,304.03243708,2.3,2.0,0.4088087,0.9230187,1.1502428,1.156713,1.1568553,1.1574438,1.1576257,1.1579614,21
0.7697279939290196,212.1725343077023,0.1607930218502213,2.577226050242322,2.6348808664709487,0.2102022171020507,0.3640763759613037,0.5145683288574219,0.655137300491333,0.7843019962310791,0.904874324798584,1.016411304473877,1.1204628944396973,15
0.33047262,40.89901195,251.17052164,2.1,2.8,0.4833851,1.1544254,1.490088,1.50738,1.507535,1.5080299,1.5083108,1.5084257,1
0.39867613,9.10064125,43.7081337,2.25034857,2.30982089,1.04241943,3.11031175,4.88247204,5.83159542,6.02974129,6.05900097,6.06791019,6.07166576,7
0.7752251808221379,5.548459510831033,47.57858089722879,2.15314054,2.19771719,0.8702244758605957,2.474191904067993,3.55139708518982,4.035309791564941,4.249685287475586,4.3572492599487305,4.4179534912109375,4.467734336853027,23
0.7940315541268398,32.339422161718886,0.431800156478079,2.7227822337942733,2.5503636977993303,0.626469612121582,1.597597360610962,2.23453688621521,2.606873750686645,2.858451128005981,3.0529158115386963,3.2110378742218018,3.346794843673706,18
0.9157379,95.67314277,8.88516063,2.50285692,2.72061832,0.30482459,0.59525108,0.85295963,1.07936811,1.27701211,1.45018053,1.60212946,1.73660135,9
0.4701527558733699,114.89942683861258,0.1056558681896815,2.3087177205187164,2.9618601346303826,0.5400066375732422,1.4084880352020264,1.9766712188720703,2.2643585205078125,2.4433794021606445,2.583521842956543,2.697817325592041,2.79799747467041,18
0.7274388369572004,1.0215048845667878,0.3208946605040751,2.4711603265420994,2.4590369203455,1.2193410396575928,3.9174013137817374,6.618964672088623,8.422746658325195,9.239511489868164,9.47358512878418,9.577884674072266,9.69599151611328,13
0.69882955,218.1180989,288.20087945,2.9,2.9,0.17712331,0.24760842,0.32714868,0.40028667,0.46562433,0.5270989,0.58480096,0.63895416,4
0.71744615,266.28699022,78.14372195,2.2,2.8,0.14063525,0.22274303,0.30306077,0.37812924,0.44975615,0.5179429,0.583194,0.6444802,2
0.68202754,229.81014998,350.68060605,2.5,2.8,0.13772058,0.16554618,0.2007134,0.23776531,0.2741077,0.30407858,0.332978,0.3610778,4
0.67181245,19.61188959,169.33323049,2.5,2.4,0.6175878,1.6483886,2.299958,2.5289423,2.5921276,2.6181414,2.6387708,2.6564848,0
0.44431436,8.05666225,14.89984526,2.85620189,2.82260576,1.2180388,3.72669768,6.16574574,7.75807095,8.37152386,8.4979887,8.58516216,8.64139843,14
0.93337142,111.23892975,8.84349346,2.05150914,2.97412896,0.24442697,0.46516013,0.67290711,0.86307263,1.03522491,1.19191098,1.33366656,1.4618938,9
0.49064118,98.04247284,260.03146362,2.53479815,2.24108911,0.28669596,0.49671674,0.61943007,0.70608807,0.77239728,0.82771802,0.8734405,0.91144848,21
0.63502998,129.48574347,373.28444718,2.2,2.8,0.15736842,0.19696546,0.23755312,0.26913,0.29766226,0.32485342,0.34911847,0.37159228,4
0.53040657,135.98375578,12.63431864,2.5,2.5,0.40081882,0.86488986,1.1922054,1.4194419,1.5911021,1.7292352,1.8458519,1.9483833,9
0.61865722,242.47712032,88.06291274,2.8,2.3,0.19239426,0.31609035,0.4357531,0.5451164,0.64531374,0.7384629,0.8245208,0.9042239,16
0.8815409021090114,19.634186012183388,0.8179100235410026,2.16157127873167,2.5530851382285897,0.6554579734802246,1.6851739883422852,2.326252222061157,2.6911861896514893,2.9359242916107178,3.1235196590423584,3.277904748916626,3.4064037799835205,18
0.84274086,20.62901467,270.03790655,2.1,2.7,0.3712821,0.77654433,1.0103841,1.1140256,1.1659403,1.1981852,1.2205606,1.2382677,21
0.91061752,265.97740725,82.48052135,2.3,2.3,0.10765076,0.18181992,0.2477839,0.3087709,0.370955,0.43262315,0.49131036,0.54763556,2
0.7552287754760931,5.9621365956505255,0.0769212016702636,2.786830428436367,2.158525752506021,0.9936683177947998,2.775562286376953,3.993781566619873,4.627817153930664,5.021049499511719,5.318638801574707,5.5413007736206055,5.708590507507324,5
0.62392908,1.62975609,19.23716071,2.4,2.5,1.206075,3.6701665,6.061104,7.552473,8.163074,8.364818,8.478178,8.542168,14
0.47950738,194.23785407,94.47089622,2.3,2.5,0.25359225,0.43773985,0.584214,0.7067678,0.81131077,0.9027586,0.983583,1.0546346,16
0.62275716,250.05435047,34.44128199,2.5,2.7,0.2054193,0.3409691,0.47170997,0.5904143,0.69957304,0.79979134,0.8924446,0.9789057,15
0.43226492,166.72801701,83.98166383,2.9,2.3,0.3847885,0.8311002,1.1324883,1.3273478,1.4697416,1.5828135,1.6777534,1.7606223,10
0.5487116528939356,9.389539558183316,3.717161839056273,2.5,2.9,1.1125779151916504,3.465439319610596,5.558127403259277,6.730794906616211,7.177615165710449,7.356802940368652,7.483176231384277,7.56974983215332,6
0.8081216442547934,14.910215996074824,0.2075831479548006,2.3958992213935173,2.733547970730735,0.8163964748382568,2.2742679119110107,3.2265899181365967,3.715562582015991,3.993358850479126,4.192303657531738,4.345455169677734,4.471080780029297,22
0.50555253,278.70095318,128.3126123,2.45992232,2.17771935,0.1461606,0.21078968,0.27480841,0.33317709,0.38791203,0.4384675,0.48551631,0.52981591,2
0.7466593970202634,144.9161190831198,0.2989512716180163,2.684367294678941,2.462847671220377,0.2753152847290039,0.5202081203460693,0.7376716136932373,0.9287633895874025,1.0967652797698977,1.2453696727752686,1.3774404525756836,1.495553493499756,8
0.855104944370056,7.427148667672317,218.7816046376961,2.5476175312810714,2.376309858503672,0.587744951248169,1.577455997467041,2.203713893890381,2.414358615875244,2.44710111618042,2.448105812072754,2.450334072113037,2.4523515701293945,1
0.63727378,165.79911385,368.00414255,2.3,2.7,0.13953733,0.17501116,0.21278071,0.24048662,0.267092,0.29328227,0.31741667,0.3399794,11
0.42993149,18.83075672,104.57163609,2.1061414,2.61774839,0.80097532,2.39939475,3.63175607,4.13704586,4.22293091,4.23556328,4.24222755,4.24887466,23
0.3586620431759562,1.0985499490597692,0.0089608131967817,2.4302392122523746,2.9574002436725864,1.2893142700195312,4.391948699951172,8.161301612854004,11.676740646362305,14.144057273864746,14.203753471374512,14.211600303649902,14.218300819396973,12
0.380837072571753,174.3562115244665,0.0156621139789484,2.9158455027836667,2.947077898059836,0.5150682926177979,1.2877378463745115,1.8194098472595213,2.095388889312744,2.2687792778015137,2.4006171226501465,2.512493133544922,2.6081557273864746,18
0.3,2.8079074,4.38428972,2.0,2.0,1.18806171,3.70891953,6.30880594,8.33425522,9.68306732,10.58560371,11.12464333,11.4048481,14
0.9855135974623624,5.720622913762621,0.0867986950305598,2.300304511377755,2.381399648061844,0.8598155975341797,2.3176052570343018,3.243211030960083,3.7440168857574463,4.052058219909668,4.277996063232422,4.449404716491699,4.599217414855957,22
0.69656402,113.87910461,14.03606319,2.64630604,2.67457819,0.36576629,0.75569105,1.06149673,1.30602002,1.50389338,1.66998959,1.8107276,1.93190479,9
0.8926478234342432,1.3546095740753463,0.0033467616940876,2.805176733599048,2.447282955720785,1.1733500957489014,3.528046131134033,5.4446563720703125,6.508218765258789,7.080273628234863,7.491885185241699,7.8631591796875,8.1607084274292,5
0.42800508,41.29984311,397.17965685,2.56665414,2.15713703,0.31036949,0.54933643,0.60791087,0.61586142,0.62384391,0.63086224,0.63696814,0.64231277,21
0.43887864,201.60360517,6.94950278,2.19945329,2.28949026,0.30002952,0.56756997,0.76644659,0.92311406,1.05089593,1.15757656,1.24932885,1.32889819,9
0.3692462640446479,285.816844906374,355.3857527302192,2.2,2.9,0.1565427780151367,0.1862823963165283,0.2178971767425537,0.2471654415130615,0.2751376628875732,0.3003959655761719,0.3236818313598633,0.3460540771484375,11
0.87202546,74.96293385,212.14797659,2.3,2.7,0.24226928,0.4298632,0.58804655,0.7214751,0.83652806,0.9360943,1.0225899,1.096936,17
0.4489342330957487,6.467134228940191,4.748136490234005,2.20346808,2.59346867,1.144249677658081,3.6773390769958496,6.19331693649292,7.862555027008057,8.527137756347656,8.616554260253906,8.63543701171875,8.654886245727539,14
0.8119847430967798,7.486026175144606,0.0765104505210332,2.635400627031037,2.9579902453674607,1.009551763534546,2.9777984619140625,4.4511919021606445,5.206740856170654,5.595992565155029,5.859060764312744,6.050245761871338,6.206079959869385,5
0.81387755,299.81724059,124.30774638,2.2,2.5,0.10545564,0.16764164,0.22114706,0.27008486,0.3214183,0.37209916,0.4207077,0.46694946,2
0.4922824071317488,1.268594728718018,1.7198186226585177,2.2726606678741814,2.454706602496344,1.2234749794006348,4.055351257324219,7.251561164855957,9.887401580810549,11.306894302368164,11.360702514648438,11.366633415222168,11.371692657470703,13
0.51879583,71.93210873,1.55655804,2.5,2.5,0.61853933,1.60436964,2.21954393,2.51309538,2.68474531,2.81392622,2.92053556,3.01425171,18
0.6339792,8.33934593,0.31860459,2.37560153,2.47183084,1.07819033,3.11407161,4.62385178,5.37198353,5.69522095,5.88790035,6.00764656,6.09303856,5
0.79613767,287.82631919,109.0431369,2.3,2.7,0.12366557,0.19173026,0.25591302,0.31662393,0.3765757,0.43512177,0.49108148,0.5444379,2
0.34389894,232.22123227,67.87325853,2.3,2.9,0.3051827,0.55513334,0.7186749,0.8441746,0.9455931,1.0301712,1.1032381,1.1659236,10
0.4124057475439928,3.0341085513657107,0.0576973576193828,2.1503168050278187,2.7123511558112563,1.2198140621185305,4.078708648681641,7.31832218170166,9.983726501464844,11.468128204345703,11.595813751220703,11.602792739868164,11.608804702758787,12
0.54894072,60.87314987,51.00498199,2.36456442,2.05611348,0.50987697,1.22373462,1.64593649,1.85237169,1.9883728,2.08910275,2.17516184,2.25084162,19
0.3,118.11042464957836,242.5458085564756,2.65663624,2.26227069,0.3628859519958496,0.7511851787567139,0.9405727386474608,1.006171703338623,1.0507211685180664,1.0879292488098145,1.1193609237670898,1.1463062763214111,21
0.7143829,210.29649874,167.47623735,2.4,2.5,0.15747356,0.2433474,0.3298893,0.40894842,0.48271346,0.5514281,0.6152501,0.6756637,2
0.33519543,121.14500856,100.46072698,2.4,2.5,0.49130893,1.1924732,1.6062679,1.7497683,1.8225813,1.881372,1.9331293,1.9796629,0
0.92043036,287.33938599,277.74664307,2.07826424,2.55282784,0.07992196,0.12654185,0.16542315,0.19493008,0.22735643,0.26036882,0.2930932,0.32508183,11
0.65552608,147.41734868,149.6310764,2.57840837,2.88564194,0.28282571,0.51490378,0.70607948,0.87047887,1.01237059,1.13609052,1.2441771,1.34009314,10
0.3085243,190.14339288,266.74554572,2.91451209,2.19149426,0.23844194,0.33149099,0.38073015,0.42137098,0.45800972,0.4897666,0.5183661,0.54334998,4
0.5449499049441321,6.8116063898675305,0.2467389384180953,2.612379737385649,2.893941174149745,1.17441987991333,3.7079808712005615,6.111624717712402,7.575772285461426,8.166919708251953,8.35893440246582,8.485350608825684,8.586637496948242,13
0.83276269,205.69455404,313.36825344,2.8,2.5,0.13543844,0.19439626,0.2493105,0.31022358,0.36517262,0.4152553,0.46354985,0.5085654,4
0.30858549,82.39440918,63.74175262,2.27222943,2.43498373,0.66544914,1.8319819,2.58115649,2.8202107,2.87468934,2.90803695,2.93870759,2.96707702,0
0.3854316553307606,2.22931907402247,0.0223672289560084,2.400361503228523,2.460757111181411,1.2341220378875732,4.08821964263916,7.337725639343262,10.088329315185549,11.638172149658203,11.684685707092283,11.689982414245604,11.694464683532717,12
0.6317190918340163,0.8916236585134887,20.692077814155184,2.2260968264880194,2.6955476154204385,1.1756656169891355,3.8763985633850098,6.819558620452881,9.059438705444336,10.167543411254885,10.38160514831543,10.383464813232422,10.385074615478516,14
0.81141168,259.48717773,252.12005756,2.8,2.5,0.13525248,0.18775272,0.23936987,0.30118322,0.3580129,0.40908408,0.45904255,0.50628185,4
0.49877587,173.02565819,21.34872156,2.7,2.6,0.37063956,0.7660923,1.0545268,1.2700417,1.4400232,1.580374,1.7008917,1.8033326,9
0.66058016,206.5599823,6.16848278,2.27003789,2.6227808,0.22737265,0.40271759,0.56635714,0.71412516,0.84727883,0.96871758,1.07905889,1.18002462,15
0.44249267,217.69675957,324.52020263,2.5,2.9,0.18816066,0.23745275,0.28614306,0.32642746,0.36398602,0.39713144,0.42800045,0.45647454,4
0.64291745,36.47005611,105.63280625,2.37561314,2.60387931,0.59407663,1.54769325,2.14377666,2.40533233,2.53918719,2.6328032,2.70813489,2.76992917,20
0.63056962,62.16593455,98.87943207,2.9,2.1,0.48605728,1.2023647,1.6704304,1.9232409,2.0856216,2.208329,2.30876,2.3941295,20
0.9551249991530832,1.0932305395904776,18.84889780410447,2.166934071119836,2.5550555357186617,1.083981990814209,3.295130014419556,5.080218315124512,6.024962425231934,6.462696075439453,6.706633567810059,6.868267059326172,6.98638916015625,6
0.5815712408143324,47.10419191881439,80.58932852329875,2.555779255374217,2.8128206476582323,0.6318044662475586,1.7344427108764648,2.46694278717041,2.8026986122131348,2.970701217651367,3.0866384506225586,3.17659854888916,3.252647399902344,23
0.6795121347594361,11.702242027912238,0.2720167103876634,2.381283714864595,2.407953995221299,0.9383015632629396,2.673258066177368,3.865275621414185,4.434353828430176,4.734858512878418,4.926589012145996,5.072915077209473,5.179062843322754,5
0.9640342909297034,61.45158891262599,1.067983027724531,2.9276531676454915,2.33085834121463,0.3549287319183349,0.742365837097168,1.0660128593444824,1.3329505920410156,1.5538043975830078,1.7404813766479492,1.9004077911376955,2.039982795715332,8
0.95688937,62.75993115,374.3181558,2.85175278,2.78109215,0.23876524,0.38850069,0.51136947,0.6164155,0.70650053,0.78490829,0.85246253,0.91201258,17
0.3968000156751279,18.72116178217936,2.305183855648979,2.22702289,2.04907441,0.9609839916229248,2.821461200714112,4.210237979888916,4.848019599914551,5.064125061035156,5.176079273223877,5.239802360534668,5.288271903991699,6
0.49010268,116.63293048,96.70921821,2.9,2.4,0.4461441,1.0437796,1.4402943,1.6641247,1.8142006,1.9285967,2.0265028,2.108641,20
0.69957465,222.08940594,32.69206602,2.84113716,2.47647451,0.2043364,0.34571648,0.48260784,0.6081109,0.72305393,0.82965112,0.9279058,1.0199616,15
0.90284892,79.79853167,145.39378168,2.35678267,2.41647608,0.25062966,0.46238136,0.64808345,0.8094964,0.94982672,1.07279444,1.18052483,1.27599239,10
0.67167927,20.27749687,301.63187026,2.5,2.6,0.47727084,1.1553235,1.5611999,1.6534536,1.6540415,1.6541011,1.6543686,1.6545541,1
0.58499243,10.01713851,121.26051379,2.8,2.3,0.8471532,2.5047982,3.8030398,4.382572,4.501479,4.5071535,4.507313,4.508214,23
0.9053205596341792,1.943491373122728,0.1776949094396297,2.8304990703976056,2.5880204694608286,1.1467506885528564,3.3985636234283447,5.155488967895508,6.100162506103516,6.622825622558594,7.024238586425781,7.375255584716797,7.637018203735352,5
0.46333555,2.15736263,19.39557059,2.0,2.5,1.18446064,3.73053741,6.43204451,8.31894684,9.11219406,9.4028511,9.45406532,9.45635223,14
0.79867119,19.86293983,29.67960548,2.56343937,2.79148483,0.74262524,2.014467,2.84209275,3.26498437,3.50614762,3.68033147,3.8084414,3.92097449,23
0.3318524373400462,193.49312166538567,391.8018638726883,2.1,2.6,0.1793105602264404,0.2098278999328613,0.2376863956451416,0.260277509689331,0.280825138092041,0.2995891571044922,0.3170440196990967,0.3330917358398437,11
0.90850037,268.62374878,75.55195618,2.02171564,2.11953235,0.09147549,0.15739274,0.21750498,0.27122164,0.32714319,0.3808341,0.43314648,0.48331356,2
0.7537900941913847,1.9184839300889227,0.0317702918596945,2.368760514713155,2.949447965008489,1.20605206489563,3.848053455352783,6.396231651306152,7.9521284103393555,8.653915405273438,8.954317092895508,9.140567779541016,9.290486335754396,12
0.97344376,15.52853524,21.18372193,2.60668945,2.86541592,0.68990135,1.7960732,2.5209949,2.94090867,3.21602607,3.42639661,3.59655452,3.74160981,23
0.43527031,209.30260986,368.08587733,2.6,2.3,0.15958977,0.19137716,0.22665787,0.25513935,0.2825265,0.3072455,0.33003688,0.35176086,4
0.85247874,11.47293282,42.63624954,2.11411572,2.73469162,0.76948023,2.12726045,2.99316478,3.39854836,3.60185838,3.74197173,3.83581233,3.91040683,23
0.4216676485102923,2.80667442629748,0.2586683548798797,2.4407729235038684,2.843180808449706,1.2591540813446045,4.1945343017578125,7.553955554962158,10.319650650024414,11.986867904663086,12.09715461730957,12.105436325073242,12.112476348876951,13
0.31227589,279.6131897,34.18618774,2.18063784,2.11300635,0.23306966,0.37578487,0.48332071,0.57373381,0.64983416,0.7172513,0.7760241,0.82989407,15
0.87781787,32.25754929,275.66912842,2.06513262,2.27125168,0.30272937,0.5804069,0.76911974,0.89659595,0.98542619,1.05256629,1.10261178,1.14395165,21
0.33185488,295.56912231,276.35797119,2.16873455,2.00077438,0.10172439,0.12054205,0.13332725,0.13977551,0.15164161,0.16195464,0.17111397,0.18042588,11
0.5057845781110016,1.3031756649744488,0.0033307447947586,2.603684411109956,2.887315882577286,1.2886435985565186,4.320813179016113,7.859503746032715,10.888509750366213,12.613811492919922,12.664077758789062,12.672348976135254,12.679442405700684,12
0.30172622,275.13331976,260.13314165,2.84485136,2.01380595,0.14374685,0.16312909,0.18409681,0.19938421,0.21352625,0.22720551,0.24020815,0.25190282,11
0.76909912,103.0914223,130.70089178,2.2,2.9,0.2542479,0.4650116,0.6422193,0.79420304,0.92514825,1.0395217,1.139607,1.2274876,10
0.9752399721195638,2.747811695369146,0.4869567314236274,2.6,2.9,1.077319622039795,3.171426057815552,4.754020690917969,5.584672927856445,6.041446685791016,6.374532699584961,6.632426261901856,6.831351280212402,5
0.99134359,169.47693001,323.78926366,2.41282715,2.54916339,0.11556435,0.17263126,0.22412205,0.27377009,0.32273054,0.36875796,0.41142702,0.45295763,4
0.72169161,148.26241769,276.41665091,2.7,2.4,0.19018626,0.2933433,0.39209557,0.48018408,0.5593333,0.63113093,0.69646025,0.7563832,17
0.9105197067523154,51.1673585958785,0.0047694916144948,2.447567980806737,2.678655492276366,0.4382100105285644,0.9725782871246338,1.3803260326385498,1.686856746673584,1.9277019500732424,2.1246938705444336,2.290640354156494,2.433746814727783,18
0.30151465,151.39129226,249.58039969,2.32789557,2.168383,0.27165031,0.42991257,0.50147009,0.55211115,0.5928545,0.62869263,0.65934801,0.68572545,21
0.89303809,222.61804909,174.21420395,2.3,2.9,0.13468409,0.19914007,0.2664888,0.33076358,0.39330745,0.45318007,0.50950575,0.56435084,3
0.37640346,78.79258508,225.76913095,2.8,2.1,0.46668506,1.167531,1.5921667,1.7033823,1.7327864,1.7589457,1.7817597,1.8022666,1
0.83807649,122.86926939,302.68872164,2.3,2.7,0.1582079,0.23028779,0.30305386,0.36590195,0.4232397,0.47654128,0.52463865,0.569093,4
0.9534573,258.57824707,8.39169502,2.2133491,2.09464526,0.10559368,0.18500853,0.25645137,0.32347918,0.39206028,0.45825195,0.52248955,0.58438253,2
0.51274084,269.71139966,240.22185031,2.8,2.2,0.15526915,0.21688199,0.27958965,0.3365624,0.38985276,0.43928003,0.48491216,0.52779675,3
0.65214284,158.85301402,70.06723668,2.1,2.5,0.215796,0.37498665,0.5178325,0.6436448,0.75446415,0.8541465,0.9436915,1.0243437,16
0.7292159571585177,7.839570282864802,0.0277913974882563,2.172914264898864,2.4311266491886605,0.9684834480285645,2.7869551181793213,4.05510139465332,4.64872932434082,4.948128700256348,5.144500732421875,5.286993026733398,5.393566131591797,5
0.5725882849442366,206.8646420035297,0.1114238333217779,2.063190579266644,2.317403664128113,0.227210521697998,0.4057521820068359,0.5652055740356445,0.7056269645690918,0.8293631076812744,0.9409065246582032,1.040683031082153,1.130615472793579,15
0.9196801994875828,39.13408990284975,0.0627367891521903,2.0253419868001434,2.7903565583594343,0.4682598114013672,1.0834743976593018,1.526350975036621,1.8446249961853027,2.088730335235596,2.2866668701171875,2.451749324798584,2.593266487121582,18
0.78706658,206.37937927,371.65774536,2.34730768,2.44395018,0.10445166,0.14269638,0.17709637,0.20424938,0.23206353,0.25940371,0.2847352,0.30938101,11
0.851901404730379,23.54376620717123,0.3683511338266906,2.800880309280248,2.096758534436297,0.5951640605926514,1.4636974334716797,2.0326642990112305,2.3808374404907227,2.622942924499512,2.811963081359864,2.96726131439209,3.0999345779418945,18
0.70296806,145.05752563,100.49822998,2.71727753,2.03685784,0.20149469,0.342659,0.4728272,0.58818436,0.69077325,0.78348207,0.86648059,0.94277167,16
0.3039729,262.37415547,399.96905811,2.7410774,2.68881666,0.18211532,0.19848132,0.21916008,0.23543739,0.2480824,0.25968599,0.27079391,0.28234768,11
0.52303712,30.00535261,101.91050253,2.4,2.7,0.70681953,1.9299576,2.7337568,3.056842,3.1756103,3.2278655,3.264519,3.2963274,23
0.55188742,157.86937324,97.20098037,2.8,2.2,0.3027737,0.58171034,0.7963605,0.9703567,1.113478,1.235215,1.3391278,1.4290745,10
0.5635586813604951,89.60448691946424,0.0874949414920707,2.9184627680008584,2.1100785051249926,0.448101282119751,1.0397038459777832,1.4397387504577637,1.6926655769348145,1.8746905326843264,2.020482063293457,2.142995834350586,2.246986389160156,18
1.0,11.728299189749103,394.2045187892828,2.2,2.2,0.2985458374023437,0.5527989864349365,0.6785497665405273,0.7236106395721436,0.7425498962402344,0.7544991970062256,0.7628138065338135,0.7687246799468994,21
0.7652247656854266,1.057354780457228,1.3912625195415724,2.473696990184163,2.4592803590587984,1.207228660583496,3.835246562957764,6.365049839019775,7.954922199249268,8.661928176879883,8.918609619140625,9.103271484375,9.263057708740234,13
0.3286014022223285,29.39437581588069,0.176807097851751,2.170882668240638,2.7140223708746336,1.0092298984527588,3.152153730392456,5.034063339233398,6.055542945861816,6.322786331176758,6.386618614196777,6.423816680908203,6.449138641357422,5
0.45826318,52.89614289,151.91271623,2.1,2.3,0.48994827,1.1750572,1.5394495,1.6476653,1.6949534,1.7329867,1.7651441,1.7930377,0
0.3,10.633039947230111,5.811471874781078,2.2153616,2.17288351,1.0922880172729492,3.4571022987365723,5.789737224578857,7.341077327728271,7.950717449188232,7.99854040145874,8.004545211791992,8.009885787963867,14
0.6046509723510913,1.90448278920342,0.1312441806608507,2.7386590950064265,2.619796464277142,1.241097927093506,4.011011123657227,6.876396179199219,8.883255004882812,9.848432540893556,10.045138359069824,10.086790084838867,10.152496337890623,12
0.7203487228411308,1.142006635865809,0.9251275357035604,2.955791727139951,2.4422642402845303,1.2359213829040527,3.9276065826416016,6.591900825500488,8.350295066833496,9.142744064331056,9.38455581665039,9.558067321777344,9.74451732635498,13
1.0,261.37003347,400.0,2.0,2.0,0.05015373,0.07591939,0.09637928,0.10001802,0.11120343,0.11914682,0.12557077,0.13516521,11
0.51824523,126.25847935,158.26978491,2.8,2.1,0.3304937,0.665009,0.8994565,1.0668554,1.195843,1.3005917,1.3864262,1.4597645,10
0.5335090847273342,21.90084300335893,0.086166644215512,2.1687821436740067,2.966041317009529,0.941941738128662,2.874924421310425,4.401651382446289,5.127629280090332,5.387663841247559,5.514012336730957,5.603203773498535,5.673696517944336,5
0.73297944,167.20940896,187.9263298,2.4,2.8,0.18597579,0.294585,0.40082598,0.4954064,0.5816424,0.6606653,0.73339844,0.8009386,17
0.30353488,127.97619188,360.80002934,2.36431928,2.94009088,0.33884645,0.65014029,0.79610062,0.84994483,0.88885045,0.91992879,0.94619274,0.9691453,21
0.37864986,204.08600242,363.53708527,2.5,2.3,0.17304134,0.20437956,0.23752499,0.2633679,0.28782225,0.30958676,0.33013344,0.3490851,11
0.3750187761807776,108.56710974761928,301.006818759836,2.01718092,2.0383172,0.2297556400299072,0.3411846160888672,0.3977348804473877,0.4423539638519287,0.4786016941070556,0.5089695453643799,0.5351111888885498,0.5583112239837646,4
0.3633183300711067,126.9467146808102,387.38460852816826,2.0,2.0,0.1573047637939453,0.1712205410003662,0.1851732730865478,0.1962840557098388,0.2074170112609863,0.2173926830291748,0.2264609336853027,0.2348880767822265,11
0.74417649,280.90475277,205.0810898,2.5,2.5,0.12354088,0.18130803,0.23409343,0.28810072,0.34161162,0.3910339,0.43751192,0.4824319,3
0.38041711,292.76229438,306.43665646,2.3,2.0,0.10474229,0.12519288,0.144804,0.15476155,0.16909552,0.182832,0.19616318,0.20825648,11
0.86978918,1.36939979,49.81982422,2.32620859,2.1360395,1.01111007,2.89282131,4.26933432,4.91057825,5.15148687,5.27388859,5.30603027,5.31078482,7
0.8082943632694616,110.55342487363416,1.1023114295422591,2.4188840284693294,2.6086546673881217,0.305908203125,0.6013407707214355,0.8570492267608643,1.0770785808563232,1.2663397789001465,1.4307944774627686,1.5746431350708008,1.7023379802703855,8
0.5030786126625044,2.2019952251089894,0.0041634438411711,2.981049879533997,2.376146125769328,1.2389369010925293,4.011024475097656,6.981451034545898,9.202160835266112,10.307246208190918,10.372593879699709,10.382689476013184,10.392105102539062,12
0.4717555609189656,3.4548824113703325,46.66272455140045,2.03368139,2.11894703,0.9934518337249756,3.0862531661987305,5.014444351196289,6.16442346572876,6.4501051902771,6.453230381011963,6.455034732818604,6.456153392791748,7
0.46199597,158.28692492,14.78811918,2.7,2.8,0.43778205,0.9800191,1.3536973,1.5899749,1.7636132,1.9012861,2.0136414,2.1141338,19
0.30766627,184.98942566,329.18768311,2.01690054,2.60260415,0.21995211,0.30102921,0.34742928,0.38615918,0.4194622,0.44985223,0.47657228,0.50116539,4
0.5225622551467366,21.70211449260601,0.0304906963639316,2.784878437591719,2.368039954402421,0.9258372783660888,2.6526012420654297,3.871144771575928,4.457362651824951,4.754218101501465,4.935920715332031,5.077035427093506,5.171133518218994,5
0.6601514692791404,0.7845586367906675,0.0519206432200943,2.8737663714692565,2.6406438329051,1.2794225215911863,4.214007377624512,7.434609413146973,9.937248229980469,11.145994186401367,11.210336685180664,11.220292091369627,11.22865390777588,12
0.54127489,246.50204015,37.3524132,2.73572509,2.94585465,0.27497959,0.48373961,0.66514778,0.82469511,0.96701813,1.09366727,1.2078867,1.31076646,9
0.42241308,258.59224343,330.54811396,2.38397044,2.17634125,0.11147738,0.13159323,0.15088773,0.15933323,0.17275071,0.18468499,0.19725966,0.20821548,11
0.65599171,205.46884442,371.85642008,2.3,2.5,0.11085415,0.14053154,0.1694417,0.18830514,0.20768905,0.22759151,0.24725318,0.26572204,11
0.69555648,34.35157531,382.18136544,2.2,2.7,0.2923956,0.49478078,0.57917595,0.6209297,0.64948773,0.6713693,0.68782854,0.7004628,21
0.888570816245819,17.514864074905677,0.0821968189224595,2.993717267815299,2.975158139245343,0.7742321491241455,2.1050848960876465,3.009088516235352,3.5190391540527344,3.8413119316101074,4.08369779586792,4.275461673736572,4.434107780456543,22
0.76344563,221.18897669,222.2845446,2.5,2.3,0.12927485,0.19606614,0.26127625,0.3222165,0.38011408,0.43574023,0.48762536,0.5369599,3
0.99488276,283.60897827,12.21945572,2.8055985,2.37599111,0.14403772,0.21682119,0.29385209,0.37518692,0.45657516,0.53295922,0.60662937,0.67830515,2
0.96742773,158.429965,217.16304729,2.5,2.6,0.15044522,0.24001956,0.32692862,0.41075826,0.48947024,0.5628333,0.63216186,0.69761944,17
0.808560261326756,1.465728806406282,0.036676829924476,2.072849691702772,2.376882915838335,1.1413242816925049,3.538630723953247,5.59670352935791,6.742633819580078,7.268575668334961,7.52393627166748,7.718788146972656,7.847685813903809,5
0.30304707,51.88915536,387.10118793,2.27956444,2.3259343,0.35228729,0.67416215,0.76757145,0.76789522,0.76826715,0.76888514,0.76961327,0.77035666,21
0.5442209172827311,68.34781149175122,0.0205465106827989,2.3785974376395007,2.6753484073277747,0.6138672828674316,1.6335322856903076,2.276817560195923,2.5943305492401123,2.782682180404663,2.9271719455718994,3.0442569255828857,3.14782452583313,18
0.5419377,252.46298102,154.69543648,2.1,2.5,0.14050841,0.20148635,0.26219726,0.3178258,0.37011743,0.41837215,0.4631486,0.5055077,2
0.893109078304885,84.41091654145535,385.5896561460008,2.31706119,2.02060318,0.1272144317626953,0.1648340225219726,0.2016685009002685,0.232659101486206,0.2627205848693847,0.2897324562072754,0.3140468597412109,0.3359489440917969,11
0.91154007,79.12613941,58.37294855,2.4,2.4,0.28791428,0.5595081,0.79570127,0.9985647,1.1731782,1.3245988,1.4561799,1.5713348,10
0.97025892,173.86035003,189.68661881,2.1,2.2,0.10761785,0.17466879,0.23522782,0.29204392,0.34941888,0.40327907,0.45429754,0.5027807,3
0.97649026,15.07360172,9.21604729,2.39023161,2.04659343,0.58771729,1.39723849,1.91871333,2.2390902,2.4677608,2.64527488,2.78802752,2.90936971,18
0.6978852715751102,1.332319498172222,0.2791286818087406,2.095411362528378,2.408465030042762,1.1757125854492188,3.778964757919312,6.32344913482666,7.984556198120117,8.685367584228516,8.875564575195312,8.97174072265625,9.061469078063965,13
0.92995982,287.77292478,228.31416516,2.8,2.4,0.12179232,0.16813612,0.21056795,0.26462913,0.32016778,0.3697102,0.41643023,0.46249652,3
0.9522053064602304,231.89814615888088,0.1483729794365452,2.916288608960808,2.3519003436362427,0.1595845222473144,0.2629354000091553,0.3666532039642334,0.4705350399017334,0.5700082778930664,0.6645703315734863,0.7550935745239258,0.8418757915496826,15
0.71127705,139.95937015,219.39112509,2.3,2.1,0.16654968,0.26096177,0.35052204,0.42972422,0.5018723,0.56709003,0.6267631,0.6816995,17
0.7383459314869377,76.36852723014428,1.010314849043837,2.1163014412407386,2.8396811836987377,0.4267666339874267,0.9664921760559082,1.3616106510162354,1.6485538482666016,1.87117338180542,2.0524652004241943,2.204444169998169,2.334075689315796,18
0.3765657165728644,18.490324572272897,11.46115501683101,2.67903805,2.00986218,0.9646213054656982,2.839339256286621,4.277802467346191,4.957803249359131,5.198123455047607,5.33250904083252,5.418760776519775,5.4793381690979,6
0.8828988286313245,26.278801146002248,0.7163862228937355,2.3596430859937887,2.736503020450736,0.6154642105102539,1.562598705291748,2.179737091064453,2.551462173461914,2.809656143188477,3.010470390319824,3.175718307495117,3.3171019554138184,18
0.6534858048700678,1.966556223329815,0.0132690544423425,2.897668044757192,2.65143561484445,1.2434210777282717,3.970203399658203,6.685855388641357,8.474807739257812,9.255306243896484,9.502302169799805,9.661239624023438,9.831958770751951,12
0.49352864,281.7374852,253.28814085,2.5,2.2,0.13370419,0.17706037,0.22334218,0.26261926,0.30035734,0.33656573,0.3703556,0.4022646,4
0.84493644,18.07811158,251.37604113,2.3,2.8,0.4411614,1.0096285,1.3540764,1.4970169,1.5558968,1.5904689,1.6153059,1.6343203,1
0.3,99.51517805,41.66735041,2.11004033,2.22111135,0.59492207,1.55856729,2.10575414,2.25968909,2.31653476,2.36399293,2.40575242,2.44331908,0
0.91181976,108.14063263,71.19441986,2.36598945,2.04526401,0.1924088,0.34472561,0.48756957,0.61793828,0.73628592,0.84456301,0.94259548,1.03265429,16
0.97281461,240.64652072,109.06791568,2.3,2.5,0.11587334,0.19284272,0.26098323,0.3264327,0.39206314,0.45672655,0.51844645,0.57772803,2
0.4699679331082196,256.5203065099987,316.9357654976609,2.4,2.7,0.1588659286499023,0.2019453048706054,0.2484893798828125,0.2911100387573242,0.3302135467529297,0.3659884929656982,0.3991799354553222,0.4309589862823486,4
0.84333673,48.9315585,276.3987376,2.9,2.4,0.3382876,0.6852002,0.9352732,1.1199725,1.2588305,1.367558,1.4559479,1.5287051,10
0.895079814398718,257.67083410662747,0.0346756090140026,2.319568380745171,2.8520682501684744,0.1541907787322998,0.2638387680053711,0.364323616027832,0.4690406322479248,0.569765567779541,0.6647884845733643,0.7559003829956055,0.8427367210388184,15
0.35503745,267.54347074,27.50976223,2.16407026,2.46116866,0.27473998,0.48732138,0.64370966,0.77026391,0.8767693,0.96845794,1.0461297,1.11662745,15
0.73718761,90.1879958,87.12085699,2.9,2.1,0.34140468,0.7079601,0.9962938,1.2250297,1.4107411,1.564759,1.6935287,1.8056092,10
0.35996952,34.58489101,50.23458575,2.6,2.0,0.85425377,2.5138426,3.7646961,4.262915,4.3587856,4.380916,4.3955336,4.4094553,23
0.4347846,170.26004745,164.68644828,2.7,2.5,0.3246677,0.61753607,0.8114636,0.95522475,1.0689125,1.1614919,1.2407186,1.3087234,10
0.59875782,45.19204104,117.97316275,2.6,2.6,0.5713842,1.4703658,2.0451195,2.2984912,2.428806,2.5212252,2.5918176,2.6554883,20
0.3637948795805679,220.2680646085408,377.7141690298431,2.0,2.0,0.0985171794891357,0.1117639541625976,0.1206297874450683,0.1219613552093505,0.1282861232757568,0.1334245204925537,0.1375916004180908,0.1423547267913818,11
0.36131629,143.3628666,264.64921944,2.4,2.7,0.3025999,0.5203042,0.6303253,0.70430875,0.7622647,0.80944633,0.84850097,0.88475776,21
0.6124815633191927,9.342764684733403,0.054312508759867,2.064196112762589,2.1977286975192385,0.9817636013031006,2.845625162124634,4.170357704162598,4.779241561889648,5.049671173095703,5.2170915603637695,5.329880714416504,5.4195661544799805,5
0.98574502,256.23417538,85.79620756,2.74582152,2.30550623,0.12402105,0.19749236,0.26682544,0.33426857,0.40263462,0.46966171,0.53348422,0.59457636,2
0.55109035,238.25004031,382.41001378,2.00571283,2.71452751,0.11218762,0.14070344,0.17063713,0.19481349,0.21842885,0.24111462,0.26332784,0.28440094,11
0.3162203894885232,137.04629141856358,385.34795763872273,2.0,2.32350659,0.2070810794830322,0.2609999179840088,0.2874884605407715,0.3106136322021484,0.330585241317749,0.3482544422149658,0.3642501831054687,0.3787024021148681,4
0.48339915,259.29165707,176.66740344,2.8,2.2,0.18938375,0.2855742,0.37721133,0.45815873,0.531446,0.5988364,0.6606803,0.718107,17
0.97602157,95.44977177,378.50264893,2.7,2.6,0.17371511,0.2559948,0.33741355,0.41137314,0.4780507,0.53781486,0.592504,0.64243484,4
0.700505,286.91837359,387.11186683,2.0,2.1,0.0559454,0.08032417,0.09865379,0.09866691,0.10820985,0.11395693,0.11775804,0.12511611,11
0.64717786,21.09031438,262.20633409,2.1,2.6,0.43883562,1.0022473,1.2934692,1.3437161,1.3471704,1.3510113,1.3543799,1.357544,1
0.852563417398974,4.339786184092159,0.0095948092275246,2.685361321885725,2.421440576894352,1.0266492366790771,2.917144060134888,4.245075225830078,4.928689002990723,5.3390092849731445,5.65059757232666,5.890157699584961,6.066324234008789,5
0.3881196400262583,6.273086905983082,6.062737379634046,2.91223573,2.71087334,1.2206521034240725,3.9455466270446777,6.853586673736572,8.988746643066406,9.980005264282228,10.104619979858398,10.108083724975586,10.11342430114746,14
0.76998965,217.84356032,17.20458418,2.9,2.5,0.2116661,0.3646474,0.5137615,0.65461326,0.7846961,0.90556693,1.018074,1.1230159,15
0.41078609,55.0939801,70.2000722,2.1,2.3,0.6178191,1.5982287,2.159159,2.353031,2.4289262,2.4826586,2.526735,2.5652735,0
0.39875641,294.41451773,298.22542547,2.4,2.1,0.11679673,0.14123034,0.16720176,0.18504739,0.20446229,0.22274232,0.2400682,0.25692225,11
0.82339158,259.65861636,339.40349052,2.36518802,2.32788286,0.08526111,0.12373781,0.15500045,0.17374778,0.19668818,0.22079492,0.24406099,0.26622891,11
0.77178461,66.4655906,373.66526963,2.6,2.2,0.22727633,0.36086488,0.46010256,0.54083586,0.6075003,0.6646683,0.7129402,0.7556479,17
0.59533954,182.43688965,167.06575012,2.58275485,2.60119987,0.22841334,0.37620902,0.50637794,0.61903524,0.71937728,0.8097384,0.89118052,0.96463537,17
1.0,140.1481759,283.42988303,2.0,2.0,0.09149337,0.14097548,0.18478847,0.2243526,0.26491261,0.30206919,0.33769655,0.37143469,4
0.5889453,188.38842722,310.11940217,2.2,2.3,0.12817764,0.16689467,0.20631957,0.23930693,0.2724576,0.30235434,0.3306675,0.35727048,4
0.79251383,59.09993066,95.56098365,2.0,2.4,0.32531095,0.65851307,0.90994024,1.1027207,1.2523603,1.3739502,1.4758966,1.5639367,10
0.83262674,209.98583836,189.44318147,2.6,2.4,0.14167929,0.22308588,0.3016224,0.37751007,0.44962,0.51716876,0.58104897,0.6413331,3
0.32594451,1.21652198,43.38422775,2.01491928,2.42882466,1.11839437,3.50317478,5.98934412,7.77445936,8.42599106,8.49891472,8.49892998,8.49892998,14
0.4562586173131353,1.315862221298359,0.0176736635292201,2.123342771625565,2.9385595515944405,1.2521307468414309,4.252607345581055,7.833361625671387,11.02191925048828,13.184599876403809,13.292638778686523,13.298883438110352,13.304000854492188,12
0.68933713,4.71294451,25.05391693,2.29874849,2.06749606,1.00784445,2.83755469,4.09758377,4.67944431,4.93380928,5.08991623,5.16501141,5.20526409,7
1.0,36.28428268,227.26939392,2.0,2.0,0.23915434,0.43671536,0.59342742,0.71895146,0.82016706,0.90209079,0.96973705,1.02520251,17
0.89087651,49.61007099,193.78934654,2.4,2.1,0.29470706,0.5719824,0.78796506,0.96037364,1.0978072,1.2093346,1.3036277,1.3827505,10
0.3606671267454221,13.482158385320366,16.467608122692948,2.71200524,2.26367762,1.0563137531280518,3.2423408031463623,5.19374942779541,6.299787521362305,6.646430015563965,6.720552444458008,6.769064903259277,6.802463531494141,6
0.56783688,100.25843811,384.14093018,2.01212859,2.90156269,0.23276639,0.3706212,0.46287918,0.53758502,0.60165763,0.65507007,0.70204401,0.7419939,17
0.8469137,40.00464679,196.79563199,2.0,2.8,0.316828,0.6278882,0.8480773,1.0057187,1.12293,1.2124295,1.2832627,1.3438692,10
0.34864709,94.36457825,233.74864197,2.20064473,2.0497992,0.32833886,0.61850429,0.74515676,0.79672098,0.83228564,0.86224008,0.88769269,0.90875244,21
0.92160225,274.91308299,270.67492159,2.5,2.9,0.14750981,0.16196823,0.19654751,0.24692702,0.29658794,0.3362143,0.37639713,0.4150002,4
0.51239175,294.07684326,319.2093811,2.20829058,2.01555014,0.07741261,0.10206914,0.11884761,0.12216353,0.13520217,0.14606071,0.15562797,0.16576219,11
0.30890379,157.07284677,91.01923919,2.81988965,2.44941748,0.46359634,1.09088039,1.46778655,1.61646724,1.70043111,1.76929593,1.82691741,1.87641835,0
0.57145643,292.54014793,205.75547163,2.3,2.7,0.12687397,0.17606091,0.22433567,0.26546788,0.3054123,0.3451445,0.38184953,0.4166379,3
0.42987956,177.26406181,331.38394052,2.5,2.7,0.2165761,0.29360533,0.35024524,0.398201,0.4410193,0.47890115,0.5134661,0.54448247,4
0.9401073,194.03416756,45.87290427,2.3,2.9,0.15993476,0.27194977,0.38230538,0.48772717,0.5877781,0.68245196,0.7725568,0.857672,16
0.36989755,55.23908273,391.86097218,2.2,2.8,0.31928706,0.53770804,0.5776088,0.5842657,0.5909946,0.59717655,0.60271215,0.60763574,21
0.3823136836813136,1.254327113858409,0.1829915306083082,2.9690458349126816,2.921450284291395,1.3198542594909668,4.450499534606934,8.170101165771484,11.585142135620115,13.777788162231444,13.826213836669922,13.831222534179688,13.835346221923828,12
0.63918144,224.89375287,136.99545034,2.0,2.8,0.1420989,0.21362329,0.28456903,0.35016584,0.41112065,0.46839643,0.5218806,0.57218504,2
0.5922201978105579,47.9925273513804,0.0155945898076666,2.245246695402122,2.031045393362449,0.5781936645507812,1.4479758739471436,1.960685968399048,2.2322566509246826,2.4070332050323486,2.5464560985565186,2.655102491378784,2.757026433944702,18
0.54850531,56.30724335,293.68423462,2.15591955,2.11147118,0.29481697,0.52247477,0.63692093,0.70071888,0.74519825,0.77900124,0.8075037,0.83094716,21
0.53215266,44.02051552,254.78219119,2.1,2.4,0.38274503,0.8064568,1.0172467,1.0791211,1.1117461,1.136684,1.1565745,1.1733522,21
0.3711959002272263,8.439378521183475,7.993317790865361,2.90599155,2.36564875,1.1428484916687012,3.603652477264404,6.028431415557861,7.635973453521728,8.26449203491211,8.362194061279297,8.407966613769531,8.461036682128906,14
0.91006527,182.89431596,297.82846696,2.6,2.7,0.14496732,0.20110273,0.26160336,0.32418656,0.3830104,0.4359908,0.48649192,0.53398633,4
0.4311968507841315,257.6532891311097,0.0782447040244277,2.501700031823263,2.4957194728132257,0.2769210338592529,0.5021395683288574,0.6807327270507812,0.8320155143737793,0.9612627029418944,1.073664665222168,1.1722733974456787,1.2607488632202148,8
0.3169549684318005,4.089780039144769,0.2936172231654061,2.383241665110746,2.228179463970405,1.1888611316680908,3.87453866004944,6.7999114990234375,9.189879417419434,10.355204582214355,10.384663581848145,10.391515731811523,10.397419929504396,13
0.63424885,92.27168274,113.76840973,2.29449272,2.93977165,0.39977551,0.88322377,1.22722793,1.46482301,1.6414094,1.77917695,1.89442611,1.99281478,20
0.3356931414312042,252.1994758129486,0.8839028558241325,2.958420860269265,2.3811681085625893,0.3494336605072021,0.7052528858184814,0.943845272064209,1.1126337051391602,1.2445931434631348,1.353071212768555,1.4453577995300293,1.526395320892334,8
0.98782146,7.38998938,20.07310677,2.31373119,2.68268776,0.81312537,2.19287348,3.06922817,3.53181314,3.80940914,4.00027943,4.14463234,4.2703476,23
0.9647361650816482,1.2305563058683235,0.6253542604029424,2.891901924875871,2.3755091766305254,1.1481857299804688,3.373178482055664,5.076855182647705,6.006693363189697,6.558315753936768,7.0138258934021,7.411747455596924,7.715178966522217,5
0.5087991449290977,104.639447540799,16.4600442343458,2.456043053671009,2.33077185452576,0.4609560966491699,1.087510347366333,1.4918298721313477,1.727156639099121,1.891669750213623,2.023580551147461,2.1324148178100586,2.2279438972473145,19
0.55557736,101.38813093,206.94646797,2.90412451,2.92780719,0.3955121,0.83672214,1.13821316,1.33088446,1.46698666,1.57333374,1.66132498,1.73643875,10
0.84963331,151.45914169,155.63735427,2.7,2.8,0.21053195,0.35416937,0.4932437,0.6207757,0.7372279,0.8440814,0.9425404,1.0338597,17
0.62497172,176.80778773,95.06117591,2.0,2.1,0.17045927,0.28163338,0.38429832,0.4764564,0.5597744,0.63592386,0.70541763,0.7702527,16
0.67217419,89.03855718,351.88458921,2.7,2.6,0.25776577,0.42285705,0.537261,0.6315851,0.71039295,0.77785707,0.8345251,0.883919,17
0.41357716,43.84017842,327.96641579,2.2,2.2,0.37001538,0.7577965,0.9102292,0.9191947,0.9252186,0.9308095,0.9358065,0.94033265,21
0.3,146.54221903531973,371.5346009292622,2.0,2.0,0.1621427536010742,0.1751255989074707,0.1873445510864257,0.1971275806427002,0.2070517539978027,0.2160143852233886,0.2241396903991699,0.2317664623260498,11
0.81561969,226.66579971,325.43745388,2.1,2.2,0.0794816,0.1137979,0.14071417,0.15690255,0.18048453,0.20249605,0.22311378,0.2419231,11
0.96251233,126.61522252,379.42211116,2.4,2.7,0.13235903,0.1825788,0.23262095,0.2769947,0.31893802,0.3580799,0.39372444,0.42737556,4
0.8465355374515785,205.77533277478432,0.0566672398346447,2.956564301325156,2.030498788380733,0.160745620727539,0.2734293937683105,0.3848958015441894,0.4911508560180664,0.5921940803527832,0.6873073577880859,0.7775206565856934,0.8619284629821777,15
0.607132902228488,53.71190906362919,0.1025681930128153,2.218373391853964,2.9753839668767545,0.6458792686462402,1.7779872417449951,2.5056443214416504,2.8678364753723145,3.0780134201049805,3.2322964668273926,3.361379146575928,3.467641830444336,22
0.4688197270071383,3.948146253696125,0.4595196823206319,2.8025568156335234,2.027901790728188,1.140462875366211,3.567589282989502,5.906669616699219,7.459786415100098,8.138162612915039,8.282442092895508,8.363823890686035,8.45218276977539,13
0.4220244,1.37103228,0.270892,2.8785276,2.71063055,1.29448938,4.32290745,7.84784174,10.96707153,12.80235672,12.84237862,12.84888268,12.85445404,13
0.30303796,68.57287597,320.43414415,2.4,2.1,0.38102317,0.8119397,0.99890447,1.0109763,1.0170567,1.022711,1.0279083,1.0326931,21
0.5372358750900137,32.99834134441693,0.1290399499410547,2.8355155127310305,2.4733379509677635,0.8282477855682373,2.336256265640259,3.359117269515991,3.857758283615112,4.114886283874512,4.273009300231934,4.398763656616211,4.49587345123291,22
0.6395112608139513,24.309379043038483,0.0715915409744487,2.7244817081732373,2.800384431305078,0.860252857208252,2.4666340351104736,3.586682081222534,4.145840644836426,4.430694580078125,4.618597030639648,4.7554216384887695,4.871343612670898,22
0.41150849,211.79046616,73.47061912,2.52572374,2.33957404,0.28644037,0.51493144,0.68025327,0.81261539,0.92260623,1.01636124,1.09678459,1.16650128,10
0.30060913,131.86288754,268.75025854,2.44508,2.73120936,0.38270974,0.80432606,1.02598,1.10075235,1.14543319,1.18163729,1.2118566,1.23885226,21
0.94649134,62.85891641,276.64311639,2.00080198,2.43225541,0.20216942,0.34334302,0.46829915,0.57503891,0.6678822,0.74840403,0.81918669,0.88092256,17
0.50176295,181.29471607,363.16455529,2.0,2.0,0.09994912,0.11988997,0.13343787,0.14300299,0.1556077,0.16675806,0.1764512,0.18642068,11
0.50849426,37.70250702,241.52145386,2.84813499,2.06589746,0.43877649,0.99984097,1.29284501,1.35482287,1.37329412,1.38900876,1.40243316,1.41408992,1
0.81669782,280.22925233,243.55111901,2.68703272,2.47841345,0.13281679,0.16570568,0.20846844,0.25436926,0.30174327,0.34401917,0.38334394,0.42263246,3
0.90385473,48.53639603,227.91056824,2.92120409,2.36837292,0.30203557,0.58199787,0.79301739,0.9592452,1.09128618,1.19753647,1.28392029,1.3579812,10
0.3165721,228.23629761,162.03242493,2.96461701,2.36208677,0.27916789,0.45831132,0.56348133,0.64847541,0.71877503,0.77892947,0.83030748,0.87677455,17
0.7020219559879863,19.630909407999454,0.1302982317468198,2.552301122219656,2.3523820368767816,0.7970008850097656,2.165924549102783,3.039494037628174,3.48523473739624,3.7429628372192383,3.922186851501465,4.062763690948486,4.1729512214660645,22
0.3865958,248.33587568,233.36791859,2.1,2.0,0.13012195,0.16415644,0.19687033,0.22562075,0.25489235,0.2818339,0.30576944,0.32873178,11
0.31625044665582,1.2146555007667184,0.0042614298392161,2.6604143559512394,2.831328405107153,1.3013393878936768,4.403821468353272,8.139183044433594,11.633047103881836,13.662677764892578,13.69015884399414,13.69743537902832,13.703460693359377,12
0.6551183166791245,25.976579166311456,0.0137596013636257,2.654121196201479,2.4205613589540333,0.776968240737915,2.120906352996826,2.987685203552246,3.428320407867432,3.6783947944641113,3.8512539863586426,3.982006072998047,4.098108768463135,22
0.91494695,135.37613718,277.70542869,2.2,2.2,0.12400269,0.18801165,0.24941254,0.30502748,0.35861397,0.40815544,0.45446086,0.49732566,4
0.49165595,22.78819466,177.91868591,2.00399709,2.16759253,0.58237076,1.51726413,2.03255367,2.11679745,2.11758804,2.11935759,2.1212101,2.12306595,0
0.58563004,67.44916774,37.77293642,2.66589212,2.45075464,0.53671908,1.34388804,1.86642027,2.14874935,2.33372211,2.47298384,2.5930686,2.69305754,19
0.97999924,21.25620461,296.2477417,2.29453444,2.09397888,0.29365778,0.54983807,0.71347737,0.81673026,0.88478661,0.932338,0.96739841,0.99311829,21
0.9486412339466368,13.682800947041642,1.8700771557858464,2.290622194725469,2.5195266444686766,0.7017331123352051,1.8223779201507568,2.526501417160034,2.9281742572784424,3.192979097366333,3.395256757736206,3.5579841136932373,3.697815179824829,22
0.44418655,210.98136615,12.68956444,2.3,2.7,0.30080914,0.5635183,0.76089,0.92019033,1.0506918,1.1623282,1.2577686,1.3402088,9
0.5579470389581066,62.87288797885149,33.77209035211044,2.15524657391069,2.757258742791016,0.586759090423584,1.5710432529449463,2.1899964809417725,2.4833266735076904,2.656499147415161,2.7833845615386963,2.892167329788208,2.9828941822052,19
0.30052812,73.44251469,253.73662747,2.15914031,2.75842429,0.49706101,1.28095174,1.77365088,1.85440898,1.85705113,1.86018062,1.86344695,1.86674714,1
0.97463466,128.87264056,1.18567678,2.7,2.4,0.22837901,0.4194448,0.60232854,0.77324367,0.9301617,1.0752456,1.208821,1.3313966,8
0.50124526,199.99299622,100.16823578,2.81432533,2.46802545,0.26907182,0.47145462,0.63111997,0.76652384,0.8828826,0.98392296,1.07306123,1.15273523,16
0.7293428365165058,60.06268191439535,0.3885024100643692,2.696797833773005,2.152374611514454,0.4515769481658935,1.0342609882354736,1.445502996444702,1.7232916355133057,1.9293344020843504,2.095815896987915,2.2349889278411865,2.3535101413726807,18
0.45260255,9.09437785,89.16935177,2.8,2.8,1.0061665,3.0134606,4.774427,5.762293,5.9986467,6.0496225,6.058773,6.05892,7
0.57315100575472,1.6131570498953052,0.021322479701271,2.086888858234828,2.765025405580255,1.217637300491333,4.059543609619141,7.207792282104492,9.620344161987305,10.901761054992676,11.11440086364746,11.125564575195312,11.134361267089844,12
0.77820188,51.32190259,94.77363139,2.39826637,2.808295,0.45937967,1.06556773,1.48851299,1.76188731,1.95824933,2.11247087,2.23709655,2.3424623,20
0.5228394106846086,75.95811033770248,0.0040346561312005,2.069124971449225,2.965867958193188,0.6001465320587158,1.6475732326507568,2.3112642765045166,2.624617338180542,2.808166265487671,2.9407436847686768,3.057293653488159,3.152567148208618,18
0.75059933,46.11851181,119.64405944,2.6,2.8,0.47998,1.125485,1.5674896,1.8340402,2.0132499,2.1478953,2.2583203,2.350871,20
0.7886725250302032,3.9980313238505794,0.0072715651666391,2.2390168800577204,2.039744372976112,0.9956364631652832,2.789170742034912,3.998892784118652,4.606095790863037,4.95585823059082,5.208834648132324,5.397152423858643,5.529842853546143,5
0.4598342239487213,2.601563448246604,1.044748380074613,2.848602348042821,2.936516783816061,1.2851107120513916,4.258443832397461,7.620736122131348,10.337357521057127,11.88336944580078,12.03915023803711,12.044774055480955,12.049564361572266,13
0.43313779,172.55421068,257.71871632,2.9,2.6,0.2939329,0.5084951,0.6461458,0.75646996,0.84662724,0.9238198,0.98920155,1.047327,17
0.41340089,5.43970776,31.25249672,2.04958296,2.09245062,1.05667496,3.15968609,5.01266336,6.01052237,6.22821283,6.24795961,6.25194502,6.25388002,7
0.32962776,68.32307026,223.85725214,2.2,2.4,0.45538807,1.0652082,1.37766,1.4159818,1.4286208,1.440206,1.4510634,1.4610832,1
0.68838946,141.25908292,219.22179501,2.3,2.8,0.19667935,0.3090179,0.41292357,0.50243783,0.5827694,0.6549251,0.72027683,0.7793219,17
0.7651274123981073,67.43763901381168,0.0164742047526843,2.99213276648159,2.249282027281745,0.4277844429016113,0.9567759037017822,1.35380220413208,1.6407442092895508,1.8611092567443848,2.0400710105896,2.1903862953186035,2.3193960189819336,18
0.36935341,41.07052855,324.03595493,2.0,2.6,0.36719966,0.7259114,0.8347502,0.8348987,0.8353183,0.8360796,0.83670926,0.8374429,21
0.4957583358236255,6.542241940321274,1.1786231931006212,2.27088958,2.40347761,1.122422695159912,3.5150411128997803,5.72368049621582,7.022161483764648,7.512395858764648,7.640748023986816,7.726604461669922,7.787910461425781,5
0.30143797,118.6769185,145.46093038,2.45595621,2.81946645,0.53445435,1.39954424,1.96170807,2.12935162,2.17233515,2.20687246,2.23731947,2.26621675,0
0.37547982,60.03403473,252.20204163,2.11366796,2.15070033,0.3984921,0.86694503,1.08215976,1.11360788,1.12974882,1.14325571,1.1551888,1.16563654,21
0.6208966418326698,47.750900407144975,25.795350040942296,2.3333222850593898,2.057491453378927,0.5422723293304443,1.3427679538726809,1.8247714042663568,2.0828585624694824,2.251986503601074,2.383223533630371,2.494053840637207,2.587977886199951,19
0.6292681575789595,34.28744768698974,0.0038976230709145,2.7090446052148485,2.9993939282066986,0.7923581600189209,2.266697645187378,3.2826273441314697,3.7854158878326416,4.051280975341797,4.225937843322754,4.366010665893555,4.476478576660156,22
0.47760729,258.14331322,369.38405417,2.74552901,2.56592565,0.14300227,0.16902137,0.19613647,0.22353339,0.24765205,0.26762462,0.28713417,0.30639958,11
0.3460220405006072,1.882465837974843,0.0056056733765519,2.355138315000874,2.2991839023955203,1.216737985610962,4.031824111938477,7.219264984130859,9.975712776184082,11.663758277893066,11.723615646362305,11.731456756591797,11.738085746765137,12
0.3007,276.00835007,5.05198914,2.00508677,2.00513546,0.24507523,0.41151714,0.53149557,0.62929463,0.71098447,0.78030109,0.84262729,0.89639616,15
0.51465808,197.60451207,90.22027217,2.5,2.6,0.26869607,0.4749074,0.6411302,0.7825041,0.9044771,1.0112166,1.1040435,1.1878896,10
0.9795747437596076,18.88928666170028,0.1136029837133877,2.7412013037628453,2.704088910021869,0.6526243686676025,1.6558468341827393,2.3309166431427,2.746089696884156,3.036489248275757,3.2610833644866943,3.448453187942505,3.608484506607056,18
0.64803752,27.15465215,43.18323658,2.4,2.7,0.7226026,1.9345448,2.705465,3.0741475,3.2670715,3.39737,3.491326,3.57046,23
0.7197321728827136,5.463074564656836,0.1103916189270256,2.480365349451197,2.79085751104761,1.0968222618103027,3.3284974098205566,5.1341657638549805,6.0774664878845215,6.499989032745361,6.758906841278076,6.957827091217041,7.11162805557251,5
0.6537493762361639,49.798019245183504,0.1177370924887873,2.6734844606728085,2.056122928824033,0.5428016185760498,1.329974889755249,1.8331499099731443,2.1254148483276367,2.3261160850524902,2.4846582412719727,2.6123294830322266,2.72634220123291,18
0.9796714367876088,12.408426347684204,1.4158829637129289,2.1404797475898536,2.007780382931936,0.6243939399719238,1.5177433490753174,2.074021577835083,2.4122259616851807,2.6474764347076416,2.83195424079895,2.98236346244812,3.1100881099700928,18
0.908260821810444,221.7204701581661,379.03852101055793,2.00547469,2.02975463,0.0607063770294189,0.087888479232788,0.10990571975708,0.1172001361846923,0.1322019100189209,0.1450984477996826,0.1576254367828369,0.170414924621582,11
0.81250703,151.05773926,160.03697205,2.26076603,2.99826264,0.20750761,0.35637069,0.49876714,0.62920952,0.74799633,0.85729384,0.95714521,1.04978156,17
0.4648223,153.5437647,292.59047171,2.4,2.0,0.19708633,0.28152657,0.3502798,0.40778732,0.45820355,0.50254464,0.5416827,0.57860994,4
0.82482457,45.75108337,124.24344635,2.67923474,2.93275571,0.46744752,1.08360505,1.52520323,1.81420946,2.02044249,2.17902756,2.308146,2.41556549,20
0.89954964,243.6172234,117.98057701,2.2,2.1,0.09948039,0.16795158,0.22951674,0.2846887,0.34197235,0.39754272,0.4504795,0.5012078,2
0.79387534,13.75225067,49.34991455,2.49477673,2.04209352,0.68898225,1.75477076,2.39659882,2.71770525,2.90739822,3.02707911,3.13018942,3.20341444,23
0.9223841772060856,2.369926785948015,0.4550773052721579,2.942010803458807,2.1976598779397944,1.0562076568603516,2.972935199737549,4.308324813842773,5.021848201751709,5.506208419799805,5.908912658691406,6.219122886657715,6.454689979553223,5
0.8053708945477874,0.9221445124694634,0.0435068309315484,2.290495299778879,2.187119631820904,1.166128396987915,3.6448142528533936,5.877875328063965,7.225334167480469,7.819876670837402,8.112951278686523,8.313641548156738,8.45409870147705,12
0.902361725725982,5.367487429370734,0.7853239497508792,2.7119801997157427,2.722085312451033,0.9918365478515624,2.831328630447388,4.131357192993164,4.809665679931641,5.202094078063965,5.48862361907959,5.705915451049805,5.88112735748291,5
0.7642783153482023,2.6171154380684545,0.4386023348876738,2.2335906027264265,2.869551433133778,1.1512749195098877,3.60781192779541,5.784006595611572,7.017845630645752,7.558873653411865,7.823745250701904,8.005254745483398,8.142297744750977,5
0.6319727,174.02623771,113.71031105,2.3,2.7,0.21660519,0.36341453,0.49688077,0.6129348,0.71636844,0.8099716,0.8947735,0.97123814,16
0.5471041906693774,2.4691892172122603,17.029790981534,2.8,2.1,1.1078968048095703,3.4513392448425293,5.684822082519531,7.094152450561523,7.666004180908203,7.788176536560059,7.860990524291992,7.925206184387207,6
0.57059945,160.72619161,42.43657277,2.1,2.7,0.2617333,0.4784174,0.6559918,0.8057177,0.9332175,1.043755,1.1400731,1.2245705,9
0.8502396410674059,3.269725481925425,15.862924079380836,2.075944155138868,2.47006824547514,1.0042312145233154,2.9512550830841064,4.373884201049805,5.057646751403809,5.378232002258301,5.566599845886231,5.707371711730957,5.797068595886231,6
0.70447689,2.44835186,26.37615967,2.00433254,2.67417121,1.11243606,3.40238571,5.42225409,6.56454325,6.93155432,7.00417185,7.03233004,7.04419851,7
0.918031460670011,45.712303057562224,127.37520920794071,2.20872641,2.66406369,0.3668456077575683,0.782940149307251,1.101311445236206,1.3433239459991455,1.5318655967712402,1.6865050792694092,1.8149733543396,1.923517227172852,10
0.51226246,12.34245872,46.5389061,2.5852313,2.1977849,0.94078469,2.6706388,3.90436196,4.4525938,4.66237259,4.75543499,4.79654217,4.81881905,23
0.89549817,240.1769731,194.77244514,2.6,2.8,0.15028095,0.20646858,0.27091312,0.3433025,0.41094232,0.4726553,0.53208804,0.58937454,3
0.9754332847943904,1.1954414776177311,0.1629193406005314,2.577760153621133,2.052395757842364,1.072322130203247,3.033711671829224,4.402106285095215,5.153170585632324,5.651040077209473,6.06256103515625,6.391975402832031,6.628229141235352,5
0.99762533,279.59168879,207.03461224,2.6,2.2,0.09335733,0.15351439,0.20165348,0.24634814,0.294384,0.34203982,0.3870566,0.43077397,3
0.43936372,184.67208862,372.05151367,2.60881472,2.12932277,0.14054513,0.15944409,0.17997956,0.19202685,0.20502424,0.21709752,0.22857857,0.23906183,11
0.32898694,292.63238525,5.44198179,2.35859919,2.83392429,0.32904983,0.63651991,0.84794188,1.00739861,1.13499045,1.24092889,1.33205724,1.41263866,9
0.78881896,38.97896957,78.51564789,2.49975491,2.43529201,0.50021172,1.18673134,1.64391422,1.91967106,2.10644865,2.2497344,2.36861038,2.46918583,20
0.8791692115532961,285.4368631664576,0.7969748975900903,2.3636496136238256,2.649587802817236,0.1369025707244873,0.2337653636932373,0.319704532623291,0.4088034629821777,0.4961512088775635,0.5796046257019043,0.6596415042877197,0.7362332344055176,15
0.68735361,44.17875375,54.79825321,2.83672273,2.99617974,0.62681627,1.67230535,2.384413,2.76151395,2.98803639,3.15395856,3.28575492,3.40127587,23
0.30375527,53.61588724,103.45160634,2.8,2.0,0.7296164,2.1415896,3.1817594,3.5466576,3.5759745,3.5829558,3.590366,3.5977063,23
0.36959538,296.45234846,188.91366259,2.4,2.8,0.1864202,0.24868107,0.30901432,0.35967135,0.40716624,0.45009184,0.48997974,0.5271392,3
0.4301543907203684,109.3268942219498,28.247827835045697,2.561555167052544,2.435397410151811,0.5231316089630127,1.3237667083740234,1.8247253894805908,2.0625340938568115,2.2116358280181885,2.323442220687866,2.4184916019439697,2.504103899002075,19
0.30034476,54.01880546,159.56411138,2.95192757,2.0903614,0.57823634,1.495996,2.03179932,2.1522851,2.16400194,2.17353106,2.18259907,2.19121933,0
0.86149455,276.92942891,9.21102168,2.2,2.0,0.10449982,0.18285918,0.25514746,0.32212687,0.38884473,0.45409226,0.51653385,0.57699704,2
0.49127405,53.88976066,113.97047626,2.6,2.5,0.6041224,1.6021829,2.2369003,2.477614,2.5727553,2.6365824,2.690812,2.7384706,0
0.7104243,4.38772297,18.44546509,2.64081287,2.60767984,1.12247038,3.28285217,5.01253128,5.91789103,6.28859949,6.50850153,6.6593833,6.74093294,6
0.63621006,128.42574279,349.60125664,2.1,2.3,0.1361885,0.17223239,0.20738721,0.2369976,0.26643133,0.29234624,0.3160658,0.3378365,11
0.5847802,211.72715079,27.31574152,2.3,2.6,0.22340965,0.38466334,0.532042,0.6614864,0.77806544,0.88343143,0.9785974,1.065548,15
0.71804283,272.7133159,199.71171827,2.6922527,2.2757415,0.11890435,0.17400789,0.22575641,0.27201343,0.31747723,0.3628881,0.40526509,0.44574213,3
0.58926404,140.34757199,166.46398334,2.2,2.3,0.22414446,0.37544608,0.50068474,0.60802007,0.700269,0.7805822,0.85217524,0.91477704,17
0.84891933,181.9145813,104.27025604,2.47748518,2.66439533,0.18075967,0.30460596,0.42521596,0.53991675,0.64582062,0.74528813,0.83790922,0.92532325,16
0.814693235583754,134.25000885804866,0.6531355555321102,2.375772321001055,2.6099109060061023,0.2638380527496338,0.4961194992065429,0.7085182666778564,0.8974499702453613,1.0654973983764648,1.2164530754089355,1.3511512279510498,1.472002029418945,8
0.972897001771506,244.9424468108133,0.3833319520366595,2.2932777889893465,2.4071692185515112,0.1280391216278076,0.2237482070922851,0.311173677444458,0.3959922790527344,0.4806058406829834,0.5627834796905518,0.6419479846954346,0.7178893089294434,15
0.77478827,10.58988384,174.22616494,2.80375379,2.43191391,0.65209007,1.73941088,2.44409418,2.71691084,2.79539299,2.81178522,2.8213048,2.83074379,0
0.7495934275423969,4.393124705665597,0.5557526488854204,2.0875659009811742,2.489320132735556,1.050834894180298,3.1388866901397705,4.720047950744629,5.499183654785156,5.858331680297852,6.072419166564941,6.228940010070801,6.344315528869629,5
0.65690949,268.03156228,73.65656304,2.5,2.8,0.17543769,0.27905273,0.3816204,0.47858858,0.56821036,0.6519599,0.73043084,0.80422306,16
0.64517734,282.75213819,70.33450911,2.1,2.2,0.11964822,0.18989587,0.2548108,0.31539106,0.37598825,0.4323876,0.48554492,0.5363095,2
0.48024584,174.61358441,122.53918687,2.7,2.2,0.29740572,0.55723715,0.74816275,0.8999903,1.0235319,1.1269989,1.2163506,1.2934871,10
0.7992048,22.74160198,199.0252669,2.2,2.5,0.45522714,1.0568476,1.419249,1.5876441,1.6719842,1.7289062,1.7732129,1.8095307,1
0.6,59.54575875,299.30715314,2.01102441,2.05565038,0.25779939,0.43045807,0.5299294,0.59860253,0.64939642,0.68994308,0.72211218,0.74841499,21
0.51089222,106.21316081,37.16150123,2.1,2.7,0.4058671,0.8866854,1.2044296,1.4046953,1.5494578,1.662647,1.757448,1.8404324,19
0.48407534,229.31404114,200.86026001,2.98451495,2.25449634,0.18501306,0.26093411,0.334409,0.39664149,0.4540081,0.5063858,0.55437136,0.59901285,3
0.8873218094930327,64.630248666597,19.69636983585733,2.0927405716509724,2.8293742444259573,0.3701415061950683,0.788658618927002,1.1268322467803955,1.3992996215820312,1.621671438217163,1.8084068298339844,1.967400312423706,2.1059272289276123,9
0.50516478,49.53747596,396.94324987,2.74002102,2.49777155,0.34545898,0.64846873,0.77521729,0.80896831,0.82886958,0.84498191,0.85923553,0.8720603,21
0.63593066,185.82142639,10.53154659,2.05103111,2.17684102,0.19774938,0.348809,0.48690534,0.61090231,0.72188187,0.82315493,0.91436958,0.99825215,15
0.3668780317254832,3.9648427193628977,0.0150842600074355,2.4302109271139294,2.3399027585167573,1.201263427734375,3.926257848739624,6.879142761230469,9.238261222839355,10.43244457244873,10.485231399536133,10.492545127868652,10.498899459838867,12
0.36411814,133.85981554,293.04504634,2.24373788,2.20877521,0.24415994,0.36008358,0.42102194,0.46916103,0.51007581,0.54385757,0.57316804,0.59816051,4
0.88112526,131.28391726,305.44105772,2.7,2.8,0.18175578,0.27622938,0.3704791,0.4574759,0.5352013,0.6070969,0.6732218,0.7340398,17
0.53881733,145.32165178,50.71386865,2.0,2.3,0.271554,0.50308204,0.6834729,0.8302121,0.95201373,1.0554221,1.1442885,1.2212312,9
0.6861059937275757,5.282226246750763,0.0556118057258288,2.243005313007832,2.921764056413916,1.1050596237182615,3.4403843879699707,5.440061092376709,6.5278096199035645,6.98057222366333,7.192437648773193,7.34918737411499,7.456212520599365,5
0.5458404687482976,1.7097266638402298,0.2572149422450198,2.427875190165058,2.0776029434157515,1.1707780361175537,3.7430150508880615,6.368828773498535,8.261178016662598,9.22390079498291,9.367319107055664,9.379043579101562,9.38862419128418,13
0.3082531455387663,254.93827337864545,327.33693984949286,2.87433982,2.64906645,0.2181365489959716,0.2735841274261474,0.3127121925354004,0.3479793071746826,0.3776061534881592,0.4055025577545166,0.4319519996643066,0.4559841156005859,4
0.69538329,280.53471522,111.9290136,2.7,2.8,0.16651368,0.25713062,0.34746957,0.4381194,0.52074623,0.5983772,0.6715324,0.74060154,16
0.66126728,92.82143402,224.14892578,2.11917472,2.3005271,0.24527979,0.42529273,0.56343293,0.67613101,0.76943111,0.8486526,0.91510963,0.97403932,17
0.63250038,118.68522477,77.1793345,2.7,2.3,0.34019327,0.6898835,0.9559684,1.1643014,1.3322647,1.4716809,1.5905519,1.691622,10
0.38155946,49.16165161,48.174263,2.57202625,2.08965349,0.71235132,1.91178489,2.65733075,2.94749713,3.05877233,3.11638236,3.15805507,3.19430995,23
0.43292505,1.49954021,47.94380188,2.24595475,2.75535941,1.16026139,3.64673972,6.28614902,8.28234577,9.13011169,9.22999763,9.23006058,9.23006058,14
0.38659487,70.19211684,339.7337584,2.3,2.5,0.33235264,0.6084194,0.7109816,0.740741,0.76267314,0.7806032,0.79639363,0.8108995,21
0.95808456,51.52597119,287.70960628,2.22682626,2.60746751,0.24963331,0.44686055,0.60817409,0.74221492,0.85473657,0.95012784,1.0308075,1.09905457,17
0.396819673276559,4.521337130752373,83.7480085498497,2.31200242,2.58016109,0.9751663208007812,3.0715389251708984,5.055350303649902,6.313431739807129,6.62601375579834,6.627986907958984,6.628664970397949,6.628935813903809,7
0.425604184320873,1.2424286794319346,0.0030600800313575,2.082313468740987,2.2011614342368224,1.1923410892486572,3.952014207839966,7.029976844787598,9.643977165222168,11.16204071044922,11.193944931030272,11.20152187347412,11.207898139953612,12
0.67510114,261.58576351,254.94176813,2.6,2.2,0.11813283,0.17019677,0.22065139,0.2662003,0.31050062,0.35352755,0.3939495,0.43234587,4
0.70952433,224.44864772,308.25275455,2.7,2.8,0.15073276,0.20351887,0.25945497,0.31840396,0.369478,0.41671705,0.46201015,0.50416565,4
0.44876504,12.60354424,74.87993622,2.03213406,2.29866648,0.87965322,2.548985,3.77902794,4.24540329,4.32095194,4.32971144,4.33278036,4.3358078,23
0.40459824,57.70414925,181.88374821,2.2,2.5,0.5012126,1.2273626,1.6280241,1.7236958,1.7512264,1.7742395,1.7945285,1.8133082,0
0.44413919,7.30826909,55.72177523,2.63733059,2.42136041,1.04874182,3.10925388,4.87315178,5.83326101,6.05946779,6.11342764,6.13183928,6.13483,7
0.8346533078540893,130.2847588516914,0.0132490267137098,2.4473280281225205,2.919459587610736,0.2889668941497803,0.5507028102874756,0.7888505458831787,1.0001051425933838,1.1868629455566406,1.3533554077148438,1.50152325630188,1.634260654449463,8
0.7125115869287093,9.645400304769716,0.244412352132593,2.187805424864762,2.562060015856749,0.962958812713623,2.807122230529785,4.118343830108643,4.743736743927002,5.036421298980713,5.226343631744385,5.353610992431641,5.468695163726807,5
0.76094038,206.53780345,317.34573456,2.17853787,2.01857034,0.08192468,0.11554527,0.140944,0.15923357,0.18305135,0.20390081,0.22374582,0.24382877,11
0.85391726,79.17528557,150.30260037,2.53653073,2.07579109,0.23656631,0.42843747,0.59376383,0.7341826,0.85563803,0.96141124,1.05284286,1.13400269,17
0.4760064727372946,0.8392925377119574,1.02043566928633,2.274058724701249,2.632801566594603,1.2510919570922852,4.214576721191406,7.68814754486084,10.77789306640625,12.779180526733398,12.83616065979004,12.842122077941896,12.847192764282228,13
0.80433074,203.93085604,57.49259139,2.6,2.9,0.19841552,0.33455348,0.4687488,0.5951998,0.7115364,0.8203685,0.92135596,1.0163176,16
0.8386405463163689,3.861857402391181,0.7641365501940637,2.8933278508680536,2.4610144028923586,1.06770920753479,3.0850830078125,4.5549139976501465,5.318727016448975,5.766829967498779,6.128418445587158,6.40786600112915,6.614945888519287,5
0.40687083,58.85077716,126.73132025,2.32788748,2.14906302,0.54181981,1.36842036,1.82559252,1.95376635,1.99981165,2.03720665,2.06969643,2.0989933,0
0.62706543,117.21860869,101.62921353,2.29028604,2.07327732,0.26031137,0.47673225,0.64930558,0.79133296,0.91102171,1.01362205,1.10140681,1.17591453,10
0.50908715,111.80434827,75.59348758,2.6,2.5,0.4345739,0.98472,1.3478725,1.5611444,1.7136898,1.8321285,1.9268827,2.0120182,20
0.83943325,83.73459625,127.27307892,2.11282015,2.87008095,0.28816295,0.56177115,0.79296231,0.9899857,1.15741563,1.30137372,1.42586493,1.53505826,10
0.47761194,101.60134395,138.43030108,2.11007857,2.4565513,0.38990545,0.84721518,1.13017011,1.2887311,1.39874315,1.48356771,1.55225086,1.61027861,10
0.470033572411523,9.084141142469148,5.139894272130104,2.31067967,2.48945189,1.0965349674224854,3.4102983474731445,5.483458995819092,6.654216766357422,7.057682037353516,7.179182052612305,7.250478744506836,7.300312042236328,6
0.30421755,116.39830232,106.21291213,2.57548588,2.94710372,0.60060453,1.65013909,2.37452865,2.62964416,2.69046283,2.73130441,2.76914573,2.8033154,0
0.338704941149027,2.8688210790859103,0.2083990231999531,2.5,2.5,1.2457830905914309,4.129201889038086,7.426690101623535,10.270512580871582,11.988458633422852,12.051910400390623,12.057870864868164,12.062960624694824,13
0.9541914,12.39015523,201.40342274,2.64242068,2.79500332,0.56624556,1.45262194,2.04490042,2.32410049,2.45706701,2.5290041,2.57945824,2.61914158,1
0.4290873,242.55272824,30.10177378,2.7,2.2,0.28656054,0.5284462,0.7140746,0.8672018,0.99656224,1.1068316,1.2032802,1.2878563,9
0.9324832867940976,2.150306936592062,0.0051653456207228,2.050600360895248,2.207776160528747,1.0234737396240234,2.916609764099121,4.218790531158447,4.879024505615234,5.246678829193115,5.509897708892822,5.706466674804688,5.84865665435791,5
0.61607997,132.51090276,245.05170833,2.82360242,2.07544381,0.19244504,0.28657937,0.37018967,0.44109511,0.50337672,0.5585525,0.6079843,0.65320134,3
0.3900437685545102,168.3578959561362,0.0676746462042646,2.4365391587790306,2.274336862174392,0.4079804420471191,0.9131338596343994,1.236799240112305,1.4308922290802002,1.5685338973999023,1.6839337348937988,1.778404712677002,1.857382774353028,18
0.9658252273361916,2.314547309871253,2.337462365797339,2.95225954,2.19548225,1.0316400527954102,2.868703365325928,4.115280628204346,4.806013107299805,5.274457931518555,5.656587600708008,5.957447052001953,6.168946266174316,6
0.95357891,226.95020242,61.84088158,2.5,2.5,0.14330268,0.24193764,0.33345294,0.4256811,0.51462555,0.59939003,0.6792884,0.7568953,16
0.319262337772998,15.686005381822657,6.596128869440827,2.36503029,2.13855767,1.0475478172302246,3.227595806121826,5.18230676651001,6.316544532775879,6.659426689147949,6.713457107543945,6.742218017578125,6.761225700378418,6
0.70895926,6.36616723,105.15574537,2.0,2.0,0.74771094,2.02405834,2.80161047,3.05417156,3.10170078,3.10327387,3.10711384,3.1107111,0
0.7880718516482675,14.285753038194956,0.0030631074826438,2.9702008362855508,2.584118038905197,0.8586075305938721,2.3745694160461426,3.392042636871338,3.938807487487793,4.268420219421387,4.503662586212158,4.680266857147217,4.829946517944336,22
0.31247257,93.38945131,172.61388674,2.43867192,2.19954556,0.46006608,1.08716989,1.41573238,1.48768735,1.51933575,1.54681206,1.57051134,1.59156179,0
0.4607005517726256,10.54348710102647,39.5833431172185,2.90599155,2.36564875,0.9989149570465088,3.011894702911377,4.684692859649658,5.538840770721436,5.810122966766357,5.93031644821167,6.011770725250244,6.055599689483643,7
0.9079145060154916,5.8532534224526405,0.0803500077992044,2.1227974168886914,2.685178584681629,0.9296066761016846,2.663162469863892,3.84402060508728,4.424920082092285,4.744015693664551,4.959976196289063,5.119454383850098,5.258852958679199,5
0.3837245594656055,19.255280255157704,53.60324849363228,2.06403065,2.47160506,0.8976104259490967,2.728070020675659,4.208159446716309,4.874730110168457,4.992140769958496,5.026646614074707,5.041024208068848,5.052018165588379,23
0.35847026,298.37091064,28.22687721,2.00402045,2.79234362,0.2573905,0.45263577,0.60345435,0.72973442,0.83839345,0.9327383,1.01594162,1.08995962,15
0.86429703,36.63731766,344.22720337,2.19724202,2.43824339,0.27960038,0.50386739,0.65206814,0.75837803,0.8355186,0.89407444,0.93912148,0.97376871,21
0.3612359173443775,2.5407914851570945,0.0075550197979201,2.351885725169665,2.0931433972484337,1.1797082424163818,3.837595462799072,6.738212585449219,9.086051940917969,10.496169090270996,10.58342170715332,10.59120273590088,10.597786903381348,12
0.36805824,231.52548574,69.33575387,2.4,2.6,0.30054665,0.5442741,0.7121978,0.8438225,0.9517331,1.042319,1.1200118,1.1882546,10
0.54020021,30.60675739,108.86677932,2.8,2.4,0.7192435,2.035394,2.9471405,3.308503,3.4152787,3.4597313,3.4924276,3.522916,23
0.45933535,47.26209637,194.77206104,2.52070468,2.22770699,0.49554658,1.20572996,1.59856701,1.69739151,1.72584343,1.74885893,1.76886082,1.78657866,1
0.7448024715686787,0.8591555966052973,0.0341342788945177,2.6753105894650675,2.73193428454381,1.261221170425415,4.1001877784729,7.057460308074951,9.106428146362305,10.097686767578123,10.389610290527344,10.466238021850586,10.56193733215332,12
0.4569001333612094,18.61948381861056,31.72957765466031,2.57471895,2.125458,0.8900539875030518,2.572805166244507,3.7763831615448,4.302016258239746,4.519036293029785,4.630084037780762,4.698532104492188,4.745335578918457,23
0.35754106,87.66391919,116.88297156,2.7,2.7,0.6010215,1.6171677,2.2887256,2.5253098,2.5954325,2.6411712,2.6815383,2.7187483,0
0.38234235,221.17548322,310.02380575,2.04335705,2.70868205,0.18069482,0.23753262,0.29057503,0.33477497,0.37484288,0.4105835,0.4442203,0.47489548,4
0.80806402,270.46555662,89.55590751,2.5,2.4,0.13286257,0.2162478,0.293674,0.36991978,0.4440012,0.5143769,0.581661,0.6457193,2
0.53770262,175.96980286,53.28004456,2.76005054,2.58256578,0.31897116,0.61311674,0.83920407,1.02365351,1.17626429,1.30554962,1.41788244,1.51593494,9
0.64416142,161.70658786,120.66741286,2.84321425,2.06949555,0.20320559,0.33597422,0.45784926,0.56414437,0.65934634,0.74519491,0.82268381,0.89374304,16
0.7830889451598011,43.432936997721725,0.8340777589885043,2.916764528950317,2.3914089486168484,0.5449337959289551,1.3233332633972168,1.8589787483215328,2.196892738342285,2.4364585876464844,2.6259145736694336,2.783205986022949,2.917947292327881,18
0.70961868,102.63304908,336.07206724,2.6,2.2,0.20195246,0.3085034,0.40056133,0.47804284,0.54550004,0.6050322,0.65816474,0.70552564,17
0.6596906128502076,9.366766822414586,3.1849168286140146,2.881569612069654,2.495606869149551,1.0212504863739014,2.968440532684326,4.403761386871338,5.112207889556885,5.496840000152588,5.770349025726318,5.973337650299072,6.118041515350342,6
0.379582,187.24472908,352.63629217,2.98135963,2.23028996,0.17674398,0.20485234,0.23208618,0.24706697,0.26483369,0.28092742,0.29576683,0.31026936,11
0.5954692235044997,32.39688650726432,15.773623139092464,2.081294608993869,2.4818120465833173,0.7206001281738281,1.9919683933258057,2.7781827449798584,3.126903772354126,3.30653977394104,3.4257185459136963,3.525456666946411,3.608325242996216,22
0.4169388158525904,3.622371285139717,0.0054249355122148,2.642920886346876,2.822498003327947,1.263176202774048,4.175673961639404,7.452320575714111,10.062747955322266,11.401237487792969,11.487247467041016,11.49429702758789,11.500547409057615,12
0.46464213,46.75240662,214.04868484,2.6,2.3,0.5251889,1.3451359,1.8443773,1.9736545,1.9969518,2.016091,2.0334885,2.049228,1
0.38834673,206.49607915,213.53207277,2.00709143,2.28114539,0.19303179,0.27574706,0.34549785,0.40462518,0.4567492,0.50311589,0.54459023,0.58329511,3
0.83354445,134.18412725,169.35514845,2.43557308,2.67640582,0.20963097,0.35676455,0.49651051,0.62219334,0.73595595,0.83941102,0.93419242,1.02113056,17
0.7050647490528521,0.9970281790338256,0.0037270632725906,2.0037691366388604,2.474977434264473,1.186302900314331,3.8683347702026367,6.614305019378662,8.503437042236328,9.36353874206543,9.561159133911133,9.596141815185549,9.63413429260254,12
0.59454851,208.60005662,344.67318338,2.35018185,2.34383048,0.12154937,0.15466523,0.18916559,0.21507573,0.24020171,0.26454687,0.28833437,0.31096172,11
0.6326045640258395,1.8705223403458968,0.091241342555873,2.4621493911996764,2.8539177258609807,1.241422414779663,4.043257236480713,6.982028484344482,9.0303955078125,9.979530334472656,10.183845520019531,10.223464965820312,10.288373947143556,12
0.3,1.8469977126308903,32.50958911772723,2.90599155,2.36564875,1.1436653137207031,3.693284034729004,6.447434902191162,8.658880233764648,9.769100189208984,9.817163467407228,9.817174911499023,9.817174911499023,14
0.30843154,215.32734666,76.10876039,2.92840733,2.41281775,0.36828971,0.74293137,0.9700098,1.10411549,1.20445824,1.28456688,1.35335064,1.41262436,10
0.73055774,245.29165294,157.54885449,2.7,2.9,0.17303371,0.26371646,0.3568225,0.44852352,0.53109455,0.6089747,0.6820822,0.7506721,17
0.64730519,267.29582508,111.65625826,2.1,2.1,0.11115622,0.17466831,0.23258138,0.28639603,0.33972788,0.38946033,0.43698144,0.4819913,2
1.0,142.14483979,400.0,2.0,2.0,0.07167959,0.10104299,0.12082529,0.1323576,0.14907575,0.1634984,0.17717385,0.19046021,11
0.68413737,258.8208322,393.88904431,2.2,2.4,0.08131671,0.10837817,0.13112497,0.1334467,0.14361167,0.15595722,0.16959739,0.18027067,11
0.87396187,69.85901642,394.72012329,2.11281538,2.06974316,0.13529348,0.17461014,0.21167564,0.2413094,0.26906395,0.2938714,0.31592798,0.33587503,11
0.6244308502422635,25.357865189539787,0.5185820790401302,2.6027804303428863,2.0199578743429574,0.7367057800292969,1.946351766586304,2.693576574325561,3.080196619033813,3.307557821273804,3.464298963546753,3.591667890548706,3.693256139755249,22
0.3990525122396719,294.5789586462198,0.1770824981879488,2.445697314069148,2.335536919524676,0.2395694255828857,0.405289888381958,0.5442256927490234,0.6640698909759521,0.7690153121948242,0.8621518611907959,0.9458975791931152,1.0216271877288818,15
0.47470809,208.52767149,86.83582912,2.1,2.2,0.20625639,0.33482552,0.44639897,0.5422554,0.62653637,0.7018709,0.7700832,0.8298869,16
0.5095459549515897,299.6733158660704,0.1101270243898643,2.117932580886031,2.7204143042831013,0.1979186534881591,0.330510139465332,0.4573192596435547,0.5722553730010986,0.6766998767852783,0.7737369537353516,0.863088846206665,0.9457659721374512,15
0.35042938,139.50168176,258.65436884,2.3,2.1,0.2679515,0.43414116,0.52179146,0.5842707,0.6359513,0.6788652,0.71439433,0.74638414,17
0.5183309846431591,9.757371646941252,0.0737400841376458,2.364996775351863,2.3188506534498585,1.0632362365722656,3.2136526107788086,4.96793794631958,5.861372947692871,6.196080207824707,6.371686935424805,6.480600357055664,6.5736894607543945,5
0.6933531534989281,29.04559397339597,0.006622669840398,2.693789686907577,2.3380122044399343,0.7056448459625244,1.8665950298309328,2.602955102920532,2.9935147762298584,3.234316110610962,3.409518480300904,3.547288179397583,3.668804883956909,22
0.5046428,194.09686582,263.37827416,2.3,2.7,0.17821646,0.24248481,0.30481958,0.35700822,0.4046836,0.44838738,0.48807287,0.52450943,4
0.70967056,149.05070372,300.40965061,2.0,2.0,0.10909939,0.15161443,0.18990707,0.22404552,0.25848794,0.2898407,0.3182044,0.34513092,11
0.97096401,12.29747963,42.18847275,2.57944369,2.86058998,0.72104096,1.91966224,2.70246911,3.13139272,3.39920211,3.59421754,3.74505877,3.87331319,23
0.4906564716176719,2.879941756569023,71.43157668490844,2.835736295823107,2.199860704045567,0.9742281436920166,2.990335702896118,4.793926239013672,5.827288627624512,6.057125091552734,6.078549385070801,6.095019340515137,6.098575592041016,7
0.86941236,1.87279856,4.68145704,2.3366034,2.15660334,1.10747766,3.11531878,4.53937626,5.25537014,5.6548667,5.95191956,6.13913155,6.26944733,6
0.8022574367952708,4.497766605726566,0.1014426019387428,2.56933314448854,2.9790509070441,1.1044600009918213,3.3392937183380127,5.136942863464356,6.085247993469238,6.543206214904785,6.834617614746094,7.062319755554199,7.235751152038574,5
0.47906762,44.34073123,367.36422639,2.7,2.7,0.41965365,0.9321792,1.2147589,1.2685566,1.2756071,1.2835853,1.2908566,1.2974384,21
0.53455214,220.34936608,253.52452959,2.2,2.8,0.15044093,0.20068216,0.2530055,0.29669428,0.33734107,0.37628865,0.4119618,0.44510436,4
0.94471284,20.31389532,153.89703702,2.9,2.5,0.5345452,1.3301063,1.8715038,2.1776729,2.3675294,2.504849,2.6109304,2.696858,20
0.62681723,85.66727448,149.25648499,2.88890481,2.46079612,0.37600255,0.78644133,1.074718,1.27080822,1.41677046,1.53065252,1.62321234,1.70415545,10
0.7703693,78.06008651,120.57767323,2.3,2.9,0.31758833,0.6310017,0.87444425,1.0692163,1.2257586,1.3560448,1.4654727,1.5599542,10
0.39127097,19.49741364,23.23873329,2.2382834,2.03414273,0.93682003,2.64836931,3.83558083,4.31382084,4.45865202,4.53513241,4.56917524,4.58898115,23
0.3202807,24.86412465,5.94534278,2.82297785,2.17071208,1.0349679,2.98311543,4.49277496,5.20968628,5.45123005,5.5935955,5.69325542,5.74473953,6
0.49864765,283.44523615,260.48420226,2.2,2.1,0.10138988,0.13422346,0.16420484,0.18551993,0.21093225,0.23416758,0.25640988,0.27732396,11
0.6643791272171662,5.003863092767064,37.97331144035231,2.5978603,2.00929971,0.9382691383361816,2.7003719806671143,3.970332384109497,4.554779052734375,4.822739601135254,4.987008094787598,5.085628509521484,5.141973495483398,7
0.61443123,298.98122937,76.58955867,2.2,2.8,0.14212012,0.2175858,0.29240537,0.36107087,0.4265077,0.4891534,0.54810953,0.603647,2
0.4721708176198195,26.19509741177549,0.0269064834861019,2.00990856583002,2.0889057387280068,0.8417177200317383,2.365036964416504,3.347733974456787,3.759970188140869,3.9280848503112793,4.038691520690918,4.110842227935791,4.169304370880127,22
0.49584492,51.58056158,12.93207616,2.5,2.5,0.730248,1.9942074,2.8110023,3.165327,3.3380036,3.442027,3.525765,3.6040945,22
0.89417241,74.36562395,286.82326702,2.5,2.5,0.22836542,0.38587403,0.52171016,0.6370969,0.7365718,0.8233156,0.898793,0.96583104,17
0.5139408,53.82959413,57.49690994,2.9,2.2,0.6614783,1.852498,2.6314955,2.9489107,3.0797524,3.166061,3.238614,3.3014603,23
0.57786945,79.36354146,211.47561473,2.5,2.5,0.36964488,0.7681856,1.0268924,1.1845233,1.2948763,1.3795493,1.4463062,1.502882,10
0.78541176,133.56641179,10.76995052,2.86051133,2.96201791,0.32587814,0.63004208,0.89584732,1.12787652,1.32976413,1.5068481,1.66220689,1.79942584,9
0.80269184,3.49996297,50.06676538,2.1,2.4,0.9355185,2.5849144,3.6787484,4.181136,4.411392,4.52791,4.5821457,4.6047287,23
0.9690848693589724,0.907462156236694,75.07212534360956,2.366152895023764,2.115246424689367,0.9008855819702148,2.628289222717285,3.8818440437316895,4.442224502563477,4.6493120193481445,4.722303867340088,4.741230487823486,4.744879722595215,23
0.33708436,210.49754928,297.7911821,2.4,2.2,0.19368005,0.24578476,0.2892728,0.3255558,0.35770082,0.38735366,0.41419697,0.43851423,4
0.94322401,294.79501343,16.51219177,2.52150631,2.83858037,0.14746189,0.23482895,0.31432056,0.40743995,0.49632859,0.57905507,0.65885353,0.73655152,15
0.4133426800718307,10.395921859431624,0.0032474798665072,2.9487740025440234,2.629617789900713,1.1756749153137207,3.7053632736206055,6.152373313903809,7.714570045471191,8.32149887084961,8.462005615234375,8.551523208618164,8.635390281677246,12
0.7031244,236.7552948,205.3669281,2.08328319,2.06749964,0.09883642,0.14901018,0.1938343,0.23287511,0.2738626,0.31235075,0.34912801,0.38378167,3
0.79883185,73.17074209,283.58682445,2.5,2.0,0.22781038,0.39048052,0.52375984,0.63516355,0.7288804,0.80889344,0.87757635,0.93684983,17
0.82056524,274.77488498,212.41479811,2.8,2.6,0.14129782,0.19575834,0.25121975,0.31802106,0.37960005,0.4356377,0.48999977,0.54177713,3
0.49556098,63.92629285,62.40574057,2.3,2.6,0.5682812,1.4402211,1.9669373,2.1977675,2.3255074,2.4212873,2.4981592,2.569516,19
0.8196719,140.85927691,336.6496233,2.48291504,2.77669616,0.16765356,0.24541926,0.32315087,0.39559984,0.46142769,0.52120495,0.57649446,0.62786222,4
0.3176043498088596,1.0433251434101218,0.0330146193019732,2.6665069970472537,2.263153489830757,1.2427892684936523,4.124986171722412,7.442188739776611,10.430168151855469,12.135334014892578,12.166749954223633,12.17473602294922,12.18134880065918,12
0.80506557,66.36867038,215.88559622,2.9,2.2,0.31820846,0.6356442,0.87856126,1.0695708,1.2218442,1.3474164,1.4506328,1.5372138,10
0.57444537,283.93670654,322.50396729,2.89459038,2.3688345,0.1281724,0.14656973,0.17488003,0.1963079,0.22347474,0.2444787,0.26305032,0.28422236,11
0.93645482,131.20678927,26.54926999,2.6,2.1,0.20012641,0.36555386,0.52406263,0.67153955,0.8078797,0.9347029,1.0516241,1.1599886,15
0.38664853,273.4731848,56.54445951,2.8,2.4,0.28219628,0.5009575,0.66477275,0.800477,0.9164665,1.0171628,1.1049716,1.1825833,9
0.7255243694417769,1.7706303402590358,0.1455415410681287,2.5243464282277177,2.6168915845793146,1.2050328254699707,3.800937175750733,6.238465309143066,7.722061157226562,8.374414443969727,8.641936302185059,8.843733787536621,9.003180503845215,12
0.36672178,61.07021713,384.70111084,2.38175011,2.12169814,0.28952479,0.45323634,0.48109245,0.49213481,0.5016861,0.50985098,0.51690292,0.52303886,21
0.91887552,17.86290932,8.94479561,2.9944098,2.22038436,0.63814378,1.57609129,2.19223309,2.56638145,2.82407188,3.02119446,3.18401814,3.31936169,18
0.6125878037397174,15.362245191339142,0.4716678797208718,2.1082164084013137,2.8883548429790364,0.9496409893035888,2.8768107891082764,4.355204582214356,5.053552627563477,5.322780609130859,5.472177505493164,5.570783615112305,5.647178649902344,5
0.7395319994651706,9.200628590723763,0.0045538421655766,2.739465985188952,2.63100416956442,0.9952895641326904,2.886078119277954,4.256196975708008,4.947780609130859,5.310559272766113,5.564149856567383,5.759749412536621,5.901747703552246,5
0.74234654,223.01403296,65.31515627,2.60347176,2.01398203,0.14106917,0.22953033,0.31346917,0.39459157,0.47182703,0.54350281,0.61107802,0.67523289,2
0.73442775,234.9508667,1.83751488,2.97229624,2.06502461,0.16502523,0.27614069,0.38512278,0.48796105,0.58464146,0.67597556,0.76103377,0.84151483,15
0.78402079,247.07747025,396.10651511,2.9,2.1,0.09351492,0.13245845,0.16157699,0.18999124,0.22040153,0.24879861,0.27439976,0.2994461,11
0.9201142990651592,16.30991578467203,4.705067380897178,2.1312661379642783,2.521924527900056,0.6670637130737305,1.7186696529388428,2.373011827468872,2.745646715164185,2.9919755458831787,3.1827094554901123,3.338456869125366,3.471676588058472,18
0.6485062314199146,69.2350092481271,34.09105051638394,2.29246201837663,2.55123956808068,0.4779062271118164,1.1356594562530518,1.5713279247283936,1.840080976486206,2.0289132595062256,2.181504011154175,2.3058269023895264,2.412071943283081,19
0.40085959,135.93711853,146.588974,2.53389359,2.89275122,0.4372499,1.00957966,1.37579155,1.55914974,1.66997337,1.7574296,1.83081245,1.89195251,20
0.75167024,183.33369446,387.31295776,2.08504128,2.97018576,0.12629938,0.17487454,0.22344184,0.26884341,0.31171346,0.35217714,0.38991213,0.42564321,4
0.3,151.01451534,400.0,2.0,2.8218202,0.24338007,0.35435867,0.39573288,0.42913222,0.45814729,0.48375368,0.50656629,0.52630377,4
0.61376178,19.9952507,25.86870384,2.62366199,2.19754171,0.82172275,2.21579313,3.10965395,3.53537416,3.75525427,3.87519693,3.97343826,4.04755735,23
0.6458918454870064,1.6697930674878958,0.0375414378228083,2.6558368101726453,2.21057257344314,1.1859526634216309,3.7389636039733887,6.190209865570068,7.805469989776611,8.51559829711914,8.723821640014648,8.861780166625977,8.990739822387695,12
0.5525791660402841,1.7176548614011662,0.0056056129693246,2.569788233770985,2.111986984705662,1.177729606628418,3.747879266738892,6.360651969909668,8.220211029052734,9.165095329284668,9.33013153076172,9.34180736541748,9.351881980895996,12
0.5747033045503668,102.76781520060509,0.0637690487674362,2.6392932014372605,2.986837235223791,0.5135116577148438,1.2594788074493408,1.7771425247192385,2.088928699493408,2.3064446449279785,2.476346969604492,2.619402885437012,2.740382671356201,18
0.49264851,198.17984618,166.49991414,2.3,2.2,0.19757938,0.304312,0.40011024,0.48212862,0.55440307,0.61960506,0.678705,0.7321043,17
0.43072972,99.0134575,56.97512199,2.6,2.8,0.5587697,1.4210157,1.9722629,2.2186956,2.3515072,2.4516568,2.5365257,2.6084695,19
0.94462943,157.26329041,295.40042114,2.00588107,2.11879683,0.09358501,0.1420815,0.18556285,0.22277308,0.26269865,0.29977942,0.33483028,0.36801744,4
0.34026563,95.16467285,365.6305542,2.64374161,2.20565367,0.27582407,0.41255021,0.44569278,0.46775579,0.48696065,0.5037663,0.51804233,0.53017306,21
0.44259465,5.17568016,36.75205612,2.06805468,2.19711447,1.05778813,3.17711806,5.05204105,6.08281994,6.28437614,6.30495453,6.31017017,6.31303692,7
0.5919901157446743,33.24218684700923,0.0657848135593992,2.17735165456041,2.7032511689998544,0.7706475257873535,2.196185827255249,3.1297075748443604,3.551838159561157,3.758807420730591,3.897612810134888,4.0039825439453125,4.091855049133301,22
0.8672356,168.86708069,15.84030437,2.25161409,2.28810549,0.17501664,0.30905509,0.43780375,0.55891824,0.67201567,0.77774072,0.87578392,0.96796298,15
0.8547915365295362,2.821900529320044,0.0092967696859963,2.907214666562564,2.6850204333444574,1.1417293548583984,3.401115894317627,5.188856601715088,6.141751766204834,6.651334285736084,7.046997547149658,7.371749401092529,7.617104053497314,5
0.91124433,11.18514729,332.33987427,2.09269476,2.40893888,0.39600205,0.87340379,1.13579345,1.19853163,1.19951344,1.19968534,1.20012522,1.20045447,21
0.4505965849878494,129.22556735586812,107.81277559246776,2.390292545448906,2.42325606848518,0.3770027160644531,0.8107821941375732,1.0927767753601074,1.2656733989715576,1.3899922370910645,1.4919447898864746,1.5755155086517334,1.6454083919525146,10
0.66437318,83.40269622,87.70648182,2.2,2.5,0.3540423,0.7299974,1.0028951,1.2013803,1.3542514,1.4784269,1.5802464,1.6660566,10
0.30299717,269.33035278,160.58058167,2.30653286,2.43745017,0.23556828,0.35475564,0.43802691,0.50805879,0.56955218,0.62279153,0.66998267,0.71399164,17
0.78912157,27.69160864,218.17346096,2.1,2.4,0.38439965,0.8237748,1.0916693,1.2243752,1.3030436,1.3578749,1.3992269,1.4325297,21
0.36516709,203.43419437,277.96000187,2.2,2.5,0.18923044,0.23933673,0.2852981,0.32137275,0.35396934,0.38342476,0.4101596,0.43541336,4
0.8464883544978594,4.361872056749229,0.6491974672430816,2.5020167610373854,2.776260195496924,1.0609116554260254,3.1352601051330566,4.706721782684326,5.502475738525391,5.923675537109375,6.207798957824707,6.428478240966797,6.592837333679199,5
0.70023298,254.98684692,262.99133301,2.0,2.0,0.07613087,0.11169457,0.13955855,0.16127944,0.1867094,0.20941567,0.23167658,0.25442648,11
1.0,143.07480281,246.12856149,2.0,2.0,0.09673119,0.15378118,0.20539927,0.25354123,0.30136967,0.34589815,0.38781023,0.42723274,3
0.51021245,161.21821111,35.24623536,2.7,2.1,0.34017086,0.6942229,0.9552133,1.1525483,1.3109436,1.4395359,1.5499752,1.6457512,9
0.65766311,103.01226807,400.0,2.0,2.0,0.11841059,0.13985658,0.15802336,0.17261744,0.18750501,0.20091343,0.2130084,0.22467446,11
0.3504059,270.54736328,50.74639893,2.43962979,2.06145215,0.22612739,0.35917521,0.46539164,0.55564451,0.63446546,0.70386028,0.76596904,0.82073808,16
0.95682681,266.62031847,208.54329321,2.3,2.6,0.1014483,0.15567446,0.20159554,0.24225259,0.28569293,0.33019352,0.37278223,0.41327357,3
0.51551031,280.15639586,217.76309546,2.7,2.8,0.17801595,0.24660087,0.31850433,0.38533068,0.44496036,0.50018096,0.5520835,0.60029316,3
0.3054666743656627,41.12072059350702,0.0145441028193708,2.1088565819913425,2.085209213199005,0.8682758808135986,2.5173466205596924,3.699678659439087,4.156020164489746,4.2988481521606445,4.362607002258301,4.403219223022461,4.432808876037598,22
0.77373032,259.06536912,328.68009693,2.8,2.8,0.15137982,0.17215586,0.21118498,0.2637782,0.30637002,0.34595203,0.3844838,0.4211483,4
0.7454264,254.03866994,45.35046062,2.6,2.3,0.15543294,0.25935555,0.3598156,0.45583057,0.5461893,0.6322663,0.7129924,0.7897887,16
0.9308925481701442,10.826983942568098,9.568035973083935,2.9,2.8,0.8207967281341553,2.2435011863708496,3.1971116065979004,3.727028369903565,4.061978816986084,4.303756713867188,4.4947509765625,4.654148578643799,22
0.7311693535650823,239.0120237353183,0.0869185466453786,2.3085089752840173,2.904552867699583,0.2006189823150634,0.344879150390625,0.4861257076263428,0.6197419166564941,0.7436211109161377,0.8590950965881348,0.9671876430511476,1.067810297012329,15
0.9822327094172724,6.1690897764614885,6.312531008186685,2.363857419047408,2.1797386635399967,0.804152250289917,2.090725898742676,2.893378734588623,3.344081401824951,3.6317238807678223,3.84142017364502,4.008486270904541,4.136594295501709,22
0.6404219229695496,2.3994355296115724,0.0109433205279593,2.572170581277064,2.603317224885016,1.2113161087036133,3.847078561782837,6.403169631958008,8.038110733032227,8.725639343261719,8.933829307556152,9.075913429260254,9.21944522857666,12
0.9338311,271.44458008,61.30199814,2.97351432,2.89638376,0.17586827,0.26080823,0.35517287,0.45985937,0.55375767,0.64374018,0.73104548,0.81475997,16
0.89091355,170.44206238,325.40081787,2.43671799,2.60957551,0.13100958,0.19028115,0.24705815,0.30187774,0.35456991,0.40300798,0.44822264,0.49114299,4
0.56586516,191.91032407,140.23691442,2.3,2.4,0.19874,0.3171978,0.4259131,0.52105474,0.60606,0.6824386,0.75195765,0.81554747,17
0.94741424,39.70060012,145.02954501,2.0,2.2,0.29749846,0.5863159,0.81096244,0.9865818,1.1252773,1.236403,1.3311026,1.4104707,10
0.54950057,237.21950252,186.80270097,2.0,2.0,0.11279035,0.16266775,0.20819378,0.25065851,0.29200459,0.32993937,0.36572909,0.3989656,3
0.89641231,3.72217059,30.46990395,2.97891116,2.42810011,0.9968586,2.76767731,3.98986244,4.63239813,4.99952936,5.25430107,5.43242359,5.54828358,7
0.65297555,179.49519249,190.87528449,2.6,2.7,0.21046257,0.33613253,0.45327806,0.5564647,0.6495106,0.7339883,0.8109715,0.8818002,17
0.99522603,14.36880589,17.37622452,2.34852695,2.87892461,0.68234587,1.78468943,2.49622965,2.90658236,3.17663813,3.3829217,3.55061722,3.6921711,22
0.3520805442057814,6.84979483529012,0.0425807255126904,2.2993682955725343,2.8207522398437765,1.2087881565093994,3.999192476272583,7.093979835510254,9.492286682128906,10.678171157836914,10.790046691894531,10.795113563537598,10.799600601196287,12
0.78321671,68.11003596,359.18846704,2.8,2.1,0.23403788,0.39008498,0.50987935,0.6084573,0.69129205,0.7627022,0.8225348,0.87436175,17
0.4720520144252839,92.3478056727431,20.13697921709685,2.2229533508212613,2.50347967417368,0.5382382869720459,1.3793115615844729,1.894455909729004,2.143078327178955,2.296698093414306,2.4172253608703613,2.5168657302856445,2.603447914123535,19
0.98267072,284.44512121,334.52962584,2.3,2.3,0.07061315,0.10946298,0.13961649,0.15279484,0.17269182,0.19505048,0.21876907,0.24039507,11
0.30856997,96.00202179,120.35102081,2.05287886,2.28158426,0.50559545,1.25867128,1.6642375,1.75403786,1.78931022,1.82070208,1.84849977,1.87376642,0
0.68675191,286.33104144,341.48841336,2.1,2.6,0.07979846,0.11041784,0.1309371,0.13500977,0.14955115,0.16526198,0.18085647,0.19324636,11
0.4603148266745176,291.9887601753132,0.0206823376717003,2.129587351058712,2.012765275324057,0.1658344268798828,0.265787124633789,0.3600594997406006,0.4461040496826172,0.5245544910430908,0.5969569683074951,0.6631577014923096,0.7255136966705322,15
0.96552695,234.95908757,50.94431958,2.8,2.8,0.16634679,0.2700696,0.37098932,0.4800117,0.5806737,0.67564225,0.7671273,0.8541579,16
0.5739488211668572,3.7175783050246007,0.4093216386045912,2.6851357231872486,2.0108295474009727,1.11257004737854,3.3847692012786865,5.360459327697754,6.490932464599609,6.947536468505859,7.20177173614502,7.386146545410156,7.510893821716309,5
0.39691124,279.11243335,296.3416142,2.9,2.2,0.17004037,0.21937919,0.26893163,0.3129189,0.35417128,0.39160657,0.42617846,0.45866084,4
0.53791869,171.16419983,183.28485107,2.86744428,2.35225773,0.23316002,0.37646222,0.49394584,0.59435177,0.68243146,0.76092792,0.82991457,0.89261675,17
0.7681710448831854,281.8375877089756,0.2239786469625673,2.416074960666736,2.8716793070895035,0.1670868396759033,0.2798099517822265,0.387458324432373,0.4964020252227783,0.5985672473907471,0.695183277130127,0.786808967590332,0.8744075298309326,15
0.75361407,76.75485992,301.66659546,2.20460725,2.89522767,0.27087045,0.49250555,0.65954971,0.79586482,0.90816259,1.00166249,1.07994294,1.1475389,10
0.79881323,291.52535265,205.24226882,2.5,2.7,0.1391995,0.17842245,0.22739005,0.28229523,0.3366549,0.38515878,0.43081284,0.47613406,3
0.55364045,139.05897473,158.34776004,2.0,2.6,0.2268672,0.37514186,0.49525738,0.5960283,0.6827519,0.75907946,0.8243127,0.8821616,17
0.55869111,248.5288079,18.97669555,2.4,2.5,0.21310711,0.3586681,0.4946785,0.61550975,0.7248256,0.82458067,0.9161794,1.0001478,15
0.9767982289603732,128.23843330379552,0.0092520519056806,2.1829284723571534,2.123822484901508,0.1827428340911865,0.3327398300170898,0.4767272472381592,0.6123039722442627,0.7380433082580566,0.8554592132568359,0.964120864868164,1.0645360946655271,15
0.53335247,100.46731405,316.86498398,2.4,2.6,0.26254225,0.4237013,0.52145743,0.5973127,0.66108966,0.713717,0.75826025,0.7959125,17
0.5968297847665365,58.84524781171245,34.37023116978897,2.240956036899316,2.2259410002246915,0.5126514434814453,1.25400710105896,1.7061057090759275,1.9498329162597656,2.115171432495117,2.24338960647583,2.351107120513916,2.4406275749206543,19
0.3522423,11.38515112,36.45771144,2.2,2.0,1.0163066,3.0282493,4.709517,5.574128,5.7180943,5.7308936,5.7335477,5.7351847,7
0.33747549,6.16937095,44.21263988,2.3,2.4,1.0860803,3.2693217,5.309617,6.5389566,6.8103294,6.8262844,6.830081,6.8308544,7
0.6547120694846976,2.8174641150653805,0.014733390847823,2.642639310720657,2.1897600947753824,1.145618915557861,3.5006422996521,5.550212383270264,6.7283616065979,7.230702877044678,7.505727291107178,7.719746112823486,7.8854079246521,5
0.86232353,176.35505337,74.53714072,2.92659847,2.62885863,0.20701623,0.35417056,0.49792767,0.63365436,0.75831866,0.87379837,0.98186255,1.08197355,16
0.3658275419390682,2.469038301159816,0.334435272340977,2.6811211555581727,2.904658096981929,1.2887287139892578,4.325395107269287,7.9067063331604,11.052852630615234,12.987464904785156,13.046171188354492,13.051891326904297,13.05683135986328,13
0.77369253,221.46353026,398.57624665,2.3,2.9,0.11710095,0.13126373,0.15623808,0.16946244,0.190696,0.2075696,0.21903586,0.2352469,11
0.3884369,258.76308529,121.91409434,2.4,2.9,0.24151921,0.3819251,0.48979545,0.582757,0.66436815,0.73655176,0.8011799,0.86057925,16
0.49841187,90.11328892,110.14257044,2.4975746,2.79146374,0.49525356,1.21252966,1.67837572,1.90481424,2.0357914,2.13690996,2.22178698,2.29275799,20
0.48476266,188.90297598,210.25581155,2.1,2.7,0.18412876,0.26129174,0.3328185,0.39383483,0.44754767,0.49652743,0.54076576,0.58132076,3
0.50166128,112.73840223,342.55490098,2.2,2.6,0.21308184,0.29022098,0.34332228,0.38649416,0.4231627,0.45566797,0.48439264,0.51046014,4
0.6943845591172436,131.75426677369484,0.2466330557353956,2.088865516317475,2.772385597936828,0.3095934391021728,0.6182177066802979,0.8761670589447021,1.0931010246276855,1.276458740234375,1.433892011642456,1.5711345672607422,1.6916463375091553,8
0.4655232844394627,1.838666363084786,40.13949202587053,2.7449932658187555,2.317556315318507,1.1034634113311768,3.504183530807495,5.966156005859375,7.731544494628906,8.442776679992676,8.476801872253418,8.476875305175781,8.476875305175781,14
0.75223589,8.15054131,12.75425434,2.36148286,2.21912384,0.92827654,2.53084564,3.56445932,4.06251001,4.32928133,4.49264669,4.60594177,4.6822257,22
0.73876506,19.73718834,5.27257061,2.12928295,2.1977427,0.72946572,1.88601184,2.57018065,2.90717483,3.10712552,3.24592853,3.35585523,3.4536016,22
0.51347382,85.62066962,271.53244781,2.3,2.3,0.29396915,0.5220065,0.65484476,0.74359345,0.8101642,0.86432886,0.90780234,0.94650793,21
0.77307057,190.27322388,237.36555481,2.10271215,2.07691574,0.10391235,0.15682006,0.2045536,0.24679542,0.28969836,0.33038902,0.3682394,0.4043026,3
0.34923968,230.33338987,233.87687253,2.3,2.9,0.21169019,0.2876525,0.34533548,0.39319873,0.4366424,0.4757676,0.51119924,0.54338574,3
0.82328574,102.40202884,384.17458809,2.1,2.2,0.12025452,0.15507054,0.18797898,0.2150333,0.24107265,0.2648213,0.2867489,0.30695438,11
0.60492171,41.37396925,12.15419633,2.5,2.5,0.6970582,1.8575878,2.585453,2.9354053,3.1300197,3.2649465,3.3756456,3.468811,22
0.542763968760031,4.731278921352802,0.0035489308708745,2.524963116853012,2.543459136021238,1.1740355491638184,3.700225830078125,6.101775169372559,7.585575103759766,8.171065330505371,8.356175422668457,8.474831581115723,8.573476791381836,12
0.91773672,39.9768602,295.42994049,2.1,2.5,0.24324012,0.4180174,0.54481816,0.6429198,0.72019076,0.7813535,0.8312931,0.87145567,17
0.78315126,28.3352518,393.34516248,2.3,2.7,0.29403925,0.50589895,0.6008556,0.6479542,0.6781838,0.699708,0.71495056,0.7264025,21
0.93306018,279.72027644,269.92216767,2.5,2.9,0.14731956,0.16020107,0.19335628,0.24320054,0.29274035,0.3317604,0.37154245,0.40976763,4
0.9760732805618896,1.7711507130742823,175.53641919449217,2.8480098269308445,2.784127847121361,0.8004083633422852,2.365584135055542,3.584801435470581,4.157357215881348,4.334104537963867,4.362011909484863,4.362118721008301,4.362194061279297,23
0.72316456,31.60764517,51.41117555,2.94116562,2.98758273,0.70019507,1.89445114,2.71156836,3.13067627,3.3701992,3.53234863,3.6666708,3.77488089,23
0.5286865558282015,0.7555995533099338,1.2564946865380655,2.5737462846126458,2.84371286184107,1.2886087894439695,4.328047752380371,7.900157928466797,11.050594329833984,12.965448379516602,13.017020225524902,13.022521018981934,13.027125358581545,13
0.9857899553099304,236.71641157408965,0.011021175208324,2.400665181961972,2.2115129220067784,0.126676321029663,0.2201442718505859,0.3056719303131103,0.3887438774108886,0.4719483852386474,0.552619457244873,0.6300482749938965,0.7045226097106934,15
0.94844332,239.20804674,226.99708646,2.7,2.6,0.13995194,0.19387364,0.24965477,0.31686258,0.38063288,0.4380467,0.4938171,0.54732704,3
0.77532835,81.67367515,267.2224447,2.2,2.7,0.22489953,0.36943865,0.48702168,0.58494735,0.6683438,0.7402606,0.8025124,0.8563261,17
0.76442885,195.53713101,169.33192873,2.5,2.4,0.16115785,0.255435,0.3496437,0.4365344,0.5167203,0.59266067,0.66294813,0.7286897,17
0.30749382,269.28503814,30.47125377,2.67425627,2.70284051,0.36400771,0.73075461,0.96664906,1.12276125,1.24305391,1.34041834,1.4206934,1.49358797,9
0.65086198,61.68015262,54.50232269,2.6,2.3,0.49980235,1.2002187,1.6518197,1.9124649,2.0889738,2.2275288,2.3392408,2.4326017,19
0.3778660821316046,222.0708561443732,387.4253754657751,2.0,2.0,0.0933213233947753,0.1070201396942138,0.1160297393798828,0.1162309646606445,0.1220440864562988,0.1264352798461914,0.1298446655273437,0.1341252326965332,11
0.4404701313866886,0.9898708664833962,0.474865796912216,2.512094257560254,2.395487708519196,1.246044635772705,4.1320085525512695,7.446076393127441,10.369447708129885,12.00752067565918,12.02987575531006,12.037894248962402,12.044672012329102,13
0.8258488293945333,4.229357602235383,0.0500946571888839,2.402351703814777,2.7104729688864566,1.065342903137207,3.1643426418304443,4.765439033508301,5.574602127075195,5.984703063964844,6.259243011474609,6.466595649719238,6.62000846862793,5
0.54689787,174.11302246,367.79420376,2.2,2.9,0.1451528,0.17491865,0.2069211,0.22726583,0.24943757,0.27064633,0.2890823,0.30684018,11
0.42663527,230.34799194,85.86159515,2.50688791,2.83576941,0.3065834,0.56775069,0.75742197,0.91186619,1.04032564,1.14987397,1.24389315,1.32728386,10
0.3712042872182424,1.9222881387741253,0.0319013531974106,2.254077423908967,2.7461667128675504,1.250699758529663,4.2113542556762695,7.687355995178223,10.790657043457031,12.724773406982422,12.770322799682615,12.777774810791016,12.784117698669434,12
0.87566376,240.65657407,157.8457191,2.7,2.2,0.12470698,0.20371532,0.27549434,0.3462646,0.41612697,0.48222566,0.545136,0.6055341,2
0.5135530682140844,0.9182854122514068,0.5262628283199502,2.4396882478417306,2.188438728996313,1.2142469882965088,3.9824953079223633,7.032058238983154,9.557601928710938,10.70880889892578,10.725408554077148,10.73311996459961,10.739452362060549,13
0.6260424410614596,32.21823290321358,18.04443009347685,2.806641912713689,2.15226317148704,0.676687479019165,1.7812700271606443,2.471290111541748,2.8309550285339355,3.0449366569519043,3.192254066467285,3.3168420791625977,3.413118839263916,23
0.74468422,2.91102839,6.38848686,2.23260975,2.52544045,1.14639091,3.40390348,5.24419546,6.21622133,6.60956526,6.82498789,6.96176386,7.05421495,6
1.0,105.02733016,400.0,2.0,2.0,0.08604598,0.1168232,0.13919926,0.15634155,0.17654085,0.1938715,0.21006083,0.2255652,11
0.7991478703412562,15.546543180556844,0.0923156888766499,2.5028647907211434,2.200044237469815,0.7555749416351318,1.9837384223937988,2.751027584075928,3.168222427368164,3.430062770843506,3.619355201721192,3.7649354934692383,3.892372131347656,22
0.73826042,272.64872301,162.57125058,2.6,2.8,0.15051675,0.21864891,0.289176,0.36274266,0.43127227,0.49410343,0.55424523,0.6114557,2
0.8817999564371841,19.30509472131279,0.0166690369235891,2.130747529364483,2.1429555632394,0.6115155220031738,1.5050795078277588,2.057258367538452,2.383486032485962,2.611396074295044,2.788279294967652,2.9311764240264893,3.056741952896118,18
0.31484006,226.5098915,143.98549717,2.7,2.3,0.31617332,0.5890901,0.753664,0.86862993,0.95955324,1.0333438,1.0973732,1.1520557,10
0.86128347,163.59587353,368.42948253,2.4,2.2,0.10765886,0.14949703,0.18973827,0.22328353,0.25542903,0.28643465,0.3167956,0.3453641,11
0.41677243,239.07784599,172.57982228,2.96386146,2.62302326,0.25845361,0.41350865,0.52884007,0.62823129,0.71461177,0.79118466,0.85891151,0.92078233,17
0.5727493290550512,44.13863611887157,389.40074048216826,2.3,2.7,0.3475232124328613,0.7116944789886475,0.9081838130950928,0.9843828678131104,1.0242695808410645,1.054065465927124,1.07824969291687,1.098287582397461,21
0.45549418,90.23083675,284.96392744,2.54948607,2.48619702,0.33993793,0.65053225,0.8193686,0.90960431,0.973243,1.02242446,1.06310511,1.09668803,21
0.42720964,25.99161372,12.68966321,2.35999756,2.69859538,0.95656061,2.90892506,4.47848845,5.23655653,5.47673607,5.57264805,5.63231468,5.68432713,6
0.35445607,7.66255617,7.02754879,2.75168133,2.98465633,1.28641796,4.01932001,6.94877815,9.11715794,10.10022736,10.43083191,10.58060932,10.63512611,14
0.73600879,226.58390112,74.75349893,2.2,2.8,0.1584487,0.25701475,0.35502005,0.44520092,0.5296693,0.60999227,0.68491626,0.7556882,16
0.4485344,196.20110459,337.02410394,2.4,2.8,0.1786654,0.22148299,0.2641945,0.29700327,0.32915378,0.3581059,0.38408566,0.40851378,4
0.86844514,121.08743375,65.03170938,2.3,2.1,0.19828892,0.3575263,0.5061927,0.6417794,0.7657347,0.87838626,0.9810667,1.0754356,16
0.6554870653456711,3.452148924708093,1.4564574407787427,2.6507862439996,2.437925949897006,1.1589617729187012,3.572071075439453,5.693371295928955,6.890295505523682,7.406307697296143,7.659098148345947,7.872762203216553,8.044891357421875,5
0.81738263,226.98659566,313.79417011,2.0,2.4,0.0823009,0.11698866,0.14195299,0.15735745,0.18169737,0.20393276,0.2244494,0.24424815,11
0.6050164889458174,17.76579218581625,0.006201469119084,2.626927862939392,2.5807076011960413,0.9398748874664308,2.7235107421875,4.00096321105957,4.624727249145508,4.928073883056641,5.123814105987549,5.255222320556641,5.370031833648682,5
0.6714333112392042,1.0680768652416637,146.65956640141073,2.511728535432044,2.2085781482486624,0.8004417419433594,2.368562698364258,3.6094155311584473,4.081071376800537,4.162319660186768,4.16549825668335,4.165509223937988,4.165546417236328,23
0.7157389651175466,1.519556771169117,0.0630205833967354,2.6846831989885893,2.1473461363259654,1.164741039276123,3.598721027374268,5.7977471351623535,7.121378421783447,7.702152729034424,7.97711706161499,8.182853698730469,8.363349914550781,12
0.58749979,111.5771219,375.3499038,2.9,2.5,0.2535646,0.40261793,0.50237226,0.586277,0.6562381,0.7165451,0.76904035,0.81557965,17
0.56763613,292.63644409,223.21328735,2.36036539,2.85511327,0.14739537,0.20870781,0.2692275,0.32882237,0.38483191,0.43614173,0.48478985,0.53074336,3
0.81118484,201.56227952,3.86704992,2.9,2.3,0.20025468,0.35332417,0.5015662,0.64187837,0.77251434,0.8940797,1.0078549,1.113929,15
0.9976039226819228,3.666694085465037,0.167777434911588,2.136076784907122,2.0117115670061763,0.8778541088104248,2.294373750686645,3.1693875789642334,3.653218030929565,3.9687612056732178,4.192490577697754,4.358602523803711,4.501108169555664,22
0.59149892,180.77046862,217.3585562,2.7,2.6,0.2238605,0.35601354,0.47279668,0.5750103,0.66601276,0.74807954,0.8221302,0.8900089,17
0.5750174445755039,16.36838926855171,0.826339607204365,2.877321744920596,2.3405471946373755,0.9516565799713136,2.7203574180603027,3.974399566650391,4.581637859344482,4.9080352783203125,5.130991458892822,5.30095911026001,5.408591747283936,5
0.95815426,227.16818265,308.98826942,2.6,2.7,0.14161086,0.1677146,0.20835185,0.2595954,0.30863953,0.35103297,0.39233327,0.43198037,4
0.8756558548679334,61.53678564383167,0.0823506639082288,2.122529558429586,2.338695974012296,0.3622126579284668,0.7596087455749512,1.076913833618164,1.3288068771362305,1.5335073471069336,1.7052347660064695,1.8515784740448,1.9781343936920168,8
0.7788155228280977,2.0841180919563773,0.0149751339673107,2.6184815456333026,2.74931176976629,1.198589563369751,3.736007452011109,6.010546684265137,7.327442169189453,7.940826416015625,8.26318073272705,8.52030086517334,8.73711109161377,12
0.8239220956332496,1.757571440330907,0.9017268963022276,2.0654772379038886,2.080625452505446,1.0776126384735107,3.191575288772583,4.791028022766113,5.627815246582031,6.048587799072266,6.320962905883789,6.516786575317383,6.669521331787109,5
0.95749629,111.67899323,368.6416626,2.13695145,2.08150387,0.10219193,0.14046216,0.17480016,0.20280433,0.23288941,0.26109838,0.28705215,0.31004834,11
0.58085266,240.71682633,373.64730801,2.6,2.7,0.13814116,0.16587353,0.19644213,0.22834969,0.25811195,0.28261662,0.3066852,0.32991886,11
0.46572302,86.58711742,78.41817888,2.0,2.9,0.4472015,1.0246518,1.3702102,1.5455403,1.6575179,1.7494249,1.8246803,1.8874965,20
0.686816269575386,1.0471025580980695,0.2384119540796561,2.981023633781776,2.4850975171210394,1.2485418319702148,4.0166754722595215,6.866929054260254,8.861640930175781,9.839469909667969,10.047004699707031,10.09112548828125,10.19472885131836,13
0.97831873,239.37113508,129.91438026,2.5,2.2,0.11219144,0.1891241,0.25759077,0.32253885,0.38830376,0.45210242,0.513814,0.5726857,2
0.76154907,64.78015348,353.87493789,2.72187591,2.77702089,0.28865218,0.50918984,0.65907931,0.77741981,0.87132597,0.94816446,1.01134515,1.06439972,10
0.5925649,169.0780009,309.22776327,2.12620789,2.11076596,0.12222791,0.15941167,0.19505215,0.22506428,0.25631213,0.28490567,0.31019878,0.3342762,11
0.3397879530169613,277.59339221478643,346.6841590428482,2.5,2.1,0.111656904220581,0.1264903545379638,0.13930344581604,0.1403419971466064,0.1483526229858398,0.1557669639587402,0.1637759208679199,0.1695556640625,11
0.75855577,83.25651029,6.69933264,2.6,2.1,0.36979222,0.77900815,1.097224,1.3462377,1.5466936,1.7119803,1.8516567,1.9725382,9
0.60824195,50.07604132,333.7303416,2.4,2.5,0.3308096,0.6278627,0.78679776,0.8676102,0.91908073,0.95932627,0.9899504,1.01426,21
0.7575879551803415,1.025343147333898,43.64126043315122,2.87462162,2.21045007,1.0594871044158936,3.2492480278015137,5.201287746429443,6.333070278167725,6.732906818389893,6.848987102508545,6.922717571258545,6.953005313873291,7
0.78655094,216.27740479,248.60284424,2.46032095,2.63512397,0.13933897,0.20825744,0.27402711,0.33919764,0.40117097,0.45824981,0.51148844,0.56220245,3
0.5806982,115.017224,283.16129897,2.2,2.1,0.1959703,0.29062366,0.36902666,0.4348185,0.4916463,0.5412884,0.5848546,0.62484,4
0.34990046,276.19452632,192.75005957,2.7,2.7,0.24284768,0.36424255,0.45200992,0.5284076,0.59561276,0.65584254,0.7101338,0.7599387,17
0.88965311,189.81236869,353.63254866,2.5,2.7,0.13657236,0.1694448,0.21109462,0.25556326,0.29828525,0.33628607,0.37225938,0.40678883,4
0.99850649,8.11266327,18.96956062,2.358706,2.22005272,0.73303628,1.85676098,2.5476284,2.93328953,3.18415117,3.36360598,3.5049262,3.62125587,23
0.33397552,16.12692833,25.10150719,2.26041508,2.13231421,1.02361131,2.99945235,4.59239006,5.36789227,5.53032017,5.57953072,5.60016918,5.61104202,7
0.61105356,215.70932367,325.58620407,2.23256522,2.14718767,0.1008172,0.13179135,0.15920186,0.17789006,0.20089722,0.22232008,0.24149108,0.25982165,11
0.93360431,166.58862186,239.97461989,2.63297497,2.62116623,0.15183616,0.23584199,0.31837702,0.39901185,0.47480369,0.54429245,0.60972834,0.67207623,3
0.73151245,238.54389598,379.24098344,2.04779908,2.93607968,0.09939551,0.13879037,0.17272186,0.20422554,0.23616314,0.26721001,0.29553843,0.32316399,11
0.3938673987818476,6.648596259695731,0.0177046667106876,2.41534835544304,2.6364867636938767,1.1966609954833984,3.883901834487915,6.738009452819824,8.799553871154785,9.749241828918455,9.885171890258787,9.889161109924316,9.893835067749023,12
0.30176773,279.71050788,193.32125634,2.14036028,2.24046442,0.1721077,0.21802163,0.26382017,0.3023243,0.33750439,0.36917162,0.39815235,0.42509937,3
0.62349318,224.83600517,110.0540383,2.0,2.9,0.1548264,0.2375052,0.32035065,0.39545584,0.46521592,0.5299628,0.590224,0.64688444,2
0.9389799090460088,1.3983132938448413,0.1278370511649167,2.2030156855690874,2.999056878926333,1.1537177562713623,3.573066234588623,5.639533519744873,6.789193630218506,7.347031116485596,7.671493053436279,7.920234203338623,8.112733840942383,5
0.89971015,297.22820487,163.94611162,2.7,2.1,0.0964663,0.16142607,0.21555686,0.2662797,0.31871033,0.37047982,0.42033744,0.46870065,2
0.58311592,294.94442874,293.17069732,2.8,2.2,0.11864996,0.1611836,0.20107508,0.23914361,0.27701044,0.31231332,0.34502077,0.37671757,4
0.4833471920496379,7.163348996208789,1.863999396896218,2.56599045,2.01402553,1.0721659660339355,3.23323130607605,5.058433532714844,6.044610977172852,6.432100296020508,6.613438606262207,6.759474754333496,6.848651885986328,5
0.33684551,105.33318643,183.15596859,2.43939229,2.58670711,0.47063327,1.13903832,1.53395367,1.64978218,1.6948204,1.73261786,1.76619244,1.79608059,0
0.585574004889942,1.64788573388338,1.0721119844188634,2.1428886685316497,2.265150972247154,1.1744582653045654,3.7981245517730713,6.467290878295898,8.386239051818848,9.301724433898926,9.528979301452637,9.545445442199709,9.555023193359377,13
0.39052835,295.2668457,343.34243774,2.01780081,2.23586345,0.08940077,0.10783887,0.12341046,0.12432098,0.13272619,0.14182258,0.15032768,0.15749645,11
0.32658556,196.96726126,371.26775267,2.6,2.0,0.17978954,0.21236157,0.2427845,0.26753378,0.28945208,0.30910778,0.3279519,0.34524584,11
0.56383801,299.23395986,64.54366467,2.1,2.0,0.11698532,0.18351841,0.2456286,0.30398345,0.36011863,0.41243863,0.4621842,0.5093658,2
0.52323219,130.3403436,233.42830399,2.2,2.1,0.21836853,0.34354568,0.44014645,0.5211246,0.58929205,0.64976,0.7017908,0.74858546,17
0.42931476,215.04006705,40.87976696,2.96546402,2.34399003,0.30393982,0.56431031,0.75475097,0.90829301,1.03431034,1.14140272,1.23284626,1.31375074,9
0.65123259,204.08103175,165.01826765,2.2,2.6,0.15987372,0.2430706,0.32551217,0.40024137,0.46869326,0.53196883,0.591068,0.64620805,2
0.41089094,120.9865361,195.52129527,2.4,2.9,0.36966085,0.75208235,0.97808003,1.0988054,1.1829886,1.250493,1.3053732,1.3534169,21
0.69898202,119.01035766,157.39707376,2.1,2.4,0.2111814,0.35803723,0.486099,0.5969589,0.6932776,0.7783489,0.8543687,0.9218185,17
0.5142501125137411,155.55434903268983,1.172843268928231,2.57158683312759,2.292820473642008,0.347851037979126,0.7156932353973389,0.9863903522491456,1.190115213394165,1.3511857986450195,1.4853928089141846,1.6003611087799072,1.6970374584197998,8
0.45552307,213.76771545,333.29257202,2.31540895,2.76282787,0.18438888,0.24312305,0.29836035,0.34700775,0.39111423,0.43074656,0.46711659,0.50099754,4
0.6138577056355996,23.21325204766784,0.0071057965020229,2.5154948852670747,2.8465420593937245,0.8870995044708252,2.590853214263916,3.810622215270996,4.401907444000244,4.67905330657959,4.849585056304932,4.975096702575684,5.070067405700684,22
0.99967565,62.90603772,241.84188237,2.7,2.5,0.25835466,0.47086358,0.65409636,0.8117986,0.9486222,1.0676603,1.1706934,1.2610161,10
0.65744232,128.9852393,33.25264806,2.18637271,2.919437,0.33820915,0.6951282,0.97796535,1.20619822,1.39400363,1.55206847,1.6880815,1.8062892,9
0.88397631,120.43546563,162.86791307,2.7,2.2,0.20414042,0.3554337,0.49935699,0.62973976,0.7477145,0.85573244,0.9544785,1.0448184,17
0.3750759811260075,29.74193447925644,56.89035899277684,2.35655959,2.1308133,0.7943637371063232,2.27640438079834,3.3025999069213867,3.700143337249756,3.831588745117188,3.8788228034973145,3.9057846069335938,3.928682804107666,23
0.6196110830845134,20.140374855444623,1.064972863637013,2.580710068532222,2.9066310424689394,0.9260797500610352,2.733696222305298,4.067488670349121,4.72152042388916,5.019528388977051,5.206602096557617,5.328852653503418,5.440305709838867,5
0.41439524,231.2442931,56.37870196,2.4,2.1,0.25435662,0.44289637,0.59012055,0.7138324,0.81943274,0.9107387,0.9888718,1.0599861,16
0.3095013825786789,286.2058211016365,352.559996412193,2.4,2.9,0.1864991188049316,0.2216792106628418,0.2546663284301758,0.2843437194824219,0.3101341724395752,0.3345282077789306,0.3573541641235351,0.378291368484497,4
0.74767705,129.074751,164.09620284,2.9,2.3,0.24767756,0.4437077,0.6168821,0.7691016,0.9029386,1.0225968,1.1288834,1.2238829,17
0.8210115715305422,18.74105869943055,0.0749818118739668,2.4151527331859115,2.5853868743631465,0.7384614944458008,1.981558084487915,2.769834280014038,3.1909501552581787,3.4484236240386963,3.641556978225708,3.7973926067352295,3.927306890487671,22
0.7467671701253641,5.868317179007444,0.236296820687621,2.0916000349027355,2.4189936336996327,1.0031449794769287,2.9259603023529053,4.302011489868164,4.95625114440918,5.270469665527344,5.479554176330566,5.623621940612793,5.737110137939453,5
0.73071531,295.69971622,150.08119107,2.6,2.8,0.14983654,0.20979428,0.27514505,0.34592986,0.4119475,0.47241855,0.5301001,0.58580804,2
0.9757862995304456,1.513760516504577,2.8711092712661257,2.82988505375328,2.4770595047922708,1.1207990646362305,3.264617681503296,4.866951942443848,5.72518253326416,6.237192153930664,6.650609016418457,6.999905586242676,7.257175445556641,6
0.98316675,113.03154755,368.46850586,2.08971381,2.94963741,0.14438152,0.22038555,0.29567885,0.36628199,0.43197012,0.49267936,0.54860044,0.6009717,4
0.67068005,203.46969604,124.54949188,2.36302066,2.456285,0.17998266,0.29107547,0.39932013,0.49739337,0.58668637,0.66998005,0.74702477,0.81867433,16
0.6857524,152.66023846,205.38308321,2.58881016,2.76235158,0.23384142,0.390903,0.52972317,0.65212274,0.76057339,0.85804057,0.94594026,1.02533388,17
0.5885701,275.90548662,46.94828708,2.88687734,2.71702486,0.21618795,0.35090733,0.48184633,0.60213375,0.71115828,0.81176972,0.90519094,0.99177718,16
0.7654132720902221,6.293734580884612,0.1352679615240626,2.5429101106766705,2.623922862049377,1.038665533065796,3.053664207458496,4.556879997253418,5.310341358184815,5.689329147338867,5.951947212219238,6.147150993347168,6.30320930480957,5
0.95431894,289.26080322,380.96212769,2.03515124,2.7196064,0.06963801,0.10810828,0.13646817,0.15515876,0.1782217,0.20120788,0.22420454,0.24673772,11
1.0,1.90392801,1.92512596,2.0,2.01724636,1.0019536,2.66744375,3.70321417,4.23945522,4.56309652,4.78216839,4.93243456,5.02763605,22
1.0,231.60029455,95.39338254,2.0,2.0,0.08777928,0.15162802,0.21017241,0.26419592,0.31880355,0.37131548,0.42261434,0.47204256,2
0.98064286,13.40726852,3.89200902,2.5174489,2.21569991,0.65624785,1.61160803,2.22121811,2.58767557,2.84094429,3.03525829,3.19194078,3.32547808,18
0.9053962,79.26276198,222.78651305,2.7,2.0,0.22400403,0.40190578,0.56053543,0.6990113,0.8204639,0.92793965,1.0228388,1.1075075,17
0.5040306017965307,25.938678745273613,17.78642477800695,2.760404488953171,2.6639877762049395,0.9090530872344972,2.6741385459899902,3.9918618202209473,4.617883205413818,4.890644550323486,5.047025203704834,5.1461358070373535,5.21629810333252,6
1.0,239.18159485,278.88018799,2.0,2.0,0.06479955,0.10273528,0.13317227,0.15558052,0.18258524,0.20694184,0.23120522,0.25608563,11
0.8007769596419629,1.6045451628679557,0.0046590272923907,2.0711503725133684,2.5594897822215708,1.152996063232422,3.614484071731568,5.792799949645996,7.03135871887207,7.576040267944336,7.844071388244629,8.017105102539062,8.15492057800293,5
0.33682048,199.10264587,18.97965622,2.81119895,2.02847338,0.34457493,0.68558645,0.90195131,1.04224801,1.15108848,1.23791432,1.31419635,1.37967372,9
0.94274921,136.35189937,97.13139161,2.7,2.0,0.17654395,0.31434083,0.44721437,0.57232,0.68819284,0.7969272,0.8976183,0.9920926,16
0.82929695,253.22778266,398.71157989,2.2,2.2,0.0700736,0.09925699,0.12388444,0.12733388,0.13919091,0.15262747,0.16705918,0.17912102,11
0.9662382558000542,0.9368022285133892,1.3857752538282335,2.974361389215343,2.1907544885456347,1.1437530517578125,3.357689380645752,5.060958862304688,5.996415138244629,6.567957878112793,7.045536041259766,7.487348556518555,7.812421798706055,5
0.71412021,298.46263264,187.18086618,2.9,2.7,0.15684366,0.21989417,0.28813553,0.3632939,0.42893577,0.4918084,0.55161715,0.6088042,3
0.457824,202.50449782,55.47971062,2.2,2.0,0.24068928,0.419935,0.56342673,0.6843569,0.7872057,0.87721705,0.9558084,1.024838,16
0.74840164,217.53601074,278.16427612,2.37893081,2.43206406,0.11996818,0.17127085,0.22129869,0.2662437,0.30949473,0.35099339,0.39022803,0.42755461,4
0.95091507,131.03317902,194.97682327,2.8,2.5,0.19165564,0.32082462,0.44731927,0.56562734,0.6738105,0.7742801,0.8667908,0.95321965,17
0.54054267,139.31998096,387.80807674,2.9,2.8,0.24150538,0.35193443,0.42925167,0.49570894,0.5529566,0.6037667,0.64866996,0.6896682,17
0.66409712,215.03060197,193.16448539,2.8,2.2,0.16756058,0.26053667,0.35288477,0.43807173,0.5162053,0.58857894,0.65607786,0.71941733,17
0.88560021,233.38962666,192.38444351,2.9,2.7,0.15957952,0.23674822,0.31652308,0.40365934,0.48130155,0.5551641,0.62576056,0.6929004,3
0.63086898,258.64796166,65.27569139,2.7,2.2,0.17720366,0.2903421,0.4008572,0.50323224,0.5976925,0.6861396,0.76869535,0.8457947,16
0.98685908,150.63423157,191.16819763,2.0851655,2.008641,0.1073916,0.17650366,0.23951697,0.29918575,0.35744476,0.41225934,0.46390986,0.51228285,3
0.78346217,119.65287781,392.71444702,2.20499301,2.23271918,0.1216774,0.15572047,0.19016719,0.21784949,0.24404025,0.26831031,0.29128385,0.31235123,11
0.7454265,257.58365231,257.15874512,2.2,2.3,0.09396672,0.13776565,0.17597032,0.2048397,0.23806763,0.27120757,0.30243778,0.33198524,11
0.9451036245934564,269.5070510658903,232.7997070943984,2.00547469,2.02975463,0.0671398639678955,0.107234239578247,0.1427748203277588,0.1684503555297851,0.1986768245697021,0.2274324893951416,0.2560601234436035,0.2838246822357178,11
0.49376057,33.74522998,390.20704605,2.4,2.4,0.36172628,0.71824193,0.86166,0.86786604,0.87010217,0.87235475,0.874347,0.8761287,21
0.4661170270647884,60.497292272767446,0.0648782995921826,2.6884899932769355,2.815273146903673,0.7609593868255615,2.186070203781128,3.175448179244995,3.6384875774383545,3.8508732318878174,3.978582143783569,4.078394889831543,4.167605400085449,22
0.90564217,290.86504757,65.93182995,2.02149912,2.44592269,0.09906912,0.17147708,0.23689651,0.29551077,0.35533142,0.41468477,0.47286296,0.52837682,2
0.55380392,218.34713328,205.68760827,2.0,2.8,0.14092779,0.19434738,0.24767303,0.29618192,0.3407576,0.38223195,0.4207406,0.45671344,3
0.9177528,199.82527106,257.38726544,2.1,2.4,0.09686327,0.14593077,0.18784475,0.22395945,0.26475286,0.30323958,0.33924937,0.37338305,4
0.66397887,4.43167496,32.97827911,2.09475589,2.15926147,1.00068688,2.87481236,4.22842598,4.82948112,5.0310421,5.12839127,5.16127872,5.17642784,23
0.97201371,245.6413145,201.67520543,2.2,2.6,0.10007644,0.15955257,0.208426,0.25202012,0.29794097,0.3447709,0.38971186,0.43200088,3
0.9655071052682658,50.99144866649375,0.7499730578923424,2.399741040023915,2.603208092752136,0.3996956348419189,0.8578915596008301,1.2241542339324951,1.5149869918823242,1.7486069202423096,1.9432122707366943,2.109161138534546,2.253486394882202,8
0.31909302,107.44145463,292.79021138,2.1,2.9,0.30063224,0.49850225,0.56362605,0.5981488,0.6267078,0.6498954,0.66979265,0.68922377,21
0.77611446,187.85079956,155.58078003,2.06124043,2.85159278,0.1660099,0.27542615,0.38212085,0.48228788,0.57473731,0.6617732,0.74269891,0.81857443,17
0.9876067815805196,5.502640000667643,21.316800087965657,2.521871083645054,2.7347809115502764,0.8808610439300537,2.4645919799804688,3.5333914756774902,4.0953545570373535,4.423160552978516,4.653162002563477,4.829168796539307,4.963138580322266,23
0.41684178,211.25213623,184.05911255,2.92375731,2.72959709,0.28771186,0.48842692,0.62610793,0.73977685,0.83626723,0.91914463,0.99223518,1.05607986,17
0.96310157,210.18786664,167.47236516,2.1,2.4,0.10447192,0.16853833,0.2248807,0.27763438,0.33297133,0.38571906,0.4359765,0.48368406,2
0.6512606418583736,8.76743793356289,0.0088935752523141,2.3462655095574343,2.122074012049316,0.9753718376159668,2.772256851196289,4.013371467590332,4.606107711791992,4.9166579246521,5.132716655731201,5.280062675476074,5.390126705169678,5
0.8515760943190326,6.489538886445028,0.8930776925467975,2.6860331629754683,2.084989556578985,0.8962759971618652,2.396808862686157,3.356315851211548,3.88918662071228,4.23153018951416,4.481964111328125,4.673681259155273,4.824753761291504,22
0.64947912,69.15223742,75.13221002,2.1,2.8,0.4001217,0.8712826,1.1964359,1.4084415,1.5606885,1.6827126,1.7864585,1.8745198,10
0.8699063978872216,136.9347081251319,0.0239575064283594,2.815583514509833,2.8522645132951823,0.2838385105133056,0.5293440818786621,0.7576804161071777,0.9633803367614746,1.147191047668457,1.3128602504730225,1.4622623920440674,1.5968515872955322,8
0.9325755912403024,0.9800851006129356,10.338674676933111,2.729530570720149,2.701967635833021,1.185281753540039,3.649503469467163,5.782659530639648,7.021221160888672,7.624711036682129,7.988700866699219,8.291747093200684,8.534547805786133,14
0.65522093,238.95770264,214.84414673,2.10109091,2.4683919,0.12473702,0.18560529,0.2449491,0.29827094,0.34983373,0.39860129,0.44476867,0.48803306,3
0.6724146194317013,1.8150547436001616,71.58701869516084,2.9242451188190413,2.3528954178179133,0.993664026260376,3.0386037826538086,4.816940307617188,5.813474178314209,6.084167957305908,6.150757312774658,6.189106464385986,6.199007511138916,7
0.83337686,214.74987489,386.84423707,2.1,2.2,0.0728991,0.10151339,0.12314892,0.128618,0.14417577,0.15864396,0.17174864,0.18358994,11
0.83126632,183.67401518,186.06129476,2.79646584,2.49227619,0.16199946,0.25549412,0.34841704,0.4348855,0.51584673,0.59137225,0.66147089,0.72793913,17
0.53086866,144.47327548,388.92642432,2.65676828,2.88751031,0.23172212,0.3328743,0.40531754,0.46803784,0.52228546,0.5713501,0.61445451,0.65325975,17
0.79955981,4.21516757,96.03405728,2.8,2.8,0.9442105,2.7539082,4.1743464,4.88282,5.137918,5.2330084,5.259013,5.2614727,7
0.4456426333138674,7.199445658973576,0.2922512237214781,2.1725266624223165,2.567513215264311,1.142932653427124,3.673732042312622,6.174114227294922,7.803540229797363,8.443426132202148,8.538595199584961,8.566356658935547,8.592219352722168,13
0.60070334,284.93552098,18.71343456,2.3,2.9,0.17489862,0.28049684,0.3860972,0.48214865,0.57204056,0.6557555,0.73412037,0.8081105,15
0.90480614,6.92481565,4.95795536,2.06522989,2.40822411,0.86922765,2.3420341,3.2509234,3.70084357,3.95491481,4.12640381,4.25603104,4.35697269,22
0.3392412,208.85100867,229.86371343,2.8,2.9,0.31200838,0.5401952,0.6679995,0.7637925,0.8426857,0.90872765,0.96616626,1.0157163,10
0.99710341,277.45171349,38.60303469,2.10760717,2.33500724,0.09754062,0.17341018,0.2409327,0.30091214,0.36297226,0.42531776,0.48584223,0.54460239,2
0.3199419522338363,4.86758781180016,0.2731738522950033,2.4403688145788296,2.956332509155388,1.2599005699157717,4.214425563812256,7.655568599700928,10.586587905883787,12.36708641052246,12.5062255859375,12.51150131225586,12.516103744506836,13
0.39907372,18.40880775,15.30473995,2.11990881,2.289886,1.00375652,2.92894578,4.39661598,5.05579376,5.23511028,5.30287838,5.33646393,5.35318375,6
0.73883969,276.36296963,85.5143455,2.0,2.4,0.10964584,0.174891,0.23291397,0.28839755,0.3454044,0.3989067,0.4501114,0.4988184,2
0.4761665808344708,31.26697318768127,0.0560172995542137,2.4665411755304856,2.117963556118984,0.8158993721008301,2.2561559677124023,3.187318801879883,3.614391326904297,3.830119609832764,3.951982975006104,4.055198192596436,4.131344795227051,22
0.33832034,14.95398235,76.68117523,2.70126677,2.12926722,0.9091897,2.61409068,3.90783525,4.43925858,4.5865202,4.63229275,4.6350584,4.63633442,23
0.55611444,109.73726971,139.11554989,2.6,2.0,0.3320155,0.6722946,0.9100206,1.0809205,1.211128,1.3157263,1.4036031,1.4785011,10
0.4156585341748253,204.7425441270495,0.0265465851053996,2.0346559195056857,2.789178113621746,0.3529236316680908,0.750586986541748,1.030463457107544,1.2285244464874268,1.383486270904541,1.5099895000457764,1.6163785457611084,1.711085557937622,8
0.4660552747460804,157.10511132505536,0.010200355102847,2.4032100939104684,2.48582487321659,0.3965237140655517,0.8680109977722168,1.191965103149414,1.410158395767212,1.5736231803894043,1.7091195583343506,1.8181288242340088,1.9160611629486084,8
0.41710171,114.06561279,301.12088013,2.12216544,2.78356004,0.31628919,0.59912753,0.75788641,0.85185504,0.91980648,0.97641993,1.02152801,1.06028199,21
0.69740699,236.67482692,191.0023536,2.28249983,2.56423694,0.14172888,0.21578574,0.2895658,0.35822701,0.42331505,0.48437405,0.54152679,0.59550548,3
0.52643466,188.63163757,202.41522217,2.86876535,2.11163116,0.17837358,0.25611877,0.33006573,0.39377642,0.45089912,0.50319433,0.55076122,0.59454679,3
0.4891633263777419,114.32644877957604,19.68621511144629,2.6,2.2,0.4315385818481445,0.9874019622802734,1.3531622886657717,1.5754239559173584,1.7344276905059814,1.8628442287445068,1.9665329456329343,2.0615599155426025,19
0.6979843050635607,1.6323938623867975,0.0278381285536518,2.892278951262214,2.1029167943484164,1.1590604782104492,3.560276985168457,5.715046405792236,7.006814479827881,7.575395107269287,7.869874477386475,8.123960494995117,8.305624008178711,5
0.91149962,14.0561533,2.80632305,2.32503653,2.56557441,0.73726535,1.93327427,2.67724752,3.08106327,3.34162712,3.53066206,3.68343735,3.81584835,22
0.87944069,286.16993157,14.07647551,2.2703794,2.30873341,0.1171279,0.20068598,0.27623534,0.34812713,0.41986966,0.49098825,0.5586617,0.62342906,2
0.85587996,134.37696838,14.57543373,2.21084523,2.87486672,0.24929738,0.46528363,0.66699386,0.84991288,1.01554227,1.16526937,1.30011272,1.42329383,9
0.72154947,226.69538267,234.77560158,2.7,2.1,0.12922525,0.19597793,0.26135278,0.32235384,0.38064718,0.4356842,0.48769283,0.5367389,3
0.5158937882051626,1.3277027447188443,0.0147695594751174,2.8638358957252503,2.185537700908303,1.2219717502593994,3.96828293800354,6.938052177429199,9.293395042419434,10.624016761779783,10.739648818969728,10.748467445373535,10.75583267211914,12
0.7189151400809777,0.9367229116670748,63.85334463882737,2.37443233,2.04049349,0.9548985958099364,2.900988340377808,4.560661315917969,5.451789855957031,5.650440216064453,5.675105094909668,5.684145927429199,5.685244560241699,7
0.80894322,278.97445715,332.36732658,2.005,2.005,0.05795002,0.08670807,0.10801697,0.11697841,0.13266921,0.1456883,0.15795636,0.1721549,11
0.56789916,177.48621475,387.55727804,2.6,2.3,0.14769149,0.18375802,0.22350049,0.2566414,0.28814602,0.3166566,0.34305477,0.36789966,4
0.6183962332372595,6.339275469699682,0.0196421899447433,2.5873419813078566,2.2925692967878737,1.0761425495147705,3.197209119796753,4.851284027099609,5.686459541320801,6.076732635498047,6.331634521484375,6.530274391174316,6.67870044708252,5
0.37321709,247.56748757,176.32030904,2.7,2.8,0.26907873,0.4349525,0.5497918,0.64714956,0.7305832,0.8037889,0.8691957,0.92741466,17
0.3545387096658209,2.957985600729697,0.0147329493042245,2.8427011189948765,2.124690543653971,1.2047240734100342,3.9014179706573486,6.847492218017578,9.225805282592772,10.638372421264648,10.729406356811523,10.73469066619873,10.73918628692627,12
0.55461348,264.06280474,81.49861336,2.0,2.0,0.12595081,0.1969583,0.26334119,0.32598591,0.38456798,0.43893147,0.4895134,0.53750086,2
0.95519257,289.60998321,172.21668218,2.34061439,2.50145929,0.10281253,0.16406775,0.21543646,0.26427221,0.31644654,0.36777902,0.41620827,0.46315026,3
0.9402731971044856,1.4802456545584337,0.0080461962155219,2.283423997737392,2.1040773577694,1.0632753372192385,3.04133677482605,4.427792549133301,5.170747756958008,5.614971160888672,5.961408615112305,6.220617294311523,6.402905464172363,5
0.3928138341552312,4.374683691794494,0.0517259563492425,2.955087617943747,2.0474230792847643,1.1569328308105469,3.65814208984375,6.18751335144043,8.01098346710205,8.817309379577637,8.879181861877441,8.898916244506836,8.935966491699219,12
0.57114136,163.43960051,135.10124418,2.67156685,2.48431662,0.26099491,0.45782685,0.61704659,0.75167775,0.8675549,0.96944284,1.05866551,1.13782597,17
0.9728076163721698,0.781675337239788,0.0031760470726512,2.624527525653333,2.861774716392943,1.2247955799102783,3.794490337371826,6.067586421966553,7.399322986602783,8.084047317504883,8.506450653076172,8.860546112060547,9.16925048828125,12
0.70777839,69.26674652,292.60107422,2.97552752,2.43180466,0.28793859,0.51220536,0.66328716,0.77916646,0.87014413,0.94400311,1.00468707,1.05564499,10
0.95651299,137.06278992,184.00561523,2.28137136,2.66598558,0.16714931,0.2807014,0.39164662,0.49582577,0.59278226,0.68295527,0.76659274,0.84545946,17
0.8591547,75.08146451,322.98409506,2.3,2.7,0.20100284,0.30990267,0.40474844,0.4833598,0.5515964,0.61112666,0.6638961,0.7102351,17
0.68602749,54.37778355,353.70247441,2.5,2.7,0.30598688,0.551955,0.6955328,0.790195,0.8574803,0.9105263,0.9516952,0.9850073,21
0.3639167637900277,3.280139705541557,0.3186383150573358,2.8348398782084026,2.727026315826853,1.2746284008026123,4.224128723144531,7.5864105224609375,10.418469429016112,12.113525390625,12.177574157714844,12.18405818939209,12.18964672088623,13
0.31251034,197.9374838,112.27633134,2.96124486,2.19809698,0.33178401,0.62539554,0.79521799,0.90373397,0.98706269,1.05782461,1.11543465,1.16667509,10
0.8046965,195.44607544,0.23752028,2.70345402,2.05086374,0.16686893,0.28706741,0.40339756,0.5141058,0.61753154,0.71395159,0.80418658,0.88883162,15
0.78347622,192.07970394,115.01953281,2.4,2.3,0.15843534,0.26157475,0.36257935,0.4562149,0.543278,0.62521696,0.7015667,0.77355886,16
0.60918207,121.05466417,217.414144,2.1,2.2,0.20139241,0.31804776,0.41676784,0.5002477,0.5717957,0.6354084,0.6909261,0.7408056,17
0.93115698,69.87037217,204.87912391,2.0,2.7,0.20874763,0.35842133,0.4914,0.6058223,0.7051594,0.7925899,0.86912274,0.9370687,17
0.41978682,139.9025831,169.49663708,2.0,2.3,0.2644217,0.44976068,0.57074213,0.6613972,0.7355223,0.79549885,0.8492398,0.89402866,17
0.64051342,8.86169434,45.31282806,2.05320215,2.59835052,0.93992019,2.76035452,4.11501169,4.71876097,4.89341593,4.9531374,4.97723103,4.99394417,23
0.3540358490778286,60.3164446743304,379.44276241305073,2.59338021,2.05528021,0.2909507751464844,0.4781954288482666,0.5152289867401123,0.5280935764312744,0.5396804809570312,0.5497100353240967,0.55832839012146,0.5658318996429443,21
0.7970325852233104,3.1752841653040176,1.3763241254056855,2.829950593748619,2.373704388272768,1.1063799858093262,3.2518136501312256,4.889604568481445,5.746299743652344,6.209583282470703,6.574655532836914,6.871618270874023,7.09773063659668,5
0.3450211,88.96946788,252.75289176,2.6,2.6,0.44366932,1.0287294,1.3610516,1.4450324,1.4733021,1.4987295,1.5207078,1.5401514,1
0.91115318,21.1038442,3.26808284,2.0,2.8,0.56962276,1.3565855,1.8813014,2.209259,2.4431877,2.6267066,2.7760525,2.9031715,18
0.75875877,106.3082526,205.51006639,2.2,2.3,0.20200753,0.33576012,0.45516586,0.55831265,0.64880514,0.7291436,0.8002362,0.86466074,17
0.7058662,82.33068285,377.20646917,2.11504996,2.56715262,0.20587611,0.30809355,0.38992286,0.45726824,0.51498413,0.56458139,0.60769463,0.6469233,17
0.59435481,72.54352068,164.42429473,2.90093452,2.42929134,0.40807438,0.89313269,1.21256065,1.39776993,1.52293062,1.62193489,1.70111609,1.76645041,20
0.66583571,281.34190148,345.66324073,2.5,2.1,0.08699799,0.12062764,0.15050364,0.16933107,0.19101715,0.21203685,0.23298144,0.25351572,11
0.63706656,208.54194129,148.6873654,2.7,2.9,0.2215097,0.35799003,0.4861641,0.6016679,0.7057226,0.80086875,0.88790774,0.9679651,17
0.45782242,241.79130497,217.23758594,2.46260814,2.19511417,0.15773726,0.2114675,0.26588202,0.31293535,0.3562808,0.39653134,0.43376136,0.46833539,3
0.71024947,165.58194825,206.44204138,2.2,2.4,0.15768027,0.24058509,0.322989,0.3961475,0.46375394,0.52559924,0.58276105,0.6355903,3
0.56822867,31.58043409,378.48612024,2.2,2.7,0.33617902,0.62205553,0.7219808,0.73364425,0.7430229,0.75066686,0.7567549,0.7619009,21
0.4404868560423517,36.837610725255566,52.72116363743081,2.5669721122636027,2.214207938483728,0.7373883724212646,2.0589163303375244,2.9238078594207764,3.288048028945923,3.439472913742065,3.521159410476685,3.5786306858062744,3.625033140182495,23
0.95235273,11.74840606,157.58473802,2.3,2.5,0.5431087,1.3360384,1.8294663,2.0668745,2.1895866,2.2699456,2.3271966,2.3715105,0
0.94969363,150.76140775,306.62308066,2.1,2.6,0.10922575,0.1571002,0.20009112,0.23839355,0.27705932,0.3134501,0.34832764,0.38072276,4
0.3,23.44303749,84.65050022,2.0,2.0,0.7958014,2.23174524,3.18780804,3.47084188,3.49730206,3.49845743,3.5000453,3.50163603,23
0.3999303861880839,180.95560477737743,0.0297863179068565,2.9293504617027817,2.3557741887842147,0.3998923301696777,0.8783419132232666,1.2011823654174805,1.4080867767333984,1.561473369598389,1.685175895690918,1.7870960235595703,1.879594326019287,8
0.83461293,92.49372143,219.08990341,2.5,2.2,0.22346306,0.38795686,0.53382015,0.6593013,0.76995826,0.86740685,0.9536798,1.030616,17
0.36220774,176.68301392,368.80065918,2.01498699,2.00845122,0.12139034,0.13397861,0.14255548,0.1479435,0.15572,0.16276169,0.16884971,0.17498255,11
0.5569142851523535,60.07927930904821,0.0038385849035515,2.413296670955107,2.340367495928298,0.6024339199066162,1.5599770545959473,2.145587682723999,2.4420626163482666,2.6237637996673584,2.7674553394317627,2.880823850631714,2.982452154159546,18
0.69559298,10.85359574,79.50251214,2.1,2.6,0.76524687,2.04939,2.8578818,3.2110975,3.3769615,3.4560835,3.49733,3.52443,23
0.95738039,177.67536151,107.93947554,2.4,2.9,0.16338634,0.27209806,0.37944198,0.48286557,0.5796678,0.6707945,0.7567203,0.8386853,16
0.3249569109628142,4.547800147529441,86.33851329724142,2.60746736,2.65319103,1.00249981880188,3.1656687259674072,5.282270431518555,6.722393035888672,7.1708269119262695,7.17093563079834,7.171204566955566,7.171395301818848,7
0.3200491327472782,1.714997261402558,1.5509284191004984,2.360034126492624,2.0442598471240165,1.17677903175354,3.844421863555908,6.77907657623291,9.263647079467772,10.538087844848633,10.573540687561035,10.577476501464844,10.580825805664062,13
0.74497121,154.7490909,326.27827926,2.3,2.6,0.1382463,0.18800902,0.23901486,0.28220725,0.32251215,0.36069465,0.3964293,0.42941618,4
0.40730882,67.35854929,378.55810274,2.4,2.4,0.3164363,0.556283,0.63843703,0.6646488,0.68721175,0.70518446,0.72010136,0.73309493,21
0.5961396432458288,10.023283980454025,0.0232662233851246,2.923465688436848,2.4180361579276584,1.0483617782592771,3.0783462524414062,4.62573766708374,5.392054080963135,5.777707576751709,6.054481983184815,6.267772197723389,6.41745138168335,5
0.62828443,22.93965535,283.6495105,2.5,2.6,0.4951434,1.2217722,1.662679,1.7654378,1.767103,1.7680743,1.7693131,1.7704275,1
0.51631582,133.50671387,31.14401627,2.15859747,2.08857131,0.32287598,0.63883662,0.86564374,1.03601718,1.16934633,1.27825427,1.37256384,1.45354462,9
0.87754512,254.26639779,125.310144,2.5,2.8,0.14951062,0.22008395,0.2946794,0.3741715,0.45023012,0.5200143,0.58689165,0.6512389,2
0.97401983,9.83917809,209.11766052,2.7442987,2.22067976,0.50170588,1.20973635,1.64627433,1.83389497,1.90787864,1.94304013,1.96563172,1.98262572,1
0.4995385586208998,60.95699251624097,1.4800184138435986,2.238737340367749,2.4287509895419555,0.6461005210876465,1.735868215560913,2.396979808807373,2.696524143218994,2.8617963790893555,2.98477554321289,3.0819339752197266,3.1714887619018555,22
0.81600082,171.04837036,281.40353394,2.7169354,2.62319589,0.16242075,0.24066162,0.31901336,0.39443231,0.46298933,0.52560854,0.58410716,0.63911963,4
0.42446903436183,244.25851928918445,278.9200840892485,2.2,2.1,0.1225895881652832,0.1505696773529052,0.1784090995788574,0.2010600566864013,0.2244710922241211,0.2466285228729248,0.2677624225616455,0.2873525619506836,11
0.79153957,122.78918438,388.67786466,2.4,2.7,0.15281487,0.20202541,0.25242138,0.2939396,0.33346868,0.3694284,0.4016974,0.4318583,4
0.8310113,241.16671753,325.85736084,2.40511394,2.94009256,0.12740088,0.17582154,0.21956754,0.27504015,0.32525897,0.37044191,0.4143548,0.45627046,4
0.95169231,5.15312651,64.49138193,2.0,2.5,0.80330324,2.21891022,3.11773348,3.5210824,3.70445633,3.8026638,3.86592722,3.91212702,23
0.86014372,173.55291748,3.69669104,2.05265784,2.94301343,0.19348407,0.35094523,0.50327468,0.6470418,0.78145027,0.9067874,1.02394652,1.13295603,15
0.80984273,121.77648333,15.94958357,2.140512,2.21022285,0.22998238,0.42698216,0.60572171,0.76516604,0.90688705,1.03452444,1.14833522,1.25163484,15
0.46991146,14.23579704,72.75418071,2.8,2.4,0.95486236,2.8564517,4.4298334,5.216592,5.3992357,5.434767,5.4415817,5.4447956,7
0.56553221,39.94981003,87.93574524,2.71532202,2.04722357,0.55830169,1.38773227,1.87518144,2.09097791,2.20278955,2.28359771,2.35344672,2.41221929,0
0.64312816,18.26600838,194.802948,2.7842536,2.87573004,0.68180013,1.90694952,2.78858042,3.14287806,3.22362566,3.23455954,3.24247122,3.25059414,23
0.7694723,270.26068291,224.95455079,2.0,2.6,0.09168243,0.1352601,0.16836214,0.19586992,0.22945547,0.26139665,0.29121494,0.3199935,11
0.68001139,6.72651577,27.78416824,2.2818048,2.3966403,1.00298047,2.88392615,4.23807716,4.88491058,5.13095856,5.25065136,5.31921673,5.3547554,7
0.8997764177290166,1.6134216772773264,6.1495606572292,2.58432007,2.61629725,1.1413161754608154,3.436847925186157,5.281472206115723,6.281279563903809,6.782966613769531,7.136101722717285,7.425089836120605,7.637150764465332,6
0.7760037368075849,10.605076913948604,0.6935111505132813,2.8161572692439454,2.4042990088792853,0.9055535793304444,2.505798578262329,3.575278043746948,4.139400482177734,4.474244117736816,4.713100433349609,4.896503448486328,5.043767929077148,22
0.541581,265.27254508,106.70871249,2.2,2.4,0.15543222,0.23438787,0.31329584,0.3839991,0.45032096,0.5114248,0.56861997,0.62183285,2
0.69565602,240.34309191,292.65446553,2.4,2.3,0.10823488,0.1519723,0.19336176,0.22719479,0.26225328,0.29576492,0.32836437,0.35908628,4
0.5830952285100615,140.35680570206006,53.90713709006471,2.527587126220276,2.2461516022489736,0.3030474185943603,0.5880064964294434,0.8109569549560547,0.990999698638916,1.139892816543579,1.2659151554107666,1.374591588973999,1.4679632186889648,9
0.84054683,58.81450733,139.11900903,2.3,2.5,0.3215587,0.64331484,0.8918297,1.0866835,1.240711,1.3664336,1.4717553,1.5604324,10
0.7710402,258.35806572,72.16274095,2.8,2.1,0.14026952,0.23501658,0.32477546,0.41231608,0.4956627,0.57533145,0.65118814,0.7230358,16
0.96779334,162.25611426,93.48320439,2.2,2.3,0.14137554,0.24318194,0.34013748,0.43203378,0.5201087,0.60382366,0.682318,0.756166,16
0.42669361,102.92194275,185.1604045,2.6,2.7,0.4306655,0.9722419,1.3069017,1.4559953,1.5440443,1.6118853,1.6684115,1.71507,20
0.90574953,148.21579099,180.9754067,2.5,2.0,0.14568472,0.24343991,0.3389473,0.4279065,0.51077795,0.58933043,0.66218495,0.73028684,17
0.96550513133973,11.257800332779375,0.0414564006285947,2.674475585846244,2.896267127428682,0.7989287376403809,2.180671215057373,3.0970206260681152,3.61059045791626,3.9357500076293945,4.176562309265137,4.369654655456543,4.529774188995361,22
0.59989552868798,81.43966368877516,51.45838277867144,2.8,2.4,0.4595985412597656,1.0729901790618896,1.4916815757751465,1.7500429153442385,1.92959213256836,2.0752978324890137,2.1922411918640137,2.2945618629455566,19
0.48315012,273.45114136,33.85682297,2.60929966,2.49746418,0.23015666,0.38171911,0.51791096,0.63703823,0.74430108,0.84179592,0.93026209,1.0110476,15
0.7506323961747908,3.6160375248882746,0.0325619917203364,2.38362731222729,2.797574512987911,1.1330785751342771,3.474224328994751,5.438377380371094,6.509066581726074,6.983880996704102,7.258022308349609,7.473419189453125,7.636838912963867,5
0.77252843,147.87323331,45.4083527,2.47495135,2.44148605,0.23634744,0.42649651,0.60178828,0.75842714,0.89981198,1.02716255,1.14259028,1.24637508,16
0.37206906,71.82930058,130.20891028,2.3,2.7,0.55158114,1.4096019,1.9160454,2.071102,2.1235974,2.163078,2.1970184,2.2271745,0
0.4598687,19.02958157,25.85756189,2.6,2.9,1.023947,2.9852548,4.5269837,5.301534,5.584641,5.7299056,5.818254,5.862305,7
0.75253688,249.76719385,310.24312781,2.2,2.5,0.09523344,0.13334894,0.16502309,0.18740988,0.2123282,0.23842669,0.26456285,0.28858972,11
0.33498979,6.55102444,2.89317679,2.10919857,2.04200363,1.14916563,3.50049329,5.74763298,7.11466694,7.63829136,7.89746189,8.04309368,8.0786171,6
0.53633098,96.14305697,144.5961764,2.2,2.9,0.35994124,0.7372174,0.9874103,1.1470819,1.2649021,1.3570442,1.4306412,1.4951129,10
0.9094516,299.75393969,283.37218492,2.7,2.9,0.1595242,0.16345072,0.19397497,0.250324,0.29639506,0.33660865,0.37766147,0.4173727,4
0.5831821,193.99191284,13.73141289,2.22912478,2.65233827,0.266258,0.49003792,0.68232751,0.84934497,0.99507046,1.12317419,1.2367332,1.33850765,9
0.7020088429699454,3.275260152705102,18.75525253663634,2.07164121,2.46994328,1.0597763061523438,3.256601095199585,5.086520195007324,6.04398250579834,6.399888038635254,6.548888206481934,6.629703521728516,6.679347991943359,6
0.35093843,166.92251829,106.6088619,2.2,2.2,0.33552957,0.6549885,0.84497404,0.96165395,1.0498371,1.1207538,1.1803336,1.2303102,10
0.755931108705506,87.80241259801709,0.0820073517467562,2.203375952442081,2.123594959227312,0.3247313499450683,0.660865068435669,0.9300663471221924,1.146979570388794,1.3256313800811768,1.475498914718628,1.604919672012329,1.7176833152770996,8
0.3452393009806901,23.67238773070356,0.0063766925081427,2.683776272642509,2.0413871730004187,0.9702348709106444,2.852494716644287,4.289781093597412,4.971705436706543,5.220017433166504,5.356766223907471,5.459422588348389,5.524703502655029,5
0.38232105,65.50066056,296.0745626,2.6,2.5,0.436527,1.0051255,1.3203318,1.381671,1.3947408,1.4074435,1.4189942,1.4305584,1
0.4673140231132969,22.09982303178932,0.0365622392850024,2.861541140445152,2.176377377896113,0.9302539825439452,2.6593611240386963,3.879738569259644,4.449331283569336,4.7407073974609375,4.935880661010742,5.06315803527832,5.1614837646484375,5
0.8725622556467367,21.70211449260601,0.0304906963639316,2.784878437591719,2.368039954402421,0.645423412322998,1.6291446685791016,2.272249221801758,2.656376838684082,2.9192819595336914,3.1199631690979004,3.286743640899658,3.428711414337158,18
0.5394814,226.05746943,336.27383712,2.87023087,2.64836914,0.16703629,0.21198583,0.260324,0.30552959,0.3456161,0.38179588,0.41576242,0.4474535,4
0.7711817259001383,5.727752880346102,0.1507630364808321,2.606751658618705,2.638928092110927,1.055572271347046,3.1137373447418213,4.657816886901856,5.439868927001953,5.849514961242676,6.128117561340332,6.342219352722168,6.497095108032227,5
0.96945,56.721444,4.366792,2.5,2.5,0.37315202,0.78114724,1.11620331,1.3900764,1.61389256,1.80090857,1.96024752,2.09860659,8
0.97115031,185.40446651,188.57039442,2.8,2.4,0.14577556,0.23730516,0.32307196,0.4106238,0.49424362,0.57178974,0.6450374,0.7155514,17
0.33861461,292.46353149,127.29515839,2.73582411,2.00728488,0.17239475,0.22996235,0.28524804,0.33378315,0.37760687,0.41787982,0.45478535,0.48924899,2
0.3453875572958646,20.222860808258325,0.055730007238354,2.620435482486772,2.7981526115255893,1.1095871925354004,3.494394063949585,5.748687744140625,7.131538391113281,7.599091529846191,7.679247856140137,7.724030494689941,7.760969161987305,5
0.7201009,280.98326233,115.20331158,2.5,2.6,0.14277482,0.22310758,0.29886532,0.37371254,0.44520712,0.5124271,0.5754626,0.63645554,2
0.62111625,296.30778558,10.09888451,2.77179563,2.61797551,0.18942118,0.30697346,0.42369938,0.53341413,0.63486981,0.72886539,0.81739163,0.90028787,15
0.51575356,23.45134504,1.72530504,2.25540697,2.42871864,0.92260861,2.60734057,3.76321769,4.27288151,4.47727299,4.58877468,4.67192268,4.7246809,22
0.30000001,124.13434601,161.39547729,2.0,2.0,0.35335326,0.71156931,0.88087606,0.94817138,0.99535251,1.03181505,1.06331873,1.0892961,21
0.33642109,202.75514221,66.48459698,2.2,2.4,0.32698298,0.6255379,0.81186223,0.93923736,1.0362759,1.1158016,1.1827128,1.2410398,10
0.78372237,213.24700392,206.49545859,2.7,2.2,0.14063334,0.22005415,0.2971828,0.37086916,0.44044757,0.505831,0.56728363,0.625546,3
0.583622273801967,184.71081386554457,0.8640267874977604,2.5102481367513474,2.0429480266106017,0.2319214344024658,0.417313814163208,0.580437183380127,0.7230713367462158,0.8482165336608887,0.9593634605407716,1.058828592300415,1.1484599113464355,15
0.5718996,247.17900842,3.93394453,2.9,2.6,0.26111817,0.46081996,0.64016485,0.8000741,0.9432237,1.0726364,1.1893651,1.2953382,8
0.74002543,234.75766242,393.20191064,2.7,2.3,0.1043725,0.14041424,0.16929746,0.19724393,0.22747087,0.25525284,0.27976227,0.30382466,11
0.31604195,31.6918087,151.7449646,2.49897599,2.11318612,0.65899038,1.76763248,2.45536661,2.62284946,2.62705755,2.62781954,2.62906885,2.63037348,0
0.54552466,19.30830574,13.13883686,2.47417331,2.23502254,0.90252876,2.49453115,3.54993486,4.02621269,4.24923897,4.38231754,4.46354294,4.5221715,22
0.63229185,35.64845196,225.78553478,2.7,2.6,0.51183295,1.2805433,1.7742808,1.967839,2.0384629,2.0830672,2.1194994,2.1501005,1
0.82416429,267.32434801,317.10936537,2.12576195,2.18035488,0.07156253,0.10592866,0.13397861,0.14624429,0.16760421,0.1887207,0.20874071,0.22746062,11
0.33939553,275.11810411,94.95528094,2.5,2.3,0.25340796,0.4167521,0.5363257,0.636148,0.7218752,0.79589653,0.86253667,0.9209759,16
0.737762,52.43057371,131.65532412,2.9,2.4,0.4627421,1.0924377,1.5252981,1.7885711,1.9702613,2.10869,2.2182171,2.310753,20
0.3270032673070152,300.0,326.4737289555266,2.1,2.3,0.1117243766784668,0.1272776126861572,0.1434228420257568,0.1502895355224609,0.160623550415039,0.1699182987213134,0.180093765258789,0.189211368560791,11
0.95428335,204.05550885,200.47602142,2.94680693,2.33922183,0.14504457,0.20363379,0.27216077,0.33855081,0.40403557,0.4642837,0.52186632,0.57708192,3
0.32414305,50.6321373,204.35783386,2.62814236,2.13623691,0.52677369,1.31860828,1.75439262,1.80899382,1.81169176,1.81473684,1.81788349,1.82095003,1
0.9109219803555062,1.2633412248082638,0.00858385271415,2.3411043430936567,2.473656964903153,1.1488385200500488,3.4748072624206543,5.34703254699707,6.3754987716674805,6.908005714416504,7.253432273864746,7.535316467285156,7.759045600891113,5
0.3277943,276.94839897,58.13175476,2.2,2.5,0.24876261,0.4049077,0.5202942,0.6161735,0.6985564,0.77010083,0.8340473,0.8906808,16
0.7985898028068442,148.77287465722512,0.5385520169248319,2.5499059912167232,2.317107135250215,0.2350881099700927,0.4306356906890869,0.6133549213409424,0.7776188850402832,0.9258506298065186,1.0605137348175049,1.1817004680633545,1.2925090789794922,8
0.32367054,166.60826263,119.71925904,2.87440659,2.06827241,0.34138274,0.6608057,0.84217501,0.94760561,1.02485752,1.08843398,1.14116621,1.18685961,21
0.75622883,232.3405119,223.36641044,2.6,2.7,0.14680243,0.21750522,0.2859547,0.3549552,0.4191656,0.47812557,0.5336082,0.5867233,3
0.843788085304751,6.636818329065269,0.4981086531068645,2.352808365678872,2.2678874062748124,0.9181935787200928,2.526602268218994,3.5723977088928223,4.112158298492432,4.427689552307129,4.650380611419678,4.818083763122559,4.944146633148193,22
0.89139895,249.00591935,178.32231754,2.24002913,2.67765145,0.11391282,0.18535447,0.24822593,0.30940485,0.37059307,0.42955375,0.48560739,0.5394125,3
0.86851746,87.48754262,84.16451245,2.3,2.9,0.27763605,0.5328498,0.75191975,0.9403722,1.1028562,1.2433095,1.3659973,1.4738207,10
0.31307357,145.62673999,210.61156131,2.65353039,2.57925528,0.39203286,0.8267355,1.06608558,1.16219831,1.22407198,1.27371168,1.31677365,1.35318518,21
0.87034558,117.56791152,86.35612215,2.5,2.8,0.24937916,0.45581937,0.6443827,0.81255245,0.96349144,1.0989234,1.2207389,1.3298254,10
0.5432707328339054,53.2860632718908,119.8571750349261,2.1275275822498263,2.659576537339309,0.5416562557220459,1.4284090995788574,1.9765355587005613,2.2042076587677,2.3183114528656006,2.399510622024536,2.468079805374145,2.530271291732788,0
0.3,278.4117399605581,374.19555216776257,2.7840629,2.35996916,0.1452727317810058,0.1580753326416015,0.1723628044128418,0.1784930229187011,0.1907823085784912,0.1983742713928222,0.2021553516387939,0.2102196216583252,11
0.89142802216891,62.196668223562206,0.0129146928512145,2.9431946314803348,2.3406825813776733,0.3874392509460449,0.8338379859924316,1.1903395652770996,1.4698243141174316,1.6940040588378906,1.8801937103271484,2.03865909576416,2.1768507957458496,8
0.56895999,227.31315434,316.54938825,2.3,2.2,0.11338425,0.14641428,0.1794815,0.20466518,0.2304442,0.25503802,0.2788813,0.30165648,11
0.4554590374518314,1.1605332071666126,0.0072426946700552,2.310445922746543,2.4264166036022443,1.23232102394104,4.089061260223389,7.34470272064209,10.150651931762695,11.610977172851562,11.634743690490724,11.642078399658203,11.647823333740234,12
0.55922668,113.30271357,72.75070097,2.5550936,2.78208995,0.42144942,0.9365952,1.29505157,1.53145218,1.70286751,1.84163857,1.95588303,2.05085325,20
1.0,14.90463292,243.08541822,2.1992352,2.71374823,0.4513526,1.06510043,1.46886945,1.682096,1.79417801,1.86525202,1.91874647,1.95808125,20
0.7917923362437924,35.86179435547971,0.0124111835657036,2.772586431011187,2.9343940079900355,0.6471817493438721,1.6864023208618164,2.387924671173096,2.7922139167785645,3.0614724159240723,3.267423629760742,3.437222957611084,3.581662178039551,18
0.96118615,87.35592022,292.22633578,2.5,2.3,0.18075943,0.29112935,0.3973949,0.49192667,0.57611847,0.6521213,0.7206888,0.78266597,17
0.60754476,134.06697468,271.68450164,2.31645608,2.67376786,0.22971153,0.37035728,0.48506856,0.58187318,0.6662941,0.74049044,0.80607176,0.86412358,17
0.42507272,159.81111848,31.54087471,2.1041025,2.00181259,0.31667948,0.61473155,0.81827092,0.96329641,1.07716703,1.1712265,1.24912977,1.31763363,9
0.89144954,140.33677759,314.50981242,2.2,2.1,0.10948086,0.16062188,0.20864367,0.24981332,0.29129338,0.33035398,0.3664646,0.4004352,4
0.54449798,156.3377717,383.41396152,2.5,2.1,0.15314317,0.19094634,0.23160839,0.2647972,0.29534578,0.3235755,0.34998035,0.37407017,4
0.58028214,117.38335896,3.94369742,2.3,2.5,0.381747,0.807075,1.1152608,1.3371344,1.5092297,1.6472578,1.7625012,1.8630738,8
0.382208706428197,2.13607447088331,0.6303122262104425,2.7678201409756182,2.600496035983143,1.268564224243164,4.208584785461426,7.574479103088379,10.51472282409668,12.076163291931152,12.110339164733888,12.116739273071287,12.12212085723877,13
0.4631740002222516,1.6914188432737378,0.0074876591231323,2.720898874419941,2.577523307047151,1.266711711883545,4.196865081787109,7.511438369750977,10.295379638671877,11.91451930999756,12.007851600646973,12.015461921691896,12.02191162109375,12
0.7410262752448376,5.822165924426731,0.271459628218157,2.095979346675054,2.228458226798593,0.9852149486541748,2.815417528152466,4.073688507080078,4.676752090454102,4.986530303955078,5.189853668212891,5.331902503967285,5.443380355834961,5
0.35124859,164.93179321,388.9697876,2.11915159,2.06361341,0.1390698,0.14924645,0.1586709,0.1634531,0.17100096,0.17758489,0.18322968,0.18865132,11
0.39799869,250.92857533,142.59051702,2.3,2.6,0.20925617,0.3099165,0.3978517,0.47239852,0.5388377,0.59883666,0.6536555,0.7034924,17
0.4353567780796546,20.688654466716915,14.03010101296534,2.6763792,2.72818375,1.0151004791259766,3.0913290977478027,4.82968282699585,5.714284420013428,6.0110955238342285,6.153526782989502,6.239635944366455,6.295340061187744,6
0.30071098,300.0,7.436018,2.0,2.0,0.21750569,0.34575915,0.44647813,0.53134918,0.60512638,0.66846347,0.72637749,0.77656031,15
0.7751074710189538,4.106466724229323,0.1006056084197126,2.1870151908109605,2.861411305035139,1.0892953872680664,3.333070755004883,5.153223037719727,6.10121488571167,6.519792079925537,6.761986255645752,6.938320636749268,7.0701518058776855,5
0.44686356,255.53207805,51.92559504,2.2,2.5,0.21580791,0.35002708,0.4674158,0.5700102,0.66039944,0.7417855,0.8152909,0.8821802,16
0.65288872,298.65838623,57.94490814,2.64416885,2.12939405,0.13279629,0.20716596,0.27886581,0.34680915,0.41209698,0.47484016,0.53360295,0.58952308,2
0.88045186,206.63886805,185.0417139,2.7,2.9,0.16618109,0.2548933,0.34566927,0.43900108,0.5229316,0.60173345,0.67651653,0.7473321,17
0.80816317,89.75473785,113.11262512,2.10011697,2.50925803,0.27121711,0.51550817,0.72277284,0.90037251,1.05141735,1.18184876,1.29521179,1.39509511,10
0.42102898,48.47333808,57.15528203,2.88311305,2.08450583,0.66039586,1.78805113,2.49185371,2.79693317,2.93514967,3.02438784,3.09273195,3.14979172,23
0.79927921,150.94337463,264.27087402,2.251405,2.02058101,0.11742568,0.17084479,0.22090626,0.2670989,0.3120811,0.35334539,0.39180827,0.42743707,4
0.42437138,189.95004627,292.46596754,2.8,2.0,0.20727825,0.3048234,0.38262224,0.44830918,0.5059061,0.5577984,0.60416794,0.64556,4
0.36118749,248.71342711,85.9550017,2.6,2.4,0.2894032,0.515259,0.6720891,0.796623,0.90125465,0.9903889,1.0665121,1.1335037,10
0.57289886,14.387187,22.74048233,2.13938546,2.24965906,0.91782284,2.58190417,3.69828582,4.18340302,4.36450386,4.45638371,4.50159454,4.53700638,23
0.50849685,38.08540995,212.29746247,2.6,2.9,0.56865215,1.4802408,2.0718527,2.2633467,2.3002987,2.3196492,2.3375888,2.354198,1
0.98408443,18.57533646,4.60242558,2.82784534,2.47345638,0.62355304,1.534343,2.1472218,2.52709222,2.79516673,3.00302291,3.17694879,3.32639575,18
0.89536578,1.51457444,5.34646426,2.1,2.7,1.1249638,3.1360161,4.5649805,5.31474,5.773896,6.149209,6.4189205,6.601572,6
0.32963491,129.56235881,116.95638648,2.1,2.3,0.3925984,0.839386,1.0737789,1.1715343,1.2400663,1.2938163,1.34056,1.3791347,21
0.81208473,252.30384373,73.83669165,2.0,2.5,0.11673737,0.18966699,0.25538468,0.3199644,0.3846388,0.44625592,0.5038326,0.55979466,2
0.75140327,162.6869547,133.8468777,2.9,2.8,0.24642587,0.42510772,0.5913162,0.7405257,0.8740778,0.9960668,1.1064806,1.2070949,17
0.31554624,108.83346099,386.66615455,2.9,2.1,0.314054,0.58094335,0.69777036,0.74171066,0.77453446,0.801641,0.82393026,0.84276295,21
0.5013006890941947,1.7598919533398716,47.619473276291735,2.927189237119433,2.535607842029412,1.1141667366027832,3.5434346199035645,6.042251110076904,7.833951473236084,8.591432571411133,8.633062362670898,8.633110046386719,8.633110046386719,14
0.62598904,159.0602787,23.80209681,2.8,2.9,0.33884263,0.66704655,0.93075275,1.1501751,1.3337665,1.4900017,1.6258907,1.7441916,9
0.4836138590001357,1.3807889682941816,0.0095162967859336,2.488880760730683,2.212475927427441,1.2101457118988037,3.9585676193237305,6.9602952003479,9.394512176513672,10.600797653198242,10.640411376953123,10.648239135742188,10.654630661010742,12
0.30421649,285.2761317,215.52778296,2.85119831,2.64024914,0.24222422,0.34397745,0.41174698,0.47130156,0.52381968,0.57116652,0.61378193,0.65350699,17
0.65640943,129.14210435,159.25073177,2.1,2.2,0.20238876,0.3372364,0.45473218,0.55640244,0.6456914,0.7245393,0.7953756,0.8575597,17
0.30158026,138.24308156,61.06537357,2.77585852,2.3485945,0.51720786,1.27890873,1.73210573,1.89336109,1.97616148,2.04195118,2.09984159,2.14924622,0
0.4947136,86.11616892,34.01668073,2.7,2.4,0.56518006,1.4559367,2.0164373,2.2795775,2.435198,2.551767,2.6460755,2.7302935,19
0.57242554,136.68695068,363.37030029,2.42207956,2.16700578,0.14718223,0.17937136,0.21238089,0.23922563,0.26515317,0.28843236,0.30941033,0.32901311,11
0.3152951732242375,1.593838042858411,55.002553481810665,2.4,2.5,1.0823276042938232,3.4821345806121826,6.036211967468262,8.008301734924316,8.918074607849121,8.969138145446777,8.969157218933105,8.969157218933105,14
0.5982668389606107,0.8580124053437357,0.0032224536897125,2.1377287090509123,2.822562682359624,1.243931531906128,4.184848785400391,7.591160774230957,10.422718048095703,11.996129035949709,12.093442916870115,12.10204029083252,12.10923194885254,12
0.4108655412263859,205.9865192829409,0.1510945846665781,2.072184277398872,2.926092019433221,0.3699147701263428,0.8089869022369385,1.1126317977905271,1.3219470977783203,1.4820058345794678,1.6123127937316897,1.7215700149536133,1.8150701522827148,8
0.46665894,14.12404248,89.3836579,2.0,2.5,0.80435276,2.2189746,3.1553588,3.5044603,3.6181393,3.6411724,3.6468844,3.6529975,23
0.6306760447735112,8.658402719827777,0.2544488045047545,2.57471895,2.125458,0.9990634918212892,2.8516266345977783,4.158578872680664,4.798197746276856,5.145025253295898,5.389474868774414,5.561487197875977,5.6922149658203125,5
0.9185094732519922,1.837587658241978,0.0115349939427144,2.2462462224210205,2.375754782873343,1.0917513370513916,3.206711530685425,4.77506160736084,5.593894004821777,6.041994094848633,6.360726356506348,6.605790138244629,6.787334442138672,5
0.6106468933103776,3.960765991466539,0.0039966169587497,2.806755638019279,2.196829784573063,1.1334772109985352,3.447791576385498,5.433938980102539,6.539857864379883,7.014532089233398,7.290652275085449,7.51404857635498,7.688687324523926,5
0.9696814400695196,13.361445978040615,6.981107733655788,2.8231481320234497,2.9357189966731787,0.7569727897644043,2.03051495552063,2.882453203201294,3.3712146282196045,3.6891744136810303,3.929877519607544,4.1230010986328125,4.283390998840332,22
0.33142406,230.49089505,16.40112137,2.34274186,2.60777218,0.37607598,0.78795409,1.05224633,1.21944618,1.34339094,1.44557524,1.53008509,1.60172391,9
0.8268230373305189,1.4905852782126017,1.1524011151594398,2.4807318493061388,2.5956566544978936,1.182145118713379,3.661391735076904,5.831284999847412,7.069386005401611,7.653958797454834,7.97702169418335,8.235240936279297,8.44875717163086,13
0.79059377,69.68718087,214.01565372,2.6,2.7,0.3170445,0.6148062,0.83904505,1.0155985,1.156842,1.272872,1.367893,1.4492886,10
0.7562120252280478,2.6002626366442847,0.0052170349809763,2.8448959343556446,2.393094523250147,1.1540613174438477,3.4799373149871826,5.388005256652832,6.425596237182617,6.945652008056641,7.296798706054687,7.612793922424316,7.87004280090332,5
0.33731615,111.389312,242.52611833,2.1,2.5,0.31855226,0.575474,0.687037,0.74374604,0.78593326,0.8230226,0.8536787,0.87913513,21
0.58726551,65.52422207,6.96517823,2.80621205,2.70781456,0.61241913,1.60524178,2.26153517,2.60844755,2.82310629,2.9845891,3.11981916,3.23082352,18
0.9004070521302785,23.96110682635703,0.0061696153177819,2.480484620982041,2.117418087021901,0.5500760078430176,1.315342903137207,1.8226947784423828,2.146413326263428,2.378944396972656,2.5632290840148926,2.715637683868408,2.845121383666992,18
0.62983027,300.0,91.90257778,2.0,2.0,0.09741879,0.15375876,0.2045269,0.25179839,0.29915524,0.34370518,0.38618255,0.42678595,2
0.9124756586917572,8.95457805269049,0.0593539553575914,2.455955899958802,2.663059271667433,0.8546345233917236,2.3570446968078613,3.3373517990112305,3.8599700927734375,4.169384002685547,4.39349365234375,4.570942401885986,4.717838287353516,22
0.9991979,18.01797104,0.78790438,2.27300644,2.52180195,0.60394669,1.47522473,2.04201484,2.39720178,2.64814353,2.84579587,3.00897145,3.14929128,18
0.63916708,226.25421269,368.5790286,2.6,2.3,0.11607623,0.15073276,0.18446779,0.21236634,0.24153781,0.26927233,0.29397368,0.31829548,11
0.80363266,146.18541253,8.97370397,2.8,2.8,0.28117156,0.5249331,0.7463782,0.94436884,1.1207976,1.2787299,1.4199977,1.5473156,9
0.4948021578733868,70.79989777550638,52.48820245244225,2.4666920715915968,2.650671377324899,0.5949490070343018,1.593285083770752,2.228705883026123,2.513726234436035,2.668498992919922,2.780123233795166,2.8693203926086426,2.951662540435791,19
0.30226603,69.95620728,361.63589478,2.12855339,2.7503264,0.39686823,0.89310813,1.15047264,1.17361689,1.17744589,1.18082929,1.18400359,1.18696117,21
0.3701761,84.21555439,7.75612061,2.6,2.7,0.7209196,1.9959548,2.8467233,3.2069852,3.3525536,3.4375203,3.5043628,3.5616047,22
0.40232012,136.1389262,12.30613101,2.1,2.3,0.42075872,0.93409276,1.2379756,1.4072962,1.529558,1.6273131,1.70785,1.7773817,18
0.3412379,174.87399417,320.15398815,2.51226135,2.98965684,0.30052018,0.51227427,0.61853814,0.69443393,0.75568295,0.8083446,0.85330367,0.89245796,21
0.3354439217190641,16.992938046122738,30.34320227407236,2.18783045,2.02792096,0.9302127361297609,2.7763681411743164,4.255743503570557,4.934425354003906,5.086433410644531,5.128780841827393,5.15069580078125,5.164775371551514,23
0.32655177,12.34540462,33.73432541,2.31719851,2.26965046,1.05674648,3.1527009,4.99085951,5.99859715,6.1932354,6.22197342,6.23487759,6.24103928,7
0.62225865,65.69344412,397.27375372,2.8,2.2,0.27594447,0.4734888,0.5856075,0.6648488,0.7256553,0.77588415,0.8158245,0.84769773,21
0.923223736688118,2.208260413074522,2.984727350593412,2.66443586,2.41581941,1.0809447765350342,3.127164363861084,4.616837024688721,5.398499011993408,5.857229709625244,6.219974040985107,6.499985218048096,6.710299968719482,6
0.30065575,179.78461773,156.65180646,2.83819002,2.16167629,0.31726742,0.57355857,0.70935702,0.79386783,0.85810518,0.91356802,0.95908403,0.9998033,21
0.31433259,111.11372775,217.86803944,2.14666682,2.005,0.32407713,0.60333824,0.72216916,0.7741046,0.81470299,0.84887695,0.87681007,0.89969349,21
0.72664841,31.50637485,138.12706419,2.6,2.5,0.5472524,1.3772628,1.9080381,2.1598835,2.3010721,2.399477,2.4782777,2.5431657,20
0.88073432,79.53276062,13.88557434,2.31776619,2.95987797,0.36056376,0.74661326,1.0676465,1.33423924,1.55716491,1.74511528,1.90622807,2.04633093,9
0.5242437425484181,101.68004080570113,0.4859508024042709,2.7317658039531247,2.647121226617083,0.5260460376739502,1.3059232234954834,1.8264906406402588,2.118484735488892,2.316241979598999,2.469743490219116,2.597262620925904,2.706956624984741,18
0.94756437,191.03284025,399.600001,2.0083663,2.0226421,0.06150079,0.088902,0.10787773,0.11456418,0.12778568,0.13862395,0.14860058,0.15993214,11
0.94565016,58.75107427,146.87150583,2.8,2.1,0.2985773,0.5915139,0.83723736,1.0442822,1.217617,1.3647373,1.4906194,1.5989575,10
0.8870724,152.60216588,88.56659523,2.5,2.9,0.2086339,0.3614657,0.5096228,0.6467371,0.77248096,0.88882375,0.9961152,1.0959158,16
0.3577652,211.5234375,40.94865799,2.02727461,2.22340894,0.2963717,0.55143237,0.72338986,0.85167027,0.95439887,1.03890514,1.11190534,1.17305994,9
0.6508381164367386,1.2431457206106278,0.0226326667402188,2.5403493718784667,2.940555370423445,1.2712430953979492,4.201728343963623,7.421589851379394,9.804993629455566,11.04188346862793,11.255970001220703,11.26939582824707,11.280332565307615,12
0.7390290729123259,0.7366174385237707,0.0548186891643777,2.414103104144325,2.440377529664549,1.2269055843353271,3.984389066696167,6.835771560668945,8.83030891418457,9.80471420288086,10.011028289794922,10.037376403808594,10.070582389831545,12
0.32112274,76.4034205,33.958745,2.421766,2.7159278,0.76319289,2.18984151,3.21119714,3.61823106,3.72249866,3.76882625,3.80500627,3.83900952,23
0.78224501,232.31692412,278.8269325,2.2,2.4,0.09979987,0.1438477,0.18284512,0.2137537,0.24775052,0.28151512,0.31350088,0.34355688,11
0.74489264,251.17882647,292.39210478,2.5,2.5,0.12009478,0.16434407,0.20595813,0.24803829,0.29064488,0.32923436,0.36483502,0.399889,4
0.57019405,113.83225268,305.54054707,2.91948122,2.63779858,0.27977252,0.47058392,0.59666824,0.69804096,0.78139377,0.8526206,0.9131186,0.96626377,17
0.78640682,283.84250444,361.84163211,2.7,2.3,0.09971237,0.13145089,0.15698886,0.18353748,0.21475601,0.24342918,0.26835465,0.2930193,11
0.85971903,83.79682136,139.8283955,2.8,2.2,0.28148198,0.5392268,0.7586143,0.94673824,1.1073506,1.2459378,1.3659959,1.4719713,10
0.9535315,102.32081604,247.66331482,2.68640327,2.78436828,0.21664882,0.36335492,0.5021441,0.62744713,0.73946524,0.84174347,0.93443251,1.01895738,17
0.85551565,240.83089194,340.86910656,2.96584436,2.89208311,0.16784239,0.18555737,0.23667884,0.29406476,0.34137535,0.38770103,0.43126321,0.47380662,4
0.4538279883432102,212.774217005342,387.7001415514394,2.29910278,2.44374132,0.138887882232666,0.1614465713500976,0.1880722045898437,0.2083194255828857,0.2285540103912353,0.2473917007446289,0.264622688293457,0.2808046340942383,11
0.5665328943029573,3.250875558692333,52.5809484625152,2.6,2.0,0.9638359546661376,2.898674726486206,4.498415946960449,5.321635246276856,5.541614532470703,5.6124420166015625,5.644397735595703,5.653813362121582,7
0.9098797251400936,3.02920390028504,1.123732840680452,2.341388528558812,2.9296035574357644,1.0769257545471191,3.2304234504699707,4.901509761810303,5.767703056335449,6.195904731750488,6.483878135681152,6.699660301208496,6.870035171508789,5
0.6834940676271849,2.075936111518526,0.0135100292709314,2.4429804485770745,2.0765306690653844,1.1331079006195068,3.467235565185547,5.489787578582764,6.650928020477295,7.155428409576416,7.424845218658447,7.621877193450928,7.753211498260498,5
0.86654459,229.12404809,75.52041794,2.2,2.5,0.13235307,0.21927166,0.30108237,0.37946033,0.45615935,0.5287826,0.59875274,0.6648135,2
0.62656379,156.57184087,190.91884595,2.6,2.3,0.22007656,0.36542106,0.49330354,0.60444665,0.70226884,0.78924584,0.8675308,0.938148,17
1.0,151.51344299,170.97201538,2.0,2.0,0.10591936,0.17772579,0.24404192,0.307302,0.36847448,0.42605805,0.48041582,0.53231406,3
0.9410932900441558,126.51445399088028,0.466425199009347,2.1712183604034925,2.343625935728599,0.2019274234771728,0.3714568614959717,0.5328848361968994,0.6834194660186768,0.8220913410186768,0.9499726295471193,1.0673935413360596,1.1760220527648926,15
0.96483675,251.51917689,366.94270852,2.6,2.7,0.13754964,0.14281797,0.16514039,0.20372987,0.24195242,0.27110505,0.29990625,0.3286345,11
0.91799118,246.49825589,118.62075798,2.8,2.7,0.15940332,0.24093199,0.32427716,0.4168713,0.5016937,0.5812876,0.65791965,0.73104286,16
0.3591755515051381,4.989421349801316,8.738189639011766,2.7,2.3,1.166762351989746,3.736321210861206,6.432847023010254,8.404176712036133,9.335132598876951,9.415953636169434,9.41952896118164,9.422741889953612,14
0.46140409,235.56823157,226.79668546,2.24691662,2.03050396,0.12807202,0.16763806,0.20525336,0.23850417,0.27241802,0.30257583,0.33071589,0.35701561,3
0.8470331742341327,10.145849424685965,0.1576277069308627,2.058569941452015,2.0089030709276234,0.7686610221862793,1.983856439590454,2.7110917568206787,3.0974113941192627,3.3355534076690674,3.5096590518951416,3.638983011245728,3.7586510181427,22
0.36615488,80.62287903,275.1413269,2.5500617,2.85376501,0.46322274,1.11234236,1.51069546,1.61758661,1.6410265,1.66219711,1.68152189,1.6986289,1
0.82679375,123.61532831,221.44512843,2.83578143,2.99346685,0.24923849,0.42578149,0.58661747,0.7294569,0.85667586,0.97119331,1.07446432,1.16771865,17
0.55413778,61.48210898,18.01834581,2.2,2.3,0.5596175,1.3798671,1.86535,2.1069539,2.260239,2.3786924,2.478512,2.5634844,19
0.3429340049651619,12.524850743595684,27.10703124946292,2.5,2.5,1.0705597400665283,3.353006362915039,5.538291931152344,6.904248237609863,7.336771965026855,7.362593650817871,7.373269081115723,7.380926132202148,7
0.3265889276253121,4.975116583043909,0.0032274404923656,2.3783310050907467,2.6884604569875803,1.2349755764007568,4.0987749099731445,7.350192070007324,10.043663024902344,11.394618034362791,11.41901683807373,11.42496109008789,11.429999351501465,12
0.3350731155256726,195.6966931766303,375.63777231014825,2.34537535,2.03656914,0.1299672126770019,0.1411523818969726,0.1508526802062988,0.1543514728546142,0.1617419719696045,0.1675739288330078,0.1733348369598388,0.178370714187622,11
0.8911512067955243,238.63987733530408,0.6107977617086409,2.4272244093672497,2.979070186632122,0.1724200248718261,0.2958195209503174,0.4123480319976806,0.5325000286102295,0.6452851295471191,0.7521307468414307,0.8541731834411621,0.950913429260254,15
0.57322323,5.73809671,37.43951797,2.33896184,2.26020336,1.03517842,3.02507687,4.58441687,5.34659576,5.57023525,5.66339111,5.69944572,5.71587086,7
0.7975202597342008,0.7619304943577706,0.0495372199359385,2.081547324281442,2.8262918452039942,1.2146329879760742,3.9871113300323486,6.861442565917969,8.80318546295166,9.691049575805664,9.95417308807373,10.045432090759276,10.1278715133667,12
0.58355276,209.34274042,179.93289557,2.1,2.0,0.13047838,0.19458008,0.25531912,0.31092072,0.36318183,0.41130137,0.45563293,0.49726057,3
0.86166535,39.05047286,186.76673005,2.5,2.8,0.40103555,0.87188673,1.2074494,1.4332795,1.5938449,1.7159176,1.8118305,1.8933425,20
0.9127640880238784,39.489769975046805,0.0097993308661157,2.747160651970268,2.7148746574340734,0.5201623439788818,1.2246687412261963,1.7362563610076904,2.08949875831604,2.3523366451263428,2.5635826587677,2.7398064136505127,2.891077280044556,18
0.54923725,12.24833584,17.17834854,2.64712596,2.01445007,0.95845819,2.63983536,3.75305176,4.27179718,4.536376,4.69861174,4.80343628,4.85454702,22
0.41350049,226.54251099,85.38613892,2.40709281,2.64695001,0.29235101,0.53006506,0.70296049,0.84335351,0.96095371,1.06079221,1.14646435,1.22202945,10
0.4968556014240335,101.43050296897964,0.0735979792315531,2.737976013819748,2.998098927378094,0.5855016708374023,1.5421030521392822,2.1897308826446533,2.523734331130981,2.725445032119751,2.876584768295288,3.0039045810699463,3.111727476119995,18
0.6314044,12.30673313,15.65505028,2.41761589,2.35791183,0.95110011,2.66413188,3.83674884,4.38296604,4.63511562,4.77534103,4.86826611,4.93679905,22
0.73067172,213.34738494,114.25340592,2.5,2.4,0.16955662,0.2752347,0.37967348,0.47654748,0.5663805,0.6500597,0.72862244,0.80220294,16
0.79673062,62.66381795,26.97282584,2.0,2.5,0.35837436,0.7518439,1.0528564,1.2816556,1.4612043,1.608006,1.7324295,1.8391066,9
0.51565534,141.54262647,225.68622008,2.2,2.2,0.21754003,0.33975148,0.43638206,0.51728606,0.585969,0.64655685,0.6994543,0.7471192,17
0.593159831832318,7.637468005843949,0.2049827577707134,2.596223769335886,2.561247055425408,1.104541301727295,3.362558126449585,5.244596481323242,6.241096496582031,6.655834197998047,6.886574745178223,7.061058044433594,7.200531959533691,5
0.67866027,232.72909611,230.49692294,2.4,2.7,0.14235878,0.20441604,0.2666011,0.3232,0.37771606,0.4280758,0.47505355,0.5198281,3
0.44662794,165.95469753,132.86436867,2.8,2.1,0.31818223,0.623559,0.8358307,0.9919386,1.1140058,1.2149107,1.2983212,1.3701632,10
0.70970883,121.4370393,360.06762611,2.6,2.2,0.17198467,0.24334335,0.31291318,0.3724804,0.4256134,0.47349167,0.5168159,0.5561204,4
0.3749619661633147,2.04392248863133,0.020033877756665,2.5514173763818304,2.9636054554224973,1.288477897644043,4.349303245544434,8.000524520874023,11.276187896728516,13.221287727355955,13.251103401184082,13.25831699371338,13.264592170715332,12
0.57977281,28.75713563,172.09016964,2.7,2.2,0.6062279,1.6557405,2.3318129,2.5509682,2.5988255,2.6232762,2.6448731,2.6641078,0
0.79350766,290.6707748,0.52295708,2.5,2.3,0.13568497,0.23008752,0.3181789,0.40337515,0.48689294,0.56669855,0.6424668,0.7157705,15
0.45970031,59.49648353,186.57123747,2.9,2.6,0.5670006,1.5100777,2.143922,2.3713028,2.4356635,2.474809,2.5087163,2.5389106,0
0.52407569,161.26091003,256.88665771,2.7048099,2.98881769,0.2826755,0.48413324,0.62874556,0.74984241,0.85209274,0.94066334,1.0173769,1.08466959,17
0.4480370640162305,64.10261578700032,0.0411433937267073,2.2798507217855004,2.972176798497957,0.7416186332702637,2.1708438396453857,3.1630899906158447,3.601189374923706,3.778840303421021,3.888663053512573,3.974086999893189,4.045604705810547,22
0.57675561,279.81856443,315.6884633,2.1,2.7,0.09498239,0.12382746,0.14568043,0.15731692,0.17292094,0.1900301,0.20721292,0.22141623,11
0.9724783674975516,32.57587649029273,0.0434132412084271,2.618509714855702,2.172788612685122,0.4499247074127197,1.0130834579467771,1.4333531856536863,1.73642897605896,1.970117330551148,2.159829378128052,2.319326639175415,2.456465005874634,18
0.31332225,147.38339233,99.20567322,2.07045293,2.04684329,0.36205769,0.74406266,0.93923807,1.0375917,1.10736275,1.16444278,1.21054912,1.25108051,21
0.30555242,291.16802979,330.12548828,2.92945147,2.003829,0.11293864,0.12832403,0.13881779,0.13912487,0.14345431,0.15304828,0.159688,0.16017938,11
0.97039876,77.17173368,65.22884839,2.5,2.5,0.28655386,0.5550163,0.79241824,0.9999323,1.1802571,1.3384905,1.476996,1.5987229,10
1.0,48.5361557,118.33831787,2.0,2.0,0.25084519,0.48053813,0.67506886,0.84026718,0.9791584,1.09920979,1.2014966,1.28893065,10
0.4151121860185776,74.38887436422716,26.08745578403265,2.105205616915437,2.771976206395251,0.6615793704986572,1.8864054679870603,2.687670946121216,3.007368803024292,3.136537790298462,3.220487356185913,3.295719861984253,3.361976385116577,23
0.62688758,196.49106732,18.78205131,2.8,2.8,0.2843442,0.5213609,0.72701526,0.9074881,1.0664737,1.2071459,1.3325696,1.444344,9
0.30865121,71.34717021,41.50787363,2.6,2.5,0.7724917,2.2012143,3.2198882,3.6269732,3.735353,3.7742238,3.8045783,3.832305,23
0.3143025256161924,1.031684023653609,0.0107602901841679,2.8242509133764164,2.536562349156453,1.283057451248169,4.292641639709473,7.831437110900879,11.068613052368164,13.051499366760254,13.088897705078123,13.094080924987791,13.098434448242188,12
0.62110574,78.17980937,279.89991604,2.97548304,2.93109918,0.374897,0.76130605,1.02068686,1.18971634,1.30932856,1.40366459,1.47989941,1.54329729,10
0.54787313,217.49295421,276.26489965,2.0,2.0,0.09970498,0.13296294,0.16071701,0.18484735,0.20999455,0.23350453,0.25615048,0.27788806,11
0.9800644173585864,160.79698813440967,0.1515164785290659,2.874679085729843,2.1806496124544537,0.1778478622436523,0.3141782283782959,0.448716402053833,0.5767383575439453,0.6970396041870117,0.8105823993682861,0.9171404838562012,1.0165753364562988,15
0.32068703,66.33656721,238.82613688,2.22671458,2.08185061,0.41414666,0.91582227,1.1398387,1.1588943,1.169034,1.17814541,1.18626952,1.19364929,21
0.4404226005418946,18.16286904122972,0.2835237590490929,2.008367852447211,2.3274505094027504,0.978928804397583,2.938796043395996,4.467489719390869,5.16359281539917,5.386159420013428,5.48144006729126,5.536425590515137,5.59096097946167,5
0.30901276,84.81704071,76.40513011,2.54351213,2.38686725,0.64385152,1.737607,2.43867636,2.66393042,2.72385979,2.76111698,2.79509687,2.8263154,0
0.629532,152.74231162,184.72214361,2.6,2.6,0.24244642,0.4103868,0.55285716,0.6755552,0.78352666,0.87943673,0.964488,1.0406251,17
0.32014918,282.71026611,140.10093689,2.10225391,2.11520267,0.16811395,0.22547793,0.27802968,0.32461143,0.36662889,0.40543962,0.44052625,0.47281694,2
0.47827256,91.20629883,222.19061279,2.31335998,2.29556894,0.33620358,0.65528178,0.84161353,0.94818377,1.02437687,1.08419967,1.13360906,1.17496943,21
0.69867262,33.20956793,223.07395692,2.73719495,2.56472716,0.48368716,1.16188645,1.59760356,1.79209256,1.88440204,1.94708514,1.99469781,2.03311753,1
0.3015941,240.85346814,365.88896401,2.10535669,2.79344663,0.17807055,0.20849252,0.2369771,0.25948,0.28081846,0.30095434,0.3193891,0.33673978,11
0.77872988,49.47403568,111.39547613,2.8,2.7,0.47411275,1.1050456,1.5499513,1.8343599,2.0298445,2.181434,2.3041995,2.4089763,20
0.37893436,129.30745857,394.18711438,2.1,2.8,0.18259144,0.20231867,0.22001052,0.22966027,0.23783565,0.2465465,0.25510526,0.26263618,11
0.38522168,43.42167591,68.18466945,2.1,2.7,0.70957565,1.907522,2.6587174,2.9479568,3.0547178,3.1027763,3.1369998,3.1679027,23
0.92909537,183.62781813,229.83343611,2.0077246,2.55855409,0.11310339,0.18199563,0.24729443,0.30796528,0.36739707,0.42449427,0.47840548,0.52943254,3
0.69141441,262.22549552,285.2893015,2.8,2.3,0.1211338,0.1727109,0.21958208,0.26730824,0.31406617,0.35716724,0.39721966,0.43614268,4
0.8072297,23.33979034,387.04067993,2.16946888,2.49252725,0.31677389,0.59621596,0.7408638,0.80125999,0.83463621,0.8566432,0.87272859,0.88476706,21
0.8458154702006461,100.6515534624781,0.1617934179358318,2.063420803219786,2.6869838968504896,0.2946424484252929,0.581434965133667,0.834099292755127,1.0525710582733154,1.2410860061645508,1.4060626029968262,1.550417423248291,1.6789782047271729,8
0.90001844,138.5140322,215.29119559,2.3,2.7,0.15983605,0.25193024,0.34406948,0.42785072,0.5049386,0.57633734,0.64281845,0.70478797,17
0.30794623,264.10028076,278.16394043,2.29270983,2.00250292,0.12507844,0.1425848,0.15721226,0.16735005,0.18050742,0.1924696,0.20317769,0.2135365,11
0.8426301323445277,12.683684554051649,0.2370503427068112,2.7814383421651594,2.7689408907782926,0.8596329689025879,2.396838665008545,3.434855461120605,3.987003326416016,4.32013463973999,4.554448127746582,4.735699653625488,4.882018089294434,22
0.59790859,60.0,300.0,2.0,2.0,0.24565935,0.39787626,0.4859724,0.54904389,0.59718466,0.63488913,0.66373563,0.69057751,21
0.69020247,146.8959198,46.7730751,2.01037884,2.11070633,0.20407581,0.36393571,0.50746083,0.63536024,0.74829984,0.85013127,0.94164515,1.02422619,16
0.88019617,172.88343435,6.77203951,2.9,2.3,0.20627761,0.36969995,0.52738905,0.6767738,0.8155341,0.9454093,1.0656736,1.1778238,15
0.63069033,296.72271658,269.78177649,2.7,2.7,0.14691544,0.18333054,0.22799492,0.2803254,0.32551312,0.36692905,0.40686774,0.4449079,4
0.9993,283.68539065,93.23554661,2.005,2.24114254,0.0830462,0.14492965,0.20095158,0.24762607,0.29778624,0.34752607,0.39544249,0.44268847,2
0.3514108505394628,5.798268060614173,0.1001029220415676,2.054981643247346,2.1140194117087345,1.1213855743408203,3.604147434234619,6.131128787994385,7.952015399932861,8.812932968139648,8.907455444335938,8.914257049560547,8.920097351074219,12
0.64769521,229.94012726,152.83403484,2.2,2.8,0.15217781,0.22940111,0.30738473,0.37741852,0.44265366,0.50387716,0.5616367,0.61536694,2
0.60875551,102.08260159,35.7265037,2.5,2.8,0.42440224,0.9367182,1.3020635,1.5529299,1.7383294,1.8893533,2.0150795,2.1217556,19
0.67702403,203.84479798,246.53837619,2.4110084,2.64487451,0.16059375,0.23714566,0.31473446,0.38576889,0.45186138,0.51259089,0.56910372,0.622015,3
0.91122766,150.12913789,158.08454629,2.8,2.7,0.20046473,0.3357451,0.46834517,0.5928943,0.70686126,0.81282496,0.9109943,1.0019221,17
0.95116359,87.76581566,340.32415534,2.2,2.6,0.15382051,0.22084928,0.28805113,0.3460443,0.39804173,0.4451475,0.4877982,0.5265751,4
0.46168205,290.72708438,260.49352419,2.7,2.5,0.16225314,0.21201515,0.2647047,0.31417322,0.3588705,0.39948893,0.43783045,0.47398925,4
0.5487172212282009,147.45626651829028,0.1457908716881234,2.303808167814701,2.3158070703889164,0.3370485305786133,0.6851658821105957,0.9477243423461914,1.1519546508789062,1.3149757385253906,1.452272653579712,1.5681698322296145,1.6685075759887695,8
0.778620541204282,1.7575266076486458,0.1350417161364307,2.7411065376946606,2.7549358745669417,1.2212731838226318,3.829820394515991,6.232335090637207,7.661877632141113,8.328444480895996,8.669121742248535,8.939927101135254,9.183897972106934,12
0.7843876770867036,7.392312797630709,2.0856074947779293,2.023178255296576,2.9462610230881365,0.9664440155029296,2.909578323364258,4.3763108253479,5.081869125366211,5.393074035644531,5.571906566619873,5.708648681640625,5.8078813552856445,6
0.4810001,295.17403464,7.91084048,2.61926686,2.1597092,0.18356276,0.29039598,0.39308095,0.48541403,0.56945705,0.6474483,0.71952558,0.78674841,15
0.3837781924583516,11.705383554766478,0.9805456690436536,2.01681066,2.1213634,1.0516810417175293,3.2457075119018555,5.201932907104492,6.310051441192627,6.647022724151611,6.719639301300049,6.75624418258667,6.781795978546143,5
0.43431174,11.4918966,4.65382605,2.04628388,2.3869635,1.05199218,3.27161217,5.22169971,6.29902506,6.62089682,6.69894934,6.73961878,6.76990938,6
0.8422806607855292,1.2764914853237266,29.19663723207142,2.42123365,2.41001487,1.0830471515655518,3.3154728412628174,5.194231033325195,6.228487014770508,6.644352912902832,6.844132423400879,6.962957382202148,7.031270980834961,7
0.3132253421078325,24.534325351071548,0.0099840258831165,2.299933469110408,2.172835637512973,0.9949159622192384,2.995417356491089,4.648567199707031,5.4759674072265625,5.703902244567871,5.775190353393555,5.818516731262207,5.849596977233887,5
0.30214527,10.74695396,22.08566856,2.42605877,2.1532321,1.09967566,3.29480577,5.30568123,6.44645119,6.73075008,6.79108047,6.81106377,6.8168478,7
0.3699258,215.70834351,239.46965027,2.09664917,2.54078579,0.21102667,0.30427432,0.37759447,0.43916321,0.49354887,0.54188442,0.58510208,0.62575865,3
0.52366304,167.69411098,187.47213742,2.8,2.7,0.28833866,0.51168156,0.67645264,0.8135855,0.9290829,1.0280883,1.1134961,1.1896257,10
0.89412979,48.82379904,304.50454136,2.1,2.5,0.22074342,0.36077547,0.46867514,0.55535054,0.6257026,0.68400836,0.73196363,0.7721977,17
0.41359819,99.03070718,187.9269453,2.0,2.4,0.33518505,0.64819694,0.81723785,0.9091706,0.97497725,1.0251012,1.0670223,1.1004717,21
0.84810589,169.19381628,3.0906091,2.7,2.7,0.23468089,0.41957664,0.5970676,0.76119876,0.9118376,1.0500154,1.1767797,1.293884,15
0.82400687,200.97845754,178.10827619,2.42910705,2.43983684,0.14227223,0.2254045,0.30664587,0.38285112,0.45506597,0.52272153,0.58717275,0.64768672,3
0.8087952302190721,269.76269631628145,355.2649388467415,2.33390909,2.15285059,0.0752866268157959,0.107032299041748,0.1312842369079589,0.1403682231903076,0.1563694477081298,0.174356460571289,0.1923134326934814,0.2080893516540527,11
0.6579841107798137,1.4096190899151704,1.8179449363503688,2.1073636091358665,2.156197424371752,1.1462113857269287,3.6386077404022217,6.050697326660156,7.61398983001709,8.302488327026367,8.46953010559082,8.542647361755371,8.604744911193848,13
0.69221437,223.67434692,179.23947144,2.46855474,2.87424088,0.18115044,0.28353596,0.3842206,0.48045874,0.56783581,0.64952683,0.72586942,0.79730392,17
0.57952452,50.84796524,304.41333008,2.40259957,2.95401216,0.426193,0.98664117,1.33977771,1.48741126,1.55379415,1.60026097,1.63675952,1.66689181,1
0.42336373,148.13452468,310.34643155,2.85658355,2.98047753,0.32213163,0.57023954,0.71438599,0.81689835,0.8980155,0.96456194,1.02211046,1.07131338,10
0.58295567,37.78659965,70.73445816,2.6,2.2,0.6529994,1.7697954,2.4608865,2.743916,2.8687577,2.9588008,3.0327296,3.092712,23
0.56670177,232.07582092,34.24459076,2.66338921,2.14820099,0.1960392,0.32441163,0.44566798,0.55431795,0.65219927,0.74155331,0.8236866,0.89948368,15
0.68514778,54.7446647,329.71563112,2.3,2.4,0.27159834,0.46304774,0.57856846,0.65861654,0.7197492,0.7671342,0.8052087,0.83769584,21
0.7165749,71.94578551,39.50396469,2.9,2.7,0.48433208,1.130455,1.5930374,1.9013441,2.1230376,2.298086,2.4417884,2.565842,19
0.98948145,2.00959539,41.3925972,2.43007994,2.09070754,0.93988872,2.54008842,3.56896329,4.08268166,4.36816502,4.54311371,4.63100815,4.6808567,23
0.87726903,294.67062378,175.69421387,2.9452312,2.13791037,0.11318922,0.15676403,0.20221448,0.24158239,0.28481126,0.32906771,0.37024903,0.4101665,3
0.50479719,60.03004931,355.42638008,2.8,2.4,0.3700614,0.7683444,0.9888425,1.0709324,1.1126385,1.1442728,1.1700292,1.1929038,21
0.7736095155294082,61.75250696803191,0.0089203114147344,2.3801546647411174,2.646972840385451,0.4702520370483398,1.086113214492798,1.5257964134216309,1.829220533370972,2.0582621097564697,2.243149518966675,2.3975307941436768,2.529705762863159,18
0.68218012,68.20950736,388.48109796,2.9,2.6,0.2950759,0.5179992,0.6561713,0.7600503,0.8401048,0.9053049,0.95800185,1.0033462,10
0.5252447968476474,118.23108069465545,0.0536008412526695,2.332438489209176,2.437294434086729,0.4363188743591308,0.9998672008514404,1.3771014213562012,1.6179251670837402,1.794111728668213,1.9352798461914065,2.054835796356201,2.153903007507324,18
0.87319256,270.9735007,338.78835121,2.4,2.6,0.10668945,0.13217616,0.15974593,0.18348622,0.21269345,0.23967576,0.26252007,0.28636718,11
0.83849716,237.85296559,261.4170089,2.9,2.6,0.14529729,0.20608163,0.26722217,0.33721542,0.3994279,0.4577508,0.5136769,0.5665152,4
0.6842584704544155,1.3330153538333835,0.1090899392979697,2.2796870332657533,2.5399880203255933,1.2076444625854492,3.9051454067230233,6.6294708251953125,8.454741477966309,9.289323806762695,9.488372802734377,9.56386661529541,9.648428916931152,12
0.70066291,116.74577332,129.99414062,2.15876579,2.98034787,0.29199386,0.56515169,0.78847289,0.97589087,1.13481116,1.26987934,1.38678026,1.48897982,10
0.43547272,138.90962381,63.40527074,2.01524047,2.73686117,0.41070819,0.93651056,1.27239275,1.46176934,1.59463358,1.70260501,1.78890228,1.86134934,19
0.5364448101483216,63.95325598376298,24.471930491028864,2.914554347303878,2.994056841110984,0.6770992279052734,1.8768658638000488,2.7037367820739746,3.111791610717773,3.3266091346740723,3.4719796180725098,3.592586040496826,3.6945629119873047,23
0.774426,175.23339833,55.76657571,2.5,2.9,0.22431898,0.39174724,0.5507462,0.6955497,0.8270633,0.948123,1.058512,1.1607895,16
0.6473494431621007,1.962158611011488,87.02450776693499,2.528969788960696,2.231463384291332,0.9201536178588868,2.7813944816589355,4.329245567321777,5.08397388458252,5.2455363273620605,5.285703659057617,5.294297218322754,5.295582294464111,7
0.5518054208589663,3.934261547850905,45.01494811008256,2.9,2.5,1.0760066509246826,3.3374218940734863,5.43789529800415,6.705328464508057,7.127634525299072,7.198293209075928,7.242233753204346,7.263142108917236,7
0.99200399,204.28802501,313.55549951,2.8,2.6,0.13967967,0.1832962,0.2317946,0.29311132,0.34813666,0.39820457,0.44668555,0.49295092,4
0.65030192,210.93832255,185.82871101,2.8,2.2,0.17550278,0.2755897,0.37413502,0.46424007,0.5460243,0.6221347,0.69266915,0.7587254,17
0.4981932950019448,127.75596656847402,0.0366217199892543,2.643910245506951,2.000163979228991,0.3749969005584717,0.8088726997375488,1.1099627017974854,1.3157024383544922,1.4712557792663574,1.5989294052124023,1.7062077522277832,1.7983922958374023,8
0.55996477,293.17778918,310.27833927,2.4307792,2.17546451,0.08935523,0.11780596,0.14103222,0.14999199,0.16655493,0.18328452,0.19974732,0.21412611,11
0.5006484,226.843768,33.89498124,2.44909436,2.76996115,0.2858212,0.52371001,0.71559381,0.8792057,1.02021909,1.14230728,1.24988079,1.34526062,9
1.0,241.51917157,297.51783812,2.9197013,2.0,0.08421493,0.12517452,0.15071797,0.17138147,0.19549465,0.22414446,0.2500689,0.27381635,11
0.5766468,152.88447865,97.25037612,2.8,2.9,0.3374176,0.6587465,0.9030535,1.0991206,1.2601829,1.3956747,1.5119896,1.6132903,10
0.3094379344438056,14.25264378555014,0.0896425842338912,2.339873310462932,2.905553602336626,1.1646771430969238,3.796684265136719,6.575559616088867,8.576733589172363,9.433427810668944,9.52517032623291,9.531451225280762,9.537363052368164,12
0.9394458189181608,1.389279911538502,0.0170857046422815,2.921290209632436,2.6836656027220727,1.1813035011291504,3.542084217071533,5.446978092193604,6.5084614753723145,7.0879435539245605,7.530741214752197,7.923889636993408,8.226938247680664,5
0.34136449,289.46940859,368.51718674,2.4,2.2,0.11746979,0.13160849,0.14809561,0.15339756,0.1618061,0.16963458,0.17875242,0.18626952,11
0.84055817,204.12927151,56.06165225,2.1,2.6,0.14459777,0.24182391,0.3349576,0.4242444,0.50985265,0.590045,0.6662836,0.73828006,16
0.5048565274978959,39.82051802111469,0.0162769788961195,2.8451457317832043,2.594185438151455,0.8247904777526855,2.353166341781616,3.41383957862854,3.927068948745728,4.179081916809082,4.326519012451172,4.44657039642334,4.536422729492188,22
0.37870769,132.61631733,264.4843583,2.8,2.6,0.3595369,0.7150469,0.9167075,1.0231843,1.0975392,1.1581156,1.206775,1.2500932,21
0.44206748,128.24381911,20.12657933,2.7,2.7,0.5135672,1.2611539,1.7518857,2.0011818,2.1611998,2.2817705,2.3866885,2.4744475,19
0.69220635,104.02177804,247.12951323,2.4,2.0,0.21108675,0.34927297,0.46566916,0.56514287,0.65072894,0.7253268,0.79001784,0.84863615,17
0.42998281,222.87086516,219.87683261,2.7,2.9,0.25269437,0.39360166,0.49818563,0.5887351,0.66706204,0.7367742,0.7988353,0.85575247,17
0.96434253,290.27828979,397.09002686,2.12638474,2.2135756,0.05890274,0.08925867,0.11601233,0.11651087,0.12616301,0.13879299,0.15357947,0.16531634,11
0.57145909,111.31084005,346.08607076,2.2,2.5,0.19299293,0.25966907,0.31503916,0.36012626,0.39915204,0.43327737,0.4639461,0.49143958,4
0.78566349,1.65752232,18.33504486,2.32658458,2.1320684,1.11191225,3.22408915,4.87827015,5.71209049,6.05734921,6.28051758,6.43222618,6.50051689,6
0.6084383249048169,93.71483580827584,30.43909939032716,2.6494042202470647,2.2851428372938694,0.4094195365905761,0.9084627628326416,1.260059833526611,1.499583721160889,1.6787323951721191,1.8240785598754885,1.9451961517333984,2.0469045639038086,19
0.8742125,287.2385135,202.94808137,2.5,2.0,0.08759904,0.1423583,0.19070292,0.2306571,0.27313566,0.31564426,0.35745573,0.39769554,3
0.42327909,263.6406817,161.149108,2.6,2.4,0.20890212,0.3138783,0.40658927,0.48695946,0.5594454,0.624701,0.68385243,0.7382612,17
0.4933239287781705,160.33722519725237,0.063541120583826,2.703624416080431,2.402017298660664,0.3755495548248291,0.7966389656066895,1.098721981048584,1.315826654434204,1.485360860824585,1.624263048171997,1.7398111820220947,1.8420026302337649,8
0.4877395486190177,189.484630880146,0.0055157517083461,2.5727695690736865,2.957477588921893,0.3873217105865478,0.827681303024292,1.1499745845794678,1.3872950077056885,1.573395013809204,1.7274744510650637,1.8568379878997805,1.9691340923309328,8
0.76837693,187.09168809,205.11443943,2.5,2.6,0.16480875,0.2548592,0.34428835,0.42737365,0.50417495,0.575279,0.6418574,0.70432305,17
0.99273861,281.83150248,251.51109799,2.4,2.3,0.08368588,0.13506031,0.1756854,0.20680857,0.24239564,0.27979994,0.31636262,0.35114956,11
0.32546579,75.65679162,382.38173854,2.2,2.6,0.29675746,0.46621418,0.4945693,0.5065541,0.517746,0.5279436,0.5370312,0.54517245,21
0.67586076,59.52475739,368.0055542,2.0781951,2.49245739,0.24831605,0.40423417,0.50058579,0.57240129,0.62999964,0.67551613,0.71289229,0.74510598,17
0.84928195,32.06197282,10.29201817,2.5,2.8,0.586045,1.4355607,2.0095382,2.3596945,2.6035833,2.7943983,2.9501796,3.0837464,18
0.3118869,116.63228765,252.94577664,2.6,2.8,0.4132681,0.8994291,1.1589508,1.2366724,1.2755833,1.3093185,1.3384299,1.3635321,21
0.6687991458696554,2.215008772926078,58.08644891026377,2.641210207053869,2.01856518136634,0.9497566223144532,2.829835891723633,4.336106777191162,5.071810245513916,5.284492015838623,5.380404949188232,5.422708034515381,5.435363292694092,7
0.30878466,170.76225044,36.37084812,2.48126413,2.33695727,0.4543457,1.05676031,1.40940642,1.56395197,1.65960312,1.73623896,1.80255651,1.85942793,19
0.30800157,95.44098198,26.53085219,2.2,2.2,0.62841654,1.6647975,2.2697535,2.4618979,2.5352297,2.5887218,2.6345868,2.6789532,0
0.91685938,74.29654796,283.2758912,2.8,2.8,0.25829077,0.4529493,0.61649275,0.7574303,0.87897587,0.98470974,1.0767171,1.157166,17
0.64740994,132.23982516,113.475278,2.0,2.5,0.22350597,0.38794518,0.52878284,0.6496861,0.7547536,0.8474972,0.9290943,1.0024979,16
0.34180587,86.28627605,324.57185208,2.8,2.8,0.42344642,0.9376788,1.2208209,1.285676,1.3067799,1.3262396,1.3431101,1.3579626,21
0.4640519658493955,3.241605616878347,0.009728726105016,2.4926957161013084,2.7092731764531126,1.2377805709838867,4.073166370391846,7.16820764541626,9.53834342956543,10.789154052734377,10.951086044311523,10.960941314697266,10.969305038452148,12
0.3,112.39432379,400.0,2.0,2.0,0.1759181,0.1851809,0.19003654,0.19371915,0.19834709,0.20234346,0.2056427,0.20911574,11
0.4323644958169618,10.71542708460124,0.2258185976538309,2.6365520525007176,2.086633601768644,1.0638575553894043,3.2049036026000977,5.006953716278076,5.972982883453369,6.312432765960693,6.4949631690979,6.617405414581299,6.70604944229126,5
0.97021019,13.55169754,237.15230303,2.9,2.3,0.5049217,1.2619224,1.7644126,2.0024421,2.1162574,2.1796272,2.2249486,2.2595809,1
0.3424101599233699,1.108572559506699,0.0164715151999441,2.3406204036506653,2.2081137633031256,1.217135667800903,4.041000843048096,7.247349739074707,10.081974983215332,11.895346641540527,11.95422649383545,11.960193634033203,11.965171813964844,12
0.87129622,127.45963737,66.68462151,2.64220255,2.15330166,0.20313072,0.36089277,0.51025009,0.64634585,0.7694416,0.88218594,0.98501396,1.07913589,16
1.0,179.55579922,400.0,2.0,2.0,0.0622437,0.09046626,0.10996151,0.1177907,0.13204098,0.14395261,0.15503716,0.16727233,11
0.77945719,108.44788542,59.2994379,2.9,2.2,0.30551982,0.6014466,0.851933,1.0659938,1.2480993,1.4048805,1.5413325,1.661104,10
0.61852747,67.99803758,105.86092147,2.0,2.2,0.3686502,0.7744775,1.0380051,1.2074819,1.3277698,1.4247468,1.5062411,1.5737193,10
0.56442308,248.2441864,94.79034424,2.03128767,2.90799809,0.19005942,0.31456423,0.43442988,0.54177022,0.6406188,0.7312789,0.81479597,0.89243197,16
0.84217152,272.28825466,48.51619574,2.8,2.0,0.12350631,0.21220446,0.29386067,0.37384677,0.45197272,0.52753043,0.6001189,0.66935825,2
0.7897978383262803,1.0941116926610206,0.3020104433297795,2.4109654686389623,2.9466093956912296,1.2395999431610107,4.0126800537109375,6.805019378662109,8.610755920410156,9.463996887207031,9.79140853881836,9.969698905944824,10.123038291931152,13
0.90535489,20.63182831,70.69472143,2.1,2.0,0.49516082,1.1487641,1.5545363,1.7980614,1.9649436,2.0905313,2.1945806,2.2818427,20
0.3442971587074408,1.924183460649079,0.0208226233587001,2.1276599946447434,2.011483962421541,1.1666879653930664,3.8131611347198486,6.68925666809082,9.09741497039795,10.559958457946776,10.643440246582031,10.648459434509276,10.65260124206543,12
0.9581992974309432,40.5865447437118,0.0212772721999062,2.0945904768792336,2.915239672939424,0.4518680572509765,1.0288681983947754,1.4629309177398682,1.7876839637756348,2.040598630905152,2.247965097427368,2.422108888626098,2.5717194080352783,18
0.9847094,247.78098576,386.39336278,2.31950018,2.72155729,0.10731316,0.13284683,0.15724945,0.18780661,0.22324347,0.25356483,0.28014278,0.30741668,11
0.53526751,88.80980714,24.50083012,2.9,2.3,0.5396366,1.3714893,1.9106581,2.1886938,2.3658922,2.5013535,2.612046,2.7068493,19
0.4226038281931484,299.89960595536405,350.2561241349178,2.78870821,2.0867703,0.0983953475952148,0.1195206642150878,0.1345577239990234,0.1356399059295654,0.1417200565338134,0.153388500213623,0.1623878479003906,0.1673955917358398,11
0.79804959,283.91199324,329.86156046,2.4,2.0,0.07313418,0.10908651,0.14052439,0.1561172,0.17684007,0.19851685,0.22126126,0.24266982,11
0.6210054461790069,2.8628881461782307,0.0090957585578273,2.3003194880796465,2.030925005891113,1.106165885925293,3.384687662124634,5.351082801818848,6.480038642883301,6.93845272064209,7.168832778930664,7.318272590637207,7.413999557495117,5
0.97739923,8.34748459,47.77481461,2.14458227,2.61523032,0.73769069,1.96532702,2.72848487,3.11439729,3.33690095,3.49413896,3.60879111,3.70274615,23
0.83807386,46.32847297,208.53303085,2.6,2.8,0.3754952,0.7890496,1.0873227,1.2956104,1.4507799,1.5706043,1.6648984,1.7424631,10
0.7423149177141177,5.450548158604474,0.0170583392350892,2.97619633691104,2.332127223276487,1.0549731254577637,3.039251804351806,4.492062091827393,5.232101440429688,5.66428279876709,6.007077217102051,6.277419090270996,6.4761810302734375,5
0.71683211,87.26814808,184.62115965,2.51956822,2.54871193,0.30472875,0.5834794,0.79434681,0.96280503,1.09937763,1.2121594,1.30661798,1.38883257,10
0.97581499,133.10195335,261.50200167,2.8,2.7,0.17855668,0.2826228,0.3862002,0.485353,0.57543945,0.65893364,0.73614097,0.808496,17
0.51581601,185.2070496,379.35441244,2.9,2.5,0.19490719,0.25857258,0.3169191,0.36873388,0.4137535,0.45530963,0.4936247,0.5285449,4
0.49909506,73.59920759,72.58587757,2.79944549,2.03338902,0.47178864,1.10076976,1.47941589,1.66680431,1.78985262,1.88116455,1.95968151,2.03047657,20
0.80669147,226.69275305,320.47337813,2.8,2.8,0.15264511,0.18972397,0.24028921,0.29941726,0.34952688,0.39619684,0.44131017,0.4835124,4
0.31678017,270.88104665,118.14178005,2.48504756,2.11243103,0.20592666,0.29379964,0.3662107,0.42847133,0.48292065,0.53200316,0.57613873,0.61698532,2
0.30033493,1.91617906,46.55596542,2.32722783,2.30744982,1.12300801,3.46661329,5.8448801,7.49259186,8.05649757,8.09593201,8.09601784,8.09601784,14
0.8669028428506148,4.481932867702519,1.127884243585538,2.724800277005268,2.913902814276626,1.0687057971954346,3.157616376876831,4.757587432861328,5.595396995544434,6.036263465881348,6.346497535705566,6.5863237380981445,6.768776893615723,5
0.3488535574776014,9.68929550079822,59.92666932841799,2.89731812,2.63644123,1.039866924285889,3.2505970001220703,5.368645191192627,6.727530956268311,7.135473728179932,7.152084827423096,7.164315700531006,7.17013692855835,7
0.4316259984572335,226.96532605777787,0.4675953744690912,2.0478055308641405,2.5442806916134395,0.2880847454071045,0.5488078594207764,0.749314546585083,0.9114911556243896,1.0468826293945312,1.1623916625976562,1.2627382278442385,1.350255250930786,8
0.69142586,87.7051206,307.36750558,2.4,2.8,0.2448411,0.3989315,0.5112617,0.6037445,0.6810477,0.7469621,0.8033614,0.8527186,17
0.30321464,18.64310074,44.15840149,2.33051491,2.38426161,1.00847054,3.00312471,4.68680859,5.57230806,5.71960831,5.7518959,5.76216125,5.76705647,7
0.96288252,138.3531894,387.34506897,2.5,2.9,0.14843988,0.18650627,0.23526764,0.2856195,0.33111572,0.37109852,0.4094355,0.44506264,4
0.98590148,200.76734123,228.35839204,2.07683909,2.5508436,0.10497618,0.17075038,0.23075151,0.28594089,0.34110832,0.39480615,0.44605732,0.49482703,3
0.56515738,209.33182254,323.42250836,2.0,2.9,0.11522531,0.14316511,0.16844296,0.18641639,0.20392942,0.223171,0.24102807,0.25733423,11
0.30473942,162.71477876,177.27659056,2.94598794,2.94362808,0.46050477,1.0754385,1.47030306,1.62605953,1.70082092,1.76184368,1.8127017,1.85623837,0
0.4319304867394478,1.009005656486455,0.0173912124191781,2.815965466198815,2.281224279917002,1.24399733543396,4.095436096191406,7.321987152099609,10.125518798828123,11.859648704528809,11.919062614440918,11.927345275878906,11.93437385559082,12
0.49715536,270.39784376,276.74917548,2.8,2.7,0.1743648,0.22996044,0.28929687,0.34494948,0.3937986,0.43934083,0.48172045,0.52115035,4
0.4371349,144.26705058,37.88972377,2.6,2.1,0.4120772,0.9244101,1.2542517,1.4513469,1.5916808,1.7018046,1.7953925,1.875871,19
0.31944275,88.53538513,179.31547546,2.18118191,2.3714087,0.48241377,1.18766499,1.57918763,1.65852499,1.68305469,1.70516491,1.72439551,1.74252772,0
0.7213937107487108,7.1648284347953375,0.0261503482880566,2.035566150734533,2.4120058480714013,0.9788861274719238,2.848137378692627,4.161187648773193,4.782068729400635,5.071718692779541,5.2460808753967285,5.385963439941406,5.480122089385986,5
0.88604097,14.89127394,39.56756739,2.9,2.6,0.74797153,2.0339792,2.8847644,3.3298657,3.5951273,3.776335,3.924186,4.040806,23
0.45932288,56.37041149,390.68995354,2.3,2.8,0.30536056,0.5067427,0.56379294,0.5849292,0.60274935,0.6173184,0.62928057,0.6393149,21
0.5207363149959935,89.8895255084749,0.4378136460817405,2.235907916539538,2.069365597046179,0.4608416557312011,1.0790197849273682,1.4632976055145264,1.6857962608337402,1.848074436187744,1.9734201431274407,2.083920955657959,2.172958850860596,18
0.30628645,102.40219116,162.74996948,2.07600546,2.55356264,0.48413849,1.21085453,1.62723184,1.71864462,1.74854398,1.77597237,1.80040026,1.82233644,0
0.9671901959271034,53.17956585476682,0.0365016777392285,2.64730141804176,2.7092009762873714,0.4168472290039062,0.9019827842712402,1.2899861335754397,1.5975146293640137,1.8442769050598145,2.049022674560547,2.222886085510254,2.373741149902344,18
0.3005965901553864,116.09278999609884,400.0,2.1,2.7,0.2809221744537353,0.469745397567749,0.5373847484588623,0.5734343528747559,0.6031179428100586,0.6290786266326904,0.6514003276824951,0.670964241027832,21
0.66231663,181.26788659,203.48959766,2.6,2.8,0.20377636,0.3200481,0.43030643,0.5283153,0.6166122,0.69737005,0.7710836,0.8391011,17
0.79289091,9.80001926,9.12915802,2.03182745,2.78031611,0.89861751,2.5760417,3.71342802,4.2349534,4.47253084,4.6065588,4.71155977,4.79439545,22
0.7077738951150978,54.71077267632208,394.7619136402961,2.4,2.3,0.2292702198028564,0.3460862636566162,0.4161429405212402,0.4708213806152344,0.5141968727111816,0.5507965087890625,0.5816681385040283,0.6075108051300049,4
0.9816363065221524,130.55743291697755,0.0054490029663961,2.987062861791013,2.014011262077771,0.1930439472198486,0.3496677875518799,0.5030579566955566,0.6469836235046387,0.7803375720977783,0.9041681289672852,1.0193488597869873,1.1253185272216797,15
0.8907496462171354,1.4379685549435266,0.0140087475942301,2.036574380892006,2.250497135204152,1.095850944519043,3.2782907485961914,4.9613189697265625,5.839001655578613,6.290689945220947,6.576340198516846,6.786592960357666,6.952893733978272,5
0.728470420806386,56.30197558542616,0.0486482631028748,2.924006584260128,2.1095304640674346,0.4618725776672363,1.0693976879119873,1.498125076293945,1.782724380493164,1.9936738014221191,2.1619248390197754,2.302879810333252,2.424074172973633,18
0.572984021724928,89.86504154443581,0.0063427940538066,2.474505685884519,2.139021010547056,0.4421191215515136,1.0140912532806396,1.396674871444702,1.6398072242736816,1.817702293395996,1.95979118347168,2.079814910888672,2.1803507804870605,18
0.95719302,101.08869171,380.83258057,2.17527318,2.2435267,0.11528468,0.15794444,0.19932771,0.23387837,0.26923943,0.30070329,0.32993031,0.35690188,4
0.75789281,140.19202786,219.38244338,2.4,2.3,0.1762762,0.2801652,0.38080168,0.4700117,0.55087376,0.6247375,0.69201374,0.75376725,17
0.54682379,127.21654149,105.24925312,2.4,2.3,0.32071805,0.625864,0.8464751,1.0146813,1.1469967,1.2563124,1.3487542,1.427949,10
0.74806253,54.87731192,22.536312,2.603849,2.24361837,0.45475817,1.02868032,1.43063569,1.69935632,1.89669585,2.05229449,2.18234563,2.29339719,19
0.31482193,205.80402374,15.52864276,2.97426727,2.67957541,0.46835589,1.0963583,1.50143147,1.70237494,1.82809353,1.93000507,2.0134511,2.08672237,19
0.7047216637553239,10.215512820176658,0.0129180157753386,2.4264855098504245,2.499815173602032,0.9658422470092772,2.785508871078491,4.0787353515625,4.702619552612305,5.022014617919922,5.226897239685059,5.375097274780273,5.496783256530762,5
1.0,263.89139659,117.43608088,2.0,2.0,0.0775342,0.13269925,0.1823535,0.22611284,0.27169061,0.31562638,0.35866046,0.40077448,2
0.60184111,168.03307622,106.84794017,2.8,2.0,0.24393153,0.44030786,0.60827327,0.7541096,0.88086295,0.99330425,1.0930479,1.1810412,16
0.467113639877959,3.623886102707036,51.78935487619588,2.30447683,2.79191292,1.071831464767456,3.445872068405152,5.858339309692383,7.542634010314941,8.197769165039062,8.223933219909668,8.224137306213379,8.224169731140137,14
0.3157259,83.24577194,340.76254568,2.1,2.1,0.27408433,0.4201479,0.4544115,0.47326016,0.48970127,0.5040388,0.51680064,0.5278895,21
0.7297180468970892,1.270800270250907,1.032640091853844,2.0381009484906367,2.186261859106384,1.1421608924865725,3.606288433074951,5.871882915496826,7.265799045562744,7.858290195465088,8.058101654052734,8.179018020629883,8.280904769897461,13
0.80838098,197.67672342,369.63165406,2.0,2.5,0.08495188,0.1145823,0.13458371,0.14316559,0.16130161,0.17748713,0.19172049,0.20460892,11
0.51639217,165.51004028,40.78711319,2.02803493,2.92582345,0.33244991,0.68190312,0.94315267,1.1454742,1.30573583,1.44079638,1.55429077,1.6531322,9
0.5593266508975184,6.73090620113916,19.74548963202044,2.32798624,2.30767536,1.0400521755218506,3.152783393859864,4.893706798553467,5.792428970336914,6.0999040603637695,6.218941688537598,6.297633171081543,6.350329399108887,6
0.614484982417686,2.7635954476745592,77.04470518439848,2.3,2.4,0.952028751373291,2.9314424991607666,4.637451171875,5.551907539367676,5.739233016967773,5.768803596496582,5.775197982788086,5.776675224304199,7
0.93785809,202.27374562,0.89524455,2.12164038,2.85357596,0.16179824,0.28723884,0.406708,0.52393007,0.63595557,0.74281955,0.84367442,0.93988657,15
0.946548218023734,6.65480332889953,10.270564834896698,2.2964606647332504,2.819077123762687,0.880814790725708,2.5065014362335205,3.602327585220337,4.162402153015137,4.477036476135254,4.693531036376953,4.854469299316406,4.995218276977539,22
0.39363308,189.78215011,118.0700223,2.5,2.3,0.312047,0.58542037,0.76714253,0.9020207,1.0095291,1.0978043,1.170783,1.236341,10
0.582245306805719,221.4941399726061,0.2477232773435517,2.76915875296662,2.173553739106392,0.2177901268005371,0.3773930072784424,0.5249011516571045,0.6558248996734619,0.773456335067749,0.8807814121246338,0.9781770706176758,1.0664565563201904,15
0.8177839294656684,0.8395267070587731,0.0299472981287365,2.8901490900480145,2.8984651754606263,1.2782807350158691,4.114846229553223,6.950836658477783,8.825908660888672,9.7061767578125,10.066282272338867,10.287542343139648,10.526187896728516,12
0.5299165206308648,7.461544613215506,58.82301418350958,2.81402302,2.17037416,0.9232456684112548,2.727201223373413,4.116042137145996,4.744933128356934,4.954748153686523,5.073323249816895,5.131803512573242,5.15582275390625,7
0.9696909046983258,2.8925691916555896,23.270171834745657,2.188268910086056,2.196154538272856,0.9217231273651124,2.55036735534668,3.611038208007813,4.148382186889648,4.454582691192627,4.655401706695557,4.796112537384033,4.897970199584961,23
0.3569435012139383,2.0374144609554112,0.1192687141446345,2.400315326308125,2.189221544366117,1.2076239585876465,3.971556425094605,7.042623519897461,9.670714378356934,11.186830520629885,11.215612411499023,11.223289489746094,11.229856491088867,12
0.42193359,172.06875121,75.59991104,2.7,2.4,0.37879634,0.8000641,1.0825,1.2660649,1.4025788,1.5096145,1.6019309,1.6816552,10
0.88357359,299.00634766,9.10199165,2.01513934,2.90723515,0.11812329,0.20704675,0.28547668,0.36412525,0.4427774,0.51888514,0.59233427,0.66313314,2
0.95009999,5.56908066,6.22005376,2.253876,2.62844007,0.92341042,2.5518105,3.62116122,4.16334724,4.46458912,4.66713047,4.81898975,4.93528366,22
0.77380193,249.14748728,189.21293473,2.6952345,2.84432172,0.15909362,0.24021244,0.32080317,0.40496349,0.48011971,0.55122256,0.61853456,0.68212438,3
0.88968405,267.7409354,213.63297601,2.24087497,2.53826611,0.09879923,0.15818381,0.20861864,0.25398135,0.30117273,0.3479991,0.39278984,0.43571854,3
0.94531298,64.63260939,98.57245945,2.63562716,2.65018335,0.33097935,0.66580725,0.94396353,1.17695785,1.37125874,1.53530741,1.67506361,1.7976141,10
0.79288136,21.32147267,366.77362258,2.7,2.2,0.38054824,0.82498384,1.0839746,1.1771047,1.2071819,1.2252223,1.2392704,1.2509968,21
0.78398211,31.66968704,24.84349595,2.2,2.4,0.55935025,1.3537438,1.854913,2.1425755,2.3403986,2.4927933,2.6189973,2.7277396,19
0.4698813735869566,121.05456164014495,0.0298877408422754,2.513397608423826,2.920643484041606,0.5325911045074463,1.3598871231079102,1.910023212432861,2.1985225677490234,2.384671688079834,2.527287483215332,2.6477832794189453,2.7476282119750977,18
0.5306332068978586,40.34696164719263,6.408167015857923,2.270005432060453,2.31804605671606,0.724740743637085,1.9909613132476809,2.7767155170440674,3.1347591876983643,3.310642004013061,3.4375193119049072,3.532419443130493,3.610829114913941,22
0.72717535,272.77905273,395.86520386,2.00207138,2.58455396,0.0776062,0.10840297,0.13477087,0.14848185,0.16515994,0.18168283,0.19900441,0.21600938,11
0.58971275,187.14790191,370.82313982,2.6,2.3,0.14249134,0.18129921,0.22345376,0.25942135,0.29312396,0.32449627,0.35349488,0.38074303,4
0.56950195,132.13443696,60.09630901,2.17005578,2.39152438,0.31787705,0.62481165,0.85561085,1.03673053,1.18235278,1.30226779,1.40553784,1.49569964,10
0.37588147,105.58819229,223.13970101,2.6,2.2,0.39549828,0.86940765,1.1362212,1.2380233,1.2981048,1.3446925,1.3841574,1.4182236,21
0.5391625710086229,18.23036564839375,9.173586541576174,2.652250034906577,2.728002765898135,0.9797317981719972,2.920440673828125,4.4278564453125,5.157662391662598,5.464809894561768,5.6396002769470215,5.760104656219482,5.8481059074401855,6
0.78271616,19.70309518,32.50810825,2.7,2.8,0.7605226,2.0561128,2.9153252,3.3581414,3.6111274,3.7847753,3.9153023,4.031092,23
0.39855611,165.35325802,213.24149421,2.89273882,2.84002169,0.35513568,0.68907475,0.89605474,1.03143787,1.13286066,1.21575928,1.28381252,1.34287119,10
0.7889753070338045,8.85089518306742,0.5230596896355585,2.605746369966206,2.648178590636024,0.959505558013916,2.750826120376587,4.007475852966309,4.645575523376465,4.993800163269043,5.23093318939209,5.408303260803223,5.553452491760254,5
0.6962076715709219,0.9372844960266286,0.0060714628487857,2.032778315072646,2.542083626643773,1.1959552764892578,3.934420585632324,6.803401470184326,8.84566879272461,9.87160301208496,10.146810531616213,10.173162460327148,10.188880920410156,12
0.5622788464015522,71.01559065434147,0.0239381413327515,2.120777816827278,2.2038321079563787,0.5155305862426758,1.2582159042358398,1.7073259353637695,1.9548957347869875,2.1219494342803955,2.259440660476685,2.369457483291626,2.467409372329712,18
0.78471868,246.89565393,256.04562735,2.5,2.4,0.11602139,0.17113686,0.22082782,0.26886654,0.31682873,0.3620646,0.40411568,0.44531918,4
0.7272510145668668,0.7954145019878194,0.0096332856334943,2.1176289665869605,2.792770609022013,1.2215282917022705,4.052127838134766,7.104836463928223,9.332420349121094,10.44651699066162,10.70523738861084,10.72781753540039,10.74173641204834,12
0.59009276,48.4038688,107.17489293,2.9,2.7,0.6148567,1.6450837,2.3384807,2.651725,2.8034546,2.905557,2.9860342,3.056803,23
0.7021730455277354,1.2783229477548388,0.7929631911656652,2.1998527531274075,2.25197799666176,1.1714277267456057,3.724442958831787,6.167751789093018,7.732642650604248,8.386232376098633,8.590641021728516,8.711055755615234,8.811895370483398,13
0.65302924,154.53288796,159.30840891,2.5,2.8,0.24269962,0.4155333,0.56441903,0.6938057,0.80788064,0.9091842,0.99940085,1.0811186,17
0.9597506,238.31367934,279.0514305,2.3,2.5,0.09422445,0.14345074,0.18289804,0.21569896,0.25103474,0.28789902,0.32318473,0.35659146,4
0.9549537839161784,2.23735342967082,0.0415626168840063,2.528791741754456,2.480654722764124,1.0721611976623535,3.0891923904418945,4.539162635803223,5.301160335540772,5.753576278686523,6.092815399169922,6.3598480224609375,6.563006401062012,5
0.52247263,206.92230233,196.23120215,2.1,2.3,0.1509645,0.21490788,0.2777021,0.33287334,0.38391638,0.4303186,0.47315812,0.51293445,3
0.61535001,206.95147705,184.81085205,2.52633142,2.98219681,0.22037697,0.35519743,0.48011756,0.59272861,0.69352221,0.78595042,0.87030411,0.9478879,17
0.77676761,268.66427782,80.24927792,2.8,2.6,0.16123223,0.2595923,0.3530991,0.45041108,0.5401194,0.62426114,0.7044647,0.7808125,16
0.86566494,91.24652012,399.67823608,2.9,2.5,0.201828,0.30257726,0.39462423,0.4759009,0.54696083,0.61056423,0.6674421,0.71829367,17
0.795661394924977,71.71920523616559,23.067379149209664,2.7,2.3,0.3749582767486572,0.7999744415283203,1.1294574737548828,1.3822991847991943,1.5830438137054443,1.7488086223602295,1.889728307723999,2.0113770961761475,9
0.5787966174995791,1.8071877268130856,0.0042819310505743,2.577327243744327,2.5212784479345123,1.2342731952667236,4.005502700805664,6.929152488708496,9.03562831878662,10.067811965942385,10.23724365234375,10.249974250793455,10.261358261108398,12
0.35552482,114.21577077,182.15188025,2.7,2.6,0.46442175,1.1100268,1.5078666,1.6505654,1.7145755,1.7672446,1.8119133,1.8502367,0
0.64865075,185.51742954,298.57289739,2.6,2.9,0.17879462,0.24972463,0.32254982,0.3882196,0.44738388,0.5007601,0.5506227,0.5964868,4
0.38509268,252.53800763,285.82915186,2.4,2.3,0.155128,0.18947864,0.22738242,0.2588837,0.28823972,0.31485796,0.3405969,0.3646729,4
0.99940986,170.61281424,105.50685862,2.3,2.7,0.14951086,0.25143242,0.3501315,0.4447224,0.5345578,0.61948705,0.7004502,0.7769067,16
0.6949730635575833,38.73359522715647,376.1845953987898,2.81608939,2.00583434,0.2503645420074463,0.3921926021575928,0.4546382427215576,0.4960711002349853,0.5273518562316895,0.5518219470977783,0.5710289478302002,0.5863215923309326,21
0.4636164869437904,38.25989824494203,0.0156333945368462,2.4570126294656323,2.7587385301596545,0.8733575344085693,2.5874271392822266,3.8461508750915527,4.434018135070801,4.665250778198242,4.789584636688232,4.871610164642334,4.943939208984375,22
0.934400264258591,300.0,374.8288778615324,2.22616331,2.2406662,0.0628046989440918,0.0950825214385986,0.1219301223754882,0.1265273094177246,0.138756513595581,0.1538708209991455,0.1710278987884521,0.1858212947845459,11
0.3327599826832056,3.1452880288725926,0.1461091093842765,2.8087674142575456,2.546647212067839,1.2577452659606934,4.1566009521484375,7.466038703918457,10.307848930358888,12.025903701782228,12.091931343078612,12.097838401794434,12.102944374084473,12
0.41138229,50.67866583,136.85146138,2.8,2.9,0.68782187,1.9205108,2.802278,3.1456523,3.2325335,3.261919,3.2867103,3.3099341,23
0.96716981,229.80062166,183.13885431,2.66028921,2.04480743,0.09855628,0.15502501,0.20118308,0.24496245,0.29319906,0.33934021,0.38248539,0.42434072,3
0.75828896,277.77055305,215.13322829,2.8,2.2,0.11716461,0.17960477,0.23488498,0.29063797,0.34585285,0.39804697,0.44682384,0.49372506,3
0.32774797,221.19916015,39.40288952,2.7,2.6,0.40623236,0.882926,1.1896875,1.3661337,1.4903452,1.5906551,1.6761439,1.7485092,9
0.8544783619442625,73.86936249014367,0.2672908590785275,2.045188719412079,2.835674328772139,0.3596558570861816,0.7607941627502441,1.0878803730010986,1.3534753322601318,1.5717413425445557,1.7563631534576416,1.9143617153167725,2.05179214477539,8
0.77905396,113.31505397,191.89055953,2.4,2.5,0.22229004,0.37954354,0.52056193,0.64248824,0.7503855,0.8465843,0.9317651,1.0086143,17
0.56357425,164.89023448,161.80457904,2.8,2.8,0.2897079,0.5194535,0.6974721,0.8473737,0.9748483,1.084872,1.1805148,1.2651014,10
0.3191194447194996,20.9237756074457,6.344896578612557,2.54436898,2.19566965,1.0243079662322998,3.1129908561706543,4.903204917907715,5.866814613342285,6.128237724304199,6.215361595153809,6.268318176269531,6.30104923248291,6
0.30852625,289.07476807,11.8843298,2.60555029,2.12988257,0.2658298,0.45000577,0.58159852,0.68962073,0.78066683,0.85766888,0.92629218,0.98508048,15
0.95552182,119.72470762,368.99574404,2.00501472,2.95779736,0.1380198,0.20883894,0.28064442,0.34773278,0.4093709,0.46748137,0.52101803,0.57104182,4
0.65045148,28.75300407,338.72320557,2.86459589,2.33637547,0.38542438,0.8015511,1.01729536,1.07317257,1.08958793,1.10211086,1.11307454,1.12178421,21
0.922040126710146,0.8141048920253191,30.26888963351614,2.4621078898095585,2.5229699499291525,1.1074395179748535,3.416102886199951,5.408224582672119,6.53771448135376,7.019938945770264,7.233651638031006,7.375702381134033,7.461744785308838,7
0.9294001464560144,1.1349823111995705,0.0318331508701252,2.7046102343564784,2.406710024222475,1.1647467613220217,3.482407808303833,5.331777572631836,6.35361385345459,6.906471252441406,7.322259902954102,7.6983642578125,7.985328674316406,5
0.59057682,238.69250759,301.89172406,2.5,2.2,0.1257863,0.16856956,0.21298862,0.2507813,0.28708816,0.32207012,0.35491252,0.38591504,4
0.5519452595960453,217.0762379566041,369.5028453487964,2.96088865,2.20659336,0.1263611316680908,0.152811050415039,0.1793632507324218,0.1953599452972412,0.2157237529754638,0.2326066493988037,0.2473447322845459,0.2639045715332031,11
0.73346552,86.45331444,371.56574986,2.31286442,2.12645785,0.16420174,0.21633339,0.26442242,0.30456996,0.34032869,0.37171912,0.39954591,0.42429662,4
0.31210017,183.69708928,42.41342523,2.3,2.6,0.4146216,0.9112799,1.207325,1.3531883,1.452534,1.5356872,1.6039197,1.6629345,19
0.3317873314366377,0.9183573005477692,0.0269397397640883,2.4260495150211785,2.1148746449356124,1.2034974098205566,3.962476968765259,7.084787368774414,9.804478645324709,11.085342407226562,11.100035667419434,11.106212615966797,11.111475944519045,12
0.80091473,6.35647264,74.21236885,2.91124868,2.20854357,0.84165764,2.28925753,3.24859858,3.70954657,3.94892645,4.07627153,4.15166616,4.19166899,23
0.3061070594429557,24.2000458686946,30.744990076949914,2.66980638,2.34289668,0.968358039855957,2.938525676727295,4.595093250274658,5.434171199798584,5.643131732940674,5.707545757293701,5.75285005569458,5.776086330413818,7
0.42942014,186.03069594,227.10278555,2.0,2.9,0.1884315,0.25714898,0.3179078,0.36785436,0.4124875,0.4525516,0.48901916,0.52225184,3
0.98004501,121.28584417,301.1774987,2.10358802,2.67026111,0.13920832,0.21870351,0.29695129,0.36963487,0.4375484,0.50075316,0.55930424,0.61405373,4
0.8750352,60.72301697,265.3655101,2.0,2.5,0.20803666,0.3417182,0.4528191,0.5447905,0.6224649,0.68892527,0.74538755,0.7933378,17
0.4731321932729688,4.032082212335148,0.0079787030416321,2.0353170235779303,2.697660884718155,1.1779844760894775,3.885297775268554,6.774095058441162,8.88029670715332,9.86241340637207,10.03420639038086,10.046058654785156,10.056577682495115,12
0.67747185,32.8128847,176.64300665,2.2,2.2,0.45768285,1.0714047,1.4276633,1.57533,1.6573942,1.7143211,1.7588427,1.7959933,0
0.7968386,159.28660783,219.28974911,2.0,2.5,0.13122678,0.19657016,0.25979042,0.319211,0.37515497,0.4264655,0.47400355,0.5190108,3
0.5186483987250282,149.7522028104266,0.0541647137806088,2.2811646451815566,2.0754073582664074,0.3159253597259521,0.6302597522735596,0.8660237789154053,1.0490107536315918,1.1963491439819336,1.3190796375274658,1.4239914417266846,1.5149714946746826,8
0.63237676,225.22483249,91.16416897,2.90443159,2.88317896,0.24391246,0.40818334,0.56282759,0.70140219,0.82679653,0.94080544,1.04544997,1.14158154,16
0.67494785,294.7601363,292.40236158,2.1,2.6,0.08545494,0.11949015,0.1435411,0.15596986,0.17644024,0.19708586,0.21716595,0.23421478,11
0.581324994542916,34.84694863002372,0.0170545034213073,2.496807468851584,2.652166457722251,0.7867431640625,2.2213001251220703,3.1778812408447266,3.63413667678833,3.864273071289064,4.017151355743408,4.131834506988525,4.234082221984863,22
0.8104773,33.59483006,147.70234173,2.1,2.3,0.3959477,0.85880303,1.163696,1.3502216,1.4772155,1.5693581,1.6459401,1.7103708,10
0.60466635,237.76876831,65.1808548,2.63358498,2.97274399,0.24394965,0.41480899,0.57344556,0.715729,0.84432745,0.96099567,1.06793475,1.16571283,16
0.45919256,237.81497329,340.13472634,2.85972629,2.34109411,0.14450455,0.17301559,0.20350146,0.22441077,0.24640417,0.26615071,0.28368139,0.30247998,11
0.999807,78.25263977,315.30569458,2.4602685,2.09865785,0.14951348,0.22122383,0.29121208,0.35340357,0.40922117,0.45900846,0.50378036,0.5440836,4
0.36450609,34.58866477,127.08826479,2.24554229,2.61551699,0.74138618,2.12336135,3.12367511,3.47727513,3.5172565,3.52114511,3.52603173,3.53082681,23
0.6864205534478032,0.8727322294237873,0.0353373119959097,2.405039462567416,2.9817212624526537,1.267843246459961,4.217991828918457,7.504910469055176,9.995062828063965,11.33400821685791,11.548188209533691,11.562898635864258,11.573400497436523,12
0.85689692,169.11231288,262.22657396,2.5,2.6,0.1489098,0.22495675,0.29963303,0.37047362,0.4367864,0.49835443,0.55524254,0.60910606,4
0.95856407,174.73889004,262.30378491,2.57668758,2.12177745,0.11138034,0.1671803,0.21855354,0.26514959,0.3112216,0.35615921,0.39889812,0.43893147,4
0.61695021,87.19458689,260.82873665,2.1,2.5,0.23965693,0.39145398,0.4982252,0.58377504,0.65262103,0.71112823,0.75995207,0.80102515,17
0.4102115077709058,5.251910967939368,0.0680383874293903,2.617057632981993,2.51202617896688,1.2101573944091797,3.9154131412506095,6.768036842346191,8.860614776611328,9.887969017028809,10.092881202697754,10.100939750671388,10.107523918151855,12
0.80327052,72.88755035,17.24236679,2.23562264,2.06163263,0.32526398,0.65752053,0.92453098,1.13896894,1.31444001,1.46198964,1.58691144,1.69521046,9
0.4319053475142176,59.16032663674788,79.65159065163078,2.795266222451217,2.220871799130401,0.5987026691436768,1.5932960510253906,2.2065210342407227,2.457392692565918,2.5748438835144043,2.652904510498047,2.715597629547119,2.7721524238586426,0
0.3371757883511948,224.56018653978808,0.1690066489747499,2.414179948988843,2.9311880687823435,0.4283206462860107,0.9971802234649658,1.3712587356567385,1.5851516723632812,1.7313191890716553,1.8498775959014893,1.949331521987915,2.033381223678589,18
0.48098481,15.24832726,11.76555729,2.1107204,2.38618708,1.00264478,2.93729186,4.39660931,5.06058311,5.25361156,5.34306049,5.39173031,5.41621113,6
0.3495091236935424,12.909578165464838,11.507638481196128,2.78524733,2.44585299,1.1118395328521729,3.482938766479492,5.738203048706055,7.168981552124023,7.658692359924316,7.73591423034668,7.780115127563477,7.814428329467773,6
0.6710298373539937,29.380178517361625,0.6457412475410014,2.13832691017841,2.5945783953552835,0.7227258682250977,1.983280897140503,2.7664740085601807,3.141479253768921,3.353760004043579,3.509330034255981,3.629997968673706,3.734845399856568,22
0.465829264109702,7.786579383271901,0.0043249197550683,2.6007808892747706,2.83462724346324,1.18790864944458,3.791522741317749,6.386805534362793,8.074297904968262,8.75561809539795,8.91208553314209,8.98049259185791,9.04797077178955,12
0.31825823,61.43635563,135.61393249,2.6,2.3,0.65005493,1.8042967,2.5791852,2.8028324,2.8214848,2.8328378,2.84395,2.8546145,0
0.71644802,53.16483703,120.26870658,2.8,2.7,0.48673034,1.1571498,1.6201136,1.8907721,2.073129,2.2109377,2.319825,2.4136941,20
0.39386816,254.56881655,260.22616057,2.5,2.1,0.16225958,0.20977187,0.25874972,0.30066943,0.33947563,0.3749175,0.4079628,0.43847346,4
0.7608839499765476,5.073382419238493,0.003192015187443,2.9627465926330103,2.018473859202758,0.9950296878814696,2.756938934326172,3.948497295379639,4.575304985046387,4.997134685516357,5.331490516662598,5.581555366516113,5.753419876098633,5
0.7224035434038815,4.412474794681631,0.0906216643346882,2.6634247713875903,2.879560918959921,1.1513609886169434,3.534464836120605,5.581037998199463,6.7062811851501465,7.209242343902588,7.510749340057373,7.7473578453063965,7.933570384979248,5
0.5823292414620885,3.3085874129748385,0.7271472089564138,2.429474915843884,2.155589201124384,1.1319925785064695,3.5076358318328857,5.656246185302734,6.940625190734863,7.437404632568359,7.6480302810668945,7.7919721603393555,7.893815994262695,5
0.79016726,84.26853726,293.35951098,2.55509407,2.27718513,0.20740151,0.32763791,0.43067598,0.51694179,0.59172869,0.65657449,0.71367645,0.7637763,17
0.77808982,181.89665967,104.43975916,2.1,2.7,0.15988779,0.2602768,0.35860705,0.4505024,0.5351255,0.61388135,0.6873338,0.7561667,16
0.84473713,138.2094209,73.37929052,2.4,2.4,0.20912695,0.37024713,0.5228498,0.66209984,0.7881031,0.90374947,1.008909,1.106271,16
0.5252908060631725,1.2081905873623566,0.2958231082019812,2.527020272601312,2.320663984366952,1.2281889915466309,4.025390625,7.092955589294434,9.59113883972168,10.75302505493164,10.77800750732422,10.786704063415527,10.793946266174316,13
1.0,246.39538574,400.0,2.0,2.0,0.05181479,0.07802176,0.09831977,0.10245657,0.11403346,0.12253499,0.12968135,0.13974786,11
0.3280289383597369,2.416966599095656,0.1299333642253002,2.428843972349177,2.171232127611757,1.1969921588897705,3.921310186386109,6.947093963623047,9.481782913208008,10.78813648223877,10.823484420776367,10.827333450317385,10.83060359954834,12
0.61532737,149.75008739,16.3809132,2.28848845,2.51374259,0.30596542,0.59417748,0.82716489,1.02097249,1.18359542,1.32180905,1.44173527,1.54640126,9
0.39156703,227.78012308,278.7349051,2.8,2.0,0.1905086,0.2657435,0.3313501,0.3877604,0.4379263,0.48358107,0.5247848,0.5635545,4
0.3769310572188026,2.4985723009318046,8.082646701743872,2.975055764507553,2.484147976707852,1.233778953552246,4.036952972412109,7.161738395690918,9.749886512756348,11.122532844543455,11.175819396972656,11.177566528320312,11.179122924804688,14
0.30345312,69.20037842,37.71611023,2.3041501,2.43002701,0.7500627,2.10564399,3.02242017,3.35314631,3.43783307,3.47268367,3.50022769,3.5251267,23
0.7044470643848562,1.0087044820410676,0.0409777099000072,2.2027428275677363,2.3636485335783064,1.1919817924499512,3.8391613960266113,6.491725444793701,8.286956787109375,9.112131118774414,9.317853927612305,9.36567497253418,9.412805557250977,12
0.39318147,113.3892581,100.26111434,2.63273083,2.39569296,0.47062731,1.11339188,1.50281096,1.6689105,1.7680912,1.84501266,1.90998077,1.96830606,20
0.3695570469323396,18.976528592358097,0.1346251361396054,2.361775332352221,2.5982055699176936,1.069887399673462,3.3326239585876465,5.364463806152344,6.517200469970703,6.874147415161133,6.954916000366211,7.002690315246582,7.036572456359863,5
0.4997226020904129,6.171133486665987,0.3964964251723158,2.697927111159784,2.541244387521381,1.1725811958312988,3.683032274246216,6.0598649978637695,7.528426170349121,8.110086441040039,8.27628231048584,8.400484085083008,8.506013870239258,13
0.38935713,20.54374509,1.39549378,2.5,2.5,1.08729577,3.22340965,4.98658562,5.90970421,6.19172001,6.30562782,6.36847019,6.41407871,5
0.60032664,155.41025045,376.95392728,2.5,2.9,0.18041468,0.23248243,0.2847283,0.32865334,0.36894655,0.40423346,0.43684244,0.46679997,4
0.74497121,154.7490909,326.27827926,2.3,2.7,0.14217973,0.19352865,0.24640298,0.29080963,0.3325131,0.37207103,0.40819168,0.44181132,4
0.6179445,178.00806016,4.82369188,2.1,2.8,0.23821807,0.43009257,0.5995424,0.7474899,0.87788534,0.9949038,1.0989664,1.1915336,15
0.70988672,131.3709138,49.88011232,2.17957706,2.24237813,0.23782563,0.43547511,0.60896111,0.75999475,0.89186525,1.0094223,1.11341834,1.20569634,16
0.51965063,91.46054661,175.00444203,2.0,2.2,0.3026471,0.5659404,0.7344184,0.84797025,0.9328804,1.0000501,1.0557308,1.1017687,10
0.87152783,37.00332674,27.15002028,2.5,2.6,0.51367617,1.2084546,1.6945446,2.0132406,2.2437146,2.4253132,2.574693,2.7030365,19
0.7892691997867601,214.49596640498768,0.7840750454712537,2.076223521560776,2.685520468834306,0.1760520935058593,0.3084354400634765,0.4373767375946045,0.5596697330474854,0.6741414070129395,0.7819981575012207,0.8829379081726074,0.9776618480682372,15
0.9603151840199232,1.281593101644883,0.0409017181317784,2.832734204973688,2.4441628164362137,1.1544508934020996,3.4066154956817627,5.141454696655273,6.088013648986816,6.641386032104492,7.086103439331055,7.470120429992676,7.754129409790039,5
0.31681061,135.537323,33.30736923,2.68188334,2.83919621,0.61229444,1.65254688,2.3534255,2.62324762,2.7271862,2.80048084,2.86394262,2.91973591,0
0.8188526,87.117573,322.80632495,2.1,2.4,0.16067457,0.22845936,0.29431152,0.3504057,0.39964175,0.44301128,0.48184252,0.5167053,4
0.39334628,6.51319408,9.85863018,2.05888128,2.08419657,1.11853647,3.36530757,5.42740345,6.60751247,6.93856525,7.04874897,7.10595703,7.12051296,6
0.68911605,284.41547589,190.65791716,2.9,2.0,0.12023377,0.18549228,0.24726605,0.3076079,0.36572003,0.42138982,0.473902,0.524029,3
0.4087819242634052,11.545512065959905,136.94548471516677,2.8,2.1,0.7377464771270752,2.110682964324951,3.077836036682129,3.4270224571228027,3.514056205749512,3.5213356018066406,3.5219039916992188,3.523029327392578,23
0.69823642,236.72445688,35.36432814,2.7,2.4,0.19342875,0.32650805,0.4561286,0.5772753,0.6884694,0.7926307,0.8889742,0.9794576,15
0.8353467,5.87754197,240.96707231,2.84462411,2.64539048,0.65178847,1.78687739,2.57275462,2.84216237,2.86227679,2.86289716,2.86305165,2.86322713,1
0.7128032005360058,0.8889234017537894,0.8186221203269869,2.368886067202308,2.54507937878074,1.2235629558563232,3.987053871154785,6.85811710357666,8.875920295715332,9.8709135055542,10.099825859069824,10.128527641296388,10.167262077331545,13
0.4008469343724849,212.5648975818692,365.62607389327457,2.15973091,2.00018525,0.1054353713989257,0.1210701465606689,0.1327605247497558,0.1368663311004638,0.1462788581848144,0.1542930603027343,0.1618056297302246,0.1691710948944091,11
0.70194092,249.6157879,315.64210092,2.2,2.5,0.09798384,0.13382864,0.16444206,0.18565583,0.20903349,0.2333715,0.25786257,0.28050423,11
0.92374745,120.00245136,18.12213767,2.4,2.8,0.2417903,0.44902515,0.64280105,0.8185327,0.9779806,1.1223545,1.2528911,1.3718891,9
0.5584383145328881,7.85217345857632,1.0287744282474582,2.551307490511311,2.1991297206079192,1.0617783069610596,3.1556496620178223,4.813336372375488,5.658519744873047,6.01584529876709,6.234461784362793,6.403282165527344,6.520962715148926,5
0.44912857,289.87954083,255.78376764,2.8,2.8,0.18288064,0.23992252,0.3016348,0.35732937,0.40614867,0.45201635,0.49464512,0.53442216,4
0.529688,111.67575358,93.43352118,2.7,2.3,0.40768456,0.9027002,1.2362437,1.4469478,1.5953863,1.7169805,1.8171327,1.8996365,20
0.65212668,292.57041011,92.49653132,2.3,2.1,0.11599112,0.18435311,0.24779296,0.30560088,0.36390448,0.41905594,0.47146988,0.5211928,2
0.49165602,183.2883173,179.84850245,2.5,2.7,0.25816464,0.43230486,0.5643449,0.675858,0.7721429,0.85491943,0.92864513,0.9937649,17
0.34575597,74.07882837,91.18974364,2.3,2.6,0.60905814,1.6072857,2.215072,2.4126613,2.4773762,2.5219352,2.561144,2.5956967,0
0.758412,5.29989338,80.34082031,2.00924063,2.18682504,0.83354735,2.32415915,3.30056524,3.67465687,3.77345991,3.7952857,3.80253983,3.81044436,23
0.3007,298.61521628,0.79570276,2.005,2.005,0.22283816,0.35898089,0.46422505,0.55273533,0.62873292,0.69500351,0.75344467,0.8056016,15
0.73101744,190.44982882,293.43489385,2.1,2.7,0.11658883,0.15844059,0.19854546,0.2326591,0.26587105,0.29779553,0.32858133,0.35672855,4
0.3,259.94704319,187.0590833,2.0,2.0,0.15727377,0.19794559,0.23607755,0.27064347,0.30198383,0.33058906,0.35663652,0.38046193,3
0.3,300.0,334.1337343536208,2.2,2.9,0.1749694347381591,0.2080836296081543,0.2405166625976562,0.2694685459136963,0.2967350482940674,0.3209190368652344,0.3435001373291015,0.3656833171844482,4
0.584553320827738,147.59122277740593,0.0219860181964489,2.248890581475953,2.832161155838484,0.3639044761657715,0.7665352821350098,1.0729596614837646,1.3103539943695068,1.5010614395141602,1.6591644287109375,1.7941005229949951,1.9118454456329343,8
0.3784116326404975,7.45002163976006,18.17212773144073,2.35655959,2.1308133,1.069298505783081,3.3365845680236816,5.481471061706543,6.818674087524414,7.280579566955566,7.323888778686523,7.335716247558594,7.343240737915039,6
0.30000001,140.76383972,400.0,2.0,2.0,0.14743495,0.15337658,0.15704584,0.15855789,0.16233039,0.16565061,0.16800141,0.17077303,11
0.8518667526606968,21.906456694162067,0.0285033600470014,2.979796185923257,2.948909864777872,0.7457489967346191,2.015964984893799,2.8786187171936035,3.366055488586426,3.674281597137451,3.906247615814209,4.092412948608398,4.246580123901367,22
0.43572446,189.55812426,105.92653426,2.3,2.1,0.2530427,0.43661833,0.5752704,0.6901901,0.78742313,0.86870193,0.940202,1.0026991,16
0.31187678,76.53343286,222.60312459,2.8,2.3,0.5282011,1.3844414,1.9338305,2.0543368,2.060661,2.0686305,2.0765512,2.0839999,1
0.32610062,59.84674023,259.09441088,2.1,2.0,0.39456105,0.8582673,1.0446053,1.053899,1.0601723,1.0662675,1.0718949,1.0770617,21
0.91019531,77.97922968,357.48895205,2.1,2.4,0.14589047,0.1993494,0.25283098,0.29901266,0.34051347,0.37709618,0.4092772,0.43821335,4
0.98854107,10.69307995,10.83171558,2.70784664,2.03074765,0.66483545,1.62417293,2.23862052,2.60851932,2.86332059,3.05430865,3.20636058,3.33550334,18
0.50543105,43.06918537,51.71446926,2.56078651,2.43461409,0.69727492,1.93876672,2.74756646,3.10140681,3.26319289,3.36526322,3.44309592,3.5065639,23
0.83196102,269.50194207,365.71573228,2.8,2.4,0.11682987,0.1417036,0.16562748,0.20125842,0.23834825,0.2692554,0.29786992,0.32649493,11
0.4586216709797546,6.161574387183936,5.880506127952927,2.0293448,2.36792684,1.0990889072418213,3.491238594055176,5.759335994720459,7.197734355926514,7.719568729400635,7.79085111618042,7.811960697174072,7.829607486724853,6
0.55363488,164.7006073,194.90557861,2.24587464,2.38903618,0.21592212,0.34671354,0.45830846,0.5543716,0.63830113,0.71265936,0.77852201,0.8386662,17
0.97453847,200.90202182,313.37307622,2.34464393,2.005,0.0800662,0.11896014,0.14758515,0.16778398,0.19604445,0.22204018,0.24547768,0.26842642,11
0.51874459,19.91379738,14.62553501,2.81404972,2.05951452,0.89982128,2.45232749,3.47318339,3.9578793,4.21446705,4.36213398,4.46945953,4.5320549,22
0.3,1.9557808676877344,10.885370957979708,2.5,2.0,1.1479568481445312,3.7100577354431152,6.476489067077637,8.72206974029541,9.91514015197754,9.981125831604004,9.98266315460205,9.983988761901855,14
0.59794651,118.20440802,395.89634609,2.7,2.4,0.20845866,0.29412913,0.36117935,0.41739416,0.46701097,0.51063395,0.549726,0.5848434,4
0.49001823,70.03118238,55.20505814,2.7,2.8,0.63176227,1.6811967,2.3727002,2.681509,2.835917,2.9442587,3.0310788,3.1073585,23
0.729622305016294,1.0233021111448923,0.0100930656600983,2.154663984574269,2.183980210286073,1.1672513484954834,3.714243173599243,6.137869834899902,7.713645935058594,8.414538383483887,8.616345405578613,8.731346130371094,8.830682754516602,12
0.96479889,7.31059227,313.85799203,2.8644571,2.97314408,0.5560627,1.44418073,2.06228757,2.28949475,2.30677772,2.30753493,2.30775762,2.30785728,1
0.43404956,70.65425887,350.55484349,2.30180896,2.62216672,0.35240626,0.70027161,0.87348866,0.93399668,0.97040343,0.99893594,1.02177501,1.04101443,21
0.5831086579441668,30.31335538982937,0.0424299595018114,2.293392696239389,2.826118118103285,0.8246009349822998,2.403944253921509,3.4979841709136963,4.001413345336914,4.233081817626953,4.373943328857422,4.482521057128906,4.566375732421875,22
0.48993063,277.35446167,328.73297119,2.43074179,2.73453879,0.13808775,0.17280388,0.20746875,0.24175692,0.27522659,0.3038888,0.33104014,0.35753369,4
0.6457806745622994,0.9999442566510738,0.0090860312341451,2.234557758736449,2.853208183959829,1.24287748336792,4.141740322113037,7.381832599639893,9.871246337890623,11.224491119384766,11.369380950927734,11.381113052368164,11.3907470703125,12
0.59436161,6.30644945,128.54990653,2.4,2.8,0.85279393,2.440422,3.6449609,4.164698,4.2983055,4.314485,4.314685,4.3147526,23
0.57468658,198.13765783,53.27401234,2.2,2.3,0.21115732,0.35992122,0.49380493,0.6124532,0.71775985,0.8121407,0.8972659,0.9755037,16
0.6898093534465445,64.31524345296897,0.1343258862755625,2.660073315947092,2.277604624875232,0.4795238971710205,1.1220216751098633,1.5639276504516602,1.8495259284973145,2.057621479034424,2.22439193725586,2.364626407623291,2.4827651977539062,18
0.5761252,13.2217474,42.84671783,2.66925311,2.39182043,0.93975616,2.67150164,3.91522503,4.49677658,4.730793,4.85498953,4.91489077,4.95266724,23
0.33788841,49.24499273,375.68741158,2.1,2.8,0.3259647,0.55794597,0.59259415,0.5951781,0.5974698,0.5997102,0.60189676,0.6040211,21
0.98098665,1.70441759,45.87793732,2.24215984,2.34308243,0.98030949,2.77469206,4.02116346,4.61429262,4.88326836,5.02041101,5.08092403,5.10918188,23
0.76171098,61.456883,66.21797074,2.8,2.1,0.42053747,0.9471235,1.3236732,1.5878234,1.7868714,1.9457567,2.076043,2.1855547,20
0.9201346,46.30819425,305.70711164,2.2,2.8,0.24452782,0.41720557,0.5465739,0.6494622,0.732476,0.8002975,0.85700035,0.90352416,17
0.636107603316829,64.26901763948496,0.0135770821543047,2.134488628199409,2.9420215302439905,0.5622334480285645,1.464851140975952,2.048422574996948,2.371358156204224,2.58583664894104,2.751051664352417,2.8894431591033936,3.006827116012573,18
0.8457515682452956,3.60624193694179,0.0247915233228537,2.601344499377859,2.8177803153748684,1.1056196689605713,3.3122074604034424,5.048810958862305,5.959178924560547,6.415792465209961,6.737287521362305,6.987251281738281,7.1734771728515625,5
0.47566868,281.29010294,66.91293281,2.5,2.2,0.19551563,0.31010318,0.4186659,0.51445055,0.60109305,0.6804662,0.7534661,0.8206456,16
0.80882122,187.09944249,70.88719807,2.0,2.9,0.157197,0.25973582,0.36174393,0.45696688,0.5458813,0.6294451,0.7076478,0.78105164,16
0.92512847,89.55908905,93.46374892,2.6,2.5,0.27101326,0.512439,0.72741604,0.9159019,1.0817142,1.2282319,1.3571756,1.471751,10
0.30371609,252.33435059,2.4367435,2.04758501,2.51991034,0.34603,0.70247865,0.9281857,1.07621193,1.18672371,1.27769327,1.35471463,1.41864467,8
0.65195715,165.47001648,180.44944763,2.40353465,2.83912516,0.23356056,0.39586806,0.5395124,0.66635346,0.77835441,0.87945271,0.97036242,1.05216575,17
0.79935785,32.69940118,223.04431091,2.7,2.4,0.43966866,1.0170026,1.4006007,1.6054075,1.7334168,1.8240612,1.8913867,1.9459589,20
0.66718743,188.2710555,95.57965859,2.4,2.9,0.21710348,0.36638975,0.5046387,0.62825894,0.7398784,0.84178877,0.93437743,1.019053,16
0.98681062,10.90628052,229.68382263,2.58590245,2.07456136,0.43600225,0.9916389,1.32634163,1.46701741,1.52241492,1.55212569,1.57215333,1.5871594,1
0.42878995,127.66648864,184.53142882,2.6,2.6,0.37384987,0.771616,1.0186467,1.1626003,1.2626796,1.3437915,1.4109862,1.4664981,10
0.56507421,132.11713171,183.34478381,2.5,2.4,0.28068137,0.5063708,0.67434716,0.80993986,0.9222934,1.0180717,1.0995255,1.1686718,10
0.56683721159106,4.421821457498251,0.0198899498744604,2.6328146063758044,2.1979940869414,1.1335463523864746,3.477447986602783,5.547641277313232,6.730675220489502,7.216690540313721,7.434725284576416,7.61803674697876,7.742501735687256,5
0.72826266,299.65673828,3.21424842,2.10912371,2.00330496,0.10512614,0.17773199,0.24357677,0.30619287,0.36829305,0.42765951,0.4849627,0.53921366,2
0.5163486235140672,44.72297949935612,0.0165675930973032,2.0098468414650035,2.232904960815776,0.6833326816558838,1.835087776184082,2.512793064117432,2.8069396018981934,2.968987941741944,3.0785112380981445,3.1750645637512207,3.255745410919189,22
0.9010853,291.29785424,122.89030489,2.4,2.3,0.10136008,0.16846037,0.22636962,0.27849388,0.33291483,0.38665104,0.43938422,0.48947263,2
0.363570815495819,3.87504432225881,0.0821968189224595,2.993717267815299,2.975158139245343,1.297557353973389,4.322595119476318,7.80706787109375,10.749455451965332,12.547189712524414,12.678472518920898,12.683955192565918,12.688700675964355,12
0.5456329012191679,44.2451387581774,1.1604598608661048,2.15996574417151,2.5967936225083825,0.7170679569244385,1.9996278285980225,2.8106768131256104,3.170879602432251,3.356121301651001,3.48165249824524,3.5859620571136475,3.668167352676392,22
0.3,141.83528788,400.0,2.0,2.0,0.14648867,0.15246272,0.1561451,0.15760064,0.16122746,0.16456366,0.16695857,0.16974401,11
0.7161745255629854,26.07983982937882,0.9453429657394764,2.12673048357594,2.694907194147232,0.7273640632629395,2.00815224647522,2.813685655593872,3.207728147506714,3.43489670753479,3.5987589359283447,3.730758905410767,3.840223073959351,22
0.42050521,260.45814702,301.52989251,2.17957103,2.93359983,0.16765904,0.21925592,0.27293396,0.31928468,0.36236715,0.40183496,0.43829513,0.47251415,4
0.72407221,290.25530478,370.43273454,2.9,2.5,0.1338234,0.14968371,0.17280555,0.21489453,0.24889517,0.27850986,0.30801058,0.33574915,11
0.8911749774827488,0.8702967125553771,0.1969030270776239,2.140035946368086,2.97233048536402,1.2009365558624268,3.8536198139190674,6.3868513107299805,7.937066078186035,8.6776762008667,9.026885032653809,9.239041328430176,9.398036003112791,12
0.6887895670020125,0.8625739159132539,0.026075151179755,2.161074897371844,2.7562151127994787,1.231039047241211,4.09034538269043,7.230391502380371,9.571393966674805,10.81580638885498,11.066354751586914,11.081674575805664,11.091132164001465,12
0.92387903,139.31797791,37.32382965,2.51259804,2.16287899,0.18436074,0.32702756,0.46466732,0.59343219,0.71205783,0.82218957,0.9241147,1.01875591,15
0.47716845,104.88587694,91.20505437,2.3157779,2.13633566,0.38727975,0.82809758,1.10157061,1.26176572,1.37722039,1.46859264,1.54086661,1.6034615,10
0.4083693223773803,238.8288800437728,0.4456704988194672,2.2668801473548825,2.1164015360042923,0.2503139972686767,0.4436874389648437,0.5982391834259033,0.7273914813995361,0.8375668525695801,0.9336135387420654,1.018136739730835,1.09191632270813,15
0.91320783,238.83049011,158.83805847,2.82279921,2.15408516,0.11533046,0.17991829,0.23880148,0.29419136,0.34934974,0.40434337,0.45608974,0.50549674,2
0.6182348398847746,0.9788107461064084,1.3876022775952577,2.0172928765704654,2.2430195588247925,1.1696078777313232,3.815974712371826,6.586543560028076,8.628108978271484,9.68246841430664,9.771215438842772,9.780052185058594,9.787158966064451,13
0.57147961,38.58852692,333.49170939,2.6,2.5,0.408041,0.90143704,1.1735723,1.2496605,1.2712483,1.2880456,1.3035035,1.3158667,21
0.7351615,281.15583186,258.25763469,2.84782148,2.65241301,0.15164518,0.18250489,0.22842646,0.28512168,0.33512235,0.37990284,0.42360687,0.46528363,4
0.32342383,10.15975666,33.56617355,2.64313173,2.67682958,1.15213418,3.52438688,5.84380865,7.38478231,7.8725152,7.90070295,7.91365957,7.91713762,7
0.40925944,282.51705933,312.75616455,2.34208632,2.97135043,0.17212272,0.21859241,0.26559138,0.3093462,0.3494103,0.38552332,0.41962457,0.45142865,4
0.6562330313984468,8.426141399913064,0.0658866576235713,2.5350565537511858,2.37713450882458,1.0264756679534912,2.99806547164917,4.451709747314453,5.156406879425049,5.515606880187988,5.754012107849121,5.930679321289063,6.060999870300293,5
0.6322236955968185,37.98037413474637,147.66836575900533,2.624577348212351,2.4411659377056982,0.535675048828125,1.372178077697754,1.9026074409484863,2.139487743377685,2.2622971534729004,2.348788261413574,2.4164905548095703,2.473331451416016,20
0.3,7.737581918219106,4.658012616306193,2.59336352,2.63749409,1.20967435836792,3.954787492752075,6.965693473815918,9.317167282104492,10.514780044555664,10.588031768798828,10.591835021972656,10.595219612121582,14
0.3295628,39.1357402,189.44982916,2.8,2.5,0.6890373,1.9641428,2.908658,3.227859,3.2403216,3.2405753,3.2410169,3.2416282,0
0.89106517,213.90985677,284.99281301,2.1,2.0,0.07678246,0.11723852,0.15084314,0.17675352,0.20690346,0.23515105,0.26275373,0.2894225,11
0.3459233091166971,0.808826154511293,3.835917215919309,2.563443036863646,2.7079976591691053,1.2779645919799805,4.30192756652832,7.8925933837890625,11.194355964660645,13.405219078063965,13.455982208251951,13.460123062133787,13.463714599609377,14
0.9258581528416172,196.2675027231988,339.4748192430593,2.4321838,2.55436289,0.1112265586853027,0.1595146656036377,0.200843334197998,0.2430510520935058,0.2851593494415283,0.324533462524414,0.3610708713531494,0.3967258930206299,4
0.93519866,32.30739747,179.15301352,2.7,2.2,0.39789605,0.8770144,1.2214308,1.4573843,1.6269441,1.7590353,1.8640304,1.9504747,20
0.4375662405724805,118.55311287754552,268.543670280133,2.48207903,2.04801846,0.232494831085205,0.3551387786865234,0.4323387145996094,0.4948983192443847,0.5469474792480469,0.5909397602081299,0.6296360492706299,0.6631383895874023,17
0.86694541,293.73826816,84.03694358,2.1,2.0,0.08442426,0.14313602,0.19620156,0.24267721,0.29164362,0.33865047,0.38426447,0.42927623,2
0.4068869,268.55572541,290.95918228,2.7,2.3,0.16535234,0.21035242,0.25832844,0.2989974,0.33772516,0.37326407,0.40551877,0.43613315,4
0.74847764,257.54886141,267.57382198,2.8,2.0,0.10563564,0.15835333,0.20717096,0.25311565,0.2982781,0.3418815,0.38314533,0.42311215,4
0.58410185,185.53930659,264.35544398,2.0,2.8,0.13791656,0.18279004,0.22751975,0.26786757,0.30459523,0.3388543,0.3709662,0.40044713,4
0.44767248,231.73329399,27.24410754,2.8,2.6,0.32046628,0.60974383,0.8275919,1.0048058,1.1520844,1.2774794,1.3843601,1.4796231,9
0.87842119,65.58563995,376.40719604,2.27479672,2.01349974,0.14645004,0.19227529,0.2351985,0.27262688,0.30530977,0.3336215,0.35827065,0.37978005,4
0.88936435,64.06689677,212.25575457,2.3,2.0,0.22897077,0.40997148,0.5629337,0.6925254,0.8021028,0.8965976,0.977906,1.0476086,17
0.876693307682848,21.06645003785152,2.5702956076153782,2.230965580356825,2.772894411524296,0.6671853065490723,1.7589244842529297,2.45120620727539,2.841892719268799,3.0976810455322266,3.293344497680664,3.4540233612060547,3.593206882476806,22
0.4381213430187044,18.064251419758783,0.0569476005691688,2.9363983279672268,2.336666505814441,1.030200481414795,3.064009189605713,4.673536777496338,5.473001956939697,5.797845363616943,6.0003581047058105,6.158998012542725,6.26010274887085,5
0.9309462223278138,1.9279856804137887,0.006384487705018,2.672213541315105,2.116322125280278,1.0504052639007568,2.9469857215881348,4.254905700683594,4.963769435882568,5.431045055389404,5.818859577178955,6.101898670196533,6.3299736976623535,5
0.37302476,216.08003549,45.61140421,2.8,2.1,0.34452748,0.70675445,0.9517257,1.1207073,1.250319,1.3557761,1.4462273,1.5254548,9
0.3174323929907251,13.59115261212304,19.155898531411,2.12890315,2.83784175,1.0905756950378418,3.5293781757354736,6.0232343673706055,7.749015808105469,8.416914939880371,8.45724868774414,8.460683822631836,8.46368408203125,14
0.5762376405807608,2.113237200764146,0.0147872793512183,2.1743103208584498,2.918886581788131,1.219057559967041,4.037513732910156,7.121335983276367,9.392475128173828,10.532958030700684,10.791399002075195,10.809947967529297,10.821622848510742,12
0.7429540857325756,3.531231151504471,0.6141035545093714,2.343524968491829,2.895864324724768,1.142982006072998,3.551231384277344,5.6512980461120605,6.819779396057129,7.329941749572754,7.589242935180664,7.787834167480469,7.937856674194336,5
0.35016784,52.38531494,376.29476929,2.62436724,2.58888602,0.40920424,0.89310503,1.12009025,1.13222361,1.13319016,1.13422704,1.13525462,1.1359961,21
0.85923863,268.5803584,384.58390432,2.3,2.1,0.06510353,0.09648776,0.12350583,0.1285119,0.14156413,0.15625381,0.17230868,0.1860621,11
0.40256721,212.8022962,269.90033365,2.3,2.4,0.1770885,0.22719884,0.27748847,0.3181033,0.35531425,0.38912368,0.41971684,0.44847894,4
0.5928752,201.48841217,80.48603822,2.88677549,2.93224335,0.28577828,0.51105857,0.70266652,0.86972737,1.0160954,1.1457777,1.26080847,1.36353922,10
0.9539967,167.0622404,346.9750785,2.5,2.7,0.13843894,0.18071556,0.22994447,0.2806232,0.3289144,0.37268734,0.41338968,0.4526503,4
0.6844834341650439,4.273768306195733,0.0086340560605486,2.229779856171546,2.382939749849297,1.091524362564087,3.306184768676758,5.093590259552002,6.02306604385376,6.427126407623291,6.650571346282959,6.816380977630615,6.941880702972412,5
0.91303689,242.15428091,344.55085517,2.4,2.1,0.07729006,0.11661577,0.15029597,0.17059708,0.19506025,0.22028041,0.24519515,0.26917696,11
0.81253047,247.63207155,32.5721335,2.41518878,2.6249874,0.15896797,0.26799583,0.37238979,0.47503614,0.57170391,0.66357112,0.7501862,0.83313942,15
0.4300527773403577,2.278962907678752,1.1934732428027677,2.161868912648393,2.1692531999812177,1.1685521602630615,3.80287766456604,6.622831344604492,8.835379600524902,10.002317428588867,10.05990505218506,10.065837860107422,10.07097339630127,13
0.78336455,57.57097609,35.97977855,2.0608396,2.3667722,0.40205836,0.87246156,1.21032786,1.45398808,1.63923788,1.78945541,1.91592669,2.02300239,9
0.5877994089831673,6.461226664828893,0.5843458693076319,2.9670460111114343,2.039710430840578,1.0506863594055176,3.063796043395996,4.581379413604736,5.357775688171387,5.754510879516602,6.065990447998047,6.320687294006348,6.496185302734375,5
0.3000550499106703,87.03788099282531,393.0260635907511,2.5,2.8,0.3669159412384033,0.7620937824249268,0.9453291893005372,0.9767072200775146,0.9919731616973876,1.0056605339050293,1.0178263187408447,1.0289018154144287,21
0.70596979,293.36124741,38.24258582,2.0461638,2.42365596,0.12098598,0.20187259,0.27794099,0.34924603,0.4188149,0.48545146,0.54897523,0.60954189,2
0.4009823873760875,37.43604122809934,24.74370881933317,2.1045654292740745,2.302686234530769,0.7996299266815186,2.292607545852661,3.306628465652466,3.7045648097991934,3.836047887802124,3.907124280929565,3.957995653152466,3.998712778091431,23
0.67292773,232.4720026,234.76706585,2.3,2.2,0.11602044,0.16803241,0.21804237,0.26143074,0.30476856,0.34640336,0.38525224,0.42185402,3
0.8930839245683568,10.386723313305083,0.0643917044702032,2.75453736808735,2.127433190501842,0.7754874229431152,2.0101680755615234,2.795243740081787,3.2482247352600098,3.550667285919189,3.771754741668701,3.945770263671875,4.088098526000977,22
0.53493866,180.30004942,199.62558411,2.6,2.9,0.24970126,0.40961075,0.536463,0.64615726,0.74128985,0.8254585,0.90036273,0.9677403,17
0.58728123,188.86837769,141.46403503,2.0,2.0,0.14965415,0.23408484,0.31347203,0.38540316,0.45052552,0.5098629,0.56466198,0.61503983,2
0.95104118,244.25013848,152.54782123,2.8,2.2,0.11845612,0.19716215,0.26522517,0.3348384,0.4045961,0.4712782,0.53425837,0.59476304,2
0.71028522,83.23788106,251.20335596,2.0,2.9,0.22207785,0.36016726,0.46805048,0.55680585,0.63077784,0.694628,0.7490177,0.79552937,17
0.66045483,109.29289949,176.53309985,2.3,2.8,0.26538014,0.47465706,0.63820004,0.77377987,0.8878448,0.98563695,1.0696867,1.1419241,10
0.92549786,176.09788587,162.3963074,2.0,2.9,0.1289823,0.20250988,0.27357292,0.34227037,0.40767765,0.4704678,0.528677,0.58411264,2
0.9687908606202184,0.8894118524399971,1.828109789987597,2.615073558082689,2.358247139652828,1.1539185047149658,3.448902368545532,5.261478424072266,6.260031700134277,6.820411682128906,7.2281494140625,7.591011047363281,7.866454124450684,5
0.40792608,110.35120392,158.15844727,2.28924012,2.00247931,0.33478069,0.65029931,0.82837057,0.93148828,1.00681543,1.06561065,1.1135416,1.15359235,21
0.55159986,200.10622321,178.81021901,2.8,2.5,0.23488045,0.38457727,0.51374817,0.6265862,0.726279,0.81609917,0.89674115,0.9698787,17
0.4281014668558798,50.9437271346199,29.00742848926702,2.183844829476821,2.5592334506130974,0.7430727481842041,2.1409335136413574,3.080761909484864,3.460524082183838,3.606608867645264,3.6865501403808594,3.746702194213867,3.797189712524414,23
0.40512819,292.16748233,37.70078705,2.5,2.4,0.23822927,0.3938203,0.52445126,0.637486,0.73696065,0.8259294,0.90563893,0.9783256,15
0.47520232,274.7088977,236.35805767,2.80394525,2.75748876,0.19127369,0.26255608,0.33553624,0.4013288,0.45973516,0.51385784,0.56413865,0.61080575,3
0.68657815,250.27906799,130.78990173,2.37090635,2.40054846,0.1441946,0.22369504,0.30262113,0.3760891,0.44564247,0.51075172,0.57231116,0.6305387,2
0.385499548621022,1.5036766411098406,0.0194923751181528,2.241202046961248,2.0837727384706386,1.1837799549102783,3.879771232604981,6.876236438751221,9.367733001708984,10.57472038269043,10.595050811767578,10.603092193603516,10.609739303588867,12
0.81881121,74.38070897,88.42065052,2.5,2.8,0.353436,0.7264602,1.0203233,1.2549181,1.4441652,1.600697,1.7331533,1.8469377,10
0.3873818516220068,2.259015961880257,0.0692340988853204,2.162870893394874,2.4732059672091413,1.2135651111602783,4.043975830078125,7.268468856811523,9.98573398590088,11.485501289367676,11.534104347229004,11.539277076721191,11.54369068145752,12
0.36738785,216.07951363,363.62760188,2.7,2.4,0.19400811,0.2398858,0.27933502,0.31165624,0.34222674,0.36942434,0.3940935,0.4170866,4
0.40877701,166.61057859,198.90411798,2.2,2.3,0.2437191,0.38913178,0.48931146,0.5713513,0.63879895,0.6974547,0.74776316,0.79086876,17
0.76518446,271.48761492,86.80004525,2.6,2.4,0.14215064,0.22976637,0.31281567,0.39439082,0.4727943,0.54660296,0.616771,0.6836393,2
0.5864012002237495,25.485357996353525,121.68003170892894,2.1941098955918026,2.847903618086574,0.6872923374176025,1.990556716918945,2.885107040405273,3.245718002319336,3.35822868347168,3.408901691436768,3.447178840637207,3.480688571929932,23
0.99593916,141.28474006,238.40790921,2.5,2.2,0.13778734,0.22237086,0.304425,0.381778,0.45447874,0.5230763,0.5874152,0.64788985,3
0.66267441,120.20282502,218.11196209,2.99975465,2.28840062,0.23363471,0.3861444,0.51174664,0.61804914,0.71064591,0.79194117,0.86309099,0.92686033,17
0.37845882,219.12211819,3.39739436,2.4,2.4,0.34463525,0.687191,0.92006636,1.0878961,1.2175314,1.3246047,1.4143622,1.4914236,8
0.9364003,200.93277212,268.71547922,2.2,2.4,0.10085607,0.15241909,0.19797397,0.23725891,0.27923727,0.31954646,0.35815477,0.3947611,4
0.60860502,195.08728047,370.58062445,2.5,2.7,0.1487031,0.1876359,0.22802997,0.26378775,0.29789114,0.32856297,0.35664034,0.3838508,4
0.8063679921734451,282.6705000891112,0.0935383123916102,2.657238149882011,2.628275558885001,0.1629188060760498,0.2698287963867187,0.3713538646697998,0.4763350486755371,0.5748577117919922,0.6673965454101562,0.7561562061309814,0.8409442901611328,15
0.99581077,64.68974655,117.5175526,2.74880535,2.03176717,0.23872876,0.44741011,0.63195491,0.7926569,0.93185258,1.05436611,1.16185308,1.25671959,10
0.9122788469015524,71.01559065434147,0.0239381413327515,2.120777816827278,2.2038321079563787,0.301295518875122,0.603074312210083,0.8610644340515137,1.079790115356445,1.2651610374450684,1.4249258041381836,1.5639030933380127,1.6860079765319824,8
0.83521766,118.09886658,381.0697903,2.6,2.4,0.15618062,0.21697569,0.28068662,0.33582282,0.38605714,0.43188548,0.4734211,0.5119915,4
0.8353119611508647,21.35451222477969,0.0054586236033893,2.373990693224748,2.054921275758566,0.6096353530883789,1.499509572982788,2.0567057132720947,2.3867199420928955,2.612172842025757,2.787344217300415,2.932683229446411,3.0538547039031982,18
0.7281158003320526,4.219264652812353,0.0031150892186153,2.395654395837432,2.8216092286786973,1.128605604171753,3.47204852104187,5.455058097839356,6.531374931335449,7.0074615478515625,7.269073486328125,7.462437629699707,7.619834899902344,5
0.66516729,103.00143294,284.62901005,2.3,2.5,0.21546745,0.3358965,0.4340241,0.5155659,0.58594155,0.64645433,0.69999194,0.7467785,17
0.64835476,214.89682603,161.56120784,2.4,2.3,0.15787864,0.24413729,0.33020854,0.40785193,0.47966623,0.5467634,0.60897374,0.6671767,2
0.35533703,89.73440429,241.24304676,2.6,2.6,0.44730997,1.0427644,1.3857467,1.4799092,1.5146811,1.5439627,1.5691493,1.5909255,1
0.3291220714334406,1.7265234745353737,0.1374666848054705,2.221573270644856,2.7416119588335297,1.2507472038269043,4.240139007568359,7.795926570892334,11.032920837402344,13.053861618041992,13.094696044921877,13.10097885131836,13.106353759765623,12
1.0,197.81382767,293.71760236,2.62051654,2.0,0.0886786,0.13171816,0.16300249,0.18964195,0.22265029,0.25265527,0.28108501,0.30834866,11
0.30000001,155.48461914,202.01060486,2.0,2.0,0.26291752,0.42551732,0.50777292,0.56635475,0.61280751,0.65049195,0.68376899,0.71267843,21
0.79118525,16.73797456,340.87009088,2.15689718,2.72055006,0.42452383,0.99115419,1.32616901,1.41900778,1.42624593,1.43041587,1.4344759,1.43779802,1
0.85094318,204.68586903,263.91060612,2.77688369,2.09166346,0.10922623,0.1569922,0.20009828,0.23957896,0.27817273,0.31709814,0.3539083,0.38858604,4
0.64839228,48.41678186,248.76406999,2.5,2.8,0.4126451,0.9073868,1.2196696,1.3749413,1.4666867,1.5346384,1.5883374,1.6301289,20
0.78115198,105.73082971,246.2325624,2.1,2.4,0.1733787,0.26828766,0.35824037,0.43583536,0.5045185,0.56648517,0.62165284,0.6712601,17
0.92197822,229.24208744,46.86732101,2.33435507,2.37413325,0.13455939,0.22994137,0.31868935,0.40458155,0.48832464,0.56878567,0.6455586,0.71880817,16
0.3,186.10071359,282.97148398,2.0,2.0,0.17075205,0.20103502,0.22726226,0.25006938,0.27151203,0.29035425,0.30740809,0.32338524,11
0.8584665142798076,251.9880134653354,0.1134275322349057,2.341421594433318,2.531869973881127,0.148367166519165,0.2541050910949707,0.3531584739685058,0.4510903358459472,0.5456631183624268,0.6359400749206543,0.7222473621368408,0.8042387962341309,15
0.81017445,175.13658655,159.81796517,2.27021953,2.76951793,0.17692423,0.29288149,0.4064281,0.51266813,0.61116028,0.70250154,0.78697586,0.86639214,17
0.95073476,228.49634648,64.72785366,2.1,2.5,0.11858678,0.19960332,0.27248573,0.34375858,0.4153471,0.48439002,0.5498829,0.612983,2
0.80353314,50.33541107,13.13912582,2.21043444,2.08824539,0.41294813,0.89883065,1.24528837,1.49193072,1.67951703,1.83162165,1.96046114,2.06966114,18
0.32608012,224.90185436,98.20180865,2.59017331,2.91951742,0.38114595,0.79778075,1.0621829,1.2213769,1.33693528,1.43121457,1.50790858,1.57486892,10
0.44531729,99.34152815,203.12462976,2.1820345,2.7210542,0.40112138,0.89508009,1.19692779,1.3396492,1.4278748,1.4943645,1.54987979,1.59637618,20
0.4171295271639483,214.87073708850147,0.0428166215492245,2.0911500771595644,2.569305852481667,0.3263096809387207,0.657008171081543,0.895399808883667,1.0763776302337646,1.221782684326172,1.343024969100952,1.4469633102416992,1.5381174087524414,8
0.9541314,50.77416017,89.63826455,2.1,2.5,0.30424666,0.6103761,0.8600917,1.0639532,1.2314317,1.3717499,1.4892774,1.5920782,10
0.34364123,95.60238698,287.85294992,2.2,2.1,0.31071758,0.55571675,0.65834236,0.70417523,0.7376299,0.7667711,0.7892227,0.80803394,21
0.7932192543754268,1.2921520877682615,0.1023957064844585,2.809452146661469,2.923319254373919,1.253465175628662,3.989219665527344,6.6396989822387695,8.30283260345459,9.096641540527344,9.461811065673828,9.712931632995604,9.935691833496094,12
0.600535295976075,0.8114513020211045,1.590799177140595,2.437032540326028,2.436003768205297,1.2383599281311035,4.078309535980225,7.225011348724365,9.731164932250977,11.115619659423828,11.194889068603516,11.202016830444336,11.207979202270508,13
0.86696099,56.9752228,383.2616274,2.22802066,2.72906203,0.22973633,0.37363958,0.48496866,0.57626748,0.65285611,0.71746016,0.77393508,0.82124233,17
0.85458076,180.79782104,361.64068604,2.12891102,2.40963531,0.09908581,0.13898349,0.17648125,0.20582366,0.23638558,0.26639485,0.29478002,0.32209134,11
0.7944988,32.81040192,294.13262939,2.3338573,2.53740191,0.36341405,0.75797534,1.00640297,1.14475369,1.22930121,1.28925896,1.33387923,1.36978436,21
0.8207641737009505,6.8952417015433625,0.1752785606872828,2.128536820890856,2.145365930745426,0.8963685035705566,2.435852289199829,3.417231798171997,3.908184289932251,4.193079948425293,4.390792846679688,4.531949996948242,4.653823852539063,22
0.44978137,69.69104448,391.6165847,2.6,2.1,0.29582453,0.51252985,0.603503,0.6492727,0.6828501,0.7094691,0.73127866,0.75198364,21
0.63869586,40.50956098,227.64100688,2.5,2.0,0.42355418,0.9804158,1.3103878,1.4466789,1.5202723,1.5736225,1.6142654,1.6466072,1
0.55564511,49.38145574,84.04822028,2.1,2.9,0.53688073,1.3185554,1.7905416,2.0134735,2.137978,2.2357378,2.3144884,2.378971,20
0.3147184706888284,16.952541219194774,0.0342148282625235,2.438381975720855,2.920719010558805,1.150169849395752,3.7131600379943848,6.325538158416748,8.132268905639648,8.857141494750977,8.939310073852539,8.951225280761719,8.963338851928711,12
0.6802377382862141,22.79382608968313,0.0163283221596237,2.8345447822283862,2.340126817971811,0.7857210636138916,2.130429983139038,2.9988200664520264,3.4526708126068115,3.7197883129119873,3.912513017654419,4.057526588439941,4.176648139953613,22
0.42276939,127.34705898,3.52485683,2.08069841,2.15926408,0.43425226,0.98115897,1.30649519,1.48430395,1.60951495,1.7121768,1.7964077,1.86856651,18
0.339425420310321,1.3892501935494102,8.37527002611225,2.263468446415988,2.234075240220628,1.1804852485656738,3.8799526691436768,6.899113655090332,9.473434448242188,11.137691497802734,11.202923774719238,11.206493377685549,11.209721565246582,14
0.56086913,171.06661437,84.29685224,2.75974734,2.07761337,0.23443604,0.40884352,0.5569036,0.68406296,0.79464054,0.89295959,0.98028207,1.05809641,16
0.305142644277013,36.46811597971415,0.4424402900194629,2.7476775907034408,2.6511162273545805,1.0148282051086426,3.10328221321106,4.911738395690918,5.8618011474609375,6.140819549560547,6.245672225952148,6.309845924377441,6.350142478942871,5
0.40581567,64.08806568,51.21059115,2.15518804,2.0364098,0.57790327,1.50351,2.02206349,2.21723533,2.31616998,2.38974738,2.4488523,2.50041699,0
0.39167777,253.96965308,282.55282544,2.6,2.3,0.17152262,0.21885014,0.26832294,0.30890298,0.34682846,0.38172674,0.41351318,0.44340348,4
0.49205619,299.16946411,299.81069946,2.19485927,2.47550035,0.11171794,0.14231944,0.17371416,0.19689131,0.22099805,0.2434299,0.2658782,0.28717279,11
0.61249016,253.9659937,171.2736071,2.2,2.3,0.12596512,0.18596101,0.24376869,0.29660344,0.34777737,0.39566922,0.440737,0.48314238,3
0.9516029091172972,22.578320773200232,1.0568037356375153,2.1792862521449576,2.761380680322985,0.5931215286254883,1.4853289127349854,2.070040941238404,2.437237501144409,2.698854684829712,2.9030792713165283,3.071483850479126,3.216949224472046,18
0.586939373172872,19.426016234646465,0.0038356419808047,2.1228449180362072,2.838888512273418,0.9190478324890136,2.752493143081665,4.1141557693481445,4.747694969177246,4.999533653259277,5.129033088684082,5.238407135009766,5.319733619689941,5
0.604424759500418,32.038094885563446,1.8579572316726296,2.071255760976793,2.770372490614105,0.764552116394043,2.189537286758423,3.121887922286988,3.540473699569702,3.740029573440552,3.879513502120972,3.979388952255249,4.071499824523926,22
0.7520504782902478,28.696766999116235,0.0593431731998356,2.036884487863845,2.167092068978332,0.6015887260437012,1.4964897632598877,2.031529903411865,2.328610420227051,2.5296854972839355,2.686992645263672,2.8147664070129395,2.9250874519348145,18
0.89098956,275.89514466,127.46960554,2.5,2.1,0.10161948,0.17093706,0.2325902,0.28848076,0.34535384,0.4014299,0.45589447,0.5083988,2
0.4082743765914702,5.876724419680967,0.0505909976602087,2.462158130379412,2.9229446560911314,1.2266535758972168,4.026240825653076,7.071735858917236,9.35438346862793,10.443662643432615,10.593841552734377,10.601778030395508,10.608713150024414,12
0.35757413,183.25345191,159.47878395,2.6,2.8,0.3492396,0.6764393,0.8748827,1.0029624,1.0996118,1.1775203,1.2441864,1.2989688,10
0.89654128,229.42558615,291.2402507,2.5,2.8,0.14033389,0.17208457,0.21586514,0.2667806,0.31684756,0.36004376,0.40154672,0.4422865,4
0.82191849,105.44920541,124.47999158,2.8,2.1,0.2496376,0.46388793,0.6548612,0.8223531,0.9705205,1.1009026,1.2167528,1.3202963,10
0.8217360181444199,1.894508498994783,1.310703496075111,2.19716356109311,2.330915522499112,1.1139287948608398,3.360594749450684,5.146413326263428,6.102580547332764,6.557346820831299,6.840381145477295,7.05442476272583,7.210448741912842,5
0.76973665,17.03556252,1.2840271,2.69458675,2.34075737,0.79470015,2.093189,2.91368842,3.34967446,3.61161542,3.79505229,3.9367702,4.05778503,22
0.9511170366367816,1.913955038792782,254.02240783328523,2.7421221092344075,2.504464000330028,0.6451079845428467,1.820357084274292,2.643146276473999,2.9038774967193604,2.913392782211304,2.913675546646118,2.913831949234009,2.9138705730438232,1
0.560476430905168,293.1974849228873,296.3155328438443,2.5,2.3,0.1066470146179199,0.1392676830291748,0.1679959297180175,0.1893227100372314,0.2124896049499511,0.2366082668304443,0.2586221694946289,0.2795705795288086,11
0.31877724,206.34466923,265.93756415,2.6140327,2.89545535,0.30404186,0.51907873,0.63320041,0.71763587,0.78658104,0.84374046,0.89443994,0.9377079,17
0.64358872,255.66035461,21.39524841,2.46944189,2.71927452,0.20244575,0.33969545,0.47280121,0.59605145,0.7090404,0.81414819,0.91170263,1.00252771,15
0.88446313,97.58170657,19.71057434,2.4,2.9,0.29380965,0.57364535,0.81924224,1.0331783,1.2191458,1.3812299,1.5225649,1.648385,9
0.32035622,15.51045648,32.50574507,2.40180933,2.19386024,1.03407311,3.04862523,4.72379112,5.57964325,5.76731014,5.81483936,5.83394146,5.84264088,7
0.45476492,250.40651041,237.83894892,2.9,2.2,0.19223356,0.27949452,0.3599944,0.43147826,0.4959221,0.5543208,0.6079736,0.65820813,3
0.6162363810835428,2.8780222638981114,1.0478129341149605,2.0531206659027244,2.7399055319015924,1.1608049869537354,3.757929801940918,6.322885990142822,7.968603610992432,8.644323348999023,8.81195068359375,8.876012802124023,8.928529739379883,13
0.38624229,132.93092854,247.42766044,2.3,2.5,0.2916193,0.4987173,0.6100466,0.6869714,0.74752665,0.7967751,0.84066606,0.87767863,21
0.9947083294020168,1.007024462214024,0.0053205686165528,2.635240570662499,2.76566110936847,1.1906964778900146,3.612016677856445,5.610574245452881,6.736050128936768,7.335782527923584,7.764525890350342,8.129030227661133,8.409807205200195,5
0.3935154053105311,1.3427844151151376,0.0141037343391729,2.456908479746587,2.859174775340412,1.281902551651001,4.326286315917969,7.949036121368408,11.247678756713867,13.348894119262695,13.409894943237305,13.415643692016602,13.42041015625,12
0.52279055,44.10921097,74.34138489,2.35228157,2.3602519,0.6311388,1.66330338,2.28853369,2.53419399,2.64842939,2.72555494,2.7896452,2.84405613,0
0.39394073,147.03603277,9.51911115,2.7,2.0,0.47064233,1.1492324,1.5634465,1.7660463,1.9001315,2.0064187,2.0915804,2.166842,18
0.6663528875042322,5.206883874175631,0.8172386340342561,2.640965409112181,2.0786130253163924,1.046536922454834,3.0307493209838867,4.488892555236816,5.223898410797119,5.614514827728272,5.915050029754639,6.143404483795166,6.304698467254639,5
0.7673002978495707,0.8896725140370362,0.0059433245280009,2.3220314317615136,2.6662171498244747,1.2274985313415527,3.976944923400879,6.75367546081543,8.59619140625,9.422258377075195,9.674333572387695,9.79480266571045,9.916265487670898,12
0.37454706,249.00971581,298.22524454,2.1,2.2,0.12092757,0.14152718,0.16057706,0.17389083,0.19045663,0.20573306,0.21970677,0.23189211,11
0.67472282,276.51606631,50.27106105,2.80865295,2.54872159,0.17271638,0.27740669,0.38112807,0.47987366,0.57200575,0.65783072,0.73834372,0.81495476,16
0.9620407732566352,28.05051367180141,0.0044352752771227,2.1184491348271264,2.7240812633150004,0.5294110774993896,1.2665393352508545,1.7725927829742432,2.114910364151001,2.3694660663604736,2.5724613666534424,2.7411048412323,2.886039018630981,18
0.72094524,53.76711655,77.91265869,2.14322519,2.16308117,0.40359449,0.88097501,1.20283675,1.41264129,1.56399608,1.68300772,1.78246188,1.86861348,20
0.7072292410890388,3.6886863011873294,0.2184561851333952,2.183954318071784,2.0783966023042235,1.055339813232422,3.0918726921081543,4.6184401512146,5.383027076721191,5.754756927490234,6.009789943695068,6.194212436676025,6.318019390106201,5
0.8242541205840096,79.33573652551443,0.6678219126491429,2.01841308044623,2.966949296507016,0.3651349544525146,0.7811169624328613,1.1172478199005127,1.3876349925994873,1.609148025512695,1.7949461936950684,1.9541327953338623,2.0929617881774902,8
0.9553422759762542,1.884465581289674,0.3870625997215378,2.368272013242543,2.5468234744728138,1.090350866317749,3.202029228210449,4.77074670791626,5.587656021118164,6.036301612854004,6.365291595458984,6.620438575744629,6.812244415283203,5
0.73495758,71.60373688,374.85876465,2.74580574,2.35385728,0.21948457,0.32297039,0.3974669,0.45716786,0.50824285,0.55122161,0.58815885,0.62127709,4
0.79254713,80.21172459,1.06756562,2.4,2.4,0.36623144,0.7640753,1.0775225,1.3263664,1.5264285,1.692764,1.8339865,1.9563243,8
0.5076829,147.39858012,151.6927377,2.4,2.9,0.3026569,0.55850506,0.7387645,0.8806274,0.99681926,1.0940077,1.1748924,1.2470798,10
0.6283371067014918,16.03277163083946,0.0396878293769419,2.359603631775738,2.296167325747545,0.8867928981781006,2.4892940521240234,3.5506906509399414,4.054752349853516,4.315069198608398,4.481557846069336,4.605791091918945,4.702545166015625,22
0.70820724,205.34550126,182.51228701,2.0,2.1,0.11082935,0.17055106,0.22493887,0.27465105,0.3239925,0.36991572,0.41310287,0.45367527,3
0.50488798,184.47551539,353.06054404,2.1,2.8,0.13182163,0.15626931,0.18104076,0.1971302,0.21253514,0.22862625,0.24460006,0.25868297,11
0.5574326476177186,109.19283169728918,1.0302008976653738,2.0163171683749948,2.574801050253161,0.4252004623413086,0.975229263305664,1.345813274383545,1.5870673656463623,1.769312620162964,1.914254665374756,2.0345139503479004,2.1398072242736816,18
0.30010554,281.29016113,163.05072021,2.36307144,2.50958753,0.23581862,0.35104418,0.43212843,0.50111818,0.5612421,0.61511707,0.66401386,0.70771813,17
0.44261143,89.56342229,205.85957798,2.4,2.4,0.39392424,0.85013795,1.1108325,1.226835,1.2981718,1.3558764,1.4023969,1.4426572,21
0.97133071,136.38447107,74.90424357,2.0,2.3,0.14925766,0.2612195,0.36837268,0.46946335,0.5648303,0.6536894,0.7371216,0.8152609,16
0.6160750784253577,0.7959654793245764,0.0117084999418273,2.302446938576071,2.243418464123265,1.2002699375152588,3.922019720077514,6.832607269287109,9.074946403503418,10.20220184326172,10.26323413848877,10.269756317138672,10.274930000305176,12
0.8618399275044759,86.74142893161454,0.0297877532878693,2.935555529908927,2.470521278086608,0.3440680503845215,0.7047767639160156,1.007016658782959,1.260335922241211,1.4720149040222168,1.6522693634033203,1.8073177337646484,1.94338607788086,8
0.8809654795934994,34.94832349455418,0.1062756295277246,2.423160022416792,2.6546038141425874,0.5449860095977783,1.3162243366241455,1.8439037799835205,2.18889594078064,2.4391896724700928,2.6385867595672607,2.8038008213043213,2.945047616958618,18
0.7181650703528043,14.816562659690108,380.374311817282,2.1,2.4,0.3726556301116943,0.8123884201049805,1.030189037322998,1.0530848503112793,1.053581476211548,1.0535874366760254,1.0537264347076416,1.0538125038146973,21
0.7969595926944528,279.073402784896,368.33497047280486,2.3,2.5,0.0897188186645507,0.1228940486907959,0.1476550102233886,0.1675214767456054,0.1918447017669677,0.2167201042175293,0.2381680011749267,0.259373664855957,11
0.39360241,164.96505272,336.61761057,2.7,2.8,0.26554537,0.40123916,0.47393394,0.5349388,0.58660483,0.6312628,0.6706021,0.7069769,17
0.963007427006471,156.87814130174027,365.1124991476512,2.02176404,2.03105187,0.0756902694702148,0.108121633529663,0.1340930461883545,0.1522250175476074,0.1750361919403076,0.1960353851318359,0.2164235115051269,0.2357687950134277,11
0.70706928,178.9757241,305.02306814,2.9,2.6,0.18259859,0.26625848,0.35016465,0.42842364,0.49832153,0.5627675,0.6223612,0.6780064,4
0.82859858,158.37311912,14.29624534,2.3,2.2,0.1904521,0.33975005,0.48125672,0.6123948,0.73305106,0.84457827,0.94727516,1.0425866,15
0.67790415,199.57952497,353.45989197,2.9,2.4,0.15198874,0.20640206,0.2626791,0.31837416,0.36823058,0.4137299,0.4568112,0.4968896,4
0.40875553,81.45722413,160.30411984,2.5,2.0,0.4696288,1.1500087,1.5404627,1.6633649,1.7211366,1.7661369,1.8048012,1.8381858,0
0.48546029,168.40745379,384.37708594,2.2,2.8,0.15060616,0.17512202,0.20127559,0.21660733,0.23236465,0.24891543,0.26352596,0.27742815,11
0.6847858192894186,82.83713386736927,0.6052026074186847,2.8574074909328187,2.8792449995201665,0.5014872550964355,1.1873018741607666,1.683499097824097,2.0133183002471924,2.254369020462036,2.4468882083892822,2.606435537338257,2.741982698440552,18
0.56319106,10.42364025,1.0939436,2.07164121,2.46994328,1.04991555,3.08676791,4.62823677,5.35747147,5.60793591,5.73987484,5.80947971,5.8543911,5
0.808860584613263,17.388898452400632,0.0616804646595217,2.143459151910676,2.730709442710113,0.7572782039642334,2.0870187282562256,2.92338490486145,3.348752737045288,3.600600481033325,3.7792580127716064,3.920945882797241,4.046445846557617,22
0.8802161245083541,42.741615149117415,0.0069507853060286,2.4971481403742515,2.9835169257378062,0.5312328338623047,1.276900291442871,1.8082480430603027,2.167440891265869,2.432569980621338,2.644367218017578,2.820363521575928,2.9721007347106934,18
0.75865996,14.08772276,196.53440173,2.7,2.6,0.6295693,1.7080061,2.4268887,2.7030857,2.7752702,2.79295,2.8055394,2.8172243,1
0.74625156,111.38403073,347.08841411,2.2,2.9,0.16677785,0.22575688,0.2853508,0.3325491,0.37611008,0.4153421,0.45041013,0.48280597,4
0.36034795,278.29997087,116.64077037,2.97573482,2.86317632,0.29801297,0.50863504,0.65460634,0.77708745,0.8812325,0.97156906,1.05103254,1.12196732,16
0.6082035651981773,250.43080029763783,0.5821051691466832,2.65820193882149,2.760900322973387,0.2402470111846923,0.4159116744995117,0.5802350044250488,0.7289643287658691,0.8635854721069336,0.986853837966919,1.0994374752044678,1.202810287475586,15
0.9534700590261592,247.4571964774877,0.1885756578761001,2.185700212255866,2.0893176300943743,0.1119623184204101,0.1956555843353271,0.2718570232391357,0.3446884155273437,0.4179365634918213,0.4891610145568847,0.5574030876159668,0.6239166259765625,2
0.40265037,256.42963546,83.38284107,2.6,2.4,0.2593131,0.4408307,0.5810294,0.6990459,0.80064464,0.89064884,0.9701507,1.0402093,16
0.84562979,95.85244916,116.08751915,2.3,2.2,0.23158264,0.4214158,0.5897374,0.73729706,0.86693835,0.9817188,1.0828896,1.1725383,16
0.41910041,89.81006672,43.56457079,2.0,2.8,0.5081909,1.2219853,1.6388798,1.8281841,1.9457035,2.0349607,2.1128502,2.1827884,19
0.75401783,76.90439984,298.41337169,2.5,2.8,0.26581717,0.45999837,0.60251,0.71873665,0.81475043,0.8955269,0.96438146,1.0227828,17
0.3114986881793073,180.7908576067762,374.7772478800069,2.31397247,2.01604724,0.1459243297576904,0.1555287837982177,0.1655383110046386,0.1714086532592773,0.1791167259216308,0.1857142448425293,0.1920549869537353,0.1977977752685547,11
0.7284683710881426,47.04271080381103,0.0173714065274609,2.4316413682018503,2.483969753398498,0.5534343719482422,1.3631579875946045,1.8907654285430908,2.206619501113892,2.4272806644439697,2.6005661487579346,2.744705438613892,2.8658010959625244,18
0.54973209,155.99333191,328.81256104,2.65153646,2.53218699,0.20087218,0.28057623,0.34943652,0.40757036,0.45960045,0.50640154,0.54848456,0.58689737,4
0.4104807985288871,16.77715635568678,25.22593116491609,2.03472233,2.21149993,0.931450605392456,2.7896595001220703,4.232497692108154,4.870032787322998,5.02739143371582,5.082289218902588,5.111621856689453,5.131058692932129,23
0.3,87.33801688474173,400.0,2.1,2.9,0.3437230587005615,0.715543270111084,0.8914647102355957,0.9273636341094972,0.9459161758422852,0.9622843265533448,0.9768457412719728,0.9895474910736084,21
0.89010001,257.66704075,385.34571638,2.6,2.4,0.10461545,0.12871337,0.15154481,0.17583847,0.20611715,0.23292613,0.2550695,0.2786088,11
0.93602468,256.32144687,60.59828297,2.6,2.9,0.1655333,0.24465036,0.33204222,0.42851377,0.5184219,0.60188484,0.68257046,0.75999093,16
0.36360021,201.07889635,37.85436642,2.09691795,2.82518075,0.38603306,0.85120106,1.15508986,1.33781195,1.47222209,1.57839704,1.66646838,1.7425828,9
0.6233456667115657,2.480499616783244,6.476406363447278,2.07089615,2.78281355,1.164600133895874,3.7804324626922607,6.41181755065918,8.152923583984375,8.877936363220215,9.025784492492676,9.064208030700684,9.09865379333496,14
0.81314273,268.79109413,12.13592556,2.5,2.9,0.16500258,0.27159166,0.37551165,0.48047185,0.57891726,0.6709385,0.75907207,0.84274316,15
0.7251331858337485,20.357888761295857,0.8456072401439406,2.3312194822843884,2.6528201471681974,0.7950313091278076,2.218301773071289,3.137259006500244,3.591757297515869,3.844296932220459,4.013121604919434,4.154373645782471,4.261258602142334,22
0.90980079,133.96617302,19.63987084,2.43941877,2.42078846,0.21615505,0.39213204,0.56010199,0.71417212,0.85531163,0.9847703,1.10339022,1.21217132,15
0.4423021731483711,54.89865835535603,0.0106597344319398,2.758466153107511,2.75166371354778,0.8082616329193115,2.3477587699890137,3.448050022125244,3.966387271881104,4.193630218505859,4.32172155380249,4.412210464477539,4.496253967285156,22
0.59871679,165.10521361,357.270569,2.2,2.3,0.12707996,0.15832067,0.19068098,0.2155149,0.24099612,0.26486778,0.28745937,0.30760646,11
0.78220534,291.0921936,74.42835999,2.18174696,2.71016693,0.13009357,0.21455503,0.29180288,0.36838102,0.44315052,0.51480508,0.58245945,0.64748883,2
0.5694542270887162,63.871914345165656,0.0163665707332028,2.721088048181695,2.3327840409852563,0.5850305557250977,1.497286081314087,2.076286554336548,2.3856217861175537,2.5827505588531494,2.7345426082611084,2.861493825912476,2.9673941135406494,18
0.92033637,90.45952606,301.00735474,2.904356,2.57218695,0.21264315,0.34322977,0.46253014,0.56686878,0.65975904,0.74226379,0.81652117,0.88310957,17
0.55085202,299.09773309,325.00287142,2.3,2.2,0.08858037,0.1162734,0.14135599,0.15218806,0.16775441,0.18372369,0.20064569,0.21599126,11
0.83929481,54.42762634,187.49779366,2.8,2.1,0.3349533,0.6899297,0.9590547,1.1642168,1.3256946,1.4549782,1.5601997,1.6492758,10
0.7160945,69.06899798,206.52913548,2.3,2.8,0.31096005,0.5970075,0.8006606,0.9546213,1.0744114,1.1689298,1.2474117,1.3137169,10
0.8596115507051417,0.878625541019614,0.3632174950429361,2.4587272749862854,2.758386537396344,1.228429079055786,3.902464866638184,6.445619106292725,8.003293991088867,8.74600601196289,9.102455139160156,9.342510223388672,9.538421630859377,13
0.7028437,19.70726689,309.33246326,2.4,2.7,0.44605756,1.0342379,1.3677342,1.4418976,1.4438546,1.4469349,1.44997,1.4526403,1
0.41120995,192.78410263,38.26155803,2.7,2.7,0.39367604,0.83549166,1.136498,1.3350685,1.4869387,1.6072204,1.706867,1.7937453,9
0.7372972526543556,2.786888401321949,6.697463581570188,2.3487878801524062,2.279184145244232,1.0915687084197998,3.290438175201416,5.040195465087891,5.974185943603516,6.3927764892578125,6.644985198974609,6.825529098510742,6.96475887298584,6
0.9373975835990964,0.8550131498186663,1.3792992481115176,2.105662250419812,2.969018689073835,1.1794836521148682,3.75317120552063,6.126481056213379,7.539164543151855,8.217900276184082,8.563358306884766,8.788250923156738,8.961445808410645,13
0.60593081,9.55037785,34.28913879,2.6066606,2.10951424,0.93485403,2.58970094,3.69939303,4.20518208,4.44773102,4.58071232,4.65842342,4.70681381,23
0.90432072,18.11462784,41.94795227,2.14387202,2.29289484,0.58836484,1.44206977,1.96604753,2.26412129,2.46279788,2.61340451,2.73715568,2.8423183,19
0.4197324995010192,4.644268658176192,0.0453669943718395,2.0423036986972747,2.1992633484668014,1.1371169090270996,3.658919334411621,6.23207426071167,8.034948348999023,8.906427383422852,9.05320930480957,9.05853271484375,9.063129425048828,12
0.73465779,173.99232067,118.66192166,2.8,2.6,0.22604513,0.38605976,0.5367265,0.6730366,0.79649305,0.9094722,1.012531,1.107234,16
0.92718451,72.21154821,330.71076512,2.4,2.3,0.1852746,0.2885387,0.38359308,0.46524644,0.5362117,0.5994196,0.6548302,0.7041824,17
0.88668209,127.36161388,253.9125745,2.2,2.5,0.14948297,0.22817421,0.3074956,0.37894845,0.44460297,0.5047455,0.5606458,0.6123214,4
0.81799394,266.69485474,81.47883606,2.27431202,2.41053724,0.12295628,0.20269513,0.27686262,0.34726214,0.41599512,0.48313999,0.54673338,0.60800052,2
0.66875177,19.55738477,234.7683078,2.9,2.9,0.61875916,1.6773529,2.4230094,2.7058883,2.7604318,2.7667465,2.7732964,2.7797775,1
0.30378377,142.87874386,231.8014516,2.7,2.9,0.41306686,0.8970084,1.1674733,1.2657557,1.3209348,1.3653331,1.4024386,1.4361815,21
0.32385187,265.07850074,135.97627431,2.2076208,2.0840145,0.18982244,0.26483607,0.32954955,0.38567305,0.43512988,0.47936106,0.51996875,0.55640626,2
0.6422108910323622,4.267666233155596,106.86830142402177,2.43230412,2.8100564,0.9123384952545166,2.811887502670288,4.441756248474121,5.285173416137695,5.485260963439941,5.51962947845459,5.522825241088867,5.522998809814453,7
0.7129439015354291,1.5212946927865243,0.0138101420093929,2.796468259573736,2.044615102852407,1.1449487209320068,3.505387783050537,5.576679229736328,6.8203535079956055,7.37554931640625,7.673267364501953,7.903016090393066,8.096431732177734,5
0.74049819,292.03396606,288.30383301,2.24088383,2.0004127,0.06943583,0.10230112,0.1265049,0.13771343,0.15844584,0.17658353,0.19373155,0.21140051,11
0.7936896359219541,165.1683771797171,0.0743180099141902,2.7989432506282905,2.4339026744843766,0.2387812137603759,0.4327759742736816,0.6157288551330566,0.7816019058227539,0.9320952892303468,1.0691850185394287,1.1941494941711426,1.3078908920288086,8
0.4808080381696133,1.3684823920137263,0.0035631260920693,2.937063056564162,2.330641075245925,1.247264385223389,4.077490329742432,7.207029342651367,9.802703857421877,11.302906036376951,11.35435962677002,11.361902236938477,11.368191719055176,12
0.3858620542221967,217.87928127099795,357.36232275498514,2.51333523,2.07166096,0.1284546852111816,0.1443829536437988,0.1608109474182129,0.1694955825805664,0.1813161373138427,0.1919806003570556,0.2026758193969726,0.2120914459228515,11
0.54738713,127.20139868,146.92112152,2.7,2.6,0.34913683,0.69906425,0.9471953,1.1298308,1.2716734,1.3872228,1.4845083,1.5692384,10
0.95910333,281.22398541,282.67051309,2.5,2.4,0.10273075,0.14172363,0.17655182,0.21033025,0.2501912,0.28851366,0.32241845,0.35612345,4
0.4682993501277234,14.74670512618422,0.0899718771581111,2.5174131688799744,2.92145562505662,1.0958585739135742,3.41470718383789,5.485928535461426,6.656509399414063,7.066659927368164,7.22202205657959,7.31739330291748,7.394024848937988,5
0.31126196,126.87324574,67.07217521,2.0,2.4,0.45476055,1.051713,1.3665006,1.4801464,1.5512111,1.610986,1.6586573,1.6995461,0
0.86428043,95.64487313,139.71341287,2.9,2.0,0.24720287,0.4636309,0.6575663,0.8284235,0.97895,1.1124277,1.2305684,1.3353989,10
0.6770268858788522,2.277373918320012,0.0309900153475896,2.092327400750344,2.2637013570256066,1.133387327194214,3.54093337059021,5.689677238464356,6.938510894775391,7.452422142028809,7.6568193435668945,7.781144142150879,7.88397216796875,5
0.97536016,201.25799561,342.82006836,2.38580847,2.58835936,0.11122489,0.1559732,0.19589829,0.23723483,0.280514,0.32021832,0.35640812,0.39193916,4
0.4170516455686054,5.733597838450868,0.0401501345513129,2.749542140628268,2.755482760055424,1.237039566040039,4.015530109405518,6.979345321655273,9.159828186035156,10.16500759124756,10.301615715026855,10.312152862548828,10.325607299804688,12
0.85011978,102.36364654,117.86401101,2.8,2.4,0.27138734,0.50822544,0.7167337,0.8987992,1.0588887,1.199616,1.3236763,1.4327981,10
0.93198681,49.89370346,388.94049072,2.00055885,2.36280179,0.18112206,0.26693869,0.34037948,0.40031552,0.45111251,0.49385738,0.53052473,0.56317973,4
0.76574422,44.80505678,25.93770462,2.1661286,2.72172573,0.52724695,1.28484178,1.78028798,2.08180547,2.29157519,2.45493054,2.59169984,2.70705962,19
0.98136495,79.81277521,159.16205822,2.8,2.8,0.27584457,0.51383066,0.7250538,0.91139245,1.0754387,1.2197142,1.347465,1.4602218,10
0.42803364,142.54266518,301.63708124,2.1,2.1,0.18034244,0.23237252,0.2753451,0.31219602,0.34521508,0.37391567,0.3997116,0.4228649,4
0.42120821,3.89516534,10.8410361,2.56599045,2.01402553,1.16453338,3.49245191,5.70661449,7.00258636,7.50351143,7.78141308,7.93291283,7.99107933,6
0.8281287648226543,11.472476758056946,0.1780169375129113,2.8680813061992643,2.8592119744228564,0.9053049087524414,2.566094160079956,3.71683669090271,4.3270769119262695,4.683102607727051,4.931321144104004,5.119978904724121,5.269613265991211,5
0.3039878921276153,1.011974954155625,0.0974686553111506,2.2279276381231328,2.644184830568076,1.2546937465667725,4.26485013961792,7.856667041778564,11.191675186157228,13.368124008178713,13.417985916137695,13.423538208007812,13.428163528442385,12
0.64954851,88.13297176,147.0993056,2.7,2.4,0.36859345,0.7730689,1.0615895,1.2673478,1.4230757,1.5483632,1.6494668,1.7345216,10
0.5138641844107447,5.366330281443073,0.6726983339019666,2.819225538107556,2.261920190507525,1.1488420963287354,3.5510013103485107,5.750283241271973,7.07724666595459,7.592813491821289,7.795578956604004,7.959475517272949,8.085747718811035,5
0.4174067235800362,2.258741764875205,1.9025372158685767,2.85118818,2.83933568,1.2879345417022705,4.291538238525391,7.745918273925781,10.6925048828125,12.398432731628418,12.453048706054688,12.457000732421877,12.460416793823242,13
0.34884053,224.6169432,239.92167861,2.6,2.4,0.23791337,0.35454154,0.43295717,0.4992435,0.55737114,0.60810685,0.6528485,0.6942134,17
0.9346471466654076,15.627547892496631,0.0258118197528019,2.9899490997788805,2.0616703629192283,0.6390397548675537,1.5851073265075684,2.210622787475586,2.5989084243774414,2.8693103790283203,3.079840660095215,3.2502918243408203,3.3954224586486816,18
0.674568954025922,0.7813887938806577,0.0749320059151141,2.957041281360669,2.70088158118271,1.2887191772460938,4.236376762390137,7.459752082824707,9.905454635620115,11.172426223754885,11.257704734802246,11.269532203674316,11.279788970947266,12
0.3155968210126288,281.62557417579575,290.0787634142308,2.4,2.3,0.1492068767547607,0.1704277992248535,0.1966638565063476,0.216177225112915,0.2348425388336181,0.2525491714477539,0.2694032192230224,0.2851424217224121,11
0.98449224,141.51313619,71.15300449,2.1,2.1,0.1404283,0.24842548,0.3507607,0.44782615,0.54004836,0.6262839,0.70797896,0.78494406,16
0.8339229098138713,4.9036594361515045,15.415490950558285,2.364285072878796,2.3248177777424104,0.9581711292266846,2.7194180488586426,3.923596858978272,4.523950576782227,4.846385955810547,5.059764385223389,5.20263147354126,5.323076248168945,6
0.31568884,248.86264776,142.42625982,2.26627953,2.62649385,0.28262615,0.48768401,0.61753583,0.71845913,0.80150032,0.87325335,0.9348309,0.98910546,17
0.46888456,252.40295607,273.64875354,2.7,2.8,0.1897676,0.25439644,0.3193152,0.3769641,0.42815304,0.47542644,0.5193329,0.5601206,4
0.70562899,92.07852173,269.85617065,2.10708785,2.07184744,0.18517566,0.28432846,0.36932969,0.44141579,0.5041492,0.558357,0.60611963,0.64988112,4
0.952380801157196,2.165665080888149,7.360463073932651,2.7982030038358583,2.806694547863228,1.1101689338684082,3.2872910499572754,4.972818374633789,5.861485481262207,6.351634979248047,6.719313621520996,7.010246276855469,7.2239580154418945,6
0.3328361662876121,5.314999045877193,0.0057102524268552,2.146623357565696,2.569339434793204,1.1972568035125732,3.965586423873901,7.057075500488281,9.543478965759276,10.79890251159668,10.856918334960938,10.860692024230955,10.863934516906738,12
0.86431379,196.36784,97.5870121,2.2,2.6,0.14608169,0.2412591,0.33314466,0.4201839,0.5030892,0.5813167,0.65576696,0.725898,16
0.48391458,102.24095756,173.36463472,2.9,2.5,0.4360187,1.0061126,1.3792264,1.572504,1.6938734,1.7848444,1.8612604,1.9250283,20
0.33760417,299.20922852,115.8708725,2.01806736,2.17410469,0.16352558,0.22629452,0.28696513,0.33928204,0.38747525,0.43080997,0.47087073,0.5078671,2
1.0,233.20395564,400.0,2.0,2.6564629,0.07453299,0.11231399,0.1423893,0.16347861,0.18754673,0.2112062,0.23516059,0.25888038,11
0.81269419,132.08180523,15.74640322,2.5,2.4,0.25591993,0.47675157,0.67797923,0.85739493,1.0174425,1.161072,1.2886825,1.4041879,9
0.44461092,223.353302,82.865448,2.32923365,2.94738436,0.30384207,0.57205915,0.77102065,0.93348503,1.06782365,1.18242168,1.28179073,1.36706996,10
0.6458022003029014,98.06823319004344,43.96286333845768,2.7690591453013496,2.974890454244361,0.4546911716461181,1.0428619384765625,1.472200870513916,1.7650232315063477,1.983048915863037,2.1573925018310547,2.301222801208496,2.425732135772705,19
0.59040888,77.8456433,17.5197888,2.48242284,2.6471493,0.52703047,1.31034374,1.82526255,2.11702585,2.31428623,2.46927118,2.59744692,2.70788574,19
0.90586084,218.85464128,358.79964345,2.1018542,2.31001246,0.07903457,0.11658812,0.14886785,0.16768503,0.19161725,0.21563745,0.2388773,0.26083946,11
1.0,272.66921198,140.60043998,2.0,2.0,0.07333684,0.12443852,0.16980672,0.20866442,0.24980164,0.28950071,0.32867312,0.36684322,2
0.71687555,147.55319214,78.90987396,2.35092926,2.27600002,0.21888804,0.38468099,0.53615618,0.67013717,0.79012585,0.89802051,0.99558187,1.08367348,16
0.32781586,220.64567959,157.89711238,2.9,2.6,0.3472402,0.67474604,0.8764298,1.0086789,1.1090748,1.1923122,1.2616401,1.3222866,10
0.9131382256417933,0.8282630076666591,0.1790560302713546,2.8686184785292435,2.127008832828009,1.1594769954681396,3.4774982929229736,5.3615264892578125,6.434621810913086,7.008535385131836,7.446963310241699,7.842859268188477,8.200409889221191,5
0.50838584,298.08035278,311.5506897,2.25075197,2.15753317,0.08830166,0.11377192,0.13558507,0.14244461,0.15736413,0.17184401,0.18600893,0.19827843,11
0.99998367,298.76953205,396.17844356,2.09298557,2.0,0.04867649,0.07464886,0.09616017,0.09791851,0.10870075,0.11612248,0.12216663,0.13144612,11
0.92197253,195.58318524,299.44141885,2.5,2.5,0.12275338,0.1772685,0.22814584,0.28020597,0.3310027,0.3779955,0.42194796,0.46456337,4
0.56683743,152.1474048,241.69274328,2.1,2.6,0.17985368,0.25777292,0.33012772,0.39230418,0.44684815,0.49639273,0.5409565,0.58162546,3
0.55883833,252.56044791,349.11337263,2.8,2.8,0.15359473,0.19054222,0.2340684,0.27888823,0.3148551,0.3489313,0.38117552,0.41129875,4
0.96509078,287.90191976,142.47380738,2.5,2.4,0.11145854,0.1744349,0.22956657,0.28499293,0.3439994,0.40041566,0.45384288,0.5056236,2
0.48884888,126.33218699,389.47398961,2.6,2.6,0.22785068,0.31553006,0.3697586,0.41576862,0.4558711,0.49116254,0.52237296,0.550359,4
0.42156982,23.05166054,5.82283449,2.07648325,2.00106907,0.9175837,2.5550611,3.62773824,4.04543591,4.21067524,4.28470802,4.32474995,4.36126232,22
0.95526469,290.40637207,109.15396118,2.0021832,2.00343585,0.07506156,0.12796712,0.1752758,0.216259,0.2593267,0.30082035,0.34184217,0.38163352,2
0.9826863165552808,0.849455132843516,0.0213857376415165,2.3219070878340133,2.9120495227875853,1.1945765018463137,3.714097023010254,5.921194076538086,7.194070816040039,7.835598945617676,8.215418815612793,8.510932922363281,8.749868392944336,12
0.9923025357732632,2.356827201548907,0.2242074432468455,2.195979007864538,2.799344417475143,1.0479004383087158,3.0834312438964844,4.580811023712158,5.34813117980957,5.749192237854004,6.030724048614502,6.245574474334717,6.418138027191162,5
0.54323645,105.02467596,342.33483215,2.4,2.6,0.2385354,0.35785866,0.4342513,0.49624133,0.5484941,0.59325075,0.6332493,0.667681,17
0.85646492,250.78113726,201.81468919,2.8,2.4,0.12799,0.19963002,0.26216316,0.33063936,0.39656758,0.45755863,0.5150142,0.57116985,3
0.5710885634025965,19.14531464379497,0.0037322235318009,2.55092360089484,2.036954158990837,0.84920334815979,2.327232360839844,3.2752585411071777,3.738602638244629,3.996195316314697,4.161365509033203,4.28732967376709,4.371418952941895,22
0.3947099011714727,13.687683904716836,35.489431649654165,2.25034857,2.30982089,0.9767866134643556,2.982527494430542,4.673873901367188,5.541683197021484,5.7434492111206055,5.796755790710449,5.82021427154541,5.833437919616699,7
0.573685426941595,22.72504951242986,0.0244420490004526,2.36761449487722,2.457433365032883,0.873084306716919,2.499078750610352,3.609839916229248,4.122254371643066,4.364202499389648,4.509206771850586,4.619826316833496,4.708808898925781,22
0.58823085,215.27681364,388.11602834,2.8,2.2,0.13166237,0.16698217,0.2038722,0.23653984,0.2682221,0.2975564,0.32472157,0.35068154,4
0.47817159,150.38265991,283.46060181,2.43006802,2.21934843,0.19802713,0.27611494,0.34057689,0.39453411,0.44127083,0.48288131,0.52009201,0.55400991,4
0.8086325,285.86250302,355.66662826,2.9,2.8,0.15526009,0.15947199,0.18983698,0.23839045,0.27588034,0.3113799,0.3453231,0.37890506,4
0.56082355,159.28699034,51.63894582,2.4,2.0,0.27063847,0.50428057,0.6933799,0.85020304,0.98308134,1.0974956,1.1950073,1.280843,9
1.0,300.0,264.2866901670798,2.0,2.0,0.0583498477935791,0.0930767059326171,0.1241364479064941,0.1421608924865722,0.1661083698272705,0.1882224082946777,0.2106232643127441,0.2335374355316162,11
0.4806907640269072,0.8927004597973517,0.0170287477765962,2.701385131879669,2.007637583938326,1.1958732604980469,3.876978635787964,6.793794631958008,9.20184326171875,10.670598983764648,10.740805625915527,10.747359275817873,10.752761840820312,12
0.3474944675177228,0.7722048875144176,0.0045414911832312,2.486142562043446,2.7621251106362186,1.2871718406677246,4.367688655853272,8.085920333862305,11.570987701416016,13.918832778930664,13.95975112915039,13.96790885925293,13.974838256835938,12
0.98567976,199.22450588,393.39491556,2.6,2.9,0.15005684,0.1545651,0.18268323,0.22656202,0.2652588,0.29599524,0.32853913,0.35805678,4
0.3155977183965495,1.8303037488624967,3.725130983051914,2.30759239,2.42438602,1.2212865352630615,4.059064865112305,7.306744575500488,10.168057441711426,11.99432373046875,12.048872947692873,12.053874969482422,12.058265686035156,14
0.68433091,25.61795635,154.61762011,2.5,2.7,0.59341836,1.54898,2.1607382,2.414893,2.5238874,2.588281,2.639037,2.6817863,0
0.50485069,133.14962328,112.30747258,2.34744597,2.7156039,0.36840272,0.76993942,1.04623795,1.23677611,1.37857199,1.49552488,1.59322524,1.67520618,10
0.97607364,210.32203086,356.58032541,2.0,2.1,0.06413054,0.09614253,0.11901855,0.13104367,0.15013337,0.16653752,0.18219757,0.19859314,11
0.5301526864443545,124.41534786448656,0.0700956974378418,2.6846342371583543,2.281767419093731,0.4046370983123779,0.8919379711151123,1.2338814735412598,1.4657206535339355,1.6414289474487305,1.7845187187194824,1.902193069458008,2.0049848556518555,18
0.40855191,206.19968821,387.78623552,2.98208701,2.59982673,0.19135809,0.22511673,0.25731039,0.28459048,0.30914927,0.33078384,0.35112166,0.36986613,4
0.51325453,165.18202138,154.44851092,2.1,2.8,0.22441983,0.36384892,0.47743416,0.5735948,0.6561649,0.72956777,0.7934892,0.8524635,17
0.4589466501019412,22.32546500105096,11.155666465596337,2.0,2.0,0.8520514965057373,2.407954216003418,3.431553840637207,3.850178241729736,4.008479595184326,4.104396343231201,4.16795539855957,4.213225841522217,22
0.79831836,14.52551567,274.16873416,2.3,2.3,0.44728065,1.040216,1.3662744,1.4450805,1.4501085,1.4541202,1.4576645,1.4605932,1
0.70607169,88.73188075,231.45095724,2.6,2.4,0.2828312,0.5193186,0.6984706,0.84230924,0.9605477,1.0596638,1.1434078,1.2151163,10
0.815361,110.46499845,107.72211554,2.1,2.9,0.22274828,0.39785838,0.555331,0.69428325,0.8169341,0.9268997,1.0248389,1.1130061,16
0.5564327399749425,234.30772730044907,0.0793957742027187,2.7885615290969668,2.536544201056643,0.2576038837432861,0.4588391780853271,0.6355810165405273,0.7909462451934814,0.929419994354248,1.0530340671539309,1.1640944480895996,1.2646269798278809,8
0.85058303,78.79511692,52.68144606,2.35542486,2.93722051,0.3599534,0.74700403,1.06281519,1.32254148,1.53712368,1.71701622,1.86979342,2.00233221,9
0.30538097,293.38565063,114.9814682,2.2267096,2.43204951,0.2251575,0.33782315,0.42447662,0.49816823,0.56227517,0.61985421,0.67199588,0.71847224,16
0.41964972,250.00060548,190.17395925,2.8,2.0,0.19872499,0.3016901,0.39277005,0.4716835,0.5422156,0.6067426,0.6643317,0.7176397,17
0.54707791,31.79276859,338.08355273,2.1,2.7,0.3499508,0.676003,0.79721403,0.81075144,0.8187125,0.82555413,0.8313112,0.83624244,21
0.97464226,136.4365542,74.31205851,2.2,2.2,0.16083956,0.28301597,0.39915562,0.50933266,0.6126399,0.70908165,0.79906607,0.88364196,16
0.81373853,98.30881713,8.72126881,2.3,2.1,0.27459502,0.5305681,0.75310564,0.94516253,1.110882,1.2557898,1.3823259,1.494349,9
0.5684967,77.27240753,61.83247757,2.13701391,2.52955055,0.47418451,1.12853742,1.5360775,1.76224351,1.90968919,2.0307672,2.12797713,2.20766568,19
0.39192793,4.26518118,106.54245945,2.66881842,2.27909551,0.89314461,2.70400286,4.27645397,5.06201315,5.16825819,5.19585228,5.1984539,5.19894838,7
0.716523821493566,235.93624385193223,388.6888541189992,2.1,2.4,0.0851850509643554,0.115117073059082,0.1418673992156982,0.1566612720489502,0.1743347644805908,0.191791296005249,0.2098200321197509,0.2269010543823242,11
0.3217728008278565,20.933053792917114,11.111223489461931,2.24900866,2.30414414,1.0064232349395752,3.0754730701446533,4.854275703430176,5.795452117919922,6.033336639404297,6.085832595825195,6.114337921142578,6.13286018371582,6
0.79640038,172.53504819,392.57193813,2.1,2.9,0.1017375,0.13139486,0.15562773,0.16777158,0.18201375,0.19940329,0.2139945,0.22740912,11
0.81471133,98.13114118,382.83108383,2.5,2.4,0.17262435,0.24274802,0.3123064,0.37080932,0.4227996,0.469563,0.51149154,0.54967713,4
0.6023761,96.80254023,14.44117284,2.5,2.9,0.46198082,1.057939,1.4761138,1.7456579,1.9439106,2.1002975,2.2289505,2.3395948,19
0.80210541,129.17503229,44.70309592,2.4,2.5,0.24819493,0.456944,0.6463661,0.8140116,0.9629314,1.0968866,1.2158179,1.3233955,9
0.55106246,156.08097839,317.94421387,2.27706099,2.3463037,0.1683476,0.22498941,0.28201151,0.32919478,0.37182021,0.41000271,0.44518924,0.47738457,4
0.8201036945832925,45.45390626901957,0.009645069302798,2.4739327657442938,2.8419494774471383,0.5411508083343506,1.3198421001434326,1.858760356903076,2.207392692565918,2.460714340209961,2.6613359451293945,2.8274402618408203,2.9692864418029785,18
0.46264482,162.87443992,80.38491491,2.2,2.5,0.30516577,0.5750804,0.76701164,0.91459703,1.0326273,1.1311464,1.2141411,1.2860675,10
0.61017907,118.47664531,74.54650845,2.9,2.5,0.38846946,0.8286166,1.1526713,1.3902247,1.5747037,1.724555,1.8470974,1.9541883,10
0.54325575,15.96891357,3.7708436,2.5,2.0,0.93663669,2.54925013,3.58704519,4.07067728,4.32548809,4.48203135,4.58358669,4.66026163,22
0.85404609,297.68821731,5.77732929,2.7,2.9,0.17143488,0.25990367,0.35416675,0.45858717,0.5535033,0.6433556,0.729815,0.8126583,15
0.54212904,93.44155884,370.84136963,2.16442895,2.18611431,0.1945281,0.25626349,0.30175471,0.33895469,0.37047052,0.3975482,0.42135334,0.4429903,4
0.94992518,189.78511242,307.22909448,2.1,2.9,0.10131955,0.1446364,0.18101454,0.21111035,0.24204111,0.27587414,0.30653834,0.3353002,11
0.40290599,277.48192463,173.84317334,2.5,2.5,0.2000041,0.28689432,0.3661847,0.4342966,0.49607253,0.5526831,0.6041846,0.6516321,3
0.89003874,26.67096198,369.09524334,2.5,2.7,0.32709122,0.62635803,0.8061116,0.9095206,0.9728353,1.0178902,1.050353,1.0745945,21
0.3068486,242.45691277,222.28949852,2.01261174,2.56768214,0.22230077,0.32646155,0.39844728,0.45911813,0.51144958,0.55859828,0.60010219,0.63719773,3
0.6868112469336606,4.767407550142674,0.0035340219192254,2.4038797198444217,2.118376874750372,1.0533661842346191,3.0713937282562256,4.568897247314453,5.327260971069336,5.714495658874512,5.983893394470215,6.17757511138916,6.32176685333252,5
0.3714067006883328,176.58832037598978,368.2294253243469,2.95513844,2.11120701,0.1640517711639404,0.1848297119140625,0.2069201469421386,0.217604398727417,0.2303848266601562,0.2430336475372314,0.2540814876556396,0.2649681568145752,11
0.32442324,222.00764812,164.7189119,2.3,2.7,0.2633946,0.42170215,0.5195644,0.5983405,0.66630363,0.7233722,0.7737143,0.81713367,17
0.37416885,244.34661346,248.72394431,2.3,2.7,0.1815381,0.23162794,0.27986693,0.3192997,0.35552788,0.38955116,0.42036915,0.4486835,3
0.40982747,161.37678528,319.00061035,2.36312056,2.39083767,0.21256828,0.28854489,0.34392452,0.39002371,0.42999959,0.46558666,0.49780059,0.52650762,4
0.3821072527061858,198.22731649483865,0.0075049968975394,2.754460560632864,2.297989946133179,0.370206356048584,0.7825069427490234,1.0621938705444336,1.2478952407836914,1.3893170356750488,1.505521297454834,1.6009058952331543,1.6861209869384766,8
0.4108523434576404,4.652668206560773,0.0532555644886064,2.882683515875885,2.192262678282269,1.183774471282959,3.760719776153565,6.408112049102783,8.290410995483398,9.182811737060549,9.29021453857422,9.303205490112305,9.324174880981444,12
0.53697491,232.16749573,134.27218628,2.46298838,2.38035846,0.19108129,0.29601121,0.39608765,0.48388624,0.56327295,0.63634753,0.70326996,0.76538062,17
0.844991910172451,2.6363180118007365,0.1309618765357587,2.451209185597734,2.210404427316444,1.0657892227172852,3.076578140258789,4.51803731918335,5.255146503448486,5.694471836090088,6.016255855560303,6.263316631317139,6.4522223472595215,5
0.72410562,129.19116119,40.21347036,2.66593884,2.25481023,0.2687676,0.50481772,0.70825219,0.88385153,1.0362854,1.1694386,1.28627133,1.39018202,9
0.7404783812274177,0.9658147006311408,0.0455945859444329,2.2719371267771087,2.884220481006777,1.2391762733459473,4.069897651672363,7.065491676330566,9.158531188964844,10.149927139282228,10.40892505645752,10.472644805908203,10.53808307647705,12
0.60284589,51.16268331,275.78383989,2.2,2.1,0.3224492,0.6173315,0.7848668,0.8719945,0.93059015,0.9737797,1.0097973,1.038399,21
0.4957646481944543,4.5851989548031336,0.3488346826974765,2.034217520444644,2.521215933269416,1.148336410522461,3.714232921600342,6.284118175506592,8.002704620361328,8.697614669799805,8.808691024780273,8.83497428894043,8.8616943359375,13
0.6153602294018912,98.33461081933054,21.60536994844912,2.3769702081076702,2.5363461174444057,0.4215085506439209,0.9456775188446044,1.3145568370819092,1.5666441917419434,1.7561962604522705,1.9101102352142327,2.0380070209503174,2.1458327770233154,19
0.98091665,15.27358596,359.85181914,2.9,2.6,0.4138434,0.9235921,1.2594187,1.4218771,1.4927461,1.5285199,1.5506661,1.5660813,1
0.78814014,78.4388674,275.80955458,2.3,2.4,0.22060943,0.3627832,0.47975945,0.5780144,0.6609771,0.7324128,0.7935951,0.8483145,17
0.44611531,145.36927196,175.71857077,2.9,2.1,0.3356588,0.68356323,0.9157562,1.0718863,1.1895473,1.2829852,1.3590825,1.4272816,10
0.71077744,299.90440315,382.49010351,2.8,2.3,0.10140491,0.127527,0.14764786,0.17067909,0.19876671,0.22329712,0.24391103,0.26549315,11
0.86605171,284.55854606,19.49580985,2.5,2.0,0.11259508,0.19592476,0.27245665,0.34428596,0.41567707,0.4859941,0.5537791,0.6188948,2
0.62338441,98.11185812,356.73970685,2.2,2.6,0.1942234,0.26256728,0.31851935,0.3642907,0.40405536,0.43862414,0.4691484,0.49665737,4
0.91387162,29.51559044,262.49399452,2.8,2.5,0.39572716,0.86416554,1.1901164,1.3959947,1.5348845,1.6338453,1.7083182,1.7678809,20
0.61973294,100.73923971,248.78454725,2.1,2.8,0.2285006,0.36611032,0.47022462,0.5558219,0.62705445,0.68861294,0.74144745,0.7870965,17
0.77232123,253.42630403,352.87432863,2.70707498,2.65119342,0.14175916,0.15706301,0.18705368,0.22942185,0.26721549,0.29830241,0.32991529,0.35970092,4
0.30500858,30.37334293,93.65931451,2.48074333,2.74813919,0.8872931,2.64929152,4.11169863,4.82020521,4.96614885,4.97842693,4.98035526,4.98206568,23
0.36572036,249.54190443,240.66086862,2.4,2.2,0.17847204,0.2328074,0.28551793,0.33073115,0.37122083,0.4081881,0.44189262,0.47303486,3
0.8766162983825602,2.1692658390253565,0.0035550428905969,2.366285769373447,2.071642009496534,1.0505130290985107,2.991610527038574,4.3543877601623535,5.065706253051758,5.500267028808594,5.821439743041992,6.064379692077637,6.24075984954834,5
0.42632225,209.69579309,347.36498969,2.4,2.2,0.14947772,0.17714238,0.20945382,0.23390746,0.25704336,0.27871704,0.29984403,0.3191855,11
0.9946272478300894,271.6597075898425,400.0,2.13313092,2.15186504,0.0589547157287597,0.0880646705627441,0.1140062808990478,0.1155343055725097,0.1264019012451172,0.1389470100402832,0.152963638305664,0.1646802425384521,11
0.5305319068572197,1.929648304442463,0.006703990993789,2.253462479385306,2.914767769624498,1.2441303730010986,4.140507698059082,7.410442352294922,9.974844932556152,11.36131763458252,11.487386703491213,11.497220993041992,11.505526542663574,12
0.82179072,266.66834826,296.07260742,2.7,2.1,0.09342217,0.14213061,0.18285084,0.2199316,0.25771213,0.29446387,0.33005238,0.36420107,4
0.49183565,11.66598415,27.41049957,2.01840854,2.88400936,1.03855968,3.19600344,5.07537508,6.10963583,6.38204336,6.42513895,6.44740915,6.46205854,7
0.62884293,62.27183726,297.58546964,2.5,2.1,0.30770493,0.58082724,0.75383425,0.8649001,0.9451561,1.0068529,1.0560839,1.0959303,21
0.5546840181177166,5.275010621141124,0.005550080711661,2.587435660481739,2.822397241649258,1.1941301822662354,3.790709257125856,6.29610538482666,7.876911163330078,8.515483856201172,8.711977005004883,8.829927444458008,8.930452346801758,12
0.4986661309493638,34.765834659699,0.136257485019357,2.2956035445399405,2.3690289057777103,0.8032357692718506,2.2637884616851807,3.221595048904419,3.643065690994263,3.8362534046173096,3.962618589401245,4.053641319274902,4.122650146484375,22
0.83265264,88.80409947,143.36259569,2.8,2.5,0.3007722,0.5783975,0.8097422,1.0054014,1.1722753,1.3143873,1.4373369,1.544095,10
0.9731575731539596,1.5153733463809609,0.3245780239994713,2.62035561211034,2.565991587251018,1.1333887577056885,3.3510220050811768,5.052913665771484,5.965570449829102,6.479013442993164,6.861541748046875,7.187365531921387,7.428743362426758,5
0.3083827602408134,197.65356925232683,0.0040814348512367,2.637252513565445,2.087337811506463,0.3915524482727051,0.8637473583221436,1.1505637168884275,1.30842924118042,1.423560619354248,1.5157136917114258,1.5909461975097656,1.6586756706237793,8
0.65249633,176.7180924,138.21089478,2.7,2.4,0.22730756,0.38682318,0.530988,0.6589012,0.7729285,0.8760934,0.96937084,1.0535681,17
0.8238731088707816,1.5999803173359746,0.1340033655131261,2.5561337082475952,2.309238589385988,1.1532959938049316,3.494490146636963,5.416921138763428,6.4837493896484375,7.0064897537231445,7.352775573730469,7.64832878112793,7.876415252685547,5
0.882280829560673,0.8922516368690834,0.8894695652323151,2.11243007050473,2.080621813331955,1.1160376071929932,3.38059401512146,5.228113174438477,6.247821807861328,6.75126838684082,7.061859130859375,7.277740478515625,7.442197799682617,5
0.43091569,220.74980217,266.92171564,2.3,2.0,0.14543271,0.18697596,0.2292924,0.26676202,0.30120182,0.33307743,0.3627007,0.38977408,4
0.59881818,246.06660461,288.53582764,2.36040258,2.82649183,0.14913011,0.20614409,0.26348352,0.31859708,0.37055206,0.41765642,0.46199322,0.50379705,4
0.83881264,17.2406152,281.46088225,2.80920731,2.53866077,0.46567774,1.09703469,1.49293613,1.64540863,1.69321108,1.71701717,1.73459339,1.7484436,1
0.9841748278667946,23.580650333226515,0.0065204023582223,2.748203119988946,2.10315581556812,0.5075263977050781,1.1868653297424316,1.6689181327819824,1.996564865112305,2.2401270866394043,2.435434341430664,2.5980019569396973,2.737335205078125,18
0.41874252,212.84534593,163.59397521,2.96395465,2.25825665,0.23708153,0.37155724,0.47381258,0.5601182,0.63576794,0.70242429,0.76187229,0.81457353,17
0.88313301,215.82625683,212.73723633,2.5,2.6,0.13242197,0.20482588,0.27164507,0.33853745,0.40333605,0.46355748,0.520484,0.57509685,3
0.48102301,173.35457112,268.27519334,2.0,2.6,0.16174698,0.20943666,0.25481176,0.2940824,0.33007336,0.36200428,0.39208364,0.4190042,4
0.99073488,93.48999023,136.03457642,2.07541299,2.42586207,0.19289112,0.3450439,0.48801613,0.61833048,0.73740387,0.84550238,0.94421148,1.03467488,17
0.30131341,72.62875838,342.03753956,2.05054767,2.95545189,0.41795921,1.00984454,1.35514808,1.40519738,1.40844202,1.41172409,1.41508842,1.41834044,1
0.35571817,262.90811675,288.26976931,2.02165354,2.21038006,0.12305856,0.14499688,0.16696048,0.18316221,0.20166945,0.21893144,0.23518515,0.25077605,11
1.0,300.0,165.18554688,2.0,2.0,0.06632972,0.11164761,0.1509769,0.18279767,0.21751904,0.25039339,0.28370929,0.31672168,11
0.6874964,30.48932297,6.36939542,2.61916902,2.91387848,0.75609326,2.12114167,3.0335567,3.4964664,3.75228524,3.93004441,4.06957912,4.18953228,22
0.94319856,86.59994507,304.74249268,2.173702,2.99092031,0.20039463,0.33692455,0.46446943,0.57780981,0.67908835,0.77033162,0.85304976,0.92761707,17
0.59720402,60.0,300.0,2.0,2.0,0.24587798,0.39833403,0.48642635,0.54946446,0.59752774,0.63516474,0.66394854,0.69077873,21
0.9059012362540192,215.7401626840068,337.3987160921141,2.1,2.8,0.0997962951660156,0.1507344245910644,0.1929116249084472,0.2345826625823974,0.2761025428771972,0.3168520927429199,0.3549439907073974,0.3915214538574219,4
0.57560787,15.60539842,2.36140545,2.0,2.5,0.95867276,2.77582073,4.05793238,4.62059641,4.82842684,4.92122316,5.00113487,5.0574379,22
0.67568219,201.72096797,2.55128811,2.61170259,2.17790073,0.19897032,0.34430289,0.48240995,0.60794497,0.72235465,0.82786822,0.92467427,1.0136497,15
0.6018997419574922,5.481210104944931,0.00329477080001,2.7829338305048337,2.371819002763338,1.130406618118286,3.4320507049560547,5.388749122619629,6.449808120727539,6.89988899230957,7.165143966674805,7.389802932739258,7.56456184387207,5
0.77115928,64.97866711,237.4030912,2.1,2.5,0.2492032,0.43680596,0.57795024,0.6904812,0.7817769,0.8580618,0.9210355,0.9761596,17
0.581365,153.99059154,244.33664166,2.3,2.7,0.20116568,0.30145693,0.39082313,0.4658084,0.5324826,0.59217525,0.64643383,0.69509435,17
0.85280269,290.05767822,383.49978638,2.61327386,2.51550269,0.115659,0.12542295,0.14144707,0.16354299,0.19360375,0.21600986,0.23277664,0.25273681,11
0.32826433,299.50732422,304.79116821,2.00709319,2.09350562,0.09464884,0.11150146,0.12316346,0.12574363,0.13477254,0.14317751,0.14973688,0.15714765,11
0.5028681664174471,55.36402415223535,0.0169927910259723,2.657707416417524,2.265596484400097,0.6725246906280518,1.803138256072998,2.508791923522949,2.8494138717651367,3.0359835624694824,3.174384117126465,3.2801437377929688,3.3709874153137207,22
0.40793545,4.40774107,41.30396788,2.63266869,2.41074362,1.13322878,3.43445539,5.63562441,7.02326727,7.43324041,7.47236109,7.48930311,7.49282694,7
0.52113403,9.48829831,4.30109769,2.7,2.9,1.1802287,3.5148773,5.5369725,6.6848626,7.117104,7.320477,7.4844213,7.6015096,6
0.6670071025362332,170.27122663162066,382.5596664390735,2.1,2.2,0.1035051345825195,0.1315078735351562,0.1583344936370849,0.1766126155853271,0.1978542804718017,0.2170584201812744,0.2357902526855468,0.2534642219543457,11
0.85535269,169.15787376,139.50289483,2.9,2.7,0.20899701,0.3492546,0.48724198,0.61681986,0.7349019,0.84509563,0.9467907,1.0421104,17
0.74409761,182.14445185,66.40410356,2.0,2.9,0.17296076,0.288131,0.40142846,0.5052335,0.6008756,0.6893573,0.77091813,0.84734607,16
0.48830897,249.16862488,100.11676025,2.0,2.0,0.14406991,0.219064,0.29041219,0.35462737,0.41408587,0.46846318,0.51877618,0.5659554,2
0.4748859,297.84164351,367.68764915,2.8,2.6,0.13556385,0.16034007,0.18469453,0.21610594,0.23980403,0.2605803,0.28136778,0.3009615,11
0.9111732145152835,1.8962744378861505,0.1228498566360759,2.570201843018829,2.365325805428385,1.1020045280456543,3.201672315597534,4.756214141845703,5.575014114379883,6.046682357788086,6.422244071960449,6.716691970825195,6.939277648925781,5
0.49650667,7.10025355,357.30238883,2.7,2.2,0.53271914,1.4235427,2.016457,2.0820746,2.0847187,2.0849147,2.0864367,2.0869875,1
0.49733365,259.83241959,110.52710398,2.5,2.9,0.21785426,0.3426609,0.45633245,0.55705523,0.6474786,0.7294457,0.80423665,0.8737819,16
0.7060899283843182,4.709779521962017,51.47558576573897,2.43230412,2.8100564,1.0009417533874512,3.0653584003448486,4.784379005432129,5.67664909362793,5.980649948120117,6.100509643554688,6.155205726623535,6.182842254638672,7
0.38511961,186.53473767,321.91498632,2.9,2.8,0.27504325,0.42672396,0.5130143,0.5849874,0.6454036,0.6992049,0.7458811,0.78722715,17
0.5843073773448009,21.03090262378469,3.464487169965944,2.3939023287716017,2.2462432548342792,0.8517332077026367,2.3825294971466064,3.396841764450073,3.870018243789673,4.109658241271973,4.258082389831543,4.371783256530762,4.459506988525391,22
0.34824342,11.37778378,65.77435303,2.47928905,2.22269964,0.96701813,2.8313489,4.33609867,5.04351616,5.17060661,5.2084918,5.21213484,5.21317482,7
0.4920109868760677,175.9837052217841,0.0778448937239376,2.401381760317807,2.4589342406793384,0.344196081161499,0.7018482685089111,0.9657435417175292,1.167480230331421,1.3284153938293457,1.461930274963379,1.5762920379638672,1.675215482711792,8
0.78631021,16.40168698,11.78985916,2.2,2.4,0.7421968,1.9165518,2.6355612,3.0035474,3.2299178,3.387099,3.5112774,3.6110418,22
0.64200745,151.19916696,123.61355489,2.7,2.9,0.29107928,0.5335703,0.7313378,0.9002836,1.0451753,1.1714044,1.2810082,1.3786058,10
0.31795669,125.71321106,42.06983566,2.77604485,2.99191952,0.64689994,1.79026222,2.59583664,2.9150815,3.02518272,3.09229803,3.14954519,3.20130157,23
0.9564039139475332,5.533747792184302,0.1429486787683213,2.569923600895008,2.3555062540500384,0.8945908546447754,2.4141218662261963,3.395584344863892,3.934404134750366,4.2822465896606445,4.533677101135254,4.727391242980957,4.884285926818848,22
0.398503666609496,176.7195295705089,324.7343493303866,2.0,2.0,0.1358644962310791,0.1588289737701416,0.1821157932281494,0.2027392387390136,0.2226057052612304,0.2405767440795898,0.257242202758789,0.2726531028747558,11
0.6880093899292765,8.556023630505479,21.052241257044336,2.3,2.8,0.9814186096191406,2.952214002609253,4.4758501052856445,5.216509819030762,5.510392189025879,5.678555488586426,5.775084495544434,5.852642059326172,7
0.30278742,17.30059814,27.42485237,2.78599119,2.22001624,1.05956388,3.11404037,4.84157801,5.75864029,5.9794302,6.05167198,6.10957241,6.13144302,7
0.40483525,257.36184771,158.1715285,2.12193023,2.74722477,0.21784711,0.34025407,0.4425931,0.53092337,0.60961676,0.67935514,0.74243879,0.7995069,17
0.76842435,165.88412896,249.69976264,2.3,2.5,0.14552808,0.21489859,0.2857833,0.34863305,0.40696406,0.46167445,0.51232386,0.5597298,4
0.7126223919733393,13.881605043623995,16.651831111643176,2.393742419458229,2.1758292383729017,0.8048872947692871,2.181011915206909,3.048359632492065,3.475285768508911,3.715031862258911,3.8768527507781982,3.9939510822296143,4.0902252197265625,22
0.45566374,133.1657059,354.46297827,2.2,2.7,0.1999011,0.25372338,0.2943337,0.32643843,0.3550105,0.3811021,0.4041047,0.42486715,4
0.6435744614563674,196.72987503447632,0.40155167711624,2.0996171407620428,2.9237024984003144,0.2479145526885986,0.4572155475616455,0.6481647491455078,0.8182916641235352,0.9700145721435548,1.1061017513275146,1.2292366027832031,1.3402438163757324,8
0.32391756,242.25300196,291.62695858,2.8,2.1,0.2031362,0.27300787,0.32736182,0.37360835,0.414912,0.4521649,0.48624682,0.51794195,4
0.89132424,236.0385171,321.86598533,2.5,2.5,0.11762285,0.15288305,0.18876195,0.22715116,0.26828384,0.3051052,0.33855486,0.37207246,4
0.6015194,42.54951039,198.62420237,2.3,2.1,0.4304502,0.9831691,1.300153,1.4262776,1.4928849,1.5440931,1.5843403,1.6177337,1
0.97805784,124.86848693,119.09361839,2.2,2.1,0.15256214,0.26612163,0.37411714,0.4753983,0.5701442,0.65839887,0.7409284,0.8182912,16
0.3185085214844587,287.42748236969635,0.0076637223583515,2.877178118601577,2.546978339636204,0.3358631134033203,0.654339075088501,0.8698627948760986,1.0286455154418943,1.1552042961120603,1.2620744705200195,1.3526272773742676,1.4311604499816897,8
0.73414042,102.31744086,171.73958579,2.33293195,2.60115946,0.27168012,0.50064588,0.68732762,0.8442986,0.97733164,1.09152079,1.19013834,1.27664518,10
1.0,146.17085266,400.0,2.0,2.0,0.07047486,0.09970546,0.11940932,0.13043261,0.14687061,0.16105294,0.17443347,0.18752265,11
0.65201254,120.93574289,355.34882606,2.5,2.3,0.18354464,0.25774455,0.327322,0.3855338,0.4370749,0.4832461,0.5244601,0.5624027,4
0.712221071443058,2.733240887379801,0.7405798416826893,2.2964365292597853,2.132383281636478,1.0982458591461182,3.305426359176636,5.080585479736328,6.021952629089356,6.450586318969727,6.715928077697754,6.909696578979492,7.049654006958008,5
0.75821055,27.27858285,13.07755662,2.0,2.5,0.64548421,1.66867042,2.27919245,2.59247351,2.79055595,2.93809605,3.05554771,3.15863132,18
0.3271362225453251,252.8230172670734,356.14032081737,2.2,2.6,0.1624228954315185,0.1865646839141845,0.2138209342956543,0.2348456382751464,0.2558422088623047,0.2756948471069336,0.2934968471527099,0.3102343082427978,11
0.66422725,299.86752319,32.20508194,2.03343606,2.08844233,0.10839367,0.17900586,0.24370718,0.30491471,0.36516166,0.42203856,0.47628045,0.528404,2
0.61575977,292.88731152,114.74878566,2.1,2.7,0.12527227,0.18631172,0.2441423,0.29816222,0.35056472,0.40086985,0.4483235,0.49292994,2
0.83532898,213.72654346,23.29642475,2.6,2.5,0.17942452,0.30688334,0.43161273,0.55052376,0.6623647,0.76732564,0.8658571,0.95874643,15
0.9013237,27.88812001,351.92750577,2.2,2.1,0.25776362,0.439332,0.5508559,0.6276853,0.6814039,0.72072697,0.7512498,0.77445436,21
0.88041889,2.88932911,70.73851959,2.52212139,2.13554845,0.89425206,2.45927715,3.50211048,3.98271799,4.20827389,4.30638456,4.34256649,4.35425425,23
0.51244538,152.86481991,375.54162207,2.4,2.9,0.18781829,0.23554063,0.27927947,0.31271863,0.34507918,0.37325382,0.3987515,0.42216015,4
0.43023214,271.47588547,86.99637251,2.5,2.2,0.21343541,0.3398862,0.45178366,0.5486548,0.63503027,0.71300316,0.78418493,0.84823537,16
0.71344126,114.30167761,303.14994991,2.9,2.5,0.24253583,0.40178514,0.5329788,0.64626217,0.7441733,0.8307071,0.90695095,0.97474766,17
0.91568868,215.81699921,382.49688384,2.4,2.2,0.08426404,0.12098098,0.15211678,0.17221189,0.19524336,0.21852374,0.2411747,0.26303506,11
0.7100233504999145,1.4346778482841769,0.0392754289258941,2.588567020128008,2.247281421158941,1.1875789165496826,3.7250335216522217,6.095981597900391,7.574118614196777,8.204131126403809,8.45374584197998,8.637558937072754,8.791173934936523,12
0.6831172359352325,1.039344906364125,0.0063883055394994,2.566423220672955,2.16580937929202,1.1889030933380127,3.770873308181762,6.320579528808594,8.029790878295898,8.851217269897461,9.040207862854004,9.110050201416016,9.201501846313477,12
0.5835869556673969,2.574606968363836,0.0109103932076587,2.656172418259182,2.567971840017786,1.2249960899353027,3.932010173797608,6.673496723175049,8.54269790649414,9.355478286743164,9.551227569580078,9.635618209838867,9.73968505859375,12
0.4057268164435944,7.245018853740863,0.09866580295906,2.1579361206061667,2.9433268459247737,1.18135404586792,3.8956921100616455,6.814044952392578,8.96020793914795,9.947155952453612,10.077692985534668,10.085227966308594,10.093294143676758,12
0.8868905803189534,6.567813041222138,0.0793596183797985,2.211664866894995,2.932264974041764,0.9401514530181884,2.740694046020508,4.011843681335449,4.6388258934021,4.966458320617676,5.188010215759277,5.352188587188721,5.486863136291504,5
0.80115277,270.24599222,65.51519314,2.8,2.4,0.15026116,0.24683619,0.3373394,0.4301026,0.51817894,0.60089064,0.67938685,0.754473,16
0.9974719,83.9363379,212.65006506,2.6,2.7,0.22797966,0.39960003,0.5575359,0.6974139,0.8225157,0.93476677,1.0353303,1.1255772,17
0.8254460018934973,5.641662395406078,0.1900850868563672,2.0642044453587323,2.3254455354203314,0.9529805183410645,2.687561750411988,3.848435640335083,4.411120414733887,4.712924003601074,4.916818618774414,5.058839797973633,5.1851806640625,5
0.86472148,198.71543884,192.2091217,2.50249672,2.37649298,0.1363039,0.21359444,0.28858876,0.35973883,0.42700887,0.49077415,0.55136657,0.6086154,3
0.5653822823180455,1.3917463592333212,1.387694164074854,2.802216114349246,2.465735847717053,1.2444190979003906,4.051698207855225,7.092836380004883,9.42711067199707,10.583477020263672,10.703609466552734,10.71165943145752,10.718628883361816,13
0.5431767649945989,15.586607387134007,0.0529156621219671,2.866489767303337,2.9747710513516403,1.0658931732177734,3.2500574588775635,5.0774431228637695,6.038747787475586,6.433302879333496,6.655637741088867,6.813685417175293,6.933140754699707,5
0.42115045,191.3684845,4.04232121,2.20125246,2.18895149,0.32105613,0.62471747,0.83973193,0.99923015,1.12649131,1.23122931,1.31972194,1.39768672,8
0.83510005,197.82170258,374.52924601,2.4,2.2,0.09538913,0.13235188,0.1660204,0.19091415,0.21710563,0.24190307,0.26683736,0.2903762,11
0.552484035885102,1.3627968700512851,25.12744211916316,2.499829067069011,2.3237741030861816,1.1377551555633545,3.652609825134277,6.254460334777832,8.112723350524902,8.923827171325684,8.988434791564941,8.989484786987305,8.99034595489502,14
0.93522877,106.21943665,328.93701172,2.11406898,2.17810631,0.11871982,0.17252541,0.22365856,0.26798224,0.31120968,0.35106134,0.38725829,0.42068744,4
0.42353195,93.44017635,70.32238426,2.5,2.6,0.5500252,1.4024196,1.934334,2.1543992,2.2687275,2.3582122,2.4323733,2.4959943,20
0.49708134,8.22930527,25.10410309,2.5064888,2.09045315,1.03775954,2.98235035,4.45541096,5.1506381,5.39108467,5.52700043,5.59444141,5.62652016,7
0.91504059,240.54734129,134.05345724,2.52581963,2.47577821,0.12717271,0.20643592,0.27834272,0.3502903,0.4203124,0.48748112,0.55092144,0.6121757,2
0.7518569181757752,0.965776987472558,104.6866450465689,2.06794581214864,2.4626600624003,0.904766082763672,2.7942707538604736,4.443549156188965,5.2979583740234375,5.430024147033691,5.435637474060059,5.436312675476074,5.43657112121582,7
1.0,101.77684021,400.0,2.0,2.0,0.08768535,0.11863208,0.1414423,0.15914154,0.17966866,0.19734764,0.21377468,0.22955418,11
0.4473731314758795,1.8999815780972564,0.0092394211375462,2.1067449050627,2.6370620197739503,1.2207481861114502,4.103760719299316,7.404382705688477,10.174120903015137,11.807961463928224,11.886197090148926,11.893085479736328,11.898931503295898,12
0.5308589,190.60964938,125.40249733,2.4,2.3,0.22537088,0.3752997,0.5044,0.61570716,0.713223,0.79977655,0.8776245,0.94791865,16
0.9377036880994912,85.75428332970509,0.0292001074910001,2.8966369184469576,2.0563028961578502,0.2715427875518799,0.5334701538085938,0.7683234214782715,0.9737789630889891,1.152665615081787,1.3097920417785645,1.448183536529541,1.5708403587341309,8
0.91882349,121.86394254,363.80101395,2.5,2.3,0.13571453,0.19346786,0.2531364,0.30642056,0.35561514,0.40111804,0.44346642,0.48258018,4
0.538864183299955,90.38433111066308,98.4358526498447,2.6906402593876386,2.743502217841862,0.4757144451141357,1.1461026668548584,1.5966360569000244,1.8447296619415283,2.005841016769409,2.1303470134735107,2.233930349349976,2.321418523788452,20
0.5854956108684881,24.95918942949381,0.5091437744999787,2.661566931790694,2.19245273889947,0.8126218318939209,2.2314157485961914,3.150570869445801,3.604499340057373,3.8552169799804688,4.013355255126953,4.143697738647461,4.238102436065674,22
0.6613092838887437,22.5977323866036,0.1085603776789643,2.3519856672308777,2.8184256963776426,0.8410131931304932,2.4304332733154297,3.5237717628479004,4.047093391418457,4.3044514656066895,4.468234539031982,4.594353199005127,4.694584846496582,22
0.48345472,27.0147506,95.30137583,2.4,2.3,0.7434807,2.0744445,2.9633348,3.289129,3.3711007,3.3989065,3.4206917,3.439854,23
0.70273628,81.12615843,212.90249215,2.7,2.5,0.3298769,0.6509981,0.88495016,1.0621982,1.2011077,1.313514,1.4075654,1.4874601,10
0.58881299,126.13062149,43.42977295,2.4,2.3,0.3367629,0.6765325,0.93151784,1.128469,1.2858179,1.4159248,1.5275156,1.6227045,9
0.6218096165578519,3.1529361599586228,0.0161136291695523,2.240590821586068,2.8547392107952945,1.185760736465454,3.822989463806152,6.423862934112549,8.081817626953125,8.774698257446289,8.981433868408203,9.0767822265625,9.156305313110352,12
0.50495338,173.50424194,135.62260437,2.92845535,2.70782232,0.31637311,0.58907914,0.78706813,0.9479599,1.08057165,1.19197893,1.28766775,1.37299252,10
0.45202958,108.39713269,345.08840555,2.3,2.8,0.24743629,0.3610413,0.41778946,0.46298838,0.50134444,0.53394246,0.5624316,0.5868714,4
0.8254054368564162,102.94280811190578,0.0062455893641259,2.2915974891723785,2.4802845610200275,0.2951898574829101,0.5787301063537598,0.8256142139434814,1.0383594036102295,1.2212233543395996,1.380807876586914,1.5206513404846191,1.6439003944396973,8
0.88665205,19.61406898,18.18628502,2.84637785,2.01930904,0.58872938,1.42436481,1.96996427,2.29805589,2.52828193,2.70278668,2.84271598,2.96760297,19
0.9534290854393042,3.789673896227298,10.81566745930929,2.1659926049846208,2.422901303316627,0.9336116313934326,2.61040472984314,3.7243926525115967,4.285213470458984,4.596508026123047,4.814802169799805,4.973636627197266,5.09330940246582,6
0.33947882,248.00161743,298.82919312,2.84688187,2.44521666,0.19671154,0.24145198,0.280442,0.3126018,0.34394407,0.37104106,0.39620066,0.42013693,4
0.4953406678776371,243.62758204595528,303.4770322050501,2.1,2.9,0.1563365459442138,0.2113611698150634,0.2681245803833008,0.3200623989105224,0.3675537109375,0.4122164249420166,0.4533088207244873,0.4920754432678222,4
0.68316788,255.97342095,93.75130408,2.4,2.5,0.15502167,0.24498868,0.33467555,0.4177103,0.49560046,0.56976724,0.6388643,0.70404315,16
0.8519276787212205,251.3392338136554,0.0214231688297637,2.9212341522709675,2.992710048525861,0.2000470161437988,0.3297886848449707,0.4627437591552734,0.5946705341339111,0.715691328048706,0.831047773361206,0.9408118724822998,1.044255018234253,15
0.7842509303781762,0.8978338654082445,0.0415253015329483,2.8186772974708347,2.30461518384386,1.2065646648406982,3.782348871231079,6.19642448425293,7.711702346801758,8.39127254486084,8.676746368408203,8.905067443847656,9.117361068725586,12
0.76391749,289.11904868,400.0,2.0,2.0,0.05103159,0.07439566,0.09288955,0.09363914,0.10279441,0.10788608,0.11031079,0.11677003,11
0.3927472321841322,5.1922013729505965,36.78167168242674,2.25400066,2.11087775,1.0193400382995603,3.1588451862335205,5.154623985290527,6.3792009353637695,6.722165107727051,6.728939056396484,6.7308502197265625,6.732240676879883,7
0.3416196,223.52052817,274.46883252,2.2,2.5,0.18147326,0.22182012,0.2619567,0.29338956,0.32198143,0.34826517,0.37246275,0.39452124,4
0.3849041881179874,16.894346931473816,1.0501570185220237,2.32658458,2.1320684,1.0180118083953855,3.0571513175964355,4.712531089782715,5.545044422149658,5.804277420043945,5.907656669616699,5.984027862548828,6.029396057128906,5
0.608337447250891,4.461763033931363,0.0113656944197342,2.007846679016354,2.960046384099269,1.1387691497802734,3.670633792877197,6.1154398918151855,7.612863063812256,8.210111618041992,8.394582748413086,8.471733093261719,8.52524185180664,12
0.4841639835783245,158.66896661164046,0.0050532926460812,2.0206159778678305,2.198865345765667,0.3251104354858398,0.6573481559753418,0.8986361026763916,1.079848289489746,1.2242355346679688,1.3437206745147705,1.4437661170959473,1.5321602821350098,8
0.57032774,198.60774937,132.30989417,2.6,2.0,0.19978142,0.33085036,0.4509561,0.55702996,0.6520679,0.7375958,0.81522393,0.88575935,17
0.38505748,197.81236267,56.17201233,2.04020357,2.28147554,0.29681253,0.55440307,0.73131323,0.86427093,0.97230673,1.06102991,1.13590074,1.20066381,9
0.30835447,298.9101978,0.9232156,2.03643469,2.00941577,0.21755791,0.34845066,0.45211458,0.53954625,0.61577201,0.68206453,0.74134326,0.79342628,15
0.38390499,128.58621998,320.51288964,2.2,2.6,0.24164724,0.34341145,0.39445233,0.43509412,0.46968603,0.5007465,0.52666926,0.55039716,4
0.9219179593616024,1.1972059528026402,0.3234736243365116,2.063955050846189,2.938793828997066,1.1589515209197998,3.640617609024048,5.846928596496582,7.109625816345215,7.711318016052246,8.027280807495117,8.248076438903809,8.414584159851074,13
0.91298771,14.62509537,25.18291092,2.09552908,2.04754543,0.60791445,1.46839976,1.98693776,2.2803905,2.47674632,2.62578416,2.74935889,2.85024047,19
0.48062432,103.98299657,30.4797783,2.0,2.4,0.4184699,0.92780566,1.2420104,1.4219553,1.5552273,1.6619914,1.746433,1.8216965,19
0.9224283047310956,63.15252300318984,0.1338669446225213,2.7090360702193377,2.019874704928468,0.3199033737182617,0.6587846279144287,0.9432966709136964,1.1771256923675537,1.3709204196929932,1.5361721515655518,1.6785447597503662,1.803091287612915,8
0.4657727299475618,41.60342786299029,22.9380895472337,2.7632349982737674,2.6308311123681656,0.813931941986084,2.357893466949463,3.4563565254211426,3.970006942749024,4.189117431640625,4.316051483154297,4.401742935180664,4.466732025146484,23
0.8426398,111.87657928,391.7767334,2.24403048,2.05159998,0.10515475,0.13420773,0.15826082,0.17568612,0.19616437,0.2142458,0.23099971,0.24675179,11
0.30077451,181.04707454,386.85573041,2.33390909,2.15285059,0.157969,0.16694069,0.17767501,0.18334174,0.18999386,0.19583392,0.20195913,0.2075429,11
0.77193014,104.18826395,261.26555769,2.5,2.2,0.2071414,0.33982754,0.45856,0.56069946,0.6504257,0.73020554,0.80147743,0.8649373,17
0.60053149,213.33959821,233.85442772,2.9,2.3,0.18304586,0.27773952,0.37020516,0.45435095,0.53047895,0.6004071,0.6651032,0.72494936,17
0.5613668,7.81557178,8.52270699,2.76442242,2.1426003,1.08036351,3.08011293,4.56792688,5.3010273,5.63751602,5.87636852,6.03479481,6.12984943,6
0.43366347,207.63693194,70.77885321,2.86579379,2.45450595,0.30943418,0.57285666,0.76364303,0.91662288,1.04189491,1.14847803,1.23864341,1.31897855,10
0.58710897,7.35239029,9.34270668,2.60676694,2.54796958,1.12429905,3.31013465,5.08203793,6.01659775,6.37837505,6.57044029,6.70015812,6.7869997,6
0.5660316559686644,300.0,298.9376451775844,2.46748257,2.04452109,0.0839109420776367,0.112072467803955,0.1323256492614746,0.1397805213928222,0.1566221714019775,0.172708511352539,0.1877622604370117,0.2011060714721679,11
0.38933014,90.19604696,284.47229789,2.1,2.9,0.3092537,0.53979445,0.6335783,0.68282557,0.72107196,0.7521744,0.77743745,0.799783,21
0.31100491,115.92924403,19.20845174,2.99503693,2.8203827,0.70412803,1.97047091,2.87253046,3.25466442,3.39048481,3.4638648,3.5234642,3.57695198,23
0.3891152565330765,25.63425338555167,0.5733590492964382,2.6497735588141857,2.748152009511327,1.039698600769043,3.1932997703552246,5.044735431671143,6.019243717193604,6.337307453155518,6.469875812530518,6.563655376434326,6.6212592124938965,5
0.34290765,224.95107333,234.00489652,2.1,2.7,0.185601,0.23542285,0.28079247,0.31862164,0.35221243,0.38288045,0.4108324,0.43649626,3
0.70503676,23.55427218,156.88784713,2.3,2.3,0.539124,1.343471,1.814409,1.9995182,2.0808136,2.1334817,2.1756747,2.2121103,0
0.42764162,206.3037512,184.88665008,2.4,2.6,0.2363112,0.36943674,0.4720571,0.55865645,0.63464355,0.7016585,0.7616055,0.814425,17
0.6899122787547597,273.4676203660813,290.03708985893405,2.5,2.3,0.1020891666412353,0.1414377689361572,0.1744859218597412,0.2013096809387207,0.2300024032592773,0.2593939304351806,0.2864959239959717,0.3126356601715088,11
0.37662135,46.6679842,110.04114366,2.91857036,2.20351979,0.6664288,1.78512669,2.50378561,2.75828648,2.83172512,2.86116266,2.88589478,2.90871286,0
0.92533332,236.15141858,326.37558874,2.5,2.3,0.0928514,0.13934612,0.17668319,0.20874,0.24393892,0.27885938,0.31093717,0.34225225,11
0.3649585308266052,10.00052155876494,30.335183632939646,2.94448185,2.82194686,1.1347646713256836,3.610145092010498,6.093469619750977,7.8185224533081055,8.486103057861328,8.5415620803833,8.55103588104248,8.56065845489502,14
0.73290061,4.2675382,70.68313891,2.01539611,2.11557128,0.86977673,2.42560434,3.45439911,3.8411665,3.95632648,3.9790163,3.98234367,3.98653173,23
0.87367079,251.0738047,31.02321274,2.8,2.3,0.14654851,0.2508886,0.34751844,0.4449575,0.5384152,0.62790656,0.7124822,0.793859,15
0.97276322,141.39128185,179.12563846,2.77819309,2.73075414,0.18957853,0.31411552,0.43761611,0.55468202,0.66258097,0.76235723,0.85599184,0.94296646,17
0.4939607,178.94283715,85.66195822,2.06842832,2.82295394,0.30257845,0.58527851,0.79803061,0.96822572,1.10660315,1.22346187,1.32390714,1.40956807,10
0.38172828,174.12947608,164.77889592,2.1,2.8,0.26230407,0.43232703,0.5424516,0.6289165,0.7015412,0.7624018,0.81589866,0.8632555,17
0.7427781898558486,1.0345619333369422,0.0125596953698127,2.1653500527342104,2.9765526493872327,1.2252345085144043,4.039671897888184,7.012907981872559,9.076726913452148,10.04132080078125,10.307579040527344,10.373414993286133,10.44194221496582,12
0.85229325,16.50564766,4.242836,2.78694677,2.62093711,0.7690413,2.03249502,2.84951687,3.29929686,3.57951307,3.78421164,3.94611549,4.08318281,22
0.36550948,246.80707896,141.26284944,2.4,2.3,0.22966623,0.35656857,0.4555905,0.53919244,0.6119554,0.6757269,0.7330611,0.7839117,17
0.5135616221278989,1.8401626605521704,143.16003909724486,2.959272227184956,2.787499131936877,0.9187781810760498,2.8320531845092773,4.604382038116455,5.63739013671875,5.854413986206055,5.883489608764648,5.885985374450684,5.886187553405762,7
0.9918286029460042,282.19245098987125,0.0041406625035618,2.997708262987583,2.180887396443681,0.1329326629638672,0.2077217102050781,0.2825713157653808,0.3578636646270752,0.4347414970397949,0.5094983577728271,0.5807812213897705,0.650310754776001,2
0.4085595400529459,3.059494641903977,0.1022471967652482,2.2904329093991627,2.737270565114386,1.2328345775604248,4.1103363037109375,7.372091293334961,10.060223579406738,11.481114387512209,11.567506790161133,11.574735641479492,11.581002235412598,12
0.7094887890577005,300.0,383.1931453066899,2.02179408,2.0254066,0.0537400245666503,0.0764329433441162,0.0966811180114746,0.0971221923828125,0.1066930294036865,0.1131966114044189,0.1188840866088867,0.1259043216705322,11
0.60876335,111.50701067,3.46542395,2.8,2.3,0.42096353,0.9357128,1.3037984,1.5637245,1.7602637,1.9183166,2.051345,2.1657336,18
0.3879624982607677,276.7640488299116,357.2968758251057,2.0,2.7,0.1299450397491455,0.1522696018218994,0.1786720752716064,0.2009298801422119,0.2222399711608886,0.2423255443572998,0.2611525058746338,0.278883695602417,11
0.57502614,189.06126352,189.13257564,2.2,2.1,0.15971684,0.24018002,0.31691337,0.3858118,0.4481156,0.50504184,0.5569174,0.60487556,3
0.7438876958399622,2.694017008787163,1.7185546566848573,2.75750480124444,2.917538327105115,1.2031126022338867,3.7487196922302246,6.046291351318359,7.40635871887207,8.022167205810547,8.341861724853516,8.59526538848877,8.807012557983398,13
0.72738297,269.61298337,6.83511141,2.2,2.1,0.12760258,0.21688986,0.30003285,0.37912774,0.45569634,0.5282328,0.59733367,0.66280437,2
0.8893050357726128,75.62806841893953,0.302351547893858,2.9813227415461228,2.446211445557012,0.3628852367401123,0.7573719024658203,1.084660530090332,1.3538455963134766,1.5764179229736328,1.7641816139221191,1.92508602142334,2.065982818603516,8
0.6041350500633471,14.851399139487368,0.0044759665834666,2.393734260906106,2.7303521434174347,0.9787096977233888,2.9061405658721924,4.361627578735352,5.05589485168457,5.358269691467285,5.530971527099609,5.666145324707031,5.75584602355957,5
0.65662014,238.94902039,276.17663574,2.14293385,2.35593462,0.10761952,0.15065455,0.19212914,0.22609997,0.2617836,0.29539514,0.3278966,0.35849071,4
0.4312234220495672,88.57163000417123,350.766719163679,2.0,2.0,0.2087423801422119,0.283381700515747,0.323012113571167,0.3550465106964111,0.3816914558410644,0.4044294357299804,0.424837589263916,0.4428703784942627,4
0.9617653877855072,5.291386992627207,0.0402804161441,2.161374011985567,2.087988538263429,0.8418292999267578,2.199632406234741,3.037123918533325,3.492957830429077,3.778239488601685,3.987961530685425,4.149942398071289,4.275248527526856,22
0.65606756,231.2972458,252.18735684,2.9,2.3,0.15422988,0.2268393,0.29962802,0.36934614,0.4343977,0.4939592,0.54990005,0.6024809,4
0.68322021,90.73007093,215.9452607,2.1,2.8,0.24194837,0.41406965,0.546366,0.65461826,0.7454777,0.822808,0.88907504,0.9472871,17
0.80480055,40.36661366,207.92934843,2.8,2.4,0.41702414,0.93827987,1.2961304,1.5183098,1.6647785,1.7758734,1.8656662,1.9378517,20
0.4553245,105.92378738,195.80315619,2.8,2.9,0.4318998,0.9699826,1.314424,1.4888344,1.594902,1.67525,1.742825,1.7996783,20
0.88284791,271.66169711,395.25484631,2.9,2.3,0.10659909,0.1325016,0.1527977,0.18342042,0.2179389,0.24740696,0.2740419,0.30033636,11
0.73835331,267.8090811,325.19614316,2.58949329,2.78924805,0.13794613,0.16721964,0.20354152,0.25194693,0.29364038,0.3309288,0.3677628,0.40213776,4
0.5910193829208089,22.27588819056442,0.0085679300852665,2.956050743067561,2.605349939007009,0.9093456268310548,2.6056299209594727,3.8105783462524414,4.40791130065918,4.719097137451172,4.926465034484863,5.079409599304199,5.191328048706055,5
0.6295564695859882,14.820905913176649,0.0047674019459475,2.25464121024096,2.082499374229275,0.8673503398895264,2.383077383041382,3.3565428256988525,3.8167316913604736,4.064402580261231,4.2285356521606445,4.348250389099121,4.443841934204102,22
0.97375461,78.32741135,293.11148059,2.6,2.4,0.20216441,0.33381677,0.45685148,0.5633848,0.6583221,0.7430999,0.81899905,0.88683796,17
0.85002475,258.65326822,44.89298196,2.80101439,2.19924391,0.13585615,0.22349715,0.30662179,0.38719249,0.46541619,0.5410583,0.61326241,0.68224263,2
0.3,78.79522617,400.0,2.0,2.0,0.21941137,0.25907755,0.2644403,0.26892328,0.27349401,0.27776122,0.28152657,0.2850225,11
0.56682748,2.61753535,20.53906059,2.48513818,2.07821822,1.12903094,3.35598183,5.33176613,6.43004465,6.78998613,6.96270132,7.05508661,7.08538103,7
0.8483025376944339,4.057405563291419,151.44036709796097,2.917848987073369,2.7447313960961703,0.8012073040008545,2.3464012145996094,3.515542507171631,4.062113761901856,4.259606838226318,4.31666898727417,4.321743965148926,4.3221869468688965,23
0.90358914,52.53717645,352.08894176,2.4,2.0,0.20267749,0.3227706,0.42151308,0.5027411,0.5712764,0.628721,0.67740726,0.71902704,17
0.7771477965985352,2.074458995754894,4.051233217547917,2.045915418591299,2.686233267517899,1.128535270690918,3.5518274307250977,5.707544803619385,6.932874202728272,7.458252429962158,7.682135105133057,7.822638988494873,7.9205451011657715,6
0.89246671,195.82804297,89.31867901,2.9,2.8,0.19542408,0.32568145,0.45579123,0.5824659,0.6992035,0.808902,0.91212416,1.0093937,16
0.99695353,96.20185575,318.61012665,2.6,2.7,0.18124843,0.2822039,0.3805828,0.46935868,0.5490501,0.62147593,0.6876285,0.74829125,17
0.68732486,289.56286157,90.24248789,2.6,2.2,0.13669848,0.21806979,0.29623866,0.3706863,0.44164944,0.5095744,0.57352877,0.6343608,2
0.4513748837684665,2.6033734457573607,0.7685321813982811,2.917501344918831,2.4504615843003226,1.2438268661499023,4.048461437225342,7.118710994720459,9.523063659667969,10.732851028442385,10.779682159423828,10.788156509399414,10.795354843139648,13
0.63842425,76.82357057,233.85925572,2.3,2.5,0.29866242,0.553849,0.72625613,0.85222316,0.9501507,1.0277619,1.0919299,1.1446741,10
0.69106312,251.56573356,245.48623672,2.7,2.7,0.15093517,0.21530199,0.2790692,0.34548306,0.4049251,0.45991373,0.5118735,0.5605688,3
0.51748292,97.64460169,87.76508159,2.5,2.8,0.4588511,1.0609634,1.4549227,1.6793518,1.8267336,1.9435859,2.039123,2.1186256,20
0.71398318,80.56120554,322.46448552,2.97027071,2.00955226,0.19364214,0.27543521,0.34221029,0.39678812,0.44289684,0.48291349,0.51801515,0.54835367,4
0.48710486,136.98636565,307.60237774,2.3,2.5,0.21223402,0.29971743,0.36609268,0.4200933,0.467072,0.508549,0.5452006,0.5782211,4
0.7395379849292814,82.9345392200605,0.0063301801745063,2.452475229861139,2.6392381369532387,0.4193642139434814,0.9254286289215088,1.30389666557312,1.5837678909301758,1.802452087402344,1.981538772583008,2.1318607330322266,2.261009693145752,18
0.30176064,283.91096088,369.2800805,2.93794293,2.87538548,0.21273899,0.24446034,0.2799716,0.30551314,0.32678938,0.34921527,0.36853027,0.38682985,4
0.99500985,299.89304286,232.35765734,2.79716458,2.41669954,0.12694359,0.15163875,0.18823552,0.22820449,0.275002,0.31582284,0.35205722,0.39022565,3
0.43015451,286.57537776,211.51378596,2.4,2.8,0.16722155,0.22108936,0.2774868,0.32507205,0.37036133,0.41172457,0.44963002,0.48608112,3
0.3133735,99.38058075,153.94798331,2.94027329,2.53852,0.53863072,1.37503958,1.89934254,2.05359888,2.09546423,2.12945509,2.1600585,2.18703842,0
0.4302459,8.4658067,18.97708631,2.42254156,2.12633064,1.04127598,3.18529058,5.0557766,6.10405636,6.41816521,6.49489117,6.54891872,6.57737637,6
0.71734676,130.03430849,299.66157476,2.6,2.7,0.20515919,0.313478,0.41171408,0.49676847,0.57268596,0.64048934,0.7017276,0.7574477,17
0.3174554,228.74720236,192.85518927,2.4,2.5,0.25532913,0.39679122,0.48400688,0.55603933,0.61663175,0.66918087,0.7168741,0.7581675,17
0.3197721696393595,5.746126884320089,0.2147580455604253,2.419100294737677,2.117711087203867,1.1517376899719238,3.697633981704712,6.350522041320801,8.347546577453613,9.233999252319336,9.279807090759276,9.282394409179688,9.28469944000244,13
0.80107154,78.34719255,7.22751401,2.4,2.1,0.34349728,0.70447254,0.99431825,1.2281153,1.4200275,1.5799918,1.7165234,1.835226,9
0.30070206,299.69685721,0.80699417,2.005,2.005,0.22170925,0.35637903,0.4608779,0.54867196,0.6245501,0.69046545,0.74884725,0.80047035,15
0.9357763700981784,5.875309984242457,0.0217798834137631,2.5122727142057544,2.770238501535714,0.9457032680511476,2.684664249420166,3.8823013305664062,4.5085225105285645,4.874229907989502,5.132374286651611,5.330516815185547,5.488526344299316,5
0.49473031,29.63115105,244.58277561,2.6,2.4,0.5550864,1.4592435,2.0300887,2.1538217,2.1542675,2.154899,2.1558468,2.1569602,1
0.45473111,182.39315796,247.11914062,2.76478267,2.3264451,0.21931052,0.32182169,0.40217924,0.46938109,0.52915096,0.58206964,0.62894487,0.67124033,17
0.8647747800225417,1.2939026974102747,16.565827263308346,2.6,2.9,1.1753506660461426,3.680142164230346,5.963234901428223,7.319670677185059,7.935914039611816,8.233063697814941,8.4396333694458,8.600729942321777,14
0.3462225295013879,1.798218500867275,0.0784804272804907,2.567957561543742,2.467919138951001,1.2541415691375732,4.168116569519043,7.53751277923584,10.51426124572754,12.381476402282717,12.43746852874756,12.444372177124023,12.450243949890137,12
0.7708676923940058,6.074009038818065,0.1467650796297681,2.163231750652924,2.32331105813403,0.9805121421813964,2.806089162826538,4.065003395080566,4.664206504821777,4.984387397766113,5.191371917724609,5.349383354187012,5.45997428894043,5
0.9043599938663566,8.485181012164741,0.0474091615656032,2.4989634958832747,2.788583313237715,0.8895449638366699,2.4974193572998047,3.578371047973633,4.147562026977539,4.479921817779541,4.7165045738220215,4.89866828918457,5.045847415924072,22
0.3687506409454728,0.8326910233873946,2.3793845399003786,2.808205199156098,2.948917114808556,1.3127107620239258,4.448729991912842,8.227557182312012,11.74068546295166,14.049513816833496,14.100022315979004,14.104994773864746,14.109292030334473,14
0.5560279809269377,15.800210733612849,4.409686972278935,2.6763792,2.72818375,1.0089120864868164,3.0162878036499023,4.587302684783936,5.361936092376709,5.683431148529053,5.883145809173584,6.018688678741455,6.118707180023193,6
0.5817699697780444,3.5251385653005545,3.0639384455706447,2.27112103,2.60223317,1.1656577587127686,3.7125704288482666,6.175506591796875,7.738687515258789,8.361454963684082,8.520445823669434,8.597187995910645,8.663808822631836,14
0.83452175,235.53554805,59.26124612,2.8,2.2,0.15197992,0.25751638,0.3577075,0.45649576,0.5503495,0.63916826,0.7233424,0.8035543,16
0.4281190629438662,294.52247308207086,374.0629284648419,2.06712842,2.21842551,0.0851213932037353,0.1036055088043212,0.1201865673065185,0.1205513477325439,0.1278200149536132,0.1350734233856201,0.1437671184539795,0.1506810188293457,11
0.97978222,14.48255634,32.40216827,2.08277965,2.11404395,0.566329,1.34545708,1.83033395,2.1236012,2.32551455,2.47856784,2.60572124,2.71525168,19
0.5861419,293.25659133,200.47731849,2.8,2.6,0.15750766,0.22443557,0.29107714,0.35889077,0.4199214,0.47680783,0.5301268,0.5805452,3
0.73273509,109.90595536,282.68247144,2.3,2.3,0.18065786,0.27359056,0.36056018,0.4347899,0.5001745,0.55899,0.61147976,0.6583576,4
0.42220574,223.2128815,47.61203481,2.9,2.6,0.34891343,0.69250417,0.93885636,1.125319,1.275286,1.3996382,1.506304,1.600043,9
0.84962343,215.6914092,51.35854103,2.9,2.6,0.19005775,0.32073092,0.44823623,0.5741725,0.69080544,0.8001225,0.90374327,1.0008681,16
0.3574712454328333,2.72599978649407,0.1403174349132254,2.6618735879262543,2.0068812330883468,1.17736554145813,3.79996919631958,6.596006870269775,8.846694946289062,10.125812530517578,10.181356430053713,10.187068939208984,10.191978454589844,12
0.8459844,3.72409606,33.04789734,2.95643258,2.08171582,0.96007681,2.60210419,3.68213797,4.23674679,4.57701778,4.81141233,4.96157646,5.05582142,23
0.64005911,19.20631409,49.6303215,2.039644,2.15029335,0.7280817,1.92913532,2.63995123,2.92605639,3.05277014,3.1275301,3.19288969,3.24923229,23
0.45279337,296.61997404,204.34493105,2.5,2.7,0.1696949,0.22934413,0.2901466,0.34483957,0.3953998,0.44163513,0.48474026,0.5252433,3
0.52271914,19.85764313,18.66642952,2.45652699,2.25817657,0.9118669,2.55153513,3.66499424,4.16317606,4.37630939,4.50036573,4.56204557,4.60327244,23
0.37792347,73.21939372,261.57337552,2.5,2.7,0.44974685,1.0493548,1.3882592,1.4686072,1.4925959,1.514468,1.5333898,1.5499761,1
0.390210745281575,11.537064195159967,0.0074207890162583,2.2102543805571626,2.187994736284964,1.0759246349334717,3.3300986289978027,5.346618175506592,6.514580249786377,6.901828289031982,6.983667850494385,7.029344081878662,7.060496807098389,5
0.3367079162647384,166.83701250859994,0.0038107079321343,2.22122034462261,2.4249374557950287,0.4641673564910888,1.125678539276123,1.5218627452850342,1.708500862121582,1.8343162536621087,1.9340953826904297,2.015827178955078,2.087423324584961,18
0.62637997,66.36494446,152.2898407,2.20707941,2.08304787,0.34512949,0.70179439,0.93492985,1.08349442,1.19268489,1.27768612,1.34526348,1.40429735,10
0.35727067,300.0,49.07131004,2.75338725,2.41053204,0.24986625,0.40794563,0.53027248,0.63501358,0.7265203,0.80748439,0.88032913,0.94613576,16
0.70940336,85.94124155,48.69309278,2.2,2.9,0.35788345,0.7463341,1.0420475,1.2667403,1.443563,1.589654,1.7121425,1.8158126,9
0.62562339,25.32993461,290.97854613,2.99099305,2.24509923,0.44205165,1.01055384,1.32370901,1.39159966,1.39853954,1.40485907,1.41027641,1.41494513,1
0.52711383,144.11805906,143.89262899,2.55399151,2.54214813,0.30678797,0.57491994,0.76897931,0.921772,1.04597211,1.14923239,1.23735785,1.3139236,10
0.85294121,125.99511317,184.06605851,2.6,2.7,0.21546412,0.36539745,0.50648785,0.6328924,0.7466562,0.84973574,0.94399285,1.0300665,17
0.42928028,101.84415379,118.6935883,2.7,2.7,0.5061419,1.2517397,1.7300646,1.9390738,2.0462515,2.1295383,2.1977322,2.257877,20
0.96391058,178.54380798,142.83784485,2.83434558,2.20580745,0.14082956,0.22943091,0.31525588,0.39628839,0.47362685,0.54770064,0.61764169,0.68375254,2
0.6893341854089589,286.7510530109434,0.1326294253771563,2.9145661089157766,2.4848775460356727,0.1775176525115966,0.2902340888977051,0.401810884475708,0.5093703269958496,0.6096794605255127,0.7033364772796631,0.7924058437347412,0.876288652420044,15
0.84365448,262.53392292,132.83938098,2.2,2.8,0.11907554,0.18719935,0.24948502,0.30838728,0.36651683,0.4238665,0.47821736,0.53014255,2
0.63886696,222.78432414,30.72454078,2.45502708,2.30568117,0.19127059,0.32119322,0.44600534,0.5585053,0.66174078,0.75655675,0.84435916,0.92569923,15
0.97311969,120.70905573,318.8854528,2.2,2.7,0.133919,0.19337225,0.2535603,0.3063481,0.35545802,0.40192962,0.44499803,0.48470378,4
0.88775047,240.82423854,296.40731332,2.63084008,2.16787928,0.09115434,0.13321161,0.16552782,0.19057894,0.21809626,0.2479372,0.27737999,0.30390906,11
0.3925612528625853,1.0886601589661815,0.0116005882452558,2.3551643614754125,2.9040509575050866,1.278660535812378,4.3475661277771,8.051063537597656,11.458032608032228,13.712071418762209,13.765027046203612,13.771462440490724,13.776968955993652,12
0.30303108,241.0980602,29.36045453,2.88159757,2.76370924,0.42528224,0.94012284,1.2712121,1.45103884,1.57572842,1.67345619,1.75729227,1.8300271,19
0.3189239946860117,9.737278060517184,6.455966466351038,2.5,2.0,1.083280324935913,3.371622085571289,5.551078796386719,6.968717575073242,7.473676681518555,7.535102844238281,7.558978080749512,7.576977729797363,6
0.337749,193.95294898,32.22193548,2.4,2.9,0.41364312,0.9052136,1.212779,1.3830347,1.5045385,1.6004038,1.681046,1.7523365,19
0.57720475,57.10439554,251.76790036,2.0,2.0,0.29649472,0.5446873,0.683491,0.76538515,0.8240435,0.8689058,0.90425706,0.9345865,21
0.9952025069733468,2.789633533377461,0.0540350968692366,2.6579040092838384,2.681032768088888,1.0432040691375732,2.983799457550049,4.36244010925293,5.097717761993408,5.535457134246826,5.8736491203308105,6.1327338218688965,6.33086633682251,5
0.96285415,124.8342789,40.3638076,2.7,2.4,0.22557354,0.41128016,0.5885525,0.75301147,0.90373063,1.0422013,1.1694865,1.2869086,15
0.99515298,62.11828633,4.9670852,2.8,2.2,0.34085608,0.69628954,1.0013995,1.2603807,1.4799986,1.6681037,1.8298588,1.9712543,9
0.60232377,209.43113474,212.10538218,2.5,2.5,0.1787529,0.26628232,0.35345674,0.43051028,0.50060534,0.56576514,0.62536955,0.68067,17
0.99433527,290.83484213,211.30868795,2.5,2.1,0.08218694,0.13776565,0.18417358,0.22159553,0.26188684,0.30306482,0.34429622,0.38397336,3
0.43623072,28.58439445,343.38186646,2.80671906,2.56279993,0.48662877,1.18606496,1.59822321,1.64035845,1.64207792,1.64218569,1.64225769,1.64340973,1
0.86443293,84.23829651,121.85480499,2.48229098,2.74750137,0.29964209,0.57850194,0.81451535,1.0156765,1.18754721,1.33576894,1.4635942,1.57637215,10
0.87105465,45.65735233,176.86059467,2.0182094,2.6074502,0.33823848,0.69983983,0.96941519,1.17154217,1.32548904,1.44844699,1.54870439,1.63331461,10
0.7201538722520658,1.0067929482011253,0.9287379810751984,2.0080921525407263,2.077462243114628,1.1389977931976318,3.5996947288513184,5.924943447113037,7.426430225372314,8.089395523071289,8.280448913574219,8.375040054321289,8.446382522583008,13
0.97376235,230.29773579,93.16079814,2.1,2.4,0.1081965,0.18166995,0.24646282,0.3084755,0.3722496,0.43389058,0.49246192,0.5488334,2
0.7780534071558752,2.648690058887363,6.721357014479076,2.6961662798497605,2.9041298140525544,1.1742448806762695,3.6314022541046143,5.794232368469238,7.032548904418945,7.592660903930664,7.900173187255859,8.142696380615234,8.336349487304688,6
0.72119695,121.40334042,41.13953947,2.7,2.1,0.29239845,0.56941986,0.8033905,1.0029132,1.1730123,1.3202655,1.4484808,1.5614963,9
0.7753049630555471,53.702381624119,0.9651119219509952,2.779011424289529,2.493760019093579,0.500563383102417,1.1795871257781982,1.659597396850586,1.976726055145264,2.2098422050476074,2.39577865600586,2.5501418113708496,2.683663845062256,18
0.96101184,175.67207014,75.92277494,2.5,2.7,0.17444038,0.2971642,0.4165721,0.53244233,0.6407013,0.74284744,0.83856225,0.9295461,16
0.445084420409049,250.67062206735324,372.4729804442792,2.3,2.8,0.1479477882385254,0.1778430938720703,0.2106397151947021,0.2413380146026611,0.2696597576141357,0.2951350212097168,0.3191237449645996,0.3423776626586914,11
0.38572923,122.0818439,210.15627936,2.5,2.8,0.3873582,0.8097408,1.0532944,1.1696324,1.247817,1.3090458,1.3603892,1.4036393,21
0.40640038,6.25620317,5.91362238,2.57677436,2.20514059,1.18659472,3.57876754,5.85173225,7.21188259,7.69183445,7.90080547,8.04294968,8.10839653,6
0.58131206,237.52841187,197.66972351,2.28176045,2.24993348,0.13784075,0.19820523,0.25914717,0.31384826,0.36533809,0.41319799,0.45780778,0.49999952,3
0.99998335,59.76811692,399.9989615,2.0,2.00005052,0.11990261,0.15615845,0.18858385,0.21584916,0.24185014,0.26575875,0.28689504,0.30429363,11
0.41941623,249.60303713,253.43269398,2.3,2.9,0.16765809,0.21341467,0.26154923,0.29877925,0.33546352,0.36908674,0.3995757,0.42839742,4
0.82108676,49.4503104,50.98878255,2.0,2.9,0.3896637,0.8463371,1.1855826,1.4287047,1.6149516,1.7637963,1.8859859,1.9925771,9
0.60088313,105.23579407,398.64157104,2.25537372,2.25158811,0.16833282,0.20721459,0.24557757,0.27677584,0.30375791,0.32802606,0.35003471,0.36975288,4
0.56114205,230.9768657,251.27159546,2.8,2.7,0.19105673,0.27331686,0.3549137,0.42920732,0.49600887,0.55712485,0.613642,0.666204,4
0.3684462074965179,12.636853092307764,36.70450510857408,2.2,2.2,0.9708614349365234,2.964097023010254,4.657745361328125,5.534595966339111,5.729742527008057,5.7611188888549805,5.775865077972412,5.783646583557129,7
0.98791806,297.18953338,236.56654031,2.96656081,2.1248217,0.10632014,0.13820314,0.17319369,0.20100641,0.23413038,0.27022958,0.30204988,0.33414984,11
0.85257034,83.97032128,34.76277656,2.34331277,2.04744796,0.26353621,0.50743866,0.71794891,0.89988923,1.05562806,1.19056869,1.30900168,1.41369414,9
0.51053491,116.75873627,301.83631746,2.8,2.1,0.26662374,0.46034932,0.58780336,0.687845,0.7704823,0.83765984,0.89468074,0.9429805,17
0.51114512,176.8435124,365.51957788,2.9,2.5,0.2083273,0.28842497,0.35505748,0.41377258,0.46530437,0.5124576,0.5553932,0.59457684,4
0.33579454,246.78395654,242.47710485,2.5,2.4,0.21398544,0.29513645,0.35770798,0.40995693,0.45696783,0.4992695,0.5372827,0.573195,3
0.71387261,35.24670334,355.15221442,2.0,2.6,0.26362157,0.4226327,0.4933815,0.535419,0.56584907,0.5876188,0.6038315,0.6187489,21
0.37316602,44.41462072,17.87163594,2.1,2.5,0.8011582,2.186561,3.0776176,3.4475923,3.6008873,3.6701055,3.7161794,3.759294,23
0.3657891902194585,293.2705726419318,328.0100569954408,2.2,2.2,0.1091866493225097,0.1265859603881836,0.144136905670166,0.1519763469696045,0.1632895469665527,0.1738250255584716,0.1851606369018554,0.1953394412994384,11
0.95779032,219.81752014,329.80508423,2.76649785,2.36316395,0.12095737,0.14708734,0.18210053,0.21473718,0.25026417,0.28395391,0.31310487,0.34342337,11
0.99840248,163.60865784,98.2020874,2.10369658,2.369524,0.13345671,0.23297524,0.32656717,0.41557455,0.5014987,0.58319616,0.66099715,0.73437095,16
0.83482159,18.58263511,224.12655918,2.99928382,2.49898053,0.51353526,1.25996113,1.74817467,1.96632767,2.062325,2.11568308,2.15621471,2.18896008,1
0.34725964,292.75296021,32.72173691,2.01265621,2.45470572,0.23996353,0.40259194,0.5292964,0.63726544,0.72975254,0.81113291,0.88296175,0.9477303,15
0.36840393,187.85444349,191.84522686,2.4,2.9,0.290987,0.4973848,0.6211488,0.71654916,0.7943971,0.8618884,0.91817236,0.9687164,17
0.68649099,60.25350229,350.65707804,2.9,2.7,0.33920932,0.6552117,0.85684776,0.98858356,1.0832045,1.1565294,1.2135751,1.2605081,10
0.46470779,274.85358387,8.70435893,2.5,2.9,0.25817704,0.445709,0.6032922,0.7412119,0.8629322,0.97143745,1.0689757,1.156733,15
0.99652767,189.8419416,108.04809826,2.1,2.4,0.11889529,0.19982147,0.27390575,0.34565735,0.41634417,0.4846964,0.54899335,0.6104975,2
0.31367086,35.83225259,142.48791087,2.2,2.4,0.68128586,1.8582857,2.6283963,2.8303797,2.83943,2.8416579,2.8443043,2.8469555,0
0.3294554560423377,23.95578968805829,17.275271050217903,2.11476544,2.77218214,1.004626989364624,3.1730940341949463,5.145915985107422,6.286128044128418,6.589787483215332,6.62070369720459,6.63829231262207,6.652094841003418,6
0.77633491,90.48028875,68.22167554,2.5,2.1,0.30379033,0.5992346,0.8424144,1.0447989,1.2134538,1.3575017,1.4804714,1.588526,10
0.96556073,12.35104465,0.89594954,2.1653564,2.38752174,0.69724774,1.76244473,2.41614079,2.78740478,3.03074002,3.21718144,3.36574864,3.49173188,18
0.7320171053281965,3.712111219663508,0.6485555371713712,2.640589775358192,2.7239880250051427,1.1497464179992676,3.507933616638184,5.494778156280518,6.57379961013794,7.076801776885986,7.380344867706299,7.630435466766357,7.824788570404053,5
0.86732084,164.2088809,327.89951945,2.8,2.8,0.15933228,0.22861266,0.30052066,0.37209225,0.43516636,0.49373126,0.54860497,0.5999253,4
0.89473349,56.29912949,277.3187561,2.07310009,2.05604362,0.19955206,0.32819009,0.43600035,0.52531958,0.60000372,0.66431046,0.71916699,0.76779604,17
0.8963098635745859,6.381001006659074,0.0433513600594138,2.936949576847701,2.198720098887697,0.8987917900085449,2.4095845222473145,3.3969130516052246,3.954566478729248,4.3200459480285645,4.593273639678955,4.803243637084961,4.970195770263672,22
0.30536698,273.53699232,66.12288822,2.2,2.0,0.23582268,0.3796239,0.48416042,0.57156634,0.6447799,0.70908046,0.76505303,0.81567264,16
0.92060273,93.59925498,382.64111151,2.2,2.4,0.13472867,0.18001294,0.22695613,0.26734185,0.30401444,0.3375039,0.36818242,0.39577842,4
0.55915987,163.0874443,42.96280779,2.8,2.5,0.3404553,0.67959404,0.9388447,1.145391,1.3135724,1.4556887,1.57688,1.6818027,9
0.3191356879939002,0.9212852853408232,0.3228332128261456,2.79845935679397,2.20969510826111,1.23783540725708,4.092995643615723,7.347264289855957,10.263216018676758,12.18716049194336,12.250993728637695,12.25700855255127,12.262051582336426,13
0.3,169.56056793,140.33062448,2.0,2.0,0.29144883,0.51693749,0.63747859,0.71638346,0.7764442,0.82793546,0.87086177,0.90731287,21
0.42525305,195.46986841,3.47967125,2.9,2.7,0.42238688,0.93184876,1.2863877,1.5202415,1.691046,1.8270047,1.9418066,2.0416849,18
0.54752551,195.5533956,167.70881319,2.56222265,2.85126941,0.2544589,0.43096113,0.57601118,0.70269966,0.81355023,0.91205525,0.99933147,1.07732964,17
0.69740406,16.45027865,6.94784302,2.87578853,2.72157102,0.8993113,2.56984329,3.74365997,4.34410667,4.66473579,4.88208103,5.03876734,5.16516352,6
0.95178316,143.98921857,15.647671,2.02416873,2.09470929,0.15189981,0.27569509,0.39322209,0.50442791,0.60880542,0.70715857,0.79844165,0.88506746,15
0.89836085,29.11479184,32.15089793,2.4,2.5,0.52922297,1.256572,1.747261,2.059945,2.281426,2.4557462,2.5993886,2.7218556,19
0.403373330220419,0.7670091394869827,0.0566101501177166,2.2460728062868056,2.1804852949272915,1.204918384552002,3.985102891921997,7.124040603637695,9.873167037963867,11.500458717346191,11.534268379211426,11.542065620422363,11.548595428466797,12
0.6227294661310832,6.580258125471697,0.0043024934123365,2.5426671742739764,2.330988032343985,1.0759570598602295,3.207840919494629,4.869868278503418,5.725462913513184,6.110548973083496,6.362392425537109,6.550426483154297,6.686116218566895,5
0.6931238,96.14821805,143.86806387,2.6,2.5,0.32428217,0.6390269,0.87811995,1.0674009,1.219599,1.3451574,1.4521096,1.5431323,10
0.73609714,86.74025995,248.79657714,2.7,2.5,0.2867875,0.52707005,0.7098522,0.85907793,0.9822755,1.0858543,1.1725569,1.2473013,10
0.91858782,40.86089886,190.98123318,2.8,2.0,0.34423494,0.72438407,1.0106666,1.2259812,1.3895679,1.5210643,1.6278105,1.7163649,10
0.58458459,232.17855027,392.3259978,2.9,2.6,0.15022492,0.18505883,0.22503257,0.26615047,0.29914284,0.33136725,0.36116982,0.38940668,4
0.94362819,8.25251484,0.95895588,2.86847425,2.13797116,0.80456305,2.04775119,2.8347137,3.29326081,3.60195518,3.82194161,4.0002861,4.13598347,22
0.5708910198162633,4.162363578529599,0.9653190061127048,2.368142798193229,2.838060383887876,1.1884851455688477,3.820538520812988,6.421189308166504,8.108821868896484,8.803853034973145,8.983697891235352,9.062033653259276,9.132613182067873,13
0.3440004605212061,7.419909706864028,24.43492518247741,2.97295856,2.75542402,1.1729497909545898,3.781956195831299,6.526153564453125,8.574570655822754,9.479230880737305,9.552892684936523,9.554301261901855,9.556233406066896,14
0.4270267463501226,1.315020739647174,0.021500231139422,2.595919671682365,2.0511649389821387,1.1892168521881104,3.860000371932984,6.759221076965332,9.152995109558104,10.623472213745115,10.700247764587402,10.706422805786133,10.711546897888184,12
0.73321508,107.65911478,283.86209504,2.5,2.1,0.19568658,0.31054473,0.41364408,0.5026264,0.5806606,0.65053725,0.71275735,0.76974106,17
0.63313056,194.05533038,385.63915064,2.8,2.1,0.12817478,0.16706753,0.20823407,0.24376202,0.277184,0.3090942,0.3389635,0.36689162,4
0.3464714334582177,46.451116407201226,0.0076190721263502,2.3412072124438623,2.290893410946428,0.8498725891113281,2.4602365493774414,3.5970377922058105,4.068148136138916,4.2508721351623535,4.333032131195068,4.394806385040283,4.44870138168335,22
0.59392513,181.00341398,364.5686812,2.0,2.1,0.09260869,0.11713076,0.13346696,0.14351535,0.15840149,0.17127347,0.18284726,0.19467044,11
0.7184281151791905,81.47268004662023,0.007127893068205,2.4511250162018143,2.5815235797182523,0.430713415145874,0.9622790813446044,1.3511919975280762,1.6310486793518066,1.8464946746826167,2.020944595336914,2.167386531829834,2.294717311859131,18
0.4289299501370001,38.78051511348955,0.0123938616671493,2.7957650909888785,2.294635629341303,0.8437848091125488,2.3966050148010254,3.45851993560791,3.95283842086792,4.19484281539917,4.3370771408081055,4.436959266662598,4.506907939910889,22
0.3796778,10.98739433,1.14926004,2.29983902,2.93604088,1.20707083,3.76923585,6.35286617,8.10906315,8.81830692,8.93637562,8.96546936,8.98651218,13
0.6010516926043116,8.328079489377199,6.700094298841205,2.83571863,2.03994608,0.9870030879974364,2.813448190689087,4.102382659912109,4.732505798339844,5.083619117736816,5.345381736755371,5.53618049621582,5.660977363586426,6
0.83721579,104.43738676,386.97229214,2.7,2.6,0.18493223,0.26584983,0.34298563,0.41148067,0.4723122,0.5266161,0.5758889,0.6208763,4
0.9855707623515898,5.363398929088067,4.846406330446604,2.491188196512981,2.461358723287561,0.8840501308441162,2.4111075401306152,3.4035139083862305,3.9428744316101074,4.27346134185791,4.511183738708496,4.701915740966797,4.852177143096924,22
0.4082594521144816,6.541579506432147,31.011459325769923,2.4,2.3,1.0555810928344729,3.29333758354187,5.392812728881836,6.688206672668457,7.097402572631836,7.122880935668945,7.131350517272949,7.136419296264648,7
0.4153395613526597,5.093158427193458,0.5696079649750425,2.4782023259325854,2.156033571405083,1.1499364376068115,3.648343086242676,6.128756046295166,7.864701747894287,8.61246109008789,8.741752624511719,8.750158309936523,8.766944885253906,13
0.30620247,66.96443939,399.71936035,2.27163982,2.74119639,0.37017512,0.76430464,0.93796897,0.94705963,0.95148158,0.95554709,0.9592433,0.96274161,21
0.99953317,271.75357919,138.00136101,2.8,2.6,0.14481091,0.20434475,0.2649591,0.34153366,0.4147246,0.48112178,0.546139,0.6085708,2
0.6234865370630074,16.39450809759197,0.1428727700361071,2.4465208758090635,2.528410894899149,0.925905704498291,2.668076992034912,3.8917388916015625,4.46902322769165,4.753596305847168,4.931127548217773,5.065705299377441,5.165512561798096,5
0.46843219,231.95619764,375.97664622,2.5,2.1,0.12201595,0.14501858,0.17108703,0.18949103,0.20846558,0.2253592,0.24225163,0.25833225,11
0.38756712,62.98904753,38.46113931,2.1,2.5,0.65454364,1.7149863,2.3468275,2.5904827,2.6995068,2.7689018,2.8235598,2.869485,0
0.43129517,57.04408945,241.70203281,2.96823855,2.38763153,0.46627641,1.14197731,1.54394007,1.66027355,1.696702,1.72571611,1.75086308,1.77285767,1
0.73897106170422,2.1192643226702166,37.80034171495024,2.8622562,2.23919803,1.0396156311035156,3.1200110912323,4.8186750411987305,5.706748008728027,6.058258056640625,6.25141716003418,6.384758949279785,6.458111763000488,7
0.50273238,152.69144316,368.23161275,2.3,2.7,0.17270923,0.21114564,0.24808168,0.2754507,0.3018582,0.32656693,0.34877253,0.3691051,4
0.59148554,17.82069382,187.97570726,2.2,2.6,0.5962591,1.5633624,2.144642,2.3046095,2.318652,2.3216078,2.324848,2.3280265,0
0.5857512,261.03878365,158.92168516,2.02469397,2.98412967,0.15994787,0.24997163,0.33965158,0.42293453,0.49965191,0.57136369,0.63869095,0.70174336,17
0.63347312,71.02359064,301.38392154,2.6,2.6,0.31889582,0.5984969,0.77620363,0.8978081,0.98719907,1.0584853,1.115772,1.1644111,10
0.73532102,247.92092866,190.9489365,2.1,2.7,0.11380291,0.16792631,0.21758199,0.2628727,0.3077953,0.35170627,0.3932979,0.43257332,3
0.96581096,194.72123027,146.4101801,2.4,2.2,0.12293863,0.20532703,0.28201866,0.3542788,0.42524338,0.49360514,0.55817723,0.6202605,2
0.5770861254304578,1.5430152594404514,0.0211441120300521,2.901583048276631,2.5350481978729795,1.2552614212036133,4.08048677444458,7.108699321746826,9.350353240966797,10.455459594726562,10.551681518554688,10.56369972229004,10.574796676635742,12
0.59951122,40.45565743,303.63053019,2.1,2.5,0.33115816,0.62772155,0.7711115,0.8292973,0.8654275,0.89195204,0.9117625,0.92868805,21
0.4312011395434389,1.340162231626445,0.0613245289249239,2.1947264182936093,2.855591349842887,1.255424737930298,4.248668670654297,7.802415370941162,10.971912384033203,12.933698654174805,12.981082916259766,12.987022399902344,12.992053985595703,12
0.7585718567497778,3.3309080194592124,0.4460258228732918,2.504506202148568,2.149029444157333,1.0684866905212402,3.106657028198242,4.606276988983154,5.3805012702941895,5.799095153808594,6.1156511306762695,6.363455772399902,6.538220405578613,5
0.98530643,80.93097933,365.56194516,2.07367862,2.02382344,0.11427617,0.15806484,0.19775915,0.23228312,0.26533985,0.29501462,0.32178211,0.34643054,11
0.7492187,74.25137329,390.17346191,2.37348628,2.47208023,0.20868373,0.30489349,0.38036942,0.44142032,0.49326587,0.5376873,0.57673097,0.6101315,4
0.38894723,245.80961341,201.01298603,2.5,2.7,0.22711897,0.33549833,0.42036295,0.4930899,0.55752563,0.61520696,0.6677649,0.7152705,17
0.67560005,193.17893982,368.33532715,2.70164776,2.41037107,0.1303277,0.16743493,0.20411682,0.23443389,0.26473856,0.29249001,0.31777811,0.34275389,11
0.5880844519961875,292.9405343753911,0.4925825947792951,2.842461500630281,2.162230738260996,0.1675329208374023,0.2682175636291504,0.3687140941619873,0.4614982604980469,0.5478231906890869,0.6292352676391602,0.705510139465332,0.7771313190460205,15
0.79915824,248.84233254,115.7186469,2.01045677,2.98475779,0.13454485,0.2243278,0.30898023,0.39243412,0.47276568,0.54928112,0.62202835,0.69136596,2
0.9239305208558424,46.27850934277237,0.0045173163007996,2.0396440185227025,2.6135093890676147,0.4133248329162597,0.9070596694946288,1.2844247817993164,1.5735294818878174,1.801569461822509,1.9897856712341309,2.1489968299865723,2.2861061096191406,18
0.74037501,130.04963556,226.9799314,2.1,2.5,0.16663742,0.2541623,0.33980465,0.41451955,0.48151207,0.5425401,0.59812,0.6487701,3
0.3929886418663635,8.275635516135868,0.2670501121109257,2.495015425318785,2.3182862905633543,1.1447980403900146,3.6194043159484863,6.04224157333374,7.637098789215088,8.277189254760742,8.375656127929688,8.412679672241211,8.452371597290039,13
0.3176547061471502,2.5137745795267468,0.016714572765825,2.5484838942571053,2.1143650374756606,1.192302942276001,3.884212493896485,6.858786582946777,9.338361740112305,10.69330596923828,10.730975151062012,10.73865032196045,10.74522590637207,12
0.3582189978881949,29.70420100014056,0.1592875272285759,2.806658015371219,2.2467627117161624,0.9663681983947754,2.855928421020508,4.315300464630127,4.98942232131958,5.249209403991699,5.401519775390625,5.50333309173584,5.570259094238281,5
0.95087427,9.63707447,198.04396057,2.11995077,2.75004768,0.57488799,1.51458097,2.11395764,2.35904098,2.44528508,2.48416734,2.51018834,2.53149533,1
0.4808110948126201,2.016948780714709,71.42626495872156,2.894303523648339,2.0176520507711446,0.947068691253662,2.8829240798950195,4.600921154022217,5.562160015106201,5.767518520355225,5.781001567840576,5.791379451751709,5.793823719024658,7
0.75775381,255.08037079,157.02136496,2.5,2.5,0.1384182,0.21433115,0.28680444,0.3579154,0.4254849,0.48908687,0.5491853,0.60652685,2
0.81670124,100.76142329,217.63180282,2.3,2.6,0.20907211,0.3479421,0.47384024,0.58293366,0.67912006,0.7651384,0.84153605,0.9107027,17
0.68439269,64.27825165,68.71156311,2.30568933,2.13101292,0.39716196,0.8593235,1.17659187,1.38825679,1.54310012,1.66512179,1.76713777,1.85580945,10
0.40505728,30.90949764,182.36846673,2.83671425,2.43726849,0.66349769,1.82198739,2.61326385,2.86204219,2.88205314,2.88404727,2.88650966,2.889148,0
0.52698904,95.72446357,126.68316978,2.5,2.7,0.42438817,0.9474797,1.2925174,1.4918563,1.6252348,1.7298758,1.8178375,1.8896234,20
0.63270194,262.96107625,189.89758964,2.22686885,2.27771373,0.11707783,0.17245364,0.22518325,0.27121949,0.31746197,0.36148262,0.40309024,0.44263387,3
0.3897323629357649,2.8996878859307307,0.035929116450341,2.74881822465217,2.9986041408807216,1.2930378913879397,4.315139293670654,7.832230567932129,10.836393356323242,12.65461540222168,12.769634246826172,12.775673866271973,12.780887603759766,12
0.53291895,51.20699639,142.49660392,2.6,2.3,0.5433974,1.3940423,1.9152882,2.1109993,2.19828,2.2611163,2.3128831,2.3585804,0
0.46556443,227.21662747,374.93342762,2.2,2.7,0.12387371,0.1448965,0.16680002,0.17673635,0.18776846,0.20060539,0.21216655,0.2223146,11
0.86166304,297.45446777,142.81835938,2.06374192,2.09864187,0.08004975,0.13159728,0.17630386,0.2133131,0.25388622,0.29282999,0.33116055,0.36865759,2
0.597319543678693,219.10722845027087,0.6306228940739603,2.244247951411669,2.190757730196034,0.2043812274932861,0.3538146018981933,0.4926960468292236,0.6180181503295898,0.73067307472229,0.8335864543914795,0.9275493621826172,1.013507604598999,15
0.81721469,189.64204214,353.88141367,2.2,2.8,0.10789275,0.14569616,0.17957091,0.20444083,0.22951889,0.25690532,0.28179026,0.30475974,11
0.9780313617294524,163.97312516797052,0.4612486650433422,2.768692819269993,2.3200625419708896,0.1870925426483154,0.3310344219207763,0.4718735218048095,0.6065115928649902,0.7327289581298828,0.8514773845672607,0.9627561569213868,1.0672926902770996,15
0.720018858874049,186.1514835356472,391.02754926448415,2.0,2.1,0.0796115398406982,0.1046202182769775,0.1246731281280517,0.1333479881286621,0.1488072872161865,0.1624956130981445,0.1753830909729004,0.1881699562072754,11
0.71708897,227.77269122,231.78875279,2.6,2.4,0.1405859,0.20769072,0.27452135,0.33783436,0.3975165,0.4538672,0.50583625,0.55553985,3
0.5421477439139023,3.0477668294024185,2.400935163447929,2.32722783,2.30744982,1.1674602031707764,3.7207441329956055,6.233647346496582,7.906711578369141,8.593639373779297,8.721883773803711,8.776347160339355,8.83420181274414,14
0.43959718,209.56512222,57.84108821,2.4,2.2,0.2747717,0.49539065,0.6632345,0.80055904,0.91542315,1.0138922,1.0978165,1.1726236,9
0.3881246495779594,20.9984070413166,1.4993670804178547,2.2,2.9,1.051252841949463,3.3147573471069336,5.372846603393555,6.541891574859619,6.908059597015381,6.988094806671143,7.029799938201904,7.061901569366455,5
0.86066639,202.24575806,236.88442993,2.3977499,2.43359017,0.12619019,0.19281626,0.2564683,0.31693792,0.37481999,0.43027973,0.48212671,0.53132892,3
0.7461099971447818,1.8187887344393143,0.0133122957972436,2.6669540609070124,2.0939825025292427,1.131584882736206,3.412993907928467,5.307454109191895,6.364245891571045,6.871954441070557,7.197410106658936,7.470204830169678,7.695241451263428,5
0.9964014,300.0,398.63260537,2.06581109,2.02580676,0.04902744,0.07471514,0.0957725,0.09719467,0.10783529,0.11539149,0.12178373,0.13093352,11
0.8661445877760252,4.001485208731495,0.195330756158551,2.131624678645378,2.562703602348862,1.0167698860168457,2.974250078201294,4.384057998657227,5.076778411865234,5.43187427520752,5.669678688049316,5.845772743225098,5.979620933532715,5
0.6035038496627236,230.29857577073275,391.6239691124849,2.48696805,2.21406652,0.0981688499450683,0.1231691837310791,0.1448705196380615,0.1533975601196289,0.165647268295288,0.1790797710418701,0.1922821998596191,0.204148530960083,11
0.69635367,15.17525291,11.75535393,2.70668483,2.66767645,0.914855,2.57207942,3.7148993,4.27622604,4.56018543,4.74757767,4.86564541,4.97336674,22
0.899435702231819,0.8798656917929261,0.0081823438141294,2.350631278962684,2.2553637637632096,1.1591148376464844,3.542557716369629,5.524904727935791,6.654397964477539,7.215848922729492,7.573193550109863,7.852071762084961,8.07128620147705,5
0.4056832944968392,2.698132994565995,0.0056942809618037,2.48506429182286,2.5135248778551413,1.2375736236572266,4.090113639831543,7.291956424713135,9.941823959350586,11.3101806640625,11.33689308166504,11.344318389892578,11.350627899169922,12
0.80724135,236.86751516,354.30842637,2.3,2.4,0.08866119,0.12400007,0.15327024,0.17050743,0.19156504,0.21340322,0.23559284,0.25656748,11
0.6760096668433395,0.8130064688056586,0.0065551608936297,2.7356685398098666,2.1019074608328365,1.1925451755523682,3.797928094863892,6.441841125488281,8.334871292114258,9.325121879577637,9.527127265930176,9.545680046081545,9.566815376281738,12
0.95546776,98.06407334,276.38206109,2.6,2.0,0.16226244,0.26486206,0.36501288,0.4557197,0.53751826,0.6124935,0.6809163,0.7439101,17
0.85429488,29.90372298,22.47097411,2.5,2.7,0.584656,1.441014,2.0106413,2.3537567,2.5889046,2.7712314,2.9218972,3.0513685,19
0.9664085107024442,6.044309266205119,0.1193311206572993,2.175716283947525,2.829856726961328,0.8907742500305176,2.5355141162872314,3.6385552883148193,4.198277473449707,4.514005661010742,4.73736572265625,4.910821914672852,5.052960395812988,22
0.4705195,263.20046824,355.37122681,2.2,2.9,0.11618781,0.13955307,0.16266894,0.17031169,0.18421626,0.19775772,0.20589757,0.21738696,11
0.31090865,39.76301486,145.37964763,2.1,2.9,0.6469991,1.7230797,2.3924031,2.5758004,2.5951304,2.6002965,2.6056714,2.610918,0
0.78326444,72.72505777,69.06739337,2.2,2.5,0.3359146,0.68497896,0.95655584,1.1689513,1.3390534,1.4793549,1.5970836,1.700038,10
0.30392221,131.78279286,353.557197,2.92759908,2.90884349,0.36620927,0.69843364,0.85464954,0.90963912,0.94893003,0.9811399,1.00767493,1.03078794,21
0.94674933,65.15798939,245.86823305,2.4,2.1,0.21379161,0.3719864,0.5114732,0.6315539,0.7360587,0.82782197,0.9085338,0.9784386,17
0.5466895644738672,165.90492669815225,0.0112571106052419,2.915725429687456,2.572866439342517,0.363506555557251,0.7488441467285156,1.042385816574097,1.270679950714111,1.4544353485107422,1.6076116561889648,1.73884916305542,1.853063583374024,8
0.78653567,262.41020402,126.61233651,2.6,2.5,0.14112568,0.22315073,0.30025744,0.37821865,0.45280743,0.52197504,0.58821416,0.6513536,2
0.7157799107560657,279.2879266620627,0.2819504276597646,2.635723559427216,2.5808889107760447,0.1773500442504882,0.2927060127258301,0.4059338569641113,0.5164594650268555,0.6191871166229248,0.7159295082092285,0.8072824478149414,0.8933761119842529,15
0.88768816,14.96184826,17.22561264,2.27868986,2.94377327,0.75144887,2.05747676,2.90069938,3.33856177,3.59672952,3.78079772,3.92746949,4.04701424,22
0.636594,134.86444577,127.35019618,2.93303387,2.09060742,0.23478103,0.40743065,0.55286598,0.67677832,0.7844739,0.8793931,0.96334386,1.03700638,16
0.30000001,83.66319275,400.0,2.0,2.0,0.21245146,0.2446909,0.25039124,0.25500774,0.25979137,0.26429439,0.26830268,0.27210379,11
0.4949688553265219,1.3581828555031628,0.0119338673867321,2.2539606457664654,2.0659238393125285,1.1789422035217283,3.822499036788941,6.6605072021484375,8.884536743164062,10.103096961975098,10.177334785461426,10.185171127319336,10.191661834716797,12
0.87734092,270.04143894,51.52505301,2.24350768,2.48750297,0.11961293,0.2039969,0.28055334,0.35309029,0.42561197,0.49628925,0.56399488,0.62894654,2
0.6881061796907418,21.33154550292375,0.0055001840229102,2.007185992833958,2.930223756176352,0.8040077686309814,2.334869861602783,3.358424186706543,3.8318591117858887,4.061324596405029,4.212586402893066,4.331259250640869,4.427897930145264,22
0.4548172478983195,9.984511164972837,141.56640054919953,2.03513861,2.11568308,0.7056703567504883,2.0098557472229004,2.884820938110352,3.1296935081481934,3.1442604064941406,3.1443357467651367,3.144467353820801,3.144752025604248,0
0.786903412971586,25.13204074716716,0.0292498088924984,2.914458366748451,2.3393865118543378,0.6754281520843506,1.744428634643555,2.436464309692383,2.8323183059692383,3.094933032989502,3.292387008666992,3.450021266937256,3.585455894470215,22
0.9333008,187.22816022,291.77274756,2.9,2.2,0.12603831,0.19559765,0.25903916,0.32355022,0.38593102,0.4438498,0.49878788,0.55102324,4
0.80138311,45.92710708,375.14795097,2.96374343,2.34674547,0.26271296,0.43215203,0.53122878,0.60394263,0.66068029,0.70595121,0.74171495,0.77102947,21
0.40512819,292.16748233,37.70078705,2.4,2.4,0.22479081,0.3639214,0.48377514,0.58797646,0.67956424,0.76214695,0.8371403,0.9051199,15
0.72372207,283.48030205,363.67414204,2.1,2.8,0.07928085,0.11046171,0.12972188,0.13219666,0.14167309,0.15782213,0.17330408,0.18289566,11
0.4528821,93.70153674,46.40690224,2.7,2.5,0.57095265,1.4787621,2.0604854,2.3163686,2.4550133,2.5579424,2.646171,2.7213025,19
0.53722763,266.08759803,151.31487323,2.2,2.3,0.13800192,0.20054293,0.26282477,0.31913137,0.37240243,0.42183208,0.4678235,0.51152873,2
0.6141280239036618,0.8024704163470462,0.0596875225957049,2.772063407744191,2.2907054502194293,1.2321782112121582,4.008058071136475,6.996598243713379,9.3320894241333,10.507164001464844,10.558401107788086,10.56720733642578,10.57461166381836,12
0.8075358287755111,3.966639521634221,3.6598205248489584,2.70325333,2.6549604,1.0909631252288818,3.2315866947174072,4.886585235595703,5.737977981567383,6.177803993225098,6.493044853210449,6.742637634277344,6.926843643188477,6
0.7025593622350225,69.92401538608073,0.1047523803682792,2.5924608528484194,2.2376579077712706,0.4368982315063476,0.987013816833496,1.3776257038116455,1.6465795040130615,1.8477981090545648,2.0092952251434326,2.147326231002808,2.26520037651062,18
0.3668363,275.72314808,262.60837354,2.09936597,2.99860184,0.18794537,0.25735712,0.32038736,0.37539101,0.42536068,0.47095633,0.51291418,0.55184865,4
0.9308948291758024,44.26303189559751,0.0058010689138745,2.9714763194469374,2.457022819237654,0.4610376358032226,1.043099880218506,1.4875783920288086,1.8139572143554688,2.064517021179199,2.2686023712158203,2.440464973449707,2.588590621948242,18
0.46188829,122.91555075,254.273438,2.6,2.4,0.30853152,0.5653558,0.72138476,0.83062816,0.914598,0.9843862,1.0403228,1.0900617,10
0.70313674,185.998041,242.81095362,2.1,2.3,0.11998653,0.17321825,0.22352123,0.26949024,0.31429005,0.35611653,0.39487767,0.43101835,3
0.5982459742852605,75.8197496941124,210.15283544115823,2.397740060610478,2.6819590353111207,0.3778915405273437,0.8177952766418457,1.1097698211669922,1.2893362045288086,1.4151625633239746,1.5129985809326172,1.5910658836364746,1.6576921939849854,10
0.9069351,11.01936817,10.85125256,2.54490232,2.06687713,0.72946358,1.82868528,2.5120573,2.89578199,3.1481576,3.32665539,3.46608829,3.58235025,22
0.3168193204324451,35.75543007489387,1.0635178687717788,2.564771474401106,2.698483713155216,1.0082318782806396,3.0939276218414307,4.89671802520752,5.8350114822387695,6.105653762817383,6.1952104568481445,6.255030632019043,6.300073623657227,5
0.46355495,276.03048345,129.39972019,2.1,2.2,0.14095783,0.20203614,0.26050067,0.31354737,0.36373186,0.4104414,0.4534371,0.49368572,2
0.48897032,243.99944959,317.91999061,2.40147927,2.15299127,0.11169863,0.13691616,0.16122055,0.17655706,0.19493556,0.21200919,0.22920179,0.24534321,11
0.40214396,166.2720558,13.82233259,2.69255342,2.72581843,0.46654582,1.09244561,1.50651526,1.73287654,1.88623405,2.00461841,2.1062696,2.19265389,18
0.8485198478228632,290.38912009089063,0.3178565580660911,2.326892628065464,2.304063518941962,0.1224653720855712,0.2075879573822021,0.2845532894134521,0.3592877388000488,0.4335725307464599,0.5061633586883545,0.5757794380187988,0.6426012516021729,2
0.53361443,168.46677253,395.74860854,2.6,2.7,0.17910266,0.2232356,0.2648909,0.30092883,0.334383,0.36370778,0.3910048,0.4163525,4
0.68646146,289.46421009,221.56810867,2.9,2.9,0.16533184,0.22202373,0.29231143,0.3639822,0.42639685,0.4864409,0.5430598,0.5973644,3
0.49680774,162.19081606,214.05691326,2.6,2.7,0.27284765,0.46518087,0.6020627,0.71517587,0.81050706,0.892535,0.9627104,1.0248146,17
0.59778062,168.82206841,262.93131068,2.7,2.9,0.22948027,0.35559392,0.463614,0.55845404,0.6417203,0.71627474,0.7833431,0.8448105,17
0.6068495022435378,208.60541566116103,0.0066423682796184,2.385490783383235,2.4809628348380124,0.2414619922637939,0.4321410655975342,0.6041197776794434,0.7561588287353516,0.8917093276977539,1.01371431350708,1.1230897903442385,1.2227067947387695,15
0.9215436070580728,288.7544024594347,282.6392994771474,2.0,2.7,0.0819418430328369,0.1313710212707519,0.1691241264343261,0.2034051418304443,0.2397599220275879,0.2764923572540283,0.3116967678070068,0.3457961082458496,11
0.9940958,19.01970863,308.48092651,2.61062503,2.09588218,0.30480623,0.57355261,0.73982191,0.83783746,0.89784908,0.93727446,0.96368933,0.98226166,21
0.83838931,238.91764596,255.09756694,2.2,2.7,0.10771108,0.15608048,0.20000696,0.23780942,0.2757337,0.3144102,0.35161877,0.3867004,4
0.48409486,177.44592562,67.14861014,2.6,2.1,0.30042052,0.57268167,0.7781756,0.94133425,1.0740025,1.1867037,1.2827795,1.3638849,10
0.9106141415920158,0.8298334632955598,0.0048017011196564,2.9731888590901008,2.370692395164257,1.20560884475708,3.6814374923706055,5.811342239379883,7.045260429382324,7.676621437072754,8.112363815307617,8.519941329956055,8.911371231079102,12
0.80028415,8.65503788,3.23540401,2.01462078,2.37919021,0.89852738,2.47430801,3.46678877,3.9314599,4.16983175,4.3151412,4.42556763,4.50174093,22
0.39671093,73.19332457,251.60877966,2.95856967,2.3726973,0.43552947,0.9862864,1.29088783,1.37358665,1.40744114,1.43508196,1.45864058,1.4795332,1
0.4775111425847673,223.0726830953537,303.18185845436733,2.93990827,2.25485444,0.159395694732666,0.199838638305664,0.2421643733978271,0.2765498161315918,0.3107991218566894,0.3406507968902588,0.3690061569213867,0.3960986137390136,4
0.4699110059906914,5.42569159485776,42.80227690226688,2.10757351,2.01179361,0.9603736400604248,2.9155161380767822,4.5528411865234375,5.40929126739502,5.5948896408081055,5.620234489440918,5.630834579467773,5.635585784912109,7
0.9433996887220716,26.503169422693013,0.8317035686441984,2.462031511392256,2.98059186973415,0.6002814769744873,1.5114240646362305,2.1298365592956543,2.520622730255127,2.798233985900879,3.017228603363037,3.1987223625183105,3.354569435119629,18
0.61043092,274.92578679,347.0539099,2.9,2.5,0.13527322,0.17237401,0.20869207,0.2542112,0.29134488,0.3254814,0.35886312,0.39000607,4
0.4944181754474446,27.377952994494027,67.41121084806426,2.771285267097716,2.6797807438284886,0.8175694942474365,2.39309310913086,3.5518202781677246,4.086419105529785,4.291904926300049,4.383116245269775,4.439770221710205,4.483246803283691,23
0.9084197817741436,7.113336784877674,0.0568054365291916,2.351847753618781,2.956138928709612,0.9261133670806884,2.679892063140869,3.910491943359375,4.535346031188965,4.872139930725098,5.105332374572754,5.287168979644775,5.431186199188232,5
0.65853607,11.80939493,83.94760095,2.5,2.7,0.84869814,2.3990324,3.4991639,4.00023,4.19995,4.2836905,4.3189,4.341007,23
0.74497068,201.47676086,130.25161743,2.12338018,2.11160278,0.12745047,0.20514584,0.27886128,0.34749603,0.41338849,0.47456455,0.53200483,0.58625388,2
0.5681202194692514,1.952743823589485,0.0172793112386743,2.6455414975690643,2.169610621122888,1.1820359230041504,3.747300624847412,6.314246654510498,8.087387084960938,8.916437149047852,9.057769775390623,9.098346710205078,9.169031143188477,12
0.95175711,30.55097158,265.64964644,2.2,2.6,0.30636907,0.5889642,0.78799105,0.9296963,1.0325496,1.1099629,1.1715775,1.2195575,10
0.55793832,63.61877997,141.79052093,2.9,2.4,0.5195744,1.3193889,1.8433096,2.079477,2.2070282,2.2976458,2.372917,2.437023,20
0.86694541,293.73826816,84.03694358,2.3,2.3,0.10291862,0.17208481,0.23281169,0.2876644,0.34498906,0.4011476,0.45589066,0.50780606,2
0.3682940067760303,1.0519062906993204,0.0889641495296818,2.342834828296484,2.954725138686204,1.2833826541900637,4.3769354820251465,8.133893013000488,11.630962371826172,14.112061500549316,14.1820650100708,14.189248085021973,14.195521354675291,12
0.86213589,74.96915746,151.9886374,2.9,2.9,0.34698486,0.6954522,0.9759364,1.2063017,1.3954611,1.5537663,1.6887727,1.8044877,10
0.75421523,279.3598695,333.11420061,2.9,2.3,0.11003947,0.15180373,0.18399143,0.22357178,0.26446533,0.30042124,0.33418536,0.36705065,4
0.8838045,228.83380154,334.48446795,2.1,2.9,0.0916574,0.12737966,0.1537559,0.17075658,0.19076061,0.21565247,0.2373414,0.25768828,11
0.3013039,102.78446421,317.98390338,2.4,2.1,0.32061744,0.58640265,0.69196916,0.72671556,0.75516176,0.7772982,0.7957363,0.8115134,21
0.67552763,60.28509903,67.94662476,2.10756874,2.2842021,0.42644405,0.95275235,1.29879308,1.51893854,1.6802094,1.80174589,1.90279007,1.99070764,20
0.30859333,122.69102923,326.19139329,2.1904442,2.97365231,0.35786295,0.744735,0.94563627,1.01368427,1.05393553,1.08701324,1.1160934,1.14186931,21
0.3764406973515087,172.82072216302532,377.8030684303069,2.4,2.4,0.1885075569152832,0.2274236679077148,0.2601633071899414,0.284743070602417,0.308499813079834,0.3303024768829345,0.3498241901397705,0.3679578304290771,4
0.50478499,13.69049553,132.53129967,2.5,2.5,0.8054066,2.3144221,3.4389448,3.8904734,3.9876947,3.9910388,3.991366,3.9926353,23
0.7697382800648931,0.8566239818286999,0.0333294391976318,2.542956151741476,2.2581122083627867,1.1997027397155762,3.799753665924072,6.291800498962402,7.898121833801269,8.60566520690918,8.864871978759766,9.042247772216797,9.19426727294922,12
0.64979705,33.53520539,264.28953985,2.87380127,2.40911905,0.44023776,1.00529265,1.34596086,1.47192693,1.52321553,1.55729508,1.58372426,1.60515332,1
0.42138965,222.27854195,197.75928846,2.8,2.1,0.22599745,0.35885882,0.46457863,0.55531955,0.6349695,0.70595837,0.7701402,0.8269205,17
0.48087807,232.97212296,78.81899091,2.1833562,2.35201727,0.21278286,0.34822822,0.46774316,0.57145452,0.66375971,0.74659729,0.82126975,0.88952231,16
0.49764907,288.19354248,24.25172234,2.72714877,2.02892876,0.16633368,0.25788236,0.34731364,0.42870593,0.50403953,0.57332778,0.63787961,0.69812918,15
0.7837018989707851,1.086624581688262,0.005182733902651,2.1980567723262965,2.0506603874582203,1.1279706954956057,3.4605255126953125,5.463257312774658,6.635788440704346,7.166507244110107,7.4347758293151855,7.621402263641357,7.767658710479736,5
0.36539644,59.64464005,183.57329615,2.5,2.3,0.5582638,1.4657476,2.0243971,2.1517804,2.1663392,2.1807902,2.1941707,2.2065413,0
0.42253543,128.88577239,339.1635003,2.59576182,2.54831105,0.26423025,0.40856075,0.48212433,0.54082823,0.58991075,0.63272738,0.6693449,0.70131135,17
0.88635606,151.68959045,162.02067566,2.14823484,2.70849586,0.16857576,0.28494096,0.39839721,0.50488114,0.6036129,0.69556308,0.78081703,0.86096406,17
0.62923122,193.19249225,327.62695774,2.4,2.9,0.15099049,0.1974709,0.24605131,0.2884271,0.3289981,0.3649137,0.39839935,0.43005705,4
0.3967399,290.06274414,262.50576782,2.17727089,2.07382774,0.10425282,0.12896752,0.14968204,0.16308808,0.18148756,0.19824076,0.21349144,0.22838688,11
0.37359768,123.81132507,152.72006226,2.22311902,2.81624031,0.44675159,1.07226968,1.46128368,1.62102866,1.70718265,1.77483606,1.83146095,1.88104963,0
0.97124274,18.73627183,399.86870243,2.7,2.6,0.34541035,0.684942,0.8907256,0.997658,1.0543826,1.0891211,1.1133084,1.1309431,21
0.78102994,224.87594604,214.93814087,2.49810028,2.33080959,0.12595415,0.18891859,0.24958444,0.3058567,0.35970283,0.41133189,0.46073127,0.50705218,3
0.522410294317817,58.40387342518237,15.735883046562192,2.787479855793052,2.36549298480759,0.6346909999847412,1.6831579208374023,2.345327854156494,2.6694068908691406,2.855896472930908,2.989314556121826,3.100337028503418,3.196282863616944,22
0.83481314,83.91717586,233.11301123,2.0,2.5,0.19116902,0.3098433,0.4164157,0.5075009,0.58767223,0.6577232,0.71980023,0.77461743,17
0.57207187,60.93309391,171.402862,2.6,2.8,0.479213,1.1385505,1.5645051,1.7673783,1.8835173,1.9667826,2.0345373,2.0926113,20
0.3317771570288119,84.70583593208033,400.0,2.1,2.2,0.244499921798706,0.343942642211914,0.3667418956756592,0.3847067356109619,0.3999149799346924,0.4135503768920898,0.4255490303039551,0.4360718727111816,21
0.7517142853566622,4.483457592091191,0.1211787601001472,2.3222586657527646,2.598380639568626,1.08013916015625,3.235424995422364,4.9176788330078125,5.768728256225586,6.166840553283691,6.422622680664063,6.616772651672363,6.754184722900391,5
0.30319864,237.63684082,15.74865437,2.23977423,2.04896665,0.2957623,0.53716087,0.69412565,0.80817461,0.89842033,0.97295475,1.03829956,1.09386015,9
0.50613192,127.02861937,327.4936491,2.2,2.6,0.20190382,0.2725215,0.32759333,0.37304068,0.41243696,0.4471991,0.47793174,0.5067165,4
0.4997834,69.13738251,45.55480194,2.83416939,2.00136232,0.51681328,1.25188613,1.69321752,1.91043591,2.04252362,2.14682174,2.23471189,2.30661988,19
0.57300056,211.11831306,206.76897244,2.4,2.1,0.15430188,0.22747183,0.29951024,0.36417747,0.4236431,0.4782474,0.5288944,0.5762038,3
0.7308904996908129,18.252377169255944,0.0416317123012079,2.642877761269669,2.1784715946143485,0.7624378204345703,2.0115408897399902,2.796305179595948,3.218517780303955,3.476505279541016,3.662426471710205,3.8108959197998047,3.923245429992676,22
0.57986355,50.75550079,152.22373962,2.20868707,2.96640992,0.53731036,1.41360164,1.98144722,2.21754217,2.32700968,2.40347147,2.46663237,2.52075195,0
0.77139533,139.43913269,287.6675415,2.17887735,2.12964344,0.12772679,0.18435073,0.23881006,0.28856349,0.33484745,0.37785888,0.41706276,0.45339322,4
0.37378257,281.6278867,163.17716949,2.60809585,2.34088716,0.19304705,0.26777339,0.33742428,0.39683151,0.45055151,0.49994016,0.54505301,0.58683968,2
0.33133411,68.47009265,374.91302185,2.3,2.2,0.30854464,0.5275173,0.5824163,0.5944159,0.6058657,0.61687636,0.6262729,0.6345632,21
0.48494889,235.40359581,301.63496653,2.6,2.6,0.16919374,0.21943426,0.27016783,0.3153689,0.35747313,0.39564037,0.4309306,0.46400976,4
0.32063302,75.57287725,204.28977236,2.67970907,2.11514027,0.44425321,1.01269865,1.29357505,1.33874416,1.35762835,1.37471294,1.39012957,1.4042716,1
0.74137568,68.53916047,223.55033164,2.2,2.1,0.25711322,0.46110702,0.6150718,0.73867345,0.83893824,0.9215317,0.98892546,1.0476065,17
0.7593016042530368,2.2352502306064896,137.55823060402977,2.0309105752136176,2.205170295312639,0.7662570476531982,2.229372501373291,3.287882804870605,3.639626979827881,3.675594329833984,3.6759090423583984,3.67595100402832,3.6759519577026367,23
0.4558282187442053,25.136039392336706,0.0259641761983793,2.149411080732597,2.6765582347373003,0.945347785949707,2.853990316390991,4.331374168395996,5.0103912353515625,5.231436729431152,5.340899467468262,5.409584045410156,5.462383270263672,5
0.9505599308701038,2.7045287744867865,0.0700976449649314,2.2491651506438184,2.66817728408148,1.0466232299804688,3.055649518966675,4.520529747009277,5.264455795288086,5.660209655761719,5.945648193359375,6.158906936645508,6.330716133117676,5
0.53565122,221.05560231,176.9008089,2.7,2.9,0.23277187,0.36798263,0.48708344,0.5920534,0.6849015,0.7692292,0.8459592,0.91608,17
0.4050026,214.26378518,232.56905391,2.6,2.7,0.24289155,0.37099457,0.4620037,0.53986335,0.6075983,0.6680913,0.7215698,0.7703159,17
0.63062818,251.40417226,341.00402342,2.1,2.9,0.09731722,0.1268239,0.14950466,0.15956187,0.17331195,0.1917808,0.20674801,0.2199552,11
0.84157398,123.07940346,107.58922495,2.2,2.6,0.2068038,0.36181498,0.5069506,0.63723516,0.7548852,0.86193824,0.9587984,1.0470879,16
0.6538041946639814,5.442670923871749,0.4416785375691192,2.082616535685237,2.303149004073793,1.0488574504852295,3.1293952465057373,4.7257280349731445,5.504894256591797,5.840106010437012,6.040871620178223,6.166654586791992,6.272250175476074,5
0.39472261,260.49810791,7.70627165,2.75228977,2.56595683,0.31627274,0.59251666,0.79361439,0.95584464,1.09059238,1.20462275,1.3027463,1.39021254,9
0.81211913,91.63021088,79.37637329,2.71419454,2.99654293,0.35838199,0.72940111,1.03035069,1.27874756,1.48436332,1.6572125,1.8047297,1.93262601,10
0.82073736,2.53873849,22.65570641,2.39358377,2.05028105,1.02366066,2.84014153,4.05814362,4.65324402,4.9700346,5.17596626,5.2954216,5.35302353,7
0.76898423,110.78365006,241.06203184,2.9,2.9,0.27374768,0.4808421,0.6530912,0.80247164,0.93132186,1.0446765,1.144239,1.2320786,10
0.91082811,33.3920256,46.30921908,2.33308626,2.87243841,0.51348257,1.2281549,1.72456264,2.05064011,2.28492022,2.46865511,2.61882257,2.74811506,19
0.708056844677032,26.735802540640456,0.4426233358544059,2.6371758169726345,2.670617876173353,0.756397008895874,2.0753188133239746,2.9372477531433105,3.381248950958252,3.638159275054932,3.8226613998413086,3.9676084518432617,4.091419696807861,22
0.79812831,240.89251647,382.23284473,2.2,2.8,0.0990119,0.1228888,0.14757514,0.15803719,0.17285037,0.1915698,0.2059331,0.22006607,11
0.39461436,288.46609052,234.22386404,2.2,2.8,0.14663959,0.18256211,0.22070885,0.2505412,0.27944732,0.30727363,0.33308768,0.35770512,3
0.48560786,138.91242981,240.74754333,2.27946448,2.02187824,0.19723344,0.28741884,0.35923219,0.41953778,0.4718852,0.51766205,0.55833411,0.59393811,3
0.45857943,253.56255571,332.10803382,2.9,2.5,0.17717242,0.22560668,0.27736616,0.32473087,0.36570048,0.4039569,0.43971515,0.47291565,4
0.5370549,289.02282715,32.2895813,2.35508537,2.84115934,0.21019673,0.34666348,0.47648644,0.59433293,0.70197034,0.80127716,0.89287639,0.97747588,15
0.59548098,6.63799286,14.7957983,2.61050081,2.04382539,1.03455067,2.91091609,4.23468018,4.85393143,5.16109943,5.37097454,5.50943947,5.57029533,6
0.5486317755364684,33.27427921627666,0.005078856532871,2.967440128101688,2.582700952999599,0.8395204544067383,2.382952213287353,3.4532413482666016,3.982943058013916,4.258109092712402,4.431183815002441,4.562892436981201,4.665843486785889,22
0.94623618,128.82750764,337.14817611,2.1,2.7,0.11748076,0.16235137,0.20552206,0.24317026,0.27873182,0.3126607,0.34483147,0.37438965,4
0.54644156,146.32996648,32.37038979,2.5,2.4,0.35030842,0.7125392,0.9803591,1.1840947,1.3454208,1.4806054,1.5931683,1.6897652,9
0.83808184,69.5931778,184.43218994,2.00838137,2.59203386,0.27278399,0.52003098,0.72131991,0.887851,1.0273056,1.14550138,1.24531913,1.33021212,10
0.34752831,152.85647583,385.38806152,2.38299131,2.47847557,0.21816611,0.27658916,0.30721569,0.33192515,0.35504913,0.37555957,0.3938539,0.41034293,4
0.78638618,197.20749308,50.6747279,2.02738366,2.98566139,0.18118954,0.3182416,0.45142102,0.57725954,0.69409513,0.80359221,0.90594316,1.00172091,16
0.8117769465279212,3.884822242418823,0.2885598676189753,2.6562781594402765,2.179187917526351,1.026146650314331,2.8954615592956543,4.185758590698242,4.850615501403809,5.2759552001953125,5.594415187835693,5.83573579788208,6.017981052398682,5
0.67572313,22.94300889,89.81586194,2.0,2.0,0.58329606,1.45236373,1.92836738,2.12268734,2.22451687,2.29456949,2.35014105,2.39830256,0
0.81429482,11.66338253,145.3011322,2.21176577,2.22096825,0.60020089,1.54515433,2.09473515,2.30009222,2.3741622,2.41192865,2.44051313,2.4646244,0
0.75452762,257.75214236,121.13260215,2.4,2.8,0.14371896,0.22558117,0.3045578,0.38031745,0.45297146,0.52079844,0.5852859,0.6469121,2
0.30001305,92.23191622,0.02319778,2.00001174,2.00017349,0.64135671,1.66873431,2.2388792,2.42484951,2.49699211,2.54906082,2.59405994,2.6375103,0
0.78589378,292.97912536,181.21008156,2.6,2.6,0.13319921,0.18746805,0.24164271,0.30148268,0.3602903,0.41350436,0.46427345,0.5136926,3
0.31585644,117.42672991,185.99344604,2.96840544,2.41176722,0.44169307,1.00860023,1.32753038,1.42762184,1.47628498,1.51765919,1.55251741,1.58245516,0
0.99203462,115.37234821,350.78547713,2.6,2.7,0.15684748,0.22990108,0.30325747,0.37208652,0.43521094,0.4926045,0.54527974,0.59432554,4
0.5101222228843029,51.80859223140489,0.7753458016197342,2.7930891460365705,2.804146039125928,0.7636258602142334,2.170149803161621,3.134672164916992,3.598438262939453,3.827671051025391,3.971322536468506,4.086183071136475,4.177772521972656,22
0.85827635,162.29475879,270.60187168,2.3,2.0,0.11057544,0.1684742,0.22329283,0.273,0.3217783,0.36738896,0.4098804,0.4500556,4
0.4238777231756022,0.862878139713621,0.0069351911415339,2.17368492429906,2.264333731752149,1.211052656173706,4.042096138000488,7.273043632507324,10.117259979248049,11.919171333312988,11.982111930847168,11.990622520446776,11.997841835021973,12
0.61406985,246.90645511,146.23274536,2.6,2.2,0.15992236,0.2471652,0.33399987,0.41383123,0.48766828,0.5560534,0.6198087,0.67985106,2
0.8954724394905086,1.24889214319159,0.5042760918995052,2.5620719021072444,2.946992623102408,1.2159419059753418,3.79065203666687,6.105493545532227,7.469648361206055,8.140278816223145,8.521617889404297,8.816479682922363,9.066317558288574,13
0.94868172,90.55468542,305.61116346,2.1,2.5,0.14716816,0.21551704,0.2847786,0.34592438,0.40099573,0.45048404,0.49539804,0.53618574,4
0.87164882,96.32249385,68.90313454,2.9,2.5,0.31095743,0.60691094,0.8632314,1.085197,1.2767832,1.4432526,1.5882878,1.7164311,10
0.91591631,201.11957311,2.33778443,2.1,2.1,0.12696576,0.22587132,0.31825304,0.4066975,0.4923756,0.5737498,0.6521604,0.726223,15
0.3382876799250818,250.23539974415365,362.841543354103,2.0,2.9,0.1677730083465576,0.2036683559417724,0.2402844429016113,0.270388126373291,0.2981619834899902,0.3248217105865478,0.3490705490112304,0.3715896606445312,4
0.80335805,65.94906001,261.46248247,2.54465679,2.51069255,0.28229833,0.51768208,0.69552112,0.83733249,0.95283151,1.04797792,1.12807012,1.19567418,10
0.7828169689493115,279.03497061861435,318.13231427322535,2.1,2.2,0.0722360610961914,0.1064915657043457,0.1361205577850341,0.150181770324707,0.1708288192749023,0.1917171478271484,0.2126026153564453,0.2318406105041504,11
0.87381911,18.63201141,47.07187653,2.38884306,2.13255048,0.59074068,1.44294548,1.97299743,2.26927495,2.46389031,2.61489511,2.73033786,2.82949615,19
0.44180447,72.41729142,297.70789568,2.2,2.1,0.31067324,0.56246877,0.6814234,0.7380557,0.77905345,0.80951595,0.8336282,0.8529017,21
0.4995887780543278,145.69700125455162,0.2013336703359044,2.349382590466689,2.332308091018646,0.3759443759918213,0.8023872375488281,1.1028077602386477,1.3157854080200195,1.4806158542633057,1.6147739887237549,1.727243423461914,1.8251357078552248,8
0.64945017,174.25296871,340.98750248,2.2,2.4,0.1246078,0.1599114,0.19651008,0.22549868,0.25488758,0.28243923,0.30803323,0.33202553,11
0.502543554454874,35.34666280737002,0.4610635592462196,2.086204633424628,2.2881818993014984,0.7738361358642578,2.1560099124908447,3.0272738933563232,3.3975327014923096,3.5691797733306885,3.678979635238648,3.7665321826934814,3.838892698287964,22
0.8151359413843665,1.5371553268011322,87.82286341281936,2.2045066249083702,2.727965808900808,0.952862024307251,2.9587459564208984,4.689028739929199,5.61985969543457,5.847828388214111,5.87808084487915,5.882843494415283,5.883403301239014,7
0.31381107,284.8705819,205.55786595,2.73925447,2.15859808,0.17153287,0.21071815,0.25034714,0.28207994,0.3118763,0.33996153,0.36584377,0.39008975,3
0.62328589,175.12139251,106.43423705,2.3,2.8,0.22188783,0.37572145,0.51372623,0.63400793,0.74090004,0.83762026,0.92441154,1.0034177,16
0.3709120194213515,7.794267884903175,10.23917105448332,2.12606215,2.51218009,1.1227259635925293,3.625367403030396,6.183112144470215,7.95041561126709,8.679096221923828,8.740339279174805,8.744833946228027,8.748913764953613,14
0.8151714977677047,112.9127646908189,0.0972540076607123,2.122767516973978,2.220491796256394,0.2494325637817382,0.4735810756683349,0.6747617721557617,0.8521814346313477,1.0079705715179443,1.146082639694214,1.269235134124756,1.3790957927703855,8
0.54034011,28.0658164,353.25214762,2.72052664,2.10179396,0.35064626,0.67088366,0.77749586,0.78044534,0.78276205,0.78497291,0.78695536,0.78868103,21
0.62809155,109.69578726,171.24559744,2.15740073,2.25386079,0.25470567,0.45356345,0.60976601,0.73728967,0.84380507,0.93369627,1.0117712,1.07998133,17
0.407778,96.84494574,154.45228513,2.9,2.5,0.5146675,1.3070767,1.8260913,2.0267363,2.1093636,2.1725335,2.2272024,2.272946,0
0.56994414,132.37915039,135.61129761,2.01313877,2.34090567,0.25865984,0.46713042,0.62977672,0.76240778,0.87344551,0.96875334,1.04986882,1.12150741,17
0.50563908,277.75241089,162.14237976,2.94654965,2.94484091,0.22983027,0.34800196,0.46122694,0.56074786,0.65074277,0.73343635,0.80930901,0.8800087,17
0.61399336,244.41862653,386.42770042,2.0,2.0,0.06511068,0.08764148,0.10244799,0.10456705,0.11336947,0.11939478,0.1236577,0.13099933,11
0.4312443,230.05490144,108.24300834,2.6,2.9,0.28209496,0.49030447,0.64424396,0.7735498,0.88416076,0.9803901,1.0645976,1.1385994,16
0.69989921,12.93876955,6.11578486,2.76408587,2.95948286,0.9739356,2.88163853,4.31848431,5.0520587,5.41005611,5.63694954,5.79525948,5.92479992,6
0.42980727,40.09742156,290.42320647,2.56697729,2.58916103,0.4972086,1.24190855,1.68950725,1.76189923,1.76286101,1.76362109,1.76429582,1.76511312,1
0.9526890548647144,1.0857506605014693,58.8900379568468,2.22644631714103,2.927088686498951,1.027134895324707,3.1955161094665527,5.0801262855529785,6.130712032318115,6.51282262802124,6.627627849578857,6.6641621589660645,6.674012660980225,7
0.9985893954297308,11.300030172585226,0.2115794002667844,2.003474590996648,2.510503949538615,0.6903307437896729,1.780644416809082,2.451390266418457,2.83770751953125,3.0944180488586426,3.29345178604126,3.4541015625,3.5932679176330566,22
0.6139313629339418,1.6263359561997714,0.0956501172333772,2.574833346066959,2.507631283568457,1.232645034790039,3.987884283065796,6.855390548706055,8.881937980651855,9.860355377197266,10.117205619812012,10.14369773864746,10.172149658203123,12
0.7630882219902054,1.8990598910637968,0.0174219568991592,2.052122646887641,2.2455856810831523,1.1152267456054688,3.4286513328552246,5.369255542755127,6.420881748199463,6.886550426483154,7.138298511505127,7.299684047698975,7.428675174713135,5
0.8412419,110.45212303,43.78190149,2.93252226,2.59121877,0.29677844,0.57054234,0.80973816,1.01883149,1.20066071,1.36006689,1.50021601,1.62402391,9
0.565150654114352,3.1321283155718334,9.807507661598924,2.69534034,2.90848848,1.219951868057251,3.9360830783844,6.732687950134277,8.674485206604004,9.533609390258787,9.722837448120115,9.764538764953612,9.819186210632324,14
0.5929560385541879,0.9520359751572948,0.6484507867561122,2.4720655883345404,2.561907921022388,1.2519381046295166,4.148401260375977,7.379537105560303,9.949424743652344,11.276214599609377,11.347976684570312,11.35450553894043,11.35993194580078,13
0.83563506,153.94082135,82.13646538,2.74943421,2.89072874,0.24751043,0.43703389,0.61742401,0.78162026,0.93078065,1.06670308,1.1911056,1.3044095,10
0.6362544878686666,1.026581525587965,0.0120672900776041,2.840444144817975,2.8188350485329474,1.2909963130950928,4.257414817810059,7.545613288879394,10.07573699951172,11.436237335205078,11.621811866760254,11.632960319519045,11.641843795776367,12
0.5976507919429844,5.605552468296301,0.0034005197237774,2.7864021476780563,2.100095181806405,1.0755891799926758,3.175700187683105,4.836570739746094,5.691742897033691,6.091314315795898,6.384093284606934,6.625356674194336,6.7963457107543945,5
0.8374538302769562,196.0491798717296,0.0147458943214949,2.6168312049529154,2.7529583026776763,0.2138965129852295,0.3738844394683838,0.5305242538452148,0.6790497303009033,0.816450834274292,0.9447555541992188,1.0639207363128662,1.1756138801574707,15
0.4016496681701523,253.31495065941385,390.9602022695127,2.7410774,2.68881666,0.1680696010589599,0.1915645599365234,0.2198908329010009,0.2475717067718505,0.2688794136047363,0.2897758483886719,0.3088576793670654,0.3268089294433594,11
0.44789973,150.89911018,200.04263126,2.9,2.4,0.33713293,0.6640625,0.8775828,1.0271292,1.141108,1.233356,1.3106685,1.3765709,10
0.59312497,264.04622518,218.84967517,2.6,2.4,0.14574862,0.20720625,0.27026796,0.32856584,0.38348007,0.43466043,0.481884,0.527411,3
0.38108411,203.8670888,314.42057211,2.2,2.6,0.17019868,0.20214844,0.23496151,0.25944042,0.28239536,0.30458403,0.3252735,0.34427,11
0.3251514721890787,2.86603462260715,0.0100604222898292,2.541557761289882,2.765136927673661,1.2716615200042725,4.267891883850098,7.785032272338867,10.920852661132812,12.842694282531738,12.881755828857422,12.888620376586914,12.894611358642578,12
0.6810159831553432,8.68098440874162,1.2782427879151896,2.517059178190848,2.15734474472538,0.961522340774536,2.7016186714172363,3.880265235900879,4.462236404418945,4.79091215133667,5.023839950561523,5.187899589538574,5.309643268585205,5
0.40378228,179.27674718,290.68833542,2.3,2.7,0.20801878,0.27899933,0.33384347,0.37889123,0.41894245,0.45468664,0.48670697,0.51600003,4
0.59448469,102.82602692,254.25880432,2.62519479,2.43234372,0.27396011,0.47676802,0.61770606,0.72855234,0.81906891,0.89462996,0.9590354,1.01381373,17
0.95407974,120.40086868,382.31678795,2.1,2.4,0.10375333,0.13825607,0.16867375,0.19262528,0.21859956,0.24267054,0.26579213,0.28712702,11
0.8537376684035081,46.07113440983409,0.003537341691522,2.1281058236385952,2.8774702383293795,0.4912586212158203,1.1661341190338137,1.642282247543335,1.970229864120484,2.216726064682007,2.414867639541626,2.5798418521881104,2.721019983291626,18
0.30514182,54.45621424,119.99726781,2.0,2.1,0.5930052,1.544275,2.0630567,2.1562555,2.168946,2.1811683,2.192559,2.2034523,0
0.50642574,97.19886017,112.54495239,2.25457048,2.11198759,0.35792565,0.73634338,0.97666883,1.12569356,1.23276424,1.31773591,1.38734794,1.44607949,10
0.3530067,294.8368676,77.21990187,2.7,2.3,0.25516582,0.42593026,0.5559871,0.66557574,0.7603159,0.84402966,0.91724205,0.98428774,16
0.91538739,295.70723176,151.44742856,2.4,2.7,0.1304102,0.17586303,0.22888732,0.28357077,0.34009957,0.3934796,0.4428079,0.49241138,2
0.68719616,193.70277116,94.72135437,2.81778494,2.11741584,0.17405176,0.28170729,0.38697243,0.48272729,0.5698967,0.65044022,0.72508264,0.79467058,16
0.68287112,124.33300591,123.63017394,2.8,2.7,0.31345987,0.6001034,0.82867646,1.0199459,1.1795752,1.3161399,1.4334743,1.535558,10
0.5466131053895523,81.57264596276124,1.0718911991831803,2.9759773113273744,2.215060809406196,0.5127136707305908,1.2546381950378418,1.7414140701293943,2.0185136795043945,2.211202621459961,2.3599772453308105,2.4841785430908203,2.5923337936401367,18
0.5617204837130639,128.44714050832684,0.0132383630383463,2.2055619798985666,2.5980907695435573,0.3911640644073486,0.8536045551300049,1.183934450149536,1.418959379196167,1.602175235748291,1.7499902248382568,1.8753561973571773,1.981918811798096,8
0.52030635,194.31587616,13.76435624,2.2,2.3,0.2559762,0.4621055,0.63275814,0.77789545,0.90235686,1.0116618,1.1080091,1.1923761,9
0.75903708,45.679791,66.18206973,2.1,2.5,0.43311524,0.9714353,1.336637,1.5688753,1.735024,1.8696556,1.9799285,2.072754,20
0.9919619537292352,7.121609411259279,0.8330671580398591,2.1620627550053904,2.87591748930362,0.8394930362701416,2.3562042713165283,3.3486878871917725,3.867455720901489,4.177505493164063,4.3987884521484375,4.571602821350098,4.713550567626953,22
0.5603422190778609,144.5802662016374,0.1046574720666621,2.7362803743382327,2.210620329207764,0.3355906009674072,0.6820039749145508,0.9467735290527344,1.1542599201202393,1.3213989734649658,1.4624083042144775,1.5826666355133057,1.6879193782806396,8
0.8631985899108009,4.7454332815737095,6.497580506126216,2.72664522874925,2.3103189666634933,0.9822616577148438,2.753347158432007,3.968546152114868,4.595461845397949,4.988130569458008,5.269418716430664,5.48343563079834,5.641205787658691,6
0.3319177523728524,160.9317306580352,0.0152810683121758,2.199563895777047,2.653887762566926,0.5120923519134521,1.3206729888916016,1.8169293403625488,2.029459953308105,2.152099132537842,2.2457637786865234,2.330483913421631,2.4037327766418457,18
0.34029289,298.75366411,396.78605697,2.8,2.8,0.16152573,0.17279434,0.19428158,0.2156136,0.22844863,0.24167609,0.2541778,0.26676965,11
0.75302813,118.96227743,135.83900689,2.4,2.4,0.23840284,0.4243455,0.5875895,0.72944045,0.8536298,0.9641149,1.0616393,1.1486351,17
0.5114874237263076,0.7779565030087412,0.0063397575705738,2.6199830103686814,2.382172987865129,1.2514874935150146,4.146441459655762,7.451259613037109,10.316909790039062,11.814966201782228,11.83905792236328,11.847526550292969,11.85464859008789,12
0.81872229,202.85829214,67.21391462,2.7,2.8,0.19836926,0.33421206,0.46766734,0.5948038,0.71167874,0.82107234,0.92278504,1.0186942,16
0.31469086,123.27530937,33.94469422,2.3,2.8,0.5632026,1.4310713,1.9527745,2.1494274,2.2443714,2.3183856,2.379654,2.4354892,0
0.90371557,229.10575256,130.08236406,2.1,2.4,0.10820556,0.17598486,0.23609734,0.29299283,0.3521862,0.40824604,0.4618051,0.51230264,2
0.75896155,134.05845091,42.89352143,2.4,2.7,0.26395655,0.49045277,0.69061446,0.86571574,1.019561,1.1561716,1.2766788,1.3847992,9
0.6517265931138465,2.0168877849558173,3.0570394508260814,2.1331837770530795,2.957598544598054,1.1986017227172852,3.922193765640259,6.759655952453613,8.694741249084473,9.55522918701172,9.767644882202148,9.819692611694336,9.869349479675291,14
0.48773526,269.59579452,37.49463578,2.0,2.6,0.17391682,0.27132463,0.3646984,0.44871187,0.525692,0.5965047,0.6617408,0.7221768,15
0.4275420104200397,1.770096266020382,187.3476434984522,2.1127202882392107,2.960602311356473,0.8097128868103027,2.5304653644561768,4.075722694396973,4.917197227478027,5.00058650970459,5.000741004943848,5.000889778137207,5.000920295715332,23
0.5279662080703528,5.623307976977389,21.52383636071498,2.9,2.7,1.140650749206543,3.5758376121521,5.89641809463501,7.329508304595947,7.865581035614014,8.002416610717773,8.092842102050781,8.162391662597656,14
0.3,148.74481397693793,393.489574959053,2.15973091,2.00018525,0.1544687747955322,0.1623847484588623,0.1700663566589355,0.1749827861785888,0.1814424991607666,0.1872484683990478,0.192284345626831,0.1971216201782226,11
0.4666596983417621,242.06278154796823,356.9210217890634,2.3,2.6,0.139538288116455,0.1688740253448486,0.201481819152832,0.2301182746887207,0.2571773529052734,0.2821831703186035,0.305208683013916,0.3276655673980713,11
0.7858791,200.67701845,314.95811853,2.9,2.7,0.15930176,0.2252531,0.29443598,0.36395192,0.42455316,0.48238826,0.53623176,0.58723974,4
0.3,183.99698211,119.83556147,2.0,2.0,0.28568387,0.50307727,0.62588072,0.71016479,0.77498221,0.83059359,0.8768518,0.91629291,21
0.85789218,19.56040147,154.70105263,2.0,2.6,0.4608853,1.0649707,1.4446223,1.6346571,1.7513626,1.8316591,1.8910882,1.939492,20
0.86167298,269.6684125,66.89641848,2.1,2.6,0.1132617,0.18653965,0.25089622,0.31276894,0.37644172,0.4376757,0.4962635,0.55219436,2
0.50086723,38.70058223,17.34032333,2.27457999,2.25177604,0.73521399,2.03115773,2.84570193,3.20022988,3.36823249,3.47254586,3.55914474,3.63182855,22
0.7991513251705415,0.7800185149134862,0.0389989614611867,2.560668921484212,2.6103799110161128,1.2397356033325195,3.9769046306610094,6.683463096618652,8.44271469116211,9.247669219970703,9.508779525756836,9.683467864990234,9.86452579498291,12
0.51540699,133.21828914,101.64844864,2.4,2.3,0.32881594,0.6477542,0.8722081,1.0392427,1.1686175,1.2747333,1.3652449,1.441972,10
0.30788404,219.08992004,319.32192993,2.98789263,2.01016426,0.15515041,0.1712513,0.18936372,0.19872546,0.20788145,0.21843338,0.22696757,0.23435473,11
0.75236044,207.27566055,320.0791997,2.00298812,2.36057845,0.09571195,0.13598728,0.17321396,0.20181942,0.23327994,0.26409054,0.29275632,0.31975079,11
0.41375643,75.75947571,1.67010474,2.53370905,2.86245489,0.7424469,2.10019302,3.03287029,3.4347415,3.5931139,3.68855095,3.76548767,3.82873154,22
0.61684589,274.29002537,1.17662561,2.3,2.8,0.17885613,0.29344964,0.4064517,0.5098016,0.6061301,0.6961069,0.7800081,0.8585608,15
0.98640325,145.4029935,376.95964554,2.6,2.5,0.12647653,0.17871451,0.22762227,0.2775352,0.32445812,0.36710477,0.4066279,0.44456053,4
0.45786549,57.00555126,163.96986272,2.09745845,2.55745706,0.52135062,1.3353157,1.81603408,1.95667768,2.00666785,2.04575324,2.07847333,2.10666633,0
0.5515288265649118,2.098290105943032,0.0036770279064486,2.8262904269350786,2.37265709588012,1.2278854846954346,3.947188138961792,6.777586936950684,8.814228057861328,9.773664474487305,9.931490898132324,9.942625045776367,9.958215713500977,12
0.58437546,30.44734548,131.4613194,2.6,2.2,0.6266928,1.6995168,2.3721156,2.6108346,2.6877394,2.731717,2.7700462,2.8044343,0
0.5901736278026419,1.71856213414706,2.159004933103341,2.733846186488344,2.2427835861210967,1.1909129619598389,3.790426015853882,6.406608581542969,8.217386245727539,9.082311630249023,9.235535621643066,9.274922370910645,9.341017723083496,13
0.9611823,257.89749146,270.66619873,2.17015004,2.03459477,0.06809235,0.10665178,0.13654518,0.15690207,0.18424058,0.20872951,0.23290396,0.25786805,11
0.52058303,106.99160767,279.47433472,2.98427987,2.8349781,0.35222554,0.6791172,0.88733864,1.02483773,1.12806034,1.20960665,1.27717686,1.33488894,10
0.6917499588323949,49.70342087271684,0.0046982661171952,2.6315754160424025,2.561486686576612,0.5929443836212158,1.5077757835388184,2.1077303886413574,2.449455738067627,2.678194046020508,2.854832172393799,3.00081729888916,3.1243839263916016,18
0.5083936930258188,0.9824291199713951,64.76634633894095,2.12813878541205,2.516360185724627,1.0331475734710691,3.317372560501098,5.63314151763916,7.321921348571777,7.977333068847656,7.987428665161133,7.987488746643066,7.987488746643066,14
0.3,80.14163015389448,395.2854102124633,2.0,2.0,0.2242963314056396,0.2853612899780273,0.2950408458709717,0.3043243885040283,0.3127787113189697,0.3203969001770019,0.3272805213928222,0.3335154056549072,11
0.8497555145864261,260.28868951351905,347.67979577455446,2.76793935,2.03346602,0.0793251991271972,0.1126239299774169,0.1319398880004882,0.1406967639923095,0.1550233364105224,0.1747491359710693,0.1924605369567871,0.2069246768951416,11
0.96658689,18.39477158,45.52302551,2.32954574,2.15294147,0.53282619,1.25713301,1.73130941,2.02210808,2.227736,2.38753366,2.51679754,2.62522554,19
0.4436002091358177,163.37020923996187,0.005192372076157,2.694265764556043,2.736642130149092,0.4469525814056396,1.033862590789795,1.4358808994293213,1.680647611618042,1.858400583267212,1.9966986179351809,2.115864992141724,2.217037439346313,18
0.50614025,4.99319564,69.35693566,2.37124282,2.97078531,1.07369447,3.30238366,5.41301918,6.78873444,7.18243027,7.20266438,7.20723915,7.20788956,7
0.59442598,2.81184173,44.86041641,2.81402302,2.17037416,1.06861377,3.12501216,4.83264446,5.73658085,5.98013592,6.11074924,6.18669319,6.20924664,7
0.70207989,31.20834923,33.1488266,2.9531908,2.01176119,0.59187102,1.46311903,2.00913429,2.30817223,2.50109196,2.6461339,2.76206493,2.86311769,19
0.4262362549859387,2.562961246112607,0.0137350320293459,2.137373751633657,2.756541696041072,1.2274580001831057,4.117233276367188,7.432453155517578,10.188923835754396,11.66799545288086,11.721516609191896,11.726861953735352,11.73141384124756,12
0.99574113,17.2652626,19.79375458,2.20872641,2.66406369,0.60553217,1.50624514,2.08675575,2.44045639,2.68608809,2.87525749,3.03209448,3.16533995,19
0.96034628,8.02955151,13.65884304,2.96334314,2.97359896,0.89480591,2.47896051,3.56598425,4.16282368,4.52367115,4.77928448,4.97422838,5.11626816,6
0.54392242,47.51432037,127.67378235,2.32514572,2.09533167,0.49052262,1.17632461,1.55972862,1.70759726,1.78877163,1.8515296,1.90311861,1.94734907,0
0.78174752,17.66674423,17.20232964,2.64002419,2.49591804,0.76908469,2.04355621,2.85559177,3.27614641,3.52422667,3.69389534,3.82483721,3.94098949,22
0.4715384528046649,1.0599584643513886,0.0045383425922117,2.053414747169493,2.4820580333306728,1.211162567138672,4.0699968338012695,7.355130672454834,10.180948257446287,11.797224044799805,11.846160888671877,11.852184295654297,11.857223510742188,12
0.6577855245234505,1.6203765525615927,0.0078501396470403,2.4621071852998746,2.1558671443839863,1.166935920715332,3.658483028411865,6.021453380584717,7.524019718170166,8.154739379882812,8.361042022705078,8.512186050415039,8.638603210449219,12
0.63298392,33.1655151,130.95653554,2.6,2.9,0.61572146,1.6198893,2.2769914,2.5660996,2.7001238,2.7855358,2.8526874,2.9079385,23
0.83123325,102.9881822,93.36933735,2.1,2.9,0.23476887,0.42941546,0.6024616,0.7535496,0.8869872,1.0048141,1.1097798,1.2037945,16
0.34609848,77.39814206,160.58012918,2.4,2.6,0.53570914,1.3646588,1.8623879,1.9932225,2.0265777,2.0536911,2.078386,2.1003406,0
0.92041998,128.13731448,121.73252108,2.5,2.8,0.21217966,0.37032533,0.52213335,0.6603532,0.78667974,0.90293527,1.0092373,1.107214,16
0.4956629889948384,32.018574903639035,39.564015599549776,2.1150129263894133,2.3629998692812806,0.7506937980651855,2.1187093257904053,3.0013115406036377,3.35889744758606,3.4926798343658447,3.574571371078491,3.6374995708465576,3.6916701793670654,23
0.7591229015306403,2.655443747864933,0.0030410756467526,2.740396905454109,2.8559548718067425,1.1957030296325684,3.7092669010162354,5.937080383300781,7.227112770080566,7.819395065307617,8.150564193725586,8.420760154724121,8.643098831176758,12
0.346484,129.753738,183.207906,2.5,2.5,0.40725017,0.89436316,1.17039561,1.28445363,1.35423899,1.4095149,1.45660877,1.4964695,21
0.48412644,7.44052661,115.53796706,2.0,2.9,0.81631446,2.2714157,3.2783918,3.6653056,3.7931943,3.8105946,3.8108644,3.8108969,23
0.73081799,299.00790317,266.59302092,2.23237559,2.37267117,0.08939672,0.13246155,0.16972923,0.19665885,0.22626615,0.25623798,0.28603888,0.31449676,11
0.65909857,256.19595337,26.7864933,2.54784656,2.55493617,0.18550229,0.3075819,0.42695904,0.53742099,0.64046288,0.7360177,0.82489991,0.90855527,15
0.69029131,94.77964371,295.96433898,2.7,2.2,0.24643278,0.42080283,0.5548606,0.6661763,0.7607341,0.8409047,0.9101069,0.9692149,17
0.53712291,251.03036499,36.018116,2.44353056,2.57813954,0.22778273,0.38558459,0.52854514,0.65524888,0.76882744,0.87213445,0.96603155,1.05130577,15
0.3822330363712798,186.7069299867544,376.5856644106878,2.5,2.1,0.1405920982360839,0.1550161838531494,0.1710665225982666,0.1806766986846923,0.1917426586151123,0.2014598846435547,0.2112336158752441,0.2199344635009765,11
0.71353682,260.81097186,369.44451041,2.12315494,2.29678369,0.07730126,0.1065762,0.13244843,0.1403079,0.1548295,0.17015076,0.18634963,0.20051932,11
0.73304021,74.62166595,260.44546509,2.32285881,2.32088614,0.25632119,0.44736052,0.59121847,0.7065835,0.80133605,0.88028193,0.94572043,1.0013442,17
0.79862288,82.43564776,243.45759632,2.5,2.3,0.24470425,0.43005776,0.5839014,0.71275353,0.8223102,0.9162171,0.9982095,1.0702047,17
0.7665039963699206,7.024129004466086,0.3706072185512459,2.1935839318558146,2.1100532633299323,0.9226553440093994,2.5297741889953613,3.568045139312744,4.080832481384277,4.374810695648193,4.578917503356934,4.718094348907471,4.840085506439209,22
0.8366699,154.90666624,316.69368042,2.5,2.0,0.12158561,0.17917442,0.23669171,0.28917146,0.33833027,0.38431168,0.42781782,0.4684,4
0.51013255,208.11203003,261.08773804,2.71793222,2.86372375,0.22547722,0.33715963,0.43322921,0.51748586,0.59192157,0.65927196,0.72051167,0.77651334,17
0.38613594,64.94408743,314.65777756,2.5,2.2,0.39168644,0.8508129,1.0826862,1.1260295,1.1434636,1.1589594,1.1722512,1.1838288,21
0.67080542,161.82946891,156.56520306,2.8,2.7,0.251961,0.43523407,0.5950644,0.73590064,0.8601885,0.97121644,1.0704412,1.160033,17
0.50666580406879,1.106094972239542,19.48469053468789,2.711026935882637,2.435358844386931,1.1941308975219729,3.8875491619110094,6.829257011413574,9.173293113708496,10.330888748168944,10.391035079956056,10.39116096496582,10.39142608642578,14
0.3859402737973946,0.9831400039783784,148.4315458135248,2.770812376483984,2.4359754117056864,0.8641872406005859,2.623088836669922,4.1799163818359375,4.981781482696533,5.084231376647949,5.099745750427246,5.099964618682861,5.100037574768066,23
0.5014328040100299,26.28120217955647,241.5944669295575,2.875718348975473,2.8069511821668147,0.6093933582305908,1.700908660888672,2.4724340438842773,2.740044593811035,2.7683653831481934,2.770533561706543,2.7730607986450195,2.775563240051269,1
0.77096053,180.7159791,393.3182274,2.2,2.4,0.09837413,0.12759042,0.15406132,0.16908908,0.18738508,0.20476937,0.2225523,0.23925972,11
0.97091275,225.57116699,222.36105347,2.08432984,2.17424226,0.08392048,0.13557649,0.18045855,0.21772385,0.25849247,0.29774451,0.33575201,0.3724997,3
0.71733626,221.45676306,269.31621654,2.4,2.8,0.1343267,0.18920994,0.24310112,0.29337406,0.34152913,0.38633323,0.42768764,0.46753144,4
0.9056301114826932,17.97750179593185,0.030756496140317,2.904119326183982,2.44275697993414,0.6895575523376465,1.7744288444519043,2.4877419471740723,2.9106698036193848,3.196502685546875,3.414818286895752,3.5927772521972656,3.7457375526428223,22
0.5942981445611102,1.490833091750226,0.019271060631599,2.0678466850294224,2.807537119532076,1.216703176498413,4.047760963439941,7.164828300476074,9.524224281311035,10.760281562805176,10.967350006103516,10.979206085205078,10.98837184906006,12
0.92741181,221.50647857,173.79789909,2.2,2.1,0.09665322,0.15950751,0.21609282,0.26557565,0.31726885,0.36761642,0.41538477,0.46165633,3
0.85957861,227.6448434,134.94307864,2.8,2.4,0.14884758,0.24197674,0.32975316,0.4189036,0.50395465,0.58309793,0.65793586,0.7299278,17
0.53332916,45.02415676,154.6039655,2.56991693,2.20270828,0.51113796,1.25604892,1.68627477,1.84387326,1.91406703,1.96506572,2.00887895,2.0462358,0
0.46378479,206.33628177,187.43859297,2.6,2.5,0.24042225,0.38605332,0.50107884,0.59956837,0.6851094,0.76065946,0.8284011,0.8889096,17
0.7386163542771452,159.13067612890185,0.0287353596141796,2.1061313783296987,2.8528495105711427,0.2515418529510498,0.4711167812347412,0.6734256744384766,0.8540563583374023,1.015303611755371,1.1609041690826416,1.2917416095733645,1.4095220565795898,8
0.3,1.6580209862143882,4.471656504744882,2.82297785,2.17071208,1.2077457904815674,3.938845872879028,7.014774322509766,9.643048286437988,11.250500679016112,11.294207572937012,11.299083709716797,11.303285598754885,14
0.72639503,34.75671933,195.26887773,2.5,2.2,0.45130706,1.0590925,1.4412029,1.6234546,1.7294085,1.8069077,1.8645749,1.9117785,20
0.61138787,128.51701663,70.61899221,2.36798334,2.45336605,0.31543231,0.61460185,0.84689593,1.0334146,1.1861093,1.31459069,1.4235158,1.51811004,10
0.92033827,275.22436523,79.96868134,2.47094297,2.57158232,0.12792063,0.21019626,0.28242636,0.35773969,0.4337821,0.50496197,0.57234287,0.63821769,2
0.8877253,274.06988882,185.21306787,2.9,2.2,0.11392307,0.18470669,0.2424593,0.304852,0.3680172,0.42727923,0.4834304,0.5378547,3
0.54314934,42.95127228,43.54491001,2.0,2.4,0.6079812,1.5304322,2.0619447,2.300964,2.4334776,2.526306,2.6074631,2.6768878,19
0.407772953622659,16.368941058317038,0.0306153757831742,2.027802630008455,2.213074384588211,1.003021001815796,3.030643939971924,4.665512561798096,5.462862968444824,5.688525676727295,5.7774577140808105,5.832007884979248,5.866866588592529,5
0.9987833738895016,83.619214949236,0.0036259963290068,2.847330133751508,2.483401577692696,0.2967901229858398,0.582465648651123,0.8408362865447998,1.0695462226867676,1.2697618007659912,1.4465572834014893,1.6027333736419678,1.741581678390503,8
0.56856284,62.85231196,177.58343645,2.95599939,2.64309662,0.48301172,1.15489244,1.59603596,1.80789042,1.92446232,2.01128006,2.07909489,2.13745165,20
0.86825462,46.79522019,206.86079316,2.29645435,2.30656989,0.30201769,0.58495331,0.79698539,0.95906591,1.08598137,1.18722844,1.26879406,1.33704638,10
0.49218036,21.38072396,105.30590498,2.1,2.4,0.710845,1.914438,2.6655662,2.92225,2.988445,3.0054514,3.0196044,3.0328453,0
0.76376658,153.50607635,27.83937751,2.12969476,2.25880785,0.20505428,0.36769533,0.51852465,0.65570593,0.78019977,0.89318776,0.99622869,1.09077382,15
0.8027113792529753,2.449147462494844,40.34818916383799,2.145272800943952,2.715297354046888,1.0274379253387451,3.1628572940826416,4.959348678588867,5.895349502563477,6.232858657836914,6.359923362731934,6.419412612915039,6.449403762817383,7
0.4716358828735568,2.0804466404916835,0.4409425896379328,2.517568142981397,2.7361394467772016,1.2575156688690186,4.169482231140137,7.451253890991211,10.13675594329834,11.604571342468262,11.721678733825684,11.72929859161377,11.735812187194824,13
0.3840589623794034,14.187624682508408,13.27260790805784,2.9,2.9,1.1363816261291504,3.58759880065918,5.9778666496276855,7.513124942779541,8.072555541992188,8.163005828857422,8.213750839233398,8.259477615356445,14
0.7078434872437952,11.369505148367317,0.0962764695471692,2.966052843780977,2.9733587782033344,1.017219305038452,3.009709358215332,4.536957263946533,5.326979637145996,5.72331428527832,5.989249229431152,6.191161155700684,6.343535423278809,5
0.41856509,175.11331896,301.43825054,2.1,2.0,0.14783573,0.18083262,0.21285558,0.24061823,0.26780367,0.29182553,0.31368256,0.33398962,11
0.85380721,70.67440761,95.34381255,2.6,2.9,0.3564279,0.7334955,1.0335276,1.274653,1.4693265,1.6309786,1.7681313,1.885088,10
0.37477405,74.30178591,129.29231287,2.6,2.4,0.58415484,1.5511,2.1634896,2.3528144,2.4044158,2.4422748,2.4765408,2.507846,0
0.74130922,292.66261782,238.10755004,2.3,2.8,0.11480594,0.15200782,0.19185448,0.22548771,0.261667,0.29793358,0.3306043,0.3632388,3
0.94887355,263.64911039,365.13497352,2.4,2.2,0.07484293,0.11250472,0.14244461,0.15903425,0.17978954,0.20196557,0.22474718,0.24588823,11
0.7429668048564466,5.007925637069584,4.0875913969218525,2.8133222384351897,2.87269370034928,1.1169331073760986,3.3725388050079346,5.210756301879883,6.181142807006836,6.643653869628906,6.94749927520752,7.196028709411621,7.380352020263672,6
0.68464366,201.61087545,378.32044649,2.30020725,2.75398771,0.1297133,0.17160559,0.21341276,0.25362206,0.29205346,0.32711506,0.35934138,0.390239,4
0.51810606,230.79935245,337.61524597,2.91847769,2.02995906,0.10776401,0.13229012,0.15174222,0.16209388,0.17406416,0.18877316,0.20162559,0.21206903,11
0.89468474,299.65906068,223.4249948,2.1,2.4,0.07910681,0.1235826,0.15713835,0.18047047,0.21234894,0.24458528,0.27539444,0.303895,11
0.43931418,173.89021413,149.81459127,2.18766527,2.5444037,0.28551316,0.51500249,0.67592263,0.80212808,0.90472841,0.98946285,1.06272793,1.12597942,10
0.3403039213330177,17.423783806825266,0.0665602813704855,2.556462844164761,2.2828931824888845,1.069999933242798,3.2846922874450684,5.259495258331299,6.390416145324707,6.732888221740723,6.836521148681641,6.901476860046387,6.944238662719727,5
0.5964406308407423,8.857461737007856,0.0247400859957675,2.5069777746451383,2.053404585991432,0.9897956848144532,2.8163042068481445,4.100924968719482,4.721889495849609,5.056827068328857,5.294438362121582,5.460362911224365,5.578456878662109,5
0.95932853,13.79023647,16.4985714,2.13217425,2.82745767,0.69535875,1.83693051,2.55500245,2.94811654,3.19875741,3.38679671,3.53939319,3.66701436,22
0.47462267,117.75721741,186.75022888,2.69582176,2.44555044,0.35266876,0.70309734,0.92598939,1.06754398,1.17158747,1.25392246,1.3235023,1.38361478,10
0.86849239,245.47590227,179.64752361,2.81442777,2.59667705,0.15656757,0.21479321,0.2835772,0.3592627,0.42965055,0.49417949,0.55625534,0.61547756,3
0.56883628,147.3010698,375.25156043,2.58911519,2.80218175,0.2091794,0.29255033,0.36100602,0.42103386,0.47332978,0.52025843,0.56244469,0.60084224,4
0.72852468,78.16349792,326.21368408,2.43155813,2.1003592,0.18814921,0.27111101,0.34139919,0.39911485,0.44803786,0.49024439,0.52695251,0.5597322,4
0.6537805064914499,212.26849109687723,383.0254070340916,2.09756923,2.04092383,0.0752418041229248,0.0987815856933593,0.1163828372955322,0.1213240623474121,0.1341137886047363,0.1445903778076172,0.1541957855224609,0.1638216972351074,11
0.49190853,106.84833484,111.65887353,2.98189583,2.56313321,0.44824743,1.02266812,1.40794992,1.6203804,1.76383781,1.87190914,1.96194363,2.04070234,20
0.3860092037002636,17.20054739524898,0.0118417489749762,2.111451147720643,2.1647986237166466,1.003394365310669,3.021986722946167,4.649929046630859,5.4530534744262695,5.694249153137207,5.7727155685424805,5.82234001159668,5.862822532653809,5
0.30312462,11.72760163,13.02098408,2.02149749,2.50668122,1.13300514,3.52520275,5.88295221,7.41229296,7.91442347,7.95590925,7.95746469,7.95852518,6
0.78401555,195.99171078,341.3677445,2.8,2.8,0.15249372,0.20485854,0.26232743,0.32262063,0.3740511,0.4226277,0.46846366,0.51124644,4
0.4236145,71.58295992,5.33096371,2.6,2.5,0.71563673,1.9681721,2.7868376,3.1309237,3.2811599,3.3721633,3.4535227,3.5230665,22
0.98185147,36.45141869,121.42742083,2.3,2.5,0.36009645,0.75636864,1.0607343,1.2906792,1.469311,1.6129532,1.7309394,1.8313155,10
0.6105183394670747,1.6131156894268777,23.11588073159793,2.1465556589219617,2.1670412675287665,1.0826032161712646,3.4076669216156006,5.633739471435547,7.059139251708984,7.5774126052856445,7.640206336975098,7.646234512329102,7.649489402770996,7
0.4074946,128.09944567,273.99391094,2.4,2.4,0.28597593,0.48498917,0.5942104,0.6700649,0.73180723,0.78153205,0.82544255,0.8625467,21
0.89902023,299.99376849,148.24535883,2.94425066,2.30871332,0.14023018,0.17739677,0.23033452,0.28562379,0.34335566,0.39480734,0.44392872,0.4936471,2
0.69361389,224.40568542,104.62246704,2.1087923,2.38120985,0.14757752,0.23998833,0.32937789,0.41286159,0.49128389,0.56422758,0.63254118,0.69741154,16
0.30405423,254.04548645,81.36248779,2.70411587,2.13895535,0.26851773,0.44618535,0.56180143,0.65546322,0.73239827,0.79874229,0.85448027,0.90621424,16
0.66008003,250.57358455,92.65293469,2.3,2.1,0.13378239,0.21509647,0.29200482,0.36403227,0.43272066,0.4976666,0.5583515,0.61565876,2
0.95797116,65.1108083,393.60919041,2.2,2.7,0.16654944,0.22737145,0.28540874,0.33237267,0.37388873,0.41053104,0.44215608,0.47028828,4
0.79271843,251.98997641,220.06224312,2.7,2.0,0.10858154,0.16985273,0.22687101,0.28081727,0.33361506,0.38430023,0.43331885,0.47970843,3
0.80228449,94.04136739,83.52582637,2.1,2.6,0.25590897,0.47959328,0.67099404,0.8350482,0.97699094,1.0997484,1.2066083,1.3025522,10
0.72298001,115.16177406,137.15603771,2.6,2.3,0.26501536,0.4880793,0.67528343,0.8347335,0.9725759,1.0921278,1.1957092,1.28701,10
0.51138552,96.42725616,304.84186973,2.6,2.1,0.28102612,0.49349737,0.62299037,0.71638036,0.7896569,0.8472309,0.89566994,0.9359138,21
0.36937598,66.81576112,338.82949711,2.82233419,2.21186549,0.34255195,0.63545084,0.7335825,0.75476027,0.77096748,0.7846384,0.79645014,0.80660319,21
0.806852444680597,65.15701491665533,0.017758983328684,2.848237165760577,2.101007522293476,0.3794279098510742,0.8205618858337402,1.1633203029632568,1.424271821975708,1.630293607711792,1.8012430667877195,1.9455411434173584,2.070373296737671,8
0.88084703,69.08675927,28.81640521,2.54620214,2.9033267,0.39537668,0.84076786,1.19730163,1.4830699,1.71380997,1.90552902,2.06659031,2.20628309,9
0.6048954002901498,35.0186240647327,0.0044833276557928,2.460779484882184,2.7911393331392285,0.7743105888366699,2.194451332092285,3.143385410308838,3.5963592529296875,3.8279991149902335,3.980443000793457,4.103090763092041,4.2011919021606445,22
0.30141694,150.73663592,121.00328009,2.9,2.7,0.51231885,1.2957532,1.8095858,1.994384,2.0660408,2.1201217,2.1696117,2.214063,0
0.8245926183498465,99.7050480293195,0.5757604424679699,2.3844543119022017,2.5620867638504143,0.3210422992706299,0.641768217086792,0.9142508506774902,1.1462912559509275,1.3430225849151611,1.512636661529541,1.6604983806610107,1.7900426387786863,8
0.71323521,17.92405271,274.03119354,2.5,2.3,0.49058104,1.2099366,1.6379099,1.7426622,1.7456596,1.7482264,1.7508018,1.7531459,1
0.7938558258713395,254.2478610790324,0.0582448466850793,2.3674769813678505,2.0275893182733573,0.1269905567169189,0.2150568962097168,0.2967355251312256,0.376645565032959,0.4543008804321289,0.5283246040344238,0.5994913578033447,0.6668832302093506,2
0.59914688,299.94534663,41.41510291,2.54892129,2.47552574,0.16564322,0.26251936,0.35892916,0.44806194,0.53089094,0.60933971,0.68245244,0.75181031,15
0.4187485,298.90100098,0.36021942,2.76507807,2.18714142,0.21933293,0.35687637,0.47844863,0.58455992,0.67898297,0.76473856,0.84287262,0.91382718,15
0.94720901,69.38280099,258.27622594,2.4,2.7,0.22970104,0.3961203,0.5402589,0.66307044,0.77010465,0.86342955,0.94523454,1.0174913,17
0.92641785,268.19340553,256.81702232,2.0,2.8,0.08434081,0.12722135,0.1550641,0.17890215,0.20777178,0.23818254,0.26715755,0.2934754,11
0.9604939,85.48528523,66.18640078,2.29152267,2.76831935,0.27532768,0.52877092,0.75736547,0.96039987,1.13919854,1.29811478,1.43853092,1.56328273,10
0.94509792,8.21210003,48.59418869,2.25447965,2.65357876,0.77828193,2.1142571,2.96638036,3.39102721,3.6231935,3.77691293,3.88649201,3.97110391,23
0.69668328,84.1694102,140.8847134,2.1,2.2,0.2731297,0.51012754,0.69224215,0.8378751,0.9565234,1.0548022,1.1368082,1.2071021,10
0.5401035695990943,15.36575806282351,0.0600626451964563,2.491709373220537,2.620289586699701,1.010061740875244,3.016732692718506,4.570785999298096,5.321280956268311,5.630743503570557,5.803462505340576,5.930939197540283,6.021042346954346,5
0.9857258906582264,1.6413426015791914,119.10492279011088,2.158535682786712,2.8273242215061485,0.8569192886352539,2.5976665019989014,3.9773333072662354,4.628262519836426,4.803989410400391,4.835253715515137,4.835356712341309,4.835398674011231,23
0.85057244,54.1179923,201.43325806,2.6,2.5,0.33652568,0.6789768,0.93561935,1.1313412,1.2829828,1.4058547,1.5066166,1.5913954,10
0.90089923,30.87833405,210.06990051,2.04428792,2.10986924,0.31330085,0.62066317,0.83435798,0.98206139,1.09019566,1.17054319,1.23386621,1.28313208,10
0.3060149409707675,108.75921233367768,398.136243102104,2.21750222,2.03151991,0.1932573318481445,0.2149600982666015,0.2251417636871338,0.2330005168914795,0.2401902675628662,0.2469542026519775,0.2531700134277344,0.2591004371643066,11
0.9647876949521332,25.4457092950684,0.0041793852910015,2.8294185314450484,2.107277515422078,0.5030331611633301,1.1770336627960205,1.6569502353668213,1.9828526973724363,2.2241427898406982,2.419199228286743,2.581249475479126,2.7200920581817627,18
0.56063105,162.72034913,351.78212633,2.87004646,2.05408224,0.13097978,0.15755415,0.18290329,0.20166659,0.21909857,0.23520231,0.25094867,0.26529741,11
0.62267531,291.18174166,116.46301885,2.4,2.9,0.15371132,0.2304542,0.30778837,0.3805318,0.44971323,0.5129094,0.57312083,0.6304562,2
0.4572692,100.98761753,384.55989994,2.7,2.9,0.30506873,0.5106373,0.6040778,0.6653335,0.7155447,0.75639296,0.7902477,0.8214946,21
0.4012568723122988,0.9908072561656364,0.0031646538500207,2.997662905143567,2.129818338580319,1.2290525436401367,4.028130531311035,7.182590484619141,9.907622337341309,11.375317573547363,11.39891529083252,11.40610122680664,11.41214370727539,12
0.62487543,250.31642891,333.2648092,2.00502517,2.00686799,0.0710547,0.09748983,0.11538649,0.12442946,0.13907647,0.15144753,0.16277575,0.17566633,11
0.5893082988265046,5.899104788867012,16.624447649991723,2.30759239,2.42438602,1.059478759765625,3.224109649658203,5.028088092803955,5.975238800048828,6.310763359069824,6.451886177062988,6.538453102111816,6.604615211486816,6
0.61119865,176.27595126,172.88318593,2.0,2.5,0.1635313,0.2470293,0.32838416,0.40051866,0.46557498,0.52499485,0.5796473,0.62938094,3
0.69418771,266.94089102,304.43826801,2.66373944,2.87777445,0.14716959,0.19002628,0.23960614,0.29695129,0.34486198,0.39057183,0.4342556,0.47550035,4
0.70196521,55.70722198,141.993927,2.04758072,2.88029146,0.42886639,1.00347137,1.3913362,1.62599707,1.78764558,1.9129343,2.01248789,2.09446955,20
0.40290749,69.48678589,5.85958815,2.41633582,2.22460771,0.68123579,1.80286908,2.48464608,2.76225591,2.89104056,2.97236514,3.04591727,3.11375356,22
0.51019175,261.30491709,315.04311982,2.5,2.8,0.14560652,0.18234682,0.22004199,0.2562847,0.29064846,0.3202858,0.3484273,0.37568474,4
0.8481355,168.3745306,332.41301597,2.3,2.7,0.12176848,0.16897082,0.21500039,0.25380516,0.2909031,0.32771802,0.36148763,0.39364004,4
0.62235081,23.99100845,61.69954861,2.2,2.9,0.7183173,1.904798,2.6579828,3.0111885,3.1961312,3.3053188,3.3791118,3.4492192,23
0.95219582,9.49002934,42.00955582,2.0112834,2.06247759,0.66239786,1.6441741,2.2193532,2.52206802,2.71247387,2.84381437,2.94889641,3.03927708,19
0.50560482,236.39357345,143.23966424,2.8,2.3,0.21596837,0.34809208,0.46664548,0.5708058,0.66396713,0.7479055,0.82432866,0.8943286,17
0.7304976043996746,1.013605603372838,1.615379401816592,2.5286371232622447,2.1907451539327507,1.184433937072754,3.74115514755249,6.177817344665527,7.771675109863281,8.486806869506836,8.708163261413574,8.856135368347168,8.985926628112793,13
0.96281528,171.9803114,395.09421572,2.0,2.7,0.08580899,0.11707425,0.13665438,0.14748764,0.16413617,0.17986202,0.19495249,0.20825958,11
0.47975671,148.20344147,336.99243418,2.29965908,2.44655028,0.20020604,0.27372909,0.33322692,0.38262558,0.4257338,0.46452975,0.49917793,0.53030491,4
0.4223906869748459,278.11365708313394,288.3170036751298,2.3,2.4,0.1343286037445068,0.1648359298706054,0.1991176605224609,0.2276594638824463,0.2548184394836426,0.2803325653076172,0.3048436641693115,0.3282284736633301,11
0.4262146213509115,2.5359101181464965,0.0436520075404227,2.550890050224053,2.441971832274367,1.23360013961792,4.050853252410889,7.190068244934082,9.711546897888184,11.158395767211914,11.250601768493652,11.25702953338623,11.2625150680542,12
0.4756293686145639,27.55301473365116,0.2200907079842507,2.145316232475456,2.895951215100909,0.9280810356140136,2.8351662158966064,4.335375785827637,5.038376808166504,5.272130966186523,5.388177871704102,5.461852073669434,5.518250465393066,5
0.9071600412428829,1.0556278286220826,0.0554557003281151,2.8191168398704582,2.4610111197849687,1.1922504901885986,3.61332106590271,5.639891624450684,6.784998893737793,7.381891250610352,7.798789978027344,8.188345909118652,8.51318073272705,5
0.49047324,219.00261618,291.65889162,2.0,2.8,0.12564635,0.15503359,0.18320656,0.20580006,0.22775555,0.24915409,0.26984382,0.2887466,11
0.85448344,58.72831449,277.8576277,2.4,2.3,0.24999952,0.4394033,0.5880041,0.7086315,0.8077562,0.89081717,0.9608927,1.0202656,17
0.32533031,270.52267462,74.64115156,2.2,2.0,0.2227726,0.35208702,0.4514854,0.53532815,0.60827136,0.6712754,0.7280698,0.77802753,16
0.48732308,227.82148183,225.54104496,2.8,2.2,0.19509172,0.29104304,0.37937045,0.4567287,0.52601314,0.58909583,0.6469126,0.70007515,17
0.75268397,250.84168784,129.85551652,2.0,2.1,0.09796858,0.15735388,0.21044183,0.25922513,0.3082826,0.3549459,0.39965224,0.44261265,2
0.79235789,124.61077469,292.40149822,2.0,2.4,0.13217235,0.18636012,0.23878717,0.28698993,0.33140206,0.37198448,0.40866995,0.44250727,4
0.70059302,71.12067449,200.73711136,2.7,2.3,0.34833694,0.71434116,0.9744506,1.1609423,1.3008759,1.4138913,1.5061221,1.5815918,10
0.82236623,163.39573977,292.05138685,2.7,2.7,0.16899824,0.25093198,0.33316016,0.411798,0.48256803,0.5473614,0.60825706,0.66474724,4
0.57803381,58.57727986,229.19421182,2.06759179,2.06963605,0.32544041,0.63214922,0.80913877,0.90752459,0.97420216,1.02709103,1.0683372,1.10190105,21
0.75261045,1.00545406,48.37002563,2.96090984,2.09521174,1.0715313,3.12640953,4.83717299,5.73664951,6.01667595,6.15781212,6.25928688,6.28477478,7
0.73132628,152.12446991,336.93868056,2.4,2.2,0.13593102,0.18658757,0.23905921,0.28441,0.3269992,0.36633396,0.40310597,0.43705344,4
0.96584304,102.91233454,322.64680431,2.2,2.3,0.13220286,0.19409227,0.25546432,0.31080103,0.3621559,0.4089501,0.45175695,0.49121857,4
0.75693105,60.06434755,89.43902293,2.3848618,2.379081,0.39845014,0.86387014,1.19712758,1.43017983,1.60541368,1.74241281,1.85537171,1.95174336,10
0.8775014019659791,3.3737063906252254,1.046499794131818,2.4627706035022427,2.318275429543573,1.0303852558135986,2.932307243347168,4.266305446624756,4.94142484664917,5.34580659866333,5.637711048126221,5.861782550811768,6.029953479766846,5
0.56382278,243.23768503,252.34289662,2.8,2.8,0.18385887,0.25752044,0.33440447,0.40470147,0.46775603,0.52611375,0.5802779,0.63079643,4
0.5638174159910856,0.9511874256138568,0.0059210438391906,2.445537873235318,2.2549520096295725,1.2200300693511963,3.994194984436035,7.018853664398193,9.405963897705078,10.68398094177246,10.758251190185549,10.764787673950195,10.770122528076172,12
0.3479485173999833,7.898637496425782,0.0115803387814721,2.9474807317478304,2.936177150098997,1.2533483505249023,4.095130920410156,7.1935625076293945,9.56631565093994,10.738636016845703,10.872842788696287,10.87942600250244,10.88529109954834,12
0.8598636350329412,11.70308280748838,0.0163596248528027,2.357248411735112,2.3321850819825376,0.7895996570587158,2.1020307540893555,2.924496650695801,3.3638415336608887,3.6337485313415527,3.829540729522705,3.985941886901856,4.106736660003662,22
0.91697008,281.20185819,162.00967844,2.7,2.9,0.16464162,0.2063725,0.26716065,0.34580612,0.4144268,0.47819018,0.54045415,0.6007118,2
0.91484308,236.49302673,346.80166626,2.24952221,2.12423015,0.07491112,0.10965562,0.13682604,0.14871764,0.16961837,0.19062161,0.21078396,0.22919917,11
0.4292421753290943,39.264284264934986,158.19962255979326,2.338015546865332,2.74980166498565,0.6550502777099609,1.886446475982666,2.7522997856140137,3.059775352478028,3.1142258644104004,3.133150577545166,3.151084899902344,3.1677775382995605,0
0.8995438368455317,1.0203272295355867,0.0997436128548646,2.8257690247083205,2.861726381129509,1.238257646560669,3.854634046554565,6.224702835083008,7.6326141357421875,8.333762168884277,8.749982833862305,9.0984525680542,9.417065620422363,12
0.65406562,272.98960714,177.70678108,2.9,2.7,0.17387748,0.25768685,0.34423256,0.42933798,0.5053513,0.57716274,0.6449864,0.70875335,17
0.42607838,41.32822418,140.4145813,2.15852213,2.03782225,0.55245733,1.38933873,1.83396077,1.9295218,1.95371699,1.97397733,1.99230409,2.00930429,0
0.6394527302734024,7.017109335608742,21.42420359277984,2.67515039,2.04983878,0.9500737190246582,2.7035303115844727,3.9296646118164062,4.512843608856201,4.81905460357666,5.029475688934326,5.160258293151856,5.25639533996582,7
0.3414039814295705,102.21642453642788,0.0458241470060618,2.084015284263861,2.139591743638969,0.5822162628173828,1.52726149559021,2.0600712299346924,2.26530385017395,2.367854356765747,2.453077554702759,2.5276153087615967,2.590882539749145,0
0.36922345,205.14916393,268.23159886,2.2,2.1,0.17144465,0.21732903,0.2594874,0.29588962,0.32917142,0.35878944,0.3865595,0.41144514,4
0.3037637740060468,6.306274629212774,0.0107901730031491,2.2340305722874696,2.652405963923335,1.2063331604003906,4.004269599914551,7.155126094818115,9.697734832763672,11.107852935791016,11.202768325805664,11.207008361816406,11.210765838623049,12
0.72877693,282.19851685,9.0178051,2.06523442,2.55972672,0.14114714,0.23844123,0.33116555,0.42020559,0.50513315,0.58621001,0.6633184,0.73625922,15
0.53435047,111.38859389,33.00797542,2.5,2.3,0.4285395,0.9626665,1.3182716,1.5409319,1.7054162,1.8372524,1.9445875,2.0338995,19
0.72377152,184.88932324,131.59898969,2.8,2.3,0.19655943,0.3298819,0.45803332,0.5748131,0.68196964,0.78043985,0.8709252,0.9550388,17
0.4214955025990672,211.6732731682177,372.85217747494175,2.5,2.3,0.1425404548645019,0.1626996994018554,0.1861491203308105,0.2024126052856445,0.2185389995574951,0.2340443134307861,0.2481434345245361,0.2615647315979004,11
0.3082186782071898,3.6899710755444186,0.7034387288210404,2.8441407494894646,2.9774704849951603,1.298400640487671,4.3541107177734375,7.948758125305176,11.113056182861328,13.228392601013184,13.306052207946776,13.312190055847168,13.31762409210205,13
0.48789344,294.99529189,326.30029715,2.34890091,2.39486553,0.1084013,0.1352458,0.16198182,0.17756653,0.19595504,0.21422267,0.23100281,0.24705553,11
0.3474586,181.46412659,183.6431427,2.63107634,2.91241002,0.37532067,0.77064347,1.01547956,1.15325236,1.25094008,1.32862449,1.3938303,1.45065308,10
0.47222346,204.4307251,175.93746948,2.01426506,2.06355214,0.16160154,0.23577857,0.30562663,0.36688328,0.42126036,0.47095656,0.51586413,0.55786943,3
0.85608854,291.73561647,342.97989098,2.7,2.8,0.1485436,0.14916945,0.1707673,0.21626997,0.25427485,0.28511262,0.31720972,0.34776354,4
0.4682594080484196,68.65357376583604,0.0045433185475961,2.1680799388318124,2.664499331482074,0.6639735698699951,1.8438546657562256,2.5864288806915283,2.9076831340789795,3.0659749507904053,3.1831610202789307,3.274943590164185,3.355182886123657,22
0.30044884,256.64942773,159.19503681,2.59460474,2.24366105,0.22856569,0.32973552,0.40214825,0.46249056,0.51546192,0.56241179,0.60385919,0.64341259,2
0.39804854,153.13983231,378.44088565,2.0,2.9,0.15656924,0.17250252,0.1899035,0.19864583,0.2061727,0.21503425,0.22318506,0.23031259,11
0.3446175196218696,2.095747335156351,4.181983577042667,2.560781,2.24488544,1.2125940322875977,3.9771459102630615,7.067751884460449,9.684771537780762,11.298869132995604,11.380539894104004,11.386319160461426,11.391366004943848,14
0.4260554585732339,230.6771483633437,321.55201296287294,2.18500495,2.13564682,0.1231894493103027,0.146247386932373,0.1701903343200683,0.1880896091461181,0.2072865962982177,0.2247040271759033,0.2420229911804199,0.2583825588226318,11
0.6789233402046599,5.202698361242419,10.336696038440614,2.42605877,2.1532321,1.0184061527252195,2.963524580001831,4.387737274169922,5.084441184997559,5.424864768981934,5.652978897094727,5.802036285400391,5.915216445922852,6
1.0,183.24024963,146.51872253,2.0,2.0,0.09626627,0.16298175,0.22423863,0.28214455,0.33929491,0.39335513,0.44585466,0.49556899,2
0.3578882453960831,14.635178612841422,34.52035634708785,2.9,2.3,1.001842737197876,3.0414390563964844,4.788758754730225,5.735955715179443,5.982512950897217,6.071630001068115,6.13095235824585,6.159806728363037,7
0.6346313938494528,1.9687623520891888,0.4943113345992166,2.099506040302245,2.15378166301962,1.1370728015899658,3.579326868057251,5.877098083496094,7.311371803283691,7.895559310913086,8.061809539794922,8.169764518737793,8.252731323242188,13
0.40603297,251.79001564,261.88651302,2.5,2.2,0.16849613,0.22003174,0.27210355,0.3165958,0.35719132,0.3950479,0.4299574,0.4621904,4
0.315326456359271,96.89072632271218,0.94724175024933,2.515816679068019,2.613807549680382,0.7133407592773438,2.037318229675293,2.940962314605713,3.3086862564086914,3.450225830078125,3.529412269592285,3.593377113342285,3.649678230285645,22
0.52779065,295.95223205,385.29680388,2.3,2.5,0.09084487,0.11493921,0.13510609,0.1366415,0.14546418,0.15676999,0.16590548,0.17361355,11
0.7692795,6.06736157,132.76882012,2.4,2.1,0.74973226,2.1015632,2.9996812,3.3171299,3.3747551,3.3747723,3.3758504,3.3780296,23
0.58842641,220.35145569,112.37451935,2.51783848,2.26604056,0.18254399,0.28846765,0.39105821,0.4821825,0.56561446,0.64200878,0.7122016,0.77705884,16
0.63485175,184.49342899,264.77979165,2.9,2.3,0.18732333,0.28559947,0.38008475,0.4653299,0.54209447,0.61240125,0.6767838,0.7363343,17
0.6491797643213156,0.8303907275567015,0.124125898795135,2.065424417614274,2.629261915877235,1.2210915088653564,4.072864532470703,7.220998764038086,9.67836570739746,10.909297943115234,10.988149642944336,10.996578216552734,11.003416061401367,12
0.46624768,30.82123378,333.65514516,2.1,2.6,0.3763976,0.7620568,0.903636,0.90566015,0.9057131,0.90629125,0.9068086,0.9072485,21
0.5351884382046759,23.40809823673119,0.0053215134487197,2.3063154628812503,2.548215354747456,0.9001340866088867,2.6235172748565674,3.8483150005340576,4.405617713928223,4.642967224121094,4.779537200927734,4.875258445739746,4.954362869262695,22
0.8504474411278405,4.062555145833721,0.0828922306952484,2.721159976769648,2.295367316742221,1.0210027694702148,2.878513097763061,4.155692100524902,4.831831932067871,5.244890213012695,5.56849479675293,5.812167167663574,5.995481491088867,5
0.34021942,10.66250622,52.93240852,2.3,2.2,1.0042689,2.989521,4.672986,5.5451093,5.680631,5.6980267,5.7010255,5.7025356,7
0.46278359,258.44299939,34.61179171,2.8,2.2,0.25317335,0.44543648,0.60595775,0.7447524,0.8664503,0.9739225,1.0690541,1.1550803,15
0.87535737,238.48099811,257.62324315,2.7,2.7,0.1505084,0.19502616,0.2503941,0.31613326,0.37523603,0.4292407,0.48173547,0.5312762,4
0.53545872,185.51404426,289.38109099,2.97728591,2.70834811,0.22452545,0.32770228,0.41626811,0.49350047,0.5613358,0.62284255,0.67860603,0.72947931,17
0.31272796,34.98575592,272.72332764,2.19847679,2.68621683,0.56862402,1.55703783,2.22520161,2.33018017,2.33223677,2.332304,2.33368969,2.33419132,1
0.93430144,2.46780324,354.89758301,2.11844134,2.73631859,0.51944375,1.36526895,1.91284728,1.97584081,1.97866273,1.97881341,1.9807446,1.98104358,1
0.7842323962227908,2.6105483485578747,0.1102269941089944,2.51696064558729,2.380907846237911,1.1264004707336426,3.3756046295166016,5.161826133728027,6.111745834350586,6.590953826904297,6.913661956787109,7.177468299865723,7.380148887634277,5
0.34024103,97.3017086,103.96801021,2.42618911,2.73842167,0.5866859,1.56873846,2.20489478,2.41222882,2.47590756,2.52182317,2.56458783,2.60277534,0
0.39292264,18.866745,1.02336657,2.84570456,2.07625818,1.04090381,2.96591163,4.3944273,5.06521606,5.354496,5.54946423,5.68004799,5.75114632,5
0.50537591,270.80097093,32.36742832,2.95140382,2.27411145,0.2083993,0.33787823,0.45900416,0.56570697,0.66226864,0.75042677,0.83152652,0.90660214,15
0.89751153,202.21801461,346.87765752,2.9,2.5,0.13827848,0.18565679,0.23506284,0.29485846,0.34675455,0.394495,0.44110084,0.4843514,4
0.6805879,202.92662831,381.10882657,2.8,2.3,0.12897372,0.1698916,0.21062541,0.24977207,0.28762007,0.32167697,0.35309625,0.38335347,4
0.66819802,147.30609996,80.72483994,2.2,2.2,0.22240233,0.39171124,0.5416746,0.6724639,0.78770447,0.8909328,0.98205876,1.0645738,16
0.99879193,279.63064575,13.81543922,2.21812153,2.55689192,0.11221361,0.19816852,0.27307343,0.3446455,0.41831422,0.49047947,0.56053233,0.62794352,2
0.78710099,258.10930378,270.23062401,2.31052222,2.98351166,0.12632728,0.18792629,0.24071217,0.30106783,0.3577168,0.40956783,0.45939016,0.50689983,4
0.3619501682095948,249.8727188768891,358.7741235221295,2.2,2.1,0.1072487831115722,0.1219620704650878,0.1345231533050537,0.1375834941864013,0.1463155746459961,0.1537532806396484,0.1611807346343994,0.1675636768341064,11
0.5632251493936852,0.7671373320947816,0.1159395003604455,2.0075229393883887,2.2299191724603644,1.1851904392242432,3.917086124420166,6.906949520111084,9.344167709350586,10.674224853515623,10.744880676269531,10.754079818725586,10.761795043945312,12
0.31795412,100.41268158,4.16341877,2.46736503,2.52437305,0.69905257,1.93010187,2.73984194,3.04835176,3.16283941,3.23104239,3.2877388,3.33725691,22
0.38863343,132.93174744,281.90621948,2.7835536,2.03485465,0.22760344,0.32007909,0.37263489,0.41548014,0.45213413,0.48350644,0.51140118,0.53522563,4
0.7734588,237.36428313,396.17309438,2.3,2.1,0.07315421,0.10211682,0.12736177,0.13324285,0.14643407,0.16062617,0.17537022,0.18800259,11
0.61355017,96.51647576,38.53537333,2.44148384,2.24659585,0.38733482,0.82626867,1.13714409,1.35526872,1.5214746,1.65619278,1.77034235,1.86418533,9
0.98179942,46.16366577,263.62542725,2.20370293,2.04465723,0.20714688,0.35077024,0.47001004,0.56840992,0.6516602,0.72152996,0.78202772,0.83224583,17
0.9643146,171.50715755,316.88815926,2.62634677,2.62861145,0.14166713,0.19758654,0.25625134,0.31992817,0.37813592,0.43133235,0.48173809,0.52921772,4
0.91670626,100.56512451,63.79631042,2.89540982,2.5668292,0.28016949,0.53159428,0.75672483,0.95602918,1.1316843,1.28740978,1.4256382,1.54855633,10
0.33988282,9.86113167,3.79503608,2.12890315,2.83784175,1.20596313,3.80013537,6.51609802,8.41685963,9.24648857,9.43456841,9.4476757,9.4548769,14
0.59143567,222.23414612,135.86302185,2.26404977,2.23888636,0.1577127,0.24232054,0.32569528,0.40018892,0.46950555,0.53330779,0.59240723,0.64724731,2
0.46338267,88.03764605,122.19688831,2.1,2.8,0.4147911,0.91596437,1.2113016,1.3584585,1.4569716,1.5344415,1.5976453,1.6514931,20
0.37383133,51.97886032,267.64991506,2.5,2.9,0.5079665,1.2641454,1.7218208,1.8039975,1.8060822,1.8090501,1.8122387,1.8154202,1
0.48969775,135.89253532,298.43643421,2.6,2.0,0.22634411,0.35325408,0.445292,0.5210476,0.58610535,0.6412771,0.6899905,0.7322886,17
0.52614087,212.82535244,112.33261703,2.8,2.4,0.25120068,0.43342423,0.5862987,0.7190199,0.83558106,0.9387615,1.0306592,1.1138263,16
0.7514460345993703,1.4928363837717458,0.8824679811046126,2.760525007408878,2.144809192668025,1.1572363376617432,3.529728412628174,5.596648216247559,6.78590202331543,7.340854644775391,7.663736343383789,7.923405647277832,8.168013572692871,5
0.4807275,166.48691064,319.33575116,2.4,2.3,0.1824789,0.24155569,0.297266,0.3435688,0.38476157,0.42139864,0.4553454,0.48617625,4
0.98753881,293.11560059,9.4761095,2.068115,2.47408724,0.10214686,0.1816268,0.25210547,0.31653976,0.38244009,0.44878793,0.51321054,0.57498384,2
0.71800717,168.90907245,353.06667209,2.32183879,2.40788561,0.12900519,0.17178154,0.21681309,0.25374675,0.28877568,0.32250524,0.35409236,0.38356495,4
0.97319412,291.37460327,0.40138847,2.26810956,2.98621702,0.13023067,0.22665954,0.30523682,0.39330077,0.48176908,0.56483412,0.6447196,0.72196054,15
0.459977618108014,190.27710520782367,374.8127527883599,2.19955516,2.74990797,0.1797657012939453,0.2327985763549804,0.2826647758483886,0.325690746307373,0.3645365238189697,0.4004240036010742,0.4327516555786133,0.4628841876983642,4
0.50933103,264.05424093,181.10611772,2.6,2.5,0.18001819,0.26181817,0.3432951,0.41589904,0.4823413,0.543592,0.60023236,0.65333414,3
0.50906119,100.94648515,175.98197566,2.9,2.5,0.42251158,0.95469403,1.3078098,1.5017834,1.6318078,1.7309256,1.8093963,1.8771753,20
0.80358326,216.6385876,370.50799837,2.3,2.0,0.07776666,0.10976362,0.13720036,0.15022469,0.16995382,0.18954396,0.2083633,0.22565031,11
0.53309852,268.20582531,36.74879427,2.1,2.2,0.15760541,0.2505045,0.33919907,0.4204669,0.49569035,0.5647421,0.6288552,0.6891184,15
0.79846931,71.45838928,382.83334351,2.6612556,2.45684147,0.21513534,0.32239842,0.4056046,0.47358537,0.53177309,0.58197451,0.62457871,0.66136742,17
0.61521033,31.19731927,98.50673157,2.6,2.9,0.6779537,1.8319693,2.5949936,2.938488,3.0994892,3.1909313,3.2607455,3.3232174,23
0.63418454,46.10155782,68.44030534,2.8,2.6,0.61410236,1.6182587,2.2730162,2.5899427,2.7705433,2.8970668,3.000335,3.0902994,20
0.5111485335471598,1.9171483065107304,0.6272671952645316,2.297188471881772,2.932542928144122,1.2464401721954346,4.164234161376953,7.49858283996582,10.178736686706545,11.61550998687744,11.711426734924316,11.71700668334961,11.721590042114258,13
0.81605794,116.55044872,362.78282622,2.2,2.7,0.14402103,0.19190979,0.24140978,0.2819035,0.31903577,0.35401416,0.38598204,0.41510916,4
0.99246436,28.24542809,3.74011731,2.93502235,2.11316752,0.46462011,1.05435681,1.49184561,1.80148077,2.03474903,2.22249317,2.37934589,2.51439619,18
0.8633886051565708,172.7670847505326,0.0453388811123801,2.1291063356365294,2.2778541114923185,0.1711773872375488,0.3046894073486328,0.4327325820922851,0.5539841651916504,0.6673917770385742,0.7734954357147217,0.8730061054229736,0.9657986164093018,15
0.78237591,272.15323677,350.35146034,2.51969073,2.88580528,0.13523221,0.15915084,0.18945575,0.23747277,0.27738595,0.31291509,0.34824848,0.38140631,4
0.85820873,235.32889962,288.23407355,2.9,2.2,0.11473465,0.17475367,0.22555089,0.2795143,0.33295012,0.38285923,0.4293797,0.47449255,4
0.8984954,62.26134369,389.59336573,2.4,2.7,0.20260954,0.29937696,0.37920642,0.4445398,0.50073886,0.54847836,0.5897362,0.62597156,4
0.7626151205314735,0.8510869292241425,0.0058919062697722,2.494360392654168,2.7341746800506868,1.2464897632598877,4.052769184112549,6.940601825714111,8.919609069824219,9.830522537231444,10.09852409362793,10.20294952392578,10.319974899291992,12
0.34716443,84.25390982,346.6863133,2.35042758,2.63664654,0.36505771,0.74188113,0.91671538,0.9584651,0.98176289,1.00346565,1.02156019,1.03723025,21
0.97461148,183.79833478,82.24301496,2.4,2.8,0.15896487,0.2691245,0.3762746,0.47986436,0.5778434,0.67041373,0.75845695,0.8419726,16
0.99030125,256.29669189,44.66469574,2.96424627,2.05624294,0.12102318,0.19928288,0.27084708,0.34112906,0.41282654,0.48254871,0.54887652,0.6126976,2
0.30364305,292.57995605,0.55412704,2.61134839,2.6431427,0.3460958,0.67586374,0.89252162,1.04541206,1.16727757,1.26705742,1.35283995,1.4295361,8
0.9970372436555296,275.9579471746694,362.9695303576872,2.1,2.2,0.0612850189208984,0.0943751335144043,0.1232321262359619,0.1315910816192627,0.1480500698089599,0.1654965877532959,0.1841545104980468,0.2008500099182129,11
0.6351440363112375,0.7198312980957157,0.1440058605286046,2.2926816455261023,2.993548645742365,1.265535593032837,4.265570640563965,7.7425947189331055,10.630661964416504,12.439743995666504,12.588239669799805,12.598648071289062,12.607303619384766,12
0.97866409,134.41906366,202.13981584,2.7,2.1,0.15339303,0.25848675,0.35996604,0.45639133,0.5462847,0.6307888,0.7098911,0.7841828,17
0.67190981,249.96391382,68.74751752,2.5,2.8,0.18422866,0.29829383,0.41075873,0.515465,0.61281633,0.7030835,0.78689575,0.8659203,16
0.72460234,299.34813013,140.54043482,2.3022942,2.05119404,0.09106326,0.14171147,0.18453074,0.22141266,0.26337028,0.30264115,0.34006476,0.37635088,2
0.83520337,23.31150995,105.88218637,2.49822944,2.85885704,0.60396266,1.56914997,2.20581579,2.53431797,2.7276125,2.86426306,2.97344923,3.061553,20
0.64170912,134.56791638,220.67918666,2.9,2.3,0.25481272,0.44778848,0.6047926,0.73924327,0.85550594,0.9567287,1.0448985,1.1237559,17
0.7332881559417883,61.62414642244226,0.0228455584500281,2.027236240653622,2.2474477980176712,0.4292306900024414,0.9610223770141602,1.330810785293579,1.5884039402008057,1.7844040393829346,1.9440367221832275,2.076552391052246,2.1902074813842773,18
0.8106467749601095,2.339865608497722,0.0077108705908553,2.5179139903792698,2.4858292324633444,1.136002779006958,3.414740085601806,5.238493919372559,6.2162628173828125,6.697059631347656,7.034111976623535,7.311212539672852,7.522646903991699,5
0.42606501,36.02008539,190.12587229,2.31225763,2.77362418,0.63092399,1.8052907,2.62696409,2.899333,2.92661572,2.93478823,2.94337797,2.95161343,0
0.5151589920064246,1.843938642396271,0.0030588910329382,2.4836583341404586,2.6125097731302267,1.242750883102417,4.099002838134766,7.251260280609131,9.69510269165039,11.024908065795898,11.117481231689451,11.124601364135742,11.13052749633789,12
0.6343535,246.15703863,400.0,2.0,2.0,0.06188035,0.08412814,0.09915042,0.10010552,0.10826421,0.11319447,0.11579633,0.12200713,11
0.4342509298781761,18.3424006984994,0.0415253015329483,2.8186772974708347,2.30461518384386,1.0164000988006592,3.004340410232544,4.559404373168945,5.307188987731934,5.61400032043457,5.813597679138184,5.947544097900391,6.054403305053711,5
0.30468157,145.9267491,149.8281274,2.31244008,2.68949964,0.44792461,1.06525683,1.43409657,1.56192493,1.62477589,1.676754,1.7199626,1.75912905,0
0.94476463,21.03599075,53.27361835,2.76163247,2.18143801,0.53486943,1.27358913,1.77214289,2.08300066,2.29905605,2.4653554,2.60327291,2.72095776,19
0.68511676,225.51929692,58.2866933,2.7,2.6,0.20890498,0.35073757,0.4878726,0.61449814,0.730129,0.8373909,0.9364135,1.029041,16
0.77298271,106.39017959,1.72412124,2.26623941,2.43412509,0.30950856,0.6119287,0.86638403,1.08123732,1.26314902,1.41903305,1.55399323,1.67216825,8
0.3819650332819791,15.337966607636034,0.0081628476996563,2.002953028066384,2.478407638181818,1.054936408996582,3.303406238555908,5.319956302642822,6.466461658477783,6.811896800994873,6.8693671226501465,6.8966803550720215,6.917369365692139,5
0.77434878,50.34306183,256.02813163,2.92795822,2.10254251,0.28331542,0.51689148,0.67501926,0.79099321,0.88001633,0.95065355,1.00677538,1.05234551,10
0.48909214,299.97299194,232.1295166,2.31706119,2.02060318,0.09802938,0.12990689,0.1555531,0.17427182,0.19859791,0.22089362,0.24060822,0.26002479,11
0.53130737,167.53306761,346.8653093,2.3,2.7,0.16279387,0.20319533,0.24456763,0.27623248,0.30648994,0.33523154,0.3607769,0.38485193,4
0.9611125697115788,28.972818171438963,0.0300889404037285,2.9737851937694684,2.1917441762265337,0.501619815826416,1.1724696159362793,1.6605157852172852,1.9966630935668943,2.247108459472656,2.4487786293029785,2.6175789833068848,2.7624244689941406,18
0.4028583,68.99284845,135.83204258,2.91823435,2.76036962,0.626122,1.69372511,2.42704678,2.70428514,2.78524351,2.83045721,2.87007427,2.90586805,0
0.74959172,28.56115464,264.44476658,2.7,2.8,0.47038937,1.1143997,1.5338998,1.722023,1.80657,1.8606963,1.9001169,1.9317884,1
0.44659621,240.45399475,19.63186264,2.14026904,2.19250536,0.22851634,0.39037824,0.52633166,0.64368653,0.74569273,0.83617568,0.91616249,0.98960948,15
0.48726343,141.35057077,51.12115082,2.4,2.1,0.3509724,0.7205384,0.9761181,1.1558838,1.2948742,1.4062014,1.5010204,1.5852802,9
0.4198229193748678,5.514510393769693,0.1679049639712878,2.757082871850452,2.833126197801337,1.2445054054260254,4.054007530212402,7.078021049499512,9.316339492797852,10.38453483581543,10.52929401397705,10.53549098968506,10.542893409729004,12
0.8457124,44.88365989,284.85664435,2.3,2.4,0.27686524,0.5026698,0.66251445,0.7814622,0.87346315,0.94627357,1.004492,1.0515237,10
0.94147999,211.91559285,105.12315196,2.3,2.1,0.1117723,0.19151807,0.26499057,0.33294225,0.40118384,0.4665532,0.52931833,0.58909154,2
0.66837455,217.37406048,289.71398146,2.4,2.2,0.11978793,0.16664577,0.21357703,0.2536142,0.2923932,0.3298645,0.36507797,0.39845943,4
0.6677649,8.30875111,28.58086395,2.89023256,2.96459389,1.07744813,3.19333267,4.91996574,5.83630037,6.21564341,6.40823126,6.54509687,6.62262011,7
0.8778266898729706,1.782061002908326,0.0681504493258261,2.170942871492504,2.366174525554233,1.0969433784484863,3.2642810344696045,4.9159088134765625,5.784048080444336,6.22533130645752,6.524967193603516,6.753292083740234,6.923990249633789,5
1.0,121.85743864,225.3108664,2.0,2.0,0.11207747,0.18187714,0.24687719,0.30850029,0.36645699,0.42043543,0.47097468,0.51829553,3
0.89891751,7.72514043,35.77506847,2.30541396,2.85873742,0.86049438,2.42792869,3.49022555,4.00361061,4.26105499,4.41724014,4.53111076,4.60755825,23
0.97503373,239.91790405,113.88515362,2.5,2.0,0.10434604,0.17988515,0.24850607,0.311872,0.37533212,0.43835974,0.49873877,0.5573826,2
0.8408554027098829,2.419086681480502,0.2073626424973475,2.868184593275113,2.518839481651048,1.142747402191162,3.402482271194458,5.177772521972656,6.129507064819336,6.64927864074707,7.039975166320801,7.374658584594727,7.629396438598633,5
1.0,202.9582000666668,325.533689791517,2.0,2.0,0.0676968097686767,0.1024227142333984,0.1312975883483886,0.1503779888153076,0.1750867366790771,0.1977126598358154,0.2203905582427978,0.2424967288970947,11
0.98672825,159.45178223,360.39309692,2.49103928,2.55373096,0.11648655,0.16817045,0.21449018,0.25872254,0.30210423,0.34278917,0.38054419,0.41659093,4
0.54085016,14.23529434,48.12825012,2.28881097,2.37048864,0.91445327,2.62364841,3.84881663,4.3842535,4.55908298,4.61894035,4.64716339,4.66873646,23
0.70760506,173.9985344,148.84944557,2.7,2.7,0.22527766,0.37737083,0.518888,0.64583755,0.75990224,0.8634558,0.958168,1.0448217,17
0.98121399,102.76306152,386.43591309,2.06084299,2.02403259,0.09465122,0.12883759,0.1559608,0.17820644,0.20252419,0.22423053,0.24331594,0.2616334,11
0.4256305022043288,4.897765638480486,0.0174898608370655,2.772571015623239,2.9761837298870364,1.261768817901611,4.142084121704102,7.302346229553223,9.7283935546875,10.901093482971191,11.056859016418455,11.064264297485352,11.07099151611328,12
0.95054482,151.82654397,0.62706576,2.1,2.2,0.16041875,0.28814244,0.40926862,0.5248604,0.6338496,0.73585844,0.8314245,0.92119694,15
0.34683918,159.85265547,157.433465,2.7,2.7,0.40874767,0.8896444,1.1848078,1.3289793,1.4217584,1.4954712,1.5578678,1.6104481,20
0.82495236,147.08370202,157.01345027,2.4,2.1,0.16390586,0.27416086,0.37995481,0.47787,0.5672009,0.65043736,0.727612,0.7995014,17
0.48006776,106.30633548,271.91427924,2.69348522,2.75619062,0.35689807,0.7086246,0.92316484,1.05107069,1.14235735,1.21306968,1.27196407,1.32203794,10
0.30804232,10.02723789,8.87866402,2.0553205,2.36219883,1.14538217,3.53343177,5.8684063,7.34435463,7.83694935,7.92940044,7.94534206,7.95123196,6
0.652211750430857,1.1474557041137954,0.4433941983708176,2.6679249638308966,2.44181273799522,1.236614227294922,4.002616882324219,6.894921779632568,8.961729049682617,10.002593994140623,10.240602493286133,10.262113571166992,10.27796745300293,13
0.9287059899740676,73.45809314512583,0.0046734579385639,2.277950147608603,2.5240474417185474,0.3259017467498779,0.6588289737701416,0.9443938732147216,1.1868350505828855,1.3917899131774902,1.5680439472198486,1.721435308456421,1.8557379245758057,8
0.6204005118669746,25.74951791395949,222.1362400874721,2.835152700000258,2.50524920799092,0.5466334819793701,1.4371159076690674,2.00984263420105,2.214618444442749,2.271140813827514,2.300232648849488,2.3251707553863525,2.3471462726593018,1
0.89073259,174.7753898,339.38923961,2.5,2.1,0.10516238,0.15433836,0.2007556,0.24088192,0.28073144,0.31866455,0.3550644,0.38947654,4
0.76291803,101.2547724,39.58455018,2.3,2.2,0.28423762,0.548589,0.77018,0.95802283,1.116477,1.2527034,1.3711388,1.474834,9
0.5328226671497072,13.47365618910623,0.3587180749198101,2.7832536727647628,2.5741373789200748,1.0560367107391355,3.1624903678894043,4.856611728668213,5.707272529602051,6.070347785949707,6.292319297790527,6.456753730773926,6.5812177658081055,5
0.99710159,262.88773096,258.78877291,2.7,2.3,0.1046555,0.15595388,0.19900846,0.24449968,0.29426217,0.34110022,0.3836906,0.42606544,4
0.6863717262178516,1.186247484236621,0.0058736393394199,2.2078190041802546,2.170799898994169,1.1637108325958252,3.689421653747559,6.128581523895264,7.715083599090576,8.418741226196289,8.608566284179688,8.698408126831055,8.77716064453125,12
0.48200524,23.13698769,6.89381266,2.6563282,2.60520291,0.99508595,2.87994957,4.29549742,4.98023272,5.24742889,5.38472986,5.46447706,5.53455496,6
0.56792915,286.04293823,275.64971924,2.27481389,2.01175213,0.08407211,0.11394668,0.13649631,0.14849067,0.16888809,0.18707418,0.20356083,0.21981692,11
0.65491683,111.91898844,352.88590701,2.5,2.8,0.21561098,0.31638193,0.3967445,0.46429396,0.52369356,0.575922,0.6216879,0.662416,17
0.76222759,19.06443214,76.13485718,2.39934754,2.07975888,0.61362934,1.53976655,2.09221864,2.35749745,2.50335717,2.61059785,2.69468522,2.76062131,20
0.65031169,187.79537759,237.42176893,2.1,2.6,0.13778305,0.19400144,0.24938059,0.29888415,0.34612298,0.38952708,0.430012,0.46758628,3
0.59054127,81.09967213,363.75579974,2.1,2.1,0.18353558,0.23880124,0.28041482,0.31517744,0.34572697,0.37129807,0.39369178,0.41326284,4
0.9253526713211616,224.42667944177887,314.6268186736588,2.0,2.0,0.0671379566192627,0.1010322570800781,0.1292505264282226,0.1472437381744384,0.1710290908813476,0.1926877498626709,0.2144324779510498,0.235872745513916,11
0.4061331386184219,161.46342850414598,0.5105669337830167,2.335482559271572,2.5861405524048178,0.4454829692840576,1.0493032932281494,1.4387145042419434,1.656658172607422,1.8116087913513184,1.932680606842041,2.035482406616211,2.1243691444396973,18
0.91030389,179.09728017,371.05315038,2.4,2.5,0.10847855,0.14986825,0.18693185,0.21891928,0.25165796,0.28364253,0.31229615,0.34018397,11
0.44443585,37.43613193,83.27261103,2.7,2.4,0.77044296,2.2108595,3.2437975,3.6620247,3.7776062,3.8172867,3.8441532,3.8682983,23
0.69568617,92.13664998,387.57120991,2.1,2.0,0.13499546,0.16676044,0.19689488,0.22182584,0.24610877,0.26844668,0.2882378,0.30542564,11
0.39876438,63.38763556,192.99495323,2.9,2.7,0.5896504,1.5961583,2.289261,2.522063,2.5608437,2.5824668,2.603227,2.6229541,0
0.54726576,125.46178062,215.78174021,2.7,2.4,0.30229926,0.56168056,0.74310255,0.88388467,0.99768233,1.0919156,1.1697419,1.2381275,10
0.70699465,40.08399624,124.10120994,2.07245978,2.40910316,0.47016263,1.11213994,1.50948787,1.71307802,1.84823608,1.94726968,2.02437854,2.08957696,20
0.4379988210405771,62.15675554145525,0.0940409925056294,2.23605499262861,2.703212492375429,0.7334914207458496,2.1095285415649414,3.026970386505127,3.4193930625915527,3.58259916305542,3.685938835144043,3.7718119621276855,3.843538284301758,22
0.4078568213183173,125.52354729563022,129.98646915034513,2.5428925727583067,2.0370563127920893,0.3328335285186767,0.6686286926269531,0.8754396438598633,1.0037345886230469,1.094985008239746,1.171597957611084,1.2362265586853027,1.2903294563293457,10
0.68276295,219.82361652,136.1282754,2.5,2.1,0.15245199,0.24419093,0.33401656,0.4174471,0.4951713,0.56736994,0.6349046,0.6988778,17
0.8290041927806456,0.7955772113463816,0.4180564814692382,2.101056890817882,2.1451195126478515,1.1462483406066897,3.578455686569214,5.747185707092285,7.038276672363281,7.627598762512207,7.891424179077148,8.068449974060059,8.209075927734375,5
0.392196744230069,0.9219188120606082,0.040916526886557,2.0490489856598977,2.168273900417671,1.185986042022705,3.943567752838135,7.053831577301025,9.76664924621582,11.328605651855469,11.35871696472168,11.36622428894043,11.372535705566406,12
0.62292934,106.32191871,77.27789914,2.21594784,2.18774865,0.3127923,0.61167145,0.8381865,1.01451683,1.15585184,1.27307391,1.37057662,1.45545936,10
0.9891633737019244,2.208195795479937,0.02456443380467,2.684861057842691,2.658710518402206,1.084599494934082,3.14296817779541,4.654529571533203,5.448965549468994,5.921473979949951,6.28676176071167,6.571680545806885,6.787766933441162,5
0.691616,10.21488857,33.62093735,2.05782914,2.34824538,0.88252711,2.46818995,3.50675702,3.95723271,4.13347244,4.23426819,4.28539562,4.32462788,23
0.51299698,46.93512323,174.13351592,2.2,2.4,0.48766232,1.1720228,1.5577788,1.6823933,1.7348487,1.774617,1.8082402,1.838207,0
0.3838679498372891,1.2873486425773546,64.39053764345017,2.496769514225325,2.802890016781632,1.091482162475586,3.522890567779541,6.124005317687988,8.166095733642578,9.145339965820312,9.21569538116455,9.215739250183104,9.215742111206056,14
0.8017747973163644,0.9798734727417296,0.0132444851394196,2.933806105013123,2.8597357706038045,1.269364356994629,4.06439733505249,6.826517581939697,8.618053436279297,9.462764739990234,9.815166473388672,10.060565948486328,10.301774978637695,12
0.3576216405910281,121.263930025167,260.3168582022052,2.01718092,2.0383172,0.2460188865661621,0.3914382457733154,0.4688403606414795,0.5258386135101318,0.5720410346984863,0.6104707717895508,0.6427116394042969,0.6702642440795898,17
0.78871107,198.62832747,57.94469834,2.4,2.5,0.17811227,0.30100965,0.42136478,0.5334475,0.63795614,0.7349386,0.8259692,0.91090846,16
0.47123687,30.55728272,91.21072561,2.4,2.5,0.74553704,2.0713863,2.9631834,3.3103595,3.4126277,3.448955,3.4742203,3.4970078,23
0.4937506214262013,91.481195757044,0.0036118494897961,2.8946105715347104,2.281007887854845,0.5314242839813232,1.3264145851135254,1.835655212402344,2.1076149940490723,2.2884812355041504,2.425999164581299,2.545224189758301,2.641226291656494,18
0.7629031,161.03147932,345.23527294,2.53010607,2.8645805,0.1668911,0.23759007,0.30967236,0.3778162,0.43870521,0.49444628,0.54649162,0.59461308,4
0.66357617,217.08635926,102.69549302,2.2,2.6,0.1663506,0.26461124,0.36100054,0.44939804,0.53100014,0.6066046,0.67680717,0.74266386,16
0.36956988,81.33123255,25.56868373,2.6,2.1,0.6687281,1.8527005,2.599252,2.864313,2.9555786,3.021516,3.0787537,3.1305425,23
0.57357828,202.5436186,114.79536324,2.8,2.6,0.25257444,0.43438005,0.5910449,0.7285147,0.8502903,0.9596629,1.0570643,1.1452031,16
0.94975901,27.18066216,190.56710815,2.7568934,2.04711223,0.34334493,0.70959353,0.96972632,1.14540768,1.27022219,1.36541748,1.44008875,1.50005531,10
0.9276375513568588,88.92791310280747,0.0073867184538828,2.583466566146376,2.0824976186735937,0.2608191967010498,0.5045351982116699,0.7246701717376709,0.91855788230896,1.0881314277648926,1.2379229068756104,1.3703296184539795,1.4881041049957275,8
0.3571258006691284,18.449789793227623,19.21245260980043,2.54622017,2.53910202,1.0368452072143557,3.202324867248535,5.122538566589356,6.194793701171875,6.496588706970215,6.567631721496582,6.607755661010742,6.633898735046387,6
0.67336259,174.95169026,35.01994372,2.7114904,2.14893196,0.21767783,0.38169932,0.53257036,0.66652203,0.78640342,0.89560556,0.99375534,1.08265448,15
0.50352518,68.70720308,24.03184284,2.5,2.7,0.6287401,1.653238,2.301346,2.6010497,2.7650378,2.885661,2.9819949,3.066593,23
0.36726051,177.95235721,84.17813158,2.8,2.5,0.41597867,0.9271357,1.2550569,1.432159,1.5559578,1.6533461,1.7329621,1.8023467,20
0.96963221,244.50222778,366.41186523,2.39409304,2.1348269,0.07300973,0.10746074,0.13280129,0.14069653,0.15822935,0.17746663,0.1965239,0.21278954,11
0.71894076,91.30918868,269.75771756,2.6,2.2,0.24430704,0.420578,0.5598452,0.67615104,0.7746916,0.8583605,0.9309573,0.99356794,17
0.95895115,179.32151963,183.39919504,2.5,2.0,0.11966681,0.19937515,0.27505994,0.34647036,0.41526413,0.4814906,0.54444766,0.6041148,3
0.79562268,6.99798768,78.73843058,2.8,2.1,0.8495462,2.4719102,3.632015,4.14085,4.301132,4.3613625,4.391021,4.4135265,23
0.63151062,237.3164784,236.36730044,2.0,2.8,0.11391211,0.15573311,0.19414139,0.22843623,0.2631693,0.29584265,0.32699156,0.35629058,3
0.66845896,110.0851045,207.89877433,2.7,2.5,0.28855538,0.53124475,0.71771145,0.8711357,0.9988589,1.1070971,1.1993439,1.2790778,10
0.49632755,247.99437725,291.60632678,2.9,2.7,0.19409609,0.2628696,0.33278728,0.39564443,0.4507537,0.5022476,0.549294,0.5936065,4
0.7983042883339672,40.2021554474198,0.3425645293206732,2.380537122506563,2.5078915139004736,0.5507845878601074,1.3468432426452637,1.873795747756958,2.201789617538452,2.434654474258423,2.619057893753052,2.77186131477356,2.9020516872406006,18
0.5935022406467421,244.4417557487101,0.0258196660972252,2.481076737785734,2.5505357313623778,0.2213692665100097,0.3807992935180664,0.5306921005249023,0.6658518314361572,0.7879300117492676,0.9005880355834961,1.0031359195709229,1.097114086151123,15
0.75482237,265.97761742,382.77523439,2.9,2.2,0.10333681,0.13928246,0.16629124,0.19811416,0.23108935,0.2613306,0.28797936,0.314888,11
0.66817321,157.83759061,263.65748547,2.4,2.8,0.1840961,0.27259517,0.35778236,0.43137193,0.49818897,0.5592189,0.6144123,0.66518784,4
0.47209101,283.95598291,133.80904113,2.5,2.1,0.16395998,0.24262238,0.32092595,0.39090323,0.455266,0.5147009,0.5699127,0.62161183,2
0.45140223,176.55259767,370.19339281,2.3,2.0,0.1338327,0.15550947,0.17891073,0.19634843,0.21479225,0.23189282,0.24832511,0.26367998,11
0.4317599303239942,3.3168632712764925,0.0035508625249395,2.753724149875731,2.594769176646744,1.247802734375,4.075693607330322,7.175914764404297,9.56521701812744,10.801508903503418,10.900815963745115,10.90621280670166,10.910805702209473,12
0.73016655,153.30147504,232.86647163,2.2,2.4,0.1557734,0.23416233,0.31258798,0.38194633,0.44551706,0.50376177,0.5576155,0.60728574,3
0.32872915,18.66423416,9.99917126,2.25596142,2.72571874,1.11685705,3.42146039,5.56598473,6.86297989,7.21694565,7.25812626,7.28164959,7.2975378,6
0.519757275291175,41.43477477310838,2.6622613734946903,2.8970882460900103,2.632533009068072,0.8056178092956543,2.292250633239746,3.3200745582580566,3.821444988250733,4.071169376373291,4.2215447425842285,4.343442440032959,4.438468933105469,22
0.3906922282191921,1.970135503558464,0.0034882624799743,2.449284011721015,2.50181452061807,1.2480871677398682,4.151097297668457,7.475132465362549,10.343976974487305,12.071685791015623,12.130226135253906,12.136835098266602,12.142450332641602,12
0.63195037,244.03260007,313.61460675,2.3,2.1,0.09396434,0.12798214,0.15894961,0.17936182,0.20390987,0.22718334,0.24973321,0.27068567,11
0.52017026,41.72291932,248.98882431,2.5,2.9,0.49865842,1.221777,1.6671624,1.7970715,1.8277984,1.8492551,1.8680868,1.8847389,1
0.3972168350812299,53.23117865272377,0.1629102505540426,2.3980941282512305,2.4151822124890523,0.789191484451294,2.25105357170105,3.2386343479156494,3.6646053791046143,3.84319281578064,3.942210912704468,4.012544631958008,4.072857856750488,22
0.4334400026251813,179.94760455052025,358.47837468811633,2.5,2.1,0.1419765949249267,0.1622722148895263,0.1849095821380615,0.2017900943756103,0.2183940410614013,0.2332808971405029,0.2476787567138672,0.2609326839447021,11
0.35730526,168.03198207,96.32923607,2.9,2.5,0.44567418,1.0420353,1.4248428,1.6134739,1.7278523,1.8205743,1.8964815,1.9607754,20
0.800227952714572,10.897355007953722,0.0043665302907833,2.3128011194711826,2.858464844572892,0.903557300567627,2.6068639755249023,3.7859911918640137,4.369646072387695,4.668136596679688,4.874141216278076,5.032784938812256,5.150382041931152,5
0.89620418,190.43317884,8.3698314,2.5,2.7,0.19037867,0.33131313,0.46845365,0.59976053,0.7226546,0.83742285,0.94499135,1.0462902,15
0.70024782,172.02041626,281.92541504,2.0,2.0,0.10221171,0.14447308,0.18189216,0.21516609,0.24905729,0.28072286,0.30937099,0.33693767,11
0.51578804,185.38785351,11.78948257,2.2,2.1,0.26058984,0.47647452,0.6521027,0.8010447,0.9277253,1.0366178,1.1314609,1.215446,9
0.32747251,295.21920776,174.65914917,2.96525669,2.07847714,0.17005944,0.2156198,0.26050258,0.29656816,0.33108926,0.36309123,0.39290452,0.42075849,3
0.61157667,248.05177178,29.39603516,2.3,2.7,0.18846726,0.3097911,0.42795825,0.53439,0.632375,0.72302556,0.80708265,0.8856778,15
0.3082735,13.73089037,35.17253726,2.2,2.2,1.0292976,3.0627055,4.7915144,5.7112904,5.8596263,5.881881,5.8894877,5.893603,7
0.8594444,200.02901198,293.6562212,2.5,2.6,0.12828398,0.18488288,0.2379055,0.2912469,0.34275723,0.39023733,0.43436956,0.47743487,4
0.4255599301201037,2.7045287744867865,0.0700976449649314,2.2491651506438184,2.66817728408148,1.2295117378234863,4.086479187011719,7.305422782897949,9.930768966674805,11.390361785888672,11.462434768676758,11.469318389892578,11.475231170654297,12
0.9029639,195.84356935,352.38950566,2.4,2.6,0.11283469,0.15158296,0.1888833,0.2226677,0.25661993,0.2891431,0.31882882,0.34820676,11
0.95917356,294.39282227,216.6204071,2.09388852,2.12343359,0.0704031,0.11558294,0.15409589,0.17989492,0.21238518,0.24386525,0.27467084,0.30461693,11
0.87942737,49.61665726,381.11734009,2.04675841,2.98220658,0.24624324,0.43344355,0.57368398,0.68729186,0.77939177,0.85655737,0.91932416,0.9732337,17
0.6299940236843052,5.8881238452447935,0.0132845834783218,2.334745977962583,2.5441338877078814,1.0980358123779297,3.3471155166625977,5.207647323608398,6.179587364196777,6.586069107055664,6.792096138000488,6.954892158508301,7.067216873168945,5
0.9636672287346136,18.290134881720885,0.0066740964006827,2.05974276535829,2.7127330590095777,0.6229164600372314,1.5844902992248535,2.19482684135437,2.56503701210022,2.82374119758606,3.023735284805298,3.1893551349639893,3.332268476486206,18
0.97715658,177.81777954,89.57633972,2.60302019,2.25430179,0.14714503,0.24966025,0.34770393,0.44189858,0.53215909,0.61746979,0.69873428,0.77593756,16
0.91421367,196.38329377,333.56507891,2.2,2.0,0.0797708,0.11852431,0.15147543,0.1738298,0.20175886,0.22868037,0.25470376,0.27930427,11
0.34217708,57.01353282,346.7750953,2.8,2.1,0.4190216,0.98437715,1.3050122,1.3381836,1.3398495,1.3411171,1.3424685,1.3437335,1
0.71686778,9.43590406,149.46899115,2.77117471,2.80559901,0.78509879,2.24201584,3.32072115,3.79604435,3.93605328,3.96490908,3.96699095,3.97165155,23
0.3079351470692925,112.0477593282258,400.0,2.49264145,2.60943842,0.2935225963592529,0.4836692810058594,0.5413401126861572,0.5729813575744629,0.5997936725616455,0.6229355335235596,0.6429753303527832,0.6606101989746094,21
0.50464027,107.27330846,74.71206795,2.59905036,2.58216215,0.45366788,1.04716063,1.44031692,1.66192269,1.81600308,1.9341166,2.0289619,2.11352944,20
0.9555207700851888,3.391363729791589,0.1379498861405932,2.221628676961893,2.6281324617976622,1.0015997886657717,2.8964486122131348,4.230727195739746,4.90370512008667,5.267324924468994,5.523374557495117,5.723956108093262,5.878957271575928,5
0.7452122038778032,52.35610617651794,381.55230060438674,2.51565283,2.21661283,0.2279655933380127,0.3474998474121094,0.4225194454193115,0.4810988903045654,0.5276892185211182,0.5666050910949707,0.5994601249694824,0.6268811225891113,17
0.8464883544978594,0.9650344687597288,11.958289133507016,2.5020167610373854,2.776260195496924,1.19633150100708,3.7860498428344727,6.224850654602051,7.734671592712402,8.412141799926758,8.69900131225586,8.885011672973633,9.026750564575195,14
0.7912262596470832,1.6502556149450234,0.0426011717257513,2.0970304542421863,2.474725535276416,1.1439659595489502,3.5617706775665283,5.662408828735352,6.848506927490234,7.373608589172363,7.641459465026855,7.81263542175293,7.955476760864258,5
0.71764572,44.6178312,113.7379584,2.2,2.6,0.44725275,1.0201068,1.3965938,1.6184695,1.7656362,1.8807433,1.9730995,2.0475962,20
0.30887037,236.55181573,86.735259,2.09338077,2.31847845,0.28613663,0.50566053,0.64687347,0.75372624,0.83825612,0.90922213,0.96893573,1.02300668,16
0.85232425,271.91107178,70.37885284,2.16476989,2.617589,0.12034297,0.20362639,0.2797606,0.35304093,0.42517018,0.49514341,0.5623076,0.62649608,2
0.8435197334700545,27.716565482984223,0.118223989624139,2.963675809773337,2.533031183416634,0.637434720993042,1.6211562156677246,2.2788949012756348,2.6715712547302246,2.9406065940856934,3.14781141281128,3.3190011978149414,3.4650840759277344,18
0.75457388,55.46268559,33.36472327,2.1,2.5,0.41646814,0.9162016,1.270592,1.5136266,1.693934,1.8372445,1.9576893,2.0635285,19
0.75200189,215.84737561,277.94426728,2.99961864,2.09191679,0.11134386,0.15470076,0.1936903,0.22503829,0.25638533,0.28933573,0.31974006,0.34872985,11
0.72333801,177.72697449,173.70108032,2.45178962,2.80178308,0.20240545,0.33147502,0.45490885,0.56695819,0.66891289,0.76244473,0.84824347,0.92751408,17
0.49516055,148.88611417,281.51853868,2.2,2.5,0.20063782,0.28262687,0.35063648,0.4070084,0.45601225,0.49974608,0.53864765,0.5746281,4
0.89598109,61.087076,328.14181313,2.5,2.9,0.24950361,0.4227748,0.5571971,0.66879797,0.7617724,0.8407049,0.9075873,0.9653766,17
0.33839607,207.38851929,7.39905024,2.6244204,2.61635184,0.43008637,0.96656585,1.30699754,1.49564886,1.62661505,1.7298398,1.81893492,1.89608002,18
0.4066172652336992,9.601321909221374,5.88146200717718,2.60684597,2.75511876,1.164921522140503,3.7294557094573975,6.29167366027832,8.001758575439453,8.687813758850098,8.79525089263916,8.825679779052734,8.858332633972168,14
0.7130615,86.66432397,347.8863556,2.7,2.4,0.24163198,0.3944564,0.5086713,0.6036222,0.68323827,0.7512262,0.8101127,0.86105895,17
0.8353049,275.23669259,86.30993429,2.5,2.5,0.13348413,0.21675563,0.29258037,0.37002897,0.4452212,0.5162072,0.5835588,0.6481426,2
0.6825680267376681,23.96219197070205,0.3031569963490447,2.4887977869377216,2.433920096163943,0.7761268615722656,2.126229763031006,2.9898462295532227,3.421592235565185,3.6660189628601074,3.837186813354492,3.9688854217529297,4.080832004547119,22
0.4988992076737527,86.36336751643962,400.0,2.14331823,2.46413251,0.2359411716461181,0.3509149551391601,0.4105656147003174,0.4578299522399902,0.4969789981842041,0.5302736759185791,0.5595676898956299,0.5846028327941895,4
0.7249080737509089,2.884434346161921,0.0130977366086495,2.276245531245171,2.982233454281558,1.171724557876587,3.710026025772095,6.058830261230469,7.444049835205078,8.045760154724121,8.311430931091309,8.480093002319336,8.60727596282959,12
0.7418662290591547,44.54459687210899,0.006529758909341,2.6150250064226217,2.3501818261689382,0.5496120452880859,1.3439598083496094,1.86829161643982,2.1886799335479736,2.412109136581421,2.5891807079315186,2.734548807144165,2.8574135303497314,18
0.98017806,15.30569839,28.29308319,2.05458379,2.81821465,0.63238692,1.63294077,2.26481104,2.62828541,2.86772871,3.05089331,3.19942522,3.32412386,19
0.69074323,68.78760277,244.52775634,2.25351681,2.68831397,0.33251381,0.66470075,0.89532495,1.05893183,1.18156266,1.27807784,1.35736132,1.42311096,10
0.40482614,227.11534538,115.92142108,2.2,2.5,0.23127818,0.3689978,0.47848797,0.57125044,0.65090084,0.7218404,0.78399587,0.8411877,16
0.6437411554694651,71.62165946606207,0.0093958195161983,2.291413704828462,2.171612367838226,0.4480514526367187,1.025644063949585,1.4115402698516846,1.6619997024536133,1.846981287002564,1.9957125186920168,2.1200978755950928,2.2271621227264404,18
0.59988208,250.74721018,225.0748353,2.7,2.7,0.17246008,0.24682307,0.32258534,0.39522982,0.46046925,0.520442,0.5764525,0.6289191,3
0.8921813804084479,0.7545149754009199,0.4288793664264025,2.259936171065447,2.908618523475543,1.22005295753479,3.913522481918335,6.512911796569824,8.117157936096191,8.888997077941895,9.247994422912598,9.474679946899414,9.651039123535156,13
0.80626939,130.85042297,122.41237236,2.5,2.3,0.21547365,0.3788681,0.5305207,0.6665156,0.7889259,0.8994422,0.9998121,1.0915511,16
0.30648367,138.65053988,307.24640638,2.28617887,2.98926217,0.35515022,0.72154856,0.91683912,0.99609685,1.0447309,1.08606648,1.11978436,1.14855146,21
0.52054954,272.46902466,12.00296402,2.06157827,2.28030872,0.17689228,0.28985214,0.39662862,0.49302697,0.58160591,0.66309237,0.73800445,0.80783558,15
0.3067574650304308,1.605422949754464,0.0454234989046291,2.4277994702101147,2.563495636821369,1.260066032409668,4.242938995361328,7.755782127380371,10.9889497756958,13.069008827209473,13.105661392211914,13.112923622131348,13.119110107421877,12
0.41980961,27.93903528,81.02630852,2.6,2.7,0.85087514,2.4545548,3.6622703,4.2007465,4.3545313,4.395194,4.4128942,4.427184,23
0.55083599,91.32568438,359.63373045,2.4,2.4,0.23989534,0.36231565,0.43562436,0.49359345,0.5415263,0.58247685,0.6167104,0.6461148,17
0.42840934,273.74910841,71.76464425,2.3,2.2,0.1934824,0.3003168,0.39862108,0.483999,0.560709,0.6307039,0.6943741,0.7534065,16
0.3596599966811745,209.7345188251205,380.4776411044938,2.16873455,2.00077438,0.1084368228912353,0.121145486831665,0.130204439163208,0.1314802169799804,0.1382358074188232,0.1435134410858154,0.1482596397399902,0.1530156135559082,11
0.3132652,10.16290092,2.17151308,2.56035733,2.32072854,1.20563912,3.67839885,6.13180542,7.68270016,8.28271484,8.48261547,8.59350014,8.64820194,13
0.5481319659108321,3.4534072044615267,0.1751831155955607,2.020067376430175,2.3001063322491864,1.1310021877288818,3.591879367828369,5.930918216705322,7.418337345123291,8.000818252563477,8.124961853027344,8.18004035949707,8.228841781616211,12
0.5022644957701689,37.03095420072535,17.154074348383435,2.59816966927894,2.073995984707999,0.7240715026855469,1.9580409526824951,2.7287752628326416,3.091900587081909,3.279034376144409,3.4018027782440186,3.490034818649292,3.56927227973938,22
0.4541880159655518,10.933530950220623,37.85480678187569,2.33051491,2.38426161,0.9870491027832032,3.0077853202819824,4.70805025100708,5.560712814331055,5.798650741577148,5.856845855712891,5.8885498046875,5.9059038162231445,7
0.86451888,170.68863741,307.26793155,2.4,2.8,0.13462353,0.19150472,0.24822688,0.30098176,0.35182405,0.3986435,0.44197536,0.48315024,4
0.3558257215737945,153.26648843458548,0.0508662050583273,2.654927132858381,2.8147235975474745,0.5559477806091309,1.4647784233093262,2.0681681632995605,2.34016227722168,2.489997386932373,2.602725982666016,2.695456027984619,2.7802176475524902,18
0.89464689,198.05240107,61.40512359,2.7,2.5,0.17750716,0.30193114,0.4227655,0.54092646,0.65129447,0.7552917,0.85274744,0.94536805,16
0.6286346914560158,3.341452473411292,0.0877917995308065,2.1811464248217587,2.5450288859929264,1.1528871059417725,3.630505561828613,5.9084954261779785,7.256468296051025,7.795726299285889,7.980170726776123,8.093656539916992,8.190046310424805,5
0.52361797,22.92552051,104.67155886,2.2,2.6,0.71481943,1.9394324,2.726927,3.033076,3.1314104,3.1666195,3.1904514,3.2118795,23
0.5850621715495586,12.197442926191869,0.0482007118842394,2.0963644636773737,2.0937675908864524,0.9314453601837158,2.639880418777466,3.7926318645477295,4.312506675720215,4.5588884353637695,4.7028398513793945,4.818970680236816,4.8978471755981445,22
0.3,60.37558964,236.70121739,2.0,2.0,0.41556954,0.93376136,1.1396215,1.1446774,1.14793229,1.15138364,1.15471435,1.1578927,21
1.0,45.15073095,177.49502652,2.0,2.0,0.2342732,0.43425012,0.60173941,0.74207997,0.85947776,0.95892024,1.04206944,1.11604357,17
0.99527381,291.06034782,150.3450156,2.30561959,2.03046245,0.07822633,0.1297276,0.17205477,0.20621848,0.24678206,0.28592038,0.3240869,0.36164355,2
0.441234031313709,116.39512112782424,0.0144760476665821,2.6206911480753283,2.033383214034844,0.4442086219787597,1.036163330078125,1.4077427387237549,1.6174871921539309,1.7669947147369385,1.883682012557984,1.986633539199829,2.0714271068573,18
0.5539143571287715,0.940805581930606,0.1557389982393891,2.3587801129273,2.725235827037188,1.2579529285430908,4.216683387756348,7.618212699890137,10.507256507873535,12.088040351867676,12.146242141723633,12.15466022491455,12.161813735961914,12
0.4890154,61.67961679,334.09765229,2.2,2.3,0.29920626,0.5166302,0.6110065,0.6573727,0.6927495,0.72001815,0.742007,0.76004696,21
0.63002373,45.45650679,52.08330632,2.8,2.7,0.6431551,1.712918,2.4134367,2.7558234,2.9455988,3.0827534,3.1904361,3.2843077,23
0.4824461090937534,172.4471426182204,0.0149476248519194,2.173022360165774,2.885180984099241,0.3803839683532715,0.8320515155792236,1.155480146408081,1.386200189590454,1.562835931777954,1.7093052864074707,1.832091808319092,1.9383575916290283,8
0.64766473,12.26113796,45.90852356,2.25307631,2.77420044,0.91986918,2.68875813,4.00633144,4.60971642,4.81976604,4.9024992,4.95157242,4.9839859,23
0.5664736,58.68765832,190.09341026,2.95318347,2.0,0.37545681,0.78715396,1.03148341,1.15819168,1.23884964,1.30278158,1.35241556,1.39406109,21
0.33814841,135.87482302,368.67066093,2.9,2.3,0.29587173,0.5058069,0.59813666,0.65412235,0.7003722,0.7378955,0.76960707,0.79748917,21
0.80198876,113.93840508,156.7014479,2.0,2.2,0.17695808,0.29710436,0.4079039,0.5069835,0.5952139,0.6754172,0.74814796,0.8142905,17
0.93356339,137.79277429,81.33542146,2.5,2.3,0.18834567,0.3327074,0.47197986,0.60183096,0.7218628,0.83316517,0.93682766,1.0328588,16
0.7229602561012656,1.1316480718205355,0.010484825005989,2.228203881137787,2.1903009171319967,1.1686561107635498,3.7042317390441895,6.096601963043213,7.630927562713623,8.306497573852539,8.516712188720703,8.645828247070312,8.750923156738281,12
0.97442211,65.06274204,376.37712576,2.98400931,2.95152284,0.25282526,0.41631579,0.55376315,0.67164588,0.77348256,0.8623898,0.94007158,1.00828099,17
0.7168540696907046,12.093818506072786,0.1987183477043396,2.9485484819408225,2.6712801876490806,0.96234130859375,2.7576799392700195,4.04073429107666,4.699085712432861,5.059513092041016,5.3147478103637695,5.5051469802856445,5.654497146606445,5
0.75746029,242.35455379,292.76523851,2.6,2.3,0.1115458,0.16113329,0.2062931,0.24810958,0.29049206,0.3304882,0.36794782,0.4039328,4
0.3132995464566728,19.449328015250494,0.0800371277170236,2.2123535412054065,2.202896418148961,1.0404698848724363,3.202922821044922,5.113465309143066,6.181155681610107,6.482755184173584,6.5408196449279785,6.57232141494751,6.594005107879639,5
0.6277885565118722,52.66630657214935,73.0679656499041,2.428368605802524,2.786386386190656,0.5649287700653076,1.4718921184539795,2.062061548233032,2.360243558883667,2.539381742477417,2.673454523086548,2.781725645065308,2.87621808052063,20
0.60894383,201.23419488,315.07381803,2.8,2.9,0.18834662,0.2576642,0.33125162,0.39691663,0.4547174,0.5083673,0.55803156,0.6039486,4
0.37790309,184.27581163,327.21033522,2.6,2.5,0.22861266,0.31743932,0.3736794,0.42116594,0.46396685,0.50157523,0.5350797,0.56635404,4
0.67220643,29.61109624,10.61985996,2.5,2.5,0.73538756,1.96629477,2.74583864,3.13037825,3.34333849,3.49330997,3.60997629,3.70820665,22
0.90612096,8.23966694,44.2126236,2.21352363,2.46139002,0.7857511,2.11663818,2.9482131,3.35542727,3.57174063,3.71143818,3.80864048,3.89004707,23
0.78633829,56.54323688,215.60684175,2.8,2.4,0.35888648,0.74775076,1.0276241,1.2285526,1.378763,1.4987745,1.5949855,1.6729882,10
0.4708149618109535,36.807742511487454,39.92160675698877,2.727412168851557,2.81421580905576,0.8361408710479736,2.473996877670288,3.696367025375366,4.281975746154785,4.504756927490234,4.618227005004883,4.689040184020996,4.744431495666504,23
0.97856265,174.91766357,256.66275024,2.39073896,2.0781517,0.10156941,0.15494561,0.20190525,0.24416876,0.28979635,0.33224535,0.37189054,0.40979457,4
0.87127407,129.54329871,288.86237578,2.9,2.8,0.20383787,0.32005334,0.4348457,0.5387857,0.6325977,0.71890163,0.7976012,0.8701019,17
0.67563194,281.66699219,363.91799927,2.17128491,2.83232069,0.09872055,0.13584471,0.16450548,0.19222474,0.22223592,0.25079775,0.27625012,0.30075192,11
0.87718339,85.52956161,258.36116722,2.5,2.2,0.20906949,0.35243154,0.4822278,0.59413743,0.69238186,0.7801328,0.85723805,0.9268677,17
0.9060356,236.96106106,92.02241382,2.8,2.7,0.16131186,0.26122642,0.35637856,0.45805597,0.5514939,0.6393914,0.72351456,0.80361867,16
0.7350062465218062,1.331535759287929,0.151158537356028,2.393552969693003,2.715757842008073,1.2230193614959717,3.9328105449676514,6.612298965454102,8.348906517028809,9.112483978271484,9.367852210998535,9.518088340759276,9.656189918518066,12
0.98238476,185.57453454,399.2469594,2.5,2.0,0.08308339,0.12066603,0.15388083,0.17747498,0.20333624,0.22865343,0.2543726,0.2789271,11
0.7624103364621836,33.31122351145694,0.0037242893348807,2.063269377804456,2.5504443101116725,0.6041238307952881,1.542325735092163,2.1189119815826416,2.443107843399048,2.660736322402954,2.8304779529571533,2.967822790145874,3.08790135383606,18
0.92416639,116.53505084,133.99344585,2.3,2.5,0.1913805,0.33058357,0.46402884,0.58535814,0.696208,0.7975147,0.889951,0.9755902,17
0.8314117582752735,1.3294540457902195,0.0121960661001884,2.968300283541808,2.315792709350142,1.1833558082580566,3.593719482421875,5.628806114196777,6.778877258300781,7.363175392150879,7.758272171020508,8.1317777633667,8.47895622253418,5
0.7910879,170.9223001,69.0596317,2.5,2.5,0.20643663,0.3575945,0.5029156,0.6358309,0.7572198,0.86916685,0.9721775,1.0677221,16
0.36843067,166.89208984,30.83499718,2.32805562,2.28040171,0.40006781,0.86800241,1.15481806,1.31751943,1.43498921,1.52584457,1.60274434,1.67179632,9
0.43762904,157.03251648,67.87552643,2.86549568,2.4207294,0.37799716,0.78634477,1.06155801,1.24310899,1.38195395,1.49371409,1.58430314,1.66310287,10
0.8614009531494743,3.311433851815356,0.1915460677513183,2.869417648899984,2.513463035760509,1.0886480808258057,3.167932748794556,4.70609188079834,5.515403747558594,5.984643936157227,6.352001190185547,6.643671989440918,6.860339164733887,5
0.51239954,146.4674575,83.21325074,2.99705177,2.42618515,0.34414506,0.68326592,0.9280231,1.11062288,1.25518179,1.37349033,1.47582912,1.56478357,10
0.77889457,198.7341388,169.2569022,2.3,2.3,0.13403511,0.21138239,0.28645158,0.35601425,0.42220616,0.4848206,0.5433686,0.59842896,3
0.33655435,94.36295319,47.38924408,2.4588356,2.22621226,0.58889723,1.52601814,2.0730629,2.25907946,2.34040737,2.40290499,2.45650005,2.50605106,0
0.6326884102913138,11.99613323068182,0.1268662205200851,2.84993245765934,2.944439398045741,1.055593967437744,3.184293031692505,4.900753974914551,5.786554336547852,6.192228317260742,6.442065238952637,6.625162124633789,6.760941505432129,5
0.75814011,128.44247484,132.76527163,2.3,2.9,0.22786021,0.39822078,0.55021644,0.68388987,0.8020315,0.9085212,1.0034125,1.0892658,17
0.30751374,270.42593374,332.92679638,2.86900971,2.30168904,0.15342689,0.17063093,0.1907928,0.19861078,0.21134353,0.22230196,0.22899437,0.23860598,11
0.77151116,211.03213005,296.97616461,2.84991579,2.4000754,0.13588119,0.1801846,0.22906923,0.27451324,0.3194747,0.36007166,0.39825606,0.43542075,4
0.73159532,8.76343181,22.79001411,2.1765574,2.0983771,0.87763953,2.35907483,3.27608418,3.69959807,3.90867543,4.03079891,4.10493755,4.16289139,23
0.3984154759284981,214.7457533072632,373.93977365505856,2.17145562,2.0190711,0.1024320125579834,0.1175680160522461,0.12843918800354,0.1307857036590576,0.1391470432281494,0.1458425521850586,0.1519780158996582,0.1580724716186523,11
0.5190641042662586,282.8141875774909,0.8796720530958344,2.8852623432565303,2.483758026972465,0.226858377456665,0.3803110122680664,0.5220959186553955,0.6489598751068115,0.7637510299682617,0.8685147762298584,0.964458465576172,1.0526328086853027,15
0.9426075978911465,2.933118608776971,3.355624653576532,2.57173586,2.08736086,0.973724126815796,2.649296522140503,3.7487056255340576,4.342082977294922,4.744592666625977,5.042621612548828,5.267697334289551,5.437446594238281,6
0.72646785,56.65138383,283.88944842,2.5,2.6,0.32392502,0.62284565,0.8226695,0.9614382,1.0630848,1.1433425,1.2070181,1.2586625,10
0.63786935,128.95685298,132.90009079,2.2,2.3,0.23839116,0.4181614,0.568491,0.6958597,0.8053155,0.90089226,0.9850292,1.0587857,17
0.79510939,157.4992981,168.3901062,2.15308499,2.55591679,0.16960526,0.28029227,0.38834381,0.48721838,0.57765317,0.66157126,0.73887968,0.81076574,17
0.82034177,40.34325082,76.31486122,2.6,2.2,0.47051406,1.097348,1.5222776,1.7946353,1.9865031,2.1352868,2.256291,2.3600106,20
0.84598693,131.20187027,224.56785204,2.8,2.3,0.19063687,0.31584764,0.43636703,0.5456767,0.64497447,0.7363398,0.82005715,0.89687324,17
0.79179431,53.5492714,18.64064067,2.8,2.4,0.49418736,1.161948,1.6280334,1.9382441,2.1655114,2.345967,2.4954994,2.6233628,19
0.5053259048262899,1.7710214580671737,0.0038162455528286,2.0315548070038214,2.975305612517284,1.2236442565917969,4.136835098266602,7.5218634605407715,10.329195022583008,11.998008728027344,12.093021392822266,12.101842880249023,12.109415054321287,12
0.85529058,175.93323593,19.83610811,2.68893647,2.46610668,0.20293331,0.35634828,0.50520349,0.64355063,0.77169919,0.89031029,1.00067139,1.10281825,15
0.5790513732579556,4.293769375581686,64.68851110943629,2.7,2.5,1.0048699378967283,3.084193468093872,4.906423568725586,5.909360885620117,6.1938581466674805,6.259490966796875,6.293454170227051,6.303647041320801,7
0.91268229,238.09823608,15.64117241,2.5023551,2.14251733,0.1298945,0.22185278,0.30675554,0.38986039,0.47220898,0.55060744,0.62521768,0.69724441,15
0.35681455,212.70731303,21.74058723,2.7,2.4,0.39708185,0.86274743,1.1658065,1.3499002,1.4819264,1.5904741,1.6821206,1.7599013,9
0.727956242023518,14.786412309625597,2.9779232959777566,2.5598890725655026,2.1487490510171416,0.8102152347564697,2.170908212661743,3.029853582382202,3.478592157363892,3.746076822280884,3.935479402542114,4.071301460266113,4.193471908569336,22
0.84979512,56.15010969,244.07348221,2.7,2.1,0.2915051,0.5619974,0.7703512,0.9367864,1.0701725,1.1788583,1.2697148,1.3463864,10
0.97505442,176.8125741,387.51178778,2.5,2.9,0.14599943,0.1616261,0.19597578,0.23903394,0.27987242,0.312706,0.34585357,0.37691832,4
0.8303399363914111,2.0911149141347654,0.0900241112874566,2.7042085390924693,2.8365836062361014,1.190904140472412,3.6603925228118896,5.780281066894531,6.988799095153809,7.570185661315918,7.928077697753906,8.228281021118164,8.477099418640137,12
0.93737399,283.22381386,43.33162318,2.7,2.6,0.1473558,0.2299459,0.30794978,0.39665604,0.48247075,0.56193924,0.63857865,0.7126944,15
0.4605598051091876,14.080367657866775,3.359397490737713,2.67515039,2.04983878,0.985771894454956,2.865863800048828,4.259809494018555,4.9194183349609375,5.209299087524414,5.41309118270874,5.547088146209717,5.639564037322998,6
0.43972007,205.93935813,55.72587864,2.7,2.6,0.33787084,0.66015506,0.8913286,1.0694342,1.2131193,1.3316085,1.434149,1.5238307,9
0.8438777096016438,17.246156378675053,0.079307626618305,2.474561184167254,2.084531555065745,0.6713061332702637,1.695089340209961,2.331167221069336,2.697812557220459,2.938223361968994,3.123188018798828,3.274259090423584,3.4023690223693848,18
0.5453442563880986,15.807912923978328,0.0049876344756691,2.0164620785185696,2.4782112912109806,0.9502675533294678,2.813812732696533,4.18626594543457,4.793265342712402,5.02644157409668,5.142080783843994,5.238828659057617,5.310935497283936,5
0.64625184,131.51253965,146.34250986,2.8,2.9,0.31466913,0.5958123,0.8147185,0.9961164,1.1479282,1.2766991,1.3874636,1.4849415,10
0.98338961,140.7461189,260.24729611,2.76318136,2.97228795,0.18626547,0.29356742,0.40377688,0.50895548,0.60418439,0.69377661,0.77700472,0.85494947,17
0.97621852,57.34222031,7.34682608,2.07006931,2.52133918,0.33577657,0.68624616,0.98184896,1.22912908,1.4358902,1.61174822,1.762743,1.89446807,9
0.34375048,266.80057336,326.9756399,2.6,2.6,0.17675996,0.20801806,0.23918629,0.26545334,0.2911415,0.31400347,0.3352685,0.35512447,4
0.5428113567949001,185.81690528462173,0.0043415702393332,2.5599980851614874,2.785657624247496,0.3409895896911621,0.6841762065887451,0.950658082962036,1.1655185222625732,1.342068433761597,1.4920756816864014,1.6216957569122314,1.7350881099700928,8
0.52584847,24.80211761,104.28251749,2.2,2.6,0.6999731,1.8890927,2.644758,2.9356582,3.0335019,3.0742157,3.1039202,3.1304905,23
0.81258873,235.46524422,52.95971368,2.2,2.2,0.12886763,0.216964,0.29944348,0.37783027,0.45385337,0.52664447,0.5950496,0.6603763,2
0.43228541,216.46563132,41.29509199,2.8,2.6,0.34264183,0.6744273,0.91354156,1.0970957,1.2448378,1.367748,1.4733675,1.566788,9
0.67483282,52.65884399,343.0128479,2.83867788,2.6689477,0.34237599,0.66283917,0.85482383,0.96805215,1.04467463,1.10227489,1.14846087,1.18519425,21
0.3189560072200064,3.336109663671783,42.41997223697106,2.24677277,2.84492183,1.1217527389526367,3.679345369338989,6.496381759643555,8.744531631469727,9.881988525390623,9.999448776245115,10.000107765197754,10.000638008117676,14
0.33333027,158.39382935,29.77599335,2.15542722,2.80315089,0.50138831,1.26696014,1.74007463,1.93210435,2.04022527,2.12272143,2.19142413,2.25505567,19
0.90583379,226.45659955,276.03181002,2.4,2.0,0.08743119,0.1364963,0.1804862,0.21510267,0.25308776,0.29068208,0.3267107,0.36108208,4
0.35695889,178.45902754,259.93283216,2.9,2.4,0.30897474,0.55835056,0.6998074,0.79827833,0.87743115,0.94283414,0.99817824,1.044688,10
0.5565939951881629,0.8627484617173361,0.2930619233555824,2.50961260955167,2.4765132113659662,1.2483241558074951,4.126100540161133,7.362260818481445,10.041691780090332,11.475281715393066,11.527645111083984,11.534845352172852,11.540858268737791,13
0.87643627,194.03155259,347.23094202,2.1,2.5,0.09035897,0.12544799,0.1518979,0.17049265,0.19446659,0.21687508,0.23871922,0.25944066,11
0.3357846885248624,27.80723145845821,36.89944357811341,2.87462162,2.21045007,0.8977272510528564,2.6376953125,3.972609043121338,4.558225154876709,4.75998592376709,4.873217582702637,4.933043003082275,4.965312480926514,23
0.99360695,273.35760806,59.33820333,2.66284597,2.95622514,0.15954041,0.24176097,0.32313251,0.42052674,0.51019549,0.59443259,0.67634892,0.75587797,16
0.5083378189902225,53.91072406469024,209.290039722079,2.832891348912301,2.570927220772837,0.499446153640747,1.26181960105896,1.7476346492767334,1.9344804286956787,2.010419607162476,2.063504934310913,2.107295274734497,2.144770383834839,1
0.7741276,14.89946651,26.52013969,2.30417514,2.70093393,0.81080484,2.25582433,3.19968629,3.64670157,3.87141681,4.01359844,4.12341499,4.20534039,23
0.76360978,79.4980723,391.03851813,2.1,2.8,0.16286397,0.20514083,0.24520898,0.2771983,0.30448055,0.3290043,0.35074043,0.36998916,4
0.3747974693701734,11.388658138307248,0.0334950731548647,2.0561311653051124,2.555073985245233,1.1081264019012451,3.5423758029937744,5.910188674926758,7.433398246765137,7.980447769165039,8.04574203491211,8.062790870666504,8.077164649963379,12
0.79628151,111.54693202,13.03566993,2.2,2.1,0.24847841,0.4694798,0.66496515,0.8371072,0.9877589,1.1213117,1.2389507,1.3450668,9
0.68870854,292.9916687,7.88594675,2.39301944,2.10823107,0.12845111,0.21027231,0.28675985,0.3605175,0.4326787,0.50033855,0.56501746,0.62635088,2
0.59043369,185.03287219,358.31328773,2.7,2.6,0.17273426,0.22801924,0.2832408,0.33377838,0.37898326,0.4198048,0.45774102,0.49315238,4
0.59156082,273.70461245,264.19737366,2.2,2.9,0.11884761,0.15705705,0.19484591,0.22286296,0.2535088,0.28400087,0.31077075,0.33764625,11
0.5533960641243767,29.82282636608285,0.1335227371541242,2.616062980454966,2.496874311532205,0.8422732353210449,2.394780397415161,3.458397150039673,3.962069749832153,4.211930274963379,4.368865966796875,4.482006072998047,4.570858955383301,22
0.6479196351838079,56.47237243080365,0.0249503764283142,2.266883980581036,2.134514391765459,0.5106728076934814,1.2258496284484863,1.6767656803131104,1.941894292831421,2.1306045055389404,2.280064821243286,2.404570341110229,2.512048482894897,18
0.89115471,287.53992297,203.11319019,2.6,2.4,0.11356187,0.16700482,0.21484017,0.2650404,0.31832838,0.36779547,0.41349268,0.45909286,3
0.89807982,116.66147752,70.39149665,2.7,2.9,0.26991558,0.4996004,0.7096584,0.8981817,1.0662897,1.2174802,1.3530889,1.4744835,10
0.88421456,169.41336235,25.84668946,2.6,2.6,0.20450854,0.3604772,0.51137185,0.65328026,0.78513336,0.90756273,1.0213127,1.1275251,15
0.5888910025209575,0.9264163911085752,1.549715013763227,2.212177196413822,2.401563728026198,1.2115674018859863,3.992525100708008,7.049252986907959,9.436843872070312,10.623201370239258,10.684503555297852,10.68923568725586,10.693153381347656,13
0.50194502,159.5635376,395.20632935,2.95482635,2.94042301,0.24425268,0.34465623,0.41565299,0.47577477,0.52753329,0.57482815,0.6169095,0.65561748,17
0.66844803,42.46357727,348.25244141,2.68166423,2.49494934,0.33813643,0.64853621,0.81884027,0.90473175,0.95878506,0.99815297,1.02775288,1.05213404,21
0.5278814419930863,3.181960241870471,0.0925020873502197,2.258258215772264,2.6933708266926075,1.2071571350097656,3.9399240016937256,6.812806129455566,8.845843315124512,9.777313232421877,9.931350708007812,9.946160316467283,9.970346450805664,12
0.70307616,51.79587709,220.81287118,2.2,2.3,0.33128858,0.65531397,0.8681917,1.0079033,1.1070795,1.1812811,1.2420297,1.2902257,10
0.6383497845578606,257.01949124547497,379.45789232197353,2.0,2.6,0.0922567844390869,0.1224169731140136,0.1491930484771728,0.1689097881317138,0.1894874572753906,0.210085391998291,0.2307190895080566,0.2504351139068603,11
0.83574798,54.58629137,223.6175263,2.3,2.6,0.29216814,0.5508394,0.7453711,0.89757633,1.0177279,1.113646,1.1942542,1.2621112,10
0.61936176,162.47585663,238.81671422,2.6,2.2,0.19486547,0.30345702,0.40396285,0.49098778,0.5683434,0.6386366,0.7023518,0.7611449,17
0.3492584772935286,2.1287157707051603,0.2347726756263612,2.9550775760373966,2.422700002634841,1.2571415901184082,4.139708042144775,7.41461181640625,10.28637409210205,11.907519340515137,11.930794715881348,11.938132286071776,11.944437980651855,13
0.97637335,36.20339945,15.46798699,2.1,2.4,0.3977697,0.8590307,1.2123075,1.4780631,1.6848729,1.8547308,1.9967124,2.1201785,9
0.8473008582522099,86.46264483617107,0.0311202457771259,2.4569474458672804,2.1571827549212066,0.2983341217041015,0.5932793617248535,0.8451223373413086,1.0578856468200684,1.237910270690918,1.393453598022461,1.5280413627624512,1.647655963897705,8
0.94003795,175.60495233,97.97768594,2.2,2.5,0.1457851,0.24525404,0.3411603,0.43246865,0.51914907,0.60216975,0.6796367,0.7525432,16
0.65530586,231.96487124,317.34299793,2.3,2.2,0.10156941,0.1369226,0.17034388,0.19488263,0.22168708,0.24670196,0.27147365,0.29484057,11
0.94254197,282.92717176,58.57623117,2.32189394,2.85104569,0.1283381,0.217489,0.29156518,0.37332463,0.45452738,0.53103781,0.60326338,0.67418981,2
0.48521664,259.3066639,184.1622704,2.8,2.1,0.17692995,0.26380277,0.34809303,0.42357945,0.49199557,0.5549073,0.61306214,0.6677449,3
0.7947924924394707,1.2737147439556424,0.154069145268232,2.746505708441128,2.3904345561795584,1.198139190673828,3.714316129684448,5.976406097412109,7.304729461669922,7.933357238769531,8.26069450378418,8.539020538330078,8.785022735595703,12
0.8240707248124072,36.756402726665634,1.2569595792486503,2.823793993553257,2.2375563198582147,0.5261633396148682,1.260166883468628,1.7639081478118896,2.0861499309539795,2.320007085800171,2.5048844814300537,2.658012628555298,2.788679838180542,18
0.36928028,38.88358307,109.63175201,2.1060307,2.1391499,0.66367149,1.79010868,2.47237659,2.64887547,2.67078328,2.68369174,2.69594693,2.707515,0
0.83200191,74.56979705,208.99619641,2.4,2.4,0.2592249,0.47166848,0.64500403,0.78973174,0.911844,1.016113,1.1057966,1.1825356,10
0.5787536,211.9039446,162.18599725,2.29857507,2.59607974,0.19183564,0.30260515,0.40833545,0.50188851,0.58664203,0.66393971,0.73444009,0.79922342,17
0.8071257528105423,1.5148457316778705,0.3970135957115375,2.7975019340492047,2.7551240133164825,1.2265310287475586,3.838542461395264,6.2357177734375,7.666414260864258,8.336509704589844,8.700032234191895,8.997602462768555,9.26239776611328,13
0.77258189,251.02590495,47.73234463,2.6,2.5,0.1640842,0.27110076,0.3753984,0.4767847,0.5717509,0.66100883,0.74559164,0.82544875,16
0.8821876,108.89914272,397.93662184,2.3,2.3,0.1231513,0.16172934,0.20123792,0.23320603,0.26478267,0.29322743,0.32012558,0.34485078,11
0.60916971,228.29582895,278.03726596,2.25528283,2.19385479,0.11397457,0.15354896,0.19251537,0.22404575,0.25745177,0.28881097,0.31806207,0.3457458,11
0.74715728,18.29865646,323.41497803,2.10211563,2.43718743,0.40813327,0.91829967,1.20021152,1.26380396,1.26871347,1.27303433,1.27666354,1.2796607,21
0.45739253,292.54637562,179.19536168,2.8,2.5,0.19229627,0.27732158,0.36004663,0.43476915,0.5021713,0.56453323,0.62203145,0.6753316,17
0.4844288758376518,154.0723292198618,384.89790847191705,2.0,2.0,0.1137888431549072,0.1307868957519531,0.144916296005249,0.1548483371734619,0.1676616668701172,0.1793620586395263,0.1901390552520752,0.2003748416900634,11
0.68271762,262.76443481,179.44691467,2.26769114,2.60941839,0.13437915,0.20316005,0.2708497,0.33489275,0.39577508,0.45388961,0.50780129,0.55936861,3
0.93519503,26.15093938,352.67764028,2.7,2.8,0.3546877,0.7136276,0.94872427,1.0940981,1.1862352,1.2512937,1.298697,1.335897,21
0.9307298313846096,3.008262283614938,0.0252988478307723,2.1828565480048767,2.6394150500388864,1.0357725620269775,3.0319900512695312,4.477121353149414,5.203632354736328,5.590509414672852,5.854311466217041,6.057286739349365,6.209654331207275,5
0.51428966,52.91324712,44.91997268,2.5,2.5,0.66382647,1.7811785,2.488349,2.7925801,2.9357972,3.0388856,3.1213646,3.18787,23
0.56744277,262.318573,395.4387207,2.40115237,2.57364655,0.11112309,0.13715553,0.15883636,0.17733669,0.19930005,0.21800137,0.23335695,0.25040293,11
0.778929950637,1.898249872478017,0.0123938616671493,2.7957650909888785,2.294635629341303,1.154634952545166,3.4855661392211914,5.417324066162109,6.479619026184082,7.0127363204956055,7.372328758239746,7.693953514099121,7.955879211425781,5
0.43147493,240.97818851,157.73097161,2.4,2.4,0.20648718,0.31122708,0.40393972,0.48289084,0.55341816,0.6169667,0.67418766,0.72719574,17
0.85200554,266.42339244,110.8974069,2.7,2.2,0.124861,0.20664406,0.280277,0.35351562,0.4257872,0.49494243,0.56039166,0.62332344,2
0.54448211,69.80954742,370.53985596,2.38887119,2.54306436,0.29147172,0.49977756,0.6046195,0.66930628,0.71930885,0.75837493,0.7893939,0.81767583,21
0.62248553,117.62036861,173.01635821,2.4,2.9,0.28841877,0.52893305,0.7104144,0.85765576,0.97983956,1.0831032,1.1705532,1.2473636,10
0.943825042476544,0.871494420066299,0.0094434399996521,2.781320545123368,2.8425257629290703,1.2343087196350098,3.832400321960449,6.154642105102539,7.526647567749023,8.227924346923828,8.659479141235352,9.03072738647461,9.358057975769045,12
0.786297662019267,4.70590949586956,7.8937782173504125,2.95427630258074,2.98190415049724,1.111711025238037,3.3522090911865234,5.176527976989746,6.154627799987793,6.629238128662109,6.948685646057129,7.202263832092285,7.391802787780762,6
0.52103507,229.58644834,153.95180613,2.0,2.0,0.13165236,0.19430041,0.25328636,0.30776572,0.35836434,0.40452576,0.44743514,0.48787546,2
0.3261014854932101,5.186785794718205,0.711221134648236,2.972129498722096,2.616780502626984,1.2518582344055176,4.098259449005127,7.268036842346191,9.86847972869873,11.32868480682373,11.443946838378906,11.449048042297363,11.453506469726562,13
0.7758438061620108,42.790111261640575,0.7967063633227451,2.895850922176085,2.9709216684855244,0.6236956119537354,1.6047916412353516,2.28237247467041,2.682196140289306,2.951259136199951,3.1600136756896973,3.331566333770752,3.477577209472656,18
0.82539104,233.64897084,378.54927963,2.994995,2.80761275,0.16038489,0.16731,0.20441866,0.25294089,0.28956532,0.32495236,0.35934043,0.39226604,4
0.3075983,131.39656415,63.3331202,2.99933341,2.13322045,0.49107599,1.18173552,1.581882,1.73270655,1.81465483,1.88062239,1.93916941,1.98771143,0
0.79174465,277.1852417,284.43566895,2.44738841,2.44105935,0.10754657,0.14806008,0.18529224,0.21983552,0.256423,0.29148054,0.32359147,0.35546255,4
0.49453888,252.25875311,269.28755889,2.6,2.5,0.16373873,0.21771216,0.2743771,0.32446432,0.37093663,0.41318727,0.45232177,0.48952603,4
0.5152808563610739,38.01002371961992,1.0964320028841148,2.483509253669936,2.5703768866251613,0.8090207576751709,2.31369686126709,3.335768699645996,3.806095600128174,4.021518230438232,4.162385940551758,4.259623050689697,4.336393356323242,22
0.6360512518859343,1.034029630382089,0.283767650977635,2.93491240096842,2.6148204763375698,1.268747329711914,4.148569583892822,7.2596116065979,9.59841537475586,10.749462127685549,10.849870681762695,10.8614501953125,10.87167739868164,13
0.93463184,294.02531826,157.77701599,2.2,2.8,0.11046314,0.16085982,0.20963216,0.25379324,0.3009324,0.3494327,0.39461637,0.43858004,2
0.6611390602111112,0.7624557779547368,0.3937123421705293,2.9514247931571727,2.0954606653353247,1.2002830505371094,3.8265323638916016,6.536715507507324,8.509413719177246,9.479544639587402,9.563334465026855,9.577916145324709,9.607802391052246,13
0.5710919,173.61137431,282.76008417,2.5,2.6,0.19414878,0.27933884,0.35798097,0.42565298,0.4865861,0.54178524,0.5921259,0.6387737,4
0.97010487,39.88895962,291.56278226,2.45065129,2.80521718,0.31152463,0.60610557,0.82690287,0.9993937,1.13395143,1.24149895,1.3292737,1.40067148,10
0.7965221297949762,1.1021407868815478,0.0035139847609892,2.837858585113784,2.577516128998067,1.235504388809204,3.8950517177581774,6.39835262298584,7.9486083984375,8.661731719970703,8.990755081176758,9.24999713897705,9.494915962219238,12
0.4211165920561379,35.484905791267536,0.1058790938377368,2.91232653080488,2.4344288151978564,0.910147190093994,2.6536636352539062,3.9360580444335938,4.539659023284912,4.81198263168335,4.977593421936035,5.076098918914795,5.163177967071533,5
0.79094899,2.36519408,1.36418629,2.57994962,2.35104275,1.17033482,3.37848449,5.0825758,5.98673725,6.44113445,6.76819229,7.02261639,7.20659351,5
0.63708604,52.70830582,35.30826278,2.3,2.4,0.53404164,1.295011,1.7667038,2.0228493,2.1879966,2.3211157,2.4285367,2.5214689,19
0.69539225,9.36514854,17.22380066,2.60732412,2.04182887,0.90662289,2.42859006,3.38751388,3.8576324,4.12954712,4.30703068,4.41609001,4.49390697,22
0.9400903,272.49689893,164.66537652,2.49774534,2.3372633,0.1074841,0.16927147,0.22298479,0.27341676,0.32588291,0.37749934,0.42711258,0.47480273,2
0.93261999,84.35053336,34.54539109,2.24778042,2.46974899,0.27692795,0.53481817,0.76474857,0.96594739,1.14201093,1.29633951,1.43174458,1.55267143,9
0.5320638281938325,110.92635151236033,50.12750351146792,2.3035509811612744,2.0292747486969454,0.3440344333648681,0.7132911682128906,0.9709422588348388,1.1519286632537842,1.2895865440368652,1.402925729751587,1.4955041408538818,1.577868938446045,9
0.32062896,279.89338849,72.23537704,2.1,2.4,0.21796942,0.33175588,0.42201567,0.4985931,0.56595063,0.6246817,0.6775353,0.7258322,16
0.57871793,200.2782714,119.4203889,2.0,2.0,0.15016937,0.23740387,0.31968331,0.3941741,0.46166778,0.52334571,0.58063722,0.63320565,2
0.93180658,267.67164678,245.98553571,2.05638611,2.78604301,0.09404874,0.15224671,0.19928288,0.2447412,0.29195738,0.33814502,0.38192534,0.42405915,3
0.5789418,183.11124657,172.89105292,2.2,2.9,0.19804192,0.30745196,0.40779138,0.49457312,0.57286453,0.6433189,0.7074528,0.7656975,17
0.93795881,131.72815401,245.05411611,2.6,2.0,0.14229798,0.23111057,0.31846595,0.3997035,0.47569585,0.54580235,0.61133385,0.67298913,3
0.33450842,12.95835495,15.94637108,2.08337069,2.52567291,1.10511684,3.40151095,5.56272411,6.87619781,7.23706627,7.25679779,7.26303387,7.26754856,6
0.79994897,298.92992127,98.7775037,2.0184049,2.51612238,0.10381269,0.17257547,0.23550653,0.29290938,0.35077381,0.4071641,0.4619844,0.51458478,2
0.73629476,61.42634202,188.56305649,2.4,2.1,0.32163644,0.6383519,0.86702085,1.0345044,1.1607513,1.2632573,1.3448935,1.4131882,10
0.37289493,110.12334285,385.66952864,2.43052243,2.99636556,0.32441807,0.59442043,0.71955419,0.78064728,0.82729292,0.86519217,0.89655566,0.92399192,21
0.7195077504934129,26.44375435599737,400.0,2.80615479,2.44275628,0.3446595668792724,0.6798455715179443,0.8480575084686279,0.905686616897583,0.9324460029602052,0.9516360759735109,0.9663252830505372,0.9778892993927002,21
0.44435346,236.81557836,281.10101218,2.9,2.9,0.230088,0.326272,0.40841436,0.47923756,0.54182935,0.5992248,0.6512499,0.6990957,17
0.857135,60.0531239,66.66879171,2.2,2.5,0.34266567,0.70640373,0.99177146,1.216831,1.3961766,1.5437269,1.6677146,1.7757926,10
0.7440488218704472,3.115870702349123,0.1202971356047412,2.6919532615931034,2.044031121647128,1.0662662982940674,3.080408811569214,4.567316055297852,5.338764190673828,5.771836280822754,6.134879112243652,6.4125165939331055,6.625847816467285,5
0.76586309,149.57203164,56.08069268,2.6,2.7,0.25435114,0.461905,0.6498318,0.8172033,0.9665687,1.100338,1.2209091,1.3288739,9
0.3626385762042103,4.990318311243073,0.0165335515089241,2.375054021701384,2.087210931997374,1.1508057117462158,3.679002046585083,6.276389122009277,8.173697471618652,9.08994483947754,9.19826602935791,9.202532768249512,9.206417083740234,12
0.32147256,165.84464448,312.257559,2.2,2.6,0.22422194,0.29204607,0.33029962,0.36110377,0.38863683,0.4129467,0.43493366,0.4545939,4
0.93493414,5.73372412,42.9033165,2.32253313,2.50001049,0.85585761,2.35158396,3.32190132,3.79813051,4.04766893,4.20825863,4.30537891,4.38109636,23
0.7531027,279.84734091,32.31760171,2.1,2.3,0.11592937,0.19259357,0.2625699,0.32964444,0.39617324,0.45992398,0.5195613,0.5777557,2
0.31060295,195.78107792,47.65414931,2.25205838,2.62671476,0.42839193,0.98477316,1.32100272,1.48093247,1.58396983,1.66615796,1.73729062,1.79806447,19
0.3138582,243.71761889,247.79564552,2.70837057,2.61436435,0.24568248,0.3558495,0.42219448,0.47942948,0.52982926,0.57428432,0.61453056,0.65145278,17
0.46293459,64.20092149,153.65275533,2.26075176,2.78444444,0.54574156,1.43438601,1.99900842,2.19374394,2.26210952,2.3138082,2.35939813,2.39964604,0
0.9981878335248124,139.21696042829538,0.3351954358521372,2.2452939654654585,2.220220504541672,0.1754617691040039,0.3174073696136474,0.4536747932434082,0.5837416648864746,0.7056174278259277,0.8198137283325195,0.9270710945129396,1.0266547203063965,15
0.6796819,292.10803223,34.81316376,2.92424774,2.11515594,0.13675737,0.21650696,0.2940588,0.36783981,0.4386673,0.50593162,0.57048821,0.63120198,2
0.99431835,279.5016138,237.62381707,2.30079376,2.39756471,0.08557129,0.13887382,0.18150377,0.21516657,0.25319576,0.29276443,0.33151722,0.36816621,3
0.4773074,160.01152761,352.75448038,2.7,2.5,0.22215033,0.31511736,0.382411,0.44012523,0.49099088,0.5357969,0.5765197,0.6127529,4
0.81292664,171.44137433,280.75187406,2.0,2.0,0.09232211,0.13608265,0.17387915,0.20732975,0.24203062,0.27489209,0.30507064,0.33404422,11
0.3073598542851197,15.287554021211069,30.79088861360651,2.19294024,2.05994701,0.9668974876403807,2.9457902908325195,4.6322102546691895,5.522372722625732,5.724499702453613,5.745851039886475,5.7579874992370605,5.764752388000488,7
0.7918084159979192,0.8227614869899446,0.2941669874265132,2.8832007884862927,2.7074785027248858,1.2661795616149902,4.065091609954834,6.866644382476807,8.737388610839844,9.603559494018556,9.88908576965332,10.084709167480469,10.295551300048828,13
0.60276641,15.84066692,73.39512301,2.3,2.9,0.81206465,2.23068,3.1897173,3.6263833,3.823019,3.910718,3.965179,4.0050006,23
0.731221698916702,14.028577027575006,0.900839334403692,2.764632287057193,2.312100741763297,0.8630051612854004,2.3693089485168457,3.357360363006592,3.8773789405822754,4.182689189910889,4.398120880126953,4.5564703941345215,4.685600280761719,22
0.7345812705498669,0.9555062307465864,0.0089064872900765,2.5032810534105496,2.3329615447958854,1.208899974822998,3.851039409637451,6.4476823806762695,8.166643142700195,8.94223690032959,9.155367851257324,9.279335975646973,9.412423133850098,12
0.7201566,72.05287998,320.62175775,2.3,2.2,0.22095752,0.34795642,0.4442165,0.5221784,0.58600307,0.64053583,0.68661547,0.7258754,17
0.30344123,276.56335449,281.75854492,2.27224779,2.10221958,0.12723207,0.14352036,0.15942764,0.16963267,0.18266535,0.19449782,0.20550013,0.21579957,11
0.9991308010849552,7.200464339871368,0.2052647416132335,2.128141711760237,2.8121848202353457,0.8276948928833008,2.299446821212769,3.251842737197876,3.753844976425171,4.053693771362305,4.273533821105957,4.447657585144043,4.594274520874023,22
0.88373559,244.01500492,61.75847865,2.9061627,2.45904706,0.15899968,0.25075459,0.34453487,0.43976402,0.52986884,0.6143024,0.69468141,0.77211761,16
0.391519,117.54173126,271.45597142,2.4,2.4,0.31207108,0.56168866,0.6898401,0.76675224,0.82613564,0.87454605,0.9136677,0.9488044,21
0.56472561,125.68435868,165.47497279,2.9,2.2,0.32370472,0.6429906,0.87449,1.0504673,1.1892374,1.303935,1.3985698,1.4789033,10
0.5732222746360421,5.282840996891862,0.8026856932279308,2.3,2.1,1.0725057125091553,3.227158784866333,4.992005348205566,5.920754432678223,6.295834541320801,6.485527038574219,6.63179874420166,6.721442222595215,5
0.78958614,75.34794072,233.00009736,2.2,2.0,0.21831322,0.37517476,0.5042634,0.61335874,0.70527554,0.7833259,0.8516588,0.9099157,17
0.5839788748787877,1.37812250810697,0.2052291029214781,2.642522025381521,2.4148803210933103,1.231726884841919,3.994552612304688,6.943923473358154,9.13503646850586,10.257736206054688,10.392671585083008,10.40298843383789,10.411779403686523,13
0.9620046,230.44989014,346.4989624,2.19496775,2.52871513,0.08790278,0.13171792,0.16744828,0.19697499,0.22853851,0.26027083,0.29015326,0.31911182,11
0.38129158,67.73054549,44.45000114,2.32549116,2.18237773,0.64805126,1.71952057,2.35689259,2.58530045,2.67858744,2.73894167,2.78975344,2.83461523,0
0.5052981202151658,8.502609678102747,0.1485935788690458,2.925378069214119,2.715731344184661,1.1643571853637695,3.630703449249268,5.890663623809815,7.239898204803467,7.765483379364014,7.966169834136963,8.12293815612793,8.261085510253906,5
0.8335277925354752,7.017800756412543,0.0070597476598032,2.1157970925487324,2.6386901029033965,0.936737060546875,2.704519033432007,3.920104742050171,4.508137702941895,4.8042497634887695,5.006233215332031,5.155424118041992,5.272926330566406,5
0.98028415,285.02120972,392.10702515,2.13582516,2.53472185,0.06914878,0.10531545,0.13224053,0.14564776,0.16460133,0.18469238,0.20450544,0.22348905,11
0.3023692406332461,139.64943926010238,396.9565529175372,2.68972506,2.7176096,0.2929675579071045,0.4702410697937011,0.5261859893798828,0.5651273727416992,0.5973827838897705,0.626168966293335,0.6510992050170898,0.6730287075042725,21
0.31189903,58.7625515,266.94448553,2.53518659,2.56249355,0.5131371,1.30072689,1.78140259,1.85051489,1.85205698,1.85268259,1.85334253,1.85424185,1
0.69995224,169.26235902,394.4028539,2.7,2.5,0.15105891,0.19628859,0.24362469,0.28974128,0.33054495,0.36720443,0.40152192,0.43361425,4
0.3579522771124285,75.55717177609951,0.48539284290102,2.028583536415854,2.6424746970973403,0.7249753475189209,2.10410737991333,3.02884292602539,3.3882594108581543,3.50775146484375,3.584800720214844,3.647283554077149,3.7020263671875,22
0.79633624,125.7163951,144.30128143,2.87802485,2.186681,0.21184754,0.36375403,0.50512886,0.62940097,0.74124002,0.84250784,0.93373203,1.01644659,17
0.62330627,4.28257275,79.33302307,2.98557568,2.78118753,1.04917717,3.13260746,4.94602966,5.97086334,6.27380848,6.37589455,6.41272736,6.41644669,7
0.53530048,173.17114773,185.7987048,2.62809737,2.98337141,0.29236436,0.52369714,0.69901085,0.84567118,0.96985531,1.07691884,1.16937494,1.25149488,10
0.406088993630032,3.7556297388800175,0.0208916604719036,2.943488443428005,2.129367289721929,1.1882786750793457,3.78917932510376,6.497030258178711,8.530562400817871,9.577095985412598,9.697015762329102,9.70421314239502,9.710925102233888,12
0.3098802188399304,115.5597410760508,0.0990200954961194,2.9917604747351376,2.1802821126380327,0.5972506999969482,1.5836186408996582,2.1920080184936523,2.449284076690674,2.582667350769043,2.677334785461426,2.7534494400024414,2.8230199813842773,18
0.9801085935303772,1.083379863633011,0.019631770952562,2.176052038316818,2.289990339757336,1.1005804538726809,3.2395689487457275,4.832333564758301,5.677865982055664,6.150295257568359,6.486617088317871,6.748867034912109,6.950877189636231,5
0.89107652,289.4462163,274.20288917,2.0,2.9,0.08210587,0.12201595,0.14605308,0.16351938,0.1859951,0.21408343,0.23862791,0.26048493,11
0.69058891,150.86196643,17.15449166,2.9,2.5,0.31446266,0.61015415,0.85953856,1.0737009,1.2579148,1.417196,1.5557146,1.6793337,9
0.8077951597258366,3.2159377833396032,0.0218751414441441,2.9525115085276874,2.2906769202586448,1.0858721733093262,3.142384052276612,4.642706394195557,5.437267303466797,5.905757904052734,6.289822578430176,6.614940643310547,6.840988159179688,5
0.5696381445221292,182.8203366831017,356.2956378248737,2.50264619,2.6648929,0.1733131408691406,0.2285742759704589,0.2844820022583008,0.3343398571014404,0.3794350624084472,0.420192003250122,0.4587178230285644,0.4940700531005859,4
0.46659303,180.53939468,45.82560105,2.8,2.3,0.3510449,0.716738,0.9781306,1.1717639,1.3247755,1.4512458,1.5556505,1.6458006,9
0.969686788836036,1.827618825400697,0.8339149548102642,2.1452628090217165,2.46516463985176,1.062197208404541,3.099107027053833,4.576016426086426,5.335325241088867,5.752195358276367,6.043272972106934,6.26222038269043,6.425013542175293,5
0.50984251,159.46670532,217.48667908,2.97226334,2.40907383,0.25200629,0.41074634,0.52738094,0.62636018,0.71129704,0.78549504,0.8496542,0.90768433,17
0.5999733,232.1591199,307.01634118,2.4,2.1,0.11137819,0.14939785,0.18728328,0.21762872,0.24786663,0.27669644,0.30484915,0.33136344,11
0.31051344,117.05354042,199.09150407,2.7,2.9,0.48509407,1.1732454,1.6021991,1.7319565,1.7737031,1.8099551,1.8423057,1.8708444,1
0.45693287,215.10963169,18.75371188,2.7,2.4,0.32371354,0.6296885,0.8573663,1.0387013,1.1873767,1.3124876,1.4200628,1.5152333,9
0.9993489,207.90995779,323.38166367,2.8,2.5,0.13398576,0.17482638,0.21916604,0.2767341,0.32969928,0.37659574,0.42249727,0.46614456,4
0.9850784885734998,1.1282400468448857,0.0043287065973834,2.2077207405157777,2.116250109944656,1.0708982944488523,3.068958282470703,4.473386764526367,5.224730491638184,5.673959732055664,6.024942874908447,6.289562702178955,6.472745418548584,5
0.81412053,293.11849976,218.51165771,2.18644619,2.62691641,0.10202098,0.15926528,0.20676398,0.25251961,0.29992175,0.34602046,0.38917279,0.43076348,3
0.9591593,255.32056487,200.63720966,2.5,2.4,0.11080623,0.1722858,0.22557664,0.27894258,0.3344338,0.38714838,0.43707442,0.4853251,3
0.986984844603484,268.2610928717346,0.005429781193146,2.963925804001317,2.31959745529158,0.158477783203125,0.2334935665130615,0.3188550472259521,0.4098865985870361,0.4981632232666015,0.5809166431427002,0.6612739562988281,0.7390320301055908,15
0.41616832,55.66524775,325.21793615,2.3,2.7,0.3729322,0.75263834,0.9176824,0.9461858,0.9620428,0.9756222,0.9879546,0.999156,21
0.730637876689915,7.131303050023628,0.150242028721739,2.164386462006937,2.779064603864468,1.017693042755127,3.0595319271087646,4.619730949401856,5.384153366088867,5.722842216491699,5.916224479675293,6.064454078674316,6.168617248535156,5
0.8009705902036999,2.7219563111007314,25.572186597899982,2.482314544261841,2.944523861874692,1.1011450290679932,3.4175467491149902,5.436359882354736,6.562476634979248,7.029130458831787,7.24483060836792,7.396850109100342,7.491060733795166,7
0.7382529,148.74532021,171.0040521,2.6,2.8,0.22583127,0.38076782,0.5220785,0.6476433,0.7603502,0.86201334,0.95396256,1.0371833,17
0.98830149,15.51201016,360.03861516,2.3,2.7,0.3282199,0.6310029,0.8001914,0.8752079,0.9100535,0.93019676,0.9433222,0.95251536,21
0.4165903820525128,1.4022891068413763,0.1256595017456195,2.8731635199921803,2.3050912493937137,1.2395365238189695,4.073880195617676,7.260426521301269,9.983896255493164,11.68253231048584,11.751731872558594,11.75914478302002,11.765405654907228,12
0.94365856,255.35193936,337.56073743,2.4,2.4,0.08893943,0.12839293,0.15961003,0.18332434,0.21106291,0.2400558,0.26701236,0.29274917,11
0.46041285,110.89911263,22.92048283,2.8,2.1,0.5060682,1.2709992,1.749507,1.982466,2.1334794,2.245817,2.3414185,2.426305,19
0.9813171969232632,1.2482325618716623,0.0037353585046216,2.8023041766489967,2.1558135754660084,1.0959064960479736,3.128857135772705,4.577825546264648,5.373444557189941,5.895046234130859,6.335531234741211,6.698187828063965,6.96715259552002,5
0.3684904395569071,171.92645391345292,0.0960553100679312,2.612954208979179,2.726314654243016,0.4869077205657959,1.1970598697662354,1.659217119216919,1.8972527980804443,2.047919988632202,2.170313596725464,2.271862268447876,2.355900526046753,18
0.47488227,242.32879639,380.77087402,2.96630859,2.23205686,0.11984944,0.14198661,0.16409302,0.16978192,0.18388462,0.19501257,0.20140243,0.21189499,11
0.31421729,48.75970849,105.10759316,2.47189263,2.01450717,0.64936829,1.71983147,2.35849619,2.53970385,2.56941032,2.58391714,2.59773588,2.6107893,0
0.5673866649862739,2.9929359689139106,42.205468756642645,2.01024485,2.15126824,0.9954061508178712,3.062518119812012,4.876652717590332,5.881690502166748,6.155107975006104,6.172133922576904,6.178699970245361,6.18222188949585,7
0.3531120255361266,18.655127774904106,0.0091817139476013,2.036392647277975,2.130055418098649,1.003539800643921,3.0467276573181152,4.737257957458496,5.597071170806885,5.833610534667969,5.892611503601074,5.923791408538818,5.948234558105469,5
0.31776002,140.1416626,372.13354492,2.74709702,2.08021951,0.19829512,0.22329807,0.23968434,0.24979615,0.2584095,0.26728654,0.27605534,0.2838974,11
0.98418432,99.24733734,27.95254517,2.00748682,2.03385067,0.1845634,0.34250927,0.49012089,0.62647748,0.75157857,0.86580133,0.97097516,1.06676722,15
0.4249966014080423,10.725130476711284,19.128981747594167,2.54497886,2.25070691,1.0429491996765137,3.1859259605407715,5.038374900817871,6.044578552246094,6.360177040100098,6.442890167236328,6.506099700927734,6.544069290161133,6
0.7428966578035877,285.2878825267732,324.6759018334629,2.3,2.1,0.0729408264160156,0.1038489341735839,0.1282477378845214,0.1364984512329101,0.1538655757904052,0.1713759899139404,0.188523530960083,0.2043900489807129,11
0.7817205,207.15693714,154.77077127,2.74409455,2.26652668,0.14717627,0.23028255,0.31218243,0.38828754,0.45966983,0.52734375,0.59077764,0.65083122,2
0.96675377,23.04016427,260.88551471,2.2,2.0,0.31694674,0.6287606,0.8381295,0.9743259,1.067426,1.1335955,1.1818671,1.2191885,21
0.9106839,53.43926096,229.92510573,2.4,2.1,0.2582531,0.4756143,0.6520548,0.7975447,0.9181094,1.0188987,1.1029718,1.1754956,10
0.67600254,159.67463341,115.76556817,2.5,2.9,0.25028682,0.43930626,0.6046455,0.7495415,0.8778014,0.9919672,1.0942638,1.1860213,16
0.98597562,19.61442947,1.85828352,2.57415628,2.34891677,0.58508253,1.40650654,1.95906186,2.30812621,2.55739379,2.75457358,2.91695189,3.0562489,18
0.55461311,293.66921412,167.63258086,2.77825898,2.07783757,0.12224698,0.17046547,0.21688271,0.25881743,0.29941535,0.3389864,0.37642264,0.41128731,2
0.664727,130.32336984,80.16534408,2.6,2.2,0.28524518,0.54150414,0.7517555,0.92902994,1.0785217,1.2071414,1.3191285,1.4165363,10
0.33705181,7.7972002,1.88799226,2.80224156,2.97884607,1.30721474,4.10495377,7.17047691,9.46374416,10.62300968,11.15906525,11.36139011,11.38338566,13
0.35594868,298.60607837,358.17473211,2.8,2.4,0.15187359,0.17285419,0.1962974,0.2193296,0.2414434,0.2596364,0.27736044,0.2938931,11
0.43143936,258.2134425,379.11499281,2.17788258,2.33359735,0.10427284,0.12250614,0.14141488,0.14752555,0.15718603,0.16620874,0.17678809,0.18604898,11
0.34906475,56.04840271,239.62468133,2.8,2.7,0.5705824,1.5264504,2.1723096,2.3343174,2.33683,2.3401144,2.3437188,2.347367,1
0.73868351,31.6100596,140.74070881,2.33366009,2.58824047,0.52641797,1.3131206,1.81001711,2.04724932,2.1835289,2.27742863,2.35422182,2.41988087,20
0.32181689,277.12885054,189.41272607,2.72761251,2.99427009,0.28505278,0.46418357,0.57732105,0.67199922,0.75325942,0.82380772,0.88617158,0.94199491,17
0.8356894029795712,3.8242059307266953,0.0113491501321438,2.758664062275175,2.2438722039609567,1.0296680927276611,2.901777744293213,4.19374418258667,4.876616477966309,5.302186012268066,5.646910667419434,5.906377792358398,6.098763465881348,5
0.45621396,114.40516514,27.19839516,2.9,2.9,0.56385994,1.4405684,2.034297,2.3285017,2.4997993,2.6284308,2.733379,2.826046,19
0.40067849,95.38676171,397.26895239,2.32185782,2.47699679,0.26423311,0.41095281,0.46656346,0.50664711,0.53990507,0.56799698,0.59172773,0.61315393,21
0.68442425,257.6733549,46.50103439,2.4,2.5,0.16500974,0.2686262,0.37103033,0.4665377,0.55558753,0.6395614,0.71863604,0.792768,16
0.98825481,117.90889325,258.0051995,2.4,2.8,0.16356635,0.25767064,0.3522141,0.43755817,0.5160749,0.5893481,0.65666914,0.71910405,17
0.50518679,37.6945499,107.17959842,2.2,2.3,0.6140759,1.5984342,2.1761186,2.3746617,2.444157,2.4915307,2.5314386,2.568083,0
0.74110925,286.27656974,218.84942036,2.3,2.9,0.12552285,0.16296029,0.20780563,0.24765205,0.29060054,0.3307469,0.367481,0.40454316,3
0.8164200039471744,1.9597198183850888,0.0152719271839682,2.33009939315909,2.9207193243317127,1.1778995990753174,3.684101104736328,5.919532775878906,7.203322410583496,7.794378280639648,8.100210189819336,8.324039459228516,8.498176574707031,12
0.64128034,150.58790538,325.71068004,2.96644439,2.67496507,0.20837545,0.30123448,0.38515067,0.45852852,0.5229435,0.5809052,0.63365769,0.6817987,17
0.8628040979479547,27.309800922801227,3.7505519282611353,2.0648679551254228,2.6312285923660927,0.5881366729736328,1.482668399810791,2.0496389865875244,2.389997720718384,2.6268255710601807,2.812894582748413,2.966379880905152,3.097001791000366,18
0.50992549,50.75416261,193.13191712,2.0,2.0,0.39916968,0.87331676,1.1132741,1.19340014,1.24051332,1.27634478,1.30653501,1.33125234,21
0.4787074383746086,0.7283717110546402,0.1436681938511427,2.5422438609686733,2.843292604129237,1.2909266948699951,4.36069393157959,8.02365493774414,11.36521816253662,13.493814468383787,13.550857543945312,13.556659698486328,13.56141471862793,12
0.9041940919912694,19.460883256732032,0.0748395324010769,2.239501369734833,2.020781155883816,0.5764575004577637,1.388075351715088,1.9039311408996584,2.223172664642334,2.4482011795043945,2.625706195831299,2.772061347961426,2.895981788635254,18
0.931060522271757,31.42949332180272,0.0146522542572547,2.498949722064383,2.2566668567459804,0.4980895519256592,1.1565024852752686,1.6216750144958496,1.9400639533996584,2.177597522735596,2.367889881134033,2.5274009704589844,2.664519786834717,18
0.4705887677281146,64.25679342868555,0.1171534043757534,2.7756645948171896,2.431421327508826,0.6805613040924072,1.851705551147461,2.6037635803222656,2.9592080116271973,3.1498990058898926,3.280240535736084,3.3843679428100586,3.478323459625244,22
0.5941066537376034,64.46940251027236,17.67454298460881,2.866860487498574,2.048797336614035,0.4893231391906738,1.1740572452545166,1.6182262897491455,1.8794143199920648,2.0586302280426025,2.2045161724090576,2.3190805912017822,2.4247162342071533,19
0.71658986,74.96226347,44.26627325,2.6,2.2,0.40798283,0.8948314,1.2460015,1.4955273,1.6858256,1.8396053,1.9670887,2.0756226,19
0.6789079,64.31399934,332.4242029,2.4,2.9,0.28428245,0.49222517,0.6183872,0.71070576,0.7813873,0.8389349,0.8856363,0.9242606,21
0.53636487,287.0682953,208.57738412,2.78408304,2.71728501,0.17193341,0.23926806,0.31037259,0.37786818,0.4382894,0.4942553,0.54695725,0.59613013,3
0.31046943,217.11325212,121.15645677,2.7,2.9,0.3800316,0.7748151,1.0160706,1.153583,1.2532349,1.3332453,1.4012251,1.4617758,10
0.7375970083863821,1.4510530907250272,0.1782175401949732,2.0086264024022937,2.892579292330854,1.187340497970581,3.868391513824463,6.5764899253845215,8.33401107788086,9.11684226989746,9.368858337402344,9.484935760498049,9.572607040405272,12
0.86091422,115.86771093,176.24082378,2.1,2.4,0.16993523,0.28038263,0.3863001,0.48153114,0.56825185,0.6469698,0.7186005,0.78400016,17
0.3052597134740926,241.0658631215757,303.0686343197448,2.4,2.6,0.2108693122863769,0.2764313220977783,0.3221352100372314,0.361100435256958,0.396484375,0.4291653633117676,0.4586195945739746,0.4856910705566406,4
0.52972599,5.91331676,60.63827422,2.6,2.3,1.0283153,3.0935595,4.8634863,5.8273525,6.043968,6.0774984,6.084179,6.085703,7
0.5273605210620682,6.909911128459122,0.0075034311066309,2.1642325074586823,2.3208224057642863,1.090257167816162,3.369687795639038,5.340278625488281,6.426118850708008,6.8171892166137695,6.958203315734863,7.045566558837891,7.117857933044434,5
0.9908075249703544,56.44795656557725,0.0100350262964718,2.080779640408092,2.81466899956526,0.3569886684417724,0.7471156120300293,1.0758662223815918,1.3487911224365234,1.5773603916168213,1.7713623046875,1.9386279582977293,2.084592580795288,8
0.7969671896947667,3.638708393868419,6.1961933195252925,2.6540482,2.91984534,1.124598741531372,3.423569679260254,5.318057060241699,6.344079494476318,6.826480388641357,7.127983570098877,7.365956783294678,7.542835712432861,6
0.54991202,212.95314038,386.9118182,2.9,2.7,0.17529988,0.21961975,0.26997566,0.31540537,0.35389733,0.39090562,0.42451,0.45639086,4
0.60497076,249.50117028,352.52024057,2.4,2.5,0.11215544,0.14358091,0.17237782,0.19392228,0.21718097,0.23975682,0.25990677,0.28003955,11
0.69652034,86.47421098,359.59519987,2.4,2.3,0.20176482,0.29507756,0.37111259,0.43386054,0.48738575,0.53352356,0.5747783,0.6102097,4
0.7864170459401855,3.4469913513421977,0.0290742895417377,2.574269216501836,2.570155392543952,1.117631912231445,3.344764471054077,5.096953392028809,6.011883735656738,6.476212501525879,6.791926383972168,7.047780990600586,7.23866081237793,5
0.4274002111278407,6.148525618130546,0.1291747861838775,2.417736214431181,2.657455053132603,1.192784070968628,3.854938745498657,6.632501602172852,8.57693862915039,9.440797805786133,9.556974411010742,9.57224464416504,9.593640327453612,12
0.92984609,275.53637717,76.00425322,2.3,2.3,0.1042707,0.17732286,0.24149823,0.3001852,0.36096716,0.42131114,0.47933555,0.53476524,2
0.742707567881518,278.2961683550505,301.4342909572107,2.2,2.1,0.0758073329925537,0.108776569366455,0.1355781555175781,0.1498777866363525,0.1715586185455322,0.1924691200256347,0.2124805450439453,0.2312750816345214,11
0.46104296,169.96575792,389.56887418,2.0,2.8,0.12716103,0.14327645,0.15770006,0.16510797,0.17300415,0.18014336,0.18797064,0.19365835,11
0.97899651,285.42121607,261.23922972,2.25094226,2.14949226,0.07352471,0.11621857,0.14993095,0.17017388,0.1987493,0.22819829,0.25707626,0.28421497,11
0.89336268,271.96500262,391.22985547,2.3,2.5,0.08150768,0.11100101,0.13511658,0.14221168,0.15639782,0.1741035,0.18989706,0.20399356,11
0.75099992,125.76562039,333.80842071,2.4,2.2,0.15375161,0.2171719,0.28102493,0.3367176,0.38716984,0.4329884,0.47479177,0.5132005,4
0.41594825,58.72864619,67.44563795,2.6,2.8,0.7108035,1.9638863,2.817018,3.1669297,3.29347,3.3569198,3.4073005,3.4546223,23
0.44546388,103.28160027,337.88754855,2.5,2.2,0.2746458,0.45427608,0.54753137,0.6128311,0.6651516,0.7081399,0.7442746,0.7754519,21
0.95826375,253.50338745,361.51821899,2.45469809,2.23449016,0.07726264,0.11417961,0.14083338,0.15323758,0.17200351,0.19332147,0.21483278,0.23336482,11
0.3445784699733712,21.66239489624989,1.1734857264803316,2.037590823137096,2.113006877891116,0.9693005084991456,2.9023094177246094,4.435547828674316,5.154796123504639,5.343439102172852,5.402434349060059,5.437361240386963,5.470434188842773,5
0.60594526,95.31203708,6.35208397,2.66585109,2.64498794,0.47728658,1.10871816,1.54489613,1.8238616,2.02694511,2.18506193,2.31592941,2.43070841,18
0.81677921,209.02872992,76.92271904,2.4,2.6,0.16368985,0.27227378,0.37784982,0.47797775,0.5721028,0.66094136,0.74395823,0.8229046,16
0.87051534,169.18161905,249.18143678,2.4,2.6,0.14136624,0.21464443,0.28669977,0.35334134,0.41632843,0.47597408,0.53099775,0.5830648,3
0.44333542,226.278264,382.51623754,2.49287202,2.36295194,0.12991571,0.14980054,0.17192459,0.18339086,0.19698167,0.21005058,0.22228312,0.23251247,11
0.8208052935403595,2.900254763010358,0.0086805136139675,2.7112799545700423,2.3375203418631303,1.0962285995483398,3.2012369632720947,4.771651268005371,5.584775924682617,6.049135208129883,6.40418815612793,6.697162628173828,6.9134016036987305,5
0.807463984180739,3.07617559839133,0.0061656964267591,2.7374964621996947,2.969093825019747,1.167402982711792,3.575825929641724,5.616107940673828,6.754946708679199,7.298466682434082,7.649832725524902,7.932353973388672,8.147821426391602,5
0.88502103,8.83300229,58.2023455,2.49921349,2.96789099,0.83913469,2.37926626,3.45012045,3.9785676,4.23976469,4.38937712,4.49947166,4.57471228,23
0.7403785740721985,2.6453983643294525,0.0039761312051892,2.286165344720643,2.7972783284305223,1.1627063751220703,3.644235849380493,5.866133689880371,7.135992050170898,7.695866584777832,7.954155921936035,8.133584976196289,8.282135963439941,5
0.35227606,62.49705505,113.58428955,2.02839661,2.80182791,0.65196013,1.85114479,2.66659689,2.91748524,2.94877291,2.96821594,2.9868269,3.00473356,0
0.4130181040908272,2.122436881425865,0.0120695979320925,2.1380287965588383,2.2293451048804784,1.1848278045654297,3.8925321102142334,6.848040580749512,9.257620811462402,10.469117164611816,10.51332664489746,10.52168083190918,10.528772354125977,12
0.35153544,87.60997009,4.13676977,2.95235634,2.77064848,0.76943636,2.17492437,3.18224955,3.63483381,3.80384445,3.89636469,3.96533871,4.02387857,22
0.6118868724433626,28.88636453452878,0.2319449345553089,2.828630912115073,2.022658095736003,0.7164139747619629,1.8845441341400144,2.613024473190308,2.9948976039886475,3.2280614376068115,3.39571213722229,3.524221181869507,3.6311891078948975,22
0.4424741656386478,47.46432874699536,0.022736976822146,2.98805129893252,2.307107439186889,0.7919070720672607,2.2242679595947266,3.188684463500977,3.652751445770264,3.888134002685547,4.030099868774414,4.1355180740356445,4.218265056610107,22
0.75570821,91.63819355,244.08873678,2.1,2.6,0.20370722,0.32593226,0.4318378,0.5212805,0.598341,0.6666205,0.7263961,0.78046465,17
0.40098184,115.8366598,315.49032365,2.5,2.9,0.3186307,0.5621581,0.6780324,0.7492409,0.8039572,0.8501184,0.88788605,0.91922045,21
0.87467806,222.80120602,335.98705572,2.50467918,2.09196022,0.08460903,0.12014794,0.14568496,0.16118073,0.18444324,0.20662189,0.22795343,0.2479167,11
0.54032546,175.80726126,67.65156219,2.7,2.5,0.31260467,0.5980594,0.8184309,0.9991493,1.1494107,1.2764091,1.3871591,1.4839802,10
0.3882191795046575,13.366948978984572,36.20488503992926,2.01879287,2.16894746,0.9346029758453368,2.823868751525879,4.346746444702148,5.059004783630371,5.210870742797852,5.242186546325684,5.25739049911499,5.268247604370117,7
0.4217292352048967,1.1433094522822216,0.0751629221668402,2.960065112725363,2.212187846392671,1.2357211112976074,4.049495697021484,7.193064689636231,9.915431022644045,11.527717590332031,11.557794570922852,11.566245079040527,11.573433876037598,12
0.75329131,188.28440857,75.06772614,2.02624297,2.21690655,0.14993215,0.25526047,0.35585737,0.44937634,0.53613329,0.61675215,0.69245028,0.76315308,16
0.44439189,7.5226623,286.90661611,2.6,2.2,0.60941553,1.6945529,2.4468675,2.5666876,2.5691638,2.5697083,2.5709167,2.5709891,1
0.3501983693043668,235.9276440620628,0.0468559705556266,2.1553983935792216,2.827339583891942,0.3735926151275635,0.8161404132843018,1.1124484539031982,1.304682731628418,1.448009014129639,1.5663576126098633,1.665869951248169,1.7492430210113523,8
0.82391891,300.0,74.23437617,2.0,2.0,0.08386302,0.14112496,0.19242978,0.23890328,0.28685379,0.33273816,0.37730789,0.42060637,2
0.60341951,180.14638257,279.40340489,2.2,2.1,0.13153863,0.18097305,0.2291441,0.2709713,0.31148744,0.34897614,0.38322234,0.4151597,4
0.76849383,3.60222888,76.02177429,2.71854997,2.50059938,0.97554278,2.82201552,4.24847317,4.94275761,5.19517136,5.29778767,5.3294239,5.33485699,7
0.99531646,109.02990448,298.35095616,2.6,2.6,0.16939235,0.264436,0.35824537,0.44448757,0.5232091,0.5954478,0.66191816,0.7237551,17
0.5124771351786194,85.35520712395157,0.0759547024042091,2.212952570333304,2.6592979901131963,0.5604853630065918,1.4563536643981934,2.011031150817871,2.288648128509521,2.466827392578125,2.601290225982666,2.7170238494873047,2.809859275817871,18
0.32185654,34.87252167,172.68716953,2.7,2.4,0.71656585,2.0609252,3.064246,3.4155772,3.431905,3.432031,3.4322183,3.43237,23
0.71505014,213.44335096,344.74200689,2.5,2.3,0.1140089,0.15487266,0.19448352,0.22798157,0.26225615,0.29437017,0.32479453,0.35364056,4
0.66490054,228.73259221,303.66237692,2.2,2.6,0.11181164,0.15033746,0.18636847,0.21448803,0.24193692,0.2697358,0.29677224,0.32223845,11
0.57945907,5.13693857,1.87812698,2.42123365,2.41001487,1.17319155,3.49082828,5.45965099,6.52598858,6.92376423,7.14082718,7.29092884,7.3902235,6
0.89869462,212.4554136,357.79813309,2.3,2.4,0.0895257,0.12752938,0.15877748,0.17966342,0.20352459,0.22825336,0.25320005,0.27664542,11
0.5637851107722242,62.372693134310495,0.0035031458454432,2.52629546879363,2.806502062094685,0.646209716796875,1.7496604919433594,2.465536594390869,2.8195509910583496,3.0267786979675293,3.1771960258483887,3.3032922744750977,3.4076943397521973,22
0.55114364,50.94668113,125.54807391,2.9,2.7,0.6112375,1.6441424,2.3403528,2.6386297,2.7682893,2.8486984,2.9164178,2.975846,23
0.92410366,61.63488274,51.80302225,2.46401399,2.6143224,0.35602093,0.73535371,1.04416418,1.29588485,1.50219464,1.67461491,1.82088852,1.94769526,9
0.4010428715895325,2.752047800705318,0.0155807758121771,2.4039542296256293,2.4659186205356214,1.2261412143707275,4.040760040283203,7.195499420166016,9.752798080444336,11.153238296508787,11.222095489501951,11.22793674468994,11.232953071594238,12
0.8343696786840109,1.023640678616185,15.766770224501382,2.5,2.5,1.158944606781006,3.6190223693847656,5.848291397094727,7.166375160217285,7.743205070495605,7.994479179382324,8.165952682495117,8.294461250305176,14
0.34114037,205.25164657,222.44735728,2.0,2.2,0.18267393,0.23821425,0.2858832,0.3270793,0.36341095,0.39628887,0.42523766,0.45187092,3
0.4683027226692733,91.91111155873708,395.2391295155396,2.18440247,2.4114871,0.2350449562072754,0.3423008918762207,0.3962016105651855,0.4384832382202148,0.4741168022155761,0.5051589012145996,0.5317225456237793,0.5549027919769287,4
0.4007259528840353,17.268075319957084,6.147466113877711,2.91636925,2.5242597,1.074589729309082,3.279160499572754,5.198665142059326,6.256471157073975,6.6115803718566895,6.762834072113037,6.875133991241455,6.948126316070557,6
0.86304796,292.19473267,126.00535583,2.65739274,2.71055889,0.14802337,0.20975614,0.27432775,0.35175371,0.42401505,0.49023414,0.55379367,0.61573911,2
0.94475913,100.71584291,131.35964802,2.9,2.1,0.22358704,0.40913105,0.5837612,0.74237514,0.88594055,1.016994,1.1353238,1.2429125,17
0.58765424,276.81203452,31.20860622,2.6,2.7,0.20324516,0.3317194,0.45614052,0.5696819,0.67422485,0.7704854,0.85931706,0.94253707,15
0.31194842,15.70462418,26.93968582,2.86614442,2.57373548,1.13020635,3.41836715,5.54252243,6.85539341,7.2151432,7.26943588,7.31664276,7.33931351,7
0.951795670535322,110.8819633586229,0.0075269804847712,2.446636929380814,2.766255994291306,0.269798994064331,0.5095334053039551,0.7344033718109131,0.9375956058502196,1.1196446418762207,1.2842044830322266,1.4323179721832275,1.5659847259521484,8
0.75806105,137.92068481,161.67230225,2.95793724,2.85906935,0.2666564,0.46986485,0.64889622,0.80687976,0.94602418,1.07076168,1.1817503,1.28108406,10
0.7225807,185.60932999,289.56180531,2.10203746,2.0968309,0.10005856,0.14202714,0.17870235,0.20983696,0.24219728,0.27251577,0.30100703,0.3283093,11
0.70584595,224.67454529,77.23108673,2.17680788,2.10212827,0.13273883,0.21789002,0.29842901,0.37440896,0.44642949,0.51386046,0.5773325,0.63698363,2
0.30393457,282.79632568,289.65585327,2.53740048,2.01497841,0.1207583,0.13621616,0.14881706,0.15443635,0.16619015,0.17496324,0.18311572,0.19046497,11
1.0,217.65016073,226.5309715,2.0,2.14837417,0.08080339,0.13184094,0.17677283,0.21349907,0.25439119,0.29379487,0.33136702,0.36796927,3
0.705259,60.50441876,198.27050047,2.0,2.4,0.29181886,0.54987955,0.72833633,0.85804963,0.9584894,1.0372901,1.1023004,1.1544838,10
0.85078019,139.27626038,58.329319,2.19010925,2.18111992,0.18677974,0.33069563,0.46629453,0.59124303,0.70576739,0.81110311,0.90736246,0.99655032,16
0.39320916,10.69990349,2.28844428,2.03472233,2.21149993,1.1060884,3.32096386,5.25071812,6.29488134,6.57850504,6.65827036,6.70256186,6.72005224,6
1.0,23.75762713,308.12718237,2.0,2.0,0.24549603,0.42803264,0.55145121,0.6388247,0.70130229,0.74649024,0.77860284,0.80251241,21
0.35255393,1.34226847,18.0246067,2.04951119,2.38319278,1.20039654,3.81472254,6.69347048,8.9406395,10.27541161,10.96721649,11.2412529,11.28191757,14
0.52054371,155.95407644,215.92300672,2.04723263,2.52657509,0.22383094,0.36623955,0.480443,0.57735133,0.66050816,0.73319435,0.79669571,0.85437489,17
0.44470423,258.94491577,9.15062141,2.29417801,2.10110092,0.20622277,0.34081125,0.45918798,0.56327844,0.65544653,0.73841763,0.81318617,0.88116241,15
0.35618983,254.70585393,87.69277292,2.64036288,2.61340888,0.29694104,0.52803826,0.68503404,0.81080198,0.91569042,1.00543332,1.08241034,1.14981556,10
0.4899919,19.89852905,44.67264938,2.98820877,2.56745672,0.95501471,2.75862789,4.13889933,4.80767584,5.06546593,5.20189667,5.27056026,5.30666828,7
0.33017504,228.32643842,240.80870925,2.8,2.2,0.24925065,0.3904693,0.4792161,0.55255723,0.6156752,0.6711595,0.71973324,0.7642405,17
0.9301526,89.97698975,20.40100479,2.05251122,2.55047393,0.25661731,0.49338126,0.70799685,0.8993907,1.06923962,1.22083998,1.35488439,1.47463369,9
0.84763602,223.32463859,62.50906497,2.9,2.6,0.18324828,0.3062141,0.425797,0.54548144,0.65589285,0.7600534,0.85834527,0.9518616,16
0.8518250981794675,193.1554432333849,0.0156363956069172,2.829174323163528,2.65056780195846,0.2156031131744384,0.3752748966217041,0.532634973526001,0.6813793182373047,0.8179850578308105,0.9457879066467284,1.0645802021026611,1.1748268604278564,15
0.4145227684208921,216.2223442997009,0.6277902730094287,2.0623545437110264,2.891461780548191,0.3512105941772461,0.7455596923828125,1.0246102809906006,1.226499319076538,1.384031057357788,1.514439582824707,1.6252524852752686,1.7195396423339844,8
0.97614043276937,272.51084719381373,370.8010884471996,2.1,2.3,0.0635983943939209,0.0973269939422607,0.1263191699981689,0.1357483863830566,0.1518185138702392,0.1693053245544433,0.1884865760803222,0.2058582305908203,11
0.39875018,40.97722206,73.57855235,2.0,2.3,0.678741,1.7950761,2.4610765,2.6786978,2.7469857,2.785401,2.818226,2.8472116,0
0.7953913516892922,6.769260791589601,0.0040124143081579,2.6754469818203304,2.097505566393393,0.9282078742980956,2.520183086395264,3.560676097869873,4.111449718475342,4.466832637786865,4.724087238311768,4.908900737762451,5.05839204788208,5
0.40796149,202.9886322,381.37039185,2.05499768,2.27659249,0.12084055,0.13698697,0.15325308,0.16214895,0.17433596,0.18537283,0.19594789,0.20560527,11
0.6441974694261642,60.73516547021833,0.0983016515967176,2.9101626488854384,2.0543215322028985,0.4864735603332519,1.1559600830078125,1.603872299194336,1.880162239074707,2.0775704383850098,2.236577033996582,2.366628170013428,2.477818965911865,18
1.0,252.37890655,185.53995121,2.0,2.0,0.07247376,0.12048793,0.16202545,0.19769001,0.23551774,0.27193117,0.30741763,0.34251857,11
0.37635469,11.27809143,2.29478121,2.27609754,2.16877484,1.11965227,3.33110929,5.24006367,6.28563118,6.59953308,6.70561028,6.78406525,6.8171978,6
0.82705824,296.59317493,158.22583572,2.24969472,2.82842019,0.11813498,0.18899846,0.24766469,0.31177831,0.37593555,0.43592024,0.49245477,0.54741335,2
0.59206415,70.01680891,53.94725461,2.5,2.2,0.4950254,1.1948607,1.6346009,1.8732014,2.0313911,2.1532583,2.2566342,2.3422265,19
0.5144670873514767,5.038688202038497,10.003786444720838,2.54432678,2.13774657,1.0931189060211182,3.3619346618652344,5.382719993591309,6.558599472045898,6.998444557189941,7.143439292907715,7.238804817199707,7.308900833129883,6
0.39047798,17.70576624,24.82479405,2.4,2.3,1.0201972,3.0131023,4.6083755,5.3934603,5.582219,5.6505756,5.6821785,5.698825,7
0.318644819604984,8.396631145774764,80.31466803589264,2.9,2.4,0.9646561145782472,2.9674220085144043,4.79965353012085,5.867275714874268,6.088990688323975,6.108933925628662,6.121942043304443,6.1242194175720215,7
0.7273708,197.69465637,273.57373047,2.12517118,2.43228674,0.12150478,0.1758244,0.22976732,0.27846837,0.32468677,0.36825919,0.40923691,0.44810557,4
0.7061021939088544,2.3320206374414645,0.1063814454461839,2.449426695195588,2.7902757677093426,1.2024931907653809,3.806825637817383,6.260726451873779,7.744127750396728,8.391599655151367,8.656469345092773,8.84019660949707,8.986787796020508,12
0.96766859,129.40861511,2.23696804,2.10055351,2.49294376,0.19397998,0.35653043,0.51170254,0.65724397,0.79273057,0.91900015,1.0358088,1.14413953,15
0.8554299193182214,166.98726664409529,0.0100334838347734,2.720103113298577,2.267885178293972,0.2022151947021484,0.359241247177124,0.5119962692260742,0.6536242961883545,0.7847774028778076,0.9066174030303956,1.0191733837127686,1.1237905025482178,15
0.73643153,203.1252765,394.46612421,2.1,2.6,0.08910274,0.11651206,0.13678408,0.14240289,0.15581775,0.16839004,0.18115425,0.19173169,11
0.5608111,49.56721878,14.60521889,2.47387886,2.52006197,0.67696309,1.80599976,2.51428127,2.84191179,3.01854134,3.14681482,3.2446332,3.33344269,22
0.85295637,180.75858464,319.53269856,2.3,2.9,0.12718058,0.16950703,0.21573973,0.2553208,0.29570603,0.3334148,0.36784053,0.40134072,4
0.39236658,3.30101474,120.49474748,2.84537795,2.40704429,0.89897442,2.73403478,4.36238956,5.21855736,5.3584547,5.38742638,5.39053535,5.39091015,7
0.65191724,263.78009979,97.39469605,2.30637622,2.36227922,0.1409111,0.22209883,0.30144405,0.37488055,0.44513965,0.51076674,0.57277083,0.63101649,2
0.72136162,201.22440985,354.12045922,2.3,2.2,0.09982943,0.13352227,0.16527748,0.1876986,0.2124002,0.2353487,0.25829673,0.27965426,11
0.70759002,32.3989948,158.05093161,2.4553018,2.005,0.43733573,0.99284601,1.32613945,1.48493171,1.57877636,1.64958715,1.70464849,1.74889374,20
0.91836352,239.93316129,294.69049889,2.3,2.2,0.08433676,0.12840533,0.16562486,0.19261551,0.22388864,0.2548852,0.28549004,0.31433702,11
0.5987336984548634,46.61598812641754,0.7099051758118459,2.822819215822049,2.115307942579143,0.607158899307251,1.5509231090545654,2.135655641555786,2.454261541366577,2.6579506397247314,2.8089759349823,2.9386818408966064,3.042467832565308,18
0.31655623,102.32682874,259.03448767,2.2,2.1,0.33519244,0.6406646,0.7728648,0.8168454,0.84749985,0.87547135,0.89740396,0.9168577,21
0.66121173,188.94299316,122.57453156,2.71062517,2.04121614,0.16489744,0.25961471,0.35154462,0.43554282,0.51206493,0.58211923,0.64708638,0.70762777,16
0.42977266,30.54107378,213.23731214,2.03764346,2.36820581,0.55290461,1.44448781,1.95787382,2.02403975,2.02495003,2.02552748,2.02601576,2.02661705,1
0.5400831840332241,4.571508888859707,0.1578571639820362,2.3321229774735244,2.586015042855111,1.1711583137512207,3.723979949951172,6.193614959716797,7.762930870056152,8.381756782531738,8.535923957824707,8.61474895477295,8.684908866882324,12
0.36840799,207.25744629,383.68164062,2.059407,2.75956416,0.17612982,0.21345282,0.24823713,0.27660584,0.30333471,0.32813907,0.35095859,0.37184525,4
0.5333139611410291,58.57703017896205,0.0475515955414737,2.6148072987740774,2.941880137702355,0.716059684753418,2.028584241867065,2.9197371006011963,3.346740961074829,3.563948392868042,3.70754075050354,3.827553987503052,3.928983449935913,22
0.59705556,83.54263364,46.9432395,2.9,2.9,0.53012943,1.2987175,1.8318844,2.1373844,2.3403492,2.493998,2.6218681,2.7313218,19
0.50249016,80.37789917,10.33753681,2.28208017,2.60909843,0.58218288,1.49909663,2.05881619,2.3219564,2.48325133,2.6000874,2.70049977,2.78772092,18
0.3425184340589619,91.76282061125023,0.0061917588505376,2.3517575708022203,2.609559090762964,0.6971383094787598,1.9795427322387693,2.8302764892578125,3.174678325653076,3.3068761825561523,3.3889384269714355,3.460141658782959,3.523336887359619,22
0.77571643,220.8686192,292.57548321,2.2,2.1,0.08998465,0.1314323,0.16778779,0.19515967,0.22658968,0.25628018,0.2844391,0.3113234,11
0.7227538,210.75715986,260.92389768,2.1,2.8,0.11567068,0.16123319,0.20390558,0.24142838,0.27856398,0.31454897,0.34866548,0.38060474,4
0.4214212061433017,75.5384748682557,65.85846631417456,2.076551544611365,2.5736926350861857,0.5864148139953613,1.5983457565307615,2.21773362159729,2.44807505607605,2.552529573440552,2.6328608989715576,2.7000186443328857,2.7586238384246826,0
0.40950424,90.15982699,233.44299511,2.8,2.4,0.43780828,1.0256264,1.3800461,1.5091159,1.5683916,1.614896,1.6532805,1.6870053,1
0.5987800550014933,45.763987374176736,105.18115064057643,2.119260431288533,2.3482912334731165,0.5170276165008545,1.3016133308410645,1.7671449184417725,1.980015993118286,2.102147340774536,2.196523427963257,2.274897336959839,2.3410298824310303,20
0.45108377,90.36044777,380.05958583,2.16353611,2.74547327,0.28445745,0.48346376,0.58029222,0.64012218,0.68728447,0.72514844,0.7565136,0.78259516,21
0.31812936,118.5959549,360.89761353,2.71938181,2.23321748,0.25467038,0.35000277,0.37594295,0.39712286,0.4159677,0.43281031,0.44767618,0.46067023,4
0.5722146707314472,15.721480658129828,0.2245441457889248,2.4969568809038227,2.257049292522727,0.9404697418212892,2.685132503509521,3.9012155532836914,4.475214958190918,4.764282703399658,4.946513175964356,5.082377433776856,5.16956090927124,5
0.84598273,126.28125,60.25631714,2.28780508,2.7121923,0.24340463,0.44801426,0.63719177,0.80714846,0.95996571,1.09770727,1.22220731,1.33417749,10
0.5472213,123.32091522,397.01766968,2.04255342,2.40797329,0.16005111,0.19689536,0.23392797,0.26514244,0.29284215,0.31786132,0.34062076,0.36121726,4
0.57264082,295.2795454,288.28680532,2.9,2.9,0.16128635,0.20574927,0.26299477,0.31795406,0.36407518,0.40920806,0.4516027,0.4917519,4
0.76887871,100.92925628,69.68100859,2.6,2.0,0.2825668,0.5481553,0.772387,0.96232057,1.1245575,1.2633038,1.3836689,1.4888203,10
0.5660648316680683,12.758982368188208,0.6838669323423169,2.6792752871943475,2.40811603514756,1.012617588043213,2.9688491821289062,4.429225444793701,5.143530368804932,5.47494649887085,5.69599199295044,5.850267887115479,5.9665703773498535,5
0.6492047,145.46824033,314.95905333,2.8,2.7,0.21820712,0.33038402,0.4282353,0.5140445,0.58929443,0.6568291,0.717875,0.77332425,17
0.951317648288682,0.777067865644631,0.081318426481766,2.8884144836489014,2.747437479009489,1.2339177131652832,3.80983304977417,6.081247806549072,7.422903537750244,8.113821029663086,8.557443618774414,8.962139129638672,9.319169998168944,12
0.83214429,279.27823598,319.67142835,2.1,2.5,0.07689023,0.11189723,0.13558865,0.1451447,0.16529727,0.18635464,0.20610094,0.2234006,11
0.3758091335128866,0.7908249789854012,0.0085808052653897,2.179042255801978,2.5829100125982345,1.2433416843414309,4.2199249267578125,7.74653434753418,11.024351119995115,13.148229598999023,13.19057559967041,13.198390007019045,13.204998970031738,12
0.75991628,222.21083258,239.05721104,2.9,2.9,0.17550969,0.2566135,0.34490848,0.4294269,0.50479746,0.57695174,0.6441598,0.7078111,17
0.3880022099831856,1.1024976974350418,0.0034725702377386,2.253498898658311,2.322248509120448,1.2256295680999756,4.083410263061523,7.363577842712402,10.252522468566896,11.845582962036133,11.880685806274414,11.886324882507324,11.891050338745115,12
0.80283298,170.47399755,347.84263766,2.87252495,2.74361165,0.1582005,0.21818471,0.28068614,0.34250164,0.3967793,0.44692802,0.49411774,0.53779078,4
0.43099974,106.54621332,256.58269816,2.27673985,2.44494438,0.32684827,0.62002063,0.78425884,0.88106847,0.95175123,1.00762916,1.05278015,1.09170508,21
1.0,82.07239272,400.0,2.0,2.0,0.09964061,0.13205266,0.15836763,0.18021989,0.20265365,0.2225616,0.24108982,0.25863814,11
0.6852114516526807,0.7810291417719571,0.2456648712024138,2.8227646356573324,2.0220086296826585,1.1820762157440186,3.742429494857788,6.307870864868164,8.098917007446289,8.981551170349121,9.150866508483888,9.178278923034668,9.232263565063477,13
0.90292943,158.25561523,335.25656128,2.74882078,2.47881246,0.1397841,0.19158792,0.24681735,0.29985929,0.35044909,0.39612484,0.43869209,0.47897792,4
0.31271632,24.21393979,107.92846121,2.41352704,2.18336399,0.79907823,2.25571704,3.2975142,3.66529298,3.72435975,3.72528052,3.72680497,3.72866082,23
0.98148125,89.32514954,363.8482666,2.84697533,2.47961068,0.17129254,0.2490809,0.32641625,0.39430451,0.45567274,0.51050401,0.56002331,0.60542774,4
0.86282997,191.07690116,204.72910643,2.9,2.6,0.17028594,0.2684803,0.36531448,0.46248293,0.5506308,0.6331732,0.71116424,0.7849405,17
0.58574398,256.72072289,346.97033398,2.7,2.7,0.14474726,0.178895,0.21774268,0.25983238,0.2949307,0.32717943,0.35810804,0.38713336,4
0.41780418,194.8510437,183.50970459,2.09714103,2.44699621,0.23527336,0.37847924,0.48709512,0.5776248,0.65597796,0.72390604,0.7846849,0.83698082,17
0.7753167167273035,1.044368331007842,0.0077248282936405,2.753126943546102,2.2276655308635216,1.1877713203430176,3.6904373168945312,5.96890926361084,7.36525821685791,7.970758438110352,8.287149429321289,8.53748607635498,8.724360466003418,12
0.7078944842382471,7.749365873709259,0.0043630762274593,2.318069787884744,2.979989939576739,1.0481600761413574,3.188972949981689,4.902381420135498,5.776547431945801,6.149238586425781,6.361537933349609,6.522218704223633,6.634448051452637,5
0.4927788361470014,1.2843966029093723,0.2574521240067788,2.245845127944674,2.808837330408145,1.252918720245361,4.207558631896973,7.636592864990234,10.58273220062256,12.391685485839844,12.472867012023926,12.479453086853027,12.484906196594238,13
0.32823684,239.65264342,64.98269801,2.3,2.8,0.3043828,0.55016613,0.70924807,0.8305733,0.92821026,1.0105159,1.0803194,1.1411729,10
0.76794452,69.25853431,25.41544099,2.6,2.6,0.43318272,0.9588785,1.3485856,1.6306479,1.8469841,2.0208094,2.1644695,2.2884538,19
0.46573996,83.08762596,145.4078796,2.5,2.1,0.44832134,1.0611343,1.4268217,1.5807455,1.672904,1.7428443,1.8011239,1.8501592,0
0.43676175,88.20764877,335.92376283,2.5,2.6,0.3262384,0.5952554,0.72570086,0.79219866,0.83882093,0.8776591,0.90910554,0.93579745,21
0.6823735829071262,19.7404612466404,0.0357963280797824,2.3377235479185656,2.275601602876557,0.7922585010528564,2.1511778831481934,3.0033273696899414,3.422490119934082,3.6594958305358887,3.818780899047852,3.949361801147461,4.046645641326904,22
0.337266532599063,104.58801909259788,0.0406585395357107,2.553339891155002,2.737874205832353,0.6846575736999512,1.9460678100585933,2.8011069297790527,3.158236503601074,3.296375274658203,3.386025905609131,3.461892604827881,3.52713394165039,22
0.977227223855795,112.15356824380429,0.1043336826101,2.7254416765448743,2.9647130991244777,0.2876856327056885,0.5409042835235596,0.7807152271270752,0.9982736110687256,1.194228172302246,1.3717939853668213,1.5319373607635498,1.67641282081604,8
0.81160831,6.3899312,13.52332211,2.46905327,2.5105238,0.98504496,2.77236605,4.0049963,4.61451817,4.9290905,5.12808037,5.26279068,5.36226177,6
1.0,151.26272715,175.078749,2.0,2.0,0.10532308,0.17626905,0.24172926,0.30406499,0.36451364,0.42132497,0.4748857,0.52612805,3
0.5522992,26.7375271,62.0384832,2.1,2.9,0.71619654,1.892612,2.631761,2.965073,3.1356592,3.226718,3.2896833,3.3439617,23
0.7125322750676353,1.1186880776417054,119.5004158008898,2.385029500314786,2.472732185706477,0.8924429416656494,2.72265887260437,4.312960624694824,5.123787879943848,5.240666389465332,5.254166603088379,5.254664421081543,5.254791259765625,7
0.30971727,57.54709443,356.0321237,2.59571907,2.65857455,0.43708968,1.00854516,1.31144667,1.33340478,1.33436227,1.33479095,1.33538985,1.33587074,1
0.9687797,173.30104491,231.62968518,2.1,2.7,0.1154058,0.1756742,0.23130012,0.28402257,0.33555865,0.38540673,0.43185997,0.47608757,3
0.38053188,42.19764579,104.01508018,2.0,2.4,0.6384454,1.6730936,2.2762005,2.4543607,2.4951518,2.5187109,2.5403078,2.560249,0
0.69243026,6.33705711,19.9751873,2.68551588,2.59823728,1.07322574,3.11606812,4.67649078,5.47248745,5.81141853,6.02683163,6.16221619,6.25588799,6
0.58496986,109.74735803,28.09973413,2.8,2.1,0.40850735,0.9122224,1.265115,1.5066667,1.6915071,1.8392191,1.9590199,2.0625231,19
0.4705117372603337,29.22118062134377,0.4918764792837666,2.157409051456761,2.6101985489003217,0.892707347869873,2.645006895065308,3.926360845565796,4.490006446838379,4.694967269897461,4.807275772094727,4.875388145446777,4.934230804443359,22
0.59746497,154.58781101,295.25237194,2.5,2.6,0.2002604,0.29242277,0.37497926,0.4455595,0.50895524,0.5657382,0.61718893,0.6646502,17
0.69978781,226.45694726,181.33856496,2.6,2.1,0.13824749,0.215523,0.29112792,0.36144137,0.42784023,0.4905045,0.5490334,0.60441685,3
0.3227667702226862,62.31618433352102,0.6062657820314407,2.6212568575950943,2.333514769956491,0.8098127841949463,2.3274943828582764,3.393085241317749,3.847690343856812,4.035447120666504,4.124668121337891,4.180444717407227,4.233709335327148,22
0.36370021,84.54281616,37.83882523,2.21086264,2.67936707,0.66277051,1.84024858,2.5975647,2.86788797,2.95758915,3.01862192,3.07338095,3.12304068,23
0.5667311565822064,6.797472791598263,26.32446280955048,2.5,2.5,1.054114580154419,3.218743801116944,5.059524059295654,6.045461654663086,6.384100914001465,6.51992130279541,6.605124473571777,6.65473747253418,7
0.3259204861806896,1.4555179290074065,0.0198738246095674,2.801622801518408,2.6617448409869624,1.2895073890686035,4.329231262207031,7.910507202148437,11.206562995910645,13.246115684509276,13.282273292541504,13.288973808288574,13.294596672058104,12
0.99292129,118.63609314,252.19854736,2.19648862,2.02262712,0.1180706,0.18412948,0.24552822,0.30286264,0.35817552,0.40885615,0.45591307,0.49979472,4
0.7325001744887059,243.63918768290856,334.5811288584179,2.0083663,2.0226421,0.0683753490447998,0.0964887142181396,0.11895751953125,0.129993200302124,0.1474950313568115,0.1629664897918701,0.1780562400817871,0.1934554576873779,11
0.30002269,206.09021002,201.72643438,2.66268832,2.77615091,0.34354734,0.65128064,0.82174635,0.92465639,1.00334835,1.06757879,1.12106133,1.1664741,21
0.50958717,282.28179579,219.17719643,2.9,2.9,0.19922781,0.27872396,0.36342978,0.4387567,0.5059922,0.5692837,0.62736154,0.68187594,17
0.9993,299.68904424,397.76261377,2.03977077,2.005,0.04676819,0.07169628,0.09153128,0.09524536,0.10569429,0.1125958,0.11770391,0.12661695,11
0.49074606,80.43351136,205.46258246,2.4,2.5,0.39689064,0.85844445,1.1331835,1.2633028,1.3449371,1.4080272,1.4610865,1.5038028,21
0.9550562100619288,7.238714174785211,1.3874028170582553,2.4539860501262947,2.9478522560299223,0.8956506252288818,2.542997360229492,3.6680407524108887,4.259485244750977,4.604391098022461,4.845284938812256,5.037675380706787,5.190247058868408,5
0.36637556,169.38630012,233.66479998,2.4,2.1,0.2533257,0.40611458,0.5007551,0.57541347,0.63873553,0.6917975,0.7374277,0.7784498,17
0.7107044266102924,2.321994417060713,0.0284284618195562,2.551944552295008,2.975348757107275,1.2209811210632324,3.888763427734375,6.479864120483398,8.08687973022461,8.80610466003418,9.10230541229248,9.28700065612793,9.441862106323242,12
0.87677432,47.44469408,196.73055951,2.3,2.9,0.32274985,0.6433196,0.8825724,1.0638771,1.2040267,1.315712,1.4075441,1.485177,10
0.6803782492210529,3.220047675193596,0.4606247296335089,2.3749217423159674,2.263119399254459,1.1199109554290771,3.3950674533843994,5.296178817749023,6.320365905761719,6.765024185180664,7.024955749511719,7.218019485473633,7.364507675170898,5
0.38589226,192.12599435,96.92301682,2.6,2.1,0.32057214,0.6218326,0.8242886,0.968014,1.0794523,1.1718202,1.2491581,1.3154104,10
0.5289528865127787,17.987511869453492,0.011463831455009,2.665109247386932,2.859420192228947,1.0233423709869385,3.093743801116944,4.76329231262207,5.602383136749268,5.934582233428955,6.129843235015869,6.2609171867370605,6.360226154327393,5
0.56358258,265.03502744,370.18616282,2.7,2.6,0.13208485,0.16184258,0.19019341,0.2244482,0.2535901,0.27812743,0.3025961,0.32586288,11
0.70668739,284.67825317,71.46814728,2.10596204,2.20503139,0.11221027,0.18361616,0.24913645,0.30941391,0.37024403,0.42803669,0.48327017,0.53549981,2
0.96988375,243.39619779,140.75180679,2.45856469,2.46301076,0.11937618,0.19451094,0.26125813,0.32704115,0.39329433,0.45689344,0.51751494,0.57556438,2
0.60388727,198.51884321,135.85217644,2.5,2.5,0.21245837,0.34745216,0.47246265,0.5821159,0.6805017,0.77022624,0.8517742,0.92611337,17
0.9875622234243676,182.09520393756017,0.1233028560289399,2.9823083100581345,2.5875664023750744,0.1958365440368652,0.3403797149658203,0.4825892448425293,0.6235134601593018,0.7539587020874023,0.8772075176239014,0.993474006652832,1.103416919708252,15
0.51107734,173.52894592,215.76445007,2.62311888,2.62377691,0.25674868,0.42604518,0.5542357,0.66305614,0.75643492,0.83841276,0.91031766,0.97473788,17
0.3,132.51935384,95.18851534,2.0,2.0,0.40287638,0.8857224,1.12061381,1.20559859,1.26391315,1.31228137,1.35299063,1.3872323,21
0.4271392642767235,1.7457717882358073,25.514796407816885,2.739166555239831,2.143879766525481,1.1201131343841553,3.5777781009674072,6.147477149963379,8.040925025939941,8.865676879882812,8.922696113586426,8.922887802124023,8.923152923583984,14
0.54612423,158.89707512,215.23404819,2.2,2.2,0.192456,0.29223037,0.3808329,0.45676184,0.5235295,0.5826831,0.6365955,0.6847398,17
0.71419478,54.53087405,7.92500483,2.0,2.4,0.4508779,1.017246,1.3982046,1.6424005,1.8235838,1.9730155,2.0931756,2.19679,18
0.51742086,40.78704209,99.64598699,2.2,2.9,0.6169565,1.6014051,2.2065258,2.4564986,2.5729952,2.643681,2.6999173,2.747971,0
0.96948665,113.78883124,350.59102394,2.7,2.7,0.17011309,0.25275183,0.3354957,0.41321826,0.48294163,0.54611444,0.60454774,0.65846944,4
0.51647636,293.59356913,361.13988041,2.8,2.4,0.12385607,0.15246129,0.1773305,0.20635319,0.23474622,0.25844336,0.28089046,0.30258942,11
0.99005938,231.52777816,300.197449,2.8,2.5,0.13393116,0.17205453,0.21394396,0.27118564,0.32459068,0.37147117,0.41739297,0.46176553,4
0.41504364,94.92740864,285.84500055,2.4,2.6,0.3397329,0.6450155,0.80019426,0.8752332,0.92871356,0.9705255,1.006984,1.0379059,21
0.45929009,34.13301004,27.84242341,2.1,2.3,0.7704413,2.0767872,2.888706,3.2119496,3.3477128,3.4203608,3.4715927,3.518502,23
0.46673267,263.53079874,124.93644541,2.01386959,2.32784839,0.16272974,0.24369407,0.32307005,0.39313436,0.45692039,0.51551151,0.57001448,0.62059379,2
0.7268366879016971,29.74574202790902,0.0049368712107311,2.230012801208946,2.041597258062258,0.6007957458496094,1.491838455200195,2.026597023010254,2.3283987045288086,2.530436992645264,2.683533191680908,2.8144097328186035,2.9234261512756348,18
0.98882527,41.6000043,100.29024702,2.34036972,2.44811194,0.35913658,0.75021195,1.05850625,1.3011353,1.49396205,1.65279818,1.78443384,1.89639854,10
0.30808782,94.61953824,235.81860904,2.0,2.9,0.36386323,0.7211726,0.8712392,0.9076185,0.9355931,0.9573803,0.9763036,0.9930053,21
0.588012823948564,46.765024492812096,123.42680289019928,2.438246873748229,2.052712211560708,0.4577648639678955,1.091031551361084,1.465193271636963,1.6427206993103027,1.7488536834716797,1.8336505889892576,1.9029598236083984,1.961030960083008,20
0.78897291,213.72845497,398.78071596,2.11676925,2.70868311,0.09683061,0.13387585,0.16652465,0.19390965,0.2221868,0.24838781,0.27350855,0.29771852,11
0.96078438,255.79364014,281.81896973,2.13088346,2.35080385,0.08017397,0.12607694,0.16502738,0.19256973,0.22427678,0.25720739,0.28992605,0.32049489,11
0.75521994,187.24443054,12.55150318,2.12562251,2.19270539,0.17463422,0.3057456,0.43074608,0.54630446,0.6532712,0.7527411,0.84486246,0.92963672,15
0.51014627,36.82930249,138.18884866,2.7,2.4,0.6557288,1.8128378,2.587427,2.8659914,2.9372947,2.972018,3.0016959,3.0288131,0
0.9441082399795716,7.856377918774384,0.0253048954042424,2.8126572283279327,2.5526330075630783,0.8640792369842529,2.339771509170532,3.3088395595550537,3.8537757396698,4.199790954589844,4.457046508789063,4.657215118408203,4.820818901062012,22
0.63885657,259.03466865,206.5625713,2.2,2.7,0.12648225,0.18023229,0.23251772,0.27869081,0.32267404,0.36583543,0.40647697,0.44510674,3
0.82722217,297.88772583,0.56412542,2.00702786,2.10894251,0.09687781,0.16826653,0.23362851,0.29455185,0.355968,0.41471672,0.47188473,0.5269208,2
0.998312,249.24685364,148.49087044,2.2,2.7,0.11326599,0.17606807,0.23390341,0.28867388,0.34399724,0.40011358,0.45325255,0.50409174,2
0.857981283826298,155.1140507790248,0.796948751072202,2.6819706409294364,2.111376692046996,0.1931984424591064,0.3450953960418701,0.4918844699859619,0.6282682418823242,0.7533788681030273,0.8698990345001221,0.9770216941833496,1.076371669769287,15
0.3568446,41.23873915,238.91053986,2.78894856,2.23723854,0.51685452,1.28334808,1.71180534,1.75848675,1.75955868,1.76025534,1.76107502,1.76183891,1
0.9547263582159082,19.482666257666576,0.0077121135892067,2.9236654511787066,2.340047911931052,0.6173913478851318,1.5265212059020996,2.141861915588379,2.527327060699463,2.8006186485290527,3.012347221374512,3.1870760917663574,3.3380274772644043,18
0.59347522,243.99845886,271.55609131,2.67582273,2.40335441,0.1369524,0.18495584,0.23319674,0.27640438,0.31743836,0.35593653,0.39144993,0.42530441,4
0.66625244,26.33453176,60.73232765,2.3,2.2,0.64973974,1.6946344,2.3103795,2.5826445,2.7274208,2.824668,2.9026966,2.9741812,23
0.44683112,206.03104223,211.34945169,2.1,2.0,0.15302873,0.21107173,0.26659465,0.31498003,0.3593788,0.3993914,0.43570232,0.46954846,3
0.3053547,188.21604437,376.82547122,2.4545035,2.96958145,0.26411581,0.39221716,0.44391322,0.48842597,0.52633119,0.55991602,0.58944607,0.61753607,17
0.4132757783439032,14.72253615409977,0.0923164958229809,2.6761476547225307,2.75802614854995,1.1254935264587402,3.526384353637696,5.76771879196167,7.096012592315674,7.575430393218994,7.703409671783447,7.77653169631958,7.839080333709717,5
0.4774994482207724,200.8630333668825,0.7376957602262832,2.520614062716223,2.433688188821748,0.3205673694610595,0.6285946369171143,0.8626606464385986,1.0490827560424805,1.2023115158081057,1.3319745063781738,1.4428682327270508,1.5401668548583984,8
0.98662895,50.51441193,28.34551239,2.1222899,2.24739766,0.32825971,0.66943884,0.95313907,1.18725038,1.38144064,1.54494643,1.68441963,1.80571318,9
0.6996502821276448,9.177929974219852,0.0175247864688542,2.731188540048517,2.0229560399544524,0.9221067428588868,2.5217230319976807,3.566283941268921,4.111969947814941,4.454061508178711,4.699546813964844,4.876081466674805,5.007811546325684,22
0.9329749,15.01404665,188.32304426,2.9,2.1,0.5284884,1.3572361,1.895663,2.1552665,2.2871559,2.3716486,2.4342787,2.4836042,20
0.47772974,32.3448281,233.16187987,2.2,2.6,0.50385046,1.2444208,1.6555917,1.7220743,1.7240045,1.7268736,1.7297847,1.7326376,1
0.52860706,205.61325877,342.44623093,2.6,2.8,0.17203188,0.21965957,0.26963735,0.31346273,0.35347414,0.3892746,0.4224472,0.45331955,4
0.7139458,153.01872127,69.97150332,2.66602184,2.71944113,0.27183604,0.49812031,0.69650269,0.87114692,1.02455831,1.1613338,1.28237104,1.39084148,10
0.42971663,36.10064388,291.97416577,2.5576761,2.00267256,0.3914628,0.86837173,1.07913876,1.0959475,1.10165834,1.10699511,1.11177611,1.11605096,21
0.80405182,188.86558533,388.07415771,2.78643441,2.40235662,0.12682009,0.15231967,0.18423557,0.21204329,0.24204969,0.26858664,0.29154801,0.31577516,11
0.5354247193349829,1.4872477329500648,1.1002162387495202,2.449623348334799,2.0574098896631003,1.1773102283477783,3.776335716247559,6.485540866851807,8.487077713012695,9.523271560668944,9.64259147644043,9.648721694946287,9.653694152832031,13
0.50934712,145.45050387,177.7868291,2.7,2.9,0.333014,0.63584375,0.84533143,1.0040531,1.1300478,1.2346473,1.3234038,1.3986444,10
0.5444071215309358,26.48808602925967,74.82541984929156,2.496208500426589,2.7672981090243987,0.7842292785644531,2.2975893020629883,3.389177322387696,3.880995750427246,4.0639729499816895,4.147727966308594,4.199887275695801,4.242406845092773,23
0.8184790516414643,30.33398545942325,0.0061785162357143,2.391169400990885,2.971417010652445,0.6503844261169434,1.7189266681671145,2.4185245037078857,2.8142731189727783,3.0765812397003174,3.276658773422241,3.4411370754241943,3.580601930618286,18
0.6167462878476603,6.93652612102799,110.801083674734,2.04958296,2.09245062,0.7514240741729736,2.133756637573242,3.0602293014526367,3.3677964210510254,3.431902885437012,3.437925338745117,3.4434351921081543,3.448676586151123,23
0.72560501,246.64606865,253.73501603,2.42295192,2.12979606,0.09949398,0.14309263,0.1810143,0.2112391,0.2455852,0.27918506,0.31061316,0.34027433,11
0.39752865,18.70933342,13.31539726,2.560781,2.24488544,1.03252292,2.99329734,4.50128269,5.22152424,5.45238781,5.59125519,5.6602602,5.69427204,6
0.46774209,16.27726746,34.19450378,2.11649799,2.61996388,0.96780419,2.88215804,4.38139439,5.09144688,5.25161457,5.30715752,5.3334713,5.35270023,7
0.38354538,246.59937565,90.79493364,2.3,2.9,0.25307703,0.41771245,0.54046226,0.6436093,0.7330072,0.81152487,0.8812971,0.9439261,16
0.328753189648161,0.7561083326718068,1.594784320632301,2.321970238502624,2.882924769067948,1.2791862487792969,4.355059623718262,8.093607902526855,11.609272003173828,13.967415809631348,14.011303901672363,14.01644802093506,14.02085781097412,13
0.78213166,182.09375185,90.62100651,2.7,2.5,0.20640326,0.35222888,0.49328542,0.6231203,0.7424011,0.85222363,0.9540272,1.0483897,16
0.81055844,197.23091125,371.08270264,2.12589312,2.06216025,0.0777235,0.107234,0.13009357,0.14008403,0.1586132,0.1753819,0.19036841,0.20457482,11
0.42367846,111.35974764,303.33179187,2.7,2.5,0.3357637,0.6376159,0.8025944,0.8975327,0.965956,1.0199244,1.0651293,1.1028392,21
0.5004034433529312,33.613337307052326,0.0441871319976772,2.086314282444933,2.0261756724537805,0.7486715316772461,2.0204598903656006,2.786772966384888,3.1150944232940674,3.28741717338562,3.3909804821014404,3.4785664081573486,3.555916547775269,22
0.66603714,216.098526,276.43777466,2.62432933,2.06024456,0.11384416,0.15353036,0.19112635,0.22289371,0.25543213,0.28655767,0.31567335,0.34306955,11
0.43515501,9.4949533,170.73745946,2.87727719,2.8545079,0.82571912,2.50111485,3.91541529,4.62666988,4.78316116,4.79878283,4.79905558,4.79915762,23
0.73633786,78.68599783,17.73799458,2.8,2.9,0.45935798,1.0360837,1.4635377,1.7679424,1.9964089,2.1795387,2.332664,2.4638453,19
0.49692838,96.15124712,376.83557015,2.4,2.2,0.22928262,0.32790232,0.38492632,0.42993808,0.46755123,0.50000596,0.5275278,0.55171514,4
0.89003352,106.65984822,196.35368771,2.7,2.9,0.24407172,0.42621088,0.5922022,0.7395022,0.8705785,0.98791265,1.0939894,1.1892943,17
0.8880098,25.83096978,47.25260434,2.6,2.5,0.57423306,1.4175553,1.9743128,2.3039737,2.5284739,2.7029839,2.8427196,2.9605904,19
0.9993,135.48473652,273.70228169,2.005125,2.00504735,0.09538078,0.14805818,0.19543314,0.23877931,0.28270555,0.32298779,0.36115432,0.39703941,4
0.6234867358800934,47.62241671313773,0.025623146187626,2.210180438971689,2.2041914186259017,0.5854971408843994,1.4797494411468506,2.0136704444885254,2.2943673133850098,2.482022762298584,2.626521110534668,2.7439932823181152,2.848731517791748,18
0.9473875416482848,2.126172049514695,0.0050271454528066,2.810599350962024,2.426944774816364,1.0867433547973633,3.118091583251953,4.583868503570557,5.364890098571777,5.849475860595703,6.237268447875977,6.555261611938477,6.788386344909668,5
0.83167078,281.29480078,315.3849518,2.8,2.7,0.14900136,0.16314816,0.19628048,0.24833536,0.29106688,0.32936692,0.36789465,0.4043119,4
0.57605039,243.66910078,52.07648482,2.6,2.8,0.22713137,0.38059855,0.52209544,0.64887786,0.7638254,0.86824846,0.9635675,1.0509555,16
0.43863743,215.2539681,201.25683798,2.4,2.1,0.19088101,0.27936006,0.3586812,0.42753577,0.4885385,0.5433295,0.5929334,0.6392462,3
0.30611775,277.97086644,141.17796682,2.96076973,2.86033353,0.31630802,0.5522604,0.69565678,0.80609536,0.89753079,0.97481632,1.04281759,1.10176611,10
0.3,212.02339186,400.0,2.0,2.32350659,0.13713908,0.14540434,0.15620017,0.16049957,0.16713691,0.17294049,0.17877769,0.1840775,11
0.76687896,299.45852661,93.51596069,2.20229673,2.10100031,0.09705687,0.15714192,0.21024084,0.25746512,0.30767655,0.35614061,0.4021945,0.44707537,2
0.6042066186047114,4.557718985976635,0.2267620903771598,2.474920485918306,2.250188880943419,1.118135929107666,3.41291618347168,5.359878540039063,6.436906337738037,6.877957820892334,7.100350856781006,7.28122091293335,7.402608394622803,5
0.5280088714399319,37.18125413793671,156.37602899664125,2.5547998060390498,2.5825591104655325,0.6018693447113037,1.645233154296875,2.32437515258789,2.575560569763184,2.660308837890625,2.7079405784606934,2.7482247352600098,2.7841148376464844,0
0.7699312,221.6136322,219.79396057,2.02915454,2.12212563,0.09563708,0.14713049,0.19324398,0.23349333,0.2764895,0.31643081,0.35418367,0.39021468,3
0.72000752,16.12936225,92.02777002,2.2,2.3,0.672699,1.7624934,2.4168856,2.692033,2.8161151,2.8870995,2.9424088,2.991968,23
0.3447946,273.92962646,226.99241638,2.06624055,2.0650754,0.13180161,0.16105652,0.18951988,0.2142241,0.23859024,0.26133132,0.28263998,0.30297256,11
0.86458465,277.03147874,231.94399641,2.5,2.6,0.12557912,0.16778302,0.21222925,0.2609687,0.31157446,0.35736108,0.39984083,0.44193745,3
0.7519581168036311,126.73468944575971,0.3529551830497613,2.9592318212253703,2.405899931646694,0.3047914505004883,0.5974135398864746,0.8473086357116699,1.0612506866455078,1.2443370819091797,1.4030823707580566,1.5424761772155762,1.6651315689086914,8
0.4607830015264671,48.53381693395259,0.0761686221380465,2.34320965785449,2.860013839083579,0.8076775074005127,2.3774452209472656,3.494102954864502,3.996107578277588,4.201786041259766,4.309065818786621,4.396200180053711,4.469813346862793,22
0.4205237691515422,254.59573021175856,365.6664796835788,2.0,2.0,0.0818309783935546,0.0989611148834228,0.1108872890472412,0.1120922565460205,0.119657278060913,0.1255488395690918,0.1305363178253173,0.1363630294799804,11
0.66747661,62.18049189,202.89138771,2.7,2.5,0.40449882,0.88776684,1.2144423,1.4131389,1.5455508,1.6473341,1.7309074,1.799037,20
0.3500157,258.19899995,372.92352192,2.6,2.2,0.14537549,0.16296697,0.18570733,0.20135331,0.21801281,0.23224902,0.24604154,0.25904727,11
0.81670204,113.55764429,289.23243558,2.0,2.0,0.12323761,0.18076968,0.23418355,0.28409314,0.32939291,0.37086797,0.40816736,0.44268632,4
0.6715138102759541,200.5313684883939,400.0,2.10736752,2.24561548,0.0911612510681152,0.116997480392456,0.1408486366271972,0.1529498100280761,0.1689379215240478,0.1842250823974609,0.1997065544128418,0.2135164737701416,11
0.30742297,90.85125716,192.12114029,2.40258832,2.90438532,0.551898,1.47328997,2.09272838,2.26313519,2.28035188,2.29630303,2.31182361,2.32661033,0
0.50161804,121.92852092,35.34656095,2.5,2.7,0.44551444,1.0117323,1.3943932,1.6267254,1.7888844,1.9211037,2.028217,2.1161525,19
0.3,141.55614152315593,400.0,2.3,2.7,0.2643036842346191,0.4016273021697998,0.4475753307342529,0.4828577041625976,0.5135056972503662,0.5403158664703369,0.5640883445739746,0.5850193500518799,21
0.34441032,32.6847936,196.24756203,2.9,2.7,0.7241845,2.096678,3.1668394,3.592446,3.626592,3.6272933,3.627414,3.6276195,23
0.99963471,262.86729955,267.56381082,2.19825315,2.28132307,0.07910824,0.12593985,0.16453385,0.19166827,0.22406244,0.25704145,0.28972626,0.32072091,11
0.5785308411565014,53.37246031459329,1.949342019071693,2.7220543769026344,2.965961688387311,0.7092678546905518,1.9820401668548584,2.844444990158081,3.2734124660491943,3.507032632827759,3.670120477676392,3.798261404037476,3.911328077316284,22
0.69656599,283.74938618,65.70549487,2.2,2.5,0.13264537,0.21037316,0.28490448,0.35567117,0.4237094,0.48856902,0.5501261,0.6086745,2
0.43092008,248.34444158,186.82037997,2.0,2.9,0.15635538,0.2075429,0.25983357,0.30460858,0.345685,0.38417006,0.4191649,0.45206642,3
0.3833061638768231,1.3566863107018845,0.0134586403814429,2.5466325535845136,2.7216540025478526,1.2782440185546875,4.302730083465576,7.879639625549316,11.117383003234863,13.072622299194336,13.109233856201172,13.115885734558104,13.121587753295898,12
0.55867641,12.24398385,18.9886811,2.1,2.0,0.92788506,2.5845551,3.667542,4.1146607,4.2713566,4.364472,4.41458,4.4455285,23
0.31207725,7.92974798,0.95992237,2.27221946,2.02575241,1.16408753,3.52120042,5.78940487,7.16496181,7.69823647,7.96857834,8.11843777,8.15557766,13
0.642944987633189,41.34269943372925,1.936915630112808,2.833895029030977,2.9512079389464465,0.7332851886749268,2.043204069137573,2.932591199874878,3.3870952129364014,3.6456143856048575,3.82458233833313,3.97334885597229,4.09040641784668,22
0.32302256,221.39331458,334.59528987,2.8,2.7,0.24152493,0.33034563,0.37974572,0.42369533,0.46168876,0.49633121,0.527401,0.5559108,4
0.9513751964304766,3.956880415857237,58.25528115964854,2.656727796445179,2.789157268130268,0.9143552780151368,2.654242992401123,3.916568756103516,4.55306339263916,4.875520706176758,5.062824726104736,5.189695835113525,5.265562534332275,7
0.6002382,220.04484558,117.53366089,2.17153645,2.69744587,0.193856,0.31871438,0.43810534,0.54437304,0.6414032,0.73030758,0.81197786,0.887012,16
0.54455046,227.59749595,206.54632253,2.1,2.5,0.13898325,0.19202685,0.24511099,0.29312944,0.33799362,0.37966037,0.41829014,0.45436788,3
0.89971015,297.22820487,163.94611162,2.9,2.8,0.16201568,0.20786881,0.26900554,0.34725714,0.41534114,0.47997618,0.5427213,0.6039567,2
0.53540819,214.76722167,96.69251474,2.5,2.1,0.21050668,0.35067534,0.47723007,0.588619,0.6880863,0.77834773,0.859041,0.93333197,16
0.30597119,121.42273724,277.43769772,2.99373095,2.09846084,0.29719019,0.48560262,0.55135703,0.59111547,0.62429929,0.65212846,0.67552328,0.69516778,21
0.61916723,148.84943654,236.73544927,2.9,2.2,0.23309112,0.39244866,0.5269997,0.64254546,0.74411225,0.83429027,0.9143629,0.9855554,17
0.37149448,32.51590754,73.4891158,2.6,2.9,0.87619257,2.5329585,3.805356,4.3926473,4.5807714,4.640012,4.6615806,4.6763988,23
0.98651184,241.90075799,70.28991096,2.2,2.1,0.0995717,0.17455435,0.24222493,0.30363154,0.36650538,0.42792273,0.48734307,0.5445709,2
0.3666983631176225,5.429628827900842,0.5294563161890293,2.810615759323132,2.413095429471727,1.2093379497528076,3.90800142288208,6.781200408935547,8.944082260131836,10.002524375915527,10.08586883544922,10.09182834625244,10.09711742401123,13
0.98398036,114.53532018,394.64785382,2.68442897,2.18667134,0.11760497,0.15730953,0.19549775,0.22621632,0.25543547,0.28451276,0.31094456,0.33534265,11
0.99538265,217.37009948,352.1624173,2.7929245,2.68577131,0.15044379,0.1659441,0.20136809,0.25489092,0.30031323,0.34070992,0.38068724,0.41845608,4
0.46938103,198.51143531,80.08117714,2.91954995,2.8901452,0.35211205,0.68927431,0.93471789,1.12560081,1.27957296,1.40857744,1.51856279,1.61267614,10
0.95368129,1.24550402,1.87391317,2.2823236,2.10927129,1.11407137,3.10266137,4.47728729,5.19647121,5.62821388,5.95375443,6.17114544,6.31142998,6
0.53559298,53.85222628,282.3282142,2.83706626,2.22176393,0.36274886,0.72923112,0.91928649,0.99714923,1.04472947,1.08027768,1.10804725,1.13206387,21
0.98502954,249.27157193,136.7800332,2.8,2.2,0.11583066,0.19538307,0.26274848,0.3321252,0.40258598,0.46992898,0.53350806,0.5948672,2
0.84059801,213.99566288,183.09207375,2.38112857,2.38852132,0.12935567,0.20301795,0.27370906,0.34064746,0.40438509,0.46583009,0.52317715,0.57854176,3
0.63916605,207.70450283,274.72476263,2.5,2.3,0.14295292,0.20158386,0.26247406,0.31646752,0.3666222,0.41345716,0.45741296,0.49859643,4
0.8765058475608944,1.0065918304038692,0.0146042878322181,2.3332996671186,2.166956473468766,1.1365063190460205,3.425302505493164,5.279617786407471,6.318351745605469,6.843613624572754,7.185872077941895,7.458639144897461,7.665998458862305,5
0.9616535,109.85598878,62.26768676,2.0,2.2,0.17716241,0.31823826,0.45148063,0.57497334,0.6882572,0.79276514,0.8881018,0.9765098,16
0.3,300.0,1.6988317,2.05706178,2.01452889,0.22549438,0.36166143,0.46707702,0.55531454,0.63230467,0.69915605,0.75854087,0.8104949,15
0.66356983,292.27688959,176.77544301,2.9,2.9,0.17050624,0.24594712,0.3288164,0.4099989,0.48245263,0.5516219,0.61693096,0.6790476,3
0.5308971769320145,5.919172470920795,7.64586960416742,2.82297785,2.17071208,1.0880403518676758,3.28957200050354,5.163360595703125,6.180783271789551,6.582167625427246,6.796300888061523,6.95921802520752,7.088481903076172,6
0.5857760583967853,90.0768705588627,0.1062845618380773,2.211296830075036,2.8232168408904776,0.5000171661376953,1.2345383167266846,1.7191274166107178,2.0071563720703125,2.207887649536133,2.36680269241333,2.500961303710937,2.6115636825561523,18
0.90990069,133.32074718,351.98348603,2.98588515,2.25558932,0.13440204,0.18517876,0.2356329,0.27792621,0.31969619,0.35799742,0.39340782,0.42677331,4
0.5357375606623244,5.407793065618503,29.119734357768664,2.4,2.1,1.0074231624603271,3.023954629898072,4.690462112426758,5.546483039855957,5.81827449798584,5.921024322509766,5.9772233963012695,6.000936508178711,7
0.65155009,95.70773244,214.7896131,2.3,2.6,0.26768613,0.47336507,0.627203,0.7516105,0.853318,0.93921685,1.0111806,1.0731397,17
0.37612295,56.34963552,247.00543979,2.46682441,2.04013819,0.40265965,0.86736417,1.07582927,1.10038686,1.11443877,1.12657738,1.13732147,1.14685273,21
0.94380524,99.8881604,72.78617997,2.7,2.3,0.24825978,0.46379042,0.6630025,0.842289,1.0028214,1.1477189,1.277915,1.3946328,10
0.309724145776589,3.573081538872728,0.0033976019133178,2.472894773517114,2.396267933465432,1.2261438369750977,4.050258159637451,7.232473850250244,9.960504531860352,11.43576431274414,11.462966918945312,11.469837188720703,11.475725173950195,12
0.65317519,104.68843449,183.87681962,2.0,2.0,0.20827317,0.34997392,0.46757007,0.56646013,0.65031481,0.72361398,0.78606749,0.84232807,17
0.61811325,59.58862066,350.80102007,2.4,2.5,0.29121566,0.5051031,0.6211443,0.69650054,0.75159097,0.79393363,0.8302512,0.85939264,21
0.9504510620737304,13.618675162281388,0.0853316608443615,2.971095733593233,2.671807399972073,0.7526462078094482,1.986778259277344,2.8052330017089844,3.2843780517578125,3.603812694549561,3.842174530029297,4.038195610046387,4.201429843902588,22
0.63507361,269.17364956,11.16124213,2.1,2.2,0.14093256,0.23187041,0.31781697,0.39949155,0.47683072,0.54866505,0.61606336,0.6797867,2
0.91176868,80.61700685,364.70449127,2.6,2.7,0.2008853,0.30650067,0.4017005,0.48331332,0.5551708,0.6184273,0.6747663,0.7252655,17
0.45670304,84.37128163,339.65343835,2.4,2.8,0.31046534,0.539145,0.64168906,0.701823,0.74678516,0.78278947,0.81395054,0.8404269,21
0.75693749,115.95107273,357.4228004,2.8,2.8,0.210886,0.3146844,0.40814614,0.48999286,0.56200314,0.62633467,0.68401384,0.7361915,17
0.38816996,262.81292919,297.99168686,2.7,2.1,0.15960336,0.20104837,0.24507713,0.28210902,0.3168702,0.3491404,0.3790517,0.40700698,4
0.7991677345017179,4.2096025083383735,0.0068418032750185,2.571315513483892,2.385710974649551,1.0578622817993164,3.0691516399383545,4.5254621505737305,5.2701568603515625,5.683575630187988,5.988141059875488,6.2221784591674805,6.395049095153809,5
1.0,300.0,203.49523527,2.0,2.0,0.06281161,0.10409904,0.13908005,0.16578317,0.19623804,0.22446465,0.25304365,0.28222895,11
0.5678203,258.04318995,275.54107425,2.8,2.5,0.15757847,0.2137835,0.272501,0.32995725,0.38147902,0.42879677,0.47328353,0.5152557,4
0.68502998,194.69250488,383.15985107,2.45123577,2.03986168,0.08974457,0.11520982,0.13272834,0.13830423,0.15301681,0.16560197,0.17670989,0.18640876,11
0.6346901506440483,6.246490436433659,0.3742776211371161,2.795231942636473,2.09729539890869,1.0423634052276611,3.016948699951172,4.467343330383301,5.199997425079346,5.592471122741699,5.894008636474609,6.129549026489258,6.293399810791016,5
0.8688770317304244,127.95827032767453,0.2156066241736893,2.96300518700819,2.100121803292212,0.2275078296661377,0.4214620590209961,0.603888988494873,0.7689902782440186,0.917473554611206,1.051931381225586,1.173962116241455,1.284022331237793,15
0.94295796,99.66426006,43.09588894,2.9,2.8,0.30264473,0.5791266,0.82961726,1.0518467,1.2484703,1.4226837,1.5770888,1.7149172,9
0.57840308,285.79002696,116.67534927,2.9,2.3,0.17394543,0.2714014,0.3680842,0.45854664,0.5420077,0.61980057,0.69243836,0.7609837,16
0.37638722,57.65975224,62.28065201,2.1,2.9,0.6605418,1.7411723,2.4087706,2.6704803,2.7792177,2.840211,2.88841,2.9303083,0
0.99471086,12.87402725,18.61193466,2.50043082,2.37657785,0.66748571,1.671803,2.31529522,2.69222403,2.94944048,3.14257574,3.29863691,3.43090391,19
0.80729914,44.49262727,305.46386053,2.9,2.6,0.36241126,0.7467177,1.0123122,1.1893313,1.313137,1.4056239,1.4791639,1.5397627,10
0.98112236,239.28910992,166.33318591,2.16235755,2.20793907,0.09145665,0.15259242,0.20645666,0.25273037,0.30275869,0.35181999,0.39853001,0.44399309,2
0.91565783,43.63311957,279.06235011,2.5,2.4,0.29340172,0.5551405,0.7493241,0.89899707,1.016926,1.1117499,1.1880715,1.250556,10
0.6728614,47.21933365,393.6366272,2.9922967,2.0327208,0.22478366,0.30538559,0.33913922,0.36373639,0.38346386,0.39958239,0.41351318,0.42528892,4
0.76139334,98.37384767,288.25769631,2.26921946,2.40424074,0.19948816,0.31445837,0.41669488,0.50422025,0.5807724,0.64813757,0.70776701,0.76072335,17
0.50950902,45.88535771,298.10311604,2.3,2.6,0.38825274,0.81667876,1.0341189,1.0904536,1.1156998,1.1356838,1.1516263,1.1649468,21
0.32707535,131.16132594,245.50983866,2.4,2.3,0.33367157,0.6295283,0.7754228,0.84839535,0.9016726,0.945452,0.98118997,1.0111613,21
0.72642505,7.6840291,19.9514122,2.0246942,2.76629925,0.97684288,2.88677216,4.30250883,4.96601677,5.20977211,5.31814528,5.39680815,5.4464159,6
0.4645937958306518,15.05215086805263,0.0981482830853281,2.1262291568410934,2.3972725299165574,1.016709566116333,3.075195074081421,4.725434303283691,5.523776054382324,5.793893814086914,5.9022979736328125,5.987587928771973,6.047548294067383,5
0.4222078670631372,24.2933477663213,9.048595749623685,2.54622017,2.53910202,0.9726014137268066,2.9165797233581543,4.4529337882995605,5.176451206207275,5.424971580505371,5.56429386138916,5.642210006713867,5.6962890625,6
0.8728394111846087,75.95811033770248,0.0040346561312005,2.069124971449225,2.965867958193188,0.3571147918701172,0.7519631385803223,1.0784618854522705,1.3478925228118896,1.5706195831298828,1.7594566345214844,1.922156572341919,2.063555955886841,8
0.51847702,4.41728354,46.62031555,2.69271541,2.09096122,1.03406858,3.00516343,4.59765053,5.38464737,5.58434772,5.69887447,5.75149822,5.76391792,7
0.74200476,251.27948978,193.88492935,2.8,2.4,0.14339828,0.21909094,0.291322,0.36463213,0.43349266,0.4973476,0.5580225,0.6153741,3
0.3123400040522616,7.203862561206295,5.365742235556596,2.4,2.5,1.1819138526916504,3.854868650436402,6.742135047912598,8.959151268005371,10.014362335205078,10.111791610717772,10.11548137664795,10.118809700012209,14
0.6783080327080074,1.1537592570345658,0.0057891462069103,2.3403777661108487,2.5013420057575253,1.2210280895233154,3.9707517623901367,6.81345272064209,8.796128273010254,9.744793891906738,9.948715209960938,9.984522819519045,10.030054092407228,12
0.51085003,285.39984886,92.31760591,2.8,2.4,0.20162654,0.31834936,0.43023348,0.5305531,0.62213993,0.70631695,0.7836592,0.85570693,16
0.5339017224997227,55.91608452787318,0.0279115834637197,2.15771789708194,2.516326149339835,0.6535825729370117,1.7697737216949463,2.4525954723358154,2.767030954360962,2.939180612564087,3.0703485012054443,3.1706717014312744,3.265981912612915,22
0.8889418015415651,2.885030962567454,0.1236372818249557,2.7606403955802064,2.8751660455809014,1.1311862468719482,3.3812313079833984,5.17573881149292,6.131003379821777,6.632301330566406,6.996360778808594,7.284018516540527,7.5018720626831055,5
0.96165874,177.87859298,16.74014866,2.3,2.7,0.16827655,0.29340053,0.41521764,0.53175235,0.6416571,0.7462454,0.84419537,0.9370868,15
0.71898742,141.55233415,107.33323717,2.4,2.7,0.24222803,0.4298799,0.5955641,0.7402661,0.86869717,0.9828217,1.0839384,1.1754689,16
0.48704729,179.82433593,75.94590422,2.5,2.9,0.32497692,0.62386656,0.841923,1.0148475,1.155252,1.272562,1.3743782,1.4619026,10
0.3193134482570651,35.646464526706936,0.00577432774618,2.174171356083486,2.17653313743314,0.9046337604522704,2.662430047988892,3.962525129318237,4.501195907592773,4.658999443054199,4.7293548583984375,4.776805877685547,4.814857482910156,22
0.3096203607061407,19.89933460060588,63.32998012092037,2.782372,2.112077,0.8707220554351807,2.565441131591797,3.881970882415772,4.436397075653076,4.583678245544434,4.645986080169678,4.668966770172119,4.679424285888672,23
0.3848797243900934,3.02920390028504,1.123732840680452,2.341388528558812,2.9296035574357644,1.2523572444915771,4.20217227935791,7.637639999389648,10.55869960784912,12.355571746826172,12.434211730957031,12.441449165344238,12.447726249694824,13
0.93590748,282.84167404,79.60323198,2.1,2.7,0.10612512,0.1746583,0.23212838,0.28778815,0.34588575,0.4038279,0.45835686,0.51101303,2
0.93845865,245.81869285,390.95310979,2.3,2.5,0.08345723,0.11506987,0.14047551,0.15099311,0.16740775,0.18652296,0.20399332,0.22032213,11
0.67526671,53.77328279,230.1774942,2.0,2.9,0.31229162,0.59708834,0.7766559,0.8947377,0.9800191,1.0436428,1.0956554,1.1370072,21
0.98300665,17.37673144,150.20193577,2.9,2.1,0.51020265,1.2692492,1.7765934,2.0628927,2.2458494,2.3771112,2.478309,2.560437,20
0.72812435,243.6457026,200.9312663,2.6,2.5,0.14291859,0.21464372,0.2843287,0.35285473,0.4172182,0.47719312,0.5330057,0.5870104,3
0.69990863,48.45283515,241.10197846,2.4,2.4,0.36307168,0.75229263,1.002491,1.1503048,1.2496994,1.3242507,1.3815186,1.4269803,10
0.755029554222833,30.46703260530288,0.165318400379566,2.333952446768043,2.9564304107137693,0.692188024520874,1.8946504592895508,2.671298027038574,3.0793614387512207,3.3296918869018555,3.513601303100586,3.66621446609497,3.795455932617188,22
0.30372851,158.40371549,393.85664538,2.24848511,2.41142768,0.2055316,0.24145579,0.26316786,0.2792089,0.29302073,0.30603266,0.31853175,0.32985902,11
0.487070553542448,69.22166010588114,1.1703464063614313,2.799389891305588,2.7218214741137188,0.6882398128509521,1.904013633728028,2.7138800621032715,3.098283767700196,3.3021559715271,3.435713291168213,3.551995754241944,3.646638870239258,22
0.55016386,225.98362417,74.9027744,2.3,2.6,0.20439959,0.33259273,0.45255208,0.558311,0.65354705,0.74033666,0.8195455,0.89278555,16
0.8495562317070006,1.2843480218734304,1.057223686435827,2.452886800696731,2.497939183344631,1.1798782348632812,3.637704372406006,5.76648473739624,6.976010799407959,7.549885272979736,7.880906581878662,8.148563385009766,8.36790657043457,5
0.8785740245241049,12.838007650304242,0.1427213342300393,2.032599424133228,2.041677649271098,0.6863839626312256,1.720522165298462,2.3365015983581543,2.679807662963867,2.905503273010254,3.075876235961914,3.2099251747131348,3.328444004058838,18
0.40573739,57.14067963,126.79447671,2.5,2.7,0.63155246,1.708143,2.4084299,2.6532304,2.7191794,2.755338,2.787585,2.8173845,0
0.36916955,129.04395096,78.73709374,2.3,2.3,0.43553782,0.9925082,1.3081968,1.4537914,1.5478733,1.6237221,1.6871524,1.741215,20
0.59874632,184.45870633,186.26755782,2.8,2.8,0.24333048,0.40117908,0.53762794,0.6581619,0.7642169,0.85941124,0.9449642,1.022526,17
0.7804268258069496,13.663192845464154,0.8915462496585413,2.6722091364610128,2.048241665532637,0.7687082290649414,1.998321533203125,2.7697572708129883,3.198414325714112,3.4666972160339355,3.6634154319763184,3.819172382354736,3.936197280883789,22
0.5239104,257.78881836,58.42588425,2.18973017,2.55404258,0.19949579,0.326092,0.44540739,0.55142355,0.64695239,0.73441792,0.81498623,0.88932014,16
0.5480532668717201,66.77508828701315,0.1567172854848928,2.398121709090234,2.8409689208750595,0.6366503238677979,1.7339060306549072,2.441694498062134,2.786959409713745,2.9853312969207764,3.1292994022369385,3.252560377120972,3.3544952869415283,22
0.6134810073243765,8.72535408460935,32.39077874939078,2.71198606,2.21050096,0.9430792331695556,2.7254769802093506,4.014644622802734,4.617342948913574,4.895999908447266,5.071892738342285,5.186100959777832,5.25892448425293,7
0.48696372,287.61389978,255.04671836,2.4,2.3,0.12466693,0.1625402,0.2021184,0.23435926,0.26688576,0.29699922,0.32639456,0.3543017,4
0.35638709,264.70489856,53.0258925,2.6,2.3,0.2849183,0.50855994,0.6690209,0.7974453,0.9056587,0.9982321,1.0781441,1.148056,9
0.81300639,146.37289308,68.92388195,2.73358641,2.0,0.18446422,0.31792307,0.44614983,0.56335688,0.67061734,0.7693758,0.8603127,0.94414377,16
0.8564361782463068,8.34214428915247,0.0224023318082208,2.583694696505339,2.8201961450643585,0.9394876956939696,2.6953046321868896,3.9224774837493896,4.553987503051758,4.903979301452637,5.149562835693359,5.330634117126465,5.484395980834961,5
0.98697136,157.36912104,367.77792445,2.71182826,2.95457341,0.15661526,0.21497655,0.28178668,0.35064316,0.41064382,0.46851158,0.52217817,0.57286811,4
0.42415801,286.26327515,157.57524109,2.61787724,2.20797968,0.16179895,0.22131133,0.28098631,0.33315396,0.38129807,0.42618585,0.46789169,0.50688505,2
0.94727614,103.55440131,71.40786564,2.8,2.6,0.26546168,0.49459195,0.7066672,0.8974838,1.0682213,1.221935,1.36009,1.4843881,10
0.33047299,114.38164549,91.02378525,2.47994509,2.89817172,0.58587813,1.58993864,2.26143122,2.50309372,2.57877398,2.63301849,2.68089294,2.72345543,0
0.58512009,294.48653697,103.31768386,2.9,2.6,0.18961453,0.293195,0.39664173,0.4949143,0.5840223,0.667845,0.74596334,0.8193052,16
0.65182047,284.04949103,305.2605493,2.1,2.4,0.08276105,0.11380863,0.13724947,0.1469953,0.16614914,0.18515182,0.2026155,0.2182405,11
0.57040674,65.02814665,56.60308988,2.3,2.6,0.5132773,1.2405653,1.6958973,1.9308856,2.084768,2.1995618,2.2967532,2.38084,19
0.5972928198766935,1.317344933296949,0.079390915516166,2.755328565133551,2.65427728326794,1.266411304473877,4.148968696594238,7.276124000549316,9.65577220916748,10.820898056030272,10.94968318939209,10.960134506225586,10.96781063079834,12
0.32270531,161.6520333,189.0388545,2.3,2.1,0.30021334,0.53544545,0.66469526,0.7484288,0.81192136,0.86195064,0.9059851,0.94226956,21
0.663494996029132,0.8796977978898907,0.0170000349033368,2.022736352333327,2.9846471839850515,1.2255711555480957,4.124626159667969,7.415443897247314,9.987503051757812,11.467473983764648,11.722661972045898,11.735326766967772,11.745328903198242,12
0.40767455,298.35269165,287.87060547,2.94523811,2.94035935,0.20580506,0.26203799,0.32560706,0.37777066,0.42384529,0.46808314,0.50827885,0.54609203,4
0.3566841484476266,149.3188460313208,306.58597203752896,2.01718092,2.0383172,0.1802270412445068,0.2273504734039306,0.2637207508087158,0.2941224575042724,0.3216524124145508,0.3457841873168945,0.3672833442687988,0.3868763446807861,4
0.96775905,143.73643621,383.84568785,2.7,2.6,0.13728571,0.19325185,0.2464099,0.30249286,0.35317636,0.39903593,0.442317,0.48281598,4
0.36098561,26.23542595,136.97434998,2.07824373,2.16906595,0.68413544,1.87151909,2.61764455,2.79147696,2.79419541,2.79508805,2.79676557,2.79862142,0
0.80417555,123.72196362,202.71301469,2.3,2.5,0.18752337,0.30472636,0.41668987,0.5159869,0.6049931,0.6855717,0.7585578,0.82542133,17
0.81190014,54.69248235,158.28374469,2.7,2.4,0.38192368,0.8173666,1.1362851,1.364898,1.5387504,1.6749413,1.786586,1.8788617,10
0.38407151,118.76476885,153.31255623,2.1,2.9,0.36433434,0.739593,0.952646,1.0612082,1.1374354,1.1985435,1.2491865,1.291369,21
0.65700658,203.80638309,400.0,2.0,2.0,0.07067847,0.09324503,0.10739088,0.11043978,0.11959171,0.12660909,0.13224912,0.13998795,11
0.68242327,27.73936881,296.05430971,2.4,2.6,0.41927266,0.93536973,1.2342699,1.330339,1.3602192,1.3815897,1.3984234,1.4118922,21
0.80674201,92.64260864,367.86645508,2.28262901,2.36626863,0.1623826,0.22524571,0.288517,0.34108639,0.38795137,0.42972517,0.46716595,0.50102973,4
0.597203886283122,245.21749846622785,377.5044963029016,2.2,2.2,0.0891323089599609,0.1136393547058105,0.1355574131011963,0.1444907188415527,0.157942533493042,0.1714491844177246,0.1854753494262695,0.1981487274169922,11
0.7285616578911057,1.6892572287972465,7.136687252859722,2.88316441,2.19962239,1.1489009857177734,3.514040470123291,5.592414379119873,6.795423030853272,7.321771144866943,7.619929790496826,7.857669353485107,8.055967330932617,6
0.69299516,121.48578099,292.77421368,2.2,2.9,0.18564773,0.26953197,0.34829545,0.41339898,0.47160935,0.52413964,0.57133293,0.6136756,4
0.36577159,101.79790076,347.30062761,2.4,2.7,0.30612755,0.51409745,0.59109926,0.63419604,0.6685858,0.6965375,0.71916413,0.73987937,21
0.58418061,238.86148482,197.61225786,2.3,2.4,0.141922,0.20303583,0.26563215,0.32148457,0.37350225,0.4221065,0.4676547,0.510782,3
0.630595,32.012323,10.844403,2.5,2.0,0.66457725,1.67943764,2.28489637,2.59123468,2.77142859,2.90759468,3.01198149,3.10190201,18
0.78218235,79.19646735,100.65433507,2.74814155,2.98022193,0.3971796,0.8457346,1.19095635,1.45600796,1.6648283,1.83474493,1.97676229,2.09751129,10
0.33713651,250.52697754,258.32754517,2.77671051,2.13608599,0.16733193,0.1999619,0.23511577,0.2618165,0.28671718,0.31002498,0.33191109,0.35222268,11
0.45636384,270.64013906,77.10501334,2.1,2.1,0.15719151,0.2384963,0.31507063,0.38488483,0.44851923,0.50691295,0.5604334,0.61034036,2
0.68854479,213.98796766,311.27480794,2.9,2.1,0.13237214,0.18985319,0.24713778,0.30070353,0.35198736,0.39991927,0.4445691,0.48663425,4
0.6379350729382585,120.6428181965212,0.1141133816681062,2.627771822658624,2.08870961541919,0.3180136680603027,0.6418247222900391,0.8976089954376221,1.1023800373077393,1.270387887954712,1.4116764068603516,1.5335206985473633,1.6393895149230957,8
0.51269504,33.73015499,351.58492908,2.4,2.2,0.38146925,0.808691,1.0053179,1.026556,1.0315866,1.036679,1.0412588,1.045357,21
0.3944150530395781,14.031431088021336,6.519072388054992,2.28739119,2.27496958,1.043101787567139,3.193522691726685,5.040541648864746,6.043971061706543,6.339033126831055,6.42225456237793,6.476571083068848,6.51177978515625,6
0.94613606,1.08943439,12.05488491,2.40051866,2.10613394,1.10798836,3.11389565,4.53386497,5.2741127,5.69256401,5.99681664,6.20495129,6.3195467,6
0.9133101404268736,5.992026145481586,17.145996160092338,2.74295478187847,2.558064763051533,0.9114603996276855,2.543409585952759,3.6426403522491455,4.229374885559082,4.571362495422363,4.813610076904297,4.998299598693848,5.140477180480957,6
0.73853276,173.54337144,252.17356311,2.5,2.4,0.15965891,0.23902321,0.31997085,0.39264274,0.45976162,0.52190757,0.5794194,0.6331036,4
0.5788374724543072,77.4817029062961,0.5953445152560949,2.5034663625065288,2.9570880193563984,0.5857017040252686,1.5368075370788574,2.1700515747070312,2.508446216583252,2.721762657165528,2.884552001953125,3.02091121673584,3.135535717010498,18
0.62876662,112.49748575,108.95919998,2.1,2.8,0.27945328,0.52206016,0.71030354,0.8637564,0.99083734,1.0976937,1.1880767,1.2672024,10
0.95922717,162.15527959,286.8235381,2.5,2.2,0.1209662,0.18595815,0.24842262,0.30633545,0.3622291,0.4154744,0.46588707,0.51307034,4
0.8807978625499178,4.144130641843951,12.613450223279443,2.2227087413791926,2.2451740025500744,0.9480910301208496,2.6600308418273926,3.803781032562256,4.366029262542725,4.686623573303223,4.89525032043457,5.0520853996276855,5.161428928375244,6
0.9225370872275548,219.2274371468103,0.0171628472663041,2.8093546012470503,2.785647052316467,0.1886789798736572,0.3207592964172363,0.4499738216400146,0.5809955596923828,0.7017223834991455,0.8164923191070557,0.9253339767456056,1.0282495021820068,15
0.5371936,291.40569066,253.27649522,2.1,2.9,0.10935164,0.14300084,0.1735146,0.19459128,0.21688747,0.2425785,0.26572227,0.28716135,11
0.85789733,68.87980571,6.83189985,2.4,2.6,0.3735392,0.78379226,1.1126988,1.3747733,1.5874283,1.7636602,1.9125025,2.0418117,9
0.91160365,253.83601279,156.65770439,2.3,2.2,0.09890771,0.16230631,0.21829677,0.2675333,0.31917787,0.37038732,0.41923666,0.46605277,2
0.3389233959561573,17.17870885100878,8.907854959081542,2.0,2.0,0.9776289463043212,2.946265697479248,4.563904762268066,5.365044593811035,5.577893733978272,5.624186992645264,5.648231983184815,5.664539337158203,6
0.964398791675546,12.812555973328498,5.350625484305384,2.0330825418845486,2.341151345578059,0.6616907119750977,1.6722841262817385,2.289470195770264,2.647306442260742,2.8895397186279297,3.0749711990356445,3.225116729736328,3.3553786277771,18
0.6878284090655262,1.57992984864281,8.8055626324798,2.91636925,2.5242597,1.2072696685791016,3.82027816772461,6.373491764068604,8.01899528503418,8.73257064819336,8.950868606567383,9.112821578979492,9.267536163330078,14
0.488183291604519,36.22401623684175,15.860706181328508,2.986715730921574,2.238786732416404,0.7767374515533447,2.1529345512390137,3.060423851013184,3.498219966888428,3.724797248840332,3.872689723968506,3.972814559936523,4.054172992706299,22
0.92253155,30.17326467,301.19080342,2.9,2.0,0.3372891,0.7063017,0.9665911,1.1431158,1.2657042,1.3567319,1.4270196,1.4839294,10
0.45741773,16.85245895,29.48724174,2.23311567,2.57962322,0.99165392,2.94667768,4.49539137,5.23514843,5.43517447,5.49967051,5.52933645,5.54608965,7
0.50125462,31.45536613,314.82876587,2.71045589,2.08140945,0.38650274,0.80364275,0.98069024,0.99103379,0.9947505,0.99816442,1.0012579,1.00398636,21
0.8184717677520198,14.384514875061903,0.3920190993975151,2.855933681624652,2.5039590186542973,0.8191826343536377,2.230418920516968,3.158575773239136,3.6605746746063232,3.97465443611145,4.196634292602539,4.371109962463379,4.510562896728516,22
0.58999716,217.49179081,244.10383795,2.90939186,2.20094967,0.14752412,0.20224833,0.25900245,0.30672836,0.35224009,0.39522767,0.43453431,0.47144294,3
0.96073024,127.66899152,344.87689471,2.5,2.5,0.14187098,0.20559812,0.27028728,0.33047128,0.38617778,0.4377694,0.4848857,0.5294745,4
0.6728773,19.3436197,283.59850863,2.7,2.5,0.5247574,1.3429797,1.8677316,2.0089593,2.0122166,2.0124712,2.0127254,2.0130582,1
0.3,6.895984265308632,2.650504854892254,2.13844538,2.38920975,1.1629607677459717,3.808565855026245,6.657039642333984,8.884312629699707,10.000014305114746,10.087485313415527,10.090007781982422,10.092190742492676,14
0.98405229,250.73860733,169.82935244,2.7,2.5,0.13707924,0.20007563,0.26109505,0.33367682,0.4040537,0.46844125,0.5295701,0.5894885,3
1.0,186.98315365,400.0,2.0,2.0,0.06075335,0.08875608,0.10833454,0.11558127,0.12941647,0.14088535,0.15148878,0.16327548,11
0.81010994,252.22579751,198.08977296,2.22050049,2.45329916,0.11014032,0.1724844,0.2295804,0.28119183,0.33285856,0.38347292,0.43167949,0.47793865,3
0.787309241133788,2.2408333072208624,0.1184703370257103,2.003917667802564,2.146708123856235,1.0733404159545898,3.198284149169922,4.822891712188721,5.657111644744873,6.055894374847412,6.312782764434815,6.490931987762451,6.624477863311768,5
0.99476492,216.82685852,219.96228027,2.10891104,2.25287461,0.08994079,0.14747214,0.19828105,0.24051237,0.28625035,0.3311522,0.37426615,0.41527414,3
0.5085385568933001,24.51999754095728,1.877916430974234,2.813169330946692,2.390975680334812,0.9155216217041016,2.633906126022339,3.854203462600708,4.435708999633789,4.723349571228027,4.903919219970703,5.030421257019043,5.128702163696289,6
0.92513705,42.64855417,264.90129201,2.2,2.1,0.24813557,0.4434278,0.59411216,0.71444535,0.8118391,0.8912146,0.95493674,1.0081558,17
0.35394655,45.67415423,281.66069236,2.1,2.6,0.42072868,0.9303765,1.1513748,1.1575713,1.1578939,1.1588905,1.159733,1.1606743,21
0.43040118,102.8073297,190.80963923,2.9,2.4,0.44537234,1.0559607,1.4407554,1.6117389,1.7029293,1.7740762,1.8332431,1.8822019,20
0.96521461,16.98661423,24.71279716,2.00077653,2.09140182,0.54429364,1.27442503,1.73442745,2.01994324,2.22052526,2.37650013,2.50774431,2.61831856,19
0.86097121,16.49674034,122.11125946,2.47918415,2.04927707,0.51927304,1.24675441,1.68758726,1.90699387,2.03848743,2.12746763,2.1923604,2.24578857,20
0.9386587822072148,93.36097416828888,0.0290840399238114,2.876060556682271,2.089062149207534,0.2570915222167969,0.4972121715545654,0.7164967060089111,0.9106547832489014,1.0820181369781494,1.2339000701904297,1.368514060974121,1.4896116256713867,8
0.30873003,280.98447831,163.33957054,2.80805142,2.43101092,0.23362613,0.33944893,0.41493845,0.47907209,0.53634739,0.58717442,0.63253832,0.67422128,17
0.9503428,219.23838698,62.70050713,2.2,2.2,0.11830163,0.20371318,0.2819488,0.3557849,0.42999458,0.50120664,0.5690365,0.6343732,2
0.87879617,265.35669182,288.86079359,2.7,2.2,0.09892798,0.14993262,0.19051957,0.23108315,0.27411914,0.3151412,0.35318542,0.390229,4
0.92889236,238.58232435,321.3216763,2.7,2.9,0.15926409,0.17297101,0.21301746,0.27095532,0.3184209,0.36158538,0.40435696,0.44514418,4
0.82252267,142.24666877,281.40666103,2.1,2.0,0.11058807,0.16354585,0.21271324,0.2576096,0.30111313,0.3412323,0.37841058,0.4130485,4
0.93085617,168.57387543,121.30835856,2.6,2.6,0.17357063,0.29158545,0.40645885,0.51711726,0.61985993,0.71652436,0.8070395,0.8928442,16
0.842173,168.43124504,170.07698706,2.2,2.4,0.14364219,0.22945952,0.31362152,0.3915584,0.46562815,0.53404474,0.5979054,0.65789104,3
0.59842418,99.81086344,37.10071978,2.5463632,2.81460493,0.46098757,1.06515932,1.4855504,1.75586367,1.95303059,2.10712767,2.23412991,2.34219122,19
0.75442132,131.52926244,327.00023957,2.41511774,2.64372998,0.17768335,0.26221704,0.34519291,0.41776586,0.48337674,0.54276252,0.59708524,0.64678001,4
0.97647857,91.82381955,87.60959543,2.18623197,2.68234003,0.23879075,0.44388485,0.63445973,0.80622244,0.96060896,1.09981108,1.22402215,1.33668494,10
0.5266204628734289,1.603539664702567,0.0047379970717652,2.667386307985665,2.35833642045433,1.2270269393920898,3.9929261207580566,6.967517375946045,9.278430938720703,10.454811096191406,10.562955856323242,10.571361541748049,10.578399658203123,12
0.7019100955785509,10.689914292933834,0.0303249343945107,2.7511250201389177,2.4676801414160137,0.9681875705718994,2.7584357261657715,4.018474578857422,4.644362449645996,5.001718044281006,5.246978759765625,5.4206647872924805,5.568458557128906,5
0.8332962782996229,8.01126444469446,0.003777721618177,2.4554837800023064,2.216152755437056,0.8821766376495361,2.384596347808838,3.346630573272705,3.853271484375,4.159102916717529,4.379546165466309,4.547667980194092,4.670932292938232,22
0.9266283,261.50155831,10.66484446,2.6,2.9,0.1685121,0.2610178,0.35834312,0.4635272,0.5616541,0.65342593,0.7421086,0.82676387,15
0.40753618,14.32634258,20.13821793,2.87662029,2.59063268,1.11956453,3.33496952,5.25841761,6.34654951,6.68252611,6.81133509,6.89097738,6.93795347,6
0.92039829,112.2253418,149.63053894,2.22945333,2.25142336,0.17904878,0.30797338,0.43087983,0.5427072,0.64522457,0.73905253,0.82524943,0.90510178,17
0.5043346331100538,6.49812644882658,2.2324685501056014,2.83571863,2.03994608,1.0792601108551023,3.244371175765991,5.0680131912231445,6.054291725158691,6.451050758361816,6.681332588195801,6.85502815246582,6.986272811889648,6
0.67222015,200.64027858,246.61963267,2.4,2.9,0.16108584,0.23055649,0.30234742,0.36644268,0.42652392,0.4809575,0.53174543,0.5795543,3
0.63317645,157.4486084,292.26913452,2.27033997,2.30258536,0.1530714,0.2116251,0.27207327,0.32389402,0.37138414,0.41466093,0.45432091,0.49121189,4
0.3740591168529194,139.4129690518714,372.6797648178232,2.0,2.0,0.1506698131561279,0.1661114692687988,0.1826481819152832,0.1961607933044433,0.2095465660095214,0.2215352058410644,0.2324960231781005,0.2426884174346923,11
0.7492346662737563,3.636371335902078,0.0044386042656291,2.706303733612347,2.406370544732116,1.1108245849609375,3.292311429977417,4.993372917175293,5.883262634277344,6.331005096435547,6.66605281829834,6.940766334533691,7.143474578857422,5
0.33635479,142.57392504,107.74726423,2.67746236,2.81275517,0.50471377,1.252563,1.73792267,1.92870903,2.02114725,2.09223366,2.15323591,2.20731974,0
0.95446703,23.02137111,84.10833173,2.9,2.4,0.5508461,1.3666592,1.9196656,2.2561452,2.4847577,2.6580994,2.798198,2.91769,20
0.40576523,208.05262983,16.45552468,2.7,2.1,0.346303,0.71004844,0.96465516,1.1464171,1.2887332,1.4036107,1.5032272,1.5901382,9
0.6251264492303671,63.70893049332776,0.0198550400323324,2.1612047542092543,2.498417071625265,0.5378344058990479,1.3403711318969729,1.843595266342163,2.129750490188598,2.323478937149048,2.4783051013946533,2.606775522232056,2.713418245315552,18
0.5823054759397788,167.4821304901923,0.1125747867010548,2.382650670166221,2.227583167734826,0.2756373882293701,0.520808219909668,0.7246830463409424,0.8963963985443115,1.0428509712219238,1.1695122718811035,1.2807095050811768,1.379847526550293,8
0.4274220599033048,5.365867947666049,27.026001316256743,2.45500588,2.23170137,1.0699090957641602,3.336170196533203,5.481339931488037,6.822560787200928,7.248354434967041,7.2889885902404785,7.300131320953369,7.307121753692627,7
0.60564544,140.66409721,37.41226768,2.1,2.1,0.2543249,0.4694376,0.64690256,0.7978389,0.92614985,1.0362442,1.1324003,1.2166588,9
0.69241838,187.17521015,276.9998738,2.3,2.6,0.1386776,0.1938734,0.24964166,0.29805923,0.3437376,0.38685155,0.42704916,0.4644184,4
0.57150236,148.14790342,240.17376526,2.1,2.2,0.17099357,0.24797058,0.31899023,0.3807764,0.43513227,0.48391986,0.52819204,0.56787777,3
0.325755,7.10084105,29.575634,2.54436898,2.19566965,1.12083149,3.38390541,5.52737141,6.81078529,7.15062714,7.22918701,7.25750446,7.26105881,7
0.898979509983912,4.720853112588881,0.3554965111796886,2.542315327068581,2.06540281821186,0.9231820106506348,2.476436138153076,3.475874423980713,4.018006324768066,4.380523681640625,4.640904426574707,4.834288597106934,4.9779157638549805,22
0.51257318,5.95081949,41.26961517,2.16326785,2.39669371,1.04901075,3.13647056,4.90954399,5.85773563,6.06408691,6.10162354,6.11619186,6.122509,7
0.38665773,26.88201384,162.35821139,2.2,2.6,0.6648898,1.8005998,2.5319793,2.7408354,2.7533052,2.754359,2.7557647,2.7572906,0
0.85781601,113.02768932,266.01477194,2.7,2.3,0.19170713,0.31257725,0.42827535,0.53056955,0.6230955,0.7071271,0.7832453,0.85313606,17
0.3943946796110182,248.26231875695623,0.0054145852922956,2.766756644669066,2.1645342445642703,0.2727110385894775,0.4934062957763672,0.6621735095977783,0.8018457889556885,0.9202187061309814,1.022704839706421,1.112069845199585,1.191352128982544,8
0.72256469,174.84885317,311.52833782,2.97198216,2.06353828,0.12447453,0.16567183,0.20637774,0.23745632,0.26848626,0.2995286,0.32820415,0.35466933,4
0.73021638,17.273386,15.99587727,2.17638421,2.69852233,0.81370115,2.27896476,3.23162198,3.67018104,3.87994361,4.01757908,4.11282444,4.19977474,22
0.87111681,68.01641883,106.2589882,2.1713255,2.56882497,0.31168199,0.62200284,0.87564135,1.08574915,1.25960279,1.40506268,1.53002548,1.63695884,10
0.8569316076343025,0.9550685752411672,0.0459310074265427,2.0302071897039387,2.745212219137145,1.1759207248687744,3.7626118659973145,6.183040142059326,7.627837657928467,8.295194625854492,8.589607238769531,8.774669647216797,8.910257339477539,12
0.4204700063048697,60.42991857856989,0.0030256331896013,2.5740108535455675,2.4565183619303728,0.7482078075408936,2.1115143299102783,3.0144550800323486,3.4127213954925537,3.6003410816192627,3.709338903427124,3.796107530593872,3.8716800212860094,22
0.50134212,219.47454642,65.24037991,2.9,2.3,0.2766416,0.5049422,0.6898112,0.8470547,0.98307943,1.1017313,1.2054327,1.2965114,10
0.789042,53.13130188,274.3838501,2.18027377,2.52079988,0.29342437,0.5528388,0.73777533,0.87604308,0.98313117,1.06864357,1.13677979,1.1931591,10
0.3106538696865544,36.81755546143114,0.0229093555183045,2.129455844942646,2.475987861583908,0.9475088119506836,2.882175207138061,4.446773529052734,5.175555229187012,5.352038383483887,5.418830871582031,5.459358215332031,5.488154411315918,5
0.73164619,207.1447128,89.93456374,2.56881408,2.01771714,0.14624333,0.2350347,0.32078075,0.40229225,0.47898221,0.54980159,0.61595798,0.67826533,2
0.30416307,209.55241394,39.74934387,2.37822866,2.17302847,0.34979773,0.69488549,0.90247345,1.02792621,1.12091541,1.1963594,1.25968242,1.31423378,9
0.83773388,188.59358359,333.74535367,2.6,2.6,0.13118291,0.18373632,0.23316717,0.28378558,0.33170867,0.37532544,0.4158008,0.45479012,4
0.5607008499554976,95.10328868563836,153.42585115631888,2.724638083162352,2.1327354780702628,0.3275799751281738,0.6546714305877686,0.8782117366790771,1.0351893901824951,1.1557259559631348,1.2532248497009275,1.334463357925415,1.402043104171753,10
0.30000001,274.04229736,303.94528198,2.0,2.0,0.10262537,0.11755347,0.12653255,0.1306119,0.13848042,0.14550662,0.15123892,0.15820217,11
0.51658803,126.59048462,4.70435238,2.0074966,2.71609139,0.4206059,0.9562633,1.31608367,1.5462184,1.71403623,1.85201216,1.96551228,2.06087685,18
0.75156028,172.0521617,15.81252232,2.2,2.6,0.20753264,0.36620355,0.5166273,0.6534698,0.7778387,0.89199543,0.9965601,1.0925906,15
0.3579066290185367,3.649995956244444,0.0055829769242678,2.000057961407566,2.414516376085082,1.1813971996307373,3.915177345275879,6.93841028213501,9.392086029052734,10.807989120483398,10.911613464355469,10.91712760925293,10.921907424926758,12
0.7058129697181554,1.3420176277190443,8.647046448044206,2.203780097133352,2.1757929043597177,1.1246154308319092,3.518479824066162,5.718527317047119,7.061405658721924,7.608190059661865,7.773086071014404,7.885265827178955,7.965630054473877,6
0.75350205,277.68214955,318.38883524,2.1,2.3,0.07334256,0.10560179,0.12989044,0.13861847,0.15773654,0.17626238,0.19318199,0.20891118,11
0.54388812,275.48400467,130.66624746,2.1,2.3,0.12629509,0.18572092,0.24182463,0.29406905,0.3449247,0.3921392,0.43596268,0.47721243,2
0.35853128,230.26400355,363.68225264,2.1,2.1,0.10627151,0.12073374,0.1305232,0.13208747,0.13946223,0.14644527,0.1517489,0.15743852,11
0.38862368,126.96308754,179.85089976,2.4,2.1,0.34697723,0.6982262,0.90199065,1.0133862,1.0926585,1.1575286,1.2095308,1.254215,21
0.402074770917475,1.9979216358768923,5.741293735292524,2.0552749469783222,2.588251372622751,1.2004570960998535,4.01064395904541,7.212424278259277,9.931730270385742,11.439566612243652,11.512319564819336,11.517572402954102,11.522178649902344,14
0.4194571968286126,0.8470928127521399,0.2576726254079519,2.1907242834173943,2.878261838081358,1.2657105922698977,4.312342643737793,7.994575023651123,11.389211654663086,13.623706817626951,13.66511344909668,13.672439575195312,13.678653717041016,13
0.68054337,41.07395036,2.96100451,2.75662437,2.2295322,0.60505056,1.50286436,2.07012272,2.38575459,2.59084368,2.74920177,2.88202953,2.99001026,18
0.5814501,3.85461307,18.81031036,2.82098436,2.66289473,1.20751166,3.64681935,5.92145061,7.29029655,7.81767941,7.97598457,8.1270256,8.2159586,14
0.56896122,117.56073216,226.37257401,2.9,2.4,0.3177371,0.6107874,0.81549764,0.97171164,1.0959864,1.1976485,1.2820446,1.3560486,10
0.7710779584860339,3.083954784181685,0.1887297278728495,2.5081957192708093,2.7711966979584752,1.1533429622650146,3.5303330421447754,5.546047210693359,6.652889251708984,7.166324615478516,7.4706220626831055,7.712514877319336,7.897339820861816,5
0.90640813,211.53565979,60.93397141,2.13456225,2.03480315,0.11222959,0.19273329,0.26706171,0.33884215,0.40850019,0.47527242,0.53872323,0.59970474,2
0.4179851197775625,76.48071151708264,0.0189302998666878,2.145638195220985,2.476252901539892,0.6538267135620117,1.7998580932617188,2.502413034439087,2.791844129562378,2.92684006690979,3.031928777694702,3.117550134658813,3.1890242099761963,22
0.71637955,246.10153616,290.38854551,2.8,2.9,0.16038394,0.20465302,0.263628,0.3262539,0.37882113,0.4291997,0.4768417,0.5217192,4
0.98561783,37.80443864,357.01586369,2.9,2.2,0.27568483,0.51086473,0.68610215,0.8252995,0.935956,1.0250058,1.0958908,1.1548455,10
0.71437281,265.96392822,21.1313591,2.06706786,2.01607966,0.11671925,0.19584751,0.26879406,0.33874559,0.40628934,0.4707365,0.53134656,0.58906984,2
0.4303422752262541,1.884465581289674,0.3870625997215378,2.368272013242543,2.5468234744728138,1.235781192779541,4.111315727233887,7.374507904052734,10.13678741455078,11.745277404785156,11.798998832702637,11.806238174438477,11.812447547912598,13
0.3672011589951827,30.91336258721621,0.055126749840652,2.7784399560174164,2.470724621458427,0.9816312789916992,2.9334969520568848,4.484678268432617,5.217796325683594,5.48751163482666,5.640305519104004,5.736327171325684,5.796769142150879,5
0.45859643,219.79343112,204.58709091,2.00500003,2.29376765,0.16226721,0.22941685,0.29508901,0.35220695,0.40375566,0.45082974,0.49421906,0.53371215,3
0.5922342426863874,61.68539227420679,0.0186514537096081,2.8568957654028315,2.9544107472379464,0.6635701656341553,1.8018834590911863,2.575152635574341,2.975752115249634,3.211629629135132,3.382224798202514,3.525306463241577,3.644141912460327,22
0.72167826,273.45785522,321.39324951,2.67363906,2.2119503,0.09222913,0.1280694,0.15603018,0.17292666,0.19260073,0.21498084,0.23681641,0.25696731,11
0.99738228,259.38062295,205.15540929,2.00598817,2.35707327,0.08077574,0.13510656,0.18325567,0.22027278,0.26153803,0.30333257,0.34416342,0.38318729,3
0.62638401,128.95929783,121.29123424,2.9,2.1,0.29894662,0.5822561,0.8068805,0.9911151,1.1438153,1.2731664,1.384563,1.4793599,10
0.9582365981661798,95.8983994217168,0.1864725653707314,2.7069348032131986,2.5635045986603364,0.2927968502044678,0.566903829574585,0.8155932426452637,1.0364375114440918,1.2305970191955566,1.4029157161712646,1.555614709854126,1.6915061473846436,8
0.6178854313288942,1.7346674338573724,144.46360546766485,2.755009908360744,2.3719341941539347,0.8428161144256592,2.5239720344543457,3.929516315460205,4.560218811035156,4.67322301864624,4.694443225860596,4.694509983062744,4.694594383239746,23
0.93349402,62.92051992,199.3106088,2.4,2.8,0.27210522,0.50802207,0.7031498,0.8677647,1.0066798,1.125062,1.2269292,1.3145938,10
0.67512511856203,9.167175601171206,1.118910312437404,2.0069952791783585,2.8395387886054984,0.9943082332611084,3.0208449363708496,4.6005024909973145,5.361202239990234,5.663111209869385,5.825302600860596,5.935300350189209,6.029285907745361,5
0.65928936,161.35087585,394.83129883,2.09818006,2.01887989,0.08835149,0.11191082,0.12652421,0.13327241,0.1457715,0.15635252,0.16555285,0.17509007,11
0.5922543124626224,7.779531900999262,17.52446834421497,2.27088958,2.40347761,1.0162534713745115,3.0509183406829834,4.650424957275391,5.428296089172363,5.720893859863281,5.863921165466309,5.961248397827148,6.022334098815918,6
0.68162715,10.69649887,27.27914619,2.23171091,2.44111466,0.92024946,2.60900688,3.76823997,4.29224586,4.51467228,4.62046909,4.69746113,4.74606133,23
0.93736809,40.85783468,147.42628498,2.7,2.2,0.3731885,0.7978623,1.1182094,1.3585126,1.543617,1.6900761,1.8110671,1.9122744,10
0.55968899,223.85005188,314.47906494,2.94329524,2.00887847,0.11386275,0.14287519,0.16832042,0.18614006,0.20441246,0.22468615,0.24172521,0.257725,11
0.67662233,298.02651429,264.8640695,2.9,2.1,0.10807419,0.15908742,0.20311499,0.24655175,0.28990936,0.33174467,0.37068105,0.40816307,4
0.9760197540722352,1.9001342888236348,0.0047648953029682,2.3314320614626616,2.62083865297355,1.0849428176879885,3.179934024810791,4.725285053253174,5.525791645050049,5.973514556884766,6.2919206619262695,6.543244361877441,6.737421989440918,5
0.7445177252533741,1.2748131798761473,0.0060989381527158,2.814455137978617,2.618497964645204,1.238750696182251,3.9304544925689697,6.531187057495117,8.182174682617188,8.911221504211426,9.20250129699707,9.417896270751951,9.615286827087402,12
0.8689023,146.75167071,294.08035331,2.7,2.6,0.16753364,0.25373483,0.3391316,0.42015028,0.49379492,0.5612271,0.6242776,0.68314457,17
0.68397736,218.74148539,26.64361577,2.0,2.0,0.14130569,0.24004388,0.33377433,0.42128706,0.50272536,0.57934546,0.6504321,0.71686816,15
0.86329929,131.71994659,125.23390172,2.8,2.2,0.2104938,0.3714106,0.52477765,0.6640706,0.7910602,0.907002,1.0133352,1.1105001,16
0.49268351,98.10048926,356.66210295,2.8,2.6,0.30739403,0.54048157,0.6668179,0.75264525,0.81755924,0.87014365,0.91433406,0.95075846,21
0.79078512,74.57361506,237.82081298,2.4,2.6,0.26668286,0.47866702,0.64490056,0.7816,0.8952973,0.990361,1.0711493,1.1405613,10
0.53653878,19.11177254,44.73748016,2.08797288,2.07920742,0.80180407,2.1820395,3.04660678,3.37599683,3.50199199,3.55079627,3.58460021,3.61603618,23
0.99823408,55.13251163,83.22383332,2.7,2.1,0.31367636,0.63188934,0.90340614,1.1339865,1.3281312,1.4936852,1.6371796,1.7611382,10
0.99999265,299.99041601,0.13366554,2.26787817,2.00016026,0.09260106,0.16186595,0.22267962,0.2780993,0.33733249,0.39470625,0.45134139,0.50665784,2
0.5494215496321504,37.91907783763687,0.0081627205317193,2.9476995479040857,2.03508956042534,0.6967089176177979,1.839780330657959,2.548964023590088,2.9214439392089844,3.142418384552002,3.293877601623535,3.420163631439209,3.518256664276123,22
0.8308158151793955,69.18144812639925,0.0319818598445595,2.4936697403824595,2.881561513074384,0.4344511032104492,0.9639828205108644,1.3712081909179688,1.680638313293457,1.924545764923096,2.1243529319763184,2.292658805847168,2.4386916160583496,18
0.74324713,198.77328859,143.71874894,2.6,2.7,0.18700743,0.30141807,0.41348028,0.5172987,0.61263585,0.70093846,0.78277254,0.85899043,17
0.6017978747861565,25.542155499310955,0.1321950843752518,2.0168311785023927,2.085717380100853,0.7432050704956055,1.9876303672790527,2.725249767303467,3.0655837059021,3.245607376098633,3.3776774406433105,3.474814891815185,3.560978889465332,22
0.34255648,280.73878678,269.98462929,2.86424218,2.24388076,0.15340233,0.18048501,0.21067619,0.22945476,0.24904156,0.26880765,0.28663921,0.30429888,11
0.73681902,242.28809315,326.38057749,2.2,2.1,0.08102393,0.11523438,0.1441803,0.16042733,0.18296719,0.20495296,0.2257371,0.2448318,11
0.62697073,14.45784066,64.38871262,2.7,2.8,0.9001746,2.5865154,3.8379874,4.438038,4.675284,4.786692,4.8443604,4.879081,23
0.5682928907102798,42.12039893537737,0.0189160150547204,2.073092332085537,2.692315164327888,0.71779465675354,2.0219995975494385,2.848507642745972,3.220543146133423,3.408419847488404,3.536264181137085,3.643012762069702,3.7322399616241455,22
0.5259431,63.55216936,394.37936868,2.6,2.5,0.30995965,0.545799,0.651355,0.7070253,0.74660134,0.7774954,0.8035891,0.825542,21
0.5351116209300995,2.244741823687658,26.35807356498306,2.37124282,2.97078531,1.1734278202056885,3.8449246883392334,6.726378440856934,8.879524230957031,9.869790077209473,9.974852561950684,9.976324081420898,9.977743148803713,14
0.54193767,242.78077036,85.73259243,2.0,2.5,0.15985203,0.24578238,0.3301785,0.4060886,0.47582912,0.5405836,0.600322,0.6557658,2
0.940395777335221,1.2022958061330185,0.0182786630012813,2.6501958609736733,2.282838908870309,1.133664846420288,3.332714557647705,5.005486965179443,5.919763088226318,6.443253993988037,6.865638256072998,7.225815296173096,7.4954352378845215,5
0.87486574,50.51070072,355.52493489,2.2,2.1,0.19613218,0.29694796,0.37737536,0.4425285,0.49709272,0.5422218,0.5804372,0.61293316,4
0.6028058178934863,0.9156536951185252,0.1584278577427402,2.155439913743148,2.765942961317484,1.2387464046478271,4.157421112060547,7.493820190429687,10.20368766784668,11.804084777832031,11.918665885925291,11.92926788330078,11.937982559204102,12
0.96040093,210.41511133,121.64581768,2.9,2.0,0.1270771,0.21893907,0.30346203,0.3874774,0.46956658,0.5479374,0.62274885,0.6951773,16
0.31052692,294.52841802,263.58715408,2.75788087,2.41311983,0.17828012,0.21205354,0.24743724,0.27465105,0.30124307,0.32531595,0.34740472,0.3691051,4
0.96692878,1.21811354,22.10712814,2.57173586,2.08736086,1.06394601,2.95586324,4.25559521,4.92252254,5.30348587,5.58755112,5.77157021,5.87547684,7
0.76820224,72.56867305,399.56618591,2.77886995,2.44490869,0.21744943,0.31793022,0.39153647,0.45133901,0.50261521,0.5463469,0.58389854,0.61631656,4
0.46737171,3.66306014,58.31641427,2.8,2.4,1.1122322,3.4283626,5.68641,7.2186546,7.6800528,7.6861773,7.687869,7.688629,7
0.70586216,142.50607552,100.59326615,2.5,2.7,0.2613392,0.4727304,0.6554785,0.81443477,0.95360994,1.0769413,1.1854258,1.2828038,10
0.8602519111143091,41.58737768849947,0.0327715965482987,2.770194557292772,2.4004885060334376,0.5020828247070312,1.1765165328979492,1.6577892303466797,1.9835028648376465,2.224937438964844,2.418736934661865,2.5803117752075195,2.7185845375061035,18
0.3994914667226992,95.04214980201226,0.0861503207885415,2.482548557064664,2.216612609653664,0.5796797275543213,1.5102415084838867,2.0669636726379395,2.314971446990967,2.4555487632751465,2.5632987022399902,2.6581249237060547,2.7372188568115234,18
0.59527961,57.66064384,37.02491832,2.6,2.7,0.5976808,1.5367191,2.1409261,2.4447963,2.6245177,2.7631915,2.873873,2.967706,19
0.47997291,203.84078768,394.42799464,2.53275738,2.65453142,0.16267467,0.19435644,0.22783017,0.25828314,0.28628945,0.3101573,0.33288765,0.35460377,4
0.7992963681356199,1.2386026049625751,0.0078339248454578,2.751984623721745,2.868490256173582,1.248548984527588,3.955456733703613,6.551053047180176,8.181163787841797,8.942845344543457,9.302743911743164,9.552525520324709,9.78147029876709,12
0.8656314762787819,92.15297874064396,0.9261049159794016,2.1955827270590174,2.489700811377097,0.2964460849761963,0.5835809707641602,0.8347280025482178,1.05049729347229,1.2356228828430176,1.396721124649048,1.537984848022461,1.6630151271820068,8
0.33083319,90.08021488,23.34070168,2.26486221,2.23817122,0.63473606,1.67341208,2.28618455,2.49331546,2.57698131,2.64194179,2.69894147,2.74858499,0
0.6073116478686122,0.7511621145336023,0.4620945183351917,2.421794702123706,2.401044395608153,1.232670783996582,4.059816360473633,7.1964616775512695,9.703325271606444,11.007818222045898,11.069035530090332,11.07455062866211,11.079045295715332,13
0.54421823,159.63682233,272.61441606,2.0,2.0,0.13600135,0.18331695,0.22721052,0.26781082,0.30456328,0.33798313,0.36808944,0.39570308,4
0.4468714189530097,8.068979689267543,0.2412918608159185,2.555020020301443,2.2401059684149702,1.1096749305725098,3.434502601623535,5.531524658203125,6.768036842346191,7.211822509765625,7.367433547973633,7.472949028015137,7.547740936279297,5
0.31867328,191.00276184,112.27758026,2.18774629,2.07526922,0.29214501,0.51830101,0.65366578,0.74913192,0.82281566,0.88346696,0.93430519,0.97774553,21
0.9888061240505498,4.991011307635915,96.11725710875544,2.256659746229882,2.167931630925417,0.6921529769897461,1.836944818496704,2.538944959640503,2.872427225112915,3.040762186050415,3.136244058609009,3.1980674266815186,3.244755506515503,23
0.75975979,182.17376557,176.75051433,2.9,2.5,0.20021605,0.32613873,0.4493127,0.56355643,0.66743636,0.76306224,0.85206175,0.93444633,17
0.99980022,74.70892416,82.7965235,2.2,2.4,0.24091434,0.45264626,0.64489365,0.8148477,0.9649198,1.0990541,1.217243,1.3235152,10
0.30000001,179.64639282,213.69952393,2.0,2.0,0.22169232,0.3185389,0.37708187,0.42495704,0.46574974,0.50117612,0.53122616,0.55873752,3
0.5901791211094068,2.368807378434992,0.6539485967084608,2.291190269847229,2.7341580724034573,1.2100505828857422,3.943166494369507,6.782285690307617,8.737671852111816,9.629651069641112,9.804424285888672,9.837512969970703,9.883041381835938,13
0.79411167,188.52984619,136.84176636,2.45305061,2.03697515,0.13316035,0.21214128,0.28629184,0.35733294,0.42517853,0.48839998,0.5474112,0.6031518,2
0.97963338,17.06567749,210.90600288,2.2,2.5,0.41471243,0.9227462,1.2553372,1.4384019,1.5455551,1.6208954,1.6761947,1.720273,20
0.81272206,37.3323762,58.48376161,2.3,2.4,0.47995996,1.1124895,1.5340891,1.7962935,1.9859602,2.132796,2.2511528,2.353347,19
0.90339392,142.37684559,85.74690247,2.7,2.2,0.19658256,0.34795904,0.49376583,0.6287973,0.75390935,0.86972356,0.97668505,1.075773,16
0.30221075,82.86209106,192.36767578,2.44777012,2.59308791,0.53582335,1.3914113,1.92277193,2.03736639,2.0499444,2.06325483,2.07560253,2.08718824,0
0.3,109.61986341202204,272.0369414935902,2.2,2.8,0.407034158706665,0.9511289596557616,1.265951156616211,1.3520891666412354,1.3864760398864746,1.4161455631256104,1.4417433738708496,1.464155912399292,1
0.60104895,75.09821395,200.78773182,2.7,2.0,0.36324692,0.77723885,1.0524049,1.22187,1.3424118,1.4349937,1.5081062,1.5680041,10
0.7170102523675167,0.9465201622853152,0.0686162400147809,2.849571139310004,2.9139773075549043,1.2885606288909912,4.22170352935791,7.354783058166504,9.599632263183594,10.742496490478516,11.058265686035156,11.095669746398926,11.121585845947266,12
0.36372789,181.50025408,397.3644968,2.4,2.7,0.18637204,0.21309543,0.235739,0.2501948,0.26630473,0.28080678,0.29398036,0.30713272,11
0.587072445034604,17.234439098210206,4.489514672498089,2.9866952023641486,2.191955058615307,0.9024162292480468,2.5317258834838867,3.6370654106140137,4.192302703857422,4.506983757019043,4.721733570098877,4.868747234344482,4.98784875869751,22
0.9811789986216114,6.621196965121876,0.0721676853886278,2.122094506763894,2.6947340112496865,0.850377082824707,2.35904860496521,3.33587908744812,3.83974814414978,4.1458024978637695,4.361095428466797,4.532094955444336,4.6668806076049805,22
0.33157764,65.12602855,235.71736073,2.5,2.6,0.5142913,1.3014066,1.7780111,1.8650863,1.8703516,1.8764918,1.8825777,1.8883827,1
0.67222685,272.35134888,158.70941162,2.09971666,2.55746031,0.12202334,0.18870902,0.25274801,0.311445,0.36888981,0.42336464,0.47565746,0.52487612,2
0.6318625,78.7932646,134.40894204,2.4,2.6,0.38277555,0.81167054,1.1078503,1.3052278,1.4505222,1.5676348,1.6615555,1.738056,10
0.58285125,238.2607497,176.58464601,2.7,2.7,0.19818759,0.30204153,0.40290737,0.49448776,0.576946,0.6531217,0.7234783,0.7887883,17
0.4446900471182688,8.03540161594839,1.2828056177200675,2.23260975,2.52544045,1.1293373107910156,3.593833446502685,5.947329044342041,7.445775508880615,8.004009246826172,8.10797119140625,8.150243759155273,8.185844421386719,13
1.0,45.85335159,400.0,2.0,2.0,0.13912654,0.18166852,0.21910357,0.25145626,0.28090453,0.30460072,0.32487249,0.34217453,11
0.52504744,65.01549329,372.25362675,2.2,2.2,0.2499671,0.37633944,0.43167925,0.4711833,0.5030055,0.52768636,0.5488596,0.5664699,21
0.32450518,12.51417446,46.54660034,2.03372979,2.14468551,0.97996664,2.88928223,4.44852018,5.19434214,5.3013773,5.31424379,5.317029,5.31885576,7
0.31759605,12.93868637,5.38984394,2.13844538,2.38920975,1.14236832,3.49735141,5.73483467,7.10976124,7.54804134,7.60746098,7.6232357,7.6322546,6
0.69096599,163.00248351,30.36873773,2.08943094,2.18782301,0.20738816,0.36866903,0.51675963,0.64848495,0.76783895,0.8752563,0.97292447,1.06203127,15
0.50603808,89.02976624,393.26593142,2.29777852,2.90555028,0.28888845,0.4992981,0.61112499,0.68656683,0.74484015,0.79162002,0.8327713,0.86630154,21
0.7041353963053854,1.0944235650396252,0.0126945774192035,2.065102249421123,2.8066988950565106,1.2118511199951172,3.9921724796295166,6.922527313232422,8.995482444763184,9.971420288085938,10.187681198120115,10.224907875061035,10.26430892944336,12
0.79505473,166.08673096,200.80349731,2.92813659,2.75966597,0.20661068,0.33156514,0.45469069,0.56787157,0.67015624,0.76417613,0.85126686,0.93187809,17
0.8520220160153635,33.586254404783205,0.0116231867146876,2.1258678060754232,2.7576003419678674,0.5635693073272705,1.4036614894866943,1.9552485942840576,2.299306631088257,2.5434181690216064,2.736997365951538,2.8960225582122803,3.0315515995025635,18
0.43819987,185.39133184,32.00445493,2.1,2.9,0.30271745,0.57298994,0.76856756,0.92180395,1.0451732,1.1493616,1.2380962,1.3155098,9
0.9745192644515888,58.90237224609,0.0049864166870877,2.044127789082486,2.40411325736984,0.3196942806243896,0.6499242782592773,0.9328110218048096,1.1708836555480957,1.372000217437744,1.5442473888397217,1.694309949874878,1.82603120803833,8
0.97592658,293.53945923,225.23365784,2.72913313,2.50617552,0.13519096,0.16239285,0.2002914,0.24959493,0.30227494,0.34668279,0.38881826,0.43131232,3
0.6529566302508478,166.1057542031971,386.05202228256,2.0,2.3,0.1078834533691406,0.1357309818267822,0.1638519763946533,0.1847264766693115,0.2081456184387207,0.229663610458374,0.2499234676361084,0.2686638832092285,11
0.8150680246525703,1.003588307869117,0.2032769366329876,2.25556256174203,2.349288023129992,1.17399001121521,3.672085523605346,5.918271064758301,7.2582197189331055,7.861838340759277,8.140718460083008,8.35442066192627,8.510416030883789,13
0.5159068279805197,2.1107392874118864,0.8500708413807859,2.0660222158778585,2.3002681911844456,1.170943260192871,3.8104307651519775,6.561244964599609,8.585749626159668,9.602477073669434,9.738057136535645,9.748600959777832,9.757293701171877,13
0.3097057,56.0155341,368.4309572,2.41750268,2.12954012,0.32899618,0.57946348,0.62762809,0.63033891,0.63332081,0.63627744,0.63904524,0.64163399,21
0.784700120585114,1.9096157723107807,0.0036317844400954,2.527085708796438,2.2226011596982627,1.131434440612793,3.392890930175781,5.226935863494873,6.225535392761231,6.711626052856445,7.045928955078125,7.321134567260742,7.539859771728516,5
0.5757978,197.96228027,272.03890991,2.93860388,2.80342984,0.21509957,0.31469965,0.40811157,0.49058318,0.56340146,0.62997246,0.6906445,0.74670315,17
0.80440071,262.44993822,278.87115174,2.13903213,2.16962657,0.07828975,0.11687422,0.14910674,0.16911197,0.196594,0.22302032,0.24858141,0.27306056,11
0.84237789,169.7744148,202.98653246,2.8,2.1,0.15219998,0.2481885,0.34216762,0.4306898,0.5133946,0.5907593,0.66310406,0.73170304,17
0.76373339,68.85940552,248.05760193,2.55994678,2.62744641,0.31278801,0.59995699,0.8097558,0.97241497,1.10002112,1.20434213,1.28996468,1.36072087,10
0.7267477,3.83775625,51.20814268,2.5,2.7,1.0414584,3.0361183,4.6075544,5.404104,5.692502,5.831793,5.9099216,5.9429016,7
0.5772549431847663,62.68419416760306,0.1724675933257936,2.807505207229057,2.0744061882707983,0.5397064685821533,1.3335175514221191,1.835524559020996,2.1181674003601074,2.3074636459350586,2.456843376159668,2.5800466537475586,2.6858439445495605,18
0.92330812,215.31867628,24.26179636,2.73957883,2.70082561,0.17788577,0.30277681,0.42275715,0.54435253,0.65795827,0.76476812,0.86604476,0.9626894,15
0.7358081,213.64258534,283.80365171,2.17711421,2.207196,0.09972763,0.14292264,0.18223882,0.21375179,0.24855137,0.28195286,0.31264424,0.34195542,11
0.3463819066437191,14.727336587076396,9.81207959032052,2.02893176,2.57770165,1.0631978511810305,3.389198303222656,5.611997127532959,6.995711803436279,7.441341876983643,7.475625514984131,7.485560894012451,7.493821620941162,6
0.7446200211888022,31.179856058892,0.0103142728031094,2.691831313947419,2.215705532314674,0.6234142780303955,1.5814077854156494,2.189291715621948,2.534456968307495,2.7660458087921143,2.942298650741577,3.086293935775757,3.211829900741577,18
0.57829926,32.52246453,309.04386433,2.324039,2.17547086,0.36695433,0.75032783,0.9249711,0.96182895,0.97769427,0.99175811,1.00365615,1.01309657,21
0.70835238,46.64406715,38.69830259,2.8,2.0,0.5381329,1.3525529,1.865768,2.150116,2.3411832,2.486199,2.6063175,2.7088447,19
0.59038838,64.66239573,312.49567925,2.4,2.5,0.31373715,0.5785806,0.7292874,0.8224242,0.88884187,0.940861,0.98245645,1.0160453,21
0.90470363,182.6598306,76.356795,2.3,2.4,0.15054679,0.25586438,0.3572681,0.4538796,0.54518986,0.6323397,0.71369004,0.79078674,16
0.8860651600475088,288.4522078176737,281.0985785133089,2.24088383,2.0004127,0.0671916007995605,0.1024215221405029,0.1308403015136718,0.1455700397491455,0.1690704822540283,0.1906101703643798,0.2117226123809814,0.2324769496917724,11
0.3026423365305852,1.8550363416484044,0.0071394245977983,2.166708424460733,2.764600863540742,1.2483274936676023,4.246891021728516,7.845312118530273,11.173067092895508,13.2793607711792,13.319202423095703,13.325892448425291,13.331608772277832,12
0.6193545895472823,17.393758037923764,0.0038893191358794,2.936570156500548,2.560902719741974,0.946070909500122,2.728792190551758,4.007509708404541,4.650795936584473,4.981884002685547,5.205945491790772,5.370543003082275,5.489012241363525,5
0.81247485,261.29993442,99.72238786,2.7,2.1,0.12577772,0.2100327,0.2880776,0.36326075,0.43696833,0.5075629,0.5748787,0.6396768,2
0.3137740686337549,54.7967759872765,0.0050461998174261,2.7372017021209065,2.0284784425068083,0.795600175857544,2.2298595905303955,3.185894727706909,3.588434934616089,3.782613039016724,3.8804118633270255,3.949462652206421,4.006956100463867,22
0.62665993,195.97464116,79.67567371,2.4,2.7,0.22267818,0.37850356,0.5208361,0.64659595,0.7592964,0.861706,0.95482135,1.0393846,16
0.9315967,157.22698975,351.74295044,2.81162739,2.93000174,0.16257858,0.22976136,0.30356407,0.37557364,0.43899274,0.49955845,0.55557823,0.60842371,4
0.81064891,144.49635312,327.1517451,2.5,2.3,0.14277983,0.20533323,0.27013826,0.3274746,0.3801751,0.4297154,0.47521663,0.51772285,4
0.71238647,258.56932133,227.40598187,2.6,2.8,0.14752865,0.20385408,0.26367545,0.32681394,0.38495994,0.43793488,0.4882393,0.5360863,3
0.5960251329617369,55.61902495337356,5.0515172542744535,2.0725723172052715,2.1480474376920897,0.540874719619751,1.3358569145202637,1.8046395778656008,2.05605149269104,2.2252533435821533,2.356614828109741,2.4711849689483643,2.563908815383911,18
0.92991728,189.20153809,205.89796448,2.59710503,2.04165888,0.10847449,0.16779637,0.22017574,0.26934743,0.32006645,0.36842394,0.41365409,0.45688105,3
0.41273202,191.65820395,109.15667364,2.1,2.3,0.24293828,0.40564847,0.5273938,0.62755394,0.7122886,0.7845297,0.8487532,0.90427923,16
0.8006058990528598,2.665339277403929,0.013767722071738,2.4629400361606693,2.880115724653628,1.163034439086914,3.5923542976379395,5.678225040435791,6.84852933883667,7.391782283782959,7.698054790496826,7.938438892364502,8.12527084350586,5
0.8995826342503741,0.7271104257318639,5.001981308611692,2.6710285992959486,2.060914999723116,1.138401746749878,3.441117286682129,5.358396053314209,6.444468021392822,6.9942498207092285,7.36029577255249,7.664987087249756,7.91725492477417,6
0.9723853899759656,44.18018136405604,0.0047553428882045,2.7215747949140043,2.838279139371431,0.471653938293457,1.0633065700531006,1.5192139148712158,1.862391710281372,2.128926038742065,2.3465383052825928,2.52968430519104,2.6877858638763428,18
0.50411677,237.20153809,360.82684326,2.91280389,2.26154661,0.12633085,0.15217471,0.1785295,0.19202304,0.21105075,0.22708201,0.24008012,0.25564265,11
0.63544517,243.63812098,203.12667403,2.4,2.5,0.14376307,0.20841742,0.27445197,0.33413315,0.39020348,0.44319463,0.49228382,0.539129,3
0.49059176,111.15741166,14.4285554,2.88658333,2.00899304,0.41670537,0.92421818,1.25701189,1.46005011,1.6098547,1.73056889,1.82683754,1.91252661,19
0.893868277339265,1.5247359852615148,0.2544725030894065,2.793124482942084,2.0550384681576634,1.0976197719573977,3.172179698944092,4.690953731536865,5.514002799987793,6.025677680969238,6.448756217956543,6.813228607177734,7.0728912353515625,5
0.6488497120666703,47.62863830888332,367.2612147463202,2.2,2.7,0.3244819641113281,0.6417570114135742,0.828510046005249,0.9313573837280272,0.9986560344696044,1.0497572422027588,1.0896663665771484,1.1223313808441162,21
0.9857567533354048,1.024615284622758,12.74460741210136,2.1444067208761144,2.294728084636064,1.0672059059143066,3.153722047805786,4.705803871154785,5.51986026763916,5.935739517211914,6.219510078430176,6.423908233642578,6.557834625244141,6
0.71949899,171.44125366,399.6880188,2.86192369,2.63245749,0.15211058,0.1932292,0.2376945,0.28144097,0.31904674,0.35292697,0.38517499,0.41476703,4
0.662070553792448,3.3882996933941927,1.1703464063614313,2.799389891305588,2.7218214741137188,1.1960034370422363,3.731475830078125,6.060944557189941,7.433439254760742,8.033432006835938,8.306077003479004,8.526068687438965,8.716950416564941,13
0.3654408365603282,60.87215155356205,0.0031680144101161,2.224014833918535,2.274613060161496,0.7518055438995361,2.114675045013428,2.9973788261413574,3.3576622009277344,3.5000557899475098,3.5790486335754395,3.646041393280029,3.70493745803833,22
0.36730952,229.35548048,89.38327843,2.3,2.5,0.27083993,0.46481657,0.6018696,0.7124536,0.8043585,0.88425684,0.95363,1.0133271,16
0.520976403189272,22.18936686237878,7.465324774213204,2.38454103,2.01214504,0.8333821296691895,2.301951169967652,3.2468292713165283,3.674346208572388,3.892747640609741,4.035282135009766,4.128630638122559,4.198394775390625,22
0.38406136,153.56768693,340.51770731,2.2,2.6,0.20126557,0.24868059,0.28402686,0.31228757,0.33760262,0.3601098,0.38119483,0.39996028,4
0.5790589438037174,5.637800532560958,0.1802034258548712,2.801723381136975,2.656142306643729,1.1697349548339844,3.634328842163086,5.861943244934082,7.161464691162109,7.693957328796387,7.925215721130371,8.10794734954834,8.269433975219727,5
0.52249618,292.4931826,207.11842719,2.9,2.9,0.19315696,0.26995707,0.35398984,0.42932653,0.49666047,0.56027913,0.6189439,0.6745794,3
0.69504762,298.92996216,398.15060425,2.39312482,2.46110964,0.09097195,0.11411166,0.13467383,0.14359283,0.16110492,0.17876172,0.19037151,0.20256209,11
0.64544594,2.29187369,5.2293973,2.3979094,2.82979107,1.25722218,3.88862777,6.50725651,8.2035923,8.90977669,9.14244652,9.32795238,9.45441532,14
0.817355296831631,31.333380914850647,0.7413834041108156,2.0491408278043988,2.1663444074102136,0.5290420055389404,1.2576639652252195,1.718611717224121,2.008122444152832,2.216277599334717,2.381321907043457,2.516088485717773,2.634197235107422,18
0.90139381,135.31363651,370.2627036,2.9,2.9,0.17845964,0.2529471,0.33527207,0.40968156,0.47634935,0.53807163,0.5954337,0.64885473,4
0.52040626,87.35107621,174.85959902,2.34209359,2.31695738,0.37047243,0.77192116,1.02250409,1.16882992,1.2701292,1.35027957,1.41751003,1.47118807,10
0.6669039757734209,2.004876640237524,0.0148165055753021,2.3698148812001105,2.4406608484344625,1.187253475189209,3.767470359802246,6.243133544921875,7.785784721374512,8.443252563476562,8.648904800415039,8.793188095092773,8.919416427612305,12
0.54007074,71.87104047,344.60731724,2.3,2.2,0.25994563,0.41567993,0.4971125,0.5540159,0.5980518,0.6353266,0.6656537,0.6912198,21
0.51390461,277.20690292,26.3735147,2.3,2.1,0.1706245,0.27514648,0.37425303,0.46487212,0.5474334,0.62431955,0.69543505,0.76196,15
0.3,54.45818406515525,359.6322756493193,2.4319694,2.08215928,0.3271174430847168,0.612309455871582,0.6849057674407959,0.688767671585083,0.6936280727386475,0.6983098983764648,0.702582836151123,0.7064824104309082,21
0.46584668,107.11640843,290.89276672,2.8,2.4,0.33238292,0.6400063,0.82097125,0.93232656,1.0138905,1.0784819,1.1310568,1.1758742,21
0.7995748168616821,1.5020157296063987,117.34359608055954,2.8438636327123468,2.712205965755846,0.9348931312561036,2.8588998317718506,4.52877140045166,5.417644500732422,5.653043746948242,5.7118024826049805,5.72279167175293,5.723004341125488,7
0.96472853,153.13376168,230.02947826,2.75526209,2.76649914,0.17449522,0.27619481,0.37850595,0.47911239,0.56992984,0.65473032,0.73477674,0.80948019,17
0.48428162,124.85965088,278.12026613,2.48424487,2.83050615,0.31320643,0.57619119,0.74189353,0.86121798,0.95470858,1.03087568,1.09389329,1.149436,10
0.6570521957536467,0.8619779508439604,0.0109118518210763,2.57378412327966,2.730659714681879,1.2686312198638916,4.186215400695801,7.399003982543945,9.842717170715332,11.170424461364746,11.292059898376465,11.30426025390625,11.31425952911377,12
0.64883511,124.98679354,311.63419846,2.16710445,2.66988965,0.19947863,0.30552435,0.3988483,0.47853851,0.54873252,0.61152816,0.66676617,0.71701384,17
0.75386739,164.09439087,354.60064697,2.01378059,2.6889329,0.12811208,0.18005085,0.23401904,0.28322864,0.32827735,0.3704071,0.40972781,0.44683576,4
0.9109047317606568,1.5145075255799352,0.0161123707401577,2.729810743082391,2.454983255414646,1.1528332233428955,3.4325978755950928,5.220961570739746,6.195858001708984,6.738435745239258,7.146343231201172,7.500543594360352,7.771100044250488,5
0.62101451,4.30256272,119.43753281,2.13654622,2.69011238,0.89434886,2.68063712,4.16332722,4.8612175,4.96411419,4.96522713,4.96529007,4.96530819,23
0.33247656,176.00556946,267.68112183,2.41009426,2.73371553,0.29916883,0.5176127,0.63171816,0.71199417,0.77539396,0.83016467,0.8760252,0.91518736,21
0.48511716,113.88057778,378.09234187,2.9,2.4,0.27449512,0.45284963,0.55111337,0.6270957,0.6890631,0.74064946,0.78438115,0.8234899,17
0.60697403,151.23433419,275.89450128,2.1,2.9,0.16555667,0.22671413,0.28827047,0.33877778,0.38473964,0.4264841,0.46464324,0.49969053,4
0.6183785658126676,40.75419380010853,23.08211916810712,2.6341398048025364,2.793915637559303,0.7028992176055908,1.947098731994629,2.770126819610596,3.172308921813965,3.390104293823242,3.54656982421875,3.662360191345215,3.77001428604126,23
0.9236854274415952,22.72504951242986,0.0244420490004526,2.36761449487722,2.457433365032883,0.5970077514648438,1.4749786853790283,2.0484910011291504,2.404129981994629,2.6565489768981934,2.8544702529907227,3.017741680145264,3.156893730163574,18
0.80277807,277.55561418,271.53113541,2.9,2.7,0.15510702,0.1890502,0.23929858,0.30212426,0.354913,0.40579748,0.454345,0.5011003,4
0.6816211063849665,32.43492454609254,376.8888082768242,2.0,2.0,0.2441663742065429,0.3855483531951904,0.4468753337860107,0.4831411838531494,0.508991003036499,0.5283162593841553,0.5440018177032471,0.5566253662109375,21
0.7473921535775527,1.6805481831842557,0.3376095387244672,2.924852645800968,2.686006186512763,1.2363567352294922,3.8961501121521,6.401381969451904,7.95319128036499,8.654277801513672,8.99056625366211,9.252473831176758,9.488624572753906,13
0.4080120178419404,149.4580302043743,251.0461677602068,2.67563084,2.24149206,0.2503900527954101,0.3965957164764404,0.4887328147888183,0.5628442764282227,0.6246860027313232,0.6780698299407959,0.7248725891113281,0.7658488750457764,17
0.74629664,30.2160511,28.43984413,2.28748059,2.06364632,0.56986666,1.37972927,1.86992764,2.13847899,2.32021117,2.4584353,2.56921268,2.66367888,19
0.9745440733095768,27.188323185758296,0.3874962625609969,2.321630121123158,2.7985196293933687,0.5496962070465088,1.3288116455078125,1.8669214248657229,2.226280689239502,2.4910759925842285,2.701353073120117,2.8771862983703613,3.0277814865112305,18
0.8293451153090522,277.36381645372194,296.13479325848834,2.03869605,2.02954698,0.062701940536499,0.0944967269897461,0.1207168102264404,0.1355242729187011,0.1562685966491699,0.175088882446289,0.1936674118041992,0.2129173278808593,11
0.597337397915194,1.0760641216349756,0.4805954215923487,2.0410909318625663,2.775260245232083,1.21830153465271,4.0934157371521,7.35171365737915,9.95785140991211,11.333610534667969,11.445051193237305,11.453388214111328,11.460464477539062,13
0.6770201346371499,2.637169694102216,66.7571365348687,2.759934300376421,2.2074870520044514,0.95688796043396,2.867961883544922,4.41656494140625,5.174723148345947,5.401975631713867,5.507680892944336,5.556920051574707,5.573361396789551,7
0.6563794140687585,17.27649037039476,0.148705726740279,2.5690816857774625,2.0859042813521302,0.8214237689971924,2.215860605239868,3.0979349613189697,3.5474374294281006,3.811417818069458,3.987753629684448,4.124258995056152,4.226364135742188,22
0.74184448,295.37620913,238.86220663,2.30227296,2.23314373,0.08713293,0.13020873,0.16649318,0.19200087,0.22266436,0.25399184,0.2846024,0.31275105,11
0.47935155,262.90941425,357.90756849,2.6,2.9,0.1493597,0.17565012,0.2064271,0.23816395,0.26545596,0.28780603,0.31010842,0.3306179,11
0.80849304,62.34953434,169.24887179,2.89880905,2.83827845,0.390136,0.82655883,1.15349674,1.39518261,1.58107901,1.72864866,1.84987211,1.95103836,10
0.85245081,142.81721057,172.27889009,2.0,2.0,0.12722111,0.20855308,0.28581119,0.3572464,0.42418718,0.48615289,0.54376483,0.5977757,3
0.7096593505834986,3.953985127009795,0.0641790148042179,2.649909300026123,2.9709674811326385,1.175562858581543,3.6529812812805176,5.8498711585998535,7.115840435028076,7.679281711578369,7.973128795623779,8.201471328735352,8.384571075439453,12
0.4748818308818942,255.40331685813945,0.1305733765569864,2.417586916528543,2.894083317937032,0.2902748584747314,0.5395231246948242,0.7423045635223389,0.9151098728179932,1.064307689666748,1.194331169128418,1.308619737625122,1.4109203815460205,8
0.46109021,150.09359004,305.62523374,2.4,2.7,0.2305429,0.33569884,0.40770507,0.46712804,0.5193994,0.56462646,0.6043279,0.6416869,17
0.66982853,90.91456538,84.92909345,2.3,2.1,0.32021284,0.63613486,0.8755882,1.0609264,1.2076108,1.329607,1.430999,1.5166585,10
0.50686763,133.24759138,128.92389275,2.8,2.2,0.35219693,0.72774243,0.9868922,1.1682873,1.3050339,1.4144351,1.5075727,1.5873585,10
0.42532342,229.41822697,317.29378411,2.2,2.8,0.14622784,0.17446661,0.20482898,0.22536278,0.24621534,0.2673366,0.28652263,0.30377245,11
0.6554488537340946,0.7702627208408694,0.0057827702862293,2.314834740827047,2.6160857308557537,1.2427594661712646,4.112533092498779,7.268322944641113,9.709466934204102,11.00289249420166,11.082110404968262,11.09426975250244,11.104205131530762,12
0.5867428723308248,18.61429824420885,0.0069904347750215,2.369411898588344,2.6543786602561754,0.9323089122772216,2.7405829429626465,4.0543131828308105,4.6687774658203125,4.938488960266113,5.101681709289551,5.212132930755615,5.298994064331055,5
0.91107795,137.88339015,38.4505194,2.76717858,2.31626848,0.21213317,0.38087702,0.54276514,0.6912055,0.82774925,0.95300221,1.06825733,1.17427301,15
0.82378392,278.50006142,334.66974763,2.2372385,2.32984765,0.07763934,0.1148417,0.14577246,0.16158843,0.18219495,0.20427465,0.22686458,0.24788809,11
0.3880627928919663,2.4295065325133938,0.003367910760145,2.3325313072850817,2.308734801253116,1.2131431102752686,3.99730396270752,7.089935302734375,9.641441345214844,11.17920970916748,11.256487846374512,11.262831687927246,11.268266677856444,12
0.91866404,266.47252383,351.64181531,2.8,2.8,0.15165758,0.15556121,0.18193007,0.23145795,0.27134252,0.30635357,0.3418522,0.3756721,4
0.33599801,251.12964907,8.15985713,2.6,2.0,0.32399344,0.63838243,0.849983,1.0018721,1.1212261,1.2192972,1.3019462,1.3750694,9
0.35159856,19.61460686,11.08805084,2.77969718,2.2216711,1.05955172,3.07867718,4.68195009,5.48780918,5.73369026,5.88219833,5.96882248,6.0075779,6
0.5078738267598797,143.848769889886,52.15630394125837,2.005678868992139,2.908449932211587,0.3703427314758301,0.8150012493133545,1.13008451461792,1.3489596843719482,1.51611590385437,1.6511993408203125,1.7662348747253418,1.864285469055176,9
0.3,85.9458934,257.35270528,2.0,2.0,0.33539772,0.63869309,0.74694371,0.77240157,0.7925868,0.81133842,0.8272891,0.84111643,21
0.8128360465835198,24.256112570712467,0.0050780280959328,2.4947724043903143,2.446000831962497,0.6685600280761719,1.7317523956298828,2.40488862991333,2.782590866088867,3.031412601470948,3.2206902503967285,3.372450351715088,3.503518581390381,18
0.95015953,152.8876064,15.64061612,2.6,2.6,0.2072258,0.37025142,0.5279982,0.67717075,0.8154285,0.94424105,1.0643053,1.1760056,15
0.725624447334253,293.481090694046,0.1111352212383195,2.626801754746608,2.710078062769738,0.176060676574707,0.2880616188049316,0.3978407382965088,0.5080471038818359,0.6098484992980957,0.7059710025787354,0.7968025207519531,0.8835110664367676,15
0.61154592,196.96536255,400.0,2.0,2.0,0.07552719,0.09689021,0.10982919,0.11261988,0.12134528,0.12812281,0.1334796,0.14079165,11
0.4783453067769536,39.38583803916453,0.0289067249112664,2.3476188613270645,2.8164140875218835,0.850515604019165,2.523832321166992,3.743223667144776,4.301094055175781,4.520380020141602,4.643374919891357,4.731699466705322,4.798672676086426,22
0.93322258,233.18037684,90.86021541,2.8,2.8,0.16423845,0.2620027,0.35820317,0.4614601,0.5558684,0.6455753,0.7309773,0.81257534,16
0.54498826,241.97571809,286.20164427,2.2,2.6,0.12454319,0.16083646,0.19750118,0.22577643,0.2530954,0.28012347,0.3066306,0.3312466,11
0.5548053034221921,6.2164686354646,47.45818905034753,2.45500588,2.23170137,0.9629635810852052,2.8825130462646484,4.408292770385742,5.134544372558594,5.353256702423096,5.446424961090088,5.48961067199707,5.512521743774414,7
0.69532475,150.9931663,352.46727307,2.97929646,2.13102784,0.13664556,0.1749239,0.21417832,0.24149561,0.26950097,0.2966609,0.32153797,0.34494114,11
0.33894968,16.15421295,48.70681763,2.03250837,2.81153393,1.01568794,3.14288425,5.08827972,6.2576108,6.50790358,6.51798964,6.52124548,6.52314615,7
0.64076987,279.73723327,223.82592772,2.8,2.9,0.16153002,0.22431803,0.29334927,0.36324358,0.42373252,0.4811256,0.5352514,0.5868318,3
0.63718,268.04997481,92.90077164,2.4,2.3,0.14658356,0.23086834,0.3139751,0.3907864,0.4637537,0.53177714,0.5957234,0.6565311,2
0.8966347341916292,0.8484931383758885,157.6616300584829,2.989748481472273,2.38346232408127,0.8175640106201172,2.4142632484436035,3.681406974792481,4.232174873352051,4.376826763153076,4.4008331298828125,4.400854110717773,4.400965690612793,23
0.4833732920871881,3.144260757955816,0.96122939059675,2.3283591728984985,2.884134461756805,1.2341628074645996,4.081256866455078,7.228109359741211,9.630207061767578,10.849494934082031,10.999879837036133,11.00778579711914,11.014386177062988,13
0.3972155557045771,1.262746976507812,0.0258723843012009,2.0747116170786497,2.120367706165951,1.1859726905822754,3.919789552688599,6.974968910217285,9.56629467010498,10.912899017333984,10.936756134033203,10.94421672821045,10.950506210327148,12
0.4549608101163345,1.341048144860096,0.3507212971701818,2.5479792534602805,2.494314289748745,1.2478516101837158,4.1363019943237305,7.42816162109375,10.229887962341309,11.81286334991455,11.860063552856444,11.86567211151123,11.87037467956543,13
0.5277174639306546,1.917759572322694,0.4296642444562837,2.87015676,2.48570728,1.243788480758667,4.038996696472168,7.050102233886719,9.334835052490234,10.457229614257812,10.567917823791504,10.576445579528809,10.583839416503906,13
0.61814514,42.30685916,79.04234417,2.5,2.8,0.61486983,1.594861,2.2248182,2.524322,2.6878724,2.8040905,2.8959746,2.974997,20
0.46049163,85.18374741,375.25174472,2.8,2.9,0.3450141,0.64225125,0.7893827,0.86263394,0.9124608,0.95397115,0.9869194,1.0141559,21
0.33144372,100.42782144,32.31595342,2.6,2.8,0.67284393,1.8364291,2.6151419,2.9240255,3.03716,3.1039653,3.1619182,3.2153492,23
0.41328346,257.55716814,395.23753853,2.80824119,2.57557551,0.14962602,0.16775727,0.18911695,0.20957732,0.22848773,0.24244905,0.25668907,0.27047968,11
0.96181846,150.7456665,175.22148132,2.34027624,2.87218237,0.17081189,0.28714705,0.39964414,0.5084846,0.6091311,0.70379758,0.79209232,0.87543368,17
0.61395907,40.59590002,358.9266456,2.1,2.6,0.28394532,0.46756816,0.53941107,0.5760193,0.60086894,0.62191844,0.6383879,0.65172315,21
0.6251634,248.5713771,102.64542009,2.8,2.8,0.20813155,0.33344984,0.45625806,0.5690069,0.67179656,0.76646996,0.8540144,0.9359875,16
0.78434203,149.59096669,153.30790235,2.2,2.7,0.1820066,0.29761744,0.4098308,0.5103607,0.60120654,0.6852529,0.7625096,0.833617,17
0.4489812256527024,8.80626627919147,3.75346599482168,2.70325333,2.6549604,1.1575555801391602,3.649242639541626,6.031642913818359,7.517177581787109,8.08543872833252,8.217771530151367,8.292689323425293,8.364201545715332,14
0.62532341,44.10640069,277.24885081,2.0,2.3,0.31049705,0.5757818,0.71577907,0.788764,0.8395443,0.87741256,0.9061644,0.92986465,21
0.33780567,252.03781877,159.2556234,2.6,2.7,0.27306175,0.44695544,0.5592699,0.65295124,0.7321923,0.80128384,0.860708,0.9147403,17
0.9184786384046688,1.784402243691104,0.2124650260823355,2.237435231108933,2.228854457353177,1.0672004222869873,3.090662956237793,4.533710956573486,5.286160469055176,5.718811988830566,6.03076696395874,6.266927242279053,6.445991039276123,5
0.67424023,101.06418093,168.94330793,2.8584923,2.35076817,0.28952718,0.53748178,0.72746277,0.88192177,1.00913191,1.11580801,1.20783639,1.28643441,10
0.3057841587074311,13.37109063968611,0.0618785555659637,2.538256972371673,2.0280233653523307,1.0764093399047852,3.327833652496338,5.413062572479248,6.722651481628418,7.155731201171875,7.236893653869629,7.288509368896484,7.327672958374023,5
0.67103287,259.0502109,74.52724902,2.14219683,2.15650322,0.12621593,0.20349932,0.27664113,0.34530187,0.41146636,0.47387123,0.53274679,0.58838749,2
0.9839026226717476,8.360424818747571,0.0372944388999024,2.904935776836625,2.6375828345394687,0.8388519287109375,2.2600855827331543,3.203688621520996,3.7430715560913086,4.091338157653809,4.355766773223877,4.562240123748779,4.733543395996094,22
0.3546796105766328,68.36547020563842,0.0229339596572159,2.0434536566674493,2.4197916704265072,0.7324733734130859,2.0813446044921875,2.955723285675049,3.288426399230957,3.412582397460937,3.4865942001342773,3.545292377471924,3.593806743621826,22
0.7224743332697975,27.2002798200566,0.0105908214989982,2.2207370708096663,2.9712418895698294,0.738257884979248,2.081705570220948,2.9558663368225098,3.3905720710754395,3.6347975730896,3.8065743446350098,3.9428677558898926,4.06382417678833,22
0.6783381206110648,10.51693392493342,0.0577201521969415,2.0405522695456217,2.994442627593883,0.9759831428527832,2.9742674827575684,4.534276485443115,5.288751125335693,5.589353084564209,5.742114543914795,5.86396598815918,5.952997207641602,5
0.53043299,124.02027366,131.61945606,2.69689675,2.17539677,0.29895949,0.55906272,0.74391484,0.88552117,0.9968884,1.08867025,1.16798687,1.23394084,10
0.3751162230843605,20.29921695258633,0.0696689760893408,2.6742326364557387,2.8953997146314983,1.1070337295532229,3.477235794067383,5.687412738800049,7.019245624542236,7.471906185150146,7.573520183563232,7.645593166351318,7.694394588470459,5
0.99796297,9.66842831,152.18901194,2.5,2.5,0.595526,1.5242629,2.1188064,2.4096313,2.5581555,2.649166,2.7149858,2.7673078,20
0.71142506,124.50013898,94.03967169,2.4,2.2,0.25176454,0.46101737,0.64028907,0.795203,0.92930627,1.0470929,1.1496637,1.2401068,10
0.75875832,221.19705932,203.65488924,2.62092486,2.19914962,0.12499881,0.18722224,0.24652505,0.30036855,0.35263205,0.4029634,0.45050979,0.49495769,3
0.9914787993881414,3.4640054685026267,13.129072049683362,2.533035343262239,2.170918196321087,0.9049198627471924,2.427653789520264,3.411045551300049,3.946239471435547,4.298081398010254,4.547792911529541,4.733433246612549,4.870374202728272,22
0.68947727,48.63495087,382.66523495,2.5,2.8,0.3045256,0.53711915,0.6604645,0.7372744,0.79174256,0.83539844,0.8694339,0.89654136,21
0.92128123,50.98285525,310.64569839,2.4,2.2,0.23285651,0.39691997,0.5282202,0.6353848,0.7243085,0.7994571,0.86193633,0.9152398,17
0.75659476,164.66189266,225.6756792,2.2,2.2,0.13830161,0.21043491,0.2802992,0.3438313,0.4033184,0.4587469,0.50963163,0.55711985,3
0.60105986,261.20309798,47.7529302,2.3,2.3,0.1603601,0.25861168,0.3547125,0.44297194,0.52499366,0.6013577,0.6723523,0.73925304,16
0.48178324,34.30913742,262.61333013,2.3,2.9,0.48155618,1.1581106,1.5336208,1.5955806,1.5980186,1.6012273,1.6044259,1.6074204,1
0.81352277,195.20949202,177.89037227,2.4,2.5,0.14788604,0.23215365,0.315938,0.3938036,0.46708608,0.53561664,0.6005776,0.6616349,3
0.8201811480108538,40.16350246356327,0.0039407994751259,2.72213310287793,2.067911880410483,0.4839668273925781,1.127183198928833,1.578960657119751,1.879297971725464,2.1003334522247314,2.2779629230499268,2.426974058151245,2.5548512935638428,18
0.72226885,48.52888464,163.18816616,2.53005996,2.09234802,0.36458421,0.76135206,1.02717829,1.1961298,1.31479383,1.40583682,1.47771502,1.53626299,10
0.46110564,19.49658012,15.69824791,2.58183575,2.27226996,0.97481394,2.7687757,4.06265926,4.64837551,4.88749504,5.01185226,5.09850788,5.14365101,22
0.54438259,152.82562967,361.4559517,2.3,2.6,0.16214585,0.20020533,0.23934007,0.26936626,0.29738474,0.32373476,0.34797668,0.37004685,4
0.4309116,83.1999762,257.03597503,2.7,2.5,0.4231484,0.95955276,1.276392,1.3941488,1.4518952,1.4960971,1.5320129,1.5640302,1
0.76502764,293.57312012,147.86911011,2.37961745,2.61343741,0.12304878,0.19220042,0.25384974,0.31623864,0.37755561,0.43573427,0.49022388,0.54304409,2
0.83296597,56.87978811,399.87540313,2.5,2.4,0.22316313,0.3430891,0.43064237,0.5010245,0.55975485,0.6086278,0.6492543,0.6842561,17
0.90821405,181.50614761,265.68845901,2.8,2.5,0.14739251,0.22475743,0.29938817,0.37637663,0.44750404,0.5127268,0.57497334,0.6335161,4
0.9161537120558032,1.1165849886266808,20.569682422554813,2.27088958,2.40347761,1.0861937999725342,3.291458368301392,5.073111534118652,6.021714210510254,6.455471038818359,6.696048736572266,6.864604949951172,6.975968360900879,7
0.3796764,64.54414906,107.6246935,2.0,2.5,0.542521,1.3515818,1.7984071,1.9301405,1.9852519,2.0285053,2.0651531,2.098136,0
0.7147701686941283,226.8539051553693,0.0782950242722622,2.880387378721395,2.743630096218251,0.2312889099121093,0.3988373279571533,0.5612926483154297,0.7117812633514404,0.8487937450408936,0.9755003452301024,1.092888593673706,1.2008204460144043,15
0.46021703,296.17937095,375.35405075,2.8,2.6,0.1368022,0.15987706,0.18299532,0.21275234,0.23473573,0.25407743,0.27332926,0.29146123,11
0.60325224,89.70047083,146.17586817,2.4,2.2,0.34215045,0.69325256,0.9363313,1.1053247,1.2336915,1.3351429,1.4186673,1.4896498,10
0.62405284,74.35320826,39.01205163,2.4528868,2.37608452,0.46539402,1.09315062,1.51177239,1.76702738,1.95036602,2.09276962,2.21333599,2.31552553,19
0.3915165039282972,6.818392403962217,0.3358745618621734,2.862242772174708,2.2575250319981763,1.1696102619171145,3.6966240406036377,6.236435890197754,7.972857475280762,8.697108268737793,8.803600311279297,8.847650527954102,8.917705535888672,13
0.6990405024766074,22.65063032329445,400.0,2.17679787,2.09619808,0.2743148803710937,0.4576930999755859,0.5177595615386963,0.5366177558898926,0.5497293472290039,0.559962272644043,0.5678989887237549,0.5741891860961914,21
0.67704201,164.31027222,94.56396484,2.59347129,2.34574103,0.22303462,0.38464022,0.53184652,0.66140151,0.77741313,0.88200355,0.97686934,1.06270385,16
0.33614392,168.81572113,371.04838081,2.04348109,2.46694117,0.18866897,0.22674465,0.25729465,0.2826004,0.3040638,0.3239305,0.34220505,0.35901666,4
0.4076581937852158,9.791236141129176,0.0079415187809556,2.5168876786124166,2.936717961502212,1.183952808380127,3.808568000793457,6.498612403869629,8.322909355163574,9.073859214782717,9.20655632019043,9.235167503356934,9.267173767089844,12
0.71929038,197.28413391,250.54000854,2.09000373,2.07534838,0.10355639,0.15188217,0.1952107,0.23277378,0.27176332,0.30788922,0.34201527,0.3740778,4
0.64376358,120.99433159,389.99025219,2.5,2.5,0.18481874,0.24662638,0.30382824,0.3514228,0.39428234,0.43230367,0.46636653,0.49764776,4
0.7513243596764078,0.8023216020288464,0.0232227728043467,2.396934142506069,2.51568249686527,1.227780818939209,3.977369546890259,6.779582977294922,8.691615104675293,9.60134220123291,9.834545135498049,9.909276008605955,9.995733261108398,12
0.35310821,244.32108893,131.19817127,2.2,2.1,0.20910501,0.31401086,0.3997736,0.47185993,0.5354018,0.59136176,0.6431112,0.68888354,17
0.5570751353428728,17.110920692573952,0.0121482659737348,2.1388073610983023,2.59291297393136,0.949537992477417,2.8186299800872803,4.205473899841309,4.835321426391602,5.081940650939941,5.223605155944824,5.3158159255981445,5.394835472106934,5
0.69234192,240.68144226,3.07271862,2.88474154,2.80315256,0.22907901,0.39052558,0.54750919,0.69273114,0.82557464,0.94815874,1.06176853,1.16663837,15
0.43930826,286.70424443,167.98761609,2.35192286,2.8912475,0.20466709,0.30651069,0.40102458,0.48454475,0.56038833,0.62965941,0.69344521,0.75281477,17
0.5217273,110.44740612,10.35199265,2.6,2.6,0.48363853,1.140172,1.5794985,1.8359177,2.014724,2.1541965,2.271303,2.37278,18
0.98568463,269.27615356,100.91973114,2.00589991,2.16287279,0.08369827,0.14476919,0.20003629,0.24746656,0.29797459,0.34733629,0.39491916,0.44188714,2
0.424813737851188,11.482949038409169,2.434992430170883,2.66980638,2.34289668,1.0956764221191406,3.367964744567871,5.377611637115479,6.506618976593018,6.895631313323975,7.045481204986572,7.149337291717529,7.218591213226318,6
0.7441713040961755,1.5817943927505242,0.0935584763037719,2.326433404329141,2.9987223491895243,1.221801996231079,3.937197685241699,6.641203880310059,8.35575008392334,9.147680282592772,9.450538635253906,9.60177993774414,9.725956916809082,12
0.32255483,226.21914673,364.59799194,2.97697616,2.47596288,0.19367146,0.2222383,0.24592853,0.26371455,0.28288913,0.29788256,0.31309605,0.32701778,11
0.51964468,180.64007568,369.38912964,2.19796014,2.68612552,0.16812229,0.21802902,0.26766014,0.30981636,0.34922361,0.38499999,0.41757607,0.44766903,4
0.76613737,178.72029178,349.61816089,2.7,2.5,0.14648461,0.20188165,0.25789428,0.31376457,0.36432528,0.4101143,0.4533105,0.4935677,4
0.82049304,287.75259717,119.62156456,2.8,2.4,0.13158965,0.21099114,0.28023458,0.35604048,0.42913675,0.49721074,0.56189394,0.62409425,2
0.8702146,32.60186155,311.33205068,2.55578586,2.35593731,0.31093335,0.58976197,0.76978993,0.88846588,0.97166705,1.03234816,1.07896733,1.1151154,21
0.8079438327991169,1.483188668232969,2.7875390179120383,2.799364097631305,2.554582836804936,1.193831443786621,3.679351329803467,5.876432418823242,7.144443511962891,7.746740341186523,8.092120170593262,8.389567375183105,8.647167205810547,14
0.80307496,33.23089981,315.29537964,2.0354557,2.0249393,0.25270891,0.42816329,0.53350139,0.60409331,0.65317726,0.69007993,0.7177012,0.73904324,21
0.92187714,88.15177289,33.73337911,2.6,2.0,0.26250625,0.5062418,0.7258079,0.91991806,1.0911114,1.2431414,1.3769317,1.496129,9
0.90769372,180.13122909,276.13315584,2.7,2.3,0.1304574,0.20129299,0.26839352,0.33418226,0.39661622,0.45562387,0.5100298,0.56263685,4
0.33833707,91.56293862,253.9642806,2.5,2.3,0.41389418,0.9279916,1.2000339,1.2658436,1.2956042,1.3228681,1.3457162,1.3655655,21
0.62586829,174.78902001,203.84312423,2.1,2.5,0.15904093,0.23416734,0.30885673,0.37513685,0.43516278,0.4898262,0.53999615,0.5869496,3
0.39360241,164.96505272,336.61761057,2.6,2.5,0.23831534,0.34141684,0.40169,0.45265198,0.49733663,0.5363214,0.5716162,0.6023395,4
0.44871497,189.22979555,349.9453193,2.8,2.8,0.22252226,0.303267,0.36554527,0.4193616,0.46623945,0.5090761,0.54775333,0.5830679,4
0.3229489,141.68091813,369.68063409,2.3,2.2,0.2098887,0.25615716,0.28117347,0.30237508,0.32119346,0.33824706,0.35323,0.36725307,4
0.40741366,52.87534461,307.67949234,2.84303856,2.95474991,0.51673126,1.31257892,1.84568572,1.98951602,1.99190784,1.99570346,1.99968648,2.00360227,1
0.82425652,151.74022203,161.89515925,2.4,2.4,0.1751666,0.2881267,0.3990364,0.49987888,0.59273124,0.6781683,0.7569809,0.8307483,17
0.80694032,135.91997262,271.40691805,2.64447339,2.76327065,0.20128942,0.31797147,0.42961049,0.53044772,0.62128901,0.70381045,0.77903414,0.84827971,17
0.40463025,37.13642845,170.03542742,2.41412848,2.59533804,0.65570521,1.81832051,2.60672355,2.84574246,2.8604095,2.86533999,2.87063289,2.8759253,0
0.3516286192571429,1.4161550836068308,0.0964817092492755,2.561679471952081,2.361341570675782,1.2423677444458008,4.115531921386719,7.409955024719238,10.30800724029541,11.914947509765623,11.946496963500977,11.951423645019531,11.95555019378662,12
0.35738783,82.44582479,370.768606,2.9,2.2,0.36475277,0.76777387,0.96984935,1.0216186,1.0464025,1.0677335,1.0858259,1.1017382,21
0.3596792145360588,2.068516072355038,60.81895260899083,2.590144335766473,2.957443067279824,1.1170527935028076,3.635255098342896,6.375171661376953,8.566659927368164,9.681524276733398,9.78897762298584,9.788987159729004,9.788987159729004,14
0.68286753,52.10476561,22.82766065,2.6,2.6,0.56744075,1.412185,1.9650686,2.2726061,2.4802253,2.6381943,2.7684443,2.8820903,19
0.72848484,235.74974771,142.4103557,2.72868898,2.72507401,0.17535138,0.27464461,0.37316322,0.46910954,0.55694914,0.6389401,0.71577811,0.78809643,17
0.45023815,247.32861682,273.49406308,2.9,2.4,0.1958754,0.2741909,0.34605289,0.41015863,0.46793604,0.5205817,0.5692754,0.61423945,4
0.86986343,219.3269916,78.51939238,2.6,2.6,0.16119337,0.2681234,0.37032485,0.472291,0.5677328,0.65789866,0.74268746,0.8241627,16
0.93786919,148.11964417,198.71438599,2.02246928,2.99178147,0.15489221,0.26208019,0.36657667,0.4666028,0.56001997,0.648031,0.7301538,0.80790019,17
0.53141334,43.81207085,220.88684232,2.1,2.4,0.41681743,0.926898,1.1892169,1.2696455,1.3087323,1.3391762,1.3635962,1.383563,21
0.5874992,250.25519154,40.05550821,2.6,2.9,0.2263794,0.37888956,0.52132964,0.6501322,0.7666054,0.87270856,0.9704919,1.0605125,15
0.87599298,8.42417734,101.27945301,2.5,2.5,0.744349,2.0274873,2.8648715,3.2505627,3.4309998,3.5259938,3.578011,3.6161675,23
0.58203088,297.2379549,335.9860013,2.2,2.7,0.09855175,0.12514782,0.14882755,0.15962481,0.1733005,0.19054914,0.20546055,0.2190392,11
0.321115,33.82548515,39.04058486,2.2,2.3,0.87809587,2.5072796,3.6696632,4.1259346,4.241869,4.2732487,4.289357,4.3026114,23
0.3243099828922751,0.7531137460917765,0.0697804427040113,2.9138181903029583,2.8155518085190487,1.319758415222168,4.465124607086182,8.252891540527344,11.820764541625977,13.948358535766602,13.96763038635254,13.97478485107422,13.980705261230469,12
0.82551407,113.37787587,265.82469723,2.5,2.2,0.18198633,0.29043365,0.39418197,0.4857688,0.56765985,0.64193463,0.70937634,0.77138853,17
0.79592544,8.98339748,22.35870552,2.58561134,2.60632467,0.92270541,2.58097577,3.71093583,4.26616669,4.55570698,4.7430315,4.86301804,4.96322441,23
0.94475398,204.50786034,78.93517748,2.6,2.4,0.1500752,0.25455236,0.35366106,0.4516437,0.5445216,0.6336272,0.7174146,0.7976687,16
0.70348477,247.29943848,22.7330265,2.45512795,2.57130194,0.18385267,0.30801582,0.42943263,0.54327536,0.64866805,0.74712825,0.83921099,0.92545748,15
0.84685938,42.81936766,216.4995403,2.5,2.1,0.33634734,0.68640685,0.938375,1.1189535,1.2537739,1.3575084,1.4407792,1.5086613,10
0.43957718,69.11156903,324.43749587,2.82414097,2.50917268,0.38256669,0.78642321,0.99347591,1.06044888,1.09455252,1.12334299,1.14675522,1.16654277,21
0.59461006,28.34145577,86.07725015,2.4,2.4,0.68117213,1.8321526,2.5513637,2.8431847,2.9680965,3.0412548,3.0979397,3.1450174,23
0.92493409,100.38098145,23.35404778,2.979527,2.22239137,0.25484204,0.48517919,0.69513154,0.88237834,1.04916382,1.19756413,1.32955885,1.44873619,9
0.51890555,62.66404945,283.55226707,2.0,2.3,0.2900107,0.5040641,0.6105969,0.6709938,0.7165961,0.75084805,0.77791953,0.8025415,21
0.89102939,92.58336923,369.22422786,2.2,2.9,0.15591717,0.21163082,0.26920295,0.31549144,0.35817838,0.3968997,0.43124986,0.46242952,4
0.97132176,171.84841919,47.06377411,2.11030459,2.93048096,0.16462255,0.29333568,0.41649127,0.53626204,0.6505084,0.75920081,0.86139774,0.9590354,16
0.7732942532517284,11.180008325601245,6.045473869065201,2.574434718590316,2.342403642580475,0.8672857284545898,2.3839056491851807,3.3727452754974365,3.882924795150757,4.177854537963867,4.382404327392578,4.535353660583496,4.656832695007324,22
0.41067532,252.9112854,226.09831238,2.45725513,2.29889083,0.16611862,0.21716642,0.26908875,0.31321692,0.35380149,0.39126325,0.42582178,0.45778131,3
0.8022452,76.81539917,74.57897949,2.20240903,2.84165716,0.35788536,0.74953365,1.05676246,1.30064106,1.49646282,1.65943646,1.7961669,1.91337872,10
0.5974070760622153,85.34698903908279,0.1387045346170831,2.049633366636373,2.401977221234174,0.4499948024749756,1.0442309379577637,1.4329006671905518,1.6798324584960938,1.8611249923706048,2.006978988647461,2.12815809249878,2.233999252319336,18
0.88580368,217.49714012,42.96402683,2.7,2.1,0.14534831,0.2533009,0.35511804,0.45440578,0.54967,0.6402848,0.7267246,0.80896544,15
0.67311585,298.9519043,75.41020966,2.71107912,2.38466096,0.14656854,0.22882795,0.30871773,0.38500524,0.45736837,0.52620316,0.59067035,0.65263391,2
0.9890834623513928,256.67280137032407,0.006936321998093,2.43196664600997,2.7201637070957942,0.1407008171081543,0.2433104515075683,0.3330905437469482,0.4286117553710937,0.5228681564331055,0.6120672225952148,0.6975541114807129,0.7798418998718262,15
0.5566036,198.96105546,277.14050587,2.6,2.9,0.19623232,0.27793312,0.35497165,0.42307067,0.48424387,0.5396278,0.59046555,0.637321,4
0.49943456,280.47918701,156.62835693,2.5044632,2.21450114,0.14593101,0.2048521,0.26569963,0.31977201,0.37004685,0.41712022,0.46102333,0.50253582,2
0.77194016,186.00690979,229.87813162,2.9,2.5,0.1807754,0.2812755,0.38145566,0.47692752,0.5631113,0.6434214,0.71833897,0.78806543,17
0.953717588901668,81.872352934944,0.1231953772158041,2.7483232723523745,2.4139035853535216,0.3073658943176269,0.6116828918457031,0.879755973815918,1.1121163368225098,1.3125481605529783,1.4869842529296875,1.6393499374389648,1.773923397064209,8
0.40261424,220.82115173,36.25542068,2.38609838,2.04828501,0.2486093,0.42864442,0.56785202,0.68252158,0.7797482,0.86422133,0.93791509,1.00353909,15
0.3293577915140093,247.9066310085537,318.0172229417494,2.2,2.1,0.1263139247894287,0.1423864364624023,0.1583104133605957,0.1685705184936523,0.1814360618591308,0.1932191848754882,0.2043929100036621,0.2144641876220703,11
0.86048573,234.44299205,269.166777,2.3,2.1,0.08664203,0.13329053,0.17411733,0.20509338,0.23983002,0.27432108,0.30723095,0.3387766,11
0.82893735,18.42437172,32.51287842,2.87910461,2.07714891,0.64292812,1.60068274,2.20785093,2.55131197,2.77761745,2.94080687,3.07391119,3.18369484,19
0.8025940678063179,42.3564269634408,0.0497355757715519,2.815633432991924,2.1376025262964737,0.4950222969055176,1.1652276515960691,1.6322648525238037,1.937664270401001,2.162315607070923,2.341981649398804,2.490527868270874,2.617060899734497,18
0.78633857,28.07860317,72.6022696,2.5,2.4,0.5837164,1.4741149,2.036936,2.3319867,2.5188825,2.654477,2.7647445,2.8606837,20
0.61619526,114.55333718,18.8474802,2.9,2.1,0.38997507,0.85415816,1.1960063,1.4459798,1.6399512,1.7984011,1.9320238,2.0451167,9
0.4093564,222.77841669,169.93749369,2.8,2.9,0.2930863,0.5037098,0.64855504,0.76797605,0.8692577,0.95704865,1.0329492,1.1007195,17
0.47104174,293.46755093,44.41225416,2.6,2.1,0.19226074,0.3089242,0.4196844,0.5183182,0.6077311,0.6899667,0.7659693,0.8357911,16
0.785054963242025,1.6266655379956887,16.194016185757274,2.5,2.5,1.138728141784668,3.526761054992676,5.631988525390625,6.83074951171875,7.34501838684082,7.580543518066406,7.751030921936035,7.878590583801269,6
0.53295151,14.26771553,159.24424983,2.9,2.0,0.7472465,2.2194667,3.3428402,3.7825246,3.8135548,3.8140278,3.8141422,3.8141809,23
0.751096995478966,3.0264584773314347,0.0112115187711597,2.162100740083514,2.510151169392237,1.1107120513916016,3.401085615158081,5.279209136962891,6.280567169189453,6.7166748046875,6.966058731079102,7.142745018005371,7.273573875427246,5
0.65043704,160.35798992,68.30039218,2.1,2.5,0.21532321,0.37398505,0.5165205,0.6421435,0.75287366,0.85252976,0.94206023,1.0228047,16
0.8848140075392803,2.926387455287749,0.0657703842735331,2.567452943799758,2.277129419309119,1.0465385913848877,2.973398447036743,4.323802947998047,5.020227432250977,5.453554153442383,5.779416084289551,6.037026405334473,6.225492477416992,5
0.50757301,97.78144836,81.50444794,2.33210897,2.94102097,0.49464917,1.22962308,1.71358156,1.96029758,2.11154556,2.22842979,2.32363987,2.40581083,20
0.78672161,213.2896025,269.6849987,2.65067492,2.50538772,0.13543677,0.19594169,0.25404859,0.31220174,0.36702108,0.41748142,0.46496415,0.51018071,4
0.64191795,212.000424,62.49534141,2.25076002,2.67861667,0.21001196,0.35872579,0.49868655,0.62497067,0.73990512,0.84501052,0.9407208,1.02918839,16
0.7004235763142909,0.931479541056642,0.0059176188422494,2.335763652435524,2.925373910616635,1.2537627220153809,4.145863056182861,7.300803184509277,9.61581802368164,10.820547103881836,11.112991333007812,11.136128425598145,11.149284362792969,12
0.63870995,266.6099775,95.00680668,2.1,2.2,0.12229848,0.19152975,0.25600052,0.3160231,0.3751588,0.43046832,0.48234415,0.5312085,2
0.7290791767693651,98.00903474452188,0.570035291604196,2.812604820795428,2.0604757180134023,0.3254251480102539,0.6672031879425049,0.9423673152923584,1.1637842655181885,1.344670057296753,1.498185396194458,1.6295230388641355,1.745281457901001,8
0.8774374961119016,43.34352725703259,0.0089824999802443,2.228462498334153,2.368569787413647,0.4477458000183105,1.0058205127716064,1.4101619720458984,1.7007856369018557,1.92429780960083,2.1052188873291016,2.2564697265625,2.388291835784912,18
0.30216758,232.27524385,355.20984344,2.97189456,2.40679311,0.1902976,0.21570778,0.23737383,0.25133348,0.26854682,0.28082395,0.29398417,0.30657601,11
0.33353495,299.700001,399.600001,2.37904191,2.53681457,0.12389755,0.1371069,0.1496191,0.15352035,0.16524577,0.17409158,0.17731237,0.1829586,11
0.38715521,18.50131416,34.73002243,2.92742252,2.32218409,1.0135541,2.93599558,4.45820379,5.20074511,5.44385481,5.56230974,5.62183809,5.64917326,7
0.5597987643157432,2.4574232731043875,0.0117095520351505,2.067772217048599,2.7488797146137127,1.1994030475616455,3.9556610584259033,6.896620750427246,9.009571075439451,10.015717506408691,10.18540382385254,10.199906349182127,10.214019775390623,12
0.55530109,165.46096111,25.69109896,2.1,2.9,0.2740283,0.51045537,0.7016747,0.8611386,0.99700093,1.1141162,1.2144661,1.3033319,9
0.31443316,229.23245239,179.69322205,2.66039443,2.81167459,0.32813287,0.60334587,0.7633605,0.87570262,0.96451902,1.03731346,1.10056472,1.15462184,10
0.48263178,193.03460959,292.04662842,2.7,2.7,0.2236116,0.32551432,0.40723372,0.47843862,0.5410409,0.5973146,0.64795375,0.6943307,17
0.58673614,196.67909241,48.42156219,2.22723794,2.37403727,0.22580457,0.39278579,0.5424726,0.67361236,0.79108882,0.8966608,0.9907794,1.07630086,16
0.6841574007183568,1.5819081105317028,74.05322826119038,2.854038956836404,2.018063067484688,0.9252192974090576,2.764977216720581,4.249923706054688,4.967135429382324,5.1596879959106445,5.227474212646484,5.260186195373535,5.267290115356445,7
0.62758869,9.67176533,49.23739624,2.40388298,2.68280602,0.96790147,2.82833314,4.25083065,4.92566776,5.14826584,5.24394989,5.29330349,5.31855488,7
0.52306775,100.9498555,350.21572068,2.9,2.4,0.29648376,0.52652884,0.6623597,0.7603226,0.83738256,0.8994279,0.9524367,0.99694943,10
0.95798391,8.40674782,36.20133972,2.49815702,2.55240655,0.78405905,2.08512402,2.91500092,3.35408449,3.61474514,3.80036879,3.93820572,4.04334784,23
0.40887947,157.93289732,198.12140189,2.6,2.7,0.32938027,0.61945486,0.7982402,0.9208019,1.0155458,1.0929844,1.1585097,1.2133334,10
0.58086304,30.87713091,206.9723944,2.1,2.9,0.47804546,1.1344142,1.4996376,1.6090298,1.6426182,1.6660576,1.6867924,1.7043881,1
0.88560021,233.38962666,192.38444351,2.6,2.7,0.14812183,0.2116139,0.2797687,0.3529272,0.42234683,0.48561072,0.5464604,0.6047151,3
0.654990949948627,203.4977837108773,0.2382795157435224,2.710656626334664,2.828432574717897,0.2761166095733642,0.5032422542572021,0.7073683738708496,0.8883399963378906,1.0495152473449707,1.1938824653625488,1.3234961032867432,1.440230131149292,8
0.60182627,162.88688361,3.71336121,2.7,2.8,0.34403706,0.6845865,0.95482254,1.1765239,1.3601007,1.5166464,1.6513834,1.7689257,8
0.84559501,291.65422937,375.68801776,2.5,2.2,0.07764864,0.11259627,0.13901424,0.15496421,0.17600608,0.19768167,0.217772,0.23630834,11
0.6623359543965299,5.49364462050607,0.4349426534176263,2.243936683976828,2.1067399098315573,1.0258736610412598,2.979966640472412,4.396391868591309,5.091374397277832,5.432157039642334,5.655214786529541,5.8156352043151855,5.928521633148193,5
0.44846917,283.07387682,335.519958,2.8,2.1,0.12724924,0.15722919,0.1896298,0.21732736,0.2433846,0.2682333,0.2917595,0.31427717,11
0.94442577,34.71111118,32.52988078,2.9,2.2,0.4870937,1.1417761,1.6092415,1.9350228,2.1781936,2.3700967,2.5293283,2.664754,19
0.35967105,37.71581569,33.24817652,2.8,2.2,0.9051802,2.702846,4.1199203,4.769724,4.9250383,4.9623055,4.982342,4.9985576,23
0.53101124,175.00905806,257.88502901,2.2,2.0,0.1531055,0.21290684,0.27174664,0.32271433,0.36941266,0.41115427,0.44964457,0.4848597,4
0.69886221,107.41912372,399.43250144,2.5,2.9,0.19719386,0.2686813,0.33011794,0.3817997,0.42743397,0.4673643,0.503536,0.5357373,4
0.8244482,214.86636452,158.64050148,2.51058628,2.02789461,0.11431789,0.17816019,0.235852,0.2915628,0.34782934,0.40039873,0.44988108,0.49677348,2
0.9221065,185.69141365,101.37647378,2.6,2.9,0.17864871,0.2971933,0.41420007,0.52884555,0.63474584,0.7340176,0.8274605,0.9154179,16
0.33506354,21.52033199,22.55837619,2.07044538,2.30477751,0.98792958,2.90939593,4.42290115,5.10862064,5.24305439,5.28383255,5.30124092,5.31371498,7
0.42764504,53.74812969,386.23351291,2.64538107,2.22000456,0.30668736,0.53796768,0.60851383,0.62975144,0.64646339,0.66043615,0.67273235,0.68331337,21
0.72594321,266.79602051,20.94351196,2.00728464,2.49103951,0.13644624,0.23112249,0.32197213,0.40726066,0.48952627,0.56783485,0.64158058,0.71219301,15
0.8767810380466531,6.237821280051265,0.3459185809323102,2.294047925983165,2.586350000798042,0.940335750579834,2.6685922145843506,3.8392841815948486,4.429877281188965,4.751551628112793,4.97678279876709,5.152186393737793,5.280007362365723,5
0.31595522,299.51638794,191.57409668,2.32915425,2.38075113,0.18626761,0.24295592,0.29702711,0.34304905,0.38432813,0.42209625,0.45673943,0.4889555,3
0.8419137320688579,1.6491389201718307,2.2390965947922465,2.1061791035532464,2.448771499082634,1.120441198348999,3.4373080730438232,5.342652320861816,6.376813888549805,6.8507184982299805,7.122182846069336,7.315428733825684,7.460409164428711,6
0.73692799,6.39124966,36.32099533,2.19739532,2.19773221,0.92369533,2.56675196,3.65096521,4.13648129,4.35519981,4.45448446,4.52015257,4.56317949,23
0.6592559481831585,0.8179415075193402,13.512135890025707,2.835152980984045,2.131571092009906,1.1618893146514893,3.692060232162476,6.24764347076416,8.060735702514648,8.879934310913086,8.988621711730957,8.998964309692383,9.027568817138672,14
0.72819002,48.04702819,314.60252228,2.5,2.7,0.33383012,0.64815784,0.84537196,0.96905804,1.0546184,1.1192029,1.1702089,1.2098632,21
0.47238849,101.80692574,68.06834789,2.5,2.4,0.47943044,1.1451521,1.5603669,1.7676032,1.902499,2.0065463,2.0921953,2.166877,20
0.78306401,72.5332489,344.49429321,2.70945907,2.28673482,0.21250081,0.32174349,0.40861201,0.47874808,0.53832054,0.58924794,0.63358951,0.67178822,17
0.5741774,113.90920017,48.66737767,2.2,2.4,0.34949017,0.7138753,0.976738,1.1695199,1.3177881,1.4418011,1.5427539,1.6294854,9
0.8701222,127.15709071,13.74614413,2.3,2.6,0.2312839,0.42551947,0.6071727,0.77185416,0.9206743,1.055459,1.1780889,1.2889102,9
0.96685595,222.77025479,18.78802704,2.5,2.7,0.1579802,0.26952147,0.3741293,0.48131704,0.5832443,0.67918205,0.77066517,0.85822344,15
0.3366655802138354,267.3511133552127,0.0070634954652128,2.485654045954624,2.2693968139226097,0.2960593700408935,0.5483741760253906,0.7271852493286133,0.866908073425293,0.9816665649414062,1.080333232879639,1.1644749641418457,1.2375426292419434,8
0.65766984,201.92137097,85.73926105,2.9,2.7,0.24966526,0.43147516,0.59782124,0.74692416,0.8806801,1.002089,1.1120627,1.2120035,16
0.5153317140768726,246.5369241612299,0.7174911647628144,2.823780670217524,2.652946167368303,0.2792110443115234,0.5042212009429932,0.6938481330871582,0.8585412502288818,1.002407789230347,1.1294615268707275,1.24304461479187,1.3445632457733154,8
0.98494036,244.20660171,89.71619274,2.5830304,2.6911832,0.1488409,0.23297787,0.31369066,0.40356898,0.48941565,0.56920552,0.64602923,0.71989131,16
0.40370524,104.29050496,233.47605793,2.4,2.8,0.373919,0.760705,0.9769418,1.0758843,1.1412001,1.1935496,1.2368245,1.2730427,21
0.4719981832349798,3.664985825332316,0.0065739824991618,2.54580081030282,2.4278010638938734,1.1998798847198486,3.863950252532959,6.620204925537109,8.593701362609863,9.487126350402832,9.606719970703123,9.619256973266602,9.640295028686523,12
0.63523903,46.43923647,209.78282014,2.3,2.3,0.3988521,0.8692665,1.1513991,1.2866557,1.3701894,1.4316466,1.4815814,1.5216868,21
0.70260313,181.18637865,39.19818942,2.6,2.8,0.2472887,0.44100404,0.6180072,0.776073,0.9178419,1.0465114,1.1624575,1.2681174,15
0.4148278306172093,1.4161489022418603,0.7162964391024877,2.6035175986944368,2.5116754656931164,1.259571552276611,4.195287704467773,7.578943252563477,10.530064582824709,12.28083324432373,12.328947067260742,12.335209846496582,12.340547561645508,13
0.6206596258797336,212.387342505899,295.9348123951283,2.1,2.6,0.1338710784912109,0.1861357688903808,0.239795446395874,0.2885065078735351,0.3340456485748291,0.3767170906066894,0.4173285961151123,0.4550595283508301,4
0.9225425108209244,2.938962941107422,0.0995835954747835,2.44580480994094,2.023386166160888,0.9768447875976562,2.651529788970948,3.742372989654541,4.334256649017334,4.725159168243408,5.023111343383789,5.238605499267578,5.398583889007568,5
0.6657674060424259,1.1408519587518886,0.0346518843728896,2.3182521938924587,2.9707338502710066,1.2547039985656738,4.157498359680176,7.347980499267578,9.718168258666992,10.918248176574709,11.13031768798828,11.146485328674316,11.159050941467283,12
0.60039654,284.93107924,235.37596434,2.3,2.8,0.12018347,0.1654458,0.2084217,0.24414444,0.2808342,0.31647992,0.34903193,0.38085532,3
0.67501008,224.49252217,320.12854295,2.2,2.8,0.1129005,0.15019536,0.1847527,0.2101264,0.2358315,0.26355672,0.28859925,0.31192493,11
0.67687607,26.56035423,394.90310669,2.29222178,2.7560637,0.37994504,0.81374049,1.05461884,1.12090516,1.13503504,1.14563537,1.15442491,1.16176295,21
0.79833461,157.11845072,165.73089414,2.16632711,2.65671885,0.17742705,0.2965281,0.41211152,0.51797509,0.61528134,0.70497561,0.78810334,0.86534142,17
0.9482735669292888,283.97363919858026,400.0,2.1,2.2,0.0579419136047363,0.0873112678527832,0.1144580841064453,0.1165149211883544,0.1269898414611816,0.1394224166870117,0.1539254188537597,0.1659202575683593,11
0.7647461396040302,2.3263832452809767,3.1920834275403505,2.773462857697823,2.849047363412822,1.2003748416900637,3.733527660369873,6.012699127197266,7.349354743957519,7.956233978271484,8.281591415405273,8.54494571685791,8.766023635864258,14
0.8343212,290.74291992,96.28644562,2.5853157,2.56451821,0.13987207,0.21269774,0.28341794,0.35883379,0.43266726,0.50091314,0.56541896,0.62832022,2
0.53974251,155.96516345,111.1958612,2.47289738,2.25857612,0.26581907,0.47358751,0.63675666,0.77273059,0.88751149,0.98534918,1.07089567,1.14582992,16
0.3902404374787582,221.46716691109705,363.7528888161153,2.52847935,2.16500212,0.1309752464294433,0.1474509239196777,0.1653261184692382,0.1748037338256836,0.1865246295928955,0.1978490352630615,0.209139347076416,0.2192096710205078,11
0.68879318,246.91722107,72.15517426,2.63830137,2.50691915,0.17777967,0.28787684,0.39664841,0.49868989,0.59333611,0.68164349,0.76381898,0.84119177,16
0.75319297,89.46820403,62.97265839,2.1,2.3,0.2826922,0.5455003,0.75988054,0.93773246,1.0867605,1.2129333,1.3193104,1.4127159,10
0.6497551990595883,6.254300923425153,0.1502451553707205,2.428113148347346,2.3808512853854213,1.0704197883605957,3.1969478130340576,4.848655700683594,5.679644584655762,6.0565185546875,6.296236038208008,6.4787445068359375,6.601832389831543,5
0.31861455,82.37806615,58.18363912,2.33676299,2.29932516,0.63660097,1.70423031,2.35222387,2.55487871,2.61575031,2.65907288,2.69840193,2.73415995,0
0.40007485,35.16157737,109.56723788,2.8444821,2.99309399,0.83030725,2.43818069,3.72035003,4.33446407,4.49884987,4.53211403,4.54251575,4.5525589,23
0.9560300326532388,184.1990021172564,0.0072825251919978,2.757809166186113,2.420806495119041,0.1810324192047119,0.3158869743347168,0.4476766586303711,0.5755581855773926,0.6956562995910645,0.8087725639343262,0.91591477394104,1.016568899154663,15
0.8745291865304217,78.07484019399088,0.0041802168972146,2.7141763248917914,2.6016905605518343,0.3679361343383789,0.7667319774627686,1.09435772895813,1.3624436855316162,1.5832812786102295,1.7696669101715088,1.9295775890350344,2.0691802501678467,8
0.71950075,223.7002295,64.05116704,2.7,2.4,0.18977547,0.3182602,0.44379592,0.56098604,0.66894865,0.7695992,0.8631742,0.9504688,16
0.33571193,13.13306141,12.15450668,2.20814061,2.51634955,1.12846255,3.46219206,5.66442442,7.00921869,7.41755056,7.45713472,7.47086477,7.47907209,6
0.3784465782374642,9.42290699890051,0.0469091938936699,2.8954259406812266,2.929491554433628,1.2239041328430176,3.950369358062744,6.811328411102295,8.86359977722168,9.769670486450195,9.896087646484377,9.914688110351562,9.950132369995115,12
0.63394855,129.66146338,74.66596257,2.6,2.1,0.29413772,0.5670681,0.7862208,0.9669976,1.118288,1.2467754,1.3576746,1.4541988,10
0.50494721,250.65164883,392.55825324,2.2,2.8,0.1057651,0.12834883,0.14843917,0.15186882,0.16021204,0.17206907,0.17886591,0.18533635,11
0.3734747885014263,2.355539190293172,0.3402178813903566,2.651027122865305,2.0145873626733968,1.1789710521697998,3.805407047271729,6.611422061920166,8.877241134643555,10.178106307983398,10.235588073730469,10.241582870483398,10.246694564819336,13
0.32868829,97.05907042,359.23639812,2.9,2.8,0.39873934,0.838145,1.0657036,1.1223578,1.1467111,1.1684308,1.1884315,1.2053947,21
0.45496498,73.35900126,82.03264625,2.6,2.9,0.6024895,1.5821996,2.2206206,2.489551,2.616269,2.7053638,2.7764664,2.8378735,0
0.605646,81.649815,13.399563,2.5,2.0,0.41640925,0.9179039,1.25752831,1.47817373,1.63907576,1.77087259,1.88353157,1.97836781,18
0.4526306606671753,1.917041983933323,0.8951007162505722,2.971555491819661,2.3064198035489296,1.228837490081787,3.995917320251465,7.01451587677002,9.420703887939451,10.74998950958252,10.833148002624512,10.838000297546388,10.84206199645996,13
0.87281483,247.71437073,166.43026733,2.01995039,2.60262227,0.10594225,0.17429328,0.2370975,0.29538631,0.35350394,0.40964413,0.46399307,0.51602149,2
0.92143747,257.92460237,296.39029178,2.50407893,2.04139198,0.07715106,0.11495376,0.13961577,0.15422487,0.18021703,0.20481849,0.2271328,0.24832797,11
0.79659186,178.16566976,180.86769846,2.13150271,2.83139208,0.16712856,0.27435923,0.37973881,0.47850871,0.56966853,0.65492415,0.73428297,0.80854511,17
0.6189925225719315,45.05218783717076,79.8534708158774,2.46971647865214,2.6933605962770923,0.5998315811157227,1.6006760597229004,2.2489705085754395,2.5561842918396,2.729762077331543,2.850086212158203,2.9506216049194336,3.0364131927490234,20
0.4087044491522417,15.337927924385577,0.2082078202348541,2.0924233032199333,2.6810757773248577,1.0644145011901855,3.3499372005462646,5.409581184387207,6.583991050720215,6.954066276550293,7.026820182800293,7.070762634277344,7.102435111999512,5
0.75511003,233.60728708,47.27714995,2.5,2.7,0.18064666,0.29982495,0.41686606,0.5281327,0.63082314,0.7274394,0.8175876,0.9029443,16
0.72039078,28.06468146,29.17838535,2.6,2.3,0.6796119,1.7984455,2.4930933,2.8306968,3.0315554,3.1700861,3.2846124,3.3804739,23
0.73047674,7.41261387,129.85386658,2.79483485,2.75469017,0.84383035,2.43514729,3.64307451,4.20629168,4.3918376,4.43736267,4.4420743,4.44534111,23
0.9947853466315546,18.09279093298992,0.0751708743257236,2.209958063899966,2.387719960308381,0.5858521461486816,1.425239086151123,1.9726600646972656,2.3215765953063965,2.573298931121826,2.771176338195801,2.935286045074463,3.075831890106201,18
0.5495647733609306,1.1662728707563177,0.1272129418916289,2.7021092510633338,2.332989570965616,1.236053466796875,4.032932281494141,7.07607364654541,9.498888969421388,10.615530014038086,10.652627944946287,10.661423683166504,10.668853759765623,12
0.74959172,28.56115464,264.44476658,2.1,2.3,0.35220265,0.71269584,0.9182689,1.0146608,1.0688925,1.1063032,1.1335332,1.154299,21
0.6014651,84.11164076,329.59429935,2.31970506,2.0138159,0.19594026,0.27103305,0.32676435,0.37301064,0.4114244,0.44436288,0.47244763,0.49828792,4
0.52745183,178.34938215,55.75083514,2.0,2.5,0.23539734,0.41130972,0.55773115,0.68229985,0.7897265,0.8846359,0.9689164,1.0427713,16
0.99512881,14.45903301,17.49657631,2.30762935,2.83060789,0.67465711,1.75182199,2.44343233,2.84149408,3.10656118,3.30820465,3.47319317,3.61405134,22
0.80248344,194.958178,0.80435228,2.8,2.6,0.22190142,0.39023852,0.5533495,0.7056422,0.8456278,0.9761958,1.096426,1.2082782,15
0.72749638,267.51397852,107.80840498,2.6,2.7,0.15850186,0.24813914,0.33565187,0.42286468,0.50387573,0.57932305,0.650954,0.7186177,16
0.5261534,84.96413557,351.62639225,2.7,2.7,0.31997252,0.5804751,0.72328496,0.8132248,0.8794346,0.93208814,0.9743531,1.011909,21
0.3397718964517382,29.045534404479163,0.6343355837507146,2.74820662,2.71215701,1.047476053237915,3.220201015472412,5.11978816986084,6.155535697937012,6.477512359619141,6.59227180480957,6.668323516845703,6.731280326843262,5
0.42996369,103.52418411,264.32518133,2.5,2.4,0.34279513,0.66941714,0.85226226,0.95119476,1.0201218,1.0747247,1.1187856,1.1553795,21
0.903978138707764,20.09592512746073,0.0589508583704223,2.921488841508938,2.562154112737159,0.6821954250335693,1.757305145263672,2.47244644165039,2.898648262023926,3.184309959411621,3.40524959564209,3.586212635040283,3.739637851715088,22
0.8323535852908064,28.13160420104528,1.3119199658657057,2.3669094416905443,2.0383301995983945,0.540170431137085,1.291870355606079,1.7777595520019531,2.082101345062256,2.2964625358581543,2.468085289001465,2.610626220703125,2.730412483215332,18
0.60301337,126.94666117,41.60303639,2.1,2.2,0.28410697,0.54078484,0.742733,0.90763354,1.042475,1.1569302,1.2545819,1.3401124,9
0.83716605,256.34709185,114.78257703,2.6,2.4,0.13398194,0.21721077,0.29411888,0.37121296,0.44585323,0.5163958,0.583524,0.6475487,2
0.99765462,104.87408465,164.65282749,2.9,2.9,0.24528599,0.43184566,0.60992455,0.77194047,0.9187033,1.0521314,1.1738739,1.2844667,17
0.9936709399875392,45.64487339852963,0.0120824663784163,2.245132534291587,2.393923230767027,0.3829579353332519,0.8136720657348633,1.1604483127593994,1.4368741512298584,1.6599948406219482,1.846705198287964,2.0063893795013428,2.145313024520874,8
0.65708804,291.74354853,357.77730025,2.2,2.8,0.09811735,0.12030315,0.14318037,0.1504221,0.16304708,0.18052888,0.1927805,0.20453167,11
0.3082845,97.0232807,316.01884151,2.9,2.5,0.4273939,0.9812658,1.2998064,1.3722632,1.3887765,1.4047525,1.4191215,1.432996,1
0.43435868,163.24113129,199.62207869,2.0,2.0,0.1956203,0.29146242,0.36779904,0.43230104,0.4880557,0.5366311,0.5806172,0.61891675,3
0.61014342,183.72428894,6.95221996,2.28537393,2.90042353,0.29214311,0.55662799,0.78046083,0.97356105,1.1400249,1.28500867,1.41245294,1.52563119,9
0.5192072920625906,5.402687862160498,5.947244819459886,2.32658458,2.1320684,1.0883891582489014,3.343954563140869,5.313344955444336,6.429537773132324,6.847853660583496,6.985614776611328,7.0809526443481445,7.151239395141602,6
0.97872734,164.9167899,135.29177324,2.6,2.8,0.17189765,0.28668594,0.39896894,0.5085118,0.610605,0.7055299,0.7954738,0.8801961,17
0.99590342,193.0221325,105.25242962,2.1,2.6,0.12334943,0.20614004,0.28164196,0.35479856,0.4278946,0.49760962,0.5634427,0.62703204,2
0.71664246,46.23989087,396.6076807,2.3,2.3,0.23769832,0.35846758,0.42298436,0.47042084,0.50712943,0.5358176,0.5597756,0.5789726,21
0.64225662,210.07763915,227.81156822,2.60772824,2.47619287,0.16257453,0.23697376,0.31196523,0.37998819,0.44227552,0.50007677,0.55353165,0.60393739,3
0.62532906,56.17521132,21.80211103,2.41701365,2.65409746,0.58470011,1.51435971,2.10789657,2.42251611,2.62073541,2.77329993,2.89897895,3.00506377,19
0.7895433791475236,1.5566620648719196,0.0138595081329367,2.868862678511505,2.894697574533496,1.245659112930298,3.931017637252808,6.476701736450195,8.038717269897461,8.774272918701172,9.13929271697998,9.42845630645752,9.69089698791504,12
0.53490672,41.35862222,154.62171956,2.4,2.5,0.55973744,1.4324987,1.9628611,2.1523027,2.2198677,2.2651634,2.3054228,2.3422399,0
0.84350193,240.36684698,278.68104266,2.6,2.2,0.10453916,0.15775275,0.20482397,0.2481761,0.2919209,0.33450055,0.374676,0.41317034,4
0.90421344,196.42798011,97.98800501,2.9,2.6,0.18222404,0.30486345,0.42405057,0.5432658,0.6531162,0.75672317,0.8543496,0.9471772,16
0.4502173704494285,105.5907681879032,0.0302237393843,2.543759943436197,2.693301545796347,0.5751259326934814,1.513601779937744,2.117623805999756,2.4087252616882324,2.5816521644592285,2.7116904258728027,2.822432041168213,2.914380073547364,18
0.9233907806411732,288.85497861512545,343.1994363412828,2.0,2.6564629,0.0739839076995849,0.1154086589813232,0.145953893661499,0.1696996688842773,0.1959846019744873,0.2234706878662109,0.2503528594970703,0.2764155864715576,11
0.30229509,298.92941284,87.96490479,2.47130299,2.15883327,0.21289849,0.30935931,0.38876295,0.45581365,0.51535654,0.56827521,0.61663985,0.6612041,16
0.6753740927296061,0.722319598653198,4.478481743209801,2.6132368151913905,2.6431785557074914,1.253127098083496,4.126304626464844,7.271058082580566,9.680448532104492,10.941492080688477,11.108755111694336,11.116571426391602,11.12315845489502,14
0.42460204,244.92349157,139.65561553,2.0,2.1,0.15394282,0.22027111,0.2811823,0.33679008,0.3875084,0.43336368,0.4753592,0.5152335,2
0.9007936226234072,3.763769391271827,1.3276566113860282,2.936748549695805,2.35070851351439,1.0155625343322754,2.845874309539795,4.1007399559021,4.778594493865967,5.216933727264404,5.553633213043213,5.821115016937256,6.019485950469971,5
0.6168142510305414,53.85700286962843,11.76555716912896,2.788609164218357,2.9770940898395306,0.6672556400299072,1.8172392845153809,2.595542907714844,2.996313095092773,3.229905605316162,3.3971023559570312,3.537382125854492,3.6517295837402335,22
0.96327483,285.90557232,85.08937801,2.9,2.1,0.10858655,0.18926382,0.25583196,0.32350564,0.3932867,0.46137118,0.52597356,0.5886588,2
0.84615756,38.12671506,135.59138226,2.8,2.8,0.47964287,1.1210899,1.5757365,1.8626838,2.060861,2.2120643,2.331789,2.4315557,20
0.3534297930027247,44.089626801666185,0.1364806626065641,2.311508893871938,2.766884835668233,0.9190325736999512,2.794590473175049,4.296605110168457,4.997874736785889,5.21478796005249,5.295607089996338,5.351039886474609,5.396782398223877,5
0.78070912,162.74182481,205.50699693,2.6,2.6,0.18511152,0.29480553,0.4018712,0.49911547,0.58857965,0.67067003,0.7463691,0.81681633,17
0.94211239,259.36533129,213.20655797,2.2,2.5,0.09573937,0.15045214,0.19515395,0.23358011,0.2755375,0.31832242,0.35940862,0.3981738,3
0.682423,181.69146729,262.85388184,2.23945117,2.08313012,0.11803031,0.16705871,0.21291852,0.25274563,0.29281068,0.33025789,0.36446643,0.39701676,4
0.3852941345040905,3.477842601584155,0.0723050705101635,2.9418747135271395,2.120645908745215,1.195655345916748,3.83234453201294,6.635560989379883,8.802233695983887,9.82016658782959,9.853591918945312,9.859341621398926,9.864644050598145,12
0.4300237573944985,93.47608113966449,0.0108867431666388,2.985969977509514,2.203757690048441,0.5689952373504639,1.468273639678955,2.029746532440185,2.3060097694396973,2.4743871688842773,2.6008591651916504,2.7055139541625977,2.7985644340515137,18
0.5332589,84.7897928,150.84978268,2.3,2.0,0.36028743,0.7504084,0.99561524,1.1413085,1.2442062,1.3251336,1.3898954,1.4437499,10
0.8266914853517134,276.0811342719937,272.57007934819256,2.47690848,2.0,0.0795166492462158,0.1176140308380127,0.145015001296997,0.1626598834991455,0.1887106895446777,0.2141261100769043,0.2380352020263672,0.2605576515197754,11
0.6589950016933379,2.9477753949727474,16.329494946641688,2.01343790255284,2.171212798183713,1.0470662117004397,3.183582305908203,4.965766429901123,5.90275764465332,6.246460437774658,6.36780309677124,6.441382884979248,6.4867987632751465,6
0.7729590437678022,165.0711508157277,0.7237444718587461,2.718681745148538,2.197367197211169,0.2190110683441162,0.3931870460510254,0.5583596229553223,0.7081151008605957,0.8435919284820557,0.967540979385376,1.0803818702697754,1.183551788330078,15
0.91818078,287.08973405,41.15288064,2.8,2.8,0.16405272,0.2432003,0.3266623,0.4239087,0.51303005,0.5967691,0.67752004,0.7559459,15
0.5686452567421661,7.563178082746804,0.4643150260304132,2.637502455708664,2.434217979961553,1.1045091152191162,3.3532190322875977,5.229484558105469,6.2269368171691895,6.63159704208374,6.85927152633667,7.035788059234619,7.175208568572998,5
0.69474369,194.87680054,242.72898865,2.02636433,2.08102846,0.10576105,0.15538263,0.20039701,0.24102831,0.28243399,0.31985569,0.35517883,0.38860965,3
0.6330906406113661,3.860127821960042,0.0033715555252475,2.3338977463742983,2.8094734585248458,1.170710802078247,3.700894832611084,6.057161331176758,7.469208717346191,8.044584274291992,8.258142471313477,8.389514923095703,8.495688438415527,12
0.70235391,5.72274753,21.43775356,2.9808734,2.41049929,1.02801394,3.01464224,4.51299667,5.26842213,5.64038277,5.91103554,6.10767937,6.2508707,7
0.91319453,296.56777199,17.7908092,2.5,2.6,0.13796759,0.21999836,0.2971351,0.37860322,0.4597652,0.5365391,0.6088772,0.68039036,2
0.63679326,151.60424011,135.40607112,2.1,2.4,0.19857597,0.32813978,0.4444189,0.5463879,0.6365988,0.717484,0.7892239,0.8554673,17
0.45244912,213.54958813,291.06183455,2.2,2.7,0.1593504,0.19913721,0.24065852,0.2732346,0.30383778,0.33343387,0.36024666,0.38544345,4
0.8295247,19.82678986,47.33058929,2.1455431,2.00620627,0.57298899,1.38195872,1.8633554,2.12385201,2.29543996,2.42313695,2.52828622,2.61199069,19
0.97738561,37.57871167,132.13950493,2.1,2.1,0.30543637,0.60866857,0.8472767,1.03583,1.1853936,1.3080859,1.4099262,1.4957595,10
0.70782771,75.69974449,65.13899719,2.27691349,2.1929431,0.35759568,0.74154282,1.024266,1.23366642,1.39477277,1.52815819,1.63759708,1.73143077,10
0.42647588,53.91502134,51.32130798,2.2,2.9,0.68245816,1.8181214,2.5370288,2.8395905,2.9747295,3.0543194,3.1149526,3.17206,23
0.51193377,160.20707846,6.27571046,2.15667568,2.99057296,0.38252878,0.83141279,1.15493631,1.38814211,1.56905937,1.71439576,1.83656168,1.94202399,9
0.3333778718809765,149.11623124937856,326.2703133013843,2.1176126,2.24440551,0.2188310623168945,0.3000698089599609,0.3454756736755371,0.3842344284057617,0.41693115234375,0.4456233978271484,0.4711506366729736,0.4944827556610107,4
0.9845480850893076,4.193858839116308,0.4132308833620798,2.824061333320658,2.988479355383733,1.015702486038208,2.922443628311157,4.304737091064453,5.046416282653809,5.482697486877441,5.801779747009277,6.046184539794922,6.239560127258301,5
0.60326189,164.91338846,382.28608969,2.1,2.2,0.10686374,0.13028908,0.14990878,0.16192102,0.17817569,0.19280195,0.20630646,0.21881604,11
0.52066612,295.11373901,4.18382883,2.81554937,2.38374949,0.20608091,0.33546948,0.45924807,0.56944275,0.67056584,0.76339865,0.84903288,0.92883587,15
0.54720773,284.63921249,214.83848688,2.28304874,2.88642314,0.15656281,0.22461033,0.29371262,0.35932779,0.42019987,0.47664356,0.52951002,0.57939506,3
0.42232739,221.78886219,236.04226507,2.9,2.6,0.25445175,0.40182924,0.50914097,0.6021037,0.682878,0.7551582,0.81876826,0.8763468,17
0.51505914,206.31421627,302.93052645,2.2937351,2.4149819,0.14942098,0.19364834,0.24119139,0.28187776,0.31877613,0.35333276,0.38549352,0.41503048,4
0.41832645,186.3414154,168.94214488,2.4,2.3,0.2572229,0.43006206,0.55403996,0.65457535,0.7393255,0.81190777,0.8750818,0.9304223,17
0.77046217,147.09025028,229.16123678,2.4,2.5,0.17550516,0.27329612,0.37023044,0.45611763,0.5339949,0.6056764,0.6713424,0.73186064,17
0.380576812019426,4.3671031153747055,0.0063052639827657,2.203368225854585,2.4399118902883687,1.1939256191253662,3.918920993804932,6.886362552642822,9.17132568359375,10.276716232299805,10.315216064453123,10.322650909423828,10.329113006591797,12
0.3,207.5149810152252,326.0220896997666,2.6,2.6,0.2401928901672363,0.3335003852844238,0.3802261352539062,0.421252965927124,0.4575178623199463,0.4908304214477539,0.5208978652954102,0.5482544898986816,4
0.68547857,96.6553821,281.70420756,2.0,2.49916525,0.22063971,0.36489344,0.48170638,0.5803721,0.66394901,0.73608851,0.79828167,0.85377192,17
0.4725996644656187,2.7701110063994347,0.2607076322949432,2.2845381458500933,2.3459425757511645,1.190565824508667,3.8738529682159424,6.701973915100098,8.818916320800781,9.901140213012695,10.095184326171877,10.103103637695312,10.10902976989746,13
0.44861523,46.1321494,309.63217269,2.5,2.1,0.413805,0.9420302,1.2262447,1.2710531,1.2796137,1.2878268,1.2950459,1.3014569,21
0.64511746,204.13082901,351.91121981,2.6,2.4,0.13570237,0.1776123,0.22094941,0.26054096,0.29823732,0.333045,0.3648994,0.3952875,4
0.93054771,260.22335815,293.45315552,2.28425217,2.48844075,0.08882594,0.13682318,0.17537594,0.20647264,0.24131894,0.27672291,0.31037474,0.34272242,11
0.66320942,176.97569716,179.14726359,2.2,2.3,0.1611762,0.24979734,0.33629346,0.41314197,0.4839139,0.548892,0.60855556,0.66346,3
0.3,190.21368835,283.037526,2.0,2.0,0.16675806,0.19488502,0.2199297,0.24185085,0.26248026,0.28139472,0.297611,0.31340671,11
0.90258822,149.22761622,79.20232921,2.5,2.1,0.17326784,0.30518317,0.43171668,0.5505574,0.66166496,0.76507115,0.8617258,0.95180583,16
0.33091885,166.04767936,119.25230078,2.3,2.2,0.35025072,0.70117426,0.9006207,1.0121944,1.0940497,1.1610708,1.2149441,1.2623568,21
0.72664096,125.63712665,260.38263684,2.2,2.2,0.1650939,0.24850869,0.32868147,0.3990636,0.4618261,0.51851225,0.5695133,0.61642814,4
0.76516835,188.77468585,169.66259329,2.65366959,2.6625218,0.18429995,0.29522777,0.40435886,0.5062058,0.59956264,0.68608284,0.76624084,0.84106636,17
0.4413141629568394,1.4876811841678024,2.409526120810384,2.27819065284813,2.294794841538985,1.2014000415802002,3.959930658340454,7.018710136413574,9.54680347442627,11.032103538513184,11.095699310302734,11.100049018859863,11.103747367858888,14
0.71052885,134.65362549,367.88677979,2.18715429,2.48634529,0.14825964,0.19883633,0.25169444,0.29631066,0.33756804,0.37540364,0.41018128,0.44208169,4
0.97542923,145.87971392,99.48617989,2.72275289,2.89618122,0.21355939,0.36915207,0.52228975,0.66837525,0.80265212,0.9276855,1.04460382,1.15332031,16
0.88603747,172.40713501,33.97833633,2.43877125,2.41445374,0.18149495,0.31665277,0.44793153,0.5710969,0.68612242,0.79371643,0.89439106,0.98795128,15
0.36014447,223.90969288,265.61687806,2.1,2.8,0.16706109,0.20169258,0.2375772,0.26624393,0.29180026,0.31614614,0.33873105,0.3595338,4
0.3543283315947251,193.6979295505667,373.6958746772999,2.30401039,2.06245637,0.1336297988891601,0.1462354660034179,0.1589539051055908,0.166107177734375,0.1762189865112304,0.1850013732910156,0.1936430931091308,0.201451301574707,11
0.64007436,154.84437037,169.03879724,2.1,2.2,0.17454863,0.2762785,0.37056446,0.45380116,0.528141,0.5955038,0.6568296,0.7126949,17
0.744566051791971,92.26341012061994,400.0,2.3,2.9,0.2123100757598877,0.3260481357574463,0.4193131923675537,0.4999332427978515,0.5703043937683105,0.63228440284729,0.6877462863922119,0.7365913391113281,17
0.4436371478205144,102.85007494965816,30.03069703753649,2.2365282251269973,2.4558422230445727,0.5117146968841553,1.287037372589111,1.7574515342712402,1.985201835632324,2.1245603561401367,2.23872709274292,2.3304662704467773,2.407977104187012,19
0.53707606,276.50011286,163.85428442,2.0,2.3,0.11277676,0.16081405,0.20432925,0.24366212,0.28483605,0.32204342,0.3572135,0.39074683,2
0.7907616208243378,9.566026049820886,0.0707136607697929,2.6790859421514,2.5385258873435337,0.930323600769043,2.618384838104248,3.76654863357544,4.3604416847229,4.69767951965332,4.9327392578125,5.110915184020996,5.256986618041992,5
0.61782063,87.59028267,68.39066495,2.1,2.7,0.36490107,0.7644961,1.0473757,1.2455854,1.3943527,1.5162079,1.6175139,1.7057545,10
0.5440898134251209,67.98776010875696,0.1865951425802688,2.645854659904155,2.9908119901291674,0.663322925567627,1.8284921646118164,2.609302997589112,2.994922161102295,3.208847045898437,3.36025333404541,3.4878978729248047,3.5932388305664062,22
0.70178472,245.11695668,316.85986929,2.9,2.1,0.11524248,0.16478515,0.21087551,0.255126,0.29790068,0.33931303,0.37777877,0.41451526,4
0.70987346,87.84414499,109.63335429,2.1,2.4,0.2847135,0.5430958,0.7455547,0.9080546,1.0414209,1.153655,1.2474833,1.3279052,10
0.8062353586984485,17.89088331906511,2.9269425132823788,2.2059298756803734,2.688177045543912,0.7545266151428223,2.0769195556640625,2.9107003211975098,3.337702751159668,3.5896944999694824,3.770071506500244,3.912276744842529,4.036220550537109,22
0.7639791076263358,1.100847919056563,58.766936658054725,2.377015626684359,2.737941095966016,1.062741756439209,3.3501484394073486,5.531704902648926,6.897231101989746,7.381017684936523,7.418642997741699,7.42547607421875,7.427496910095215,7
0.83285658,78.8437058,351.20686594,2.1,2.1,0.14566302,0.20121789,0.25264144,0.29671216,0.33633208,0.37155557,0.40278387,0.43051982,4
0.6234776984646353,81.67229010525116,236.497613620934,2.4617906797600484,2.042938216969597,0.2503755092620849,0.434058666229248,0.5640487670898438,0.665848970413208,0.7476089000701904,0.8151068687438965,0.8718681335449219,0.9206900596618652,17
0.3158732065175092,28.95403722215489,0.0184413731281845,2.583696579640751,2.877049641143819,1.074150323867798,3.37101149559021,5.506620407104492,6.782243728637695,7.183151245117188,7.262425422668457,7.311642646789551,7.345772743225098,5
0.80248344,194.958178,0.80435228,2.4,2.4,0.1870873,0.3269174,0.46244884,0.589386,0.70694494,0.81653905,0.9189346,1.0142856,15
0.3048304917534512,1.7635918367238064,0.0433237373900881,2.110214407001803,2.3454201703197803,1.2086188793182373,4.050834655761719,7.329030036926269,10.229368209838867,11.896820068359377,11.93312168121338,11.937861442565918,11.94182586669922,12
0.9709614257787976,0.8397364463578743,0.7881584512892758,2.7880537942361974,2.1208057521604164,1.136751651763916,3.335029125213623,5.022142887115479,5.964560508728027,6.518244743347168,6.976809501647949,7.400691032409668,7.710302352905273,5
0.33400136,64.30273438,250.7421875,2.97903442,2.0798614,0.42073464,0.92772198,1.16179228,1.18638611,1.19670677,1.2061038,1.21459436,1.22236156,21
0.35823343,54.5875524,50.76782689,2.6,2.4,0.7807007,2.229738,3.2590106,3.6655514,3.7761362,3.817973,3.8495448,3.8794038,23
0.52836224,284.7268731,50.39743569,2.1,2.9,0.16363144,0.25111318,0.33884978,0.41756153,0.4903736,0.5588441,0.62225866,0.6818621,16
0.40179566,16.57108573,227.87492803,2.82377378,2.75015085,0.6986692,2.04720616,3.08983493,3.49790359,3.53487706,3.53526378,3.53529716,3.5355041,23
0.4404020626583131,6.074664589064271,0.2886524337990496,2.1972526555237977,2.150661582299233,1.11456298828125,3.502068042755127,5.74630880355835,7.1804680824279785,7.72066068649292,7.82741117477417,7.877161502838135,7.917450428009033,5
0.4141576416941307,2.055809127208408,0.0256009621550277,2.9461473456266174,2.6302365190212744,1.283341407775879,4.254932880401611,7.645332336425781,10.53176975250244,12.148716926574709,12.19207763671875,12.19691562652588,12.201045989990234,12
0.99999845,277.46892577,355.42459028,2.47690848,2.0,0.06463289,0.09788036,0.11883664,0.12038064,0.13722682,0.15459228,0.16969728,0.18242002,11
0.43531147,172.38481117,358.17044639,2.6,2.2,0.1900034,0.2459817,0.29429626,0.33475375,0.37105632,0.4038036,0.4331677,0.46009588,4
0.7658636,268.97851655,129.01438017,2.21251782,2.0907868,0.10025072,0.16009974,0.21312523,0.26063609,0.31033468,0.35831046,0.40372515,0.44719481,2
0.39684995,194.04012774,68.76133922,2.50585601,2.97121847,0.39828181,0.86339855,1.17755318,1.37637877,1.51939583,1.63568354,1.73331165,1.81619406,10
0.8159305,140.79500891,334.22004205,2.2,2.8,0.13476229,0.18403172,0.23417115,0.27702856,0.3165934,0.35469055,0.38959742,0.42173862,4
0.37704756,161.95879914,365.31933982,2.1,2.8,0.16729379,0.18685865,0.20754886,0.22019315,0.23151755,0.24318576,0.25448084,0.264606,11
0.4028214182828332,57.71172104892032,0.0723225929800813,2.7806174894557416,2.443794152885533,0.7862527370452881,2.2385072708129883,3.235065460205078,3.691830635070801,3.9032154083251953,4.016168594360352,4.107278347015381,4.181148529052734,22
0.783162300742279,3.948384028101401,40.581153676933184,2.42605877,2.1532321,0.9294672012329102,2.656195878982544,3.866272211074829,4.4299421310424805,4.7027788162231445,4.864633560180664,4.961442947387695,5.010307312011719,23
0.3147391346653625,227.1936076925576,375.8515935792289,2.4,2.2,0.142113447189331,0.1534211635589599,0.1679232120513916,0.1739754676818847,0.182809829711914,0.1910035610198974,0.1993741989135742,0.206498384475708,11
0.8978067991027336,1.0734632659078094,0.6940527420733085,2.932988383871676,2.296040123416945,1.1660256385803225,3.496467113494873,5.380411624908447,6.4417405128479,7.001677989959717,7.444471836090088,7.851216793060303,8.198770523071289,5
0.49263331,234.73182661,64.91885041,2.7,2.7,0.27452445,0.48398376,0.65364695,0.79990125,0.92699885,1.0390923,1.138258,1.2266209,10
0.96462888306759,1.375130795143289,0.0133486423733007,2.1345799925315707,2.584448784453743,1.1131017208099363,3.3425753116607666,5.082181930541992,5.998130798339844,6.470070838928223,6.787478446960449,7.030373573303223,7.214977264404297,5
0.4748336822114674,15.865861271118323,33.58559108272755,2.41221237,2.10555553,0.8851640224456787,2.5514047145843506,3.7332122325897217,4.238414764404297,4.429849624633789,4.538665771484375,4.59395694732666,4.628329277038574,23
0.95242258,251.73408517,36.94085691,2.8,2.6,0.15206194,0.25485253,0.34711695,0.44874954,0.54460907,0.6347945,0.7212753,0.8048606,15
0.54813946,266.68606681,82.32897361,2.3,2.8,0.17690778,0.2738769,0.37016225,0.4556048,0.53456354,0.6079836,0.6758883,0.7392936,16
0.928385926099904,9.687270634045882,0.0511762803864535,2.52487666950631,2.704160513961672,0.8351762294769287,2.291499137878418,3.244778633117676,3.762063980102539,4.078017234802246,4.307172775268555,4.488782405853272,4.634118556976318,22
0.32803053,233.3104248,98.66024017,2.22931075,2.14741731,0.24994659,0.40709138,0.51664591,0.60535598,0.68206954,0.74691057,0.8029089,0.85025954,16
0.37778033,68.26763552,324.56139836,2.66762424,2.85684722,0.44494557,1.06673074,1.44609404,1.54685307,1.56595182,1.58346224,1.5989337,1.61278439,1
0.30715957,90.02780722,239.09147467,2.2,2.9,0.41288924,0.9013102,1.1329279,1.1764197,1.1988268,1.2180877,1.2347937,1.249538,21
0.70374458,158.1978339,352.37792,2.33519517,2.06575602,0.11134291,0.14368701,0.17339206,0.19669604,0.22214389,0.24421096,0.26529241,0.28518605,11
0.3524693,201.51051352,27.88183165,2.6,2.5,0.40682554,0.88894963,1.1970747,1.3739803,1.5023904,1.6070995,1.6921501,1.7649031,19
0.8451149976434341,31.613039506069537,0.1300424088012718,2.75857724458672,2.613579464596102,0.6057531833648682,1.5173578262329102,2.131261348724365,2.504866123199463,2.7632317543029785,2.966188907623291,3.134042263031006,3.2769575119018555,18
0.35831764,274.52151489,164.71307373,2.08969688,2.19434786,0.16569805,0.2244916,0.27979732,0.3288548,0.37383103,0.41476583,0.45202446,0.48677278,2
0.7035831071168563,95.83993906614722,0.8488366762911883,2.0982693494098728,2.502856100091728,0.3646104335784912,0.770850419998169,1.0827698707580566,1.3255105018615725,1.5202267169952393,1.6824157238006592,1.821204423904419,1.9406044483184808,8
0.8063756702639152,2.7892290627697616,0.0183923212526205,2.4233596146759,2.646827217475841,1.1297802925109863,3.4270026683807373,5.294130325317383,6.286860466003418,6.7657623291015625,7.069403648376465,7.3084306716918945,7.485579490661621,5
0.52204477,32.60562185,155.99979417,2.54915611,2.89926168,0.68183994,1.92283869,2.80390453,3.14510822,3.22443485,3.24948311,3.27056742,3.290061,23
0.53157565,263.23873736,193.72103827,2.1,2.3,0.11800551,0.1643033,0.20775104,0.2462666,0.2861054,0.3222494,0.35628033,0.388314,3
0.4286309017400693,7.647279677667019,0.1459496730104222,2.1799632241890623,2.874777552209722,1.165146827697754,3.806316614151001,6.557624816894531,8.47779655456543,9.291708946228027,9.403427124023438,9.417236328125,9.431017875671388,12
0.59486051,269.30293741,262.1821852,2.2,2.5,0.11104703,0.14959979,0.1861782,0.21467376,0.24446297,0.27427316,0.3023429,0.32903242,11
0.82283313,287.91219647,144.4817192,2.7,2.8,0.15664625,0.21513009,0.281986,0.36073422,0.43202877,0.49795938,0.5615804,0.62229323,2
0.9735532724309016,73.65439512000802,0.0089064277475901,2.097301701660476,2.651591456941067,0.3005831241607666,0.5982568264007568,0.8636538982391357,1.0956387519836426,1.2964255809783936,1.4721274375915527,1.6264355182647705,1.7631337642669678,8
0.556376623619346,27.72825857164511,61.30960884671477,2.949449445864486,2.392158149732257,0.7506306171417236,2.1051316261291504,3.01455307006836,3.4377894401550293,3.646690845489502,3.759904384613037,3.8441081047058105,3.9120044708251953,23
0.46831787,200.82852053,123.22373167,2.19841752,2.96045362,0.28808546,0.53444409,0.71875381,0.87052679,0.99756217,1.10508561,1.19870687,1.28056407,10
0.3257410127209328,221.8320856137079,0.0108346271959676,2.1071905219881457,2.4314890462516425,0.3647544384002685,0.7775120735168457,1.037303447723389,1.2020459175109863,1.3255021572113037,1.4237546920776367,1.5068094730377195,1.58115553855896,8
0.3925864,181.89279537,8.53974051,2.2,2.3,0.35838175,0.73145604,0.9782648,1.1421452,1.2681158,1.3699925,1.4527521,1.5263281,9
0.5945027734128288,15.137127319490762,0.1092402835286741,2.29000140022133,2.5452090724096545,0.953646183013916,2.793747663497925,4.129314422607422,4.743715286254883,5.015494346618652,5.185806274414063,5.294221878051758,5.3880767822265625,5
0.5992152209773071,6.795778106607619,0.008274824173297,2.822945833268077,2.8272898527007246,1.1588976383209229,3.5835602283477783,5.724430084228516,6.946560859680176,7.445535659790039,7.700929641723633,7.91231632232666,8.080794334411621,5
0.8615391300839778,37.83603529327667,0.1348378303019248,2.4561702267848053,2.049113498957224,0.4540412425994873,1.031501054763794,1.4399495124816897,1.722761154174805,1.9356789588928225,2.107309341430664,2.250687599182129,2.373116970062256,18
0.4563457116170807,15.026473703673314,0.1084941643097678,2.8341652097901484,2.51348818598424,1.0781326293945312,3.268333196640014,5.108494758605957,6.072992324829102,6.434723854064941,6.623373031616211,6.776056289672852,6.882926940917969,5
0.79578918,130.15940403,364.20599518,2.8,2.3,0.16220832,0.23339653,0.30573773,0.37036443,0.42938995,0.4828968,0.53182626,0.5775075,4
0.44243539,100.79594359,283.4440561,2.9,2.2,0.3582127,0.74889755,0.9809272,1.0988178,1.176584,1.2356672,1.2851679,1.3264272,21
0.94709053,214.52636663,320.91966078,2.2,2.0,0.07518578,0.11472654,0.14818978,0.16952252,0.19757175,0.22467637,0.25093508,0.2760682,11
0.3090754181208274,25.226400467287828,5.355878234119468,2.12031698,2.83082151,1.045680046081543,3.324712991714477,5.472758293151856,6.7957611083984375,7.195168495178223,7.229273796081543,7.245743751525879,7.257859230041504,6
0.33814841,135.87482302,368.67066093,2.4,2.0,0.21732068,0.28624487,0.31947136,0.34812784,0.3727486,0.3941815,0.41289926,0.43127108,4
0.8020639558193435,7.1996981880634445,0.0189556806122573,2.195960575282439,2.156828311731566,0.9047467708587646,2.4662957191467285,3.4693751335144043,3.970470428466797,4.260079383850098,4.463483333587647,4.605077743530273,4.729922294616699,22
0.8291056,1.24654922,49.64920525,2.13807196,2.02420735,0.99748397,2.85250115,4.20810795,4.82049847,5.02043724,5.08829117,5.09721279,5.09884644,23
0.58962524,3.37264228,28.06046867,2.28371286,2.21199918,1.09324121,3.24753833,5.05553627,6.02556896,6.29551792,6.39947224,6.44341087,6.45566463,7
0.86825424,140.07580566,150.27314758,2.03439116,2.8400135,0.18148398,0.31591773,0.44566417,0.56559443,0.67644238,0.77848673,0.87344742,0.96147442,17
0.32432342,145.23284912,140.54449463,2.19157195,2.06880999,0.34050417,0.66605949,0.83670616,0.92621398,0.99246192,1.04710245,1.09191298,1.13123178,21
0.35314246,189.99443532,107.19589999,2.6,2.1,0.3385408,0.67725325,0.89005566,1.0272441,1.130435,1.2133908,1.2832553,1.3430448,10
0.39195276,242.16414851,109.76906406,2.19703973,2.80339349,0.27230692,0.47945333,0.63059664,0.75596738,0.86098385,0.95210314,1.03118205,1.1002512,16
0.80662986,262.35801714,109.04496872,2.11470814,2.31021854,0.10892892,0.18056154,0.2459929,0.30565715,0.36602759,0.42443347,0.4801321,0.53286839,2
0.40726749,151.71926218,34.13730261,2.1085522,2.47479911,0.40905714,0.90855551,1.22151899,1.40242219,1.53274465,1.63324761,1.719275,1.7954917,19
0.77737448,261.85395963,275.56677887,2.1,2.7,0.0929606,0.1328237,0.16315293,0.18739128,0.21446228,0.24190974,0.26872635,0.29322457,11
0.7712254418286248,8.115540858317946,0.0708524472763368,2.972178050605569,2.7678476785915502,1.0234029293060305,2.9815011024475098,4.439188480377197,5.191228866577148,5.602804183959961,5.897897720336914,6.123255729675293,6.291825294494629,5
0.8995826342503741,3.28647602841272,0.2715500152650694,2.6710285992959486,2.060914999723116,0.9903838634490968,2.7122039794921875,3.854783535003662,4.475202083587647,4.890604019165039,5.211780548095703,5.449260234832764,5.622705936431885,5
0.60670556,91.06514202,279.16542886,2.1,2.9,0.23472452,0.37066722,0.4640987,0.5391748,0.6012428,0.6534164,0.69890165,0.7375598,17
0.4497470339950659,16.038245713669813,0.0049024503598516,2.603379174022807,2.11375146478024,0.9899332523345948,2.888134717941284,4.308381080627441,4.977228164672852,5.265206336975098,5.443838119506836,5.580751419067383,5.662220001220703,5
0.38622518,210.84144089,288.70797794,2.3,2.7,0.18670988,0.2354424,0.28010774,0.31577516,0.3490255,0.3795004,0.4072039,0.43262148,4
0.87291989,113.84093316,96.23065619,2.22752622,2.65848694,0.23243403,0.42352152,0.60062456,0.75971866,0.90289235,1.03240108,1.1489377,1.25427222,16
0.8457664935107364,32.11442986569161,0.049127288050143,2.2181892503028897,2.6354873808612007,0.5758352279663086,1.434715986251831,1.9943652153015137,2.3385376930236816,2.580646514892578,2.770915031433105,2.929460048675537,3.0646138191223145,18
0.71016795,179.63469235,339.34161882,2.8,2.5,0.16090155,0.22302604,0.2873206,0.3486576,0.40345478,0.4537387,0.500463,0.544163,4
0.99216078,288.97069356,256.61856639,2.0,2.5,0.07450509,0.11637163,0.14322734,0.16069603,0.18975449,0.21830964,0.24451566,0.26968718,11
0.3431387926236926,185.37873325721856,0.0393775691222378,2.155932632114576,2.563320241115938,0.4403338432312011,1.048269748687744,1.4236197471618652,1.6163856983184814,1.7497172355651855,1.854977369308472,1.940357446670532,2.0193235874176025,18
0.9622862908456752,26.56067611408366,0.0230829233578621,2.833717559302676,2.235714583328383,0.5171933174133301,1.2176997661590576,1.7152178287506104,2.050849199295044,2.299500703811645,2.498154878616333,2.6649515628814697,2.807480573654175,18
0.4886435367162424,250.48538534223152,295.7181534500946,2.1,2.4,0.124202013015747,0.1590297222137451,0.1957800388336181,0.2261099815368652,0.2561030387878418,0.2847530841827392,0.3118720054626465,0.3372070789337158,11
0.93371248,297.47991117,194.69474802,2.4,2.1,0.08157563,0.13556004,0.18212914,0.21764994,0.25631762,0.29609966,0.33614492,0.37443638,3
0.74548533,210.7060839,247.11947572,2.3,2.8,0.13094854,0.1887424,0.24578357,0.29692674,0.34545946,0.39258862,0.43625426,0.47746253,3
0.94675331,278.16885957,146.60806327,2.74753108,2.44371933,0.13661432,0.18709302,0.24412704,0.30611038,0.36972499,0.42784357,0.48275065,0.5373497,2
0.8027742,71.92377265,263.47252751,2.6,2.2,0.25773692,0.46176076,0.6232188,0.7562554,0.86677957,0.9601557,1.0392303,1.1056576,17
0.63219409,127.85096861,220.84475892,2.0,2.4,0.18301892,0.2797675,0.36656642,0.441298,0.5069511,0.56563497,0.6175258,0.6637492,17
0.91783762,131.79701233,153.72996521,2.04933715,2.37114334,0.15579677,0.26716304,0.37433076,0.47376108,0.56581259,0.65156579,0.73081732,0.80527472,17
0.58980164,228.37479533,384.16907516,2.5,2.5,0.1245141,0.15379071,0.18151474,0.2060492,0.23187876,0.25463963,0.27490234,0.2948408,11
0.931528907880682,249.2681398432896,327.8090266281539,2.4,2.2,0.0823061466217041,0.1219797134399414,0.1516127586364746,0.1711068153381347,0.1950464248657226,0.2217211723327636,0.2478792667388916,0.2719388008117676,11
0.51995784,178.71005249,51.20302582,2.25706506,2.43282604,0.28064251,0.51829863,0.70704937,0.86230302,0.99354863,1.10637665,1.20296645,1.28689957,9
0.5347755,296.23452759,218.7442627,2.57838559,2.10230637,0.1095674,0.14703369,0.18110514,0.20904851,0.23861265,0.26683569,0.2939496,0.31986666,11
0.8816333100288296,260.51558472575755,0.3418547400374103,2.381384626435516,2.726479508382472,0.1531040668487548,0.2604749202728271,0.3599116802215576,0.4624190330505371,0.5606110095977783,0.6536664962768555,0.742772102355957,0.8280072212219238,15
0.94984527,105.30219375,292.04752179,2.005,2.005,0.11342812,0.17130303,0.22492743,0.27518392,0.32180643,0.36460042,0.40383649,0.44010687,4
0.32156237,168.73757104,324.78762567,2.44486493,2.37156194,0.2387023,0.32993698,0.37519217,0.41241074,0.44513416,0.47350574,0.50011611,0.52262855,4
0.7522851,134.9664258,339.99914817,2.4,2.7,0.16299868,0.22646117,0.2901101,0.3444867,0.394629,0.44023752,0.48157763,0.51995206,4
0.7960355204520044,2.0287031817306724,0.0088383023332467,2.5061173387227327,2.6557568160743408,1.1775522232055664,3.6271705627441406,5.74281120300293,6.93875789642334,7.498307228088379,7.816163063049316,8.074642181396484,8.284192085266113,5
0.9760345,200.43731291,190.08510558,2.5,2.3,0.12032986,0.19696426,0.2672162,0.33471513,0.40047216,0.46445584,0.524575,0.5825827,3
0.68755977,150.44576912,174.43688086,2.2,2.0,0.16715884,0.27037072,0.36711717,0.45341086,0.5312066,0.6022959,0.6664202,0.72582173,17
0.7053852107333566,30.6329101321935,0.4446903403649433,2.9563538321031446,2.4548567289051304,0.7075598239898682,1.884199142456055,2.6470370292663574,3.0620059967041016,3.321372985839844,3.509829521179199,3.660066604614258,3.7904443740844727,22
0.5830084427730491,1.7652155800124745,37.57781122479975,2.5956899060607648,2.567559124680505,1.1268064975738523,3.6036555767059326,6.106799125671387,7.834881782531738,8.540888786315918,8.606112480163574,8.607258796691895,8.608291625976562,14
0.64977956,255.68707275,169.09770203,2.91878033,2.32068634,0.14833903,0.21892643,0.29015899,0.35486531,0.41664696,0.47453213,0.52852225,0.58001304,2
0.65022343,7.32896757,2.69109273,2.18038678,2.89459968,1.09901834,3.32078147,5.14981079,6.12268925,6.47147655,6.62123013,6.71421242,6.7699604,6
0.53067386,237.55188062,226.50203264,2.4,2.7,0.16758275,0.23318219,0.29990888,0.35786033,0.41146326,0.4610994,0.50670505,0.5495424,3
0.48143232,161.22657014,210.51763142,2.5,2.1,0.24082398,0.39877605,0.51815796,0.61724925,0.7025378,0.7771144,0.84024477,0.89651775,17
0.76486284,224.55018357,154.35080113,2.6,2.2,0.14230084,0.22706437,0.30949545,0.38761926,0.46102452,0.5306206,0.5960891,0.65787196,2
0.94518679,101.79811169,359.63857063,2.36080973,2.75772622,0.16895366,0.25477147,0.33985543,0.41679358,0.48696947,0.55044198,0.60842419,0.661937,4
0.9346773812569787,2.774635055358967,0.3971991651497965,2.803969066366995,2.9692316419113247,1.1172938346862793,3.3236098289489746,5.058547496795654,5.983930587768555,6.483389854431152,6.84398078918457,7.133579254150391,7.35349178314209,5
0.4453617763062276,17.491194370510048,0.0387664510777997,2.941552123471091,2.0517041533625138,0.9695229530334472,2.7921347618103027,4.107348918914795,4.728722095489502,5.037209510803223,5.265661239624023,5.427454948425293,5.530326843261719,5
0.6000931396066088,17.517898000030144,0.0232671026679455,2.2837432512936684,2.627604950807416,0.9302644729614258,2.7345287799835205,4.039962768554688,4.644742965698242,4.910955429077148,5.070140838623047,5.182182312011719,5.2670183181762695,5
0.66081583,264.66934204,80.36898041,2.68089724,2.15667367,0.14113879,0.22069407,0.29865146,0.37155318,0.44104385,0.50635409,0.56815815,0.62607336,2
0.9993203118126656,4.877342719042887,84.15885743431093,2.183463407423178,2.716842839561584,0.7788643836975098,2.203446865081787,3.150480270385742,3.6009955406188965,3.8217086791992174,3.942988872528076,4.023748397827148,4.080056667327881,23
0.81819135,42.98928156,373.76338554,2.3,2.9,0.2555828,0.41485286,0.507992,0.57672143,0.6286638,0.6692493,0.7025578,0.72896457,21
0.49010268,116.63293048,96.70921821,2.1,2.5,0.34297323,0.6891813,0.91897964,1.0737982,1.187562,1.280967,1.35869,1.421942,10
0.73075308,126.43989803,152.36901222,2.3,2.1,0.19991255,0.34052444,0.46853614,0.5810616,0.6814649,0.771873,0.85243607,0.926085,17
0.95797497,7.59781218,18.52549362,2.29549599,2.96278143,0.85342908,2.39550805,3.42794824,3.94959235,4.23861885,4.42961788,4.5696764,4.69187927,23
0.541613772964697,123.96175992285396,0.0111848707269542,2.8409849468752104,2.216914635604748,0.3922874927520752,0.8561549186706543,1.187317132949829,1.4176528453826904,1.5940444469451904,1.735675573348999,1.8551146984100344,1.9605152606964111,8
0.91557404,156.09856607,261.73930136,2.4,2.6,0.14075398,0.21429825,0.28659177,0.35348725,0.41665268,0.47640252,0.5314636,0.58352494,4
0.4089788746287878,28.154513022100243,0.2052291029214781,2.642522025381521,2.4148803210933103,0.9564995765686036,2.8224740028381348,4.2393999099731445,4.894669055938721,5.150922775268555,5.306993007659912,5.395683765411377,5.470378398895264,5
0.76887208,173.26574707,209.99975586,2.43842387,2.79926181,0.1852777,0.29559803,0.40297627,0.50260711,0.59335613,0.67712879,0.75487065,0.82705808,17
0.77104163,200.26609802,33.44181061,2.6279943,2.62290502,0.21087217,0.36383533,0.51231742,0.64987206,0.77619314,0.89359713,1.00178051,1.10294223,15
0.64914084,203.48281568,299.02981378,2.2,2.7,0.12931824,0.17222762,0.21626401,0.25176978,0.28535366,0.31885862,0.35031748,0.37952566,4
0.4290095269097114,6.788963824549906,0.0088781389283828,2.317380905038907,2.2416761621885093,1.1262221336364746,3.538931369781494,5.8339691162109375,7.290016174316406,7.8380231857299805,7.937529563903809,7.985567092895508,8.02917766571045,5
0.4123505741424789,225.6540404401539,376.8741853717605,2.9,2.0,0.1155741214752197,0.1323673725128173,0.1465010643005371,0.1492893695831298,0.1555709838867187,0.1659297943115234,0.1726782321929931,0.1776144504547119,11
0.32658791,86.38986925,359.22792849,2.8,2.2,0.3647461,0.7596276,0.9458873,0.983979,1.0046701,1.0227957,1.0388203,1.0529628,21
0.43113168,50.23877011,21.44281091,2.6,2.3,0.779891,2.2044113,3.166804,3.5584238,3.6970117,3.7641242,3.820451,3.8731878,23
0.6293863341618807,39.51737416850093,0.0254756608030363,2.8924792645042547,2.556797691780268,0.708275556564331,1.9128479957580569,2.696573734283448,3.1054396629333496,3.3464980125427246,3.522558212280273,3.6607275009155273,3.778223037719727,22
0.9891173274318412,2.7442315184654835,0.0668758587063411,2.835180747400198,2.3150836288000445,1.013927698135376,2.8121702671051025,4.030957221984863,4.692315101623535,5.139011383056641,5.489984512329102,5.762416839599609,5.973019599914551,5
0.52013755,6.4894352,1.85061407,2.78816485,2.19047165,1.16347694,3.40119743,5.27962589,6.25053406,6.63026237,6.89671421,7.10992432,7.24762249,5
0.83421908,16.90576117,98.81830956,2.9,2.2,0.65716386,1.7959657,2.5279107,2.872571,3.0450296,3.1611047,3.2495055,3.3175225,23
0.52282903,146.87321027,44.93065212,2.99481814,2.99055264,0.43404317,0.95485473,1.33311367,1.59333086,1.78717375,1.93946648,2.06836939,2.17809963,19
0.34215683,136.99136018,243.70414584,2.1,2.0,0.2507472,0.3925321,0.46678686,0.52251506,0.5675051,0.60505605,0.63653994,0.662632,17
0.81688238,167.56700326,391.3512368,2.2,2.8,0.10893488,0.14268732,0.17288399,0.19268155,0.21236801,0.23431373,0.25416088,0.27309704,11
0.37394763,40.46709938,281.51764206,2.5,2.0,0.48074293,1.2114773,1.6293316,1.6649868,1.6657329,1.6664143,1.6666908,1.6669476,1
0.70596939,85.62576478,336.28882818,2.01811944,2.18802565,0.17635226,0.25317788,0.32104111,0.37759638,0.42583323,0.46831226,0.50547671,0.53785753,4
0.61743961,1.89789624,8.99312071,2.5,2.2,1.2159562,3.768814,6.2871776,7.90535,8.603189,8.81291,8.9272,8.9944935,14
0.95947896,253.80913236,294.82051167,2.2,2.8,0.10274577,0.13663197,0.17030168,0.19680142,0.22574854,0.25832963,0.28811717,0.3164668,11
0.55200525,19.39293467,164.36235265,2.5,2.1,0.6611328,1.8404169,2.6108377,2.8337023,2.8474872,2.8503883,2.8540685,2.8577392,0
0.42328909,4.54917097,39.93645859,2.02168274,2.08848023,1.03931904,3.10435486,4.90473604,5.87272263,6.02681875,6.03594065,6.03734922,6.03796721,7
0.599307890829051,9.533653998331271,0.0170494223071876,2.5345291475749647,2.624467302318055,1.0699515342712402,3.232975482940674,4.965126514434815,5.8516998291015625,6.230116844177246,6.446502685546875,6.6104841232299805,6.732626914978027,5
0.6638897,187.26572155,176.29945014,2.2,2.1,0.14566612,0.22600913,0.3026626,0.37268662,0.437721,0.49784136,0.5532577,0.6049619,3
0.88057842,46.53247664,218.80182773,2.4,2.9,0.3300221,0.6593585,0.903177,1.0856485,1.2259746,1.3372669,1.4275074,1.5037942,10
0.98790125,98.73540962,390.48281305,2.5,2.8,0.15730762,0.22058082,0.28609943,0.34429312,0.3975227,0.44544673,0.48890758,0.52904034,4
0.65529358,277.94677734,343.25512695,2.77730846,2.05666804,0.08668184,0.11663651,0.13691258,0.14350128,0.15534043,0.1722858,0.18796468,0.19918776,11
0.4868164802736229,293.56807853625713,331.2207239802726,2.30707169,2.00065565,0.0833246707916259,0.1059274673461914,0.1222870349884033,0.1245326995849609,0.1366143226623535,0.1473324298858642,0.1575245857238769,0.1662023067474365,11
0.77993663,294.55322144,285.62971459,2.98484292,2.30886009,0.12964964,0.14567852,0.17680097,0.20731425,0.24436045,0.27241302,0.29871011,0.32744193,11
0.88982107,113.31212593,268.00498814,2.3,2.2,0.15078211,0.23364544,0.31435823,0.3874638,0.45429063,0.5150142,0.5705631,0.62192106,4
0.32175233,83.56510334,368.56437646,2.1,2.7,0.27349782,0.39668918,0.41534066,0.4296167,0.44193578,0.45256567,0.46177888,0.46979856,21
0.45761352,221.27681539,37.78845538,2.9,2.5,0.3301108,0.642251,0.8747337,1.0607736,1.2133307,1.3422058,1.4538045,1.5496726,9
0.69546952,288.87700114,290.04099414,2.5,2.9,0.14590287,0.16209817,0.19586754,0.23913121,0.2808311,0.313663,0.34730577,0.37932873,4
0.84520093,279.22958999,106.45861456,2.2,2.4,0.10761666,0.17508292,0.23446679,0.28945875,0.34653234,0.40195847,0.45522785,0.5056536,2
0.40816458,54.0350909,332.80540805,2.0,2.8,0.32029176,0.560164,0.627007,0.64281034,0.6557951,0.6666498,0.67757225,0.686203,21
0.63685679,175.8903656,88.3126297,2.77518678,2.71361351,0.27135849,0.48707604,0.67150998,0.8327539,0.97438455,1.09998655,1.21085525,1.3103447,10
0.32716656,57.08676597,62.33902089,2.17869354,2.70557106,0.77170372,2.24776959,3.32553887,3.73956227,3.81604934,3.83782601,3.85720801,3.87595582,23
0.30042712,45.71825621,371.80381306,2.66315251,2.78025071,0.4722445,1.14322782,1.5442543,1.58290911,1.58464146,1.58511114,1.58516645,1.58635378,1
0.40999001,54.93013548,362.05254578,2.7,2.4,0.40301442,0.8896918,1.1426117,1.1827865,1.1912379,1.1993563,1.2066765,1.2132936,21
0.9041530785314325,0.8124503672040476,0.0095962959106988,2.017413406867655,2.041289120325496,1.1041059494018557,3.320029258728028,5.077190399169922,6.047983646392822,6.539952754974365,6.843594074249268,7.080359935760498,7.2337470054626465,5
0.44131333,19.18421173,27.48966599,2.6733532,2.62203169,1.02775693,3.0337677,4.65722036,5.48238039,5.74052,5.8511281,5.902493,5.93187475,7
0.61053557,51.1989206,264.10859581,2.9,2.3,0.42658234,0.9922302,1.3531852,1.519727,1.608854,1.6704955,1.7196517,1.7599967,1
0.83320455,111.49987368,352.08468429,2.4,2.9,0.17060685,0.24058175,0.3110392,0.37073016,0.42527342,0.47384572,0.51832867,0.55912805,4
0.85505769,176.23868529,271.37626369,2.1,2.6,0.11235261,0.16279697,0.20892668,0.2501483,0.29188752,0.33136106,0.36842823,0.4034183,4
0.4382019142255746,33.38016701557037,32.827789459399746,2.05662821434648,2.6429752643685016,0.8273410797119141,2.465104818344116,3.6599910259246826,4.16152286529541,4.318917274475098,4.383849143981934,4.427824974060059,4.46495246887207,23
0.7269292538131928,0.7862493257400311,0.023149870796811,2.566732906157952,2.4433655410776947,1.2374422550201416,4.003025054931641,6.8595781326293945,8.857632637023926,9.843328475952148,10.047616004943848,10.077317237854004,10.114106178283691,12
0.85734758,271.82106708,276.78613273,2.6,2.6,0.1284926,0.16134667,0.19886613,0.24455261,0.29154944,0.3321278,0.370481,0.4083259,4
0.4022641161144945,7.037047113927022,1.5449424349050425,2.57471895,2.125458,1.127826690673828,3.534517526626587,5.830434799194336,7.332918167114258,7.90008544921875,8.01339340209961,8.076986312866211,8.135392189025879,13
0.65299558,131.48156772,51.02717589,2.3,2.3,0.2744913,0.51592517,0.71543026,0.8838768,1.0268042,1.1506023,1.2569335,1.3503406,9
0.40124838,218.924286,10.3767405,2.0,2.5,0.27088833,0.4875021,0.64912844,0.78018594,0.890306,0.98463154,1.0649369,1.1351147,9
0.86514574,1.18304253,21.08531189,2.32798624,2.30767536,1.13483143,3.33664894,5.10856581,6.03191662,6.4127388,6.64397335,6.80539989,6.87644386,7
0.73203981,89.31697083,389.14212036,2.55706763,2.32913184,0.18204308,0.24542522,0.30336213,0.3501668,0.39100027,0.42695808,0.45888209,0.48745418,4
0.99877024,158.39228821,185.35131836,2.39987063,2.63788176,0.15224481,0.25102878,0.34659743,0.4395287,0.52738571,0.610008,0.68716884,0.76087046,17
0.9811435602648774,291.51207661933745,381.9255170613446,2.0,2.0,0.0498569011688232,0.075141429901123,0.0985147953033447,0.1019928455352783,0.1141252517700195,0.1237154006958007,0.1329367160797119,0.1433968544006347,11
0.5993120930459319,11.780536873665287,1.1072890557688173,2.21602106,2.39437103,0.9801650047302246,2.871405601501465,4.255272388458252,4.889132976531982,5.169102668762207,5.344842910766602,5.45125150680542,5.547799587249756,5
0.53544038,154.38814618,310.22781184,2.9,2.1,0.21411467,0.331048,0.4260726,0.50762653,0.57921934,0.6431906,0.7002795,0.75304055,17
0.9098006398870968,23.37013030080103,0.0067855531804866,2.466897809616776,2.2603761557713984,0.5801618099212646,1.413433074951172,1.9612627029418943,2.3033032417297363,2.547550201416016,2.7391510009765625,2.8981242179870605,3.033000946044922,18
0.78522926,192.20042357,353.25517579,2.0,2.4,0.08723998,0.11764813,0.14001322,0.15249372,0.17313647,0.19135213,0.20792103,0.22345662,11
0.87093471,22.10150509,373.06226804,2.2,2.0,0.27236152,0.46985006,0.57228494,0.62590766,0.65795946,0.68017244,0.6960144,0.7078841,21
0.8318159357822801,17.35787391870301,0.0074066791725195,2.342161155037432,2.548465458734956,0.7383763790130615,1.9724087715148928,2.7480359077453613,3.1632800102233887,3.421939849853516,3.611336708068848,3.764271259307861,3.8902063369750977,22
0.71054561,183.78492339,218.06370943,2.6,2.1,0.15376472,0.23851228,0.32258177,0.39962697,0.4703567,0.53602934,0.5971763,0.65431046,3
0.70761685,202.57978214,201.81219993,2.66837132,2.99152829,0.20058799,0.31443858,0.42786884,0.53233552,0.62739897,0.7155509,0.79667735,0.87219501,17
0.77949131,129.34371874,92.24261078,2.3,2.7,0.23135686,0.41307473,0.5773673,0.7223542,0.85142136,0.96660995,1.0702438,1.1633925,16
0.8036585318410132,21.352505537620782,0.9877093015265244,2.3852764801327755,2.568708491755172,0.7168097496032715,1.912993669509888,2.668926954269409,3.073312997817993,3.3274624347686768,3.5132052898406982,3.66329836845398,3.7930943965911865,22
0.3502977,112.93813848,251.62643347,2.1,2.9,0.31099486,0.5470073,0.6488874,0.70676327,0.75128627,0.78701234,0.8196111,0.8469484,21
0.91435752,102.66548221,35.55974356,2.58621184,2.86860126,0.29499865,0.565871,0.80900693,1.02454519,1.21454048,1.38246846,1.53130841,1.66446185,9
0.6017762625902999,13.415564994843404,0.5382763812688344,2.8819764015338944,2.1409074242358783,0.9404644966125488,2.636976718902588,3.798724174499512,4.370806217193604,4.713184833526611,4.952864646911621,5.12151575088501,5.25510835647583,5
0.934330655866663,23.164842065986,0.2893503179586702,2.0746025652360744,2.997607404351392,0.6025059223175049,1.545928955078125,2.16036343574524,2.53692364692688,2.80146861076355,3.0086658000946045,3.179121255874634,3.3251073360443115,18
0.46202952,282.41978441,78.59546016,2.5,2.6,0.21387959,0.33692098,0.44995284,0.54936504,0.6391878,0.7210047,0.79588556,0.8645129,16
0.77988989,104.93443295,323.85912648,2.7,2.6,0.2171495,0.34192777,0.45111585,0.5460739,0.62942505,0.7035742,0.7700937,0.829371,17
0.9535538,114.03678894,219.38352966,2.30895138,2.1882925,0.15396166,0.24857712,0.34064031,0.42514324,0.50326705,0.57467628,0.64043307,0.70143294,17
0.4881066678144011,208.67207029392185,0.0042174882343702,2.209261492692724,2.486738895379243,0.287121057510376,0.5429768562316895,0.7462234497070312,0.9143466949462892,1.0551176071166992,1.1772129535675049,1.2832720279693604,1.3768279552459717,8
0.312591,7.064938,8.358381,2.5,2.0,1.15992498,3.49128056,5.73432541,7.08592606,7.55786228,7.82029819,7.96994781,8.00712013,6
0.46635072,201.17186462,118.38872035,2.6,2.7,0.28638148,0.5095446,0.6754582,0.81319094,0.92931485,1.0286169,1.1146266,1.191824,10
0.74741281,75.55175949,214.5863265,2.95837692,2.82512549,0.35732388,0.71953511,0.98771882,1.1904006,1.34817886,1.47479153,1.5805707,1.67016554,10
0.98639578,242.47962952,11.84164619,2.40593839,2.23757672,0.12081599,0.21045494,0.2911911,0.36958385,0.44864702,0.52493572,0.59824991,0.66835594,2
0.46880388,147.37411499,226.46258545,2.96204185,2.07674956,0.22942019,0.35174537,0.43936706,0.51175308,0.57340479,0.62797046,0.67548323,0.71684718,17
0.78888904,219.52865527,23.15521196,2.14428046,2.4240358,0.1545074,0.26570725,0.37250829,0.4738152,0.56923795,0.65986872,0.74451423,0.82490444,15
0.99964173,224.17198271,144.75009479,2.33303073,2.04578448,0.09614491,0.15840411,0.21184397,0.2609899,0.31363797,0.36430621,0.41285467,0.45976758,2
0.47584264,278.42389037,7.52759822,2.9,2.8,0.2843809,0.5034394,0.68614197,0.8455844,0.9849305,1.1094661,1.2195454,1.3185687,9
0.32043684,177.17649841,167.33622742,2.04941154,2.47041225,0.31596684,0.59576607,0.7544384,0.85412645,0.9299593,0.99282146,1.04336953,1.08864331,21
0.4828078,212.26388422,256.88515617,2.65652109,2.8166739,0.2290957,0.34510255,0.44107723,0.5249362,0.59901714,0.6655519,0.72575021,0.78032327,17
0.903821244013481,0.7363041715213325,47.02053589190285,2.2454934635561576,2.250076527671617,1.026663303375244,3.1306984424591064,4.888700485229492,5.835442543029785,6.163301467895508,6.273822784423828,6.314267158508301,6.322837829589844,7
0.99588525,112.34216135,183.77597414,2.45917852,2.68229828,0.19390917,0.33192706,0.46545124,0.58860993,0.701226,0.80538154,0.90079331,0.98955512,17
0.87808645,14.58683681,36.61252975,2.30597043,2.07363367,0.64112544,1.58504009,2.15475821,2.46631026,2.66235948,2.80955434,2.92324948,3.01814151,19
0.4682687488990749,107.27418668285134,0.9871711000404338,2.9402897177256944,2.099046630260893,0.4661445617675781,1.11055326461792,1.5244545936584473,1.7591276168823242,1.921633243560791,2.0518922805786133,2.160006046295166,2.250985622406006,18
0.37734008,51.93229247,171.08782856,2.4,2.8,0.594594,1.5679679,2.1844354,2.3577256,2.3829393,2.398028,2.4123445,2.4258852,0
0.91239778,191.71035066,151.40871833,2.12011203,2.97036573,0.14913225,0.25065684,0.34768438,0.4434247,0.53430462,0.62017965,0.70169091,0.77887154,17
0.8086771145627517,27.421208926897915,0.1502631411096097,2.9908302101920667,2.946831690312076,0.7213523387908936,1.9418201446533203,2.770961284637451,3.237929344177246,3.5331711769104004,3.754441261291504,3.933323383331299,4.082383632659912,22
0.8459599,197.20272782,59.90425701,2.1,2.9,0.1539483,0.25628686,0.35738683,0.45275545,0.5423989,0.6281731,0.7081382,0.78317285,16
0.3972836509499415,39.6769177265019,0.0041590879196701,2.821902847853996,2.582542488025033,0.917389154434204,2.708674192428589,4.064835548400879,4.703415870666504,4.967747688293457,5.109704971313477,5.209155082702637,5.278669357299805,5
0.98085874,201.2363739,387.94827271,2.07066584,2.37723613,0.07911086,0.11594892,0.14765716,0.16724777,0.19063592,0.2141211,0.23704433,0.25899768,11
0.97771756,96.0930258,375.17061374,2.4,2.9,0.1579566,0.22143102,0.28764153,0.3443308,0.39658308,0.4433403,0.48585796,0.52501297,4
0.9533375225370552,17.261192639459036,32.74844226587034,2.93499112,2.48091912,0.6327805519104004,1.6010584831237793,2.250263214111328,2.640954971313477,2.906541347503662,3.109908103942871,3.274219512939453,3.4124908447265625,19
0.3343000683622264,1.871638194775136,0.1400859351777124,2.521829038268991,2.103968017294897,1.19696044921875,3.904965400695801,6.918285369873047,9.458184242248535,10.696599006652832,10.71591567993164,10.72340202331543,10.729802131652832,12
0.50235399,29.56590427,40.8561572,2.2,2.7,0.78864574,2.1448724,3.029003,3.4201162,3.5920517,3.6945555,3.7581904,3.803714,23
0.65508892,103.48425676,17.8808962,2.7,2.9,0.43063617,0.9486654,1.332726,1.608851,1.8184624,1.9885454,2.1305232,2.2522554,19
0.97054697,237.83074824,105.03494567,2.1,2.9,0.11607647,0.18900943,0.2541163,0.31759048,0.38130426,0.4443059,0.5033903,0.5606477,2
0.42858021,41.72934579,268.65519989,2.0,2.8,0.40966725,0.8891263,1.0986087,1.1168907,1.1238132,1.1300526,1.1356521,1.1407378,21
0.84282059,255.98578742,56.93899048,2.2,2.3,0.1181643,0.1986475,0.2726233,0.34260154,0.41177797,0.4793229,0.5429847,0.60418797,2
0.45256103,150.25598799,89.97302417,2.38956917,2.37061335,0.34908414,0.70330501,0.94099069,1.10558248,1.22997022,1.33128166,1.41383314,1.48523521,10
0.82518093,243.58555139,280.99933448,2.1761311,2.75584417,0.10764885,0.16330123,0.21195412,0.25978065,0.3077271,0.35348201,0.39630795,0.43796062,4
0.6485046,142.81860785,206.25319166,2.6,2.2,0.21965933,0.3659997,0.4940064,0.60450125,0.70158696,0.78850293,0.86535215,0.9347899,17
0.54206398,264.66676146,349.16718535,2.8,2.6,0.14347959,0.17861295,0.21525025,0.25507545,0.2883277,0.31887412,0.34837484,0.37583208,4
0.95174049,279.76605344,266.85727807,2.3,2.2,0.07786846,0.12295365,0.16007948,0.1849184,0.21520615,0.24632168,0.2775178,0.30652666,11
0.32596239,85.87214121,203.36923325,2.82585199,2.84417881,0.55665469,1.4641974,2.07591653,2.2554152,2.28149295,2.30151963,2.32016873,2.33744836,1
0.80240736,84.79562263,27.91086046,2.9,2.1,0.3516066,0.73444843,1.0451035,1.2979641,1.5055869,1.6802471,1.8282855,1.9565899,9
0.70057427,233.84467469,218.67174271,2.1,2.3,0.10433745,0.15296555,0.19653845,0.23446703,0.27575946,0.3139465,0.34977746,0.38386035,3
0.51078724,88.29721905,193.28671022,2.8,2.3,0.4102497,0.92261314,1.2488568,1.4180524,1.5277991,1.6132894,1.6805232,1.7368567,20
0.4373053,123.76778729,279.18204185,2.8,2.9,0.35006475,0.6707809,0.8590164,0.97456837,1.05846,1.1260362,1.1816697,1.2295685,10
0.71866554,49.3812477,80.29938212,2.6,2.9,0.5183151,1.2508168,1.7491732,2.0395684,2.2334495,2.3837361,2.5021873,2.6050196,20
0.75758531,239.94258804,90.43982128,2.2,2.5,0.13842702,0.22213149,0.30332446,0.38001704,0.45344067,0.5224228,0.5884898,0.6505513,2
0.74252152,145.52500916,374.00958252,2.00615287,2.64210796,0.13346601,0.18270898,0.23498964,0.28161812,0.32407475,0.36348224,0.40007305,0.43425941,4
0.9990840651724586,7.1756780281979005,1.1416948697429357,2.898046676785228,2.2192626316722577,0.7926754951477051,2.0510683059692383,2.8603758811950684,3.3471713066101074,3.6744422912597656,3.923471450805664,4.121668338775635,4.281835556030273,22
0.5139573,99.29499487,10.28268236,2.196922,2.98751166,0.53221679,1.36230397,1.89946795,2.17380333,2.34872532,2.4818759,2.5950923,2.69135094,18
0.3753329732152028,2.3416570959795258,0.4362921717358966,2.767797391772759,2.626819426754314,1.273958683013916,4.234634876251221,7.642460823059082,10.589390754699709,12.344905853271484,12.39827823638916,12.403095245361328,12.407153129577637,13
0.79862578,42.82464086,280.92596726,2.5,2.6,0.34347844,0.6866615,0.9183204,1.0708256,1.1792698,1.2598166,1.3217523,1.3723166,10
0.99196929,218.77623992,25.25480002,2.7,2.8,0.16772246,0.28479218,0.3953867,0.51186705,0.6202092,0.7226274,0.8202877,0.91390014,15
0.3412640343645055,24.60672692723656,20.734126122087208,2.06540132,2.57131195,0.967848300933838,2.995827436447144,4.733964920043945,5.625822067260742,5.832853317260742,5.8734941482543945,5.898092269897461,5.914668083190918,7
0.65570712,175.13947001,350.56030803,2.1,2.4,0.10958385,0.13878632,0.16545963,0.1850071,0.20707345,0.22724223,0.24695587,0.2653761,11
0.87147797,237.70920908,362.18955738,2.2,2.1,0.07051182,0.10368395,0.1310873,0.14152956,0.16037154,0.17919183,0.19762897,0.21437216,11
0.46121886,170.1770312,33.52997882,2.35251755,2.43878434,0.3506968,0.70981193,0.96396565,1.14841509,1.29248571,1.40992165,1.51189208,1.5995748,9
1.0,300.0,271.88724121,2.0,2.0,0.05675364,0.0913713,0.11933613,0.13685584,0.15954566,0.18002152,0.20020175,0.22157693,11
0.44948119,250.59185791,126.5790863,2.1252048,2.96103096,0.23610735,0.39688206,0.53115988,0.64774013,0.74978518,0.84123445,0.92279625,0.99699092,16
0.93533868,194.07025295,302.70988177,2.3,2.4,0.10120893,0.14955783,0.19263363,0.22894979,0.26705003,0.30424452,0.34001398,0.37365174,4
0.6218044256865594,2.174226667751512,0.5409025607097722,2.5123047316111458,2.630612464236361,1.2226407527923584,3.934892177581787,6.679922103881836,8.520696640014648,9.333111763000488,9.522944450378418,9.608962059020996,9.707307815551758,13
0.85067236,121.87224373,41.66659536,2.1,2.2,0.2005508,0.3627348,0.5133014,0.6499243,0.77371335,0.8859174,0.987164,1.0802972,15
0.326433,264.33859489,331.97713357,2.2,2.8,0.1425302,0.15982509,0.17977047,0.18732882,0.19750118,0.20886517,0.21794367,0.22681737,11
0.63992073,42.30241558,243.6740444,2.4,2.8,0.4234519,0.94608784,1.2638307,1.4051466,1.4818697,1.5353479,1.577836,1.612432,1
0.73801187,75.48547951,101.26690715,2.2,2.5,0.3307848,0.66663027,0.92134,1.1167393,1.2712166,1.3968136,1.5039167,1.5952487,10
0.5328948554416397,7.427240286512881,1.4221842216168632,2.91758537,2.25892115,1.1030430793762207,3.335735321044922,5.207132816314697,6.206422328948975,6.616871356964111,6.859445095062256,7.07416296005249,7.229156017303467,5
0.83604752,35.17753091,268.10588385,2.9,2.5,0.40747547,0.9046402,1.2473497,1.4547973,1.5884085,1.6833119,1.758296,1.8186941,20
0.6224235879308764,109.04426083842324,0.0451841594164262,2.57286864862529,2.62074201916042,0.4201381206512451,0.9317889213562012,1.3040454387664795,1.5681250095367432,1.7703282833099363,1.9341099262237549,2.072326421737671,2.1901628971099854,18
0.68107247,49.943525,237.91228836,2.7,2.6,0.4187541,0.9344549,1.2753162,1.4645989,1.5802991,1.664922,1.731704,1.7880595,20
0.58660931,58.73128753,58.34040382,2.60019433,2.34241059,0.53231168,1.33294678,1.83889794,2.10274959,2.26925445,2.39699006,2.50148559,2.59475446,19
0.92114099,270.02724481,352.42113817,2.41602779,2.86697,0.11965609,0.14535165,0.17074656,0.2110765,0.25283313,0.28752804,0.32083964,0.35302114,4
0.9306765672902227,2.486549891986764,0.0844560632633186,2.149025004542545,2.580248423642077,1.0529890060424805,3.0959222316741943,4.602296829223633,5.3600263595581055,5.754627227783203,6.024249076843262,6.23306941986084,6.389741897583008,5
0.961149394739933,2.938190369182366,17.371779777088243,2.246558906243022,2.987398547976829,1.014141082763672,3.0321223735809326,4.57115650177002,5.351802825927734,5.72860050201416,5.965810775756836,6.137971878051758,6.258896827697754,6
0.6477366824295063,241.33386337618705,0.305627729669593,2.6455307697940524,2.08541664996808,0.1739821434020996,0.2903778553009033,0.4041330814361572,0.5099081993103027,0.6071102619171143,0.6984591484069824,0.7832577228546143,0.8622567653656006,15
0.62988043,28.6062355,104.07043457,2.0,2.0,0.54731083,1.34674478,1.77785468,1.94239569,2.02622414,2.09054422,2.14754629,2.19733858,0
0.5338671849199791,1.756593172102355,0.4342095394538059,2.686926475412097,2.1473044838371416,1.1934421062469482,3.817148447036743,6.531394004821777,8.540885925292969,9.484249114990234,9.553312301635742,9.564870834350586,9.57906723022461,13
0.60235614,82.67868873,175.57407264,2.5,2.5,0.3737197,0.78294015,1.0599623,1.2387459,1.3688633,1.4682267,1.5469198,1.6172047,10
0.79302737,102.84177846,309.13588453,2.5,2.6,0.2043798,0.3176608,0.42045522,0.5082619,0.5857842,0.6553855,0.71734285,0.7740004,17
0.35612959,69.75057983,180.61065674,2.17720127,2.08669472,0.45055437,1.0468812,1.34031796,1.39508152,1.41964436,1.44255233,1.46203899,1.47939324,0
0.54225738,159.79109363,128.89587953,2.9,2.3,0.30377173,0.58010197,0.7893746,0.959286,1.0999486,1.2188985,1.319931,1.4085467,10
0.4195856967209947,0.7733660586257204,0.0046758752245494,2.522207966078868,2.5934173431152634,1.2722275257110596,4.274647235870361,7.800089836120605,11.046119689941406,13.079245567321776,13.115307807922363,13.122991561889648,13.129616737365724,12
0.61898652,80.68134609,193.52956492,2.6,2.4,0.36028075,0.74374247,1.0041556,1.177043,1.3046653,1.4055102,1.4853857,1.5499995,10
0.41923364,194.41602871,269.30111601,2.9,2.6,0.2683611,0.43263054,0.54140663,0.6334901,0.7120204,0.781158,0.84062886,0.894238,17
0.31876869,298.38773289,181.84587434,2.08872313,2.61907035,0.19394088,0.26831031,0.33413315,0.39049101,0.44083595,0.48668265,0.52836132,0.56667209,3
0.82067292,268.67242478,270.9151108,2.4,2.7,0.12514138,0.15656614,0.19579744,0.23440933,0.27557206,0.31302762,0.34736753,0.38220096,4
0.41227947,59.99077581,121.96468138,2.1,2.7,0.537354,1.3443129,1.8010032,1.9488461,2.0081851,2.0539033,2.093725,2.129913,0
0.43016208,57.02762016,64.10050332,2.5,2.3,0.6760683,1.8509948,2.6021936,2.8786075,2.971316,3.0300076,3.0837405,3.1315362,23
0.4500034387804775,17.077843686948,0.7190284160098057,2.5669321850974964,2.075740182243363,0.9748694896697998,2.8318865299224854,4.192736625671387,4.821939468383789,5.096011161804199,5.278346061706543,5.398188591003418,5.483819961547852,5
0.45222013,48.72727647,59.74986793,2.4,2.8,0.7108526,1.932054,2.7342215,3.070675,3.210023,3.2852063,3.3409405,3.389822,23
0.75647819,14.69106007,49.50178528,2.87503862,2.15154147,0.7379508,1.92468548,2.674016,3.05282021,3.27635908,3.4214406,3.5258007,3.59766483,23
0.6072959391057123,56.567397028606656,0.0032665980122758,2.054605944721407,2.0780664927671,0.5189025402069092,1.2545101642608645,1.693070888519287,1.939784049987793,2.108025074005127,2.246697425842285,2.358375072479248,2.456018447875977,18
0.964541989921272,1.2651260175312655,18.93608420311625,2.59713483,2.69773722,1.120842695236206,3.396437883377075,5.246792793273926,6.252554893493652,6.746920585632324,7.066285133361816,7.317140579223633,7.493343353271484,6
0.36926131,117.14245897,359.19019628,2.7,2.9,0.3291986,0.5817435,0.6905925,0.74819875,0.7922766,0.83106136,0.86315775,0.89010644,21
0.78040808,52.89698792,354.46670532,2.91884255,2.00554061,0.20970941,0.30358624,0.36706686,0.41642737,0.45632768,0.48940849,0.51747036,0.53999496,4
0.7368247164642793,24.16333451447744,0.7643746875109092,2.6502474937644003,2.898911752361509,0.7861108779907227,2.2020726203918457,3.1537089347839355,3.645630359649658,3.923895835876465,4.120086193084717,4.2748613357543945,4.400085926055908,22
0.3,17.48268161111819,1.0936013848844357,2.34912482,2.64514082,1.1205265522003174,3.582512855529785,6.043278694152832,7.689313888549805,8.3064603805542,8.364607810974121,8.37565803527832,8.385199546813965,13
0.6584647961010598,2.034699502275317,43.22249392605528,2.6763792,2.72818375,1.110466241836548,3.508357524871826,5.815210819244385,7.278815746307373,7.843430995941162,7.931624889373779,7.95642614364624,7.969852924346924,7
0.59614176,216.47810364,383.37347412,2.61914611,2.99248457,0.16341329,0.20771122,0.2575686,0.30563164,0.34620762,0.38519216,0.42107916,0.45511913,4
0.9658581,32.67282486,36.85399628,2.02433872,2.2157135,0.40705895,0.8818419,1.23376179,1.49152279,1.69020653,1.85068679,1.9845624,2.09915447,19
0.60278148,50.50856403,103.37974765,2.9,2.1,0.55203223,1.4556623,2.0281985,2.2839353,2.422519,2.5220015,2.6019528,2.6728733,20
0.988961856969542,17.101943270149366,1.1645235421161368,2.8220897106785108,2.311421346185826,0.6207222938537598,1.534163236618042,2.147329568862915,2.533467054367065,2.8074381351470947,3.0209224224090576,3.1981894969940186,3.349475622177124,18
0.5847976,174.42442399,76.16125708,2.5,2.2,0.25230694,0.45269537,0.6220248,0.7681401,0.8951528,1.0063622,1.1036088,1.1914039,16
0.78914163,195.06303585,197.49865772,2.1,2.9,0.13183069,0.19664049,0.26095843,0.3201542,0.37628794,0.4301772,0.48004198,0.5271473,3
0.71854299,61.42132121,319.89004937,2.2,2.7,0.25285769,0.41708732,0.52431154,0.6059725,0.6716213,0.7248473,0.7693031,0.8055885,17
0.33570159,79.53609462,375.29182425,2.0,2.0,0.22872305,0.2935233,0.30609274,0.3178475,0.3279109,0.33701634,0.3454299,0.35325766,11
0.4726939021415887,196.1457514725804,0.3822866414644156,2.424999400760093,2.6797920825829946,0.3454158306121826,0.7026448249816895,0.9670143127441406,1.1701781749725342,1.3333914279937744,1.4699101448059082,1.5862503051757812,1.6874005794525146,8
0.53789527,103.59325578,139.88474646,2.2,2.2,0.3227725,0.6301036,0.83783007,0.9828403,1.0924592,1.1821187,1.2553933,1.316927,10
0.3,127.35064852,400.0,2.0,2.0,0.15994811,0.16644812,0.17030144,0.17264795,0.17684698,0.18047738,0.18340158,0.18664074,11
0.4347602863701337,79.78403841689453,39.06695559471886,2.07056521496757,2.2335900950732763,0.5404002666473389,1.3815083503723145,1.8604464530944824,2.059950113296509,2.177744150161743,2.267021417617798,2.34384560585022,2.4125258922576904,19
0.86992937,113.49977112,384.23956299,2.22469735,2.06279278,0.10731697,0.14114141,0.17103338,0.19424224,0.21969795,0.24145508,0.26187921,0.28094554,11
0.34087272,66.36885096,172.19472779,2.2,2.9,0.52921414,1.3255582,1.7842526,1.8908048,1.9145498,1.935596,1.9549956,1.9731174,0
0.7535158679592323,24.45144614512824,0.0081577971709258,2.760234835413168,2.3497481883990474,0.7041113376617432,1.8482117652893064,2.576267719268799,2.977758407592773,3.234758377075196,3.4229331016540527,3.574692249298096,3.7042603492736816,22
0.3788236505034512,35.83429099991198,0.5812672347825205,2.530670347257046,2.0900560227081004,0.8610470294952393,2.447327136993408,3.531145095825196,4.000837326049805,4.215318202972412,4.328268527984619,4.41304349899292,4.473326683044434,22
0.71128982,162.95289302,43.09505321,2.8,2.4,0.26103377,0.47859502,0.6733475,0.8463745,0.9994824,1.1367214,1.2594285,1.3694577,9
0.37733159,197.30943858,25.18066382,2.1,2.2,0.30735993,0.5815332,0.76843166,0.9037032,1.0107117,1.0990424,1.1754503,1.2392061,9
0.35192693,234.00183233,163.59678635,2.9,2.1,0.2744012,0.48339677,0.6241174,0.7372005,0.8314774,0.9111357,0.97863984,1.039747,17
0.8432761110161708,1.3588750811578696,0.0260749944818028,2.0455470536423097,2.067257463923596,1.0928175449371338,3.273764133453369,4.9806413650512695,5.892021179199219,6.340242862701416,6.623469829559326,6.820103168487549,6.9751973152160645,5
0.5235415184705263,0.7666989964221748,0.3085351472730026,2.0549120153038127,2.952088512861989,1.2407333850860596,4.242924690246582,7.847823619842529,11.091806411743164,13.352548599243164,13.458459854125977,13.465349197387695,13.471061706542969,13
0.90737273,25.28225504,309.13630039,2.73782048,2.19143078,0.31997204,0.61311626,0.7966032,0.90601206,0.97489381,1.02412748,1.05968189,1.08619189,21
0.31022058,108.64669262,54.78031525,2.56176636,2.94031091,0.67521262,1.91345429,2.795995,3.13952136,3.23015618,3.2787807,3.32142901,3.36043811,23
0.93191636,17.72303009,41.45978928,2.58131242,2.95245767,0.67748141,1.78910279,2.5242312,2.9338758,3.19713855,3.39182925,3.5477984,3.68069577,23
0.53141412,262.20877283,66.43239016,2.2,2.0,0.15363622,0.24338198,0.32994485,0.40795612,0.48051906,0.5476327,0.60981536,0.6673224,2
0.34310331,48.669355,90.70935684,2.9,2.6,0.8082392,2.3715289,3.599745,4.153207,4.2816133,4.3049326,4.3179026,4.3303356,23
0.73672803,125.32400488,203.20684389,2.95385917,2.35142357,0.22061038,0.36646247,0.49592924,0.60752153,0.70624566,0.79456234,0.87345099,0.94471478,17
0.78530121,13.25637111,95.11669092,2.5,2.1,0.6948533,1.8926573,2.6355107,2.9454544,3.0778925,3.152352,3.2062624,3.252064,23
0.4268040667292017,82.61954231121935,22.36816310767388,2.667420957886258,2.522843923774948,0.631011962890625,1.713778018951416,2.407897472381592,2.715397357940674,2.8711485862731934,2.9781203269958496,3.072818756103516,3.151465892791748,23
0.3244787089183324,1.448279103082857,26.15048755297847,2.7191767379922305,2.865033358697394,1.221921682357788,4.049677848815918,7.303028106689453,10.09967041015625,11.94419288635254,12.101786613464355,12.102054595947266,12.102319717407228,14
0.3,300.0,2.31771261,2.0,2.0,0.22092509,0.35418344,0.45775437,0.54464674,0.62013173,0.6855216,0.7436049,0.79445386,15
0.9908840245649584,287.23254183539683,268.9039573040185,2.12576195,2.18035488,0.0690975189208984,0.1095874309539794,0.1439242362976074,0.1636049747467041,0.1904079914093017,0.2180056571960449,0.2457430362701416,0.2717955112457275,11
0.61944518,175.85661375,142.79086184,2.3,2.8,0.20845604,0.33990526,0.46009278,0.56498003,0.6587436,0.74339867,0.81997037,0.8898463,17
0.7894513,161.41363999,40.13026028,2.8,2.7,0.2536261,0.4571848,0.646229,0.8172746,0.971462,1.1111605,1.2379298,1.3526952,9
0.708527214185108,1.390692320788738,138.00873045103484,2.946971058971505,2.4741937369424702,0.8705580234527588,2.616870880126953,4.085187911987305,4.793574810028076,4.940409660339356,4.983831882476807,4.985502243041992,4.985525608062744,23
0.31708652,211.71708013,157.2501114,2.8,2.7,0.358047,0.7053602,0.91137576,1.0372665,1.131599,1.2075481,1.2724864,1.3286178,10
0.648317055051612,112.51072672883105,0.3564913714644662,2.375675497917741,2.7044396260630794,0.3972306251525879,0.8617193698883057,1.2094342708587646,1.469304084777832,1.6731979846954346,1.840394735336304,1.9831583499908447,2.10547423362732,8
0.77466449,137.00061518,349.90486519,2.1,2.4,0.11737633,0.15383744,0.18913245,0.21800351,0.24805546,0.27591348,0.30092454,0.3244505,11
0.9902427689043082,64.72674170196846,0.0122203696686363,2.081428171149923,2.540340293293514,0.3097779750823974,0.6219096183776855,0.8954458236694336,1.1307742595672607,1.331815481185913,1.5059831142425537,1.6582403182983398,1.792252540588379,8
0.30124934,97.4024459,246.76643051,2.32299854,2.65162212,0.44843912,1.07033253,1.42382193,1.49461722,1.51399422,1.5322125,1.54851866,1.56332636,1
0.76965983,70.88272976,165.43852545,2.32073211,2.38891773,0.30946994,0.60340881,0.82759976,1.00406027,1.1437149,1.25956225,1.35523081,1.4361763,10
0.9436512165072546,186.31426731827497,400.0,2.09992003,2.0205698,0.0659816265106201,0.0932810306549072,0.1146798133850097,0.1213321685791015,0.1367418766021728,0.1496803760528564,0.1618573665618896,0.1736650466918945,11
0.3186794160016895,3.066536615398441,0.0960049727510215,2.3730501536140114,2.789282680044294,1.259232997894287,4.227018356323242,7.705447196960449,10.798003196716309,12.622413635253906,12.659530639648438,12.666071891784668,12.671764373779297,12
0.6108385133213463,257.77163725884725,0.0520166000644922,2.077375697536761,2.702172180490907,0.1939058303833007,0.3323488235473633,0.4660072326660156,0.5889670848846436,0.7012999057769775,0.8059530258178711,0.9027833938598632,0.9917759895324708,15
0.33597887,286.99315731,312.44226381,2.6,2.8,0.17870331,0.20909262,0.2422533,0.27077842,0.29652572,0.31929564,0.34106708,0.36177874,4
0.4240212222466452,32.42325527820324,0.2919312447711223,2.326499034422016,2.029331193580853,0.8308987617492676,2.3183388710021973,3.287688732147217,3.6975350379943848,3.895984172821045,4.002687454223633,4.087323188781738,4.151433944702148,22
0.52016422,65.65372245,152.72693125,2.4,2.5,0.4707458,1.1161227,1.5068717,1.6762519,1.7732921,1.8455558,1.9029298,1.9532738,0
0.3540042738257569,1.478998734867065,19.35979695336521,2.9,2.1,1.1416873931884766,3.668387889862061,6.367674350738525,8.51644515991211,9.559579849243164,9.576789855957031,9.577856063842772,9.578916549682615,14
0.80946113,160.53996955,195.23379034,2.13809678,2.67514732,0.16489387,0.268471,0.37096143,0.46524286,0.55161452,0.63225532,0.70689106,0.7764225,17
0.30455367,186.07966699,68.01350676,2.69449572,2.35095184,0.40885997,0.89063787,1.17539001,1.31338525,1.40568089,1.48021483,1.54502749,1.59937215,20
0.7483872187274535,10.684218582694593,10.441973091007382,2.1541506402402293,2.2499347969565,0.8559975624084473,2.368227243423462,3.335801839828491,3.798185586929321,4.045254707336426,4.20771598815918,4.324769020080566,4.417031288146973,22
0.7524232058497734,129.5666353136236,0.2173403185930494,2.295014735524182,2.5509925319357274,0.2828383445739746,0.544255256652832,0.7729835510253906,0.9716551303863524,1.143904447555542,1.2944447994232178,1.4282138347625732,1.546213150024414,8
0.8319593707109859,57.21623551400672,0.0051679992496902,2.608254758805772,2.5815365237484595,0.4584648609161377,1.03869366645813,1.468644380569458,1.7798020839691162,2.0175235271453857,2.2103793621063232,2.3720715045928955,2.510992288589477,18
0.89416199,4.67911222,55.04650519,2.92559871,2.39137131,0.91007805,2.5057435,3.59440756,4.15077734,4.45143461,4.63759089,4.7477541,4.81391811,23
0.93053365,223.88883287,150.01050787,2.8,2.4,0.13890958,0.22684002,0.3062756,0.39030862,0.4712863,0.5460396,0.61768556,0.68648887,2
0.7973439882967422,3.64365994938205,142.84052000347353,2.480657508016312,2.4446981040647,0.7843661308288574,2.286013603210449,3.3838019371032715,3.849251747131348,3.968194007873535,3.9821839332580566,3.982555866241455,3.982563018798828,23
0.30952891,242.20594238,312.21989989,2.5924771,2.22766944,0.16308641,0.18348002,0.20749807,0.22357941,0.23776937,0.252033,0.26633573,0.27938652,11
0.9638594726752928,268.98378780890613,384.5593520886821,2.1,2.2,0.0609519481658935,0.0920181274414062,0.1195616722106933,0.1250805854797363,0.1389977931976318,0.154221773147583,0.1706349849700927,0.1848535537719726,11
0.73055718,228.38190948,134.99394678,2.5,2.4,0.15549111,0.24648046,0.33686328,0.4210577,0.5000148,0.5747328,0.6441817,0.7098911,17
0.58898315,121.92923935,123.47715652,2.6,2.2,0.3149202,0.61419845,0.8367095,1.0108204,1.1495552,1.2645419,1.3608592,1.4434838,10
0.3659751755784859,9.946850471944742,4.953039415996102,2.76143861,2.79559183,1.1894023418426514,3.820998191833496,6.533888816833496,8.440865516662598,9.253461837768556,9.35618495941162,9.371232986450195,9.394495964050291,14
0.8983989048691144,52.42867473673564,0.0041827038473595,2.200899578294021,2.0340048707652643,0.3502359390258789,0.7346265316009521,1.0386431217193604,1.278334617614746,1.4720680713653564,1.6344335079193115,1.773261547088623,1.8932700157165527,8
0.32698875,189.15982253,52.55854356,2.8,2.7,0.46315837,1.0915792,1.4943888,1.6860154,1.8013089,1.895644,1.9730971,2.0392172,19
0.37755852,216.09002117,399.31855431,2.3,2.4,0.13223004,0.14520788,0.16130996,0.16592264,0.1738627,0.18102503,0.18910718,0.19555187,11
0.95494834,57.70584064,367.0501575,2.3,2.6,0.19031572,0.2815032,0.3621509,0.42890644,0.4856348,0.53482985,0.5771737,0.6141305,4
0.88482973,25.352979,89.91909141,2.61590268,2.99258449,0.58711004,1.49759698,2.11690402,2.46969867,2.69619346,2.86524272,2.99854732,3.11006904,20
0.4697606209881467,2.072165413676744,0.0144432399170123,2.499721905933929,2.23747303404807,1.20068359375,3.889801025390625,6.7589874267578125,8.976999282836914,10.078311920166016,10.148489952087402,10.155766487121582,10.16191864013672,12
0.89261872,219.5983261,122.70474511,2.1,2.8,0.1228807,0.19717121,0.2660768,0.33313107,0.3979869,0.4609723,0.5202048,0.5773487,2
0.99649082,288.92750874,312.06681305,2.4,2.6,0.10617971,0.13201284,0.16022205,0.18568254,0.21850324,0.24950981,0.27540565,0.30245495,11
0.6600635350346407,3.548598781456263,0.0055754013540658,2.6773503102354126,2.04406326955172,1.0851778984069824,3.214982032775879,4.903518199920654,5.794378757476807,6.223770618438721,6.528598308563232,6.776334285736084,6.961639881134033,5
0.6594893369963362,47.56108555659964,0.0116010513539522,2.6374059503708214,2.536330685473181,0.6225481033325195,1.6143536567687988,2.251190185546875,2.5981221199035645,2.821239471435547,2.9897937774658203,3.1267757415771484,3.2497925758361816,18
0.6425582397889491,2.0909441154771504,0.0893693588735348,2.0335070530707413,2.44638719116136,1.161036252975464,3.7298083305358887,6.235541820526123,7.832878589630127,8.492000579833984,8.656715393066406,8.732393264770508,8.803796768188477,12
0.4523881433203514,1.565926686758671,2.324135136343571,2.21602106,2.39437103,1.2095682621002195,4.008297443389893,7.141113758087158,9.747217178344728,11.188465118408203,11.255537033081056,11.262197494506836,11.267927169799805,14
0.40508533,299.53460693,338.39361572,2.58321786,2.62399626,0.14647651,0.17139101,0.19806647,0.22514057,0.24948931,0.26971531,0.28979254,0.30922914,11
0.8691385845002884,219.3370720967128,386.1145083683996,2.5,2.5,0.1195724010467529,0.1430983543395996,0.1691000461578369,0.2009057998657226,0.2341525554656982,0.2626564502716064,0.2881183624267578,0.3140239715576172,11
0.92250236,161.50912844,23.17536349,2.9,2.2,0.19777298,0.3546126,0.50596833,0.65019727,0.7850039,0.9109013,1.027663,1.1374078,15
0.4938092482902998,219.3057687653138,311.17456860023555,2.48696805,2.21406652,0.1354503631591797,0.1681456565856933,0.202761173248291,0.2300889492034912,0.2567982673645019,0.282761812210083,0.3071365356445312,0.3296430110931396,11
0.65157259,149.73773193,237.19432068,2.42881727,2.36533999,0.18588257,0.2841692,0.37645888,0.45641994,0.52785969,0.59272599,0.6512115,0.70470524,17
0.90638109,259.15015496,385.7434193,2.34649308,2.79001686,0.10869098,0.13468409,0.1573,0.18859243,0.22385645,0.25323963,0.27952266,0.30600691,11
0.664718,151.75161634,13.95965694,2.9,2.1,0.2915883,0.56707096,0.80149865,1.0032995,1.1768756,1.3274679,1.4596508,1.5763633,9
0.3483513,266.50814819,5.15192986,2.57933855,2.2248137,0.2810359,0.49884868,0.65589619,0.78277588,0.88836527,0.97764802,1.05591059,1.12460732,9
0.30150548,157.31907654,266.6072998,2.49740767,2.91899347,0.37158442,0.76114178,0.976969,1.0679872,1.12539458,1.17185736,1.21283603,1.2470212,21
0.90306676,271.69859196,233.92425685,2.9,2.4,0.1276784,0.1815896,0.22990322,0.29192877,0.35171795,0.4053204,0.45739818,0.50745296,3
0.35310435,94.45396423,362.84237671,2.18268061,2.05091619,0.2213316,0.27860284,0.29795742,0.31547427,0.33110714,0.34444404,0.35570312,0.36645103,11
0.31076539,143.38730522,81.65917061,2.00443134,2.77074846,0.49147177,1.25777149,1.72538471,1.87930536,1.95302391,2.012043,2.06163311,2.10620451,0
0.884973,236.37493737,142.49771164,2.5,2.6,0.13553643,0.21786451,0.2929492,0.3694136,0.44321513,0.51276326,0.5782182,0.6416378,2
0.80831414,89.07176208,321.33416748,2.86918116,2.21853399,0.1876781,0.27581716,0.35641909,0.42349577,0.48249722,0.53496552,0.5813961,0.6232667,4
0.66334218,243.11763,287.57647705,2.06246638,2.85507059,0.12500882,0.17928886,0.23274851,0.28301573,0.33112979,0.37672091,0.41923404,0.45958781,4
0.75762498,265.81681618,129.16361925,2.6,2.8,0.15307307,0.23521495,0.31568766,0.3982618,0.47535682,0.546432,0.61450386,0.67921114,2
0.7009846887748158,5.436422550230135,0.0078861592528746,2.833812369103026,2.839980156687401,1.1378793716430664,3.4603540897369385,5.390557289123535,6.436737060546875,6.9123735427856445,7.22348690032959,7.477518081665039,7.667631149291992,5
0.68970478,288.77539062,310.38522339,2.86054134,2.16014528,0.09616899,0.12707257,0.15346003,0.16725302,0.18473625,0.20750356,0.22644067,0.24363303,11
0.89624526,187.66001505,44.45611132,2.03990942,2.09641143,0.12521863,0.22023678,0.30963802,0.39473867,0.47638845,0.55366802,0.62672591,0.69622493,16
0.5533377551517852,33.89530363611299,188.66950254353569,2.74484886537862,2.9658070596675223,0.6267437934875488,1.7600700855255127,2.5641114711761475,2.89235520362854,2.988333940505981,3.029095411300659,3.061636686325073,3.0906221866607666,23
0.9451144,11.99053546,88.93650473,2.58596554,2.13835576,0.59665585,1.48000312,2.03005862,2.32502103,2.50604415,2.63319564,2.73195815,2.81195188,20
0.578050846646158,72.99906470893387,0.0178925766476005,2.0756317187568767,2.033961057190578,0.460005521774292,1.0693292617797852,1.4469654560089111,1.671299934387207,1.835161209106445,1.9660875797271729,2.0734150409698486,2.1707923412323,18
0.63042176,298.9805603,3.38373494,2.05661678,2.4619801,0.14714837,0.24303532,0.33577895,0.42319226,0.50542498,0.583395,0.65660048,0.72631955,15
0.7275226,13.92120252,28.9914434,2.9,2.1,0.8520303,2.4761817,3.6009815,4.1071253,4.3212566,4.429847,4.5136633,4.581815,23
0.47187787,192.54884338,51.25839615,2.30133486,2.20972085,0.2630794,0.47031426,0.63316941,0.7675817,0.88138819,0.98018956,1.06590271,1.14065337,16
0.62033606,67.13713837,225.53739929,2.89558315,2.97080207,0.4434948,1.0089407,1.39667273,1.61318731,1.75020266,1.84878826,1.92750978,1.99551535,20
0.3879891895747086,2.400590037704735,119.95506903966724,2.0650394967852868,2.793419907237991,0.9122130870819092,2.8888518810272217,4.774923324584961,5.964849472045898,6.217301368713379,6.217456817626953,6.217456817626953,6.217456817626953,7
0.4018837227560465,29.65738370788281,0.0124157286007602,2.056154400941938,2.6405354804891514,0.9425668716430664,2.8700993061065674,4.396319389343262,5.100760459899902,5.297207832336426,5.38443660736084,5.438597679138184,5.483402252197266,5
0.6199544466409643,1.01116296449641,0.1611572887933097,2.8558139119350265,2.180091899603123,1.2067506313323977,3.8709542751312256,6.6346435546875,8.686277389526367,9.636712074279783,9.700488090515137,9.713236808776855,9.732382774353027,12
0.51970294,8.87147215,14.66456155,2.9,2.4,1.1419907,3.483537,5.5907526,6.8369026,7.258835,7.363489,7.420312,7.4555893,6
0.6034193,218.47436459,248.37090176,2.8,2.9,0.19731355,0.2861569,0.3759563,0.4573629,0.5296004,0.596504,0.65820885,0.7153001,17
0.72507834,60.865242,31.48495483,2.62137413,2.30623126,0.44635797,1.00421715,1.39670181,1.66007781,1.85455251,2.00624824,2.13216043,2.24154115,19
0.8302913845464444,51.6956926514121,0.0049503660756205,2.674217220962575,2.1436735444382604,0.4260766506195068,0.9504694938659668,1.3394322395324707,1.620591163635254,1.835700511932373,2.011519432067871,2.1588845252990723,2.285084724426269,18
0.61141104,39.87273839,224.04220985,2.8,2.2,0.4856453,1.2140121,1.6704602,1.840352,1.9095783,1.9561062,1.9936504,2.0251746,1
0.30148268,255.34814691,62.55245022,2.11115745,2.80031325,0.33272958,0.66175938,0.87158346,1.01094532,1.11663127,1.2041924,1.27801657,1.34183931,10
0.38369211,100.70853623,266.23247232,2.2,2.7,0.3283074,0.6042316,0.7347796,0.7994604,0.8455236,0.8848841,0.91706634,0.9443743,21
0.79306808,95.94724595,335.89308571,2.9,2.3,0.2174325,0.35317135,0.47091842,0.5724523,0.661541,0.73992276,0.8096218,0.87176275,17
0.36791232,235.68336487,235.61990356,2.32139635,2.80406666,0.23675489,0.3605125,0.44827008,0.52332234,0.58868122,0.64740515,0.69944096,0.74740481,17
0.76563899,294.59871281,56.11792934,2.0,2.3,0.1019268,0.16736841,0.22529006,0.27979136,0.33618307,0.3894961,0.44139194,0.4907534,2
0.985606982288869,1.4549967364533158,0.0142569166354402,2.8560897557637213,2.849352615371385,1.1730225086212158,3.514654397964477,5.389986038208008,6.429085731506348,6.995569229125977,7.432802200317383,7.803049087524414,8.081995010375977,5
0.9190821343047872,3.269413141532445,0.078504068540196,2.7748472866167084,2.7014888574899407,1.075881004333496,3.1265358924865723,4.654196262359619,5.447573661804199,5.908757209777832,6.2584733963012695,6.532947540283203,6.73814868927002,5
0.86503372,119.92969811,386.46008909,2.6,2.9,0.16676593,0.22852993,0.2933433,0.35180974,0.404135,0.45120907,0.49448204,0.53407454,4
0.48275955,203.95598538,211.96748015,2.1,2.9,0.1746614,0.24167442,0.30743885,0.3623588,0.41196394,0.45729518,0.49910688,0.5373225,3
0.3043542487177459,23.587981484317048,26.54994065094496,2.80224156,2.97884607,1.07159161567688,3.3785600662231445,5.596988677978516,7.023941040039063,7.483131408691406,7.538252830505371,7.56578254699707,7.583184242248535,7
0.84311149,106.57093517,161.3546555,2.96422894,2.42660684,0.23903227,0.42320776,0.58693051,0.7307868,0.85769176,0.97062635,1.07148314,1.16169739,17
0.56361963,216.91015265,122.69291504,2.52310724,2.81035441,0.23578048,0.39452076,0.53484869,0.65953755,0.7700448,0.86989951,0.9604404,1.04246688,16
0.94973767,253.01515198,41.55140686,2.2227602,2.84067392,0.13288975,0.23063779,0.31666255,0.40562606,0.49294782,0.57715583,0.65699172,0.73422575,15
0.8880377626915719,1.6714511668745593,0.2126425799544699,2.4929821545819904,2.834794584033711,1.173887014389038,3.610579013824463,5.671632289886475,6.834192752838135,7.405441761016846,7.753652095794678,8.038358688354492,8.263736724853516,5
0.8213932150843275,1.0734960181326303,0.0901147464528681,2.247931082745008,2.737958605245397,1.2043466567993164,3.8346874713897705,6.323307991027832,7.835487365722656,8.526998519897461,8.841217041015625,9.03879451751709,9.196454048156738,12
0.8163331405937654,1.452004932720473,0.4776540583419527,2.554131323004187,2.847480946602557,1.215817928314209,3.828092575073242,6.246359825134277,7.69984245300293,8.380932807922363,8.719965934753418,8.97148323059082,9.186113357543944,13
0.49464605,252.80536054,161.76132845,2.3,2.1,0.14865565,0.21571851,0.28068137,0.33966422,0.39450407,0.44496965,0.49174643,0.535373,2
0.9789754137405844,1.5696754817215686,0.0059426369528458,2.8501037625961128,2.7238981284336936,1.1543920040130615,3.417358160018921,5.187458038330078,6.154372215270996,6.698031425476074,7.125823020935059,7.485648155212402,7.759340286254883,5
1.0,300.0,271.75982666,2.0,2.0,0.05676603,0.09139276,0.11937308,0.13690495,0.15961218,0.18010259,0.20029926,0.22168684,11
0.701890826651479,11.685821412325955,0.0156675561717467,2.6374817111952176,2.550060317400408,0.952369213104248,2.722697734832764,3.964881896972656,4.578756809234619,4.91056489944458,5.132412433624268,5.303808212280273,5.427424907684326,5
0.82294745,93.97397681,83.57322621,2.0,2.3,0.22993922,0.42270327,0.5928016,0.740093,0.86898994,0.98244977,1.0833204,1.1716709,16
0.7381774177066329,1.3478687392022817,0.0146794403270747,2.05870368162083,2.907804504994446,1.200946569442749,3.91509222984314,6.6706743240356445,8.485050201416016,9.290756225585938,9.546849250793455,9.644054412841797,9.726746559143066,12
0.7230441832985881,0.8831863828850898,16.020982354519433,2.50643194580596,2.022742863867644,1.1074674129486084,3.447934150695801,5.63601016998291,7.01418399810791,7.588944435119629,7.752548217773437,7.844866752624512,7.914816856384277,6
0.6414018090147401,1.2503729740099976,2.561057029329459,2.9516171693868776,2.2423652788129,1.2014636993408203,3.8149027824401855,6.436851501464844,8.253630638122559,9.108932495117188,9.258722305297852,9.309786796569824,9.413215637207031,14
0.5621745171329279,2.897493819455491,0.1720536502363618,2.0002785371948155,2.4910642593327377,1.1582393646240234,3.739394187927246,6.31232500076294,8.031572341918945,8.725898742675781,8.86612319946289,8.905290603637695,8.946929931640625,12
0.99643405,12.98823816,135.94873106,2.6,2.1,0.5421872,1.3511789,1.8620055,2.133878,2.2951562,2.4079888,2.4951499,2.5655005,20
0.5072968,276.80892944,127.23886108,2.43196869,2.29278016,0.15574265,0.22815514,0.30148959,0.36675811,0.42697954,0.48333979,0.53600049,0.58534551,2
0.3116611,277.92710355,99.99306388,2.22204558,2.20705771,0.2201612,0.33062673,0.41724777,0.4901526,0.55374908,0.61040092,0.66212368,0.70808387,16
0.7281819,10.92975903,17.22773933,2.06618738,2.01232791,0.82650185,2.17171454,2.97371936,3.34186006,3.53281903,3.64943433,3.7253592,3.7991302,22
0.81350426,19.40289472,382.86359229,2.6,2.5,0.37591386,0.7850263,1.0135388,1.0851874,1.1024215,1.112324,1.1198466,1.1256332,21
0.80666918,229.47801208,246.83296204,2.93174481,2.88249564,0.16594291,0.23609257,0.31489444,0.39425063,0.46479774,0.53197074,0.59571052,0.65607595,3
0.376902424796836,10.058962267847788,44.86619887583377,2.34591079,2.15102792,0.9655759334564208,2.942234516143799,4.627532482147217,5.517837524414063,5.715188026428223,5.741586685180664,5.755722999572754,5.762322425842285,7
0.83324889,183.12271059,98.23426875,2.2,2.1,0.13773942,0.23321676,0.323313,0.40893936,0.48980927,0.5651655,0.63671255,0.7040386,16
0.52101022,91.96399689,282.3213501,2.62827468,2.64576936,0.34134459,0.6615777,0.85577226,0.97723818,1.06400418,1.13210106,1.18785524,1.23430181,10
0.88951977,230.52324546,266.90915819,2.1,2.8,0.09648156,0.14175081,0.17798805,0.20890856,0.24157763,0.27639914,0.3090434,0.33923674,11
0.9477860631176326,1.1641578367740226,1.5009849268053783,2.32798624,2.30767536,1.1228594779968262,3.335946559906006,5.028079986572266,5.940596580505371,6.436513900756836,6.788724899291992,7.07161808013916,7.289349555969238,5
0.3266321573579844,285.6025345514081,328.3729935372294,2.84485136,2.01380595,0.1153855323791503,0.1316001415252685,0.1443471908569336,0.1476392745971679,0.1540114879608154,0.1635313034057617,0.1711764335632324,0.1754300594329834,11
0.8456774866314761,9.27318205139384,12.976718670629996,2.891076940183104,2.080080059054456,0.8049840927124023,2.1211647987365723,2.959674835205078,3.4313082695007324,3.736871719360352,3.9555139541625977,4.123728752136231,4.2588067054748535,22
0.54287925225656,1.057911071349659,17.58352247475603,2.363261029562729,2.1648378898440224,1.13391375541687,3.653432846069336,6.283634185791016,8.21778392791748,9.16139793395996,9.232047080993652,9.23390293121338,9.23561954498291,14
0.7096731075652584,7.699912666310499,0.1179085342407844,2.831504616549876,2.160466402214963,0.9772133827209472,2.73279356956482,3.926154851913452,4.532100677490234,4.910216331481934,5.193061828613281,5.400732040405273,5.55086612701416,5
0.737063928201382,18.65478809229777,0.0070548351392622,2.1014993855193964,2.058759223150349,0.719545841217041,1.8700292110443115,2.5519216060638428,2.9021174907684326,3.115013837814331,3.265665292739868,3.3956644535064697,3.4917562007904053,22
0.3365096741208507,1.3844194844111672,0.0229668440409336,2.903152943134286,2.272211106459471,1.2461557388305664,4.110848903656006,7.377388477325439,10.283287048339844,12.105411529541016,12.159515380859377,12.16753387451172,12.174287796020508,12
0.34340614,16.10693741,44.32315063,2.6216507,2.22464037,0.99302602,2.89017892,4.40293121,5.12481117,5.30065632,5.36833668,5.39017296,5.39807796,7
0.62507415,185.31370544,207.25186157,2.1848805,2.71147418,0.19208574,0.3038106,0.40972567,0.50374317,0.58811951,0.66521835,0.73565388,0.80082059,17
0.92782511224917,6.965523365641257,0.2490565536215309,2.9024000279829525,2.9682470338543125,0.9554665088653564,2.724623203277588,3.9784226417541504,4.652511596679688,5.051414966583252,5.345160961151123,5.56687593460083,5.736963748931885,5
0.61796433,247.01570732,180.01831343,2.73818172,2.42167146,0.15656209,0.22972608,0.30333924,0.37042475,0.4329741,0.49176025,0.54623532,0.59803581,3
0.61599307,159.56099821,13.73222926,2.3,2.4,0.27119493,0.50677896,0.7041588,0.8723302,1.0174379,1.1433911,1.2530894,1.3504913,9
0.531389993419373,90.64765540365936,0.017165578505947,2.3056846385477705,2.830427873992349,0.5491352081298828,1.4178786277770996,1.979184865951538,2.274747133255005,2.466278314590454,2.6121251583099365,2.738393545150757,2.840308904647827,18
0.30316368,142.85149021,272.70754613,2.08800021,2.30696015,0.27390814,0.44102192,0.51581168,0.56556582,0.60505009,0.64045072,0.66978383,0.6950233,21
0.80834138,2.4704895,4.74717665,2.06115174,2.22353959,1.0920763,3.12305665,4.58947563,5.2950058,5.63832664,5.8621521,6.00808716,6.08676624,6
0.79271805,291.65930176,200.45300293,2.59424067,2.55593085,0.12721586,0.17627478,0.22556853,0.2780242,0.33130479,0.38011241,0.42531538,0.47027636,3
0.6979763481405418,1.9377805985957155,0.1346033472299126,2.600059755219003,2.850860928855438,1.2343237400054932,3.952664613723755,6.638237953186035,8.357121467590332,9.119235038757324,9.40395736694336,9.567584991455078,9.726364135742188,12
0.8607251965291348,6.261167989432836,0.0312999112346527,2.995663767693795,2.440062170205474,0.971487045288086,2.71523666381836,3.9120278358459473,4.5552978515625,4.952720642089844,5.255224227905273,5.486357688903809,5.665904998779297,5
1.0,104.34733849,400.0,2.0,2.0,0.08638382,0.11719346,0.13965702,0.15691853,0.17717957,0.19457436,0.21081138,0.22637916,11
0.88586432,7.76127358,162.94849128,2.60927163,2.91529579,0.71981335,2.02458787,2.94013572,3.34653211,3.48860955,3.532552,3.54802155,3.56118989,23
0.31581727,253.89962029,61.36068702,2.19085284,2.10614741,0.24665952,0.40414572,0.51580215,0.60643387,0.68476129,0.75119042,0.80838108,0.85713863,16
0.96746022,208.22112729,84.97958437,2.6,2.5,0.14979815,0.25213122,0.3482437,0.445194,0.5376246,0.6252229,0.7080898,0.7876508,16
0.9966771,149.51766968,237.81382751,2.90081501,2.25251436,0.13924789,0.21544743,0.29144764,0.36170292,0.42841983,0.49113703,0.5496428,0.60543323,3
0.78041486,34.50316506,382.6136862,2.2,2.4,0.25980163,0.42016745,0.50103784,0.5530014,0.58919525,0.6170578,0.637949,0.6535692,21
0.3681439988419788,0.7626067028043887,0.0071713100581553,2.054388933121887,2.849096247147865,1.2437288761138916,4.264853477478027,7.943275928497314,11.409929275512695,13.884225845336914,13.949981689453123,13.956472396850586,13.96196174621582,12
0.69498358,35.45350379,55.1376033,2.7,2.5,0.63863254,1.6830583,2.3537889,2.6863565,2.877399,3.0162067,3.127665,3.2205267,23
0.3,44.03033173,132.04282935,2.0,2.0,0.61432028,1.61283731,2.16642809,2.25274134,2.25632572,2.26104879,2.2658124,2.27057362,0
0.71138488,107.80071232,9.4335823,2.9,2.8,0.40584445,0.8643806,1.2212963,1.4989381,1.721344,1.9041085,2.0579052,2.1909528,9
0.61292414,69.48556245,340.41897393,2.6,2.8,0.31360054,0.5680134,0.7154999,0.81421494,0.8876624,0.94600415,0.9931092,1.0313299,21
0.8024442872300119,1.373409433325551,0.0305821889683438,2.0661307519702645,2.7619253072433634,1.176894187927246,3.7580859661102295,6.177666664123535,7.618693351745605,8.273343086242676,8.549787521362305,8.713624000549316,8.842100143432617,12
0.74054784,17.91300392,5.28607321,2.23982024,2.23893952,0.75745368,1.97780037,2.7111311,3.07201433,3.28501558,3.42500782,3.54230881,3.62860537,22
0.5004896131560996,1.152628313740394,0.0047122627410528,2.482429757901838,2.2293753288725684,1.2130720615386963,3.974532127380371,7.002230167388916,9.477930068969728,10.644659042358398,10.671815872192385,10.680486679077148,10.687820434570312,12
0.95487306,82.12051508,103.29797581,2.5,2.1,0.23991656,0.44886017,0.63911057,0.8081231,0.9584801,1.0924973,1.2111912,1.3180077,10
0.5395780095362025,61.40747308825872,0.0113105645079436,2.2240501276740003,2.9711296465997585,0.6651458740234375,1.868760108947754,2.6537318229675293,3.019641399383545,3.2108163833618164,3.352665901184082,3.460439682006836,3.561703681945801,22
0.934801079209178,0.9611323170177436,0.0107724252100207,2.9345998681955243,2.149412422688415,1.1429128646850586,3.364211082458496,5.090020656585693,6.055277347564697,6.611245632171631,7.078314304351807,7.525344371795654,7.852053165435791,5
0.51381499,63.35705185,130.05847168,2.09724641,2.26424932,0.46244097,1.09335232,1.45371675,1.60529613,1.69499302,1.76281905,1.81929684,1.86864281,0
0.6397488,292.34206903,355.80022544,2.13675933,2.86273213,0.10080528,0.13656855,0.16484022,0.19252491,0.22212887,0.25045013,0.27546644,0.29964781,11
0.30957073,209.07313538,311.68392944,2.08457422,2.29711294,0.17401075,0.20382953,0.23231673,0.25573325,0.27750063,0.29793215,0.31658506,0.33400702,11
0.71637094,17.0578022,45.76596451,2.24792933,2.86443424,0.80403543,2.2893703,3.29614282,3.74877572,3.94353366,4.06175709,4.14634132,4.2063427,23
0.38954994,235.14794138,274.83416472,2.8,2.8,0.23457193,0.33451605,0.40869665,0.47338104,0.530272,0.58176756,0.62788725,0.66978765,17
0.3159644277470122,9.94822504054468,39.14860252020542,2.07339454,2.41860986,1.021183729171753,3.22913146018982,5.339385032653809,6.697239875793457,7.086944580078125,7.08858585357666,7.089466094970703,7.090224266052246,7
0.77157661,171.52265803,24.97044719,2.7,2.6,0.24243331,0.43484354,0.6151519,0.7789655,0.9277942,1.0637364,1.1870067,1.3001125,9
0.59797497,113.36843074,11.77931032,2.89683737,2.76169575,0.45411587,1.02603984,1.43872499,1.71806145,1.92566013,2.09287071,2.23067856,2.34814596,18
0.31878049,8.58285176,78.27095483,2.30447683,2.79191292,1.03234458,3.176368,5.19300079,6.52598,6.83180809,6.83424664,6.83472347,6.8348093,7
0.82063264,148.96363622,64.03150341,2.0,2.0,0.15556645,0.27242756,0.38320208,0.4859116,0.580276,0.6672566,0.7481456,0.8234613,16
0.94520219,243.99887758,307.64260142,2.0,2.4,0.07460642,0.11145782,0.1368711,0.15092564,0.17606378,0.19959784,0.22108078,0.24175048,11
0.9780581283326316,1.1184179158535634,0.2506061837210266,2.350299755046992,2.783205908714574,1.163301706314087,3.555610179901123,5.526156425476074,6.62330436706543,7.18433952331543,7.5493974685668945,7.845818519592285,8.076417922973633,5
0.80433074,203.93085604,57.49259139,2.1,2.3,0.13864636,0.234092,0.32490516,0.41087294,0.49304962,0.57027435,0.6426964,0.7108989,16
0.9228965,7.4303627,152.62335205,2.05013299,2.05113745,0.56497693,1.39934278,1.85749865,2.02126026,2.07217312,2.09630156,2.11457253,2.13013172,0
0.96831918,290.32434082,189.08699036,2.38870645,2.32185674,0.09243512,0.15041447,0.196805,0.23647308,0.28025174,0.32542038,0.36845756,0.40937757,3
0.8617516811610374,7.284236466571504,0.761050773667863,2.2697570786999632,2.218811047717703,0.8715178966522217,2.3486363887786865,3.283177137374878,3.770138502120972,4.062376022338867,4.269700050354004,4.421964645385742,4.551011085510254,22
0.77004727,137.37862797,132.15612234,2.1,2.7,0.19003248,0.31774807,0.4385717,0.5466149,0.64329886,0.7311709,0.81162,0.88540864,17
0.54714542,278.72082226,170.91886457,2.1,2.1,0.10713983,0.15535498,0.19874859,0.2366085,0.27582407,0.31249547,0.3471117,0.3799703,3
0.53842527,37.26955956,237.91882084,2.5,2.3,0.49421334,1.223649,1.6561844,1.7682626,1.79092,1.8097966,1.8264878,1.841263,1
0.8895780100362025,61.40747308825872,0.0113105645079436,2.2240501276740003,2.9711296465997585,0.4116339683532715,0.9037854671478271,1.290920972824097,1.5947387218475342,1.83805513381958,2.040080547332764,2.2108263969421387,2.3588171005249023,18
0.7285323324680301,19.39237419121461,0.0312813019994882,2.6009680156990336,2.538287535794261,0.8079049587249756,2.2250025272369385,3.14858078956604,3.621253728866577,3.89536452293396,4.083575248718262,4.232025146484375,4.354554176330566,22
0.4781308604203594,49.317932081021006,1.4788620816151947,2.0062768820711736,2.1415330189867623,0.6772007942199707,1.815089464187622,2.479809761047364,2.762789726257324,2.904984951019287,3.012655258178711,3.1009979248046875,3.1715521812438965,22
0.7640750863773726,19.84727413565483,0.0077770155736703,2.8281252462837543,2.719270235312644,0.8057677745819092,2.2256462574005127,3.172746419906616,3.674419641494751,3.9713752269744873,4.181089401245117,4.347818374633789,4.478528022766113,22
0.3429957,198.91413879,46.81193924,2.19815946,2.04310417,0.30155635,0.55814266,0.72433829,0.84272933,0.9354949,1.0119803,1.07598543,1.13242936,9
0.72944194,29.74353788,249.81026969,2.76190282,2.41686771,0.43665695,0.99647117,1.34056711,1.49007463,1.56229448,1.60974884,1.64520025,1.67401886,1
0.9990101,276.68973409,327.7116841,2.6,2.1,0.07483864,0.11901832,0.15368462,0.17857361,0.20771265,0.23657131,0.26585364,0.29371524,11
0.54830632,104.75003478,354.81224853,2.5,2.9,0.25871134,0.40321755,0.48782754,0.55691886,0.61365557,0.6614461,0.703953,0.74028873,17
0.902535643388336,10.486945137477932,4.6670636749860455,2.188200358352513,2.61872144904531,0.7942402362823486,2.16418981552124,3.030461311340332,3.479166984558105,3.75087833404541,3.943796157836914,4.099120616912842,4.230112075805664,22
0.51574443,138.03265562,120.46321157,2.6,2.9,0.35965466,0.726367,0.98284936,1.1680393,1.310945,1.4263372,1.522368,1.6044741,10
0.6158333155483371,88.6962563790653,51.68652911746192,2.341909264386217,2.3191560388586487,0.4012413024902344,0.8838863372802734,1.219973087310791,1.448073387145996,1.6201133728027344,1.7565865516662598,1.8719639778137207,1.9700613021850584,19
0.7358648153652622,7.40483095347359,0.1970161897807986,2.211193289755463,2.116201606080033,0.9333319664001464,2.580145835876465,3.650974750518799,4.173389434814453,4.466230869293213,4.67031717300415,4.813667297363281,4.924563884735107,22
0.5500013841250568,142.1008386827879,0.0050201358941061,2.0315832619694576,2.3184580738338685,0.3293421268463135,0.670172929763794,0.926820993423462,1.1251106262207031,1.2843167781829834,1.4169259071350098,1.530165195465088,1.6275386810302734,8
0.6986118199936304,3.3578876433590645,0.9309753329604464,2.3367333255268616,2.0924785285467946,1.0735242366790771,3.1762256622314453,4.792301177978516,5.623396396636963,6.026083946228027,6.291110038757324,6.49664306640625,6.640869140625,5
0.3318463,200.38311089,15.0174671,2.7,2.5,0.45206356,1.0543091,1.4348345,1.6282854,1.7543464,1.8572655,1.9409428,2.0122247,19
0.72251468,149.70377859,42.01889315,2.67947124,2.35290844,0.24697089,0.44943953,0.63081574,0.79065061,0.93219995,1.05883145,1.17159534,1.27346849,9
0.42329685,5.12391677,2.11853529,2.02296447,2.18420479,1.12159038,3.59082985,6.05242205,7.72541761,8.45550919,8.54520607,8.55293655,8.56083488,13
0.34526259,19.75717163,0.26327035,2.44797516,2.89657164,1.15638804,3.55917311,5.82659006,7.24547243,7.69369459,7.76423502,7.80403757,7.83195066,5
0.5994920876228456,0.934461926777878,0.943299086201864,2.517006638279308,2.071931955655955,1.1867945194244385,3.812657833099365,6.566965103149414,8.626038551330566,9.737932205200195,9.860339164733888,9.867301940917969,9.872915267944336,13
0.95217747,39.77099564,227.45790116,2.3,2.5,0.29735565,0.57391477,0.78285766,0.94513726,1.0728428,1.1739972,1.2559209,1.3230667,10
0.766819,209.62062073,233.74093628,2.27385402,2.63555455,0.13932323,0.21115565,0.28255296,0.35017323,0.41389108,0.47399187,0.52978086,0.58269811,3
0.76295798,261.67233952,66.6413999,2.273835,2.1063763,0.11577797,0.18977308,0.25769615,0.32232213,0.3865304,0.44805241,0.50554371,0.56076121,2
0.6807933231079366,36.74128826110791,0.0157413233498229,2.4381790113823354,2.3687419135233903,0.6421060562133789,1.6656222343444824,2.298342704772949,2.6335902214050293,2.848790168762207,3.011786937713623,3.146267890930176,3.257163524627685,18
0.6122772669241002,21.66073484330736,396.3262071910973,2.29293697,2.08220991,0.3037502765655517,0.5421531200408936,0.6100232601165771,0.6145749092102051,0.6189854145050049,0.6227016448974609,0.6257786750793457,0.6283502578735352,21
0.88584336,206.24679464,223.97177025,2.07285521,2.15141015,0.09464288,0.14918256,0.19783425,0.23998904,0.28483248,0.32727027,0.36730242,0.40607858,3
0.8307104338447997,2.9367536029456485,82.60899933723371,2.127756561473676,2.31561267965034,0.86647629737854,2.536522626876831,3.751154661178589,4.270545959472656,4.438292503356934,4.487736701965332,4.501093864440918,4.508689880371094,23
0.58163298,44.81410078,116.22241976,2.2,2.3,0.5146556,1.2531724,1.6817355,1.8616555,1.9627035,2.04133,2.1039464,2.154291,0
0.7271088536653731,20.52723339715028,0.1134510615851506,2.205429194021166,2.274572759875392,0.7390077114105225,1.9640917778015137,2.711233615875244,3.088864803314209,3.312312126159668,3.47199821472168,3.6000475883483887,3.708961009979248,22
0.31447642,72.93429011,24.86460563,2.0,2.9,0.6923723,1.8349547,2.542204,2.8321967,2.949521,3.0157094,3.0683255,3.116551,23
0.7552447767906068,73.52356421089988,0.0047941731813398,2.8303143830787967,2.251101257705877,0.4087226390838623,0.8993074893951416,1.2684605121612549,1.5408170223236084,1.751875638961792,1.9247667789459229,2.070854425430298,2.1965367794036865,18
0.7721875,81.95672162,336.16768837,2.5,2.9,0.23898578,0.38501167,0.4963045,0.5898464,0.6688371,0.7366319,0.79478455,0.8465891,17
0.80417069,112.0317644,161.44423779,2.5,2.5,0.24052644,0.426342,0.59180236,0.73591113,0.8632541,0.97612906,1.0763986,1.1661608,17
0.85844275,12.35745717,75.99095071,2.30506199,2.9963782,0.74578285,2.08977675,2.98836589,3.41255546,3.62038827,3.74152923,3.82809329,3.90342116,23
0.43792132,290.11391353,107.2684721,2.6,2.6,0.21268845,0.3259182,0.42938972,0.51992536,0.601985,0.67673707,0.7452893,0.8084035,16
0.6349768488843497,291.3713187616764,373.2382527222276,2.38397044,2.17634125,0.0778009891510009,0.1042852401733398,0.1250796318054199,0.1259994506835937,0.1354207992553711,0.1477649211883545,0.1609768867492675,0.1713030338287353,11
0.5664153711653693,1.3518568866207397,3.54505185492268,2.0796493605128226,2.108081647130744,1.1469156742095947,3.690884828567505,6.298100471496582,8.175365447998047,9.094908714294434,9.177178382873535,9.185569763183594,9.192686080932615,14
0.3687142729604061,224.7891820391244,0.0072700096442963,2.028791567998169,2.3398463713503923,0.3138060569763183,0.6179659366607666,0.8296337127685547,0.9870998859405518,1.1116766929626465,1.215712547302246,1.3030097484588623,1.377652883529663,8
0.31288147,111.69544983,199.40119934,2.73580432,2.95124769,0.52090406,1.33369756,1.87559438,2.05010056,2.08737731,2.11783147,2.14556956,2.17076659,1
0.34548706,144.08043244,221.31973231,2.3,2.4,0.30779862,0.54838824,0.6725657,0.7516999,0.8128989,0.8639271,0.90567183,0.94257236,21
0.91852104,78.74280318,391.48945665,2.6,2.1,0.16264653,0.2364378,0.30886197,0.3710096,0.42623425,0.4754417,0.5198293,0.55958843,4
0.40152413,256.29142303,162.88933507,2.0,2.1,0.14349008,0.19557285,0.2443924,0.28846192,0.3296461,0.36741996,0.40257168,0.43486714,2
0.6517501090271399,4.72642441458184,0.5768040812544545,2.536932645674108,2.701434355661715,1.1492581367492676,3.555648803710937,5.664227485656738,6.839587211608887,7.338400840759277,7.580594062805176,7.769891738891602,7.919158935546875,5
0.38108136,278.73072639,128.87384778,2.37140758,2.19661076,0.18450999,0.26255584,0.33630061,0.3997798,0.4568646,0.50922394,0.55715203,0.60107088,2
0.7088062431090473,5.248523084913186,0.0054899988797464,2.727317580497182,2.6600621459561173,1.1133108139038086,3.348101854324341,5.146004676818848,6.082470893859863,6.538852691650391,6.839491844177246,7.083234786987305,7.264315605163574,5
0.9157283412389112,4.279810854208675,0.3212948269329413,2.64561972998748,2.331073926444188,0.9762446880340576,2.7043919563293457,3.865680694580078,4.48127031326294,4.873260498046875,5.1587748527526855,5.380212306976318,5.557189464569092,5
0.66451180384604,2.41921054944035,12.058218917023556,2.1222730568173245,2.8792522532382483,1.1532678604125977,3.721348524093628,6.259136199951172,7.890793800354004,8.563227653503418,8.741875648498535,8.792895317077637,8.832708358764648,14
0.92959933,125.35970785,368.03312491,2.5,2.8,0.14917254,0.20911622,0.27027106,0.3271749,0.3797431,0.4270861,0.47073746,0.5115607,4
0.773155841135314,52.94731936707989,0.0196284974548907,2.7836227688105697,2.782079312020888,0.5454905033111572,1.3283848762512207,1.87717866897583,2.2280807495117188,2.478586196899414,2.6768336296081543,2.840902805328369,2.98272705078125,18
0.3545819286056086,223.2406878171668,353.65511489152215,2.3,2.1,0.1234445571899414,0.1378884315490722,0.1514730453491211,0.1581165790557861,0.1687912940979004,0.1783697605133056,0.1878509521484375,0.1963379383087158,11
0.90221635,7.94781714,83.23931104,2.72515906,2.8090314,0.80745244,2.24607682,3.23644471,3.72635674,3.97295308,4.11363983,4.20298862,4.26550484,23
0.8471224777485652,0.7649598647940328,74.85658512337693,2.841963805219171,2.153701977731911,0.9547841548919678,2.8720781803131104,4.447405815124512,5.249613761901856,5.4752349853515625,5.549989700317383,5.594799995422363,5.602622032165527,7
0.82785267,55.00737938,58.15113951,2.8,2.6,0.45209098,1.0222056,1.4421179,1.740001,1.9646447,2.1425502,2.2888892,2.4148033,19
0.718341321012321,1.2898452707390704,0.0356267374465509,2.539732192170434,2.419980562153729,1.206216812133789,3.8249258995056152,6.358455657958984,7.984851837158203,8.675633430480957,8.920866012573242,9.087803840637209,9.234312057495115,12
0.41014689,281.67800333,344.87729157,2.47976374,2.92449939,0.16538072,0.19923353,0.2359674,0.27207565,0.30295181,0.33183479,0.35897636,0.38449121,4
0.3970008370105774,18.908181832856823,0.0040728228330107,2.102304306215479,2.453562852792327,1.0204687118530271,3.137446165084839,4.923441886901856,5.836118698120117,6.097869873046875,6.177614212036133,6.231209754943848,6.267317771911621,5
0.9323921895365944,0.7634927612038152,0.2278400927337953,2.5416217184783894,2.0992396998564464,1.138019561767578,3.3942437171936035,5.198484897613525,6.196995735168457,6.75486946105957,7.159351348876953,7.500499725341797,7.784811019897461,5
0.7152633930501499,6.943991388174302,0.0988993023789257,2.9137432602893547,2.7311526327092146,1.079519271850586,3.207015991210937,4.859220027923584,5.712246417999268,6.141387462615967,6.451808452606201,6.695106983184815,6.8749613761901855,5
0.51934452,230.90658475,254.53520258,2.4,2.7,0.16577077,0.2244513,0.28404522,0.33535075,0.38336492,0.42741418,0.46775365,0.50584745,4
0.48280157,173.69513517,105.21184919,2.4,2.5,0.29001594,0.5300453,0.70740366,0.8501439,0.9689288,1.0693982,1.154223,1.2287831,10
0.6431869245722054,111.44579103353726,157.45409135095923,2.9764577989352787,2.578887204331058,0.326413631439209,0.6377599239349365,0.8719561100006104,1.0578031539916992,1.2080888748168943,1.334090232849121,1.4421844482421875,1.5360512733459473,10
0.6973023824062992,292.9164761454974,0.0648323395890336,2.952137470449369,2.714175737339052,0.1946055889129638,0.3149857521057129,0.4371774196624756,0.5561323165893555,0.6646728515625,0.7670984268188477,0.8639776706695557,0.9549551010131836,15
0.73737657,188.99466009,317.14584414,2.7,2.1,0.12879229,0.18540597,0.24231291,0.29414368,0.34297633,0.38897228,0.43220043,0.4727404,4
0.30514438,291.08820306,147.3170124,2.41790354,2.93303008,0.27607155,0.46048641,0.57923007,0.67677093,0.75988603,0.83249569,0.89581013,0.95266318,17
0.36082261,136.27601743,186.48583918,2.6,2.9,0.40763688,0.8819647,1.1608448,1.2891831,1.3709445,1.4362187,1.4900446,1.5349245,21
0.33670676,167.69949341,16.75816154,2.15808845,2.15204167,0.40702438,0.8931284,1.16954827,1.31261539,1.41509247,1.50075221,1.57048798,1.63021684,19
0.32139609,113.01385264,10.83077477,2.2,2.7,0.5989661,1.5514534,2.1226404,2.3432872,2.449433,2.526058,2.5956647,2.6567075,0
0.3177651,219.51884849,186.80390768,2.3,2.8,0.25762153,0.39894748,0.48441005,0.5543194,0.61313653,0.66395736,0.71044683,0.7506685,17
0.4611845015054405,13.015818020948135,2.5945951595871963,2.16326785,2.39669371,1.03722882270813,3.1627237796783447,4.937079429626465,5.835280418395996,6.123952865600586,6.2345380783081055,6.306669235229492,6.353201866149902,6
0.85478678,35.16933467,4.8351634,2.9,2.5,0.5890546,1.4683506,2.0629463,2.4272943,2.6812768,2.881113,3.0458007,3.1868567,18
0.65195429,241.0344143,302.56268723,2.7,2.4,0.13580108,0.18604636,0.23552823,0.2855339,0.33201647,0.3745587,0.41428018,0.4524374,4
0.50625169,268.69100952,274.78683472,2.43466759,2.14377761,0.11266136,0.1440382,0.1739018,0.19596148,0.22054911,0.24266195,0.26462865,0.28533649,11
0.37324841,65.99576062,153.39892141,2.52705453,2.61340509,0.59094834,1.57478714,2.20997429,2.39997101,2.43775845,2.46373129,2.48787737,2.51011753,0
0.67008724,1.77601582,172.38040738,2.42891036,2.52719232,0.82401085,2.40211082,3.66367364,4.18898678,4.24162006,4.2422514,4.24244881,4.24247742,23
0.45246629,197.16466224,148.58248009,2.01218382,2.56470039,0.24151111,0.41064858,0.54261041,0.65394878,0.74852133,0.83146048,0.90325212,0.96793962,17
0.9110653194332948,2.6608633465701343,134.4620555087332,2.071186231275364,2.59624307487332,0.7844691276550293,2.304914712905884,3.413736581802368,3.865321397781372,3.96801495552063,3.97565484046936,3.975741147994995,3.977105855941773,23
0.3,33.09541227666914,15.679317923776216,2.5,2.5,0.9746129512786864,2.97623062133789,4.667968273162842,5.518526077270508,5.732024192810059,5.807665824890137,5.852687835693359,5.880101203918457,6
0.695202289742872,1.5724164265650045,8.9319385707519,2.5,2.9,1.22041654586792,3.942300796508789,6.716492652893066,8.590893745422363,9.419835090637209,9.629490852355955,9.710159301757812,9.796252250671388,14
0.42417514,226.29605103,260.72668457,2.95747662,2.87163877,0.25051546,0.37523675,0.46836138,0.54814315,0.61804962,0.6809845,0.73749781,0.78887439,17
0.65168939,277.06459769,271.6973651,2.99952315,2.88458651,0.16486669,0.21566939,0.28050852,0.34337497,0.39775729,0.4502871,0.49960876,0.54635239,4
0.3315092187140943,2.7030701386553178,0.0074444031341371,2.208175310879481,2.766641006697553,1.2442457675933838,4.199957847595215,7.677637577056885,10.779378890991213,12.630409240722656,12.678207397460938,12.68523406982422,12.691356658935549,12
0.32318342,130.26713124,23.18961282,2.6,2.6,0.5931287,1.5694468,2.1888335,2.4238718,2.5293686,2.6060765,2.6719143,2.728361,0
0.96050853,283.2958374,21.81077576,2.94722867,2.23912835,0.13713384,0.20745182,0.28242731,0.35677457,0.43190789,0.50417256,0.57330489,0.64072871,2
0.69756293,156.84570312,23.8625927,2.02691913,2.06301355,0.1981678,0.35442591,0.49680591,0.62440777,0.73851752,0.84258699,0.93587399,1.0214355,15
0.6532847906110563,162.74596194118172,0.4492019996799348,2.446916953558176,2.3631864408244514,0.2677555084228515,0.5010073184967041,0.7036166191101074,0.8785088062286377,1.0304410457611084,1.1644129753112793,1.2827692031860352,1.3878381252288818,8
0.3430335,286.03927229,386.1071609,2.68972506,2.7176096,0.16375637,0.1797688,0.20159841,0.22329092,0.23831344,0.25197935,0.26559591,0.27889037,11
0.96398624,130.75162241,39.68852158,2.6,2.9,0.23246932,0.42026687,0.6004875,0.76743937,0.91956043,1.0600896,1.1892109,1.3071823,15
0.5733841862291262,0.9400902634071594,0.0036618513534224,2.3898932001646447,2.605587357493971,1.2503468990325928,4.155814170837402,7.430324554443359,10.102701187133787,11.47651481628418,11.52683925628662,11.533546447753906,11.539106369018556,12
0.62071157,229.8673734,234.21897558,2.2,2.1,0.11345816,0.16255784,0.20889425,0.24842072,0.28871107,0.32687473,0.3624406,0.39625168,3
0.86620968,29.73762584,53.71675675,2.0,2.5,0.4651761,1.0630832,1.4676578,1.7233777,1.9094625,2.0560532,2.1760168,2.275926,19
0.69737195,198.10445531,56.56194352,2.0,2.8,0.17072344,0.2826972,0.39193273,0.49293208,0.5852101,0.6706908,0.7499666,0.82381296,16
0.41895194,289.47841796,105.08014867,2.3,2.2,0.17230988,0.25207496,0.3293352,0.39787698,0.45974183,0.51646686,0.5684273,0.61696553,2
0.8719008,131.44439697,156.76016235,2.0057373,2.79973459,0.18481278,0.3219502,0.45375085,0.57479382,0.68622422,0.78856134,0.88279176,0.97029424,17
0.34276123,251.06363643,381.77760607,2.14331823,2.46413251,0.13232851,0.14554524,0.16322684,0.17261648,0.18291521,0.19211721,0.20252323,0.2118423,11
0.3649456,93.34081966,381.25615129,2.89576488,2.7236719,0.35142303,0.67914081,0.83068609,0.88450813,0.91982627,0.94946504,0.97414565,0.9953196,21
0.5302175857991561,53.49759145268896,0.089106739280972,2.4108686685750182,2.3040382436682627,0.6499669551849365,1.7223002910614014,2.3759920597076416,2.687374353408813,2.868415594100952,2.997074842453003,3.107972383499145,3.201098680496216,22
0.78399862,34.31881515,187.10662532,2.8,2.7,0.48944354,1.1759546,1.6434305,1.894695,2.045943,2.1521356,2.2358248,2.3058903,20
0.7577165895563396,0.7214321360706669,0.0507582209330548,2.4776655641375145,2.4564808626749386,1.2295281887054443,3.97874927520752,6.78751802444458,8.722118377685547,9.633941650390623,9.884397506713867,9.946752548217772,10.025192260742188,12
0.6771943942256472,1.0928646835162377,0.8447410348141131,2.6560940992122823,2.223689696319779,1.198007583618164,3.813688278198242,6.408037662506104,8.196136474609375,9.030525207519531,9.248981475830078,9.300357818603516,9.38180923461914,13
0.4680437,18.76708568,77.090563,2.7,2.8,0.92558765,2.709084,4.1350756,4.8263702,5.0386267,5.107913,5.129562,5.140385,23
0.79571415,169.00546109,290.24325262,2.3,2.6,0.13200736,0.18851805,0.2446003,0.29401493,0.3405037,0.3847692,0.4260435,0.46461034,4
0.75554977,248.05851414,258.1223098,2.66274547,2.03677146,0.09425664,0.13440061,0.16477823,0.19075918,0.22145605,0.25068355,0.2785511,0.3042357,11
0.62797449,145.31515792,147.08349366,2.1,2.3,0.19828296,0.32714343,0.44105506,0.540298,0.6280787,0.7062714,0.77567935,0.8392017,17
0.6108426452613351,2.8054820999618304,0.1312114418588001,2.381744886840283,2.292418794409482,1.1573116779327393,3.619206666946411,5.893558502197266,7.286346435546875,7.834817886352539,8.041958808898926,8.184192657470703,8.292792320251465,12
0.3951815,101.02513221,176.54115733,2.50398286,2.23264514,0.3922298,0.8361671,1.08141255,1.18438721,1.25178647,1.30500054,1.34913158,1.38719153,21
0.80772831,78.05315557,288.41705642,2.5,2.6,0.24606395,0.41942358,0.5580802,0.67439294,0.77350473,0.8580127,0.93135905,0.9949336,17
0.4259332579889612,3.891534575559,0.0224281341034314,2.763194689922889,2.6870600911698954,1.2540850639343262,4.106863498687744,7.230493545532227,9.649691581726074,10.84438705444336,10.954715728759766,10.960620880126951,10.965561866760254,12
0.4053480219243158,1.2098288033475613,0.0369651237144752,2.7322498719506445,2.020866052411676,1.1959657669067385,3.8879234790802,6.837211608886719,9.324626922607422,10.800908088684082,10.867431640625,10.87289810180664,10.877354621887209,12
0.32976029,89.4523058,184.07301336,2.32758186,2.85875772,0.536309,1.41944814,1.99312305,2.14881563,2.17378187,2.19567347,2.21561861,2.23398256,0
0.89846505,3.86323245,81.26833463,2.2,2.3,0.82775474,2.2600787,3.1854904,3.5890005,3.761102,3.8279765,3.850063,3.8624837,23
0.56840283,58.75878494,364.96835841,2.92276868,2.14997134,0.26644087,0.4136796,0.47464132,0.51615095,0.54776216,0.57342482,0.59427071,0.6118958,21
0.4407537207336517,22.97751259762569,0.0257102713396934,2.315629066613008,2.0019912896181062,0.8988213539123535,2.557020664215088,3.682140350341797,4.175404071807861,4.394493103027344,4.526665687561035,4.606952667236328,4.680217742919922,22
0.38775907,155.67402043,161.68820997,2.2,2.3,0.29426813,0.5256512,0.6684663,0.7716856,0.8536279,0.9204893,0.9783776,1.0262167,10
0.90078762,268.82415729,20.18846766,2.1,2.7,0.12106061,0.20296478,0.2763064,0.34876013,0.42167902,0.49235415,0.5593419,0.6235931,2
0.80068393,202.63457926,234.6811223,2.9,2.5,0.16385818,0.2504952,0.33700705,0.4231534,0.5011451,0.5742154,0.6431174,0.7079129,17
0.69136317,103.3258238,32.57941919,2.7,2.5,0.38274074,0.80854726,1.1329637,1.3823242,1.5804663,1.7442064,1.880867,1.9977326,9
0.3313976572799448,221.0781884652801,309.40101341654605,2.2,2.5,0.1976277828216552,0.2565157413482666,0.3040800094604492,0.3430933952331543,0.3788669109344482,0.4111571311950683,0.4403328895568847,0.4676191806793213,4
0.33955243,140.81882345,292.89348521,2.0,2.93812258,0.32070732,0.63055396,0.80235338,0.89280558,0.95750928,1.00949121,1.0519104,1.08970356,21
0.60052959,288.45676836,5.39000685,2.3078664,2.83249248,0.19758487,0.32917213,0.45710969,0.57582617,0.68502259,0.78657293,0.88103414,0.96905041,15
0.94619117,242.61686917,128.89451759,2.8,2.5,0.14259481,0.22638464,0.3027053,0.3887322,0.4699731,0.5450244,0.61771154,0.6869769,2
0.55492118,202.45358797,234.80161771,2.71504971,2.0,0.14152193,0.19098115,0.23993659,0.28376555,0.32472825,0.36215448,0.39738894,0.42980409,3
0.3567478225494643,27.853812209543715,0.8728151079528461,2.4063344147138275,2.969326587339188,1.0431056022644043,3.2696220874786377,5.291351318359375,6.429656028747559,6.785529136657715,6.876958847045898,6.930797576904297,6.968875885009766,5
0.9538152641386672,88.31581695368064,0.0445555164625434,2.400445919679514,2.327728599984689,0.2717573642730713,0.5255842208862305,0.7562923431396484,0.9602301120758056,1.1396422386169434,1.298609733581543,1.4393930435180664,1.56469464302063,8
0.87216607,92.76190565,229.12948274,2.3,2.2,0.1884749,0.3122797,0.42714024,0.5276947,0.61691,0.69708204,0.7692547,0.83391666,17
0.77384923,20.09759308,72.86643235,2.46743658,2.92206722,0.71221137,1.96661854,2.79753828,3.19723749,3.40243816,3.53203058,3.62744188,3.71412945,23
0.87653404,23.60957336,397.70822144,2.85672355,2.07993746,0.25698733,0.40015984,0.45630884,0.48799753,0.50923467,0.52444911,0.53662372,0.54567671,21
0.6712638052016122,7.978203132762911,0.0061253865678886,2.8465973840186374,2.612719611113385,1.0662612915039062,3.1537845134735107,4.761017799377441,5.575198173522949,5.975496292114258,6.26633358001709,6.488970756530762,6.653694152832031,5
0.32692695,296.2487793,82.64328003,2.99815464,2.99380159,0.33219123,0.60344481,0.7847054,0.92571402,1.04134798,1.14049721,1.22409344,1.30000496,10
0.91099395,14.71503583,371.10774861,2.07005737,2.36596213,0.32786965,0.63695931,0.79736495,0.84798217,0.86460805,0.87599921,0.88387513,0.88974357,21
0.55870843,295.74737549,243.34451294,2.21530986,2.48780107,0.11502218,0.15846968,0.20092964,0.23605323,0.27159214,0.30553865,0.33867216,0.36974001,3
0.49115856,293.89373553,72.1316696,2.2,2.5,0.16528893,0.24888515,0.33269858,0.40712142,0.4760456,0.5400696,0.59953475,0.6549847,2
0.8505129852509229,1.997579944165981,0.9135773853953472,2.1293006812169413,2.3594716555742616,1.0924594402313232,3.256117582321167,4.918567657470703,5.783102035522461,6.215928077697754,6.499735832214356,6.710990905761719,6.865030288696289,5
0.89572103,43.15751452,43.77421414,2.2,2.4,0.40200758,0.87145424,1.2218275,1.4780738,1.6749809,1.8340452,1.9666302,2.079665,19
0.703768738709272,44.83735077034152,0.033996315386581,2.557472244216025,2.9387869944178453,0.6449124813079834,1.720090389251709,2.430428028106689,2.818179130554199,3.06260347366333,3.247796535491944,3.401007652282715,3.531984329223633,22
0.38225077,138.80246885,147.28980994,2.6,2.9,0.42043233,0.92806387,1.2413306,1.3970723,1.4984188,1.576869,1.64221,1.6989393,20
0.67211186,171.12785226,400.0,2.0,2.0,0.07990813,0.10253739,0.11643767,0.12180305,0.13284874,0.14201999,0.14992118,0.15872955,11
0.49321037,169.91727142,361.86523175,2.3,2.5,0.15683174,0.1878674,0.22171307,0.24772549,0.27213812,0.29438806,0.3155806,0.33498335,11
0.87930273,89.65300462,382.7270398,2.0,2.1,0.11228394,0.14694905,0.17666316,0.20181346,0.22682452,0.24855828,0.26845717,0.28715563,11
0.39251009,227.69182222,184.96668608,2.3,2.6,0.21258116,0.30880857,0.38891673,0.45612574,0.51585937,0.56957173,0.61793923,0.66272235,17
0.8847794,105.3324915,132.44645462,2.7,2.1,0.22378016,0.40598583,0.5745802,0.7261722,0.8620362,0.984992,1.0952516,1.1954355,17
0.7587829505397988,30.600838478139465,0.0109973661184989,2.922752943811666,2.019685277575789,0.5858104228973389,1.4486894607543943,2.009091377258301,2.3436408042907715,2.574757575988769,2.7526659965515137,2.899461269378662,3.0225367546081543,18
0.74293143,14.12228584,28.8766613,2.69065237,2.84350085,0.88697147,2.5151794,3.6553123,4.22190952,4.50103188,4.66518784,4.78939056,4.88110924,23
0.61647056,89.89710245,364.99970673,2.7,2.4,0.25667286,0.4186833,0.5230465,0.6073046,0.6759529,0.7338624,0.7825775,0.82566595,17
0.6401709,139.89323045,271.38017566,2.8,2.1,0.20497704,0.3273673,0.43646693,0.53033113,0.61341786,0.68838406,0.75630355,0.8171127,17
0.32959471,247.52476133,290.03113062,2.21750222,2.03151991,0.12420726,0.14228821,0.15728807,0.16784334,0.18156838,0.19410324,0.2054081,0.21637797,11
0.60753306,142.7818946,146.56686976,2.4,2.1,0.23365808,0.4049723,0.54901385,0.6724453,0.7799568,0.87392163,0.9563596,1.0298214,17
0.3403418515548068,0.8118966594953483,0.0890537209548493,2.282870893418874,2.886539300625141,1.2770419120788574,4.36153507232666,8.124885559082031,11.67131519317627,14.00808811187744,14.044373512268066,14.050583839416504,14.05585765838623,12
0.42070066,160.23097592,21.73148013,2.9,2.5,0.46769023,1.1083786,1.5354748,1.7739816,1.9314947,2.0588412,2.1604753,2.249971,19
0.55169377,291.56377403,168.97659869,2.9,2.8,0.19099116,0.27892303,0.37065864,0.4554155,0.53148603,0.603297,0.6699405,0.73218584,17
0.6218104677326001,136.73409777886044,75.8135397791654,2.066070897286015,2.7778931283692625,0.3017351627349853,0.5956211090087891,0.8301613330841064,1.0217344760894775,1.181199073791504,1.3164424896240234,1.4332506656646729,1.5357730388641355,10
0.96145828,258.02500661,128.3941263,2.77313956,2.79947628,0.16192555,0.22604203,0.29926205,0.38752294,0.46718454,0.54148436,0.61378431,0.68326283,2
0.30945969,131.08852996,40.87570496,2.48474372,2.09925576,0.49112344,1.1795485,1.55897379,1.70015097,1.78077888,1.84658861,1.90335369,1.95370436,0
0.56732069,94.19778627,148.86003692,2.91189223,2.88511418,0.44427586,1.00576782,1.39496183,1.62926626,1.78965235,1.91157627,2.01147604,2.09750271,20
0.3805195432987979,7.956186509919481,0.0661676279456341,2.412943376192088,2.134908551364497,1.120729923248291,3.5266873836517334,5.831534385681152,7.356651306152344,7.939199447631836,8.040105819702148,8.080240249633789,8.120450019836426,12
0.39989743,293.09579106,155.14381554,2.2,2.3,0.15298843,0.20744967,0.26331735,0.31198597,0.3572824,0.39887595,0.43748546,0.47390723,2
0.8908726734915178,2.120065260697806,2.0678192576080887,2.07164121,2.46994328,1.0723345279693604,3.1874454021453857,4.779245376586914,5.5852813720703125,5.995701789855957,6.257048606872559,6.450878143310547,6.602442741394043,6
0.6223295024985125,17.395686412239705,0.0946780118805232,2.4066864750926547,2.651967033400348,0.9242300987243652,2.693554162979126,3.9557135105133057,4.558300018310547,4.837411880493164,5.01224422454834,5.132624626159668,5.23078727722168,5
0.8334803440717966,1.17632252286477,1.561787559451867,2.84570456,2.07625818,1.1399586200714111,3.419790983200073,5.2909135818481445,6.334539413452148,6.870352745056152,7.254644393920898,7.609086990356445,7.912415504455566,5
0.30304089,290.01080322,151.91267395,2.01981831,2.67747164,0.22276211,0.33800292,0.4242065,0.4975698,0.56182623,0.61857462,0.66846752,0.7151382,17
0.472517879721578,1.0328123006519248,0.0037819049229092,2.713112807011721,2.7666476777341487,1.293876886367798,4.337676048278809,7.901322364807129,11.075488090515137,12.876744270324709,12.909958839416504,12.917200088500977,12.923715591430664,12
0.9247033050503668,102.76781520060509,0.0637690487674362,2.6392932014372605,2.986837235223791,0.3181910514831543,0.6201860904693604,0.8924770355224609,1.1325232982635498,1.3432652950286863,1.529266357421875,1.6935381889343262,1.8396425247192385,8
0.479311578032667,180.8027465120016,390.3744426770968,2.86900971,2.30168904,0.1536769866943359,0.1790010929107666,0.2060530185699463,0.2228045463562011,0.2418515682220459,0.2591011524200439,0.2741663455963135,0.2895846366882324,11
0.47460049,105.49109913,103.34799167,2.3,2.2,0.3920684,0.84608865,1.1262395,1.2873085,1.4017081,1.490057,1.5620124,1.6236987,10
0.30078191,206.21556091,309.31137085,2.24657702,2.77534652,0.25213742,0.37778664,0.44070721,0.49317837,0.53844094,0.57893729,0.61373949,0.64471769,17
0.6957792361718256,6.731297009777633,0.0721541142615468,2.233129743754672,2.394524060730139,1.0215225219726562,2.99708890914917,4.450404644012451,5.14457893371582,5.479504108428955,5.684808254241943,5.845239162445068,5.948543071746826,5
0.4368450242274047,9.717510025254937,64.19483555826967,2.02126145,2.29936743,0.902474880218506,2.73563289642334,4.219086170196533,4.898829460144043,5.013382911682129,5.035070896148682,5.042454242706299,5.04767370223999,23
0.50466537,94.97600672,7.51108252,2.7,2.2,0.5358727,1.3557136,1.8657947,2.121614,2.2839537,2.4101129,2.517376,2.6067657,18
0.8982859896790331,1.479388551519344,5.302712911772188,2.21602154,2.11720705,1.0625395774841309,3.091719627380371,4.56247091293335,5.33974027633667,5.76991081237793,6.0757317543029785,6.302409648895264,6.458574771881104,6
0.74554824,294.08464567,259.37352264,2.4,2.7,0.12463307,0.15452743,0.19205618,0.2286942,0.26767826,0.30320048,0.33545065,0.36849713,4
0.9103523830182724,96.94163158792152,0.0166294656767544,2.8763242587062408,2.049031350320952,0.2515811920166015,0.4848861694335937,0.6971445083618164,0.8852417469024658,1.051191329956055,1.1985821723937988,1.3291802406311035,1.445690631866455,8
0.79233178,92.28158647,266.18361882,2.1,2.5,0.18404698,0.28405452,0.3760121,0.45412755,0.52231145,0.58318686,0.63640237,0.68463707,17
0.79630446,274.78845191,286.1704501,2.05308967,2.22987749,0.07282376,0.11077452,0.14242172,0.16069984,0.18616939,0.21103716,0.2349956,0.25830674,11
0.30809059,159.22086366,270.78760602,2.38961789,2.64480491,0.32394171,0.59451556,0.72598433,0.79819369,0.85565686,0.90174842,0.9415257,0.97508192,21
0.3298764657539575,44.89816010639767,0.0444746898570816,2.607271979783145,2.6570711873007427,0.9391396045684814,2.831578493118286,4.349343299865723,5.079570770263672,5.3154802322387695,5.416796684265137,5.477354049682617,5.527176856994629,5
0.55422506,178.14568016,330.69975923,2.3,2.0,0.12727165,0.16266346,0.19885445,0.22883916,0.25947332,0.28758717,0.31263804,0.33650613,11
0.6637284,37.6932887,330.8141814,2.5,2.3,0.35986686,0.7367482,0.9509485,1.043217,1.0937142,1.1288867,1.1555421,1.1777182,21
0.65977042,60.83984397,366.68253805,2.0,2.7,0.21164536,0.29142284,0.3394153,0.37728286,0.4076395,0.4332137,0.45470715,0.47237992,4
0.61176086,274.05698147,147.31249889,2.7,2.4,0.16224241,0.24628425,0.33055472,0.4099002,0.48390865,0.5524812,0.61672974,0.677614,2
0.82965732,29.30299232,178.75347861,2.4,2.4,0.4401853,1.0075524,1.3773384,1.5813034,1.7140138,1.8118651,1.885216,1.9440267,20
0.80568701,194.91116805,354.50504807,2.34581073,2.97233347,0.13550949,0.19248462,0.24575329,0.30238771,0.35473871,0.40253615,0.44820523,0.49089336,4
0.42530526,270.42266015,309.50421182,2.5,2.2,0.13726997,0.16755223,0.202106,0.22924471,0.2557845,0.2807076,0.30489993,0.32744575,11
0.96650169,54.3850973,86.37975191,2.5,2.5,0.34194636,0.69972897,0.99289846,1.2328484,1.4290488,1.5933013,1.732233,1.8530593,10
0.34072329,242.26133706,34.61963767,2.9,2.4,0.3761444,0.7925117,1.0692093,1.2468987,1.3804512,1.48598,1.5763686,1.6558402,9
0.3500317381656684,231.25446385393263,364.94907556543154,2.18440247,2.4114871,0.1493780612945556,0.1678075790405273,0.1907553672790527,0.2074916362762451,0.2232029438018798,0.2385706901550293,0.2537257671356201,0.2678883075714111,11
0.8583498263387362,2.4784684233923704,2.0314538260487938,2.87340524,2.76810974,1.155953884124756,3.478789091110229,5.368724822998047,6.401614189147949,6.931010246276856,7.30712890625,7.632497787475586,7.870723724365234,6
0.4918820591949183,10.781148534349851,0.8193631517435588,2.2663738716404103,2.643538700486471,1.0883703231811523,3.3834917545318604,5.409856796264648,6.525254249572754,6.911999702453613,7.03659725189209,7.118291854858398,7.183829307556152,5
0.65620399,1.93142748,15.11152744,2.22702289,2.04907441,1.11852741,3.29786634,5.1417613,6.12962675,6.4697299,6.66132689,6.75683069,6.78690672,6
0.45357527,187.13469499,244.28307265,2.5,2.4,0.22457457,0.3410461,0.43199968,0.5087249,0.57635593,0.6354804,0.6886742,0.73621154,17
0.5877401928253903,81.39955494630392,0.0084768240426519,2.50451396807257,2.942859246575681,0.5640795230865479,1.454209566116333,2.050851821899414,2.3809022903442383,2.597336769104004,2.764317989349365,2.903876304626465,3.020684242248535,18
0.90664619,205.59237522,356.50740932,2.7,2.7,0.14722204,0.17390442,0.21578074,0.26874185,0.31401706,0.35513496,0.3954761,0.43307734,4
0.9689818629943848,0.9655360109508476,0.0070467518321177,2.773884484410285,2.9495999810132547,1.2268834114074707,3.790093421936035,6.037052154541016,7.35748291015625,8.036480903625488,8.47292709350586,8.855416297912598,9.165966987609863,12
0.39524916,115.01190295,151.360866,2.3,2.0,0.36848903,0.77151465,1.0012584,1.1142085,1.1913655,1.2532351,1.3026743,1.3459156,21
0.7472813168741209,0.903011599920125,0.088301135113957,2.0533464753352395,2.8203799837289028,1.207977533340454,3.9908971786499023,6.9432902336120605,8.995307922363281,9.95124626159668,10.200151443481444,10.257331848144531,10.311065673828123,12
0.64917871,214.29018054,275.09786551,2.5,2.8,0.15674257,0.217834,0.28111005,0.33925962,0.39359164,0.4428873,0.48866916,0.5320327,4
0.76257865,217.4874134,274.69802939,2.33626165,2.38423188,0.11717248,0.16957188,0.22023201,0.2644608,0.3075552,0.34950137,0.3893106,0.4269309,4
0.46813952,299.63423949,92.85123786,2.5,2.7,0.19917107,0.30280232,0.40205145,0.49005485,0.5703621,0.6438618,0.7116306,0.77487326,16
0.75115184,52.36471202,46.15458515,2.7,2.8,0.5228274,1.2535911,1.7594719,2.0764961,2.2956629,2.4661145,2.6065278,2.7273054,19
0.65490472,16.98254204,1.25889814,2.0834713,2.28157306,0.85147715,2.31834197,3.22829127,3.63121772,3.83660197,3.95310664,4.05259705,4.12580967,22
0.57172467,294.1668998,180.78072043,2.6488827,2.06261131,0.11457253,0.15994596,0.20216775,0.23945332,0.27796197,0.31444001,0.34916639,0.38201857,3
0.96154217,262.04051171,184.43676548,2.9,2.1,0.10371232,0.17448068,0.2321322,0.2906351,0.35083485,0.4093988,0.46473265,0.51851845,3
0.724359795543931,15.339242089459193,0.0049221831714496,2.3420319286422737,2.8841383399048226,0.8902785778045654,2.59802770614624,3.801018714904785,4.384938716888428,4.674506187438965,4.857703685760498,4.996951580047607,5.108734130859375,5
0.80513084,30.19650376,96.87864235,2.1,2.2,0.45958686,1.052172,1.4267948,1.6451097,1.7901859,1.9025922,1.9942703,2.0695767,20
0.4343144464105339,2.630850685920464,0.0943972232424756,2.1805113791822848,2.935787036657562,1.232753038406372,4.145181655883789,7.522754669189453,10.331684112548828,11.976804733276367,12.11215114593506,12.117629051208496,12.122331619262695,12
0.932306906252893,0.9525570823123494,0.0626164340666765,2.51177927128005,2.5722486897217127,1.1911137104034424,3.654762744903565,5.739479064941406,6.933889389038086,7.5375776290893555,7.927694320678711,8.258124351501465,8.527121543884277,12
0.56386656,130.15515137,364.48422241,2.73520875,2.23947048,0.1726172,0.21604228,0.25667286,0.28797841,0.31713152,0.34414649,0.36822796,0.39038682,4
0.70848852,219.57380676,240.92832947,2.84419322,2.30268002,0.13466239,0.19276524,0.25041652,0.30082107,0.34973764,0.39658689,0.43991089,0.48107576,3
0.62562001,148.06095618,134.84868271,2.1,2.4,0.20614433,0.3436377,0.4644873,0.5699384,0.6621556,0.7444594,0.81809044,0.8840442,17
0.64920604,200.85414833,165.47665738,2.7,2.2,0.185673,0.29848838,0.4078684,0.5060129,0.5951996,0.6776259,0.75376415,0.8240645,17
0.37828958,42.38777804,304.03243708,2.4,2.6,0.46173453,1.0970476,1.4398816,1.4677141,1.4684646,1.4685824,1.469116,1.4692318,1
0.7623930604524997,8.093267623132686,0.0367345476488333,2.8772518088092567,2.8739003058559045,1.032238483428955,3.03169059753418,4.535992622375488,5.31308126449585,5.721948146820068,6.007287502288818,6.2263503074646,6.394821643829346,5
0.6204865304139462,1.0242393813395656,93.9740692437596,2.7151691229516937,2.5928029666680863,0.9920661449432372,3.106418371200561,5.1151885986328125,6.400883674621582,6.749062538146973,6.753156661987305,6.755538940429688,6.756081581115723,7
0.45915809,13.68018341,2.57999134,2.17839241,2.50206661,1.08064485,3.23912454,5.00754356,5.92309761,6.19478893,6.28051186,6.33865547,6.37863445,6
0.9435562720082245,7.927410609464022,0.1372017063803167,2.049551907598825,2.392775925414188,0.8009159564971924,2.1434664726257324,2.968189716339112,3.4032177925109863,3.6710262298583984,3.863192081451416,4.013312339782715,4.139636516571045,22
0.8187710415539938,15.804583496349204,0.019655833894062,2.691370800107186,2.362322420192821,0.7624034881591797,2.017884492874145,2.8162834644317627,3.259129762649536,3.538456678390503,3.741768598556519,3.902226209640503,4.035840034484863,22
0.9551249991530832,4.941307172533585,1.0232782113004195,2.166934071119836,2.5550555357186617,0.9140684604644777,2.54992938041687,3.626450777053833,4.167844772338867,4.488612174987793,4.710620880126953,4.873279571533203,5.018599510192871,22
0.96814948,144.26145935,206.42189026,2.3704741,2.11622381,0.12558341,0.19945455,0.26964521,0.33640385,0.40029573,0.46023655,0.5160594,0.56879187,3
0.8482335551701348,4.535882626750848,0.0037093682841509,2.066008015273716,2.299401877427147,0.9700355529785156,2.73197340965271,3.9088428020477295,4.4849958419799805,4.7992143630981445,5.019767761230469,5.179271697998047,5.300699234008789,5
0.55507542,129.81177301,86.3700818,2.5,2.1,0.3237245,0.64220667,0.87770176,1.0570223,1.199898,1.3168614,1.4155042,1.4996791,10
0.59791044,264.93114509,50.61444623,2.65016183,2.11041256,0.15453267,0.24313807,0.33097744,0.41195321,0.48755741,0.55853605,0.62422895,0.68608594,16
0.93577205,15.1058091,314.88628226,2.8,2.2,0.4230628,0.98042035,1.3357499,1.4916782,1.5515609,1.581609,1.6025186,1.6188142,1
0.93549985,114.17189999,225.53664698,2.0,2.7,0.14851761,0.23105979,0.31199408,0.387007,0.45547605,0.5180533,0.57558227,0.6288154,3
0.37710309,158.95477547,82.11196192,2.3,2.5,0.37483,0.7805271,1.031321,1.176487,1.2817776,1.3658407,1.4370558,1.4995971,10
0.42271,1.684286,77.887657,2.0,2.5,1.02554035,3.16000557,5.1877718,6.53201151,6.81564856,6.81570292,6.81570292,6.81570292,7
0.36441787,85.0792385,89.83027971,2.1,2.4,0.5164745,1.2656806,1.6759317,1.8090451,1.8730948,1.9251807,1.9719379,2.0125597,0
0.79214244,189.22690955,283.74189704,2.7,2.3,0.13894534,0.20668793,0.2739215,0.33756566,0.39736438,0.45377636,0.5056484,0.55498004,4
0.32002218,234.19555512,227.44271566,2.9,2.2,0.266984,0.44199157,0.5474622,0.6326492,0.70438266,0.76713276,0.8204453,0.8670447,17
0.69195155,288.08327407,340.91191357,2.99803249,2.15670863,0.10005426,0.12299204,0.14695692,0.15378928,0.16995096,0.18938208,0.20178342,0.21639824,11
0.93943844,68.36827453,162.93164934,2.4,2.7,0.27187204,0.5116806,0.7153249,0.88860583,1.037571,1.1647801,1.2754207,1.3719089,10
0.4640919972224629,86.19759282595719,400.0,2.55651093,2.01802468,0.1936707496643066,0.2312967777252197,0.2532060146331787,0.2699534893035888,0.2840585708618164,0.2970318794250488,0.309093713760376,0.319871187210083,11
0.31444658,270.80610151,184.80005674,2.53290144,2.90878285,0.27904987,0.45959663,0.57166457,0.66388154,0.74260402,0.81109357,0.87124038,0.92401314,17
0.85243509,18.32698929,51.85670408,2.3,2.1,0.60657144,1.5144773,2.0580213,2.344867,2.5251992,2.6633298,2.7683213,2.8580697,19
0.41775106,215.72727586,339.95234634,2.6,2.5,0.1833775,0.2288444,0.27319527,0.30959702,0.34380102,0.37455583,0.4024787,0.42883706,4
0.81040895,48.21510854,101.42468815,2.1,2.7,0.3730893,0.79403186,1.0989943,1.3157837,1.4770057,1.6044934,1.7126052,1.8047998,10
0.95474931,23.55438204,248.24362672,2.8,2.9,0.44132733,1.0033536,1.3986621,1.6359606,1.7835364,1.889554,1.9690552,2.0300093,20
0.91142252,100.46624409,30.39097021,2.7,2.4,0.281214,0.5390146,0.77167416,0.97801065,1.1598654,1.3213756,1.4641836,1.591893,9
0.51003504,44.61483765,16.57823372,2.30806971,2.01011872,0.65997791,1.69270706,2.29302025,2.55541706,2.69912624,2.79587317,2.87977505,2.94812822,22
0.8127655828316606,1.2700817488096727,0.0032877478424914,2.541131598121416,2.8112010988325915,1.227900505065918,3.891942024230957,6.421187400817871,7.972773551940918,8.700827598571777,9.044595718383787,9.280570030212402,9.487554550170898,12
0.6515208676256371,9.850183033103551,0.0034062240422968,2.965329653858348,2.569613262317997,1.0443577766418457,3.0647735595703125,4.594277381896973,5.362447738647461,5.763345718383789,6.045476913452148,6.264949798583984,6.424708366394043,5
0.655835317384202,1.8395792739982504,0.9689237740202608,2.7593824351902736,2.599727697635021,1.231189250946045,3.928413391113281,6.605532646179199,8.387227058410645,9.158764839172363,9.37682056427002,9.511639595031738,9.65837860107422,13
0.39762321,230.71145472,317.01087229,2.3,2.4,0.14753246,0.17357302,0.20322585,0.22543359,0.24752021,0.2682395,0.28815985,0.3060429,11
0.59988009,253.5406028,294.04481379,2.1,2.9,0.10770273,0.14056587,0.16972637,0.18930149,0.20991993,0.23396635,0.25567293,0.2757511,11
0.7067232709259611,39.35150876228203,0.1276042217206366,2.5874352873091606,2.247653800804468,0.5975611209869385,1.5081775188446045,2.083028078079224,2.409921884536743,2.628643274307251,2.797325372695923,2.934971570968628,3.0553886890411377,18
0.5532015239800426,2.507931334526297,1.1095258815378128,2.4187990781231328,2.9135214161063283,1.2381722927093506,4.070379257202148,7.139040946960449,9.394131660461426,10.499378204345703,10.7501802444458,10.764497756958008,10.774497032165527,13
0.5422780405703197,71.31265158530746,0.04228306807827,2.824067837804428,2.154414454630832,0.5426862239837646,1.354478120803833,1.8648483753204343,2.144310712814331,2.328925371170044,2.474457025527954,2.5908215045928955,2.698138475418091,18
0.90111382,147.01012806,192.92905792,2.4,2.0,0.13791203,0.22762704,0.31446815,0.39512873,0.47172165,0.5425236,0.60849833,0.671005,3
0.6564926,195.91856589,228.0474649,2.9,2.5,0.19986415,0.309896,0.41614723,0.5128679,0.6005757,0.68071246,0.7543793,0.8227556,17
0.78534019,148.31568909,4.96355486,2.37326169,2.05937243,0.20705009,0.37412858,0.52935696,0.67080212,0.79874444,0.91497064,1.02084017,1.11739612,15
0.8689403,182.31197692,282.07290383,2.2,2.3,0.1056149,0.15657425,0.2031982,0.24357438,0.28613544,0.32579374,0.36328173,0.39847994,4
0.4143109755399936,20.93894767289811,0.0208642010343112,2.896859938387552,2.587255813648861,1.05450701713562,3.194668769836426,4.981944561004639,5.911999225616455,6.249722957611084,6.434938907623291,6.56654691696167,6.666813373565674,5
0.582412,182.75921631,399.42700195,2.76519275,2.37195444,0.14195728,0.17029548,0.20072842,0.2230041,0.2470789,0.26806712,0.28657317,0.30501246,11
0.44897346,130.95700072,0.85995319,2.1,2.6,0.41645098,0.91726136,1.241615,1.4419568,1.5834372,1.6985357,1.7972271,1.8797195,18
0.5490727875133808,15.673216627852709,0.2252423511979314,2.02746402557864,2.592689958277585,0.9614570140838624,2.88242244720459,4.336965084075928,5.0016188621521,5.243941307067871,5.36298942565918,5.453770637512207,5.526659965515137,5
0.73447413,178.82745213,244.95335843,2.7,2.8,0.18753839,0.28563333,0.38290334,0.47268033,0.55348897,0.6280241,0.6970439,0.76090074,17
0.57825501,191.69342418,46.6510898,2.1,2.1,0.19568062,0.33358645,0.4579935,0.5680411,0.6666727,0.75632334,0.83713984,0.9112439,16
0.544678696889831,246.6518286664541,298.5499902269793,2.1,2.4,0.116382360458374,0.1530096530914306,0.1901729106903076,0.2208974361419677,0.2516109943389892,0.2811758518218994,0.3093652725219726,0.3357026576995849,11
0.85604882,241.89209621,163.08062241,2.3,2.3,0.10805678,0.17342114,0.23238683,0.28618693,0.34113288,0.39432,0.44546485,0.493469,2
0.38119197,2.62621164,25.10672569,2.48167396,2.12393546,1.15841722,3.53660727,5.92484617,7.50469923,8.05911255,8.27513504,8.39522743,8.41467857,14
0.5488620095849464,1.38569380283296,0.4821176391124365,2.55363400891909,2.4603729976478155,1.2371313571929932,4.055309295654297,7.14134693145752,9.558913230895996,10.71685791015625,10.754728317260742,10.764180183410645,10.77223014831543,13
0.82750049,182.17329405,202.96112657,2.1,2.4,0.12089848,0.18566823,0.24646711,0.30377245,0.35941076,0.41173506,0.46056175,0.5063803,3
0.4629523088100044,2.269013947534956,0.3479093260988653,2.223582326742768,2.9980701267330376,1.2444572448730469,4.183203220367432,7.592916965484619,10.424575805664062,12.127559661865234,12.252017974853516,12.258846282958984,12.264575958251951,13
0.4867688934136286,3.5058834330161885,50.35130963265164,2.3896184,2.54580593,1.0570075511932373,3.3391335010528564,5.559562683105469,7.001988410949707,7.484382629394531,7.497228622436523,7.498214721679687,7.498805046081543,7
0.7918222336850069,178.0987544791918,0.4860217464194405,2.772884894464288,2.207865785671151,0.2033216953277588,0.3591763973236084,0.5097863674163818,0.6483597755432129,0.7752823829650879,0.8930041790008545,1.0013930797576904,1.1016192436218262,15
0.99596524,141.74775696,105.18922424,2.26781869,2.16202426,0.14475036,0.24930191,0.3495822,0.44425178,0.5343616,0.61914158,0.69887519,0.77352095,16
0.354113359092092,6.032930951198497,0.0995473185007751,2.268849812130065,2.007821806817596,1.1228907108306885,3.564274549484253,5.998972892761231,7.736502647399902,8.48484992980957,8.550577163696289,8.558394432067871,8.567061424255371,12
0.78338122,65.08734669,393.45270043,2.42206332,2.49449834,0.21460938,0.31950259,0.39857244,0.46221542,0.51543331,0.5610292,0.59942031,0.63273764,4
0.57535982,271.99174596,14.27501491,2.18427715,2.69398875,0.19873357,0.33358073,0.46267772,0.58024573,0.68781447,0.78747749,0.87922096,0.96401,15
0.4634904853651411,1.5755137458163506,0.0073712480838636,2.922894758401741,2.9547620528188108,1.3108062744140625,4.397432804107666,7.999702930450439,11.127103805541992,12.934200286865234,13.00031852722168,13.00803565979004,13.014656066894531,12
0.97938704,199.69985962,3.75925303,2.65576053,2.19511771,0.14920259,0.26018691,0.36635113,0.46918511,0.5680809,0.66279316,0.75296164,0.83836651,15
0.4545546,140.95386911,100.99660979,2.7,2.8,0.41671324,0.9126706,1.2444973,1.4433913,1.5875711,1.7018561,1.7927861,1.8729005,20
0.3164018226999053,60.14904935330423,0.005972257173229,2.695464299093091,2.5899696236711307,0.868152379989624,2.569886445999145,3.857592821121216,4.448326110839844,4.657662391662598,4.762587547302246,4.824613571166992,4.871928215026856,22
0.55540617,132.57891249,90.75480089,2.3,2.4,0.30455112,0.5823686,0.78859377,0.95134354,1.0826871,1.1913843,1.2833321,1.3645725,10
0.39324185,127.85490654,154.05889212,2.8,2.2,0.4166658,0.95463824,1.2873561,1.4427674,1.537097,1.612335,1.6762309,1.7286336,20
0.58689463,98.85753766,214.35106874,2.8,2.1,0.31658363,0.62236524,0.8380878,0.99574494,1.1163962,1.2146575,1.2954681,1.3623993,10
0.6035093245588111,6.271839656619067,0.0211605594289213,2.674710896308381,2.300032588703296,1.0877532958984375,3.2519497871398926,4.974282741546631,5.865743160247803,6.269486904144287,6.530426502227783,6.73761796951294,6.890900135040283,5
0.88852602,16.37049484,222.86476135,2.11842513,2.31625271,0.44987893,1.04851317,1.40734005,1.56195378,1.63679266,1.68116522,1.71319175,1.73764181,1
0.3,89.93030543,400.0,2.0,2.0,0.20384455,0.22847939,0.23460722,0.23924208,0.24409223,0.24862027,0.25264716,0.25653434,11
0.51623983,185.45385225,258.97416376,2.8,2.7,0.2390163,0.37249923,0.4784901,0.57026434,0.65066767,0.7224705,0.78672075,0.8444276,17
0.74556452,6.5598708,243.32530243,2.0,2.5,0.53190017,1.3268247,1.7476592,1.7854385,1.7857714,1.7867594,1.7871766,1.7874203,1
0.92161477,13.09284496,47.2886467,2.07461166,2.76649427,0.68813753,1.84615755,2.56571651,2.9318459,3.15080667,3.30613542,3.42384267,3.5262382,23
0.471958371799431,1.984474680720468,0.6560525006102231,2.8138862642554203,2.262101714659426,1.2216336727142334,3.959592580795288,6.9079179763793945,9.19200611114502,10.443683624267578,10.526124954223633,10.531935691833496,10.53688621520996,13
0.6833572671418264,2.390849095099647,0.6575508351183256,2.551420332301656,2.6391047479937177,1.200045108795166,3.7892489433288574,6.229915618896484,7.716714859008789,8.35096263885498,8.608846664428711,8.78323745727539,8.933992385864258,13
0.6348851464555362,1.7762101909501764,14.562778118113425,2.5,2.0,1.0956027507781982,3.381211280822754,5.472047328948975,6.739575386047363,7.249603271484375,7.407488822937012,7.506404876708984,7.577155113220215,6
0.77720922,48.33310858,362.01571994,2.5,2.4,0.27605987,0.48122954,0.61168575,0.7059009,0.7771375,0.83362794,0.8781576,0.9139724,21
0.34510159,19.21232605,36.29943085,2.00164819,2.42273021,0.97861934,2.91345119,4.48259163,5.22513962,5.34939718,5.3713069,5.37952566,5.38601971,7
0.98605949,292.95565796,359.05664062,2.52194977,2.13386297,0.06919193,0.10525584,0.12879634,0.1332953,0.14786601,0.16705322,0.18674254,0.20246625,11
0.84204711,165.23535962,51.01244779,2.7,2.7,0.22664595,0.39864182,0.5639298,0.7161968,0.85522413,0.9839344,1.1013412,1.210315,16
0.31520368,199.33016143,41.09244384,2.14888874,2.65645308,0.41403699,0.94033027,1.25855494,1.41535902,1.52345347,1.60894299,1.68036199,1.74306011,19
0.3899570688579887,1.4156224972204614,4.63231398659395,2.533377764058516,2.0166364153837257,1.171494483947754,3.8001708984375,6.64125919342041,8.979398727416992,10.43861484527588,10.535432815551758,10.53939437866211,10.542811393737791,14
0.5912305918091775,6.286618404170969,7.229428488693766,2.9297297,2.66079378,1.1360254287719729,3.4920544624328613,5.554465770721436,6.706224918365479,7.173083782196045,7.408841609954834,7.613964557647705,7.771494388580322,6
0.3632522071051156,31.071041394517216,0.368777848003972,2.7070152860447445,2.458353251104209,0.9806554317474364,2.934426069259644,4.488390922546387,5.221397399902344,5.481860160827637,5.622010231018066,5.71431827545166,5.775186538696289,5
0.39274704,253.53288269,178.31259155,2.10518622,2.86771989,0.22258472,0.34911013,0.45129681,0.53949928,0.61735773,0.68748212,0.75113916,0.80817437,17
0.32865815,261.24989488,126.64749895,2.3,2.4,0.2305615,0.35167003,0.44199395,0.5182924,0.58455133,0.6424475,0.69473934,0.74138117,16
0.8817197533290977,1.2703208084274014,0.0548529068542887,2.400731252541967,2.9075084306444388,1.199824571609497,3.752795457839966,6.063390731811523,7.41046142578125,8.060141563415527,8.413524627685547,8.674365997314453,8.885026931762695,12
0.9473779745562082,43.380078232398645,0.5701011965400037,2.747733561817948,2.772785538202452,0.4834859371185303,1.1033720970153809,1.5725891590118408,1.9163010120391848,2.1804568767547607,2.394353151321411,2.574215173721313,2.729119062423706,18
0.43486862,214.29023959,214.62976867,2.5,2.5,0.22421503,0.3392892,0.4313085,0.5098195,0.5796151,0.64114094,0.6969619,0.74706984,17
0.91229232,67.53330948,122.0647808,2.8,2.4,0.3220687,0.64377046,0.9091735,1.1313133,1.3169768,1.4736459,1.6068375,1.7235272,10
0.7639294363984476,2.133401508613892,0.0536107758145154,2.4189019589111767,2.542461452104559,1.1635520458221436,3.588449716567993,5.689879417419434,6.869570732116699,7.413910865783691,7.7031707763671875,7.923933982849121,8.104161262512207,5
0.7633274,226.65387078,75.74992853,2.4,2.2,0.14751935,0.24437857,0.33798885,0.42624235,0.509814,0.5884998,0.6626828,0.73313,16
0.4647093644370363,178.41002535383748,0.0059631207197661,2.9658353566204205,2.9647944598293554,0.4425344467163086,0.9995896816253662,1.400026798248291,1.6645784378051758,1.859443187713623,2.016879081726074,2.1484084129333496,2.2598299980163574,18
0.7189332550004272,7.360898239155635,17.682681985266797,2.78827691,2.97677898,1.048577070236206,3.165421962738037,4.87863826751709,5.763684272766113,6.1712141036987305,6.413145065307617,6.578706741333008,6.708156585693359,6
0.33996358,226.04108229,399.25922534,2.3,2.2,0.12691355,0.13746929,0.15026283,0.1533289,0.15939403,0.16493249,0.17168927,0.17737126,11
0.59721972,125.93954674,32.35712553,2.04835029,2.80670281,0.35319257,0.7411499,1.03153324,1.25273132,1.42738605,1.57363176,1.69501853,1.79919863,9
0.70302591,90.61995749,397.36478629,2.0,2.1,0.12809849,0.15329528,0.17560649,0.1938672,0.21238017,0.22808003,0.24191189,0.25457668,11
0.83823825,151.72309949,98.07161215,2.5,2.8,0.21379185,0.3709829,0.5214088,0.6579695,0.7832444,0.89787483,1.0034246,1.1005123,16
0.33068982,117.56690758,349.69532081,2.3,2.1,0.24218512,0.34086013,0.3781438,0.40802908,0.43327332,0.4548278,0.47310853,0.4907186,4
0.7898575406221663,281.64802018051995,281.3265660434321,2.0,2.0,0.0651214122772216,0.0976104736328125,0.1249098777770996,0.1409156322479248,0.1629364490509033,0.1829175949096679,0.2028698921203613,0.223137617111206,11
0.79852902,233.30274423,211.4389964,2.6,2.1,0.11522865,0.18066955,0.24214816,0.2991314,0.35499978,0.4087324,0.46000051,0.5084655,3
0.66395533,179.12013088,263.93640352,2.9,2.9,0.21907067,0.33431053,0.44445348,0.54190373,0.62942815,0.7094712,0.7822974,0.84954596,17
0.99943173,94.43015624,329.79213306,2.3,2.6,0.14955425,0.21990061,0.29086947,0.35299397,0.40932417,0.4615183,0.50897646,0.5524304,4
0.7812370825439624,4.838947388236273,0.1055588015160033,2.4707486573385067,2.843295679308385,1.086216926574707,3.274191379547119,5.0114288330078125,5.906583309173584,6.335586071014404,6.607619762420654,6.814511775970459,6.965150356292725,5
0.60714527,170.64047953,306.84997105,2.8,2.4,0.19193363,0.2806797,0.36369586,0.43695235,0.5025835,0.5622301,0.6165135,0.66606903,4
0.88374736,208.93432953,102.61673744,2.2,2.8,0.14042282,0.23027039,0.31697035,0.39882326,0.4776435,0.5527277,0.6241584,0.69179463,16
0.55558318,77.20823669,122.54202271,2.782269,2.57434273,0.4748354,1.12025666,1.54341888,1.76645327,1.90956259,2.01826859,2.1032052,2.17784452,20
0.63272503,197.90812429,269.10261157,2.6,2.7,0.17640352,0.25251174,0.32843423,0.39750123,0.46007395,0.5170288,0.5698261,0.6189523,4
0.7811325089202015,1.3218060231131243,0.0069296066125789,2.1487889008926544,2.563591014533271,1.1794166564941406,3.7494070529937744,6.145195007324219,7.583747863769531,8.224380493164062,8.492147445678711,8.658585548400879,8.78317928314209,12
0.3995179793107872,57.9281548083909,0.0041124871571543,2.5086192323056213,2.158220343026521,0.7247612476348877,1.987494945526123,2.7833027839660645,3.13554048538208,3.29793643951416,3.406929016113281,3.489811420440674,3.556649208068848,22
0.8521723935744971,5.572948530252579,0.005087449975488,2.417492489334141,2.6173294795228843,0.989490270614624,2.8415091037750244,4.142768859863281,4.796699523925781,5.15119743347168,5.399827003479004,5.591170310974121,5.738866806030273,5
0.58886261,164.67339661,168.41935766,2.8,2.4,0.25676513,0.4486916,0.60584784,0.7410214,0.85848,0.96154594,1.0518327,1.1328728,17
0.44015175,52.81306632,362.63532148,2.7,2.0,0.36822605,0.787446,1.0077307,1.0520406,1.0673697,1.0805371,1.0918157,1.1016235,21
0.51760341,250.53792436,210.00854193,2.0,2.81313517,0.16383314,0.24273443,0.32169008,0.39274454,0.45763302,0.51749516,0.57337022,0.62581348,3
0.8936522596212343,0.83590222986419,0.0347395441702519,2.2416605423645275,2.7618470205431667,1.2017698287963867,3.82043981552124,6.25961446762085,7.7293524742126465,8.423357009887695,8.769468307495117,9.004877090454102,9.193527221679688,12
0.46482784,15.01353264,42.97737885,2.47651029,2.81056333,1.01868224,3.05474997,4.75753736,5.64997339,5.89976835,5.96946573,6.00034094,6.01540327,7
0.94960546,18.8600769,1.15141201,2.50056243,2.85739541,0.67534685,1.73769569,2.43137741,2.83918905,3.11407661,3.32738876,3.50300789,3.65280056,18
0.4175018554833294,6.4697266490181935,0.8329493153501639,2.220728382616712,2.457350109986294,1.1556143760681152,3.722917079925537,6.314995288848877,8.094789505004883,8.851850509643555,8.9462890625,8.958108901977539,8.97403335571289,13
0.9993,299.700001,0.400999,2.005,2.005,0.08243465,0.14664173,0.20585299,0.25985026,0.3148191,0.36778808,0.42000532,0.4717083,2
0.3771522,59.11985397,340.40161133,2.51367593,2.21658564,0.34658647,0.65411472,0.76173735,0.77692461,0.788903,0.80020285,0.81058645,0.81945372,21
0.70991445,235.12728658,139.30566248,2.7,2.5,0.17202616,0.27177906,0.37031507,0.46484518,0.5515554,0.6326797,0.70874333,0.7799816,17
0.65141232,217.09621282,229.0110261,2.6,2.9,0.17660046,0.25726938,0.3399608,0.4163468,0.48613477,0.5498369,0.60906434,0.6644981,3
0.63756609,294.58822632,383.52554321,2.1763196,2.58079481,0.08551621,0.11523438,0.13970709,0.15326309,0.17100906,0.18811345,0.20436478,0.21991181,11
0.4176883845208713,4.7801954452315725,0.024731317314473,2.9638030899318686,2.278397069487609,1.1935267448425293,3.799755573272705,6.4687910079956055,8.380080223083496,9.244958877563477,9.342519760131836,9.361591339111328,9.40101718902588,12
0.85298593,119.22370137,222.27257309,2.5,2.8,0.20687962,0.3418901,0.46868134,0.5817363,0.68318796,0.77527833,0.8590121,0.93548703,17
0.52923923,226.8270249,65.49052757,2.1,2.6,0.19210386,0.30886722,0.41741538,0.5142071,0.6010356,0.6801419,0.7528348,0.81933165,16
0.95098937,8.9554179,142.56965875,2.5890254,2.20524352,0.59318113,1.50093389,2.05834079,2.31608129,2.43887258,2.50883651,2.55762696,2.59610152,0
0.34446213,133.90138245,223.62770081,2.42508411,2.00237083,0.27449965,0.45044351,0.53887177,0.60033512,0.64845562,0.68957686,0.72393775,0.75320458,21
0.9937235803898958,0.7627562221908039,0.6142790295897232,2.066790248986404,2.2635796787413867,1.1204912662506104,3.3602240085601807,5.089962959289551,6.038818359375,6.533907890319824,6.870535850524902,7.133151054382324,7.334720611572266,5
0.63688729,197.94357663,183.44082397,2.6,2.3,0.18046594,0.28313804,0.38315415,0.47288203,0.55423474,0.6290283,0.697721,0.7612045,17
0.68071198,65.43195343,400.0,2.0,2.0,0.15684652,0.18816662,0.21404243,0.23550582,0.2554369,0.27314568,0.28808928,0.30066037,11
1.0,265.69121337982006,395.4359928198829,2.0,2.2,0.0577096939086914,0.0875825881958007,0.115060806274414,0.1191246509552002,0.1318845748901367,0.1460175514221191,0.1615340709686279,0.1746466159820556,11
0.867641525189733,148.8506300847857,0.0521897102595832,2.367376631325424,2.153250990590325,0.1919026374816894,0.3450181484222412,0.4918756484985351,0.6286032199859619,0.7548754215240479,0.8718130588531494,0.9794518947601318,1.0792405605316162,15
0.7558146966101275,16.54963086594453,0.0082594842084372,2.9202175099931416,2.5157687013530734,0.8375387191772461,2.3057069778442383,3.282101631164551,3.798222064971924,4.111850738525391,4.330565929412842,4.495319366455078,4.638058662414551,22
0.42453852,288.63398666,314.80296843,2.0,2.4,0.09238386,0.11345863,0.12811685,0.12956715,0.1417768,0.15228438,0.16131258,0.16948032,11
0.3233584116414475,7.709250562012432,0.0160428412593454,2.461291139217007,2.007940294176392,1.1213252544403076,3.5402655601501465,5.940588474273682,7.631398677825928,8.34090805053711,8.406293869018555,8.418344497680664,8.433521270751953,12
0.9589347244060592,0.8203486975420408,0.0160399968497819,2.3609538771447043,2.168414406737843,1.128182888031006,3.3486547470092773,5.069365501403809,6.025057792663574,6.54599666595459,6.934273719787598,7.254329681396484,7.497769355773926,5
0.5017277817210641,298.64866849828223,0.0217089495324322,2.5887323475770003,2.5564729253401346,0.2172918319702148,0.3591070175170898,0.4923346042633056,0.6111104488372803,0.7189621925354004,0.8180103302001953,0.908778190612793,0.991590976715088,15
0.66476071,8.53973389,28.87341309,2.58035111,2.10880303,0.93030834,2.548805,3.60746169,4.10579872,4.36434364,4.51136208,4.60983658,4.66361523,23
0.78088208,24.03499345,147.42976179,2.24643449,2.7949608,0.56609058,1.46836019,2.04779983,2.31289506,2.4477222,2.53973222,2.61178517,2.67037559,20
0.87470973,122.97756195,50.82094193,2.16450047,2.53629327,0.22071743,0.4038527,0.57558155,0.73147655,0.87274122,1.00136423,1.11801076,1.2247901,16
0.52979952,10.43674755,3.14898086,2.17756128,2.31844139,1.06094909,3.10691047,4.65631199,5.40622807,5.66837406,5.78835392,5.86149883,5.91025448,6
0.64111857,185.8118522,138.65948863,2.27647029,2.83591793,0.22221375,0.37783742,0.51979971,0.64635491,0.7597754,0.86274457,0.95600557,1.040452,17
0.6056549818775856,25.624188838293147,117.22363780874112,2.776047139834533,2.80313453165244,0.70945143699646,2.023275852203369,2.9423651695251465,3.35300350189209,3.5165233612060547,3.5983948707580566,3.6531243324279785,3.698754787445069,23
0.7427243,20.11542345,290.8461027,2.4,2.0,0.41368794,0.9424834,1.2338657,1.310075,1.3279977,1.3400688,1.3496692,1.3574064,21
0.3,300.0,270.79534623,2.0,2.0,0.1013937,0.11825109,0.12924242,0.13572478,0.14583945,0.15488887,0.16266608,0.17155552,11
0.70511436,6.31830978,16.17298317,2.22580934,2.4426384,1.02362823,2.96311665,4.3662653,5.04438114,5.31988525,5.45511866,5.5513463,5.61203051,6
0.36062717,36.4015542,178.29670776,2.1,2.1,0.5611057,1.4467633,1.9270384,1.9794681,1.9808958,1.9823673,1.9839408,1.9855316,0
0.60171567,104.11062103,82.75987353,2.2,2.3,0.3284545,0.65405846,0.8915622,1.0702574,1.210552,1.3242116,1.4199848,1.5041406,10
0.45148522,53.89413468,399.73206776,2.2,2.8,0.29387665,0.46510983,0.5015247,0.5166323,0.5291252,0.53934574,0.54879785,0.5571699,21
0.57915135,22.27508823,112.11173891,2.5,2.4,0.721545,2.0057065,2.85941,3.1886275,3.2855117,3.322302,3.3495433,3.3738954,23
0.81211173,38.89297654,332.40018829,2.64795277,2.6724062,0.33943176,0.6689682,0.88144755,1.01778173,1.11086273,1.17839575,1.23131776,1.27277303,21
0.4511017,239.60137386,232.50312395,2.87677612,2.34290989,0.18172669,0.24523258,0.30795169,0.36010098,0.40908265,0.45308256,0.49398613,0.53189445,3
0.67960274,133.50079346,2.83533049,2.66249728,2.1709156,0.28128028,0.53963137,0.75682354,0.9421761,1.10012579,1.23647738,1.35473204,1.45960808,8
0.3646805252885359,2.6384774074373696,3.15227654311731,2.144615423285901,2.954550270825025,1.234161376953125,4.174098968505859,7.664953231811523,10.724013328552246,12.595890998840332,12.70289707183838,12.708251953125,12.712957382202148,14
0.8730771545762674,292.334982410396,281.61724959109887,2.45469809,2.23449016,0.0838356018066406,0.1263236999511718,0.157421588897705,0.1799318790435791,0.2063188552856445,0.235539436340332,0.2637178897857666,0.2902882099151611,11
0.84095663,33.78401184,266.26751709,2.09773588,2.53632021,0.34511375,0.71042204,0.95641017,1.11196303,1.21912646,1.29732275,1.35499859,1.40311074,10
0.7643445583121584,1.7668524170608495,0.0041350866280649,2.9072046717069897,2.223519608765811,1.15877103805542,3.506274700164795,5.485742092132568,6.600842952728272,7.135972499847412,7.498303890228271,7.830158710479736,8.13043212890625,5
0.56076641,102.61275266,131.57631855,2.5790299,2.53465107,0.37934995,0.79910827,1.08525348,1.27578139,1.41586471,1.52990794,1.62182736,1.69834924,10
0.8251421286699051,1.072283380330488,0.008844821966477,2.0918360008848254,2.347970112146548,1.1537716388702393,3.606752634048462,5.764337539672852,7.021774291992188,7.590764999389648,7.871581077575684,8.064279556274414,8.197405815124512,5
0.3,17.689422159538168,10.60780750259062,2.14267993,2.5185442,1.0644094944000244,3.37487530708313,5.585437774658203,6.995017051696777,7.441067695617676,7.466366767883301,7.474672317504883,7.481588363647461,6
0.4304253507910064,7.89781166401939,30.09841188957333,2.0049758,2.52660871,1.038541555404663,3.2817206382751465,5.395511627197266,6.687648296356201,7.076237201690674,7.095424175262451,7.101354122161865,7.105709552764893,7
0.4445150448986278,14.149347504076212,1.116535131783719,2.1840718358262943,2.495342680208335,1.0486667156219482,3.2140979766845703,5.041893005371094,6.004429340362549,6.305893421173096,6.409938335418701,6.469324588775635,6.519204616546631,5
0.75856486,277.00723038,315.15293945,2.2,2.8,0.101439,0.13054967,0.15939474,0.17769098,0.19895339,0.22376704,0.24554324,0.26694274,11
0.50543475,189.4533844,306.56719971,2.39185667,2.27053452,0.15513039,0.19778967,0.24336052,0.28182173,0.31644917,0.34870839,0.37868023,0.40602374,4
0.88149996,99.38706906,233.11920979,2.9,2.5,0.24210048,0.42318988,0.5862534,0.7301662,0.8577182,0.97162986,1.0732052,1.1639342,17
0.62533694,140.32318421,400.0,2.0,2.0,0.09734368,0.11778069,0.13103747,0.13965702,0.15167308,0.16188622,0.1709888,0.17987323,11
0.51482898,205.36883861,327.21589553,2.3,2.9,0.15079331,0.18686962,0.2255125,0.25428557,0.2840352,0.31062365,0.33471274,0.35853267,4
0.6679918193677666,2.8716122592613016,0.0057716877888546,2.577737322394613,2.2018748070748515,1.137356519699097,3.4594666957855225,5.440736770629883,6.552987098693848,7.037287712097168,7.304277420043945,7.528372764587402,7.694396018981934,5
0.4391994635596346,75.06081217892671,0.0036037773040865,2.283431426266942,2.587690060855884,0.6651074886322021,1.8411500453948968,2.586442708969116,2.907636880874634,3.063002824783325,3.1735951900482178,3.2666475772857666,3.345967531204224,22
0.75409305,50.73986435,32.8463974,2.08623791,2.06177211,0.41910434,0.92062235,1.26163173,1.49071884,1.66408372,1.80357909,1.91653037,2.01213622,19
0.3182081,273.06817627,30.87329674,2.16871524,2.39495659,0.28302622,0.50314498,0.65524316,0.77480435,0.873281,0.95756316,1.02931905,1.09317374,9
0.83696388,143.47549806,375.99921094,2.5,2.4,0.13458085,0.18320894,0.23371124,0.27923322,0.32147455,0.36080694,0.39675808,0.43054676,4
0.82292528,23.16367666,142.34844985,2.2,2.8,0.50159335,1.1974249,1.6422963,1.8727083,2.013163,2.1091905,2.185347,2.2505512,20
0.61350827,120.68916501,157.52678319,2.3,2.7,0.2728474,0.49223876,0.6606374,0.7992065,0.91474605,1.0125542,1.0952477,1.1684535,10
0.32278403,171.30543452,187.75728643,2.17821562,2.53744936,0.32594657,0.62002945,0.78472733,0.88399148,0.95899224,1.01912618,1.06980944,1.11254048,21
0.58571986,45.53745317,363.1410846,2.34386379,2.66976312,0.35560513,0.71852493,0.91417933,0.98929977,1.0305078,1.06144786,1.08543873,1.10509419,21
0.6137324,89.40875037,127.23887142,2.2,2.3,0.3283534,0.6517601,0.8794029,1.0463343,1.1734483,1.2751629,1.3620164,1.434838,10
0.74354648,201.08153755,230.27160054,2.00364911,2.29021912,0.11262441,0.17076135,0.22592998,0.27603507,0.32514024,0.37122345,0.41424656,0.45521879,3
0.58826652,58.15717405,14.14896538,2.7094092,2.56994444,0.6183846,1.63037229,2.28272557,2.6169765,2.82317424,2.97445703,3.10069871,3.20662904,18
0.39068256,91.76758564,158.17511371,2.0,2.6,0.39689374,0.8516393,1.0972648,1.195219,1.2567208,1.3068638,1.3470635,1.3827639,21
0.7836129753933637,1.9691440721605435,21.95572466992159,2.68811059,2.1955061,1.071882724761963,3.1947920322418213,4.894359588623047,5.790678977966309,6.190754890441895,6.450789451599121,6.648506164550781,6.781369209289551,7
0.36543379,137.21715225,334.88349857,2.2,2.1,0.20560217,0.2639587,0.3009889,0.33270168,0.3596828,0.38406205,0.40522385,0.42440128,4
0.50097908,105.41511952,19.41190505,2.1,2.4,0.42136025,0.9348893,1.2599952,1.4552972,1.5980005,1.7149498,1.8077796,1.8882926,19
0.9497508,111.65177339,184.62226818,2.7,2.3,0.19682217,0.3402803,0.47819495,0.6041794,0.71864414,0.8239474,0.920485,1.009032,17
0.31264439,247.02922316,358.8327238,2.9,2.5,0.21590877,0.27236223,0.3104267,0.3446493,0.37448025,0.40208673,0.42756295,0.4512658,4
0.4511537233225344,49.16076977596987,15.104657467408057,2.947730296683318,2.264621265542276,0.7374663352966309,2.039013385772705,2.8922457695007324,3.2943830490112305,3.4947972297668457,3.6264705657958975,3.721001148223877,3.7931718826293945,22
0.962366728519464,0.8515749342456123,89.40998233977655,2.9556020003555017,2.4748428702642435,0.9593334197998048,2.8780741691589355,4.440105438232422,5.2306013107299805,5.500011444091797,5.621561050415039,5.679007530212402,5.6905622482299805,7
0.99874777,175.54219849,333.25578458,2.1,2.5,0.09171128,0.131989,0.16304708,0.18855882,0.21824217,0.2467084,0.27426028,0.2993033,11
0.63683353,124.11514593,295.09972285,2.37306923,2.44778265,0.20839047,0.31819081,0.41197491,0.49086595,0.56023383,0.62146401,0.67560482,0.72457504,17
0.5180985908036968,0.8916820414468504,0.927978718853738,2.543840545572848,2.422208677993486,1.2420248985290527,4.104222774505615,7.343351364135742,10.098008155822754,11.691959381103516,11.756603240966797,11.764869689941406,11.77187728881836,13
0.89413119,218.32767688,143.41024828,2.40108943,2.3440082,0.12529659,0.20343447,0.27656889,0.34610891,0.41308093,0.47857213,0.54029989,0.59916043,2
0.89887738,263.44137573,370.38375854,2.36487722,2.35948205,0.07735991,0.11421156,0.14257574,0.15555453,0.174052,0.1946497,0.21545911,0.23373246,11
0.30744201,163.44818626,16.09370434,2.88246362,2.97658952,0.59862494,1.59756994,2.28841496,2.57282162,2.69367409,2.77768278,2.85013866,2.91433382,22
0.5054893790062205,27.50243686630829,0.0086235523295272,2.0247158880510567,2.196135701195729,0.8240659236907959,2.319676399230957,3.282554626464844,3.690001964569092,3.862026691436768,3.979642391204834,4.061142444610596,4.120828151702881,22
0.3,15.708323549513889,27.26401045213009,2.56599045,2.01402553,0.978325366973877,2.959498167037964,4.641934394836426,5.546969413757324,5.766317367553711,5.816715240478516,5.846622467041016,5.862452507019043,7
0.48399075,201.06554466,369.78563108,2.2,2.3,0.11990666,0.14110303,0.16263056,0.17552948,0.19019794,0.20402646,0.21786427,0.23081136,11
0.45038229,176.29623413,46.65647888,2.06729078,2.45443153,0.32178354,0.63299489,0.85376525,1.01971126,1.1494863,1.25780892,1.34717822,1.42535496,9
0.846651196810545,3.7030046240214216,3.547990744272412,2.60676694,2.54796958,1.0594778060913086,3.0939037799835205,4.59085750579834,5.357794761657715,5.7726240158081055,6.081064224243164,6.315291404724121,6.485060691833496,6
0.31932384,257.36927346,100.41162988,2.7,2.8,0.33114576,0.61536956,0.7933135,0.9242797,1.0290344,1.1160505,1.1904867,1.254796,10
1.0,223.99160933093745,380.2699029564519,2.2,2.1,0.067601203918457,0.098560094833374,0.1231873035430908,0.131507396697998,0.1490595340728759,0.1661939620971679,0.1827151775360107,0.1977221965789795,11
0.4310312840917459,6.125279807277818,0.0293524666004244,2.833143187718869,2.6110920497983416,1.2115685939788818,3.8750736713409424,6.609704971313477,8.513789176940918,9.345751762390137,9.473978996276855,9.505871772766112,9.568623542785645,12
0.36028162,27.55644043,194.10520454,2.4,2.8,0.66792965,1.8319898,2.630577,2.8608384,2.868216,2.868312,2.8684278,2.868465,1
0.3077541,55.09154076,271.48418203,2.12257356,2.42479483,0.4663291,1.13395333,1.49219155,1.5151782,1.51556349,1.51633143,1.51654792,1.51683831,1
0.3435527348858205,16.847159927929997,0.0082027051424203,2.1677351733530204,2.844284097030023,1.1038570404052734,3.553332090377808,5.975358963012695,7.544216156005859,8.123011589050293,8.191292762756348,8.210068702697754,8.226031303405762,12
0.85932928,145.74136867,42.70003963,2.9,2.6,0.251822,0.45623398,0.6496017,0.8265884,0.98728514,1.1340802,1.2674227,1.3892243,9
0.34866717,298.31463623,296.93215942,2.07352448,2.04594469,0.09178352,0.1108067,0.12220788,0.1260736,0.13581109,0.14415312,0.15124154,0.15956712,11
0.9518302837514094,2.254081982075078,0.4860628438372428,2.879476504475448,2.3678010775548097,1.0677731037139893,3.027590274810791,4.401707172393799,5.143913745880127,5.627895832061768,6.025073528289795,6.338971614837647,6.567651271820068,5
0.7860076506707349,37.58421998373512,0.3482305280998469,2.569802136960982,2.6455250027896264,0.60162353515625,1.5241057872772217,2.1313960552215576,2.489254713058472,2.734530210494995,2.9249022006988525,3.0814855098724365,3.218475580215454,18
0.62959374,67.3860917,347.9575004,2.9,2.2,0.31016254,0.59010625,0.7669339,0.88410974,0.9687865,1.0354662,1.0883965,1.1335614,10
0.9108997389094154,1.124015231784115,19.16668100204858,2.560781,2.24488544,1.0913100242614746,3.261934518814087,4.966451644897461,5.884601593017578,6.330441474914551,6.629304885864258,6.863133430480957,7.024888038635254,6
0.8494146790156067,83.88460855499895,0.0045920484296418,2.9782028410125294,2.086259648464641,0.3085324764251709,0.6258735656738281,0.8960409164428711,1.1224045753479004,1.312819004058838,1.4755654335021973,1.6165399551391602,1.741257667541504,8
0.91288329,106.04618755,342.5394931,2.2,2.8,0.14559245,0.20366836,0.2638259,0.31510448,0.3617928,0.4051621,0.44432545,0.4803424,4
0.81749825,102.68696358,400.0,2.0,2.84728245,0.1603322,0.23159623,0.30287147,0.36487746,0.42008018,0.4705658,0.51633191,0.55848289,4
0.53797948,74.78644494,257.10040969,2.00882215,2.95367249,0.37639666,0.83883262,1.13574409,1.28899336,1.38415956,1.45454502,1.51133013,1.55940056,20
0.31368795,19.98762512,26.57278824,2.15717959,2.22563434,1.00104666,2.94369626,4.50370693,5.24507332,5.37515259,5.41357613,5.42835045,5.43934631,7
0.5772993855413067,20.49308172401912,2.052394754548553,2.573550405007937,2.533785243562892,0.9127578735351562,2.630739450454712,3.849087476730346,4.42661190032959,4.704715728759766,4.876919746398926,5.000507354736328,5.090360641479492,22
0.5521671175479164,1.0770938809857338,0.0138990508656959,2.407961149925815,2.922680640519581,1.273118495941162,4.2751569747924805,7.768583297729492,10.715922355651855,12.458003997802734,12.572071075439451,12.579068183898926,12.584903717041016,12
0.3596639,8.1993618,20.5504303,2.782372,2.112077,1.11432672,3.30374241,5.26962185,6.35041237,6.67555237,6.80277348,6.87801743,6.91167545,7
0.722569282763133,16.70757775968165,0.0127526276888246,2.345641357470524,2.45335477997443,0.8288187980651855,2.29670524597168,3.2438364028930664,3.710890293121338,3.9713058471679688,4.145991325378418,4.285456657409668,4.3913655281066895,22
0.408660938699827,1.1594659757015662,6.863121343152772,2.4076826099245587,2.986165445805665,1.265390396118164,4.275130271911621,7.876149177551269,11.109049797058104,13.305049896240234,13.37985897064209,13.3840913772583,13.387879371643066,14
0.30145448,293.51623535,92.12659454,2.09246874,2.18583202,0.20783401,0.30572891,0.38587642,0.45365071,0.51390386,0.56680489,0.61511207,0.65947962,16
0.4101342617535258,6.804151269612857,5.916454613960475,2.89112234,2.149266,1.122267246246338,3.498329162597656,5.75293493270874,7.203643321990967,7.742969989776611,7.8726325035095215,7.961063861846924,8.04286003112793,6
0.82853385,136.69959457,74.40796317,2.32215831,2.75235295,0.23857713,0.43251801,0.61276984,0.77567196,0.92227793,1.05495596,1.17538857,1.28392053,10
0.5369007536558115,283.9102924257253,0.0307925690784514,2.6313981400943405,2.982138053617697,0.2545144557952881,0.4388091564178467,0.6067004203796387,0.757500410079956,0.8929519653320312,1.0164823532104492,1.1282973289489746,1.23081374168396,15
0.60650468,167.7252624,179.64010351,2.8,2.5,0.24917436,0.42578316,0.5744188,0.70378304,0.8169296,0.91702247,1.0060589,1.086453,17
0.3,300.0,107.49075058,2.0,2.0,0.16445017,0.22247267,0.27740312,0.32487178,0.36757231,0.40594983,0.44162774,0.47453094,2
0.8605184125559766,8.04214833692452,0.0668066882662104,2.2922047245133936,2.8536354107770907,0.9201793670654296,2.6569664478302,3.8606011867523193,4.458989143371582,4.777105331420898,4.994768142700195,5.157252311706543,5.288688659667969,5
0.99711917,239.6472361,393.21263861,2.7,2.1,0.07909107,0.11915445,0.14919114,0.17365813,0.20156169,0.22833014,0.254189,0.2787764,11
0.5623704943742426,2.224689467022421,0.0032900613980255,2.8003743645740613,2.058886362740312,1.1691021919250488,3.6764440536499023,6.116485595703125,7.78531551361084,8.513277053833008,8.687522888183594,8.753640174865723,8.865509986877441,12
0.89372686,69.38962838,4.15209926,2.1,2.4,0.30896926,0.6222606,0.8846834,1.1044159,1.2880974,1.44386,1.5781679,1.6955678,8
0.7846014744365541,257.64702682755893,0.6038537428201974,2.851638223189715,2.7669178518073005,0.1949784755706787,0.3236227035522461,0.4521064758300781,0.5792784690856934,0.6958534717559814,0.8062200546264648,0.910651445388794,1.0091767311096191,15
0.3760548867379588,86.12477858595774,0.003827796331223,2.0227299672629253,2.6125893362612675,0.6598246097564697,1.85802698135376,2.6081185340881348,2.8970189094543457,3.020305633544922,3.108266830444336,3.1818346977233887,3.2462873458862305,22
0.7016616,17.10258975,7.51140477,2.65528101,2.82408563,0.88804674,2.5662775,3.75032759,4.34384203,4.64339495,4.84065866,4.98843813,5.10042667,6
1.0,174.55866006,71.80151808,2.0,2.0,0.11151981,0.19645834,0.27580476,0.35229373,0.42580724,0.49567699,0.56309128,0.62677717,2
0.3114479155509415,1.4307986909071209,4.0964071868739245,2.794064262441575,2.254370727018178,1.2300539016723633,4.054135799407959,7.262724876403809,10.100686073303224,11.83028507232666,11.877429008483888,11.883197784423828,11.888280868530272,14
0.40353359,262.41205212,329.19455772,2.6,2.5,0.16026592,0.19173002,0.22582722,0.2560916,0.28496313,0.309901,0.3333416,0.3562131,4
0.9700820757853816,5.2831707605801945,3.8786049938172695,2.859261509676516,2.4421320481512976,0.9161813259124756,2.504657030105591,3.5611345767974854,4.147049903869629,4.528498649597168,4.802935600280762,5.019124984741211,5.196896553039551,6
0.52453429,19.43610764,3.40490556,2.9297297,2.66079378,1.02994514,2.98105574,4.46557951,5.21014547,5.53515768,5.71996832,5.85165834,5.92544508,6
0.4137109436030588,63.81648939147099,377.75148653490817,2.01038741,2.51921068,0.316317081451416,0.6082122325897217,0.7377214431762695,0.7802748680114746,0.8088693618774414,0.8324744701385498,0.8521561622619629,0.8686883449554443,21
0.98906803,240.09706116,314.55194092,2.19956565,2.44279838,0.08610916,0.13287354,0.17127156,0.20220017,0.23519301,0.2690742,0.30166173,0.33351374,11
0.99472553,277.91879272,5.16909838,2.40579963,2.19555473,0.11007524,0.19193673,0.26343679,0.33145356,0.40186167,0.47191906,0.53805256,0.60284185,2
0.67694291,81.92763667,376.4237587,2.70348454,2.90518047,0.2823987,0.48129296,0.6107738,0.71397901,0.79795575,0.8674109,0.92605996,0.97510028,17
0.5625970888693322,19.1883574197614,0.1017495159060889,2.8905536963968066,2.982010804790194,1.0090231895446775,3.032238006591797,4.642611503601074,5.464270114898682,5.82549524307251,6.038607120513916,6.200470447540283,6.3056511878967285,5
0.74406386,65.98376056,154.87426995,2.4,2.8,0.35769463,0.73657346,1.0133729,1.214937,1.368617,1.4916697,1.5927224,1.6756306,10
0.38147093,69.48054025,139.93220158,2.6,2.9,0.6048715,1.6091433,2.2743673,2.501511,2.5638375,2.6010666,2.633974,2.6645508,0
0.54450159,23.09434814,13.81891245,2.1,2.4,0.83193254,2.2370875,3.117458,3.5167358,3.7048256,3.8196576,3.9004958,3.9584434,22
0.53057378,127.01358701,263.52320679,2.2,2.9,0.23443699,0.3639891,0.45644093,0.5327232,0.5973692,0.65291214,0.7020905,0.7450032,17
0.60583152,253.24543818,197.11821848,2.5,2.1,0.13331294,0.19736457,0.2609043,0.3183043,0.37314844,0.42479014,0.47335243,0.5188935,3
0.5560616051743054,1.9858637899273903,0.0068484324683656,2.714510335675244,2.825030018877582,1.2711241245269775,4.17518424987793,7.354842185974121,9.747732162475586,11.00425148010254,11.206414222717283,11.21791934967041,11.227441787719728,12
0.4745230789378344,4.146178818280664,0.4947519629974142,2.947283292095815,2.9471064901944906,1.270152568817139,4.147218704223633,7.244093894958496,9.54945468902588,10.665067672729492,10.866898536682127,10.877103805541992,10.889443397521973,13
0.98943392,74.50123933,277.29204827,2.6,2.9,0.22935104,0.39027357,0.53366876,0.659153,0.76959014,0.86731744,0.9539232,1.0308545,17
0.68450473,38.25006566,27.8069133,2.71291534,2.80526082,0.66659069,1.79746509,2.54172158,2.92632413,3.15502524,3.32524467,3.45846486,3.57405496,23
0.58080041,2.79006743,10.2285614,2.08333755,2.68578482,1.1961596,3.7405684,6.26818752,7.91824627,8.58835506,8.73995113,8.78844357,8.82044601,14
0.30270268,176.68457363,249.1639208,2.01393382,2.93013824,0.31373072,0.60266185,0.76181722,0.8522234,0.91854882,0.97517872,1.02116966,1.06140208,21
0.58911133,226.0718689,189.36160278,2.31465912,2.91988993,0.19504857,0.3043282,0.40930128,0.50403881,0.59001255,0.66904926,0.74203753,0.80974364,17
0.8067277,11.85784226,226.15302391,2.2,2.6,0.5191796,1.2844226,1.7293723,1.8606637,1.8761318,1.8786085,1.8816688,1.8843887,1
0.4936667009018179,10.563603755333006,0.1685429746976156,2.6174220221904747,2.015638414394642,1.0219991207122805,2.993427991867065,4.500313758850098,5.242985725402832,5.565789222717285,5.779068946838379,5.933004379272461,6.042226791381836,5
0.66075509,84.9295553,191.66458003,2.1,2.0,0.24637604,0.43648744,0.5805774,0.6956408,0.78855395,0.8668754,0.93266106,0.99008536,17
0.3258204314591996,15.182757792273051,60.47321057511199,2.8058939,2.2742703,0.9403030872344972,2.847611427307129,4.461641788482666,5.282642364501953,5.453299522399902,5.511573791503906,5.540628433227539,5.550409317016602,7
0.89066782,190.24714873,136.39239268,2.1,2.6,0.12903666,0.2083211,0.28250885,0.35403728,0.4234817,0.48906803,0.55019593,0.60907865,2
0.5711169777251792,2.249814488779584,0.0040504592637549,2.99294344097354,2.384152218259354,1.2253999710083008,3.9142889976501465,6.647182464599609,8.55572509765625,9.442593574523926,9.618327140808104,9.669368743896484,9.778387069702148,12
0.9817774879444428,1.5229740304650237,0.0046273732851701,2.3946331110440697,2.038951092558216,1.0351693630218506,2.878430128097534,4.119969367980957,4.794499397277832,5.247019767761231,5.596941947937012,5.853367805480957,6.056065559387207,5
0.69376372,205.74270945,354.36146411,2.2,2.7,0.11143184,0.14487624,0.176126,0.19832897,0.21997452,0.24243188,0.26378536,0.2836125,11
0.99992349,133.55378065,9.11977743,2.8,2.7,0.23536086,0.4261582,0.61107755,0.78467727,0.944206,1.0919826,1.2279551,1.3535936,9
0.9782315734778004,13.130750960854204,0.0682870695390754,2.41150651408364,2.153676315368161,0.64760422706604,1.6000263690948486,2.207364320755005,2.575904130935669,2.831278085708618,3.0297772884368896,3.1915929317474365,3.3283956050872803,18
0.66534476,52.52204885,300.22092775,2.57643322,2.06106589,0.27771878,0.47995329,0.59685111,0.6768198,0.73447132,0.77977252,0.81449986,0.84206605,21
0.62296954,155.19830773,85.25272495,2.9,2.2,0.2864895,0.5437181,0.75495553,0.93456817,1.087748,1.2198815,1.3353772,1.4372265,10
0.88855303,257.84693677,97.70021371,2.6,2.9,0.16319084,0.2368474,0.3190992,0.40939236,0.49308372,0.57050514,0.6452718,0.7169113,16
0.3015406,244.10266156,153.18315513,2.69060596,2.49307636,0.28757882,0.48217177,0.59592271,0.68539548,0.75923181,0.82140303,0.8757937,0.92368102,17
0.95849523,298.95004202,68.17213283,2.07402478,2.25275651,0.0897913,0.15631056,0.21538353,0.2656424,0.318928,0.37232113,0.42428637,0.47488022,2
0.7594747,88.26720789,288.74439482,2.9,2.4,0.26676702,0.4753232,0.638046,0.77485085,0.8902371,0.98874116,1.0736651,1.1467669,10
0.95463766,173.65077482,276.65128552,2.8,2.2,0.12813258,0.20103693,0.26939344,0.33643913,0.4009173,0.4612944,0.51832294,0.57241106,4
0.4452310236250337,166.0407340038474,383.7240345805346,2.1371169,2.81988312,0.2008013725280761,0.2755391597747803,0.3326077461242676,0.3813602924346924,0.4250483512878418,0.4651241302490234,0.5008702278137207,0.533836841583252,4
0.87335627,60.48736025,118.2653124,2.4,2.3,0.31781363,0.63553476,0.88879347,1.0934289,1.2597101,1.3970308,1.5132389,1.6128898,10
0.99953317,271.75357919,138.00136101,2.3,2.4,0.09808063,0.16338086,0.21809363,0.26690173,0.3193779,0.371943,0.423038,0.4717126,2
0.3,231.368018162643,373.495361002812,2.3382366,2.10021995,0.1269145011901855,0.1368246078491211,0.1465559005737304,0.1481776237487793,0.1545760631561279,0.1595544815063476,0.165179967880249,0.1695165634155273,11
0.84848249,26.71810722,24.1418438,2.08371353,2.34300303,0.55632615,1.34447312,1.83576465,2.12818837,2.32945895,2.48426843,2.61215329,2.72545457,19
0.99213073,259.5976713,139.7912067,2.72764203,2.11066037,0.10020947,0.16329288,0.21440649,0.26242232,0.31380105,0.36529303,0.41401577,0.46059895,2
0.9529863710348468,1.8809017939639745,215.9454953610325,2.390841666103067,2.5723914266554004,0.6941533088684082,2.004245042800904,2.9436514377593994,3.283182382583618,3.3083622455596924,3.309319257736206,3.3094637393951416,3.3095052242279053,23
0.49900787,164.87228134,132.81195334,2.5,2.4,0.28889966,0.52726173,0.70325494,0.8450794,0.96295047,1.062346,1.1468222,1.220747,10
0.95084352,18.17981657,159.55214948,2.4,2.5,0.48835325,1.1577864,1.5967917,1.8437376,1.9941711,2.1017733,2.1854792,2.2533789,20
0.68458796,177.58507178,268.40949938,2.99086461,2.98209817,0.22208714,0.33721972,0.45011735,0.54977608,0.63945651,0.72176266,0.79714894,0.867028,17
0.3085327,95.17962121,200.75454041,2.49065451,2.27253341,0.44114804,1.01432776,1.31398511,1.37687254,1.40571117,1.43104076,1.45292377,1.47211766,1
0.30859621,174.8656282,68.27223487,2.97306993,2.37234158,0.4431653,1.01000381,1.35364008,1.51029205,1.60696507,1.68560123,1.75198603,1.81033897,20
0.3798450141608979,0.8891831650607143,0.1481753854562178,2.206308715713796,2.236265204096712,1.209155559539795,4.019866943359375,7.207821369171143,10.012676239013672,11.807470321655272,11.86362075805664,11.86993408203125,11.87521743774414,12
0.3,209.36850745,332.85018164,2.0,2.0,0.12706327,0.1392808,0.14829087,0.15456247,0.16294479,0.17077756,0.17723799,0.18424177,11
0.57775212,67.42656467,368.74817295,2.6,2.4,0.29539537,0.516793,0.6348412,0.7105677,0.76665235,0.8117578,0.8484037,0.8787577,21
0.3873236350691079,0.8686395671948169,0.0448525035067336,2.301891911826699,2.1357565913098004,1.2049803733825684,3.9886043071746826,7.135625839233398,9.889758110046388,11.527575492858888,11.562114715576172,11.569924354553224,11.576510429382324,12
0.63207025,27.16247958,214.39735991,2.6,2.2,0.5289655,1.3606911,1.8666301,2.0219731,2.0585208,2.080739,2.099783,2.1163292,1
0.71206817,288.07316121,321.06768192,2.8,2.6,0.1357925,0.16120434,0.19294024,0.23870826,0.2782836,0.3125081,0.34699202,0.37941575,4
0.83977731,149.13923759,209.70320214,2.33218314,2.74097946,0.18014741,0.29397845,0.40465999,0.50671744,0.59990335,0.68630528,0.76626253,0.84038854,17
0.72311152,55.25414879,3.32382432,2.0,2.3,0.4411657,0.9841685,1.3531942,1.5967686,1.7759769,1.9234312,2.0468366,2.152664,18
0.90197975,125.29076694,95.7401495,2.0,2.7,0.17956662,0.3096819,0.43496847,0.5503764,0.65551376,0.75283027,0.8419802,0.92409635,16
0.57050138,297.31327319,295.74696572,2.1,2.8,0.09437418,0.12498188,0.14753342,0.15953207,0.17529535,0.19403195,0.2121911,0.226928,11
0.91738769,109.26797197,149.77402728,2.7,2.4,0.22545505,0.40088534,0.5651355,0.7130704,0.84645176,0.9673574,1.0771904,1.1763921,17
0.7657276115274644,2.1596584105969248,81.9180400460574,2.896962817484984,2.9386162526501534,1.0295305252075195,3.196207523345948,5.166388034820557,6.316218852996826,6.702192783355713,6.802510738372803,6.85015344619751,6.864340305328369,7
0.76442643,44.53729299,170.80730718,2.0,2.9,0.35132837,0.7268648,0.9842248,1.1540055,1.2736464,1.3672018,1.4398837,1.499393,10
0.314361618712524,167.2387399415143,381.3458737816196,2.0,2.9,0.2388479709625244,0.3586180210113525,0.4147102832794189,0.4612007141113281,0.500896692276001,0.5364270210266113,0.5685722827911377,0.5967772006988525,4
0.9764661896262852,3.237268200794494,0.1015258888242671,2.2647874349096107,2.4982901733643152,0.9893186092376708,2.801974058151245,4.044841766357422,4.683255195617676,5.048844337463379,5.314504623413086,5.512465476989746,5.677792549133301,5
0.7547408433597317,2.767420993532969,12.25533213880581,2.68551588,2.59823728,1.1312708854675293,3.450465440750122,5.403780937194824,6.470830917358398,6.944759368896484,7.219639778137207,7.443075180053711,7.615962028503418,6
0.56529868,276.00598145,10.93437195,2.82771945,2.93165898,0.24888611,0.42165136,0.58246136,0.72713566,0.85763144,0.97730207,1.0863421,1.18618989,15
0.59394138,8.70426251,87.25600782,2.7,2.9,0.9585304,2.8091602,4.294467,5.0431905,5.2866597,5.377565,5.404779,5.410646,7
0.63453241,150.72639996,45.75909202,2.3,2.0,0.23945403,0.43618655,0.6059742,0.7518542,0.8793757,0.9915941,1.0904837,1.1783526,16
0.48484619,138.61027747,198.51690729,2.4,2.4,0.28229308,0.49939203,0.6473899,0.76219344,0.855443,0.9335315,1.00014,1.0569241,17
0.799952101738704,1.3827150917515116,1.0290529797473638,2.994794441014524,2.176401638681191,1.1544451713562012,3.479680061340332,5.433219909667969,6.532379150390625,7.089293479919434,7.471282958984375,7.823282241821289,8.148853302001953,5
0.56761742,211.81294334,213.01385451,2.1,2.3,0.13347864,0.18842936,0.24135923,0.2898419,0.335315,0.37740374,0.4162464,0.45252037,3
0.8159763039363763,4.628003193642568,0.0035168894209055,2.532903498056626,2.363051883961804,1.0221495628356934,2.9148197174072266,4.240721225738525,4.914978504180908,5.307757377624512,5.594477653503418,5.807721138000488,5.964897155761719,5
0.86216574,247.84450068,356.42018799,2.7,2.2,0.09670186,0.1381023,0.17108822,0.20369887,0.23814082,0.271127,0.30051994,0.3299117,11
0.80485237,109.61985779,13.17185211,2.69663668,2.08640432,0.26130557,0.49875546,0.70761132,0.88896012,1.04674625,1.18515944,1.30654502,1.41534734,9
0.8737188212968847,1.7202034361769534,0.9859939600179548,2.5141182396072552,2.24965390781552,1.1146957874298096,3.281951904296875,4.942436218261719,5.818142890930176,6.309300422668457,6.667431831359863,6.969052314758301,7.194570541381836,5
0.54409432,97.38948822,347.16262817,2.98561192,2.20345688,0.22908521,0.32645178,0.38599205,0.43343019,0.4739902,0.50961733,0.53976965,0.56673861,4
0.97285008,3.12591314,24.74162483,2.74274445,2.08795452,0.92569399,2.44929957,3.41425252,3.93982911,4.27655125,4.50844669,4.66590023,4.76868248,23
0.75705093,87.07480621,69.78151703,2.29467654,2.7455883,0.35150099,0.72551417,1.01810718,1.25062966,1.43766904,1.59362102,1.72586513,1.83847737,10
0.5038141542293372,139.99603074539218,20.335062615964205,2.1519888840133063,2.9789645465459245,0.4195160865783691,0.972236394882202,1.3542749881744385,1.60174822807312,1.785466194152832,1.932051420211792,2.0534231662750244,2.15942120552063,19
0.6220092143952858,26.089165374033023,0.0823423544225326,2.6760843487254924,2.83032525162257,0.8596916198730469,2.483891487121582,3.6298508644104,4.190712928771973,4.467169284820557,4.651024341583252,4.778947830200195,4.891655445098877,22
0.30000001,121.09253693,400.0,2.0,2.0,0.16633987,0.17349863,0.17759156,0.18061948,0.18512893,0.18898153,0.19208121,0.19538975,11
0.4310338571803103,73.1507600929446,28.78796145446248,2.1338850435870893,2.6699640130863607,0.6417653560638428,1.7909231185913086,2.516700029373169,2.808889150619507,2.936483144760132,3.03243374824524,3.1113150119781494,3.177739381790161,23
0.56416568,41.54316641,54.79957992,2.5,2.1,0.64658237,1.7402446,2.4017832,2.6703255,2.799204,2.8860505,2.9629986,3.0319521,23
0.80316569,68.57051743,201.19107748,2.1,2.8,0.25597572,0.46211386,0.6240115,0.7559612,0.86569667,0.95834374,1.036181,1.1039069,17
0.9383246443466952,33.91125098678352,0.3331119744324201,2.925863261701187,2.926191761454726,0.5687825679779053,1.3780975341796875,1.9621591567993164,2.351590156555176,2.63602876663208,2.8617072105407715,3.04964542388916,3.211476325988769,18
0.56912857,190.92330933,399.44085693,2.92607784,2.25426722,0.12949657,0.15500379,0.18114233,0.19397593,0.21172953,0.22669673,0.23895693,0.25338411,11
0.40648397,97.78818146,194.22060802,2.0,2.4,0.33606315,0.6493814,0.81499815,0.9024255,0.9644966,1.0121684,1.0510976,1.083785,21
0.71260023,64.83662433,379.92927273,2.3,2.4,0.2146604,0.31133533,0.378613,0.43157315,0.4751935,0.5119934,0.5427437,0.56980085,4
0.6292098847768948,0.8884550435054691,0.1102583183547748,2.638659735048843,2.5369007474299394,1.2554068565368652,4.120776176452637,7.251858234405518,9.671274185180664,10.83726692199707,10.903663635253906,10.910293579101562,10.91558837890625,12
0.64458477,275.23620605,383.12667847,2.41577101,2.56484795,0.10561943,0.13211298,0.15446329,0.17428184,0.19910908,0.22028804,0.23779559,0.25692248,11
0.50351043,171.92192079,341.35312605,2.76863872,2.7961896,0.22553897,0.32135797,0.39563966,0.46007013,0.51666188,0.56766534,0.61323738,0.65456748,17
0.7231146471292026,118.86647147506416,0.2980572161803566,2.131702127646854,2.0151574849578493,0.2538714408874511,0.4838302135467529,0.6828486919403076,0.8539655208587646,1.001173973083496,1.1306495666503906,1.244400978088379,1.3450348377227783,8
0.99604917,2.08893704,8.01752663,2.60188508,2.09695816,1.01543021,2.71018386,3.79796815,4.3890543,4.79517365,5.08045959,5.28257656,5.42980003,6
0.45152882,220.99442478,353.10631069,2.3,2.0,0.11314631,0.13435411,0.15573287,0.16904354,0.18528605,0.20067501,0.21526194,0.22890997,11
0.6972855,36.54053406,180.51578504,2.2,2.5,0.43750548,0.9974494,1.3379273,1.5032444,1.6032815,1.6730967,1.7283483,1.7745533,20
0.66033122,14.2362101,67.17212898,2.4,2.7,0.82331395,2.2785518,3.2605917,3.7081072,3.911596,4.0109224,4.0760927,4.119095,23
0.74370242,77.38764468,209.64981141,2.69573778,2.81951988,0.34610415,0.69377899,0.95147753,1.14838934,1.30380464,1.4291718,1.53246951,1.6205318,10
0.71508294,167.12188904,142.45552214,2.6,2.6,0.21600437,0.36246228,0.499408,0.6216917,0.7323859,0.83328795,0.9253602,1.0096169,17
0.40947852,18.79981995,17.96047592,2.56111121,2.3250618,1.02250242,2.96998143,4.47033596,5.18484879,5.41263771,5.53706169,5.60453987,5.63906384,6
0.52600898,47.44009193,314.84983063,2.4,2.3,0.37132525,0.7662575,0.9707022,1.0322604,1.0634985,1.0874629,1.1071436,1.123287,21
0.3197117925738238,62.03975925527992,291.2793541670925,2.87159133,2.15828872,0.3960068225860595,0.874065637588501,1.0933189392089844,1.1159019470214844,1.1261835098266602,1.1354010105133057,1.1436378955841064,1.1510615348815918,21
0.8421546501179329,1.7052665739373445,1.836390297711728,2.5,2.5,1.1585314273834229,3.5195388793945312,5.480722427368164,6.5614423751831055,7.090677261352539,7.421212196350098,7.697405815124512,7.918174743652344,5
0.43775043,101.04279327,9.23806,2.37750649,2.34729218,0.54015994,1.34074783,1.81942534,2.04095626,2.17751431,2.28346276,2.37603784,2.45384955,18
0.65392786,102.99303465,23.73970155,2.7,2.5,0.4113388,0.8964219,1.2522907,1.5117435,1.7112494,1.8719206,2.0067525,2.1219468,19
0.5030018,111.40587914,96.99903802,2.87816981,2.88517309,0.47901273,1.13029051,1.57731247,1.8276124,1.99048948,2.11501026,2.21643066,2.30401373,20
0.78428029,225.00677909,382.2683752,2.4,2.2,0.08933711,0.12253046,0.15213752,0.17066383,0.19153857,0.212322,0.23274064,0.25247478,11
0.91319197,107.26741394,353.3487083,2.53671968,2.37708933,0.15144348,0.21580148,0.28289318,0.34062624,0.3930285,0.44130087,0.48513436,0.52568316,4
0.6604768128223093,7.065868046148754,0.281804761801934,2.951880843806696,2.335829042717472,1.0591063499450684,3.083581924438477,4.605135440826416,5.364336967468262,5.77684211730957,6.086386680603027,6.335054397583008,6.516412734985352,5
0.97457176,26.48377991,169.65281677,2.39759159,2.09446478,0.35462666,0.74123383,1.01761532,1.20919824,1.34666038,1.45375705,1.53816986,1.60639024,10
0.44149674,287.17180396,98.64783469,2.9,2.1,0.20955873,0.3371477,0.45270538,0.5547862,0.6466203,0.7303488,0.80706954,0.87738705,16
0.96296572,272.27819878,250.04859487,2.6,2.4,0.11105514,0.15616655,0.19764113,0.24165535,0.29026008,0.3354802,0.37622523,0.41674805,4
0.74643725,2.26007867,39.65659714,2.88316441,2.19962239,1.07465219,3.09273386,4.66210461,5.45693541,5.77957106,5.98552275,6.11466455,6.17557287,7
0.31928111,190.17770673,307.31830388,2.6,2.6,0.25855064,0.38143754,0.44073224,0.49092174,0.53437376,0.572304,0.60539794,0.6368027,17
0.31168773,82.77682632,359.12114866,2.79830586,2.01194524,0.271276,0.38894796,0.40523267,0.4170444,0.4279871,0.43720365,0.44570613,0.45342016,21
0.4507485015384755,16.015658617361584,0.7678438701076215,2.506137836068433,2.5217470175513768,1.0534980297088623,3.1969552040100098,4.984661102294922,5.906532287597656,6.229757308959961,6.384853363037109,6.488811492919922,6.557923316955566,5
0.8398041323702332,19.49176190032691,0.017192843519273,2.547609134569875,2.610747854836794,0.7221691608428955,1.915133476257324,2.679481506347656,3.099945545196533,3.366942405700684,3.565667152404785,3.725686073303223,3.8669004440307617,22
0.72710192,238.81712341,264.80340576,2.57873154,2.94688153,0.15718055,0.22705674,0.29777384,0.37067342,0.43476105,0.49597692,0.55330992,0.60752273,4
0.88969722,119.72310474,268.72664816,2.05808291,2.0076811,0.11904049,0.180897,0.23793244,0.29053473,0.34058475,0.38639903,0.42867851,0.4675343,4
0.7545874971268124,1.1977695545546352,0.1488474950367979,2.8385145236165754,2.8699789380979803,1.2647373676300049,4.056493759155273,6.855687141418457,8.692441940307617,9.523096084594728,9.834555625915527,10.023467063903809,10.229318618774414,12
0.3882396783522271,191.58785275606152,375.15044335781,2.33390909,2.15285059,0.1401526927947998,0.1560113430023193,0.1738479137420654,0.1854934692382812,0.1979358196258545,0.2089238166809082,0.2200899124145507,0.230804443359375,11
0.4457239308449711,5.873946493818379,7.002876491890588,2.19294024,2.05994701,1.0844595432281494,3.3723621368408203,5.493670463562012,6.781504154205322,7.24738073348999,7.332963466644287,7.372202396392822,7.400124073028564,6
0.9704527365233654,204.7594810560503,304.04915420993325,2.22826862,2.28239822,0.0901899337768554,0.1371831893920898,0.1775770187377929,0.2098162174224853,0.2447552680969238,0.2796480655670166,0.3139407634735107,0.346116304397583,11
0.50571163,167.28944306,211.26656343,2.37943621,2.59492471,0.24979281,0.41489315,0.54153895,0.6476562,0.73826146,0.81733966,0.88642883,0.94831777,17
0.8815833880537258,3.8821571518752496,0.1057714078558857,2.9371753464867565,2.234354854395836,1.004152774810791,2.782188415527344,3.982751846313477,4.626557350158691,5.0653228759765625,5.410150527954102,5.678783416748047,5.876073837280273,5
0.4153316472957906,7.449415801855475,0.0511988187076388,2.694213047879237,2.298953132281256,1.14920973777771,3.601430177688598,5.966712951660156,7.490092277526855,8.077374458312988,8.201729774475098,8.278491020202637,8.353403091430664,12
0.351092396533734,1.4374137165658696,0.0353956044417102,2.00424871679735,2.5871189521245705,1.2220361232757568,4.143638610839844,7.572625637054443,10.706104278564451,12.647069931030272,12.689525604248049,12.696630477905272,12.70270538330078,12
0.55995849,296.18409518,186.83294487,2.8,2.5,0.16178107,0.23173523,0.30292058,0.37278295,0.43652034,0.4949715,0.55041957,0.6022761,3
0.30135536,5.85405111,0.74731529,2.32080626,2.51454163,1.26021457,3.97919846,6.94724655,9.14812756,10.28800011,10.98983574,11.31394863,11.36816406,13
0.53595063,61.92273864,94.23272251,2.3,2.5,0.5107815,1.2405255,1.6809754,1.8843169,2.0032587,2.0952883,2.1681051,2.2325292,20
0.8288463125401873,1.0749757454028852,0.3394085055558988,2.8040442919422337,2.2653022560032223,1.1832923889160156,3.632746696472168,5.7586774826049805,6.9959917068481445,7.59957218170166,7.961999893188477,8.275467872619629,8.553584098815918,13
0.96628770290886,2.197743317513026,0.0033931482479951,2.234229621807886,2.613407157290635,1.059598684310913,3.1003451347351074,4.595624923706055,5.35919189453125,5.766834259033203,6.06096887588501,6.282164096832275,6.459099292755127,5
0.5372956524252234,1.7529202683239329,0.1361905803468816,2.790514360994926,2.2439741196513343,1.2071022987365725,3.8804330825805664,6.671341896057129,8.72637939453125,9.752306938171388,9.84755516052246,9.858335494995115,9.869659423828123,12
0.4883913412486526,1.186131687804432,0.5884150177546241,2.204449094020548,2.2148639183636227,1.1959755420684814,3.93256425857544,6.933967113494873,9.38987159729004,10.482244491577148,10.500934600830078,10.50816535949707,10.513988494873049,13
0.66908695,21.31327074,359.04488737,2.2,2.7,0.36670732,0.736501,0.8954847,0.9111922,0.91424894,0.91757655,0.920496,0.92299676,21
0.78451171,269.31492703,123.84281145,2.7,2.5,0.14578247,0.230263,0.30900836,0.39169574,0.46966815,0.54179287,0.6107693,0.676363,2
0.94773,97.44654816,52.28560937,2.9,2.1,0.252501,0.4801426,0.6918316,0.88295054,1.054982,1.2094128,1.3478525,1.4731071,9
0.38962586,188.73253506,26.23324951,2.8,2.0,0.38223934,0.83958817,1.1418431,1.3299875,1.4665921,1.5751247,1.6676483,1.7488351,9
0.55857355,107.13732626,169.85817832,2.3,2.7,0.31389332,0.59720564,0.7929833,0.9368253,1.0478501,1.1399386,1.2153473,1.2794299,10
0.40190972,290.10898467,371.87273854,2.7,2.8,0.15391207,0.17324924,0.19905186,0.22625756,0.24671602,0.26498938,0.28294373,0.29955268,11
0.787560197441608,4.6491208545873,0.5696562564161474,2.70188703866684,2.292914985611666,1.0341269969940186,2.949152708053589,4.295863151550293,4.990442276000977,5.396796226501465,5.711173057556152,5.948935508728027,6.125433921813965,5
0.43924488,162.66005126,265.17154475,2.2,2.5,0.21087766,0.29942703,0.3681357,0.42469096,0.47399592,0.5177431,0.5569346,0.59144354,4
0.58409486,87.00310298,252.41070126,2.1,2.4,0.25172257,0.4209516,0.5341382,0.6216755,0.6918731,0.749521,0.7965913,0.83959985,17
0.5390876,105.69552802,309.69251694,2.79689653,2.468335,0.27185774,0.44861245,0.5573318,0.64174652,0.71126246,0.76885509,0.81866837,0.86124563,17
0.8028864963114182,0.8424089204055736,1.1246854189887692,2.5245534042520665,2.9374153759217667,1.2582290172576904,4.089221954345703,6.995817184448242,8.948253631591797,9.85641860961914,10.177000045776367,10.327155113220217,10.474817276000977,13
0.61915205,95.05966722,18.93129568,2.0,2.2,0.35106564,0.7241707,0.99364066,1.1906977,1.3431873,1.4667954,1.5730014,1.6658251,9
0.56608681,23.29298173,400.0,2.0,2.0,0.27749014,0.43480659,0.45396876,0.45543313,0.45690727,0.45825672,0.45942497,0.4604876,21
0.38061903,71.62027101,246.45135589,2.52071364,2.64823787,0.47866178,1.16726518,1.58272171,1.68469334,1.70654678,1.72625589,1.74352264,1.75913334,1
0.47499183,33.91448162,106.7848877,2.1,2.4,0.6340177,1.6562874,2.2585313,2.4605825,2.5203073,2.5553153,2.5867999,2.6148908,0
0.93115817,21.80912177,166.46903519,2.7,2.9,0.5164621,1.2521381,1.7606335,2.0540342,2.2360463,2.367507,2.469576,2.551148,20
0.4617375186123201,12.726610582649712,4.134493040513605,2.21602106,2.39437103,1.0420103073120115,3.176938533782959,4.964769840240479,5.87788724899292,6.1752753257751465,6.289510250091553,6.3640666007995605,6.41182279586792,6
0.51019678,41.86036974,228.22794007,2.3,2.4,0.46307373,1.0941865,1.441196,1.5273643,1.5541637,1.5763695,1.5945005,1.6100252,1
0.70815897,255.54272302,320.1626888,2.2,2.6,0.09632134,0.13252783,0.16232252,0.181957,0.20394135,0.22673869,0.24954963,0.27038407,11
0.81827277,29.39004326,286.18365479,2.94112611,2.25559807,0.35981655,0.73530531,0.96936417,1.09557867,1.17218351,1.22386456,1.26336861,1.29408503,21
0.42303803,72.67823066,216.8124421,2.6,2.0,0.43877935,1.0478103,1.3929012,1.4964771,1.5401402,1.5765626,1.6066937,1.632438,1
0.55249791,228.22530069,298.26474677,2.45864325,2.71068811,0.16467404,0.22365093,0.28278112,0.33737278,0.38730431,0.43288279,0.47530437,0.51483464,4
0.5860757327080808,78.71010417629907,0.0096825067842064,2.9700833794009487,2.047795772374396,0.4571661949157715,1.0693097114562988,1.4825572967529297,1.739391803741455,1.9262690544128416,2.074026107788086,2.1969332695007324,2.30570125579834,18
0.4728393308022097,241.8934982174671,362.3371606851546,2.0,2.0,0.0816140174865722,0.100579023361206,0.1141893863677978,0.1176788806915283,0.1273474693298339,0.1353542804718017,0.1424660682678222,0.150040864944458,11
0.8158824367266422,7.758032404040608,0.510715185658796,2.75257798656179,2.7421309903752293,0.9825236797332764,2.823352813720703,4.134194374084473,4.809917449951172,5.189356327056885,5.458247184753418,5.659951210021973,5.81599235534668,5
0.72461327,66.34450359,394.15933523,2.5,2.2,0.22294474,0.33844924,0.41966105,0.4844544,0.5376475,0.58228564,0.6210542,0.6539085,17
0.77190676,212.71899218,366.88009428,2.7,2.6,0.13442636,0.17202592,0.21107006,0.25674796,0.29707575,0.3329718,0.36780977,0.40048265,4
0.6660847209109685,7.575894999030531,0.0310653848817473,2.425931021978025,2.983131782573671,1.084169864654541,3.33349871635437,5.216850280761719,6.207426071166992,6.614583969116211,6.842144012451172,7.006060600280762,7.122574806213379,5
0.47883745,89.83967266,301.25915256,2.3,2.9,0.30004215,0.5198159,0.6310196,0.7039628,0.7590647,0.80376387,0.842051,0.87421703,21
0.546639184756641,1.6547742908460592,0.0163821806676252,2.298357955346076,2.2069405598385234,1.185472011566162,3.8389971256256095,6.606207847595215,8.635248184204102,9.643728256225586,9.728705406188965,9.739299774169922,9.74820041656494,12
0.5705327786964226,11.995994616666128,0.844228586073001,2.93376422,2.00713515,0.9577383995056152,2.696291446685791,3.89058256149292,4.477336406707764,4.822107315063477,5.080849170684815,5.259746074676514,5.398245334625244,5
0.7084645,74.39130402,274.67556763,2.94611382,2.56767726,0.31256676,0.58361602,0.77184081,0.91463828,1.02595687,1.1158309,1.19070482,1.25236988,10
0.882511709316921,1.0599442464640525,0.010727463426446,2.423337498466805,2.803515753795477,1.2062745094299316,3.785039186477661,6.121769905090332,7.50428581237793,8.167852401733398,8.523871421813965,8.789578437805176,9.013394355773926,12
0.45522622,84.10209513,96.84319002,2.2,2.7,0.47897577,1.1400146,1.5330851,1.7086346,1.813792,1.8966258,1.9622157,2.0182374,20
0.6086893588401548,1.6360728712575956,3.699577528640492,2.5347038459713924,2.0086345848309644,1.1434326171875,3.590449333190918,5.940287590026856,7.4904279708862305,8.202095985412598,8.362360000610352,8.440226554870605,8.522876739501953,14
0.92835292,205.84222445,133.39198789,2.7,2.0,0.12566996,0.21379805,0.2965548,0.3763907,0.45396185,0.5278647,0.599108,0.6666465,2
0.30780083,43.98944583,103.63874249,2.67039775,2.81935608,0.82797599,2.43571997,3.72462749,4.31887293,4.44816351,4.46070242,4.46587992,4.47101831,23
0.6593663705442357,2.315354769415149,31.35823081665432,2.89899311,2.78775575,1.1518335342407229,3.637426376342773,6.040341854095459,7.558089733123779,8.181816101074219,8.33549690246582,8.408407211303711,8.469667434692383,14
0.8075973780448092,3.2077364630294083,0.579526897027298,2.1294100197072483,2.808284593530057,1.0943567752838137,3.3485939502716064,5.175955772399902,6.12980842590332,6.563274383544922,6.812870979309082,6.993255615234375,7.132274627685547,5
0.82717817,287.31565842,16.8525718,2.0,2.0,0.09451294,0.16272593,0.22563577,0.28472257,0.3434298,0.3999529,0.45511746,0.50743866,2
0.71272841,120.3327275,217.22043656,2.3,2.6,0.21024251,0.34128118,0.45830345,0.5584886,0.646925,0.72559047,0.79632163,0.85925555,17
0.81471133,98.13114118,382.83108383,2.6,2.9,0.19721103,0.28400207,0.36227202,0.4301474,0.4897592,0.54258895,0.58994246,0.63246894,4
0.88989538,39.24984986,357.31715676,2.8,2.5,0.3077693,0.5804517,0.76564527,0.9000325,1.000323,1.0777881,1.1377008,1.1856811,10
0.51938108,124.83810182,344.03212265,2.49034867,2.20889577,0.18906641,0.24580884,0.29374623,0.33329153,0.36786175,0.39879489,0.42616606,0.45117903,4
0.77094742,16.8379859,193.63296132,2.15383785,2.06881238,0.48265982,1.14624238,1.5104804,1.62774682,1.66830707,1.69458365,1.7148819,1.73131895,0
0.3797227374116117,1.1621667254815573,0.0217648365914528,2.8619277379965333,2.559508540918169,1.28656268119812,4.3058624267578125,7.833887100219727,11.049262046813965,13.077571868896484,13.108646392822266,13.116731643676758,13.123533248901367,12
0.88625134,206.40017331,114.08842244,2.1,2.8,0.13045764,0.2108581,0.28735876,0.36125803,0.43211937,0.4998548,0.56438184,0.6250675,2
0.5938441252268108,3.34293558953682,46.5545702504527,2.01600693,2.351455,0.9967122077941896,3.0865941047668457,4.915309906005859,5.912359714508057,6.182219982147217,6.205152988433838,6.21449613571167,6.218384265899658,7
0.3121314807133563,5.041500297013376,1.3156478421449849,2.69797516,2.43200111,1.2190604209899902,3.97780442237854,7.007455825805664,9.477097511291504,10.898670196533203,11.029424667358398,11.0349760055542,11.039838790893556,13
0.80040296,26.7137598,5.51125904,2.3,2.9,0.63796973,1.5944753,2.2136235,2.5716772,2.8105884,2.993875,3.143587,3.2666707,18
0.64718473,146.8442688,183.94464111,2.31071949,2.28237176,0.20138669,0.32554007,0.43792987,0.53543448,0.62150216,0.69887996,0.76921701,0.83173394,17
0.9306353188958756,37.491212244013305,5.255142251833955,2.1893584876431023,2.6648680857049296,0.4770345687866211,1.0997049808502195,1.5469567775726318,1.8644671440124512,2.1065330505371094,2.3020834922790527,2.4657182693481445,2.6055893898010254,18
0.9579990944246471,292.042940778784,302.07796640568256,2.22826862,2.28239822,0.0724468231201171,0.1135566234588623,0.1461508274078369,0.1647214889526367,0.1883625984191894,0.2141797542572021,0.2407991886138916,0.2656805515289306,11
0.51828526,91.9805139,341.04716092,2.7,2.0,0.2712071,0.4696648,0.5887275,0.6731174,0.739506,0.79237723,0.83813214,0.87571883,17
0.9818199826902676,66.08822545405643,0.0096576397542557,2.309069930148475,2.96702059609893,0.3600449562072754,0.7445666790008545,1.0730493068695068,1.3499934673309326,1.5835332870483398,1.7831711769104004,1.9555063247680664,2.1063480377197266,8
0.847954263722403,1.828561636443091,6.1229532688790655,2.7,2.9,1.1868698596954346,3.6674206256866455,5.828997611999512,7.077404022216797,7.668849945068359,8.008898735046387,8.290379524230957,8.515339851379395,14
0.86911616,173.86609169,223.9741766,2.4,2.3,0.132267,0.20678616,0.27967,0.34717703,0.4111991,0.47216773,0.5289998,0.58258796,3
0.70214502,38.81858981,318.65374256,2.6,2.4,0.3667724,0.760828,0.9999013,1.1172874,1.1847706,1.2330258,1.2688401,1.2971332,21
0.9490844,4.22166538,24.4698143,2.22472882,2.33449674,0.90614247,2.46599197,3.4569273,3.94654512,4.21637583,4.3920722,4.50242853,4.59380674,23
0.9618979985805208,25.43208066536171,0.0341795498939982,2.72419141492122,2.093007039830861,0.5031557083129883,1.175158977508545,1.6523716449737549,1.9760334491729736,2.2161896228790283,2.408419370651245,2.5694968700408936,2.707087755203247,18
0.57777982,59.17350475,207.68041201,2.60429124,2.21961493,0.38388252,0.81321621,1.07180405,1.20519042,1.29060364,1.35461473,1.40698886,1.44808984,21
0.9234768307923682,1.7347787299458095,47.89403718529007,2.4171641506306005,2.3748758593298183,0.987356424331665,2.907482862472534,4.362035751342773,5.068998336791992,5.382088661193848,5.551701545715332,5.65077018737793,5.696698188781738,7
0.89560461,114.0262146,146.85031128,2.32474804,2.30441499,0.18926239,0.32553625,0.45476651,0.57138896,0.67712998,0.77384591,0.86219096,0.94310117,17
0.3873598,253.74020478,189.78807201,2.7,2.1,0.20953202,0.3152852,0.4046309,0.48082948,0.5485196,0.6093893,0.6654837,0.7160573,17
0.45426758,269.7008707,63.18267033,2.23687844,2.74128263,0.2303257,0.38413358,0.51819777,0.63516045,0.73933482,0.83311343,0.91770315,0.99466729,16
0.37626455,71.69910359,275.76685667,2.1,2.5,0.35188174,0.6827843,0.8233938,0.86147213,0.8873153,0.9076991,0.92652845,0.9413204,21
0.30028828,241.23360602,347.82060981,2.08471336,2.88587024,0.19690752,0.24954271,0.28862214,0.32214069,0.35303235,0.38107967,0.40648866,0.42994046,4
0.70060042,93.7426258,52.4678708,2.3,2.7,0.34474158,0.70514584,0.98220134,1.1971655,1.369241,1.5114706,1.6297657,1.7335203,9
0.50643158,296.306427,379.8458252,2.19955516,2.74990797,0.11070538,0.13733411,0.15996885,0.18054914,0.20317721,0.22367406,0.24040532,0.25794959,11
0.52458353,28.29314184,85.36058336,2.7,2.6,0.7858262,2.2383268,3.276376,3.7256281,3.8732297,3.934138,3.9723303,4.003976,23
0.8446804073750852,4.784533913272656,0.0030203557524041,2.99574866671328,2.1820573827812773,0.9922976493835448,2.748497486114502,3.936738967895508,4.581214904785156,5.003714561462402,5.331292152404785,5.581545829772949,5.774815559387207,5
0.42143929,133.45710853,40.00720261,2.3,2.3,0.4194026,0.9324198,1.2467601,1.419852,1.5462334,1.6471334,1.727803,1.7973287,19
0.6023230818365969,77.94418141493405,0.0237979614586128,2.190711969976513,2.037427155733273,0.4295246601104736,0.9712791442871094,1.3274528980255127,1.55621600151062,1.7237863540649414,1.861954689025879,1.974250316619873,2.073904037475586,18
0.3019560745444919,18.33413599813541,0.7746385044068895,2.00433254,2.67417121,1.0823071002960205,3.4778261184692383,5.840673446655273,7.3929972648620605,7.941841602325439,7.980728626251221,7.990339756011963,7.99884557723999,13
0.32066368,172.39531721,130.03102286,2.4,2.9,0.38472152,0.8010104,1.0419238,1.1629376,1.2492557,1.3184075,1.3769741,1.4272375,21
0.9901671,166.68313271,195.44725272,2.42757775,2.5304127,0.13951659,0.22786093,0.31210208,0.39310408,0.47077203,0.54347467,0.61286044,0.67844987,3
0.8784071734142591,4.878423054819626,0.0703433980062134,2.876406238185729,2.862313221748933,1.0509202480316162,3.060326099395752,4.554235935211182,5.333252429962158,5.778748989105225,6.105400562286377,6.3591389656066895,6.546581745147705,5
0.38985219,126.09743333,263.91841698,2.1,2.1,0.23681617,0.35670042,0.4257183,0.4801302,0.5256722,0.5634322,0.5949888,0.62461615,17
0.56510666,145.25776284,359.19888761,2.0,2.8,0.13719368,0.16381836,0.18986249,0.20973802,0.22801685,0.24565887,0.2627523,0.27844334,11
0.64628828,157.07211304,3.22387862,2.79941511,2.08704877,0.25432658,0.47247529,0.6603024,0.82305598,0.96601868,1.0910697,1.20129657,1.29872179,8
0.70164378,194.95306865,299.40102076,2.6,2.0,0.12433791,0.1781404,0.2327795,0.2825358,0.32889223,0.37236142,0.41327047,0.4521308,4
0.5456119293570734,35.98318531626926,4.57535113603451,2.548872621299054,2.813634343396996,0.824232816696167,2.396644115447998,3.506392478942871,4.030381679534912,4.269701480865479,4.407901287078857,4.519454956054688,4.607363700866699,22
0.36258774,45.5732904,216.84619731,2.3,2.5,0.5330863,1.351342,1.8199053,1.8871846,1.8892016,1.8917055,1.8943429,1.8969941,1
0.41386795,71.22480151,269.19212207,2.4,2.3,0.39187026,0.8407259,1.0731773,1.1392331,1.173867,1.2033672,1.2274649,1.2478127,21
0.9467627785752536,2.07954325432116,0.1470226060885922,2.733825006267468,2.3008417913637245,1.0680809020996094,3.0364906787872314,4.416365623474121,5.161457061767578,5.634382247924805,6.010770797729492,6.317225456237793,6.534335136413574,5
0.47155631,290.5820163,14.42428538,2.94567099,2.24719044,0.21175122,0.34249854,0.46354651,0.57012892,0.66640997,0.75428462,0.83435965,0.90889001,15
0.54878408,125.52846134,266.42483512,2.1,2.1,0.18329954,0.26466656,0.33342743,0.39254355,0.44329906,0.48836327,0.5282924,0.56383395,4
0.5714509,192.07419446,117.84367676,2.3,2.6,0.2122953,0.34669638,0.46880317,0.57488704,0.6698866,0.7557924,0.8331654,0.9041128,16
0.35422396,153.61991498,261.05474649,2.88428482,2.97304061,0.38110018,0.76973701,1.0005219,1.11790037,1.19711828,1.26041985,1.31349945,1.35934448,21
0.3054488532340946,15.736171259652147,0.0057827702862293,2.314834740827047,2.6160857308557537,1.1271774768829346,3.605669498443604,6.086957931518555,7.75052547454834,8.380587577819824,8.439740180969238,8.449892044067383,8.459672927856445,12
0.3082315981809381,4.7936051125419965,35.73869454495912,2.44952774,2.85799503,1.1463074684143066,3.746414184570313,6.59906816482544,8.863950729370117,9.985504150390623,10.11448097229004,10.11494255065918,10.11520767211914,14
0.31620861,85.99714921,156.57727979,2.77909356,2.55792112,0.56395316,1.46978331,2.04402351,2.20656395,2.23916245,2.26364756,2.28612375,2.30794525,0
0.5779483425788025,12.126709650225871,1.0436287966959246,2.1,2.7,1.0070078372955322,3.064595460891724,4.704293251037598,5.496346473693848,5.786418914794922,5.922116279602051,6.024172782897949,6.102826118469238,5
0.6202790857959344,1.1241640818927965,0.0066833281579456,2.964150457086092,2.771433531584544,1.290410041809082,4.245047092437744,7.495307922363281,9.983882904052734,11.298646926879885,11.464288711547852,11.47343921661377,11.480751037597656,12
0.92388878,268.64109244,240.12697565,2.3,2.4,0.09032822,0.14106274,0.18228507,0.21497345,0.25178528,0.29002213,0.32720304,0.3620999,3
0.67450945,254.47702864,14.78393599,2.04376843,2.6576737,0.16392851,0.27959871,0.39152789,0.49680638,0.59501028,0.68760586,0.77399254,0.85520673,15
0.4758527881140549,7.519072435091907,0.0038525931291971,2.880528480640485,2.967789784708796,1.2159099578857422,3.882423877716065,6.546914577484131,8.317893981933594,9.056632995605469,9.238155364990234,9.326522827148438,9.418996810913086,12
0.88047834,214.8524967,152.60140586,2.4,2.9,0.15025544,0.22884989,0.3103428,0.3905232,0.4670875,0.5377629,0.6055677,0.670094,2
0.6225335169709005,43.75836862047469,0.008291208623437,2.584857519645937,2.522042055732725,0.6734602451324463,1.803114652633667,2.5197927951812744,2.8828046321868896,3.101901292800904,3.26258397102356,3.3905694484710693,3.5042154788970947,22
0.47246233,17.54955673,41.30103683,2.24613404,2.11434865,0.87887502,2.44879508,3.49733663,3.90798974,4.06669712,4.12206554,4.15067291,4.17221642,23
0.8403898,135.12558985,362.00155085,2.18084598,2.87330515,0.14743543,0.21503782,0.28442311,0.347507,0.40547299,0.45910668,0.5082469,0.55431724,4
0.7897420255321738,1.3640360057045295,70.44901894179947,2.407162340352224,2.892774153425559,1.038530349731445,3.277722120285034,5.364798545837402,6.642903327941895,7.078793525695801,7.125941276550293,7.140098571777344,7.142724990844727,7
0.8244842576147667,1.1233584085614237,99.07225453043831,2.849799604224134,2.524432264519912,0.9542727470397948,2.908395528793335,4.586885452270508,5.476175308227539,5.7139892578125,5.785318374633789,5.807836532592773,5.808771133422852,7
0.92604525,30.34090906,392.50979364,2.88163294,2.48455421,0.28659558,0.50154638,0.62887573,0.71516848,0.77587247,0.82120705,0.85488558,0.88104677,21
0.94450549,71.708668,62.36819021,2.4,2.5,0.29789734,0.58529687,0.8330786,1.0450747,1.226954,1.3828068,1.5175538,1.6365838,10
0.7024529378454059,3.3921285036335727,48.26858929989578,2.21602106,2.39437103,0.9859638214111328,2.9808263778686523,4.6009840965271,5.395530700683594,5.647039890289307,5.739454746246338,5.778464794158936,5.798149585723877,7
0.8996560999178219,88.07018428110891,0.2214655126823866,2.581231131185347,2.154743371591896,0.2792487144470215,0.5467660427093506,0.7835226058959961,0.9887428283691406,1.165796995162964,1.3204987049102783,1.4568793773651123,1.5775253772735596,8
0.77947831,77.14202118,184.91362,2.13133216,2.88915181,0.31062531,0.61843467,0.8591795,1.05207849,1.21036458,1.34024072,1.44944763,1.54370022,10
0.7964540612266141,2.003252290280931,1.5083390009837478,2.58432007,2.61629725,1.172332763671875,3.590862989425659,5.670686721801758,6.832791328430176,7.3710737228393555,7.691884994506836,7.9603986740112305,8.1787109375,5
0.3372410139607191,1.980398477795969,0.0598854570169259,2.5433580326775007,2.660113301659107,1.2688629627227783,4.257650375366211,7.761748313903809,10.911531448364258,12.959029197692873,13.02448844909668,13.02945327758789,13.03354549407959,12
0.42487672,222.3536377,327.13809204,2.43092537,2.75103688,0.19181228,0.25200272,0.30681443,0.35453153,0.39783287,0.43657827,0.4723804,0.50560236,4
0.3,59.92967307,230.84661194,2.0,2.0,0.42379069,0.96290469,1.18145919,1.18755746,1.19064355,1.19395876,1.19717097,1.20027518,21
0.63344282,176.80789805,26.06721624,2.29765153,2.97613515,0.28650022,0.54200816,0.76098824,0.95107245,1.1163969,1.26071763,1.38834691,1.50158572,9
0.30979159,252.80640591,27.18886829,2.2,2.8,0.31479454,0.58321357,0.7556977,0.88385177,0.98551273,1.0691595,1.1406806,1.2041125,9
0.66165909,232.78102321,327.84963056,2.6,2.2,0.11699557,0.15900922,0.20053077,0.23635244,0.2718861,0.30549145,0.33741307,0.36738777,4
0.9454113,13.45350909,126.10386399,2.7,2.9,0.6329272,1.6458912,2.3228512,2.6816478,2.8871546,3.0248737,3.124392,3.2085447,23
0.36635989,10.59184551,48.04404068,2.55550838,2.58642578,1.0812583,3.26384115,5.2567153,6.46754646,6.75113297,6.78398609,6.79710484,6.79998875,7
0.62151301,91.32064056,86.17072296,2.27117538,2.41127539,0.37208319,0.78295064,1.07302189,1.27486491,1.42968321,1.55161262,1.65264511,1.73849988,10
0.4145656758781311,31.023768438082985,135.22754265946574,2.202167511957861,2.6613228693680915,0.7074909210205078,2.0699586868286133,3.0451788902282715,3.4023594856262207,3.4589948654174805,3.4707417488098145,3.48215389251709,3.493013858795166,23
0.41430265,275.7026597,114.88109907,2.00871507,2.20635148,0.16203523,0.23684883,0.30897379,0.3724997,0.43067694,0.48378682,0.53229976,0.57814717,2
0.3438139102189862,0.8221158551639755,0.1623045429518454,2.481482156089758,2.2890021176889745,1.2354962825775146,4.113666534423828,7.437425136566162,10.423017501831056,11.98436164855957,12.002677917480469,12.01011085510254,12.016111373901367,12
0.51631894,190.42499423,76.50502013,2.6,2.2,0.269346,0.48803997,0.6637969,0.81118417,0.9374647,1.0465052,1.1412506,1.2244592,10
0.69580982,69.06170842,334.92826117,2.2,2.5,0.22987914,0.35637903,0.44317412,0.51198363,0.5690839,0.6154561,0.6542971,0.6883075,17
0.6435724379033596,2.177639099427773,0.0653737041002195,2.915298856295297,2.5137503609069523,1.2250862121582031,3.877220630645752,6.464812755584717,8.140769958496094,8.844144821166992,9.089088439941406,9.269437789916992,9.440179824829102,12
0.30555004,103.42691803,260.32781982,2.01580286,2.17839646,0.32121611,0.59509826,0.70320821,0.74317741,0.77294493,0.79880643,0.8214407,0.84071755,21
0.78700357,140.17427993,211.98371979,2.6,2.7,0.20734501,0.33889365,0.46255302,0.57318425,0.6725669,0.762938,0.8453975,0.92107177,17
0.5693906385091105,43.58324825218215,82.61101269264682,2.854855099062201,2.399428707816802,0.6097960472106934,1.6200082302093506,2.265955209732056,2.565854787826538,2.729488611221313,2.8388049602508545,2.925506353378296,3.0017406940460205,23
0.54077435,243.09043884,249.36914062,2.3507278,2.41419053,0.14183307,0.19236112,0.24485636,0.2902503,0.33354068,0.3739655,0.41189885,0.44741631,3
0.62382642,55.96350096,331.00301991,2.5,2.8,0.33964014,0.65086555,0.8294401,0.9303236,0.99874544,1.0489824,1.0900266,1.1226118,21
0.3144069601702666,9.44622156728801,113.36990519233576,2.90526962,2.42942643,0.8846340179443359,2.673776626586914,4.214339256286621,4.968363285064697,5.104724407196045,5.145840167999268,5.1505866050720215,5.151015758514404,7
0.71567982,118.09469604,67.55201721,2.60904598,2.74478269,0.32464075,0.63765669,0.89283228,1.10570049,1.28453684,1.43733668,1.56816697,1.68321157,10
0.83416879,247.89358371,318.39054365,2.0,2.6,0.08058572,0.11564326,0.13798308,0.15036964,0.17291641,0.1939714,0.21318078,0.23025131,11
0.72123189,127.20554508,141.34453394,2.9,2.4,0.27779722,0.5149412,0.71544814,0.8878844,1.0376425,1.1679358,1.2824035,1.3832531,10
0.3146497877611132,0.8235552777219352,0.0041963710238306,2.68982394086854,2.3428410739136334,1.2560720443725586,4.175930976867676,7.572717666625977,10.643965721130373,12.465710639953612,12.492413520812988,12.49797534942627,12.502613067626951,12
0.8550797019404996,3.8633043921500008,0.005966403718295,2.2372143490194505,2.3299974009827147,1.0104608535766602,2.8878979682922363,4.189464569091797,4.839662551879883,5.19599723815918,5.44603443145752,5.637024402618408,5.778556823730469,5
0.8134370825899624,4.6669005470908775,0.0379606022117637,2.104081990598507,2.5099623459083853,1.0134897232055664,2.9724462032318115,4.387606620788574,5.075014114379883,5.413461685180664,5.631495475769043,5.797364234924316,5.913228988647461,5
0.82743683,76.61528386,20.03142371,2.4,2.4,0.34829092,0.7163811,1.0122797,1.2515736,1.4471166,1.6106088,1.749922,1.8701947,9
0.3674714802860704,4.144767041464146,0.0072343297321741,2.8358636301831006,2.557545369120027,1.2444937229156494,4.063932418823242,7.1856231689453125,9.699138641357422,10.939908027648926,10.98667049407959,10.992874145507812,10.998147010803224,12
0.41909728,139.52620483,353.74629628,2.66910512,2.9037168,0.29446554,0.49871635,0.60943961,0.69237947,0.75984621,0.81804466,0.8677218,0.90974069,17
0.5602358930264218,165.13200940787797,0.2418281818590455,2.719905034175407,2.365068077463812,0.3181984424591064,0.6281013488769531,0.872236967086792,1.070594072341919,1.2357025146484375,1.3757803440093994,1.4972641468048096,1.6046531200408936,8
0.41298676,281.2487793,369.58615112,2.59290171,2.29840946,0.11237168,0.13186908,0.15069008,0.15520883,0.16450906,0.17458701,0.18305612,0.19020414,11
0.5791957537304222,5.917338229452245,11.832919087160956,2.37560153,2.47183084,1.0868253707885742,3.33753514289856,5.264291763305664,6.301637649536133,6.683354377746582,6.843630790710449,6.941352844238281,7.020867347717285,6
0.30643168,27.98357117,0.60141645,2.8622562,2.23919803,1.04896164,3.04285121,4.61473656,5.38337803,5.63349819,5.78671932,5.88515949,5.92970848,5
0.97381317,252.7723043,183.72459609,2.7,2.8,0.15661669,0.20518374,0.26610303,0.3430264,0.41249514,0.47647858,0.53828764,0.5983634,3
0.38382509,143.74147389,186.97965982,2.5,2.7,0.3643973,0.7345774,0.953099,1.0783758,1.1681371,1.2384734,1.2993314,1.3496997,10
0.49022484,130.3376113,102.51537041,2.9,2.8,0.43560648,0.9773226,1.3501172,1.576448,1.7377629,1.8613935,1.963654,2.0521727,20
0.79432785,95.58804733,328.52880835,2.2,2.6,0.17375946,0.24809909,0.31919146,0.3797331,0.43271017,0.48014235,0.52259135,0.56062937,4
0.4256438255467341,1.8201100201378173,1.3090761735717509,2.25596142,2.72571874,1.2431302070617676,4.167909622192383,7.552799224853516,10.482373237609863,12.255701065063477,12.309054374694824,12.316366195678713,12.322378158569336,13
0.95954615,293.35696411,135.03239441,2.1600287,2.61427212,0.09662032,0.16381502,0.2206068,0.27265453,0.32729053,0.3815012,0.43411064,0.48474789,2
0.4177688007004734,7.744081863207088,0.078471363267852,2.7009725201977384,2.115548239234132,1.109647274017334,3.4271585941314697,5.557750701904297,6.85338020324707,7.325386047363281,7.468548774719238,7.585104942321777,7.676600456237793,5
0.72751782,73.08534086,125.09918653,2.2,2.9,0.33763337,0.68494344,0.9433582,1.1374836,1.2881746,1.4109159,1.5131826,1.6007428,10
0.48488998,42.42509215,376.64297209,2.6,2.6,0.39141774,0.82527494,1.0402219,1.0742419,1.081913,1.0891349,1.0955205,1.1011536,21
0.68004814,167.86874747,190.8922428,2.2,2.3,0.16121483,0.2495141,0.3357129,0.41209364,0.4823835,0.5467956,0.60592675,0.66027474,3
0.74672589,57.89928719,296.52544492,2.3,2.2,0.25606823,0.44141793,0.5705068,0.6700642,0.7492995,0.81229305,0.8624551,0.9053576,17
0.3209231259103771,248.66888240974296,283.8125016219279,2.63671494,2.0895896,0.1532068252563476,0.1758947372436523,0.2022047042846679,0.2219502925872802,0.2398781776428222,0.257014513015747,0.2733912467956543,0.2886755466461181,11
0.3898311,119.8367919,103.29848876,2.3,2.7,0.4347732,0.9847219,1.3139865,1.4659388,1.5644,1.6405962,1.7033441,1.7571561,20
0.724682,164.98454202,28.53400154,2.41475609,2.51406536,0.23948669,0.43221569,0.60936999,0.76683307,0.90875673,1.03622508,1.15190268,1.25592852,15
0.54326408,203.17277336,97.27070258,2.1,2.5,0.19428468,0.31250286,0.42069936,0.516042,0.60145116,0.67808986,0.7480266,0.8118379,16
1.0,264.43971156556483,338.3391409991156,2.0,2.0,0.0562539100646972,0.0860612392425537,0.1117098331451416,0.1223630905151367,0.1403977870941162,0.1563069820404052,0.1723182201385498,0.1886382102966308,11
0.437664407190997,2.5390986631494243,0.0040458951105511,2.3087408912919427,2.590774784282644,1.230997085571289,4.074687957763672,7.250014305114746,9.802809715270996,11.084294319152832,11.134963035583496,11.139430046081545,11.143291473388672,12
0.95375639,286.51123047,4.40121603,2.29608417,2.07222795,0.10068846,0.17550659,0.24131107,0.30264544,0.36683416,0.42942858,0.48995876,0.54874921,2
0.87968705,207.84234371,112.49476719,2.68208898,2.5087171,0.15704966,0.25789857,0.35570121,0.4511404,0.54095769,0.62536073,0.70538139,0.78117299,16
0.30218878,283.29312134,242.51197815,2.14876842,2.55958796,0.18906498,0.24361086,0.29354572,0.33507967,0.37286401,0.40674925,0.4384048,0.46765447,3
0.49718492,171.49655276,328.97390017,2.6,2.9,0.21684122,0.30193686,0.36968756,0.42779064,0.47917962,0.52508926,0.56668854,0.60422134,4
0.3055485385848461,19.265079523886246,0.0039285805679607,2.5959013853312816,2.3881722584071774,1.0949008464813232,3.415234327316284,5.584910392761231,6.898120880126953,7.340210914611816,7.404473304748535,7.441304206848144,7.47154426574707,5
0.948889539837268,1.211908165988135,0.0204763828028083,2.281445975108419,2.32323653457882,1.1188511848449707,3.320181608200073,4.99410343170166,5.892184257507324,6.388401985168457,6.7403764724731445,7.019491195678711,7.233081817626953,5
0.7159282,111.49437714,1.60438967,2.02176285,2.44892931,0.30768085,0.61168146,0.86147547,1.06913495,1.24268889,1.39067507,1.51819897,1.62958837,8
0.31641367,188.74043479,290.09052209,2.9,2.3,0.28866315,0.4906237,0.595031,0.6690488,0.73103976,0.781703,0.82761765,0.86627483,17
0.74612009,290.91822336,24.61272476,2.1,2.7,0.12803888,0.20740819,0.28130102,0.3529396,0.42304134,0.4906516,0.5543468,0.6154463,2
0.4307559062335407,19.505952962878737,0.0201475014921678,2.155482338216636,2.8442147855213182,1.0310513973236084,3.219217538833618,5.12733268737793,6.148776054382324,6.463802337646484,6.555214881896973,6.61192798614502,6.659572601318359,5
0.42244081,134.58607986,371.15782475,2.6,2.2,0.2270534,0.320395,0.3760686,0.42156196,0.4607396,0.49518967,0.5252054,0.5519247,4
0.4707441523445578,3.1507315480298144,0.006736672229041,2.806558269103207,2.3989000630803745,1.2205872535705566,3.937873363494873,6.802669525146484,8.903312683105469,9.958251953125,10.123324394226074,10.131512641906738,10.139081001281738,12
0.31116817,291.17888915,0.400999,2.0600529,2.21874263,0.25673914,0.43873668,0.57133389,0.68016934,0.77214289,0.84893417,0.91651988,0.9745779,15
0.8796054,110.89396427,86.85864153,2.05218629,2.67927147,0.22231436,0.40898824,0.58277059,0.73931956,0.88051581,1.00763297,1.12330222,1.22749734,16
0.3,12.505563401302664,0.2263395134909121,2.24677277,2.84492183,1.1703996658325195,3.827958345413208,6.681239128112793,8.809829711914062,9.747673988342283,9.841014862060549,9.84704875946045,9.85264778137207,13
0.9030902178986504,3.3308089676093373,0.0855150938739794,2.349823768564851,2.2650629902658577,1.0054705142974854,2.829087734222412,4.062301158905029,4.703612327575684,5.082465648651123,5.357768058776856,5.567080020904541,5.727995872497559,5
0.91086101,274.74825033,188.05802655,2.8,2.3,0.11125398,0.17876029,0.2335422,0.29232883,0.3528297,0.4093926,0.46283245,0.5146837,3
0.45691639,9.20923424,40.62607956,2.14773035,2.02146792,0.96559691,2.76703334,4.08669376,4.6353159,4.78225231,4.82827187,4.84036732,4.84761524,23
0.46687876,263.70611349,225.291673,2.2,2.4,0.13733768,0.18003035,0.22436929,0.26293325,0.29925585,0.33345008,0.36581302,0.39577436,3
0.57394612,214.20458984,349.06674194,2.21726346,2.04147148,0.08975863,0.11507463,0.13246584,0.1402092,0.15532589,0.16832852,0.17989111,0.19140935,11
0.8349043330607814,1.5110690830912128,54.61965896648651,2.762318568788189,2.428161393271665,1.0231916904449463,3.0830116271972656,4.7697434425354,5.656107902526856,5.989770889282227,6.149351119995117,6.249617576599121,6.288962364196777,7
0.75235891,149.13442993,288.97869873,2.4145155,2.21024275,0.13910484,0.19748998,0.25664449,0.30931211,0.35819125,0.40313101,0.44451928,0.48299122,4
0.4027037,113.10148469,109.99651031,2.8,2.2,0.480206,1.1906343,1.6333373,1.8134527,1.9144907,1.9914198,2.0552597,2.1099863,20
0.8861816228899424,10.93873043937913,0.0385221697152184,2.1731545984973346,2.8060040218758027,0.8151545524597168,2.278454065322876,3.2229979038238525,3.702664613723755,3.98429274559021,4.181484222412109,4.335457801818848,4.4675397872924805,22
0.6032411564502097,10.117456539995953,0.0187548518364331,2.5674338181552465,2.601275379811808,1.0536839962005615,3.1452877521514893,4.786476135253906,5.601004600524902,5.959031105041504,6.184120178222656,6.346040725708008,6.476082801818848,5
0.90077227,166.09108391,103.4024595,2.27169402,2.91375385,0.18463922,0.31901121,0.45001197,0.57454538,0.69077826,0.79948735,0.90098858,0.9960885,16
0.47455977,4.36296307,86.87986967,2.96433875,2.80959469,1.06420279,3.21482038,5.2066021,6.4734745,6.79488945,6.829669,6.84555149,6.84615421,7
0.3054682520171566,2.42720845873038,0.0141534673595126,2.973608594684522,2.941993913196603,1.318161964416504,4.445738792419434,8.165287971496582,11.54684352874756,13.682916641235352,13.735445022583008,13.74091339111328,13.745574951171877,12
0.57879176,207.21592094,229.0897353,2.9,2.8,0.22453332,0.345788,0.45746112,0.55601096,0.64427733,0.7246332,0.79800105,0.8654885,17
0.536843578642482,5.343659146706424,0.3122151448717791,2.1266854536850364,2.6752603493613485,1.143704891204834,3.645137071609497,6.031145095825195,7.499228477478027,8.064493179321289,8.211546897888184,8.277382850646973,8.332917213439941,13
0.77103732,36.77677345,239.93095703,2.4,2.6,0.38830352,0.8321638,1.1219187,1.2854476,1.3910651,1.4690077,1.5286863,1.5746801,10
0.36184627,137.12049866,84.22199249,2.21201658,2.10326314,0.38152885,0.80547023,1.0450995,1.16957927,1.25774598,1.32842493,1.38653255,1.43573499,21
0.46987407,207.61625112,87.5855145,2.0,2.6,0.21214938,0.34211254,0.4545002,0.5510502,0.63628626,0.71201634,0.78047657,0.8408196,16
0.3627765359459801,0.9001101506813162,0.0078737527533957,2.6476613998994014,2.604550845365261,1.2801125049591064,4.299233913421631,7.856368541717529,11.151525497436523,13.226551055908203,13.255044937133787,13.263193130493164,13.27017593383789,12
0.91307567,254.75968738,139.47094824,2.0,2.6,0.09942508,0.15976405,0.20937443,0.25573564,0.30665135,0.35566616,0.4021237,0.44689512,2
0.40239789,287.88313117,314.73603051,2.8,2.6,0.16996408,0.20687556,0.24667168,0.28469753,0.31780028,0.3483169,0.37712598,0.40383697,4
0.31936523,131.0919342,283.19470215,2.65663624,2.26227069,0.30252457,0.50918365,0.59355974,0.6431272,0.68398905,0.71818471,0.74701977,0.77159977,21
0.333318,112.54101562,395.01208496,2.71655631,2.16730499,0.22287536,0.26661205,0.28310657,0.29404497,0.3042407,0.31422114,0.32360601,0.3320291,11
0.4151976252453074,3.678110672159249,0.0047654326528239,2.7796230023325266,2.175797950819608,1.1832196712493896,3.778562545776367,6.469505310058594,8.4894437789917,9.531268119812012,9.658403396606444,9.667336463928224,9.675589561462402,12
0.98777154,170.89649735,146.23016903,2.1,2.2,0.11478901,0.19201016,0.26291442,0.33007646,0.39700294,0.4599557,0.519156,0.57546496,2
1.0,138.93882816,400.0,2.0,2.0,0.07267475,0.10213876,0.12200046,0.13396859,0.15092587,0.16573429,0.17944717,0.19291377,11
0.626278228437031,284.2557127059168,364.61343508942514,2.0,2.0,0.0610556602478027,0.0838849544525146,0.1025552749633789,0.1046607494354248,0.1151323318481445,0.1230936050415039,0.1303298473358154,0.1384778022766113,11
0.77588124,19.60822314,195.13146873,2.56336405,2.79972991,0.57897711,1.51936173,2.13730931,2.39510512,2.49640489,2.54978347,2.5893085,2.62289119,1
0.80567042,124.98784787,63.03847034,2.9,2.3,0.2699411,0.5084119,0.7221744,0.9110408,1.0781491,1.2271397,1.3589044,1.4767983,10
0.36734715,170.74803162,398.52566528,2.20328689,2.04836273,0.12378025,0.13440847,0.14133811,0.14248204,0.14842129,0.15335488,0.15702987,0.16090655,11
0.3806523,236.88750811,286.13360202,2.5,2.3,0.1796577,0.22954488,0.27963543,0.32018542,0.35781384,0.39202595,0.4231038,0.4524951,4
0.8950262982008649,1.7834977226304969,2.559091046581666,2.042623041744037,2.363584335883272,1.0709772109985352,3.1783323287963867,4.7631916999816895,5.567829132080078,5.980935573577881,6.245618343353272,6.4326910972595215,6.584768772125244,6
0.45383567,239.5329417,54.72081138,2.7,2.3,0.26856112,0.47851872,0.6465099,0.78791475,0.9107144,1.0178847,1.112122,1.1952443,9
0.3610099815503935,20.44486300889597,0.0623631203448285,2.257207691053138,2.0943127544954003,0.9869492053985596,2.935786962509156,4.479611396789551,5.2165632247924805,5.431520462036133,5.540719985961914,5.6031599044799805,5.644659042358398,5
0.89356514,193.62913056,331.77447915,2.6,2.0,0.09847999,0.14644337,0.19128227,0.23032308,0.27014208,0.30762053,0.34386873,0.3785708,4
0.55041576,33.92142913,335.86724596,2.4,2.1,0.3762114,0.7976191,0.99998164,1.0378737,1.049376,1.059165,1.0673342,1.0742819,21
0.47240853,285.39810181,176.1075592,2.04456663,2.44383383,0.14088583,0.19939566,0.25924683,0.31264305,0.36270404,0.40917516,0.4524951,0.49324918,3
0.31070989,126.71321036,317.1672605,2.01038741,2.51921068,0.29235721,0.50338006,0.59357548,0.64209032,0.67994094,0.71258092,0.73893166,0.76116276,21
0.58732766,125.97841776,394.10710279,2.68689282,2.57054685,0.20561481,0.27831197,0.336092,0.38554311,0.42917681,0.46739554,0.50174069,0.53273463,4
0.82656837,17.87907219,17.21299171,2.08297491,2.5396533,0.69995093,1.84166384,2.52848315,2.87716556,3.08967757,3.24207902,3.36429334,3.46869063,22
0.7797156748966609,2.4447783075177365,0.0042671478183634,2.16363072740674,2.1011237202720445,1.067568063735962,3.1427152156829834,4.688549995422363,5.493155479431152,5.902098655700684,6.176548957824707,6.376338958740234,6.529167175292969,5
0.99722485,271.87164992,138.08551724,2.4,2.7,0.1326642,0.1840713,0.24218535,0.3027382,0.36512518,0.4239638,0.47909594,0.5337932,2
0.41951656,231.16843402,36.21048348,2.1,2.7,0.2474761,0.42400336,0.56304216,0.68070436,0.7821436,0.8701618,0.94763947,1.0161135,15
0.31387745,294.63522038,149.82113117,2.7,2.9,0.27270198,0.4330349,0.5368147,0.62558484,0.7019572,0.768991,0.8296082,0.8834832,17
0.5299702259285446,259.54494334885123,377.4507036160786,2.9,2.3,0.1245884895324707,0.1382758617401123,0.1589009761810302,0.1703534126281738,0.1898248195648193,0.2031319141387939,0.2128956317901611,0.2268140316009521,11
0.47918935,221.96022776,238.37517273,2.2,2.6,0.16174626,0.2160151,0.27064276,0.31724405,0.3597653,0.39969707,0.4362862,0.47030425,3
0.6021392645267235,35.665446472546215,0.075198233970739,2.739166555239831,2.143879766525481,0.692711591720581,1.8265798091888428,2.535754442214966,2.900010824203491,3.120246171951294,3.278953313827514,3.39986252784729,3.5103676319122314,22
0.60329217,31.2550296,195.13059749,2.7,2.4,0.5681238,1.50019,2.0959504,2.3039615,2.3626277,2.3958733,2.4248002,2.4504354,1
0.41010319,60.3400691,159.87075572,2.4839276,2.57767951,0.56825018,1.53223681,2.15429401,2.36157751,2.42031479,2.45957756,2.49437189,2.52561808,0
0.69947445,22.74805739,31.1072183,2.81739617,2.48639538,0.74551582,2.03534961,2.87638497,3.30539107,3.54904485,3.71301723,3.84183478,3.94684196,23
0.53937531,286.13308716,213.5010376,2.96329951,2.91944695,0.19359112,0.2706089,0.35510421,0.43063736,0.49850583,0.56211257,0.62154293,0.67737436,3
0.96579394,174.29762928,205.80665823,2.7,2.4,0.14657998,0.2368319,0.32285833,0.40857935,0.48988318,0.56580234,0.63714576,0.70490694,17
0.62422347,106.04230129,390.05359113,2.26027586,2.61470204,0.19974136,0.28049994,0.34568429,0.39987898,0.44714546,0.48904514,0.52563787,0.55936623,4
0.3226941,81.90337818,228.02270035,2.6,2.3,0.47900605,1.1781476,1.5860827,1.6633635,1.6785817,1.693325,1.7069507,1.7194083,1
0.996365030846222,287.61997555786246,400.0,2.05308967,2.22987749,0.0547089576721191,0.0838053226470947,0.1110961437225341,0.1132214069366455,0.12386155128479,0.1363229751586914,0.1504232883453369,0.1622817516326904,11
0.30811394,80.20984099,59.14994068,2.7512537,2.45493565,0.70374322,1.94508791,2.78423309,3.10313511,3.19778633,3.24123764,3.27653885,3.30938721,23
0.7634939287522294,3.3887589660608253,0.0601256464148001,2.435545437376666,2.7074062057278567,1.1353309154510498,3.461078643798828,5.386407375335693,6.414154529571533,6.898049831390381,7.1864447593688965,7.415220737457275,7.588244915008545,5
0.77713998,137.70992018,156.56728598,2.07071429,2.70715935,0.20439148,0.35443902,0.49450207,0.62003922,0.73333073,0.83661914,0.93022776,1.01542497,17
0.696153060273045,3.371740693745468,0.0097126598282404,2.252342934227088,2.879064951874242,1.1618766784667969,3.66546368598938,5.957735061645508,7.297416687011719,7.862861633300781,8.099703788757324,8.258135795593262,8.372519493103027,12
0.40169536,215.22049564,0.8410653,2.4,2.3,0.32861996,0.6428902,0.864187,1.0319345,1.1642733,1.274219,1.3692758,1.4503341,8
0.7199973860074387,22.17119625186741,0.0206214802269124,2.1846741263096003,2.037307786385852,0.6825096607208252,1.7456974983215332,2.3776774406433105,2.712095260620117,2.919771671295166,3.073575973510742,3.197418212890625,3.302917957305908,22
0.8496977468098216,132.3466829076137,0.0724598427008335,2.415134515976016,2.333418502727233,0.2345108985900879,0.4336230754852295,0.6200251579284668,0.7882816791534424,0.9397954940795898,1.0777065753936768,1.2022624015808103,1.3147482872009275,8
0.58154755,126.64632222,289.93394379,2.8,2.0,0.22649693,0.3714187,0.48559403,0.5820472,0.66431427,0.7359543,0.7980795,0.8539481,17
0.7825198256159331,0.8278498256140957,56.2256717695528,2.364120239789308,2.077806253086387,0.986128568649292,3.0065407752990723,4.736453056335449,5.682307243347168,5.944570541381836,5.979314804077148,5.990296363830566,5.992246627807617,7
0.5482845326529832,11.422820693407216,0.6827333957609519,2.67515039,2.04983878,0.9767739772796632,2.7855262756347656,4.053150653839111,4.663745880126953,4.992712020874023,5.222669124603272,5.384315967559815,5.499934673309326,5
0.9307638958523872,1.4310834398742731,0.094700019972804,2.789486884448557,2.947130227165552,1.2047548294067385,3.690882205963135,5.823990821838379,7.040712356567383,7.6660661697387695,8.087259292602539,8.439620018005371,8.72426986694336,12
0.9534109654419252,15.917860135008093,0.4390382089465636,2.042152475941025,2.883895365875844,0.6692342758178711,1.7751193046569824,2.473832607269287,2.874945640563965,3.1414356231689453,3.346285820007324,3.513062000274658,3.65405797958374,22
0.81071514,29.95942116,143.48490906,2.5462594,2.22761154,0.4511919,1.03468251,1.41162109,1.62434959,1.76583529,1.86789989,1.94695091,2.01438665,20
0.514067612215293,26.52721553524417,0.0111044436586435,2.095510008609496,2.9214917210974023,0.9016869068145752,2.734871625900269,4.132922172546387,4.774844169616699,5.000002861022949,5.119256973266602,5.195462226867676,5.25572681427002,5
0.53502663,180.28023517,243.07572543,2.7,2.9,0.24578595,0.38956738,0.50372887,0.6032882,0.6897857,0.7664566,0.8354733,0.89743876,17
0.41329763,65.73060533,209.82822082,2.4,2.6,0.4780264,1.1522374,1.5418918,1.6479685,1.6822207,1.7100279,1.7345355,1.7571957,1
0.7544351168436924,54.60734769144702,0.0041908327736432,2.7932068197910342,2.8671895354978894,0.5569257736206055,1.3720207214355469,1.9406909942626955,2.29626989364624,2.548344135284424,2.7465381622314453,2.910010814666748,3.049995422363281,18
0.61431664,122.85463715,30.95152473,2.99913931,2.46740055,0.372087,0.77351427,1.07713032,1.30966091,1.49305487,1.64459324,1.77364874,1.88487864,9
0.30280882,288.56100464,347.28601074,2.28495693,2.31612396,0.1272819,0.14029121,0.15611005,0.16104174,0.16920328,0.17678928,0.18562913,0.19287467,11
0.7779179196931321,1.922184273259328,18.317363337557392,2.56111121,2.3250618,1.1004481315612793,3.3410074710845947,5.192347526550293,6.201645851135254,6.630771636962891,6.879524230957031,7.064157485961914,7.193224906921387,6
0.4720177591510269,1.7046949944752352,11.671384746730794,2.2965088872159827,2.549901327882039,1.192141056060791,3.930256128311157,6.960291862487793,9.388986587524414,10.579686164855955,10.616997718811035,10.620169639587402,10.62299346923828,14
0.86146134,253.02183533,3.92763686,2.31665754,2.67284894,0.15120864,0.25867128,0.35932922,0.45999336,0.55631781,0.64777589,0.73476386,0.81815886,15
0.49967596,63.07577515,79.11512756,2.1620841,2.15043163,0.51025414,1.23550057,1.64131904,1.81448269,1.91366982,1.994838,2.06439519,2.12305903,20
0.60178647,96.19910201,32.79934266,2.1,2.5,0.3716433,0.78302574,1.0759945,1.2810159,1.4390976,1.5636406,1.6682382,1.7585859,9
0.8287278281480389,215.4851250721776,0.0105562702725544,2.276923594006001,2.1982427759192125,0.1512646675109863,0.2615737915039062,0.3673689365386963,0.4687650203704834,0.5651509761810303,0.6565649509429932,0.7429161071777344,0.8243894577026367,15
0.5731258680263795,223.0630051785897,353.7877902371561,2.5,2.5,0.13918137550354,0.1748614311218261,0.2118504047393798,0.2473988533020019,0.2801520824432373,0.3098301887512207,0.3376390933990478,0.3644959926605224,4
0.77436965,290.98619832,72.38395539,2.88320388,2.0481801,0.11572051,0.18226528,0.24163485,0.30037403,0.35931373,0.41638374,0.47047424,0.52188468,2
0.54856503,19.76681137,47.26288605,2.67649317,2.72863412,0.91523933,2.64908314,3.94730902,4.56005383,4.79167843,4.88831711,4.93792486,4.97693443,23
0.71203216,27.4107733,13.69299845,2.59318571,2.122175,0.66158628,1.67574334,2.29832721,2.62858987,2.83456111,2.98360467,3.11103749,3.20492196,18
0.68093857,60.3009501,242.81839614,2.0462038,2.45590719,0.31620312,0.61948633,0.8226819,0.96217489,1.06469536,1.14358115,1.20768976,1.26040125,10
0.74529952,103.98917872,314.14343239,2.31943478,2.10365309,0.15646553,0.21972799,0.27942967,0.33147073,0.37821198,0.41966629,0.45662117,0.49032617,4
0.72846013,259.89480591,205.93444824,2.29086447,2.08838964,0.09547305,0.14303613,0.18405485,0.21820259,0.25730395,0.29421806,0.32896376,0.36211467,3
0.64343039,47.41561654,257.68970896,2.35162536,2.21590194,0.34548211,0.68992066,0.89308596,1.00019503,1.07075644,1.12333941,1.16535115,1.19830132,21
0.85427427,57.04717636,54.48752975,2.12892532,2.97523499,0.40991569,0.91130137,1.29014421,1.57373381,1.79462624,1.97292638,2.12179112,2.24905372,19
0.76148943,84.26402971,50.44638189,2.4,2.5,0.34939146,0.71744823,1.0056531,1.2331254,1.4159036,1.5680599,1.6964202,1.8071017,9
0.5592852142866424,8.54423182328426,7.732543057055784,2.87340524,2.76810974,1.1209099292755127,3.4529387950897217,5.498335838317871,6.6426544189453125,7.090044975280762,7.308587074279785,7.473929405212402,7.608192443847656,6
0.4292775,37.98914942,122.18659234,2.60676757,2.70773304,0.73286223,2.08357501,3.05479932,3.43898749,3.52295947,3.54483199,3.56193948,3.57854629,23
0.50687319,60.29962428,329.95483706,2.6,2.8,0.38176203,0.7862284,1.0069866,1.0884936,1.1322372,1.1656139,1.1940722,1.2173169,21
0.9981534217766072,1.506042440425933,0.0042928926585866,2.189480817180788,2.965013238798305,1.1194164752960205,3.4052791595458984,5.25147008895874,6.236353397369385,6.729193210601807,7.050251483917236,7.294861316680908,7.479079723358154,5
0.3084268,188.11552278,44.91625987,2.38426239,2.65629792,0.45484877,1.07409477,1.45200682,1.61784768,1.72117019,1.80341935,1.87277102,1.93214059,19
0.9605016977012996,188.05594466219048,0.0153366697616418,2.6441350869173315,2.359206181906051,0.1696164608001709,0.2957723140716553,0.4186482429504394,0.5374655723571777,0.649996280670166,0.7570505142211914,0.8578500747680664,0.9536948204040528,15
0.89887999,48.73062656,59.4281967,2.4,2.1,0.36880374,0.7776694,1.0938225,1.3376439,1.5312316,1.6884301,1.8195996,1.9336641,10
0.30640257,130.83043522,64.7662915,2.7,2.4,0.5679281,1.5029154,2.1003754,2.3000948,2.3742669,2.4296339,2.4813435,2.528177,0
0.71337595,157.43455562,302.04297523,2.41643344,2.45579541,0.15692043,0.2242465,0.293612,0.35379457,0.40869856,0.4596436,0.50653434,0.55008125,4
0.74301655,63.44962955,356.94318607,2.86332308,2.30426526,0.23507571,0.36205649,0.44743824,0.51494384,0.57028699,0.61714649,0.65665674,0.69055557,17
0.98680235,166.13026835,257.49317152,2.3,2.6,0.12090898,0.1855681,0.24615669,0.30204678,0.35594177,0.40824986,0.4580803,0.50468636,4
0.99360732,300.0,5.53931007,2.0,2.0,0.08213496,0.14577627,0.20437813,0.25774813,0.31215549,0.3646152,0.41605854,0.46732378,2
0.3843069434442718,1.324402557188345,0.0939531859534284,2.584407763492516,2.281410282660234,1.2329754829406738,4.071102142333984,7.289789199829102,10.091355323791504,11.7959566116333,11.848742485046388,11.856825828552246,11.863648414611816,12
0.335235083391303,24.67469226686688,0.2308654792325832,2.3613319979847707,2.715863506766968,1.0565409660339355,3.303534030914306,5.349819660186768,6.523821830749512,6.87730884552002,6.938259124755859,6.972001075744629,7.003021240234375,5
0.7384833394372315,63.26596433297816,0.0251304130372505,2.575104461199089,2.7503313663518347,0.5111203193664551,1.2240092754364014,1.722609281539917,2.047417402267456,2.2839066982269287,2.4726951122283936,2.6293094158172607,2.76290249824524,18
0.93643711,148.11027449,348.64087651,2.5,2.5,0.13136959,0.1874969,0.24249601,0.29519176,0.34517193,0.39116645,0.43374753,0.47389913,4
0.67256188,19.97634125,23.83106232,2.02100873,2.9734931,0.8133316,2.37000847,3.43546772,3.90207481,4.0949111,4.20298195,4.28193617,4.34960127,23
0.48330549,182.19949321,255.92799023,2.4,2.3,0.193928,0.27843952,0.35356045,0.41757488,0.47416806,0.5250356,0.57142735,0.61307096,4
0.4424605414941551,5.321440285326108,0.187462684929668,2.4482852799115387,2.88562970346483,1.224315166473389,4.005466938018799,6.9874653816223145,9.18594741821289,10.199411392211914,10.347127914428713,10.35845947265625,10.37333869934082,12
1.0,170.55862704,400.0,2.0,2.0,0.06419039,0.09268427,0.11218452,0.12072396,0.13550925,0.14797449,0.15963817,0.17224646,11
0.99248126,70.11579155,370.24668248,2.3,2.0,0.14102364,0.20299578,0.26445508,0.3176415,0.365597,0.4079163,0.4459238,0.48019052,4
0.6798595579742348,67.9377108611599,0.0107418465023032,2.473626231366029,2.2993826749084594,0.4653723239898681,1.0767066478729248,1.49638032913208,1.7713985443115234,1.9734911918640137,2.1357879638671875,2.271331787109375,2.3876333236694336,18
0.41469708,135.22273055,75.95897842,2.87312148,2.27877668,0.41012836,0.89438391,1.20331645,1.37961364,1.49906802,1.59564281,1.67846942,1.74705815,20
0.589453360282506,7.273334162829454,0.1085465068831085,2.5316472211653327,2.7780336991097387,1.128594160079956,3.498105525970459,5.567434310913086,6.713459014892578,7.1759138107299805,7.3860063552856445,7.552401542663574,7.667354583740234,5
0.35520807,210.17124122,249.42347383,2.7560705,2.9588192,0.30821085,0.5309701,0.66141605,0.76064181,0.84299183,0.91262102,0.97341156,1.02608562,17
0.31365511,30.89490399,93.13890226,2.69324199,2.38375541,0.83852291,2.4054215,3.5847733,4.08337212,4.20283699,4.21913433,4.22234058,4.22599792,23
0.37063301,245.55137344,242.98325339,2.2,2.8,0.17615795,0.22263765,0.26953936,0.30601668,0.34002924,0.3722329,0.40134382,0.42825127,3
0.50730483,217.71997921,374.2461423,2.1,2.7,0.11036253,0.13133764,0.14938474,0.15697837,0.167202,0.17784047,0.18919873,0.19792438,11
0.67409751,261.7691347,111.93210024,2.9,2.8,0.19386792,0.30385518,0.41610909,0.5229125,0.619714,0.7107506,0.795876,0.875721,16
0.696768467055525,1.4203946030333734,2.847862304574879,2.7082690327854144,2.088359249845702,1.154083013534546,3.5741474628448486,5.786006927490234,7.149147033691406,7.743406295776367,7.988286972045898,8.16937255859375,8.333870887756348,14
0.38278276,99.74098206,386.29669189,2.20346427,2.43076825,0.25265455,0.36768126,0.40983081,0.44139171,0.46745563,0.49036241,0.50991869,0.52671146,21
0.5892046670832147,63.81915090209769,0.0148550966474157,2.8891113548830503,2.632808069358616,0.6208899021148682,1.6278347969055176,2.2932677268981934,2.6480517387390137,2.868384838104248,3.0335841178894043,3.170903205871582,3.287363052368164,18
0.77312943,14.23256341,323.91086806,2.97094613,2.89142555,0.532341,1.35651112,1.91706228,2.10120296,2.10748959,2.10768414,2.10774231,2.10786438,1
0.80404898,5.2483395,127.243924,2.6,2.8,0.83297396,2.3652582,3.482378,3.9934192,4.1682706,4.2156754,4.218994,4.220381,23
0.43533369,229.99134391,97.82151012,2.7,2.8,0.2957282,0.52774787,0.69945526,0.8418546,0.9625678,1.0669539,1.1573815,1.2378378,10
0.38730291,123.46681976,342.45611572,2.6936779,2.06051874,0.21503615,0.27416396,0.30743194,0.33470941,0.35778832,0.37878776,0.39731002,0.41392922,4
0.9991379348044388,1.8285494407219296,70.89212125411332,2.2176740052603447,2.8271133964336514,0.9391636848449708,2.8296146392822266,4.305457592010498,5.036562919616699,5.314417839050293,5.4310302734375,5.478695392608643,5.499369144439697,7
0.34065453,209.17269987,203.60761379,2.71694408,2.06058509,0.21572948,0.30218148,0.3658185,0.41897273,0.46505404,0.50652122,0.54298425,0.57610917,3
0.80488373,288.50209064,52.63232309,2.1,2.3,0.10464549,0.17417026,0.23583555,0.29363322,0.3536582,0.41073012,0.4657104,0.5179279,2
0.40972078,150.56899838,39.37276507,2.1,2.8,0.37464786,0.7835951,1.0484099,1.2129083,1.3354101,1.4325948,1.5164623,1.5896955,9
0.429126216281618,1.4432508830702782,0.2200484970183561,2.278494452214038,2.1809722247276486,1.1933317184448242,3.91488528251648,6.911700248718262,9.38552951812744,10.75629997253418,10.819249153137209,10.823957443237305,10.82784652709961,13
0.42026269,110.48848217,292.31477816,2.8,2.3,0.33768463,0.6596272,0.8418591,0.94280314,1.014148,1.0706315,1.1165257,1.1549256,21
0.78324222,15.30485891,285.58164552,2.9,2.5,0.53491116,1.386009,1.9540701,2.1476946,2.1670413,2.1680608,2.1696181,2.171228,1
0.30341581,104.05544593,113.03559453,2.7,2.5,0.59296703,1.5928664,2.256464,2.4621491,2.5096679,2.5447965,2.5775027,2.6063375,0
0.816634059201754,40.6817010358189,0.0083638501769879,2.7954909931062346,2.1560055872429285,0.4956376552581787,1.1633429527282717,1.629725456237793,1.9377837181091309,2.1641287803649902,2.3442182540893555,2.494500160217285,2.623055458068848,18
0.40950015,294.03258343,147.08017353,2.2,2.2,0.15124989,0.2081132,0.26460195,0.31475163,0.36140752,0.40494823,0.44516182,0.48264146,2
0.9280524624976764,5.041327205257616,0.048257370750689,2.0926966982371384,2.371090235730335,0.9134082794189452,2.530780076980591,3.578437089920044,4.108078956604004,4.415409088134766,4.627233505249023,4.784533500671387,4.91972541809082,22
0.43979793,144.25743939,310.03699508,2.7,2.5,0.27505422,0.45211744,0.55613995,0.63808775,0.7063663,0.7636769,0.81366396,0.85684204,17
0.30649367,137.86788368,358.52648094,2.43235612,2.44859729,0.26585698,0.39140964,0.43338585,0.46568823,0.49384451,0.51817846,0.5385046,0.55826569,21
0.46879674,204.43306977,116.99502266,2.5,2.5,0.26642036,0.46264148,0.6138022,0.7410071,0.8497653,0.9446237,1.0271933,1.100838,16
0.52409199,3.44335974,325.95055536,2.17916942,2.87243957,0.60378933,1.69912744,2.5130055,2.67817426,2.68210816,2.68362975,2.68445563,2.6856029,1
0.39392847,245.87213135,54.082798,2.89870095,2.974509,0.35767531,0.70232081,0.94484305,1.12719011,1.27358818,1.39588022,1.49812508,1.5874691,9
0.8545210093667426,129.77427762532224,0.2407998696040776,2.8342479862858267,2.845317938469208,0.2994489669799804,0.5685997009277344,0.8131651878356934,1.0307557582855225,1.2230637073516846,1.394641637802124,1.5472605228424072,1.68408465385437,8
0.38450992,200.15263367,209.2265625,2.43662548,2.60158014,0.26764727,0.44169974,0.55519009,0.64800644,0.72583389,0.79310369,0.85008955,0.90158081,17
0.8136164874437904,1.872766433141584,0.0156333945368462,2.4570126294656323,2.7587385301596545,1.185610055923462,3.683887004852295,5.883442401885986,7.138726711273193,7.722849369049072,8.042135238647461,8.290241241455078,8.493465423583984,12
0.887629748888937,2.329698672078605,0.0351312782669375,2.090604612027524,2.5880052962345763,1.0793380737304688,3.238033533096313,4.886150360107422,5.730413436889648,6.151402473449707,6.416922569274902,6.610944747924805,6.772367477416992,5
0.88477534,294.68154907,123.53808594,2.554986,2.09829235,0.09557343,0.15466452,0.20251894,0.24549961,0.2943933,0.34247255,0.38745403,0.43105245,2
0.6601282495865921,26.91886085321508,0.4898508431587341,2.0058284430857176,2.745643089815352,0.7543418407440186,2.127854347229004,3.002262115478516,3.403010368347168,3.611738681793213,3.7598681449890137,3.8714284896850586,3.971529006958008,22
0.9456020277321984,15.874578684913828,4.99107747475002,2.6033465545787497,2.4744932040124192,0.6751563549041748,1.7267014980316162,2.407273054122925,2.8107144832611084,3.081776857376098,3.2908384799957275,3.461000204086304,3.607378244400024,18
0.32944353,139.85279986,15.16120143,2.5,2.8,0.5702896,1.4664402,2.0331874,2.2618499,2.3802328,2.4684048,2.5434103,2.609456,19
0.52042351,125.24340681,331.3418642,2.1,2.7,0.18368411,0.23611045,0.2813573,0.31837153,0.35100698,0.37991047,0.4058752,0.4292431,4
0.49688467,189.10223389,2.87527633,2.64236307,2.98568821,0.38433719,0.8049376,1.11542511,1.34817934,1.53313112,1.68436193,1.81051016,1.92212152,8
0.86068184,175.22205997,326.3567343,2.44588765,2.011853,0.09536099,0.13241673,0.16202688,0.18585014,0.21460724,0.24008632,0.26410484,0.28681302,11
0.5892968041816486,2.131779964237713,1.4685315828377508,2.5199805731454727,2.1400602563552984,1.1633992195129397,3.65863037109375,6.079917907714844,7.664460182189941,8.368206977844238,8.537193298339844,8.628400802612305,8.716781616210938,13
0.80209838,41.44182533,134.59447069,2.5,2.2,0.42602682,0.9600766,1.3229194,1.5533302,1.7175338,1.8417664,1.9391131,2.0217247,20
0.80432266,146.07545471,284.3269043,2.50166559,2.27424288,0.14471221,0.20995975,0.27715826,0.33643103,0.3905859,0.44137979,0.48833847,0.532058,4
0.6323513523379128,3.6362997337636096,0.0057934833290265,2.5218673774544693,2.170452625505016,1.113161325454712,3.371244430541992,5.259423732757568,6.290461540222168,6.735982894897461,6.98514461517334,7.183780670166016,7.334722518920898,5
0.30792896,137.28299112,34.37963314,2.84506061,2.66527774,0.59686828,1.5828836,2.22963357,2.47886205,2.58209014,2.6563108,2.71975303,2.77643561,0
0.998438936484196,22.807954548000826,0.4453343765401513,2.5662912489126306,2.737651298705832,0.5869967937469482,1.438469171524048,2.023145914077759,2.404256582260132,2.680079698562622,2.898552179336548,3.080806016921997,3.2372419834136963,18
0.3,1.8310221932624555,18.19328089672424,2.6001482,2.84791279,1.2366530895233154,4.120261192321777,7.499755859375,10.461749076843262,12.340770721435549,12.389220237731934,12.390015602111816,12.3908109664917,14
0.51985808,34.37588599,180.00597776,2.2,2.7,0.5425985,1.3729017,1.8544009,1.998523,2.0352414,2.0590794,2.080351,2.1000202,0
0.6191282513354349,17.397862519054613,0.5781690495510649,2.2294614264346406,2.481932934008278,0.8915297985076904,2.555968761444092,3.690868854522705,4.212831497192383,4.456697940826416,4.618337631225586,4.720422267913818,4.817777156829834,22
0.3773211555766738,2.7479104436977018,84.86339384285445,2.378963056714402,2.814810266822855,1.0219931602478027,3.275789976119995,5.573575973510742,7.232779502868652,7.872206687927246,7.880258560180664,7.880352973937988,7.880364418029785,14
0.7815859465580337,1.5707459949720004,0.0074973501955301,2.4150649243627536,2.1847168662310708,1.1440060138702393,3.4869325160980225,5.460033416748047,6.567605018615723,7.084769248962402,7.394383430480957,7.635703086853027,7.818613052368164,5
0.92174369,9.75586033,154.30267334,2.5185678,2.00544167,0.5416894,1.32363415,1.78407288,1.98252535,2.0763135,2.12420797,2.15713692,2.18475389,0
0.33819319,212.60957479,117.34971535,2.3,2.3,0.28015447,0.48443294,0.6170416,0.7186489,0.8010118,0.87193346,0.9321034,0.98511744,16
0.36463383,9.02239895,29.08630371,2.97295856,2.75542402,1.19409847,3.66065168,6.09383392,7.76686954,8.34949398,8.42172241,8.46783066,8.49287605,14
0.5447092775271654,0.7654968143914181,0.0158322173758737,2.1195617479131315,2.900087445667515,1.2531263828277588,4.250423431396484,7.80804443359375,10.951160430908203,12.84542179107666,12.910924911499023,12.919005393981934,12.925843238830566,12
0.6613609,168.86435617,283.21236632,2.2,2.2,0.13515472,0.18833256,0.24102688,0.287261,0.3313372,0.37174702,0.40929413,0.4439795,4
0.65132036,178.37862406,185.50113339,2.6,2.1,0.18084192,0.2897699,0.39416313,0.48720312,0.57149506,0.64880705,0.71979785,0.7857928,17
0.8152563150931281,224.4046841644196,355.9287644878822,2.05308967,2.22987749,0.0754284858703613,0.1079964637756347,0.1358492374420166,0.1501955986022949,0.1713459491729736,0.1918275356292724,0.2123379707336425,0.2313008308410644,11
0.56959775,148.1980334,188.41342579,2.1,2.3,0.1948893,0.30519176,0.4019313,0.48483443,0.5576751,0.62196183,0.67935133,0.7312658,17
0.87400635,68.32865884,326.63691675,2.4,2.7,0.2217617,0.35720444,0.46901393,0.5616286,0.6409476,0.7091937,0.7688396,0.81988645,17
0.3953147428324701,179.6995819907723,0.3376885904500056,2.23022811018919,2.748268143457961,0.4302916526794433,1.0063934326171875,1.3849458694458008,1.60595440864563,1.764688491821289,1.8901000022888184,1.9944024085998533,2.08727502822876,18
0.9815805,169.86853162,191.64493782,2.1,2.2,0.10806632,0.1756177,0.23673153,0.29411507,0.35195422,0.4061923,0.45767593,0.5064628,3
0.56268852,72.56380818,208.06111386,2.8,2.8,0.44250417,1.0105486,1.3829417,1.5768046,1.6943359,1.7808614,1.8524189,1.9111824,20
0.30620362,64.75349878,38.6913941,2.2,2.3,0.7335541,2.011586,2.8363078,3.1231797,3.19826,3.2322638,3.2609122,3.287536,23
0.5089805078203335,4.662369452706022,0.2930939470241434,2.549678949348668,2.8152977137502915,1.2162187099456787,3.932094097137451,6.722984313964844,8.649563789367676,9.478200912475586,9.635091781616213,9.681321144104004,9.741724014282228,13
0.9473983,280.47556751,203.49157067,2.2,2.1,0.07714725,0.12698913,0.17015553,0.20155764,0.2380414,0.27495646,0.31057215,0.3454473,11
0.911659687162782,106.28243998523554,0.0376714337198697,2.348149438299472,2.4318801393695963,0.255474328994751,0.4838700294494629,0.6955101490020752,0.8851597309112549,1.0540871620178225,1.206136703491211,1.3422889709472656,1.464494705200195,8
0.6652073783859008,1.850223052221755,0.0200047102845758,2.7642630493629263,2.787997166582933,1.2508926391601562,4.019656658172607,6.816940307617188,8.686666488647461,9.520397186279297,9.774049758911133,9.909724235534668,10.059999465942385,12
0.5357789,13.66257399,143.24599151,2.7,2.1,0.76669145,2.2450593,3.3470647,3.7639625,3.805361,3.8057253,3.8059437,3.8068373,23
0.30561222,56.15694053,115.7525707,2.10097172,2.42307538,0.66251254,1.83698916,2.59417033,2.79255319,2.80778718,2.81805205,2.82793546,2.83733153,0
0.5131990774916844,1.4928449754094395,0.0046311387174588,2.2659374517773694,2.873762748147835,1.2518634796142578,4.193673133850098,7.593255996704102,10.415454864501951,12.009957313537598,12.075361251831056,12.084305763244627,12.091859817504885,12
0.5307019089652817,83.74870674591905,0.0254116113045431,2.071302787323672,2.877953313926458,0.5592246055603027,1.4828166961669922,2.065216302871704,2.35746169090271,2.543576955795288,2.6836421489715576,2.8031466007232666,2.9017422199249268,18
0.9872767266640436,8.140720368941636,0.2424759554069191,2.103820700878368,2.648634176231392,0.7910506725311279,2.144963026046753,2.993614912033081,3.4495880603790283,3.732054471969605,3.939300775527954,4.102950096130371,4.2454833984375,22
0.38922876,256.86450928,309.03163242,2.1,2.5,0.12055731,0.14043713,0.15935278,0.17046356,0.18504477,0.19772172,0.21048856,0.22208905,11
0.83755178,172.19010808,319.09364713,2.0,2.5,0.10003972,0.13780022,0.16902733,0.19513774,0.22501206,0.25280428,0.27900386,0.30302238,11
0.3,300.0,192.83918673,2.0,2.0,0.12763786,0.15478802,0.18012428,0.2025609,0.22521448,0.24625731,0.26618481,0.28535724,11
0.925378128719885,3.428431579583443,0.1313545323111083,2.570967757807034,2.242811169444596,0.9877493381500244,2.722445249557495,3.8740274906158447,4.4919281005859375,4.890925407409668,5.191431045532227,5.418920516967773,5.59454345703125,5
0.38827947,125.65804587,124.51945481,2.9,2.8,0.50109124,1.2285271,1.7110958,1.9236388,2.0343442,2.1158648,2.1848426,2.2467437,20
0.3883576558481769,1.6398648335368955,0.0648138111568893,2.183215743795035,2.4805065357971365,1.226665496826172,4.097270488739014,7.402185916900635,10.26837921142578,12.066232681274414,12.129318237304688,12.13514518737793,12.13996124267578,12
0.65868163,209.87690889,65.0103914,2.9,2.1,0.20637345,0.35768127,0.50159574,0.6325159,0.7522795,0.86206055,0.96353936,1.0569155,16
0.51301277,281.36520386,23.90902901,2.4105649,2.08773804,0.16483378,0.26075196,0.35340166,0.43777776,0.51528883,0.58711863,0.65375519,0.715837,15
0.5853415,149.53219722,19.71619322,2.8,2.3,0.3440888,0.6996484,0.9735551,1.1910021,1.3672986,1.5158229,1.6425405,1.7520268,9
0.4477613,210.03519814,146.94850777,2.7,2.4,0.26864338,0.4648087,0.6112695,0.73403525,0.8388598,0.929651,1.0095034,1.080158,17
1.0,137.75537109,83.81833649,2.0,2.0,0.1303761,0.23066759,0.32595444,0.41618681,0.50154376,0.58244443,0.65802002,0.7290194,16
0.5282235952010454,55.87167844242944,300.9135049295745,2.96374343,2.34674547,0.3680408000946045,0.7696363925933838,0.990802764892578,1.084932804107666,1.1384992599487305,1.1791834831237793,1.2117047309875488,1.238758563995361,21
0.77512279,237.50804333,51.30253845,2.67792964,2.68995354,0.18322945,0.30419445,0.42309093,0.53802562,0.64490557,0.74447846,0.83869481,0.9270637,16
0.4114128031418881,40.89830698721457,0.0379191423407041,2.404694783450519,2.546854088111108,0.8675363063812256,2.541887044906616,3.758414506912232,4.298364639282227,4.502201080322266,4.617038726806641,4.691866874694824,4.746128082275391,22
0.3475997920193269,169.52462694806738,0.010383283419359,2.107184487697884,2.774004544674184,0.482105016708374,1.219371318817139,1.6802632808685305,1.8956191539764404,2.030924081802368,2.1354992389678955,2.226245164871216,2.304848909378052,18
0.7857027,181.62013846,42.98126855,2.4,2.3,0.18421793,0.31983638,0.4500215,0.5705826,0.68249583,0.78569794,0.8818772,0.97134304,15
0.4033013428660111,85.61618475029356,335.19120699042514,2.0,2.7,0.3317654132843017,0.675311803817749,0.8599205017089844,0.9386212825775146,0.9886870384216307,1.0279481410980225,1.0599861145019531,1.0872557163238523,21
0.39050568,85.20288776,7.2188201,2.24575237,2.42333827,0.64791584,1.72514367,2.38112092,2.6327765,2.74953532,2.83202672,2.90011287,2.96156907,22
0.8565962661550381,53.31697115453131,0.4874151378148399,2.969633917158669,2.9740111344098867,0.5174663066864014,1.2153701782226562,1.7347354888916016,2.0970711708068848,2.3665966987609863,2.583526611328125,2.7642593383789062,2.9199161529541016,18
0.40333444,92.73382402,234.97474249,2.6,2.0,0.3834653,0.83994555,1.0968907,1.1950352,1.2524209,1.2964487,1.3347006,1.3668265,21
0.31129872,198.93212571,100.95150832,2.5,2.8,0.38884807,0.813781,1.067519,1.2047367,1.3000412,1.3788328,1.4455557,1.5009508,10
0.9895426166329236,1.3794450152356543,0.1759732521032642,2.8445690117818363,2.862094348091237,1.1770126819610596,3.5306975841522217,5.419147491455078,6.468936920166016,7.039084434509277,7.477888107299805,7.850421905517578,8.133033752441406,5
0.94664251,116.53375116,94.56968485,2.7063192,2.90365782,0.25465536,0.46127629,0.65602136,0.83345532,0.99340224,1.13922811,1.27143836,1.39101672,10
0.66759074,204.29023743,3.95145845,2.27328563,2.82006311,0.24018168,0.43151832,0.60889912,0.76815677,0.91162014,1.04246497,1.16063833,1.26895952,15
0.33821465,8.93205402,121.39383219,2.1741753,2.18659296,0.83746982,2.41604114,3.61384892,4.04545689,4.08032608,4.0805912,4.0806427,4.08064365,23
0.30040493,272.73308289,352.80172005,2.60166457,2.66015278,0.18195462,0.20621467,0.22980499,0.24989319,0.26870847,0.28506517,0.30124998,0.31617785,11
0.88072205,14.82261181,27.5288372,2.04204273,2.30842423,0.66818571,1.69939947,2.31343651,2.63545275,2.84151554,2.98698139,3.1039772,3.20693016,19
0.5504102948799661,2.49359435449427,0.4908616103321973,2.6719089234908493,2.0918645081328058,1.1599202156066897,3.645073413848877,6.0457444190979,7.669545650482178,8.365884780883789,8.538124084472656,8.609970092773438,8.708616256713867,13
1.0,71.05496358,400.0,2.0,2.0,0.1084559,0.14228821,0.17137527,0.19564438,0.21960783,0.24113441,0.26132941,0.27979159,11
0.98416106,247.46731947,339.43726141,2.0,2.9,0.07901096,0.11573791,0.13637066,0.14759994,0.16450071,0.18812084,0.20769382,0.22385669,11
0.5523211558266737,56.13875393191609,0.2501128068492382,2.378963056714402,2.814810266822855,0.6847310066223145,1.907754182815552,2.7039239406585693,3.082097291946411,3.283575773239136,3.424959421157837,3.5430495738983154,3.642207384109497,22
0.3560426,12.19008716,334.50423618,2.9,2.0,0.56035805,1.5703845,2.3057737,2.4309063,2.4359117,2.4379287,2.4385142,2.4397984,1
0.85716829,94.76236713,216.86788285,2.1,2.8,0.19120955,0.31265616,0.42542338,0.5231402,0.6098232,0.68755054,0.7570293,0.8198075,17
0.9707039326126058,23.159591761951816,0.0335941609661455,2.8086232025275786,2.185875869702754,0.5428965091705322,1.292125225067139,1.814643383026123,2.1608428955078125,2.412773609161377,2.614940643310547,2.7823290824890137,2.9256272315979004,18
0.46481776,52.69092563,277.83713249,2.14051581,2.26320818,0.38396668,0.81805611,1.03213453,1.08364868,1.10944963,1.13024116,1.14728642,1.16169596,21
0.609197575722049,11.289802948751676,54.8581106231726,2.68551588,2.59823728,0.9181859493255616,2.7180063724517822,4.0897626876831055,4.732422828674316,4.993592262268066,5.128180503845215,5.2038164138793945,5.248493194580078,7
0.4013779744161785,65.82750444249193,124.51028970510424,2.845092391799926,2.314664096359961,0.5655524730682373,1.4970133304595947,2.079094171524048,2.2947027683258057,2.379591226577759,2.4379255771636963,2.487154722213745,2.53080153465271,0
0.98577692,284.65093765,287.9832751,2.6,2.3,0.09305,0.136518,0.17208838,0.20419407,0.24253035,0.28029346,0.31442952,0.34778547,11
0.4485824904122072,3.0336527606995043,0.2107349756623777,2.748501129552884,2.7347241843913395,1.2614212036132812,4.142614364624023,7.320953369140625,9.822158813476562,11.0084867477417,11.059651374816896,11.064455032348633,11.06863784790039,13
0.88712373,126.12118378,74.47977627,2.4,2.0,0.18891001,0.33992195,0.48210692,0.61290455,0.7331829,0.8432381,0.94456744,1.0374479,16
0.5651421998724828,290.65842816352625,0.1083136236080874,2.032383095852075,2.678477510373652,0.176295518875122,0.2948827743530273,0.4102029800415039,0.5169646739959717,0.6150524616241455,0.7073984146118164,0.7930896282196045,0.8730170726776123,15
0.56240966,30.38005048,93.57291489,2.6,2.1,0.6805258,1.8853102,2.649411,2.9311602,3.0269125,3.081217,3.124781,3.16247,23
0.34319457,10.93251324,4.59008741,2.03513861,2.11568308,1.09985948,3.3025198,5.25703335,6.3304925,6.61076593,6.6830411,6.72112989,6.7374177,6
0.329779531786999,3.842189376850032,0.5302854771323934,2.858910541671829,2.2806230718218368,1.2178223133087158,3.965665578842163,6.98828125,9.44711971282959,10.764966011047363,10.813456535339355,10.817035675048828,10.820096969604492,13
0.765836040728965,37.90034970345894,19.2397076234937,2.594188699041496,2.268209272084631,0.5465657711029053,1.3368945121765137,1.8565328121185305,2.167506456375122,2.384119272232056,2.5526463985443115,2.694110631942749,2.813806772232056,19
0.8803279487353836,2.6088231546614056,194.9704096171849,2.97104688018658,2.013334554432778,0.6254854202270508,1.7001142501831057,2.3676109313964844,2.579343795776367,2.60623550415039,2.6066269874572754,2.606800079345703,2.606940269470215,1
0.59435762,187.14502811,311.66023957,2.3,2.9,0.15251493,0.19895983,0.24784613,0.2876644,0.32549667,0.3605945,0.39269662,0.4228716,4
0.4853488593805601,153.16390578631956,372.9046929864575,2.1,2.7,0.1913700103759765,0.2611148357391357,0.3202707767486572,0.3701851367950439,0.4148273468017578,0.4549157619476318,0.4921340942382812,0.5257494449615479,4
0.66528831,67.99248303,172.59829891,2.9,2.8,0.4418285,1.0020835,1.3934922,1.6333475,1.7992692,1.9246974,2.0242486,2.1091785,20
0.31541166,58.22463459,108.38425905,2.28814496,2.53911081,0.692559,1.94245934,2.79492831,3.06163573,3.09401298,3.10778356,3.12154126,3.13482642,0
0.7935811841955749,1.5954168178047057,0.0189974778507272,2.3840336043059613,2.8493699086412114,1.2051758766174316,3.8083784580230713,6.233432769775391,7.692032814025879,8.360347747802734,8.673852920532227,8.886128425598145,9.069290161132812,12
0.3749296062874563,46.27056221508087,377.1626225932189,2.95963454,2.01589942,0.3077123165130615,0.5372748374938965,0.582233190536499,0.5888514518737793,0.5956873893737793,0.6018750667572021,0.6072742938995361,0.611973762512207,21
0.93115289,26.66747035,294.01587437,2.3,2.1,0.30003858,0.57076263,0.75268364,0.87405825,0.9575763,1.0180092,1.063204,1.0973847,21
0.82657141,280.11591701,367.45314686,2.5,2.3,0.08447123,0.11968422,0.14666605,0.16460824,0.18840313,0.21211743,0.23329592,0.25419283,11
0.97934419,124.98078918,200.49014282,2.96127653,2.58943534,0.19441175,0.32159019,0.44670749,0.56315064,0.66897655,0.76688838,0.85699749,0.94089079,17
0.68206675,51.62402747,383.99752911,2.6,2.4,0.2904091,0.5083034,0.62990785,0.7089648,0.7666495,0.8117876,0.847651,0.8769858,21
0.72463505,150.13408165,239.40843455,2.2,2.7,0.16724586,0.25004268,0.33196092,0.40349698,0.46859884,0.5281272,0.5828054,0.6332288,3
0.5346731073152583,157.30625554505963,0.1179085342407844,2.831504616549876,2.160466402214963,0.3206868171691894,0.6415503025054932,0.8875126838684082,1.0809712409973145,1.2386295795440674,1.370894193649292,1.4853055477142334,1.5857722759246826,8
0.69632205,47.59192497,51.10225426,2.7,2.2,0.54402447,1.3638315,1.8842978,2.1679149,2.3527765,2.4961839,2.6099882,2.7085705,19
0.3,1.6207824215346809,11.144782896827031,2.32798624,2.30767536,1.1920723915100098,3.936647891998291,7.044798851013184,9.707107543945312,11.23863124847412,11.28138256072998,11.282443046569824,11.283403396606444,14
0.6791518215985649,73.32881127445293,0.365065532318489,2.508155568058564,2.867325239903444,0.5144336223602295,1.2478184700012207,1.7537484169006348,2.073202133178711,2.3013339042663574,2.482149124145508,2.6340909004211426,2.76297378540039,18
0.75784942,226.36913809,268.13605204,2.9,2.3,0.13659906,0.20383143,0.26758003,0.33244085,0.39329052,0.4501722,0.5029447,0.55374813,4
0.49524741,223.61076307,360.47399642,2.8,2.0,0.13748813,0.17232299,0.2114129,0.24548912,0.27737808,0.30650163,0.33419204,0.36045313,4
0.62598779,115.45262492,338.8105215,2.69689805,2.88694194,0.26295257,0.43105578,0.55157042,0.65318608,0.73927569,0.81360483,0.87833524,0.93483996,17
0.62872267,32.10298802,65.12651272,2.1,2.4,0.60152006,1.5131209,2.0459182,2.292484,2.4239414,2.5244324,2.6045105,2.6680725,19
0.4097894911700652,100.42603312922338,0.0114854421425865,2.583218272531471,2.6257566143584565,0.6234133243560791,1.6965725421905518,2.38793683052063,2.69574236869812,2.8512556552886963,2.9710934162139893,3.0674097537994385,3.1476638317108154,22
0.36743951,51.75604248,269.96185303,2.30414796,2.29933524,0.4394865,1.01425004,1.29931068,1.32346201,1.3279264,1.33237481,1.33660269,1.34054708,1
0.9254820768698327,13.4622526305728,0.9866064556905528,2.8483778920119054,2.843813633630572,0.7896037101745605,2.1419804096221924,3.046246290206909,3.554377794265747,3.880361795425415,4.118011474609375,4.310678482055664,4.4729766845703125,22
0.957364496566962,48.43280057812422,0.2258185976538309,2.6365520525007176,2.086633601768644,0.364755630493164,0.7775201797485352,1.1094915866851809,1.3716673851013184,1.5827832221984863,1.75972318649292,1.910851001739502,2.042432308197021,8
0.82722378,257.42584229,282.21478271,2.31558561,2.59616041,0.10630751,0.15727448,0.19993067,0.24136543,0.2847023,0.32560349,0.36346555,0.40042019,4
0.8125229354631452,6.035533959528182,0.574800106596353,2.55470157437174,2.288911649301828,0.9667212963104248,2.6951260566711426,3.856988906860352,4.4598798751831055,4.816001892089844,5.0710954666137695,5.262993812561035,5.403670310974121,5
0.6217213230615244,1.4556574683754229,2.245058539672048,2.5083684438301512,2.7214309943248725,1.243530511856079,4.0647969245910645,7.080025672912598,9.268924713134766,10.337279319763184,10.552213668823242,10.56692123413086,10.579654693603516,13
0.96307501,115.48807155,230.73819285,2.1,2.5,0.14353609,0.2250576,0.30554676,0.3799281,0.44879293,0.5115175,0.5702045,0.624454,3
0.737209459040188,37.23646427777321,0.0030786236062529,2.9043209916103105,2.625609286323935,0.6551296710968018,1.7107672691345217,2.411701202392578,2.805976867675781,3.0611343383789062,3.2545790672302246,3.4145965576171875,3.551417827606201,18
0.66570402,114.53947377,400.0,2.0,2.0,0.10864115,0.13020444,0.14673948,0.15963817,0.1741457,0.1864965,0.19795156,0.20884347,11
0.7197727902612134,0.8823598166944934,0.959474691848028,2.134475020720914,2.4003403495297446,1.1930019855499268,3.863679170608521,6.575254440307617,8.445469856262207,9.340005874633787,9.543435096740724,9.575590133666992,9.608585357666016,13
0.744610713369651,1.379082006594317,0.0040015560914287,2.4481332477610334,2.853530220391951,1.2342708110809326,3.96675443649292,6.688848972320557,8.43704605102539,9.222648620605469,9.518016815185549,9.674388885498049,9.827709197998049,12
0.96219106,103.6558561,39.97723558,2.0,2.4,0.19877696,0.36394143,0.51893187,0.6617067,0.7910118,0.9094484,1.0169268,1.1157091,15
0.90291266,130.04413833,3.0905449,2.4,2.0,0.20048666,0.36973596,0.5293069,0.6776004,0.813678,0.93880796,1.0537152,1.1597469,15
0.72361255,79.60113525,70.19186401,2.12561035,2.34343314,0.34278655,0.7016089,0.97277951,1.18055868,1.34393454,1.47838879,1.59179282,1.68854403,10
0.644018212924945,199.7254537666458,0.02873286156249,2.3734010893259043,2.6291151955653733,0.2521684169769287,0.457242488861084,0.6427867412567139,0.807898759841919,0.9549160003662108,1.0871915817260742,1.2061209678649902,1.3134169578552246,8
0.8838048690566951,298.51804026264284,396.06822498070585,2.1,2.3,0.0599355697631835,0.0898404121398925,0.1171324253082275,0.1201026439666748,0.1298587322235107,0.1419799327850341,0.1570301055908203,0.1700005531311035,11
1.0,242.72616447,400.0,2.0,2.0,0.05224991,0.07857418,0.09881949,0.10309052,0.11477041,0.12341809,0.1307497,0.14095068,11
0.71335581,72.27232471,353.79342224,2.6,2.8,0.26812053,0.44830084,0.56757903,0.6618166,0.7380562,0.80142474,0.8549776,0.8999233,17
0.57343984,71.79361725,270.9704895,2.05793571,2.13948393,0.27170038,0.4712429,0.59236169,0.67852306,0.74369502,0.79557037,0.83568501,0.86919999,21
0.73532102,247.92092866,190.9489365,2.1,2.4,0.10558057,0.1581316,0.20506191,0.24695873,0.29206777,0.3341775,0.37362075,0.41113186,3
0.3598538078728726,2.136592169054566,0.6517646676186857,2.0644455908540307,2.3334364033986645,1.1975739002227783,3.985276937484741,7.1302337646484375,9.786195755004885,11.244803428649902,11.289177894592283,11.294574737548828,11.299182891845703,13
0.7675843871943414,60.14473223062941,0.0413757805540468,2.765317038271676,2.3410874335717127,0.4590840339660644,1.0508272647857666,1.4786062240600586,1.773402214050293,1.9954428672790527,2.174366474151612,2.3247504234313965,2.4543137550354004,18
0.3908561882408768,77.19621297903953,0.1379806808253287,2.7836599060513443,2.1401402597938306,0.6503646373748779,1.7424302101135254,2.421370506286621,2.7276268005371094,2.8889412879943848,3.000265121459961,3.08532190322876,3.1643643379211426,22
0.43454175,43.55180718,4.17084229,2.6,2.8,0.87974167,2.4945931,3.656322,4.196812,4.418586,4.5374722,4.6118813,4.663396,22
0.48370698,175.386516,39.74231051,2.8,2.8,0.38186908,0.7932148,1.0893133,1.305109,1.4739041,1.6097431,1.7248087,1.8253336,9
0.68204033,15.45766849,207.14075129,2.48195441,2.14238265,0.53812408,1.35302424,1.81338549,1.92898512,1.93717766,1.94053698,1.94391584,1.94700241,1
0.33696112,237.57793195,2.21504055,2.6,2.2,0.36182237,0.7491205,1.0000381,1.1663108,1.2900953,1.3928237,1.4801598,1.5550425,8
0.409327898027961,56.05757923572416,206.0840756855293,2.513385033204326,2.066839975232588,0.442681074142456,1.0593409538269043,1.3889782428741455,1.470006227493286,1.5026469230651855,1.5298008918762207,1.5532937049865725,1.5740623474121094,1
0.42472913,83.09953384,212.52782258,2.36188213,2.95843105,0.48177052,1.20834351,1.67592049,1.84582853,1.91046,1.9581089,1.9993515,2.03510904,1
0.32163802,218.94710837,375.25662333,2.79499084,2.79802186,0.22771215,0.28660417,0.32172012,0.35288405,0.37991428,0.40492201,0.42753601,0.44877791,4
0.7009249,203.40128277,221.91841279,2.3,2.5,0.14014053,0.20537162,0.27145195,0.33081532,0.386101,0.43867087,0.4874816,0.5334251,3
0.37460352,258.52941006,372.52180737,2.7,2.9,0.18303919,0.20834923,0.24233007,0.27097797,0.29274607,0.3142104,0.33409262,0.35305405,4
0.80637051,161.31751618,246.24894895,2.1,2.0,0.10957408,0.16644526,0.21923018,0.26800394,0.3153627,0.35931993,0.40024924,0.43858266,3
0.43119846,236.77842112,279.6551539,2.55569993,2.04363648,0.12386894,0.15049791,0.1750102,0.19403553,0.21546817,0.23472333,0.25319266,0.27069807,11
0.6811319933859128,2.233427631438899,3.4125269732835872,2.771078128583963,2.288089324460952,1.1607577800750732,3.575667381286621,5.733029365539551,6.994647026062012,7.538739204406738,7.800000190734863,8.029119491577148,8.192853927612305,6
0.7809046049432063,0.732003470493732,0.012501893388269,2.3504430022933622,2.466312881097165,1.2168967723846436,3.926612377166748,6.637838363647461,8.444104194641113,9.279274940490724,9.52673053741455,9.631394386291504,9.749249458312988,12
0.686996426916608,1.5939102782739671,0.0030603932369392,2.1517473809462464,2.517964477564022,1.1861176490783691,3.8167569637298575,6.397720336914063,8.068474769592285,8.756604194641113,8.968036651611328,9.072114944458008,9.167445182800291,12
0.95095503,117.35459137,176.12260437,2.22028065,2.03642559,0.14103794,0.23378968,0.32128787,0.40382957,0.47986865,0.55034208,0.61560464,0.67655253,3
0.85264288,205.25987328,59.30552592,2.48147952,2.65263102,0.17419052,0.29576612,0.41351914,0.5273726,0.63393259,0.73401713,0.82871509,0.9180038,16
0.81123569,218.79242764,153.62536167,2.62109893,2.64715525,0.1587584,0.25210762,0.34242153,0.43213463,0.5156157,0.59347367,0.66706491,0.73658824,17
0.84282059,255.98578742,56.93899048,2.6,2.6,0.15125418,0.24990535,0.3421526,0.4362762,0.52560425,0.60946035,0.6893914,0.76610446,16
0.44194021,88.25302019,341.76609535,2.90580773,2.18096401,0.26406026,0.39988494,0.45423603,0.49329162,0.52571106,0.55226684,0.57483935,0.59423113,21
0.3,213.89730781318417,331.8792076543622,2.9,2.0,0.1570074558258056,0.1723616123199463,0.1910579204559326,0.2010579109191894,0.2108440399169922,0.2213730812072754,0.2304670810699463,0.2388660907745361,11
0.96487855,118.55872098,31.86730556,2.5,2.0,0.19773364,0.3640828,0.52249765,0.6697273,0.80587316,0.93192863,1.0473845,1.1546044,15
0.96140891,69.81853596,350.73896275,2.0,2.4,0.1432848,0.19818974,0.25193477,0.29896045,0.3411827,0.3781693,0.41039634,0.4392209,4
0.82559808,32.82106567,391.76064616,2.79149528,2.0068615,0.2264452,0.32585788,0.3716917,0.40428948,0.42816901,0.44681263,0.46140432,0.47370434,21
0.35223317,42.92861301,368.46039556,2.6,2.7,0.4398086,1.0142825,1.3115857,1.328038,1.3283889,1.3284132,1.3289993,1.329798,1
0.68307846,231.41062701,379.94451565,2.8,2.6,0.13525844,0.16875672,0.20369482,0.24564767,0.28077102,0.31209373,0.34296632,0.37151885,4
0.92593689,23.97032797,275.67221801,2.0,2.2,0.29503155,0.5562513,0.72308016,0.8282964,0.8969555,0.94489217,0.9786277,1.006077,21
0.47566524,117.81829424,261.36578534,2.3,2.9,0.27850842,0.4687872,0.58197427,0.66659546,0.73624516,0.7927296,0.8429687,0.88522124,17
0.64526077,132.94572102,372.54938757,2.9,2.6,0.21617317,0.31598043,0.40114856,0.47540092,0.5402105,0.59870076,0.6513035,0.69914985,17
0.8459990064474167,15.51698088783258,0.0079533561513019,2.2060115768254414,2.991398104315288,0.7805566787719727,2.195497989654541,3.1172094345092773,3.586961269378662,3.8623046875,4.0583343505859375,4.212031841278076,4.342986583709717,22
0.9606969690195588,298.806336158576,326.2903030959071,2.25094226,2.14949226,0.0670161247253418,0.102562665939331,0.130082368850708,0.1400415897369384,0.1580450534820556,0.1788465976715088,0.2000973224639892,0.2194404602050781,11
0.550690551909178,14.719251720351332,0.1963197322401282,2.0434450104212134,2.967319799462808,0.9971363544464112,3.092949390411377,4.839991092681885,5.710264682769775,6.002921581268311,6.132290363311768,6.214685916900635,6.276759624481201,5
0.63166898,242.58590698,238.88473511,2.67207932,2.10464621,0.11446762,0.15755415,0.19779706,0.23263335,0.26858163,0.30198741,0.33420849,0.36475992,3
0.8259702,19.92355903,297.89579905,2.5,2.3,0.41529298,0.9351671,1.2481894,1.3702619,1.4166791,1.4457355,1.4668622,1.482928,1
0.96417129,13.66630363,243.18180847,2.73864746,2.16568923,0.41845798,0.93149996,1.25072598,1.39925218,1.46788383,1.50700068,1.53379846,1.55337548,1
0.90026111,188.81641611,3.72525591,2.5,2.3,0.1710496,0.30209017,0.4284563,0.54886484,0.6630354,0.7706723,0.87189245,0.96735,15
0.672937920898376,165.16500942796085,393.3884845446687,2.0,2.0,0.0854783058166503,0.1082282066345214,0.125037670135498,0.1342267990112304,0.1480681896209716,0.1600599288940429,0.1718137264251709,0.183394193649292,11
0.70315749,138.72123738,174.31225515,2.0,2.6,0.1782074,0.28268957,0.3809011,0.46769667,0.54576397,0.616374,0.6807234,0.73957205,17
0.5270771487515331,1.824511949155824,0.0123393906239939,2.377901602060066,2.088481242970286,1.1710810661315918,3.745612382888794,6.386668205261231,8.29842472076416,9.232449531555176,9.309199333190918,9.320860862731934,9.33201503753662,12
0.96561289,10.13303089,373.23101807,2.8007009,2.04800057,0.31481123,0.56886482,0.65978932,0.66573954,0.66617703,0.66643858,0.66652226,0.6665926,21
0.6196573699459655,37.55854092107316,12.259840894821314,2.9462630221622863,2.1611570584967423,0.6508288383483887,1.6977882385253906,2.355382442474365,2.70517635345459,2.921837329864502,3.0777530670166016,3.2081756591796875,3.312650680541992,22
0.49498057,3.30655113,6.83252607,2.90907253,2.26606932,1.23520327,3.73945999,6.18325853,7.70403433,8.34807014,8.67138672,8.92255783,9.08184052,14
0.69630237,281.41872184,394.29897843,2.3,2.5,0.08303165,0.11159325,0.13410759,0.1380434,0.14891768,0.16284084,0.17505693,0.18549156,11
0.31381296,105.12923536,350.51193307,2.80615479,2.44275628,0.3313489,0.5856626,0.67072463,0.70374846,0.73035192,0.75272918,0.77171445,0.788095,21
0.3666836,1.98623633,49.79889679,2.00097084,2.81956863,1.12613177,3.58278656,6.1941781,8.21931648,9.10104942,9.19020844,9.19080353,9.19133377,14
0.865490814827775,6.713041336154979,0.1104011220331381,2.204345346026116,2.3352869505195737,0.900848627090454,2.479555130004883,3.495572090148926,4.011227130889893,4.308001518249512,4.515685558319092,4.672478199005127,4.797773361206055,22
0.7314014537745378,2.565069524952264,0.015856956979431,2.221180916965224,2.904122554237065,1.1708168983459473,3.7166247367858887,6.072974681854248,7.474255084991455,8.085176467895508,8.341005325317383,8.500425338745117,8.629684448242188,12
0.71550158,27.51637384,235.83338889,2.3,2.3,0.4279735,0.9714837,1.2830696,1.4048109,1.4622123,1.5010164,1.5303082,1.5540643,1
0.9409053437287572,262.58337939759525,370.687927766049,2.4,2.2,0.074676513671875,0.1098241806030273,0.1351351737976074,0.1450190544128418,0.1612253189086914,0.1810035705566406,0.2007458209991455,0.2188029289245605,11
0.9942123,214.02053741,392.20913941,2.0,2.9,0.07845092,0.11158562,0.12997341,0.13495803,0.14662766,0.16504312,0.17973256,0.18998623,11
0.4785472890689031,105.44001158343704,42.49943784199038,2.2781083964784643,2.8795364197200417,0.514458417892456,1.3203973770141602,1.8444716930389404,2.1080124378204346,2.273582220077514,2.3980748653411865,2.5059287548065186,2.595290422439575,19
0.30000001,100.30658722,400.0,2.0,2.0,0.19037175,0.20551515,0.21125698,0.21565104,0.22060108,0.22516489,0.22912788,0.23304248,11
0.9364475,3.58350325,9.42038441,2.26585388,2.12512898,0.9536047,2.54921174,3.54738832,4.06142139,4.37548542,4.57806969,4.71721172,4.81821728,22
0.5862354,74.95813751,364.50149536,2.98178649,2.05738115,0.22154403,0.30559301,0.35276484,0.38955927,0.42032909,0.44677782,0.46890926,0.48886538,4
0.3346433403412159,137.97336893377582,0.0134803334861199,2.0707923216348183,2.7687089630539683,0.5655152797698975,1.5446159839630127,2.157064199447632,2.394400358200073,2.510852098464966,2.604376554489136,2.682399034500122,2.748884916305542,0
0.80146617,181.52582952,177.52688137,2.4,2.4,0.15340352,0.24287009,0.3323474,0.41451,0.49123216,0.5628228,0.62997484,0.6929128,17
0.54980844,300.0,88.29197745,2.0,2.0,0.10835481,0.16645074,0.21943426,0.26954556,0.3181951,0.36385655,0.40691185,0.44762015,2
0.76882164,53.4844243,285.35982152,2.7,2.9,0.3525207,0.7061088,0.9485309,1.1160703,1.2375207,1.3321767,1.407279,1.4682126,10
0.76833503,31.14583615,206.40404044,2.44787849,2.36028512,0.42925692,0.97009134,1.31188035,1.48756957,1.58750582,1.6585803,1.71486235,1.76123953,20
0.7284554104626887,2.77022193055302,0.1083891992816965,2.9978179170812096,2.547981597708484,1.1805262565612793,3.603751182556152,5.681552886962891,6.853739738464356,7.409990310668945,7.7553510665893555,8.074446678161621,8.35226058959961,5
0.30769834,19.46665493,37.14263402,2.34912482,2.64514082,1.0510323,3.18827724,5.10970163,6.23993683,6.47835445,6.50500774,6.51618385,6.5213604,7
0.450776959141963,32.78024081078815,0.0046590272923907,2.0711503725133684,2.5594897822215708,0.874215841293335,2.593282461166382,3.8330371379852295,4.367512702941895,4.556797981262207,4.651423454284668,4.723837852478027,4.78026008605957,22
0.49031234,92.6935343,354.19669927,2.6,2.8,0.30304718,0.51868534,0.6263735,0.69940805,0.75532246,0.8008115,0.8404248,0.87359786,21
0.3961305104580526,1.8688400802424416,1.132778261668637,2.354539334879687,2.3691161949477912,1.2166972160339355,4.024359703063965,7.178423881530762,9.815149307250977,11.351783752441406,11.409576416015623,11.415142059326172,11.41990566253662,13
0.61898301,71.03077334,283.16969697,2.6,2.9,0.34741926,0.6827042,0.8945122,1.0302064,1.1263967,1.2012248,1.2608867,1.3105345,10
0.39185676,6.86721765,8.70244218,2.13409799,2.06120884,1.07843041,3.37387776,5.55978966,6.93241596,7.44761848,7.50371361,7.5179987,7.52950287,6
0.46127393,278.92685753,272.23007515,2.7,2.2,0.14922142,0.19573879,0.24514794,0.28853083,0.3299992,0.3682084,0.4036293,0.43706203,4
0.81465188,235.19959834,215.13034174,2.8,2.6,0.14527726,0.22068858,0.29112792,0.3669386,0.43640447,0.5008249,0.56203985,0.6206496,3
0.3362537,242.61682705,76.7061436,2.37347651,2.08057793,0.24595547,0.40157366,0.51333642,0.60565639,0.68360662,0.75122809,0.81057477,0.86375809,16
0.54039168,165.21575928,85.25246429,2.40490556,2.25153613,0.2630403,0.47166824,0.63840318,0.7782464,0.89705491,1.00010157,1.08933425,1.16709328,10
0.61183975,265.66497957,268.04335561,2.8,2.1,0.12332439,0.17488384,0.22595477,0.27266264,0.3173988,0.36004734,0.4005158,0.43892694,4
0.4139202,47.40470904,59.70772623,2.7,2.9,0.80261374,2.2869964,3.3755908,3.8624225,4.036458,4.109098,4.154678,4.1931863,23
0.79705127,279.11635947,313.84254934,2.2,2.3,0.07793713,0.11429048,0.14355183,0.15776181,0.17923617,0.20144916,0.22392797,0.2445476,11
0.54552363,88.55591006,174.99931236,2.3,2.2,0.33793044,0.6739907,0.8901377,1.0294294,1.1314042,1.2109196,1.2765875,1.3313503,10
0.4765430157030157,135.11220688718677,0.7049363195310027,2.143313165772529,2.119602331321191,0.3771181106567383,0.8127264976501465,1.1045305728912354,1.3004865646362305,1.4464819431304932,1.5687847137451172,1.6698589324951172,1.756052017211914,8
0.3439743554441386,3.526689201693513,0.8944847554015566,2.7156277683652323,2.8228643138343923,1.2772812843322754,4.256966590881348,7.695260047912598,10.653352737426758,12.409820556640623,12.47057056427002,12.47407341003418,12.477099418640137,13
0.49031672,147.58249399,282.37437987,2.71058759,2.68446033,0.26685572,0.43623853,0.54793501,0.64049649,0.71838403,0.78548717,0.84267688,0.89362431,17
0.63604983,292.35242007,250.84025225,2.5,2.6,0.12560701,0.1714797,0.21454334,0.25773,0.30043674,0.33937216,0.37571716,0.41108203,4
0.35606715,140.49796832,193.48075227,2.01350368,2.12408068,0.28762603,0.50604701,0.62717509,0.70806837,0.76960373,0.82145405,0.86443472,0.90106869,21
0.42941936,62.03342236,71.29441576,2.6,2.3,0.6529658,1.7800915,2.5004942,2.7643297,2.856735,2.915754,2.9674275,3.0131948,0
0.69864768,14.87767315,38.75017166,2.21036673,2.78522396,0.84746695,2.432024,3.52722692,4.01597738,4.21887875,4.32495499,4.39391661,4.45002317,23
0.51631894,190.42499423,76.50502013,2.1,2.2,0.21402335,0.35958695,0.48415256,0.5919354,0.68649006,0.771163,0.845145,0.9125159,16
0.9415035095430166,1.614263737119169,0.5496898952073042,2.416633566551827,2.933639541566846,1.1526970863342283,3.5182440280914307,5.471356391906738,6.538566589355469,7.074319839477539,7.42890739440918,7.706889152526855,7.917119026184082,5
0.30214989,191.19351196,150.95121765,2.14745951,2.02170801,0.25701594,0.41575408,0.50873375,0.58013296,0.63725519,0.68549657,0.72751331,0.76305985,17
0.83857542,12.08917332,13.21388912,2.17023897,2.23286343,0.76094985,1.9693768,2.69620967,3.06091142,3.27815413,3.42835927,3.54879975,3.63946128,22
0.70145199,249.00123259,34.07774742,2.0,2.3,0.13082886,0.21619153,0.29661512,0.3733747,0.44729304,0.5162573,0.58146405,0.64291215,2
0.6838726,72.76182048,388.60857994,2.1,2.9,0.19006991,0.24533677,0.28786445,0.3186221,0.34583545,0.3694501,0.38979745,0.40730524,4
0.71635254,43.91575592,140.67560342,2.1,2.7,0.40879464,0.9002986,1.2214277,1.4122899,1.5421083,1.636574,1.7133796,1.7788541,20
0.53605081,195.12738623,399.41361034,2.7,2.1,0.13667321,0.16757011,0.20267081,0.23093343,0.2576642,0.28261304,0.30654,0.32875156,11
0.3252330773727028,0.7972828545082471,0.0051370483404788,2.595227904674667,2.822197759698025,1.3013160228729248,4.414774894714356,8.182517051696777,11.728036880493164,13.917205810546877,13.951093673706056,13.958751678466797,13.96534538269043,12
0.30592628,78.98098068,170.19437477,2.22317674,2.72780709,0.57070208,1.54716086,2.18218231,2.33223772,2.34282207,2.35434151,2.3655777,2.37673283,0
0.3,2.694812156033904,2.576251340452392,2.6540482,2.91984534,1.2858965396881104,4.326179027557373,7.931655406951904,11.184381484985352,13.261636734008787,13.312938690185549,13.316850662231444,13.320196151733398,14
0.4354886166005741,1.0665325448962013,0.0059661957103217,2.4057112239267893,2.7005615855046563,1.2694735527038574,4.279516220092773,7.835271835327148,11.045380592346191,13.021200180053713,13.063114166259766,13.070066452026367,13.07585620880127,12
0.98335422,297.22863231,399.600001,2.00798372,2.01713915,0.04698396,0.07173371,0.0923996,0.0950191,0.10538268,0.11214328,0.1169064,0.12544656,11
0.87155434,190.44407987,5.02316789,2.1,2.8,0.16363621,0.28337502,0.40042663,0.5120883,0.6167996,0.7157817,0.80802226,0.8955848,15
0.5149684385698868,8.014952754318193,15.054835408614336,2.2153616,2.17288351,1.0158653259277344,3.04922103881836,4.677294731140137,5.491634368896484,5.756119728088379,5.88073205947876,5.952059268951416,5.995847225189209,6
0.65112227,55.64642331,295.57782409,2.7,2.4,0.36131263,0.74659276,0.9896805,1.1292889,1.2208488,1.28901,1.3431041,1.3859558,21
0.78712977,260.86959312,158.15050071,2.8,2.7,0.15641856,0.23616576,0.31534123,0.40005374,0.4767108,0.54851604,0.6168275,0.68171835,2
0.5481516630639444,167.22031305501548,396.8388520475973,2.1,2.6,0.146693468093872,0.182037353515625,0.2207999229431152,0.2532398700714111,0.2835633754730224,0.3114345073699951,0.3372082710266113,0.3616502285003662,4
0.70067817,149.34758246,2.01104941,2.3,2.6,0.26248717,0.48966026,0.68982387,0.86450815,1.018336,1.1534688,1.2741897,1.38112,8
0.83580799,167.85690908,214.81045829,2.50642897,2.43593319,0.15744042,0.24586916,0.33469701,0.41610885,0.4919219,0.5625298,0.62831473,0.69002819,17
0.48525165,126.05015206,319.05337543,2.0,2.0,0.16075349,0.20310378,0.24076581,0.27430749,0.30361962,0.32975864,0.3530941,0.37405634,4
0.7928808773839398,7.42544849645827,0.244328704236389,2.128430281470451,2.2663384956956087,0.9189062118530272,2.556898355484009,3.624475717544556,4.147205352783203,4.435059547424316,4.629804611206055,4.772036552429199,4.887645721435547,22
0.8712196526817974,277.1183520007232,0.0076558810410965,2.615350728006236,2.3518520564755883,0.1364204883575439,0.2306454181671142,0.3167579174041748,0.4024655818939209,0.4863359928131103,0.5671756267547607,0.6449060440063477,0.7192840576171875,15
0.52538043,281.41183472,160.35011292,2.34624934,2.46409416,0.153512,0.22254658,0.29194093,0.35432124,0.41268563,0.46742988,0.51823211,0.56610894,2
0.51968313,149.33090801,158.25659861,2.3,2.4,0.25652146,0.4435618,0.585443,0.70201826,0.7993405,0.88391566,0.9572294,1.0204043,17
0.93846303,137.24629211,253.92404175,2.53378391,2.33499885,0.14522028,0.2245717,0.30411124,0.37670135,0.4445703,0.50767279,0.56666899,0.62142873,4
0.578812,9.14478493,14.71666527,2.74820662,2.71215701,1.11554909,3.29547215,5.08670855,6.03649235,6.4037466,6.59431648,6.72128391,6.80604458,6
0.4382727216637814,52.58914392885698,0.0041932057048188,2.292379184253256,2.93782230785822,0.8091297149658203,2.417198419570923,3.594401597976685,4.12632942199707,4.318708419799805,4.424848556518555,4.502799034118652,4.566074371337891,22
0.89059678,147.10016717,269.76277269,2.9,2.4,0.17102289,0.26977658,0.367414,0.4606192,0.54536176,0.6240876,0.6976714,0.7660563,17
0.39138623,167.56183672,282.38094534,2.9,2.3,0.28375912,0.4887619,0.6110904,0.70398974,0.7794132,0.8437717,0.89790916,0.94637203,17
0.6950499,12.00038068,81.28494886,2.0,2.6,0.73061323,1.9280374,2.6629617,2.989803,3.1405408,3.2164857,3.2607067,3.2913392,23
0.632741640999188,3.283451342469797,0.1372079765585479,2.487450650420238,2.8542588367039645,1.202744483947754,3.837204933166504,6.3889241218566895,7.982239246368408,8.658143997192383,8.895750045776367,9.024967193603516,9.147909164428713,12
0.98860244,78.62142704,180.92366448,2.9,2.1,0.23266554,0.4282043,0.60831046,0.76948404,0.9132781,1.0425365,1.1579287,1.2610886,10
0.98848574,161.57340028,230.69871994,2.9,2.4,0.15480137,0.24960041,0.34078002,0.43307662,0.51885414,0.5989027,0.6742525,0.74603677,17
0.82079712,256.77130894,341.56484219,2.1,2.4,0.07572508,0.10822487,0.13174176,0.13939238,0.15794325,0.17666912,0.1939547,0.20907187,11
0.7786606835588865,300.0,320.81286196737256,2.4,2.1,0.0734021663665771,0.1060240268707275,0.1297674179077148,0.137291669845581,0.154212474822998,0.17315673828125,0.1916441917419433,0.2080481052398681,11
0.90718481,32.37469554,210.76373018,2.5,2.6,0.391531,0.84520197,1.1664553,1.3788419,1.529144,1.6427901,1.7324097,1.8052976,10
0.58221855,60.90750237,115.66763949,2.4,2.2,0.4678576,1.1060035,1.4970765,1.6888535,1.8113666,1.9011836,1.9757514,2.0420828,20
0.57836314,241.56551784,7.84390851,2.1,2.8,0.19005919,0.31632185,0.43709755,0.54616475,0.64502835,0.73627853,0.820462,0.898026,15
0.30459068,154.14273724,164.2709095,2.14182976,2.76462394,0.41230249,0.95113063,1.26551318,1.38396192,1.45195174,1.50536036,1.54992223,1.59054899,0
0.938009472229997,3.484103622250171,0.2546009919533579,2.3522679955901884,2.752502927053528,1.0298309326171875,3.014715671539306,4.464599132537842,5.203037738800049,5.596705913543701,5.873167991638184,6.082259178161621,6.2448320388793945,5
0.98499277,89.69074699,136.44891168,2.7,2.1,0.2190206,0.4002998,0.57028985,0.72394896,0.8632901,0.9895735,1.10396,1.2073202,17
0.7304859396445216,2.7070683815063386,0.0979052157087107,2.8820194943636515,2.092780766035524,1.1044774055480957,3.259521484375,4.935723781585693,5.834907054901123,6.304920673370361,6.670870304107666,6.998824596405029,7.266215801239014,5
0.56243702,36.07689333,314.32381412,2.97507174,2.66905611,0.46380377,1.09402561,1.4763546,1.58403444,1.59862661,1.60940409,1.61964321,1.62804937,1
0.4246906952764737,4.710284846827842,0.0650483380391784,2.1311601168897494,2.3581752425470874,1.1600689888000488,3.7510969638824463,6.410417556762695,8.316695213317871,9.210641860961914,9.318204879760742,9.32675552368164,9.334551811218262,12
0.8342526686088495,274.10696611636206,0.7787052349949374,2.568968218427268,2.4607624310007297,0.1501095294952392,0.250795841217041,0.3454387187957763,0.4408838748931885,0.532135009765625,0.6188201904296875,0.7016003131866455,0.7807104587554932,15
0.63266699,37.04193173,180.52435185,2.8,2.5,0.5509715,1.4216936,1.9896493,2.2209606,2.3212638,2.3858185,2.4375663,2.4812918,0
0.62960006,41.02113144,343.95612377,2.6,2.8,0.38252473,0.7937417,1.0265608,1.1180687,1.1622031,1.1958714,1.221612,1.2420955,21
0.5837827243853347,11.498295944256366,0.0563771557527845,2.5986336899121665,2.341978649368034,1.0104591846466064,2.947861433029175,4.377276420593262,5.065203666687012,5.3997297286987305,5.618845939636231,5.779631614685059,5.895223617553711,5
0.47233851,250.12335942,118.1758149,2.5,2.2,0.20256948,0.31849766,0.42471147,0.5172572,0.5998025,0.6752305,0.7440162,0.8070209,16
0.4593467,79.97603245,14.38798375,2.33069303,2.39414277,0.59585881,1.5423727,2.10928726,2.3524766,2.49182367,2.59375715,2.68099928,2.75746202,19
0.46594101,291.60232544,37.6906395,2.1553843,2.42964864,0.18666458,0.29728317,0.40176487,0.49502587,0.57992411,0.65787721,0.72913194,0.79469633,15
0.39415845,6.72376895,103.81302845,2.91223573,2.71087334,0.9598031,2.97306252,4.83598614,5.94427443,6.19734621,6.23241472,6.243958,6.24497461,7
0.7189349089780984,4.290519899963527,0.1731520318816175,2.385584498581981,2.322494476145326,1.0782139301300049,3.1987106800079346,4.816424369812012,5.63985538482666,6.039403915405273,6.308794021606445,6.519320487976074,6.670669555664063,5
0.9998548,5.17294502,15.13623619,2.16738749,2.96530628,0.89677882,2.54510999,3.66145635,4.21757984,4.51182938,4.69603348,4.84657574,4.94964886,22
0.5668738021317237,1.2237792103614773,12.693635098964233,2.61463308,2.02973223,1.131783962249756,3.591665029525757,6.064791679382324,7.840279579162598,8.639237403869629,8.723712921142578,8.731297492980957,8.749275207519531,14
0.78651021,75.44797412,79.23709168,2.1,2.2,0.29134536,0.5677583,0.7892544,0.9697962,1.117301,1.2413807,1.34673,1.4396627,10
0.78022212,175.68555143,80.73185191,2.1,2.2,0.15353322,0.25877523,0.3588271,0.45272446,0.5396621,0.6198528,0.6951575,0.7656195,16
0.7370104901650947,1.1119472149190437,0.1652622034129051,2.4444487162403714,2.4043972731026635,1.2059671878814695,3.831326961517334,6.379458904266357,8.020158767700195,8.71877670288086,8.961566925048828,9.11746597290039,9.25945281982422,12
0.49401138,208.81866288,81.57666492,2.7,2.5,0.2861004,0.519614,0.70191073,0.8553915,0.9861729,1.099102,1.197906,1.2846339,10
0.48022883,267.13155656,361.78450201,2.2,2.8,0.10915637,0.13269663,0.15426493,0.16074705,0.17138314,0.18462396,0.19388723,0.20297384,11
0.8911139618337964,3.823038981825756,2.037767535655029,2.5782386378947315,2.146752084082103,0.9754652976989746,2.6777288913726807,3.805682897567749,4.403748512268066,4.792523384094238,5.078001022338867,5.294721603393555,5.4639892578125,6
0.5166311,203.01740412,136.72857664,2.4,2.4,0.21946621,0.35586333,0.47478533,0.57753825,0.6678386,0.74893856,0.821965,0.888046,17
0.5062814249548698,98.17027982085268,0.1530062753281154,2.18380092635333,2.211420843092048,0.46575927734375,1.1000728607177734,1.4943652153015137,1.7190511226654053,1.8774313926696773,2.005434513092041,2.112791061401367,2.2022504806518555,18
0.65203517,31.61013826,153.86939112,2.4,2.3,0.53551435,1.3429425,1.8257377,2.017791,2.1062167,2.1647117,2.214597,2.2565787,0
0.30778697,238.79327393,178.15203857,2.31694508,2.22160697,0.2231822,0.32101607,0.39134598,0.44999051,0.50093961,0.54551005,0.58523417,0.62227821,3
0.42422697,253.71050191,243.77392945,2.5,2.2,0.16864634,0.22595835,0.2832594,0.33311367,0.37872505,0.4206431,0.45924997,0.495157,3
0.93110165,267.90837321,264.07050334,2.2,2.1,0.07362413,0.11709619,0.15383124,0.17752767,0.20775414,0.23750734,0.26684952,0.2944181,11
0.99480921,256.34988403,325.16040039,2.38474703,2.00183678,0.06929946,0.10460353,0.12818027,0.13745713,0.15931797,0.18047166,0.19939637,0.21708393,11
0.9759755,70.29989499,82.06231766,2.2,2.7,0.26859307,0.51645327,0.7343097,0.9230633,1.0868351,1.2291522,1.352854,1.4628847,10
0.3,13.601461203447492,53.365074964664274,2.40900254,2.17330146,0.9403784275054932,2.857905626296997,4.506130218505859,5.36442756652832,5.534915924072266,5.5594635009765625,5.5692644119262695,5.572763442993164,7
0.51688346,73.96529331,31.71481996,2.0,2.8,0.4992485,1.1851847,1.606492,1.8291636,1.9717383,2.089116,2.1867757,2.2635846,19
0.5557633117162282,40.75437604371342,0.5945788435639126,2.423127801063775,2.9854426482887497,0.7875998020172119,2.291996717453003,3.3373968601226807,3.827649354934693,4.053586959838867,4.196001052856445,4.302463531494141,4.397037506103516,22
0.99011298,117.0689027,261.72534474,2.7,2.9,0.19232106,0.30761456,0.42281008,0.5300834,0.6269374,0.71598387,0.79797125,0.874125,17
0.44715029,80.35886655,154.38813671,2.5,2.7,0.49359918,1.2066412,1.6459687,1.8195236,1.904535,1.9676797,2.0218709,2.0670335,0
0.94885072,239.17157026,289.70984105,2.9,2.6,0.1441338,0.18490314,0.23229027,0.2963419,0.3521073,0.40424824,0.45458293,0.50277257,4
0.61991558,245.208172,312.22232424,2.3,2.1,0.09495497,0.12872553,0.15957451,0.18000102,0.20454574,0.22765851,0.25007367,0.27093315,11
0.7117630940640314,4.614919317405307,0.0079604042256762,2.4437272510272776,2.832562030504326,1.1303086280822754,3.474090099334717,5.450546741485596,6.52931547164917,6.998733997344971,7.257909297943115,7.457968235015869,7.616334438323975,5
0.36376853,10.05821803,343.41927465,2.12120165,2.89013118,0.56983924,1.58762956,2.33679748,2.47198081,2.47652984,2.4778564,2.47915244,2.47944617,1
0.65881491,71.66918945,63.03700256,2.17704082,2.55340123,0.43234324,0.97703385,1.34470081,1.58041334,1.75091839,1.88723111,2.00096774,2.09395909,19
0.3869332,121.29078317,399.73579198,2.2,2.9,0.21214414,0.25417948,0.2772081,0.2905922,0.30492163,0.31767845,0.3291092,0.34008646,11
0.6060300321532389,184.1990021172564,0.0072825251919978,2.757809166186113,2.420806495119041,0.2785017490386963,0.5209665298461914,0.7275850772857666,0.905963897705078,1.0600271224975586,1.1962475776672363,1.3159217834472656,1.4224753379821775,8
0.56929154,189.87825879,385.42001693,2.6,2.9,0.16561675,0.2034409,0.24555683,0.28393126,0.31736016,0.3468206,0.3751998,0.4008603,4
0.38105002,169.49530652,205.60968367,2.1,2.6,0.23906922,0.36471868,0.44836736,0.51689816,0.5742848,0.6247716,0.6689234,0.7072239,17
0.32969177,283.70188059,185.72119193,2.42998874,2.34639923,0.1899631,0.25330472,0.3122344,0.36163306,0.40598965,0.44646549,0.48377347,0.51819301,3
0.31263647,109.96267085,81.52624741,2.49951866,2.02820533,0.48344827,1.15204978,1.50662708,1.62222815,1.68259811,1.732059,1.77546215,1.81409836,0
0.58420254,8.71194908,185.76479687,2.95116044,2.17419311,0.67461967,1.81923437,2.56094313,2.79432726,2.81510782,2.81567049,2.81582785,2.81604433,0
0.652173246309403,4.606136868330644,0.3841246813887686,2.9047294917680886,2.8040599872890097,1.180117130279541,3.640392303466797,5.830629825592041,7.09390115737915,7.634103298187256,7.924900531768799,8.172464370727539,8.37932014465332,5
0.3685484311133912,5.855552607160539,0.0628283443293122,2.4606472849593524,2.1005486794450885,1.1419825553894043,3.62494707107544,6.121675968170166,7.865031719207764,8.65556526184082,8.730419158935547,8.742202758789062,8.761489868164062,12
0.81664998,63.32127519,375.75893729,2.3,2.7,0.20731401,0.30335426,0.37782383,0.43757534,0.4879377,0.5304575,0.5667856,0.5979054,4
0.94510272,59.86655589,251.0837159,2.7,2.8,0.28843498,0.53765845,0.7395773,0.9083557,1.0500994,1.1702778,1.2720699,1.3593874,10
0.39999546,238.83980016,241.87218724,2.11833326,2.72269457,0.19958639,0.28644252,0.36181927,0.42602921,0.48362899,0.53543353,0.58348465,0.62664747,3
0.99264757,260.54743367,221.14614648,2.8,2.8,0.15690732,0.19205904,0.2431233,0.31432104,0.37689066,0.43441272,0.49078512,0.54473877,3
0.35440442,292.4971773,47.12012218,2.1,2.4,0.20335388,0.31080294,0.4037416,0.48422885,0.5557635,0.6194658,0.677058,0.73011327,16
0.5495795113325823,0.8607511062587566,36.18556438843356,2.980064520529286,2.101006544142227,1.0862913131713867,3.423103809356689,5.775687217712402,7.4221343994140625,8.072168350219727,8.104971885681152,8.106690406799316,8.109472274780273,14
0.91287912,51.04745509,29.48795,2.6,2.5,0.4171419,0.90880346,1.287003,1.5742946,1.7996902,1.9825616,2.135386,2.2670474,19
0.9968959849126466,226.97883707887445,0.0078519036593233,2.8406313110545685,2.093244124061984,0.1353673934936523,0.2310771942138672,0.3203914165496826,0.4098725318908691,0.4970555305480957,0.5818803310394287,0.6625230312347412,0.7400994300842285,15
0.90769372,180.13122909,276.13315584,2.6,2.8,0.14919257,0.21424603,0.28244686,0.352355,0.4164369,0.47542572,0.5310879,0.5841634,4
0.91583766,30.69142242,152.55052831,2.9,2.4,0.46423864,1.090183,1.5304446,1.8112357,2.0060303,2.15333,2.2715952,2.3693469,20
0.47840508,237.06323375,11.24957043,2.17041291,2.00885475,0.19775057,0.33110237,0.44951177,0.55374432,0.64658093,0.73014832,0.80507946,0.87375855,15
0.91570092,127.80267442,330.91786425,2.19135198,2.43088266,0.12946749,0.18930507,0.24922419,0.3024745,0.35267472,0.39911985,0.44258833,0.48282647,4
0.972606570813794,150.709624001384,0.009819011360542,2.56665039009673,2.1310778449063954,0.1789636611938476,0.3187158107757568,0.4546866416931152,0.583794116973877,0.7050991058349609,0.8187146186828613,0.9246838092803956,1.0241191387176514,15
0.72284789,252.98592363,67.43851975,2.3,2.4,0.14218235,0.23006225,0.31569648,0.39597464,0.472754,0.5452421,0.6137867,0.67854595,2
0.5770641445744039,3.01015383455942,0.0039035049981884,2.8485995749230453,2.4927880744399933,1.2102062702178955,3.8301942348480233,6.397733688354492,8.081761360168457,8.785244941711426,8.983838081359863,9.124150276184082,9.265531539916992,12
0.97868469,145.22277229,214.59967453,2.9,2.4,0.1703732,0.2803223,0.38792825,0.49313736,0.58978534,0.6799855,0.7647748,0.8441539,17
0.44102538,139.50660568,378.81180856,2.8,2.2,0.23030329,0.3347392,0.39857936,0.45139813,0.4977858,0.5377028,0.57292414,0.60395956,4
0.3074941,276.15575627,159.24098349,2.5,2.4,0.24228907,0.3691044,0.4565351,0.53045416,0.59478736,0.6509547,0.7017758,0.7471144,17
0.52293074,292.947052,37.24260712,2.25765991,2.04218006,0.14053392,0.21827936,0.29335332,0.36271811,0.4279213,0.48874354,0.5457685,0.59930062,2
0.94253466,74.79704362,26.5728475,2.3,2.2,0.2772708,0.5397489,0.77048945,0.9707303,1.1441982,1.2954004,1.4272232,1.5435796,9
0.4508824882344474,23.563964026281187,0.5435547579847517,2.8693430172426595,2.646636413830719,1.010474443435669,3.02618670463562,4.647188186645508,5.447970390319824,5.766958236694336,5.94770622253418,6.078728675842285,6.165813446044922,5
0.51549844,136.57444543,96.03434523,2.1,2.5,0.29064465,0.5424483,0.7257259,0.86884665,0.98500276,1.0806954,1.1612015,1.2321777,10
0.729634811588123,54.60135133252256,0.0676379801861922,2.254029348403045,2.762135292387353,0.5349879264831543,1.32169771194458,1.844146013259888,2.1663477420806885,2.3948800563812256,2.575412034988404,2.7239677906036377,2.8511908054351807,18
0.8281872021905422,2.2102241834855536,0.095364642956263,2.946784980621177,2.93382384171031,1.205005168914795,3.6977381706237793,5.847109794616699,7.080679893493652,7.682301521301269,8.076346397399902,8.419031143188477,8.699991226196289,12
0.98886769,96.72025396,390.27362693,2.14496211,2.18497861,0.11363816,0.1545341,0.19463158,0.22750235,0.26135921,0.29184508,0.31984138,0.34559155,11
0.8674348,65.7449246,201.11539563,2.1,2.8,0.24350548,0.43625832,0.5944526,0.7263856,0.8375819,0.9321773,1.013665,1.0842099,17
0.94347495,209.58708191,264.21203613,2.90951967,2.43243647,0.14001513,0.18062735,0.2330544,0.28722954,0.34144664,0.38929224,0.43530464,0.48007488,4
0.75930168,218.99197304,103.59095736,2.6,2.7,0.18020296,0.292984,0.40410304,0.50935364,0.6065724,0.6967385,0.78169537,0.86122704,16
0.65490473,48.23682795,375.31827966,2.49737478,2.11563426,0.24048543,0.35648227,0.40950465,0.44757986,0.4766643,0.50064111,0.51968527,0.53454947,21
0.512667644644435,0.989112527586088,0.0113698851664362,2.5233385830911303,2.4213303619117346,1.242706298828125,4.101400375366211,7.331294059753418,10.05801773071289,11.653311729431152,11.72500705718994,11.733355522155762,11.74038314819336,12
0.93266708,257.49786377,178.76255798,2.44602394,2.07495785,0.09355569,0.14895201,0.19413447,0.23367405,0.2789042,0.32267284,0.36421967,0.40398812,3
0.79403973,195.9083252,97.20664215,2.54502249,2.43420243,0.17352772,0.28853393,0.40120935,0.50626755,0.60410118,0.69535708,0.78008938,0.86013126,16
0.70795874,57.76997886,43.11725902,2.967093,2.76130255,0.54251313,1.32499743,1.86898184,2.19485092,2.41500807,2.58475876,2.72556305,2.84494066,19
0.77708954,12.4066534,42.81750107,2.60409212,2.01158118,0.73697662,1.89855599,2.60850167,2.97100472,3.17438579,3.31273961,3.40094209,3.47902513,23
0.46102265,100.0912284,352.97920619,2.2,2.7,0.2404759,0.34336066,0.39413857,0.43378448,0.46748877,0.49695158,0.52149963,0.5435238,4
0.4957743173607104,1.3370899413028166,0.0053539619626288,2.642336996186565,2.58927870156443,1.2652621269226074,4.194932460784912,7.517143726348877,10.306365966796877,11.948991775512695,12.03538703918457,12.04200553894043,12.047441482543944,12
0.3100359,117.76391654,246.3732712,2.86535139,2.56377616,0.42048526,0.92298365,1.20197034,1.28355384,1.32321143,1.35690951,1.38769603,1.41384292,21
0.3249523974657468,14.234176611297585,0.0500963828095009,2.000948927691764,2.3906679461660776,1.0849878787994385,3.454826831817627,5.731484413146973,7.20289945602417,7.707615375518799,7.745787143707275,7.75614595413208,7.764947414398193,5
0.96432692,262.46535011,310.55086982,2.8,2.5,0.13218045,0.15873098,0.19065857,0.24119902,0.2892785,0.3301623,0.37010574,0.408494,4
0.3028982,2.19403672,0.17178026,2.1312201,2.33733225,1.26246285,4.03790855,7.12682056,9.62163448,11.49345589,12.8735466,14.01952362,15.01398277,12
0.86068982,19.63877458,116.90176971,2.1,2.9,0.5148454,1.2326922,1.691061,1.9390707,2.0975008,2.2059755,2.293775,2.3684812,20
0.7505692606834315,48.24315545713717,6.638684382348767,2.8843623585357125,2.4450072991605847,0.5438947677612305,1.3277015686035156,1.8656868934631348,2.19827651977539,2.4334425926208496,2.6182737350463867,2.77054500579834,2.9001498222351074,18
0.32171569,213.67696254,251.83586046,2.1,2.7,0.19334364,0.24182153,0.2828405,0.31675482,0.346869,0.37400794,0.3989303,0.42157435,4
0.3989730775144929,26.608602493019493,0.3394571984899087,2.4495451487784723,2.990508942939553,1.0289945602416992,3.196186065673828,5.080709457397461,6.101060390472412,6.420917987823486,6.533570766448975,6.6110053062438965,6.662195682525635,5
0.39405093,205.79930333,24.5284472,2.57126627,2.0,0.28610325,0.5242393,0.69467783,0.82816076,0.9365077,1.02772951,1.10483623,1.17444134,9
0.82943979,57.46862828,227.91203629,2.4,2.4,0.29256034,0.55409694,0.7515311,0.9055226,1.0290527,1.1302145,1.2128987,1.2812266,10
0.8540052257005136,1.7397523695506871,100.82295718860824,2.5363709420406093,2.474544780650324,0.9014725685119628,2.6967663764953613,4.116291046142578,4.789092540740967,4.976656436920166,5.046002388000488,5.056281566619873,5.056442260742188,23
0.3,48.22072102,400.0,2.0,2.0,0.26924396,0.38753152,0.39018035,0.39065981,0.39157891,0.39262033,0.39340806,0.39427662,21
0.46484666,31.08776591,387.35644397,2.1,2.2,0.3099103,0.5295079,0.5703945,0.5717571,0.57371116,0.5757375,0.5776193,0.5793443,21
0.30786484,15.81882286,5.92515612,2.6001482,2.84791279,1.20372105,3.72280478,6.24791908,7.96414185,8.60057545,8.69992447,8.73398018,8.75225639,14
0.83060519,215.74987016,364.24057856,2.7,2.3,0.10785389,0.15247488,0.1900475,0.22751808,0.26635718,0.30166364,0.3339851,0.36568546,4
0.4081318924897257,4.416160870349712,1.0708922515318973,2.031753328654217,2.4826816319034606,1.165677547454834,3.829901695251465,6.675075054168701,8.812204360961914,9.86770248413086,10.001262664794922,10.00821304321289,10.014251708984377,13
0.82975668,12.54587841,45.25826645,2.08496714,2.1580863,0.69450045,1.78478456,2.42204499,2.72905564,2.90026259,3.0246532,3.10926414,3.18116546,23
0.41770219,271.65468113,238.13853677,2.2,2.5,0.14330125,0.18036151,0.21999884,0.25308132,0.28456712,0.31372237,0.34172487,0.3679788,3
0.97801083,7.01168442,39.12615967,2.2309885,2.6962204,0.80179334,2.19671679,3.09228468,3.54229116,3.79178524,3.95977163,4.0790205,4.1716547,23
0.90745715,26.38762085,145.00960192,2.7,2.2,0.4714446,1.1177974,1.5534499,1.8173833,1.9905529,2.120677,2.222907,2.3089857,20
0.43461319,143.52894682,306.38362579,2.6,2.3,0.25074863,0.3928864,0.48146415,0.5528412,0.6124904,0.662956,0.7083354,0.74708486,17
0.38793673,173.09989217,252.44605161,2.9,2.5,0.31324673,0.56870055,0.7208197,0.8307886,0.9174309,0.99049616,1.0511267,1.1047196,10
0.9014844227080692,2.3866425807097245,0.1519556571155728,2.6164447258096497,2.556972685983028,1.10288667678833,3.2353527545928955,4.838625907897949,5.678291320800781,6.145768165588379,6.499922752380371,6.78001594543457,6.991726875305176,5
0.9151224476657446,252.9135993444648,0.2466827205012887,2.250108100987044,2.0406225884749225,0.1124160289764404,0.1940662860870361,0.2691278457641601,0.3411436080932617,0.4131574630737304,0.4830918312072754,0.5505948066711426,0.6150779724121094,2
0.64625049,214.0430603,0.88774574,2.93108249,2.72546482,0.26347041,0.4711113,0.65902853,0.82731557,0.97812009,1.11406803,1.23723221,1.34807968,8
0.3333453346359533,210.11513995298893,0.1453032554002509,2.2172635585989693,2.5464652287315808,0.4020464420318603,0.9021375179290771,1.2190804481506348,1.4004979133605957,1.532404899597168,1.637737274169922,1.7253286838531494,1.803607940673828,18
0.62352742,274.33916097,143.08304464,2.1,2.0,0.10193706,0.15596485,0.20515442,0.24986577,0.2953987,0.3379848,0.3782456,0.41644263,2
0.64628766,291.7030631,215.26468904,2.1,2.0,0.08153081,0.12097502,0.15422559,0.18005729,0.2097516,0.23776197,0.26500487,0.29114413,11
0.4115163947420137,84.63439658768155,0.0117790817283343,2.49316558520081,2.955934472596277,0.7059342861175537,2.03603744506836,2.956312656402588,3.3653268814086914,3.5382604598999023,3.646533966064453,3.736813545227051,3.8143696784973145,22
0.31416752,298.66182929,280.60350506,2.1,2.9,0.13164115,0.1499064,0.16973329,0.17808104,0.18819761,0.20125604,0.2117436,0.22111917,11
0.6923125,184.77454243,72.17737047,2.97595248,2.2555238,0.20920086,0.35549045,0.49350357,0.61731219,0.72993755,0.83314538,0.92767024,1.01445365,16
0.66232173,156.45986169,270.92053513,2.1,2.7,0.15038896,0.2083385,0.26623583,0.31686616,0.36294818,0.4058118,0.44507885,0.48115063,4
0.99749296,42.00065594,294.67084073,2.7,2.9,0.30836463,0.588274,0.80066586,0.9705076,1.1061254,1.2159462,1.3050771,1.3802204,10
0.3568618,99.92099702,172.19587862,2.5,2.3,0.46251845,1.1053281,1.477165,1.5929797,1.6448812,1.6875448,1.724443,1.7565229,0
0.50744501,296.78658335,217.79224859,2.2,2.8,0.1268878,0.16874027,0.21065593,0.24455881,0.2782755,0.31138206,0.34241772,0.3720355,3
0.78215504,154.58447266,399.40298462,2.16879964,2.8444674,0.13371181,0.18277979,0.23352671,0.28049278,0.32368684,0.36390615,0.40084028,0.43580389,4
0.48205894,13.64293575,23.65365982,2.58398914,2.18474317,0.99815392,2.84781861,4.19822121,4.81699848,5.04983902,5.1921339,5.26952267,5.30210876,7
0.38797356,223.0954414,374.89238037,2.2,2.6,0.1344471,0.15077066,0.16902876,0.17597651,0.18508244,0.19451785,0.204386,0.21250558,11
0.70970535,21.50319481,210.83517456,2.46507835,2.59121084,0.54947639,1.41643405,1.96092176,2.1535635,2.20693922,2.23678589,2.26207066,2.28410912,1
0.43521143,11.32507211,5.19780503,2.02320596,2.32416715,1.04453588,3.22746706,5.12952805,6.14949465,6.46229982,6.53153276,6.56695509,6.59393263,6
0.35367126,275.67947579,96.59966082,2.5,2.3,0.24423242,0.3963132,0.512166,0.6103389,0.69513416,0.7695608,0.83634496,0.89580274,16
0.5876730527875844,115.00878630306676,1.0901000012530335,2.4322270896274003,2.343368128338188,0.3875191211700439,0.8350911140441895,1.1589405536651611,1.3927879333496094,1.572465419769287,1.7203104496002195,1.845638513565064,1.9532029628753664,8
0.3047376434314869,1.2337606950906044,0.0869389206713738,2.368058515912601,2.1022272352465814,1.1985454559326172,3.944818019866944,7.055202484130859,9.738499641418455,11.03803539276123,11.054864883422852,11.060959815979004,11.066162109375,12
1.0,176.10780666,400.0,2.0,2.0,0.06297088,0.09129524,0.11078787,0.11888623,0.13333511,0.14545798,0.15675831,0.16915846,11
0.79417697,65.46876212,253.78833027,2.6,2.6,0.300745,0.5663862,0.7633016,0.919353,1.0439622,1.1462715,1.2310224,1.3029346,10
0.92168087,7.95833254,30.41073799,2.08794045,2.51009536,0.79893517,2.16244149,3.01063704,3.42360139,3.64761901,3.8005321,3.90723634,3.99326348,23
0.95832217,282.38195801,105.80050659,2.01746607,2.15359426,0.08172369,0.14038634,0.19335032,0.23779964,0.28577113,0.33276963,0.37814975,0.42286992,2
0.87156284,231.51577301,10.37909236,2.3,2.3,0.13624215,0.235672,0.32902217,0.41829586,0.50566363,0.58934593,0.6679716,0.7436576,15
0.77780581,211.98023987,164.00639343,2.81918788,2.21521354,0.14194918,0.21854138,0.29420447,0.36369801,0.42982602,0.49295139,0.55147433,0.60689998,2
0.42267588,87.96653261,202.00580322,2.5,2.6,0.44017506,1.0117798,1.3528061,1.4839976,1.5531876,1.6055739,1.6505129,1.6879551,1
0.89060219,102.85610619,303.69261461,2.3,2.9,0.1714766,0.25589252,0.34026313,0.41187167,0.47738767,0.5365493,0.5901573,0.6389973,4
0.3827995247947901,6.937561035194941,10.618802061019895,2.5,2.5,1.1571719646453855,3.71069860458374,6.3309831619262695,8.154111862182617,8.925355911254883,9.001853942871094,9.007494926452637,9.014447212219238,14
0.92351883,200.96263329,154.12666272,2.1,2.5,0.11656833,0.18675041,0.25071406,0.31250024,0.3741908,0.43305516,0.48813248,0.54050016,2
0.43478522,167.26828003,171.05575562,2.79480982,2.048985,0.2322762,0.36744404,0.4668746,0.54919791,0.61871791,0.67961431,0.73298836,0.77933669,17
0.62756184,27.99910236,150.48527449,2.7,2.7,0.6400566,1.7377388,2.4673908,2.7649233,2.8756607,2.9325407,2.9759781,3.013961,23
0.58554612,52.41509669,22.61475245,2.47520638,2.68013459,0.63806057,1.71677923,2.40550613,2.74021864,2.93621206,3.07800579,3.19446373,3.29116917,23
0.97457697,7.53712191,73.75781119,2.53397924,2.54705349,0.74542117,1.98732042,2.78478193,3.19205379,3.42176199,3.56521702,3.67334318,3.75329256,23
0.5453607596202114,1.7465828334729512,0.0176096317407209,2.2944184440334854,2.982559896177589,1.2502241134643557,4.17830753326416,7.510420799255371,10.15138053894043,11.626225471496582,11.82994556427002,11.837366104125977,11.843354225158691,12
0.49804796,276.82549626,312.51544687,2.4,2.8,0.13028741,0.1622808,0.19363403,0.21892262,0.24677896,0.27104664,0.29201436,0.31430888,11
0.8220072,212.82367478,95.16593762,2.3,2.2,0.13405943,0.2227056,0.30666876,0.38628554,0.4625659,0.53498983,0.6032307,0.6675675,2
0.5943856319981594,10.22022008015741,19.095271164671463,2.19294024,2.05994701,0.917360544204712,2.6172542572021484,3.786177158355713,4.301244258880615,4.526562213897705,4.66724157333374,4.753113746643066,4.806027412414551,23
0.50600219,48.26481195,120.73578107,2.2,2.1,0.5304084,1.3245466,1.7650621,1.9139664,1.9842975,2.0399802,2.0848267,2.1220143,0
0.40910178,15.9996767,34.71835327,2.71358156,2.86202836,1.08211112,3.26573062,5.19822979,6.31704044,6.6358614,6.71403885,6.76397896,6.78689671,7
0.57188352,117.50761754,340.64098011,2.62983231,2.95207907,0.28021836,0.47347522,0.60174131,0.70612574,0.79216433,0.86622381,0.92944002,0.98472691,17
0.6297510674998504,43.48836441809981,0.0054289120573427,2.578785757291537,2.2915632385025977,0.6318416595458984,1.6358282566070557,2.2590649127960205,2.589503526687622,2.797581434249878,2.9508297443389893,3.083486795425415,3.188819169998169,18
0.90479477,92.98626639,329.79769055,2.2,2.3,0.14703321,0.21296501,0.27926087,0.33705044,0.38947535,0.4365878,0.47907686,0.5177016,4
0.4774757803895499,198.87531236513465,0.0120158692436738,2.1176256613857096,2.0137517516895818,0.2445838451385498,0.442814826965332,0.6059238910675049,0.7432878017425537,0.8601162433624268,0.9624767303466796,1.0529367923736572,1.1332037448883057,15
0.78995042,160.45477504,304.24166892,2.80845386,2.04955114,0.11672187,0.15844345,0.19771123,0.23271561,0.26709938,0.2990005,0.32932782,0.35766673,4
0.4243182567110342,190.7421533705524,357.6459399914375,2.25009563,2.40853311,0.1640882492065429,0.1974129676818847,0.2342736721038818,0.2630012035369873,0.2891323566436767,0.3141310214996338,0.3372249603271484,0.3584370613098144,4
0.30867231,9.42166897,187.00808934,2.5081065,2.65732691,0.80574393,2.35400343,3.62528372,4.1656723,4.21110821,4.21141911,4.21171904,4.21190834,23
0.88755191,294.21923107,171.55940769,2.4,2.8,0.13214779,0.17352271,0.22379184,0.27644825,0.33165884,0.38163304,0.4286759,0.47591615,3
0.3,151.81419281953845,232.6652744953585,2.27699733,2.01363611,0.2582020759582519,0.4126460552215576,0.4899270534515381,0.54653000831604,0.5927441120147705,0.6314501762390137,0.6640563011169434,0.6933038234710693,17
0.30350302,208.18796317,324.96601008,2.69600062,2.13065618,0.17775178,0.2004168,0.2240212,0.23838711,0.25172424,0.26559567,0.27884269,0.29080319,11
0.66876695,275.98382101,346.5267828,2.9,2.5,0.13524151,0.16653037,0.20062828,0.24719715,0.28552485,0.3203001,0.35444665,0.38642883,4
0.69555999,83.06085763,104.49403956,2.1,2.4,0.3051269,0.5968156,0.81728745,0.98939824,1.1272631,1.2398849,1.3334315,1.4155078,10
0.99160731,85.52631845,361.47844438,2.4,2.3,0.14908051,0.21726131,0.28744507,0.34816527,0.40278268,0.45246053,0.4974463,0.53829026,4
0.85884414,231.48213803,176.91991868,2.48937564,2.2728591,0.11598945,0.18288112,0.24369669,0.29979634,0.35595298,0.41061854,0.46280241,0.51189399,3
0.5488581474071939,127.1835538454145,174.0392776925477,2.4487622447145547,2.0788526792795947,0.2450668811798095,0.4231348037719726,0.5593125820159912,0.6711697578430176,0.76474928855896,0.8444850444793701,0.9136266708374025,0.9730608463287354,17
0.9980892745621148,1.13692582846055,19.43329960768752,2.3,2.8,1.0972020626068115,3.34987473487854,5.183589935302734,6.16203498840332,6.634007453918457,6.907912254333496,7.105992317199707,7.241411209106445,6
0.95675202,12.2093505,84.69452289,2.2,2.0,0.5764234,1.4128764,1.9107873,2.1735826,2.33288,2.4525986,2.546177,2.6156778,20
0.48770682,79.32495272,242.05191626,2.09848687,2.92596174,0.40341115,0.92636442,1.25330424,1.4026432,1.48455977,1.54749513,1.59801078,1.64211917,20
0.71181574,257.35336685,350.33771807,2.4,2.9,0.13277149,0.14465618,0.17155933,0.19835138,0.22997999,0.25267863,0.27462077,0.29775262,11
0.73403036,300.0,184.74683867,2.0008529,2.36695777,0.08974957,0.14071536,0.18663454,0.22305989,0.26331043,0.30264926,0.34072304,0.37701797,3
0.5281054808840355,2.736706176233824,0.0750912691952478,2.575367071204075,2.9456793358021534,1.2610280513763428,4.143730163574219,7.306862831115723,9.667920112609863,10.861360549926758,11.092583656311035,11.10547924041748,11.115463256835938,12
0.5892574411367342,60.15287468145373,21.47414892529096,2.8976588822371805,2.4573907010501217,0.5886948108673096,1.518193244934082,2.124065399169922,2.44332218170166,2.6475396156311035,2.8002514839172363,2.9242329597473145,3.0338830947875977,19
0.4497622450303701,0.7223556992595411,0.0207903289863678,2.128779536968337,2.831652019625708,1.2559938430786133,4.275019645690918,7.912503242492676,11.266121864318848,13.561710357666016,13.62081527709961,13.627439498901367,13.633045196533203,12
0.98887456,143.31328861,186.56873083,2.2,2.4,0.13705969,0.2230568,0.3065021,0.3850422,0.45992494,0.5292764,0.5952091,0.65694714,3
0.30221028,162.21653352,323.80706629,2.2,2.5,0.22603512,0.29216862,0.32464194,0.35125208,0.37475133,0.3956554,0.41401386,0.43173313,4
0.76070593,222.95040372,340.83161147,2.5,2.0,0.09469485,0.13416815,0.17097092,0.199687,0.23002028,0.25968146,0.28850532,0.31587481,11
0.9707951051107848,1.1920888369679368,2.68404564990792,2.82297785,2.17071208,1.098832368850708,3.1573874950408936,4.6439971923828125,5.452951431274414,5.96809196472168,6.409239768981934,6.771484375,7.046824455261231,6
0.4521100736090468,2.387716806034805,0.0146350965518212,2.142973970614677,2.1232087574211533,1.1671459674835205,3.783793210983277,6.539046287536621,8.666906356811523,9.723584175109863,9.783422470092772,9.791949272155762,9.79905605316162,12
0.92813484,111.48871581,60.97907015,2.1,2.8,0.20734978,0.3747537,0.5331881,0.6773269,0.807827,0.92647624,1.0349469,1.1335068,16
0.8288118430363499,11.15757080667616,0.0039083779066141,2.9477454186193466,2.913397751127836,0.9225287437438964,2.6279172897338867,3.8267664909362793,4.463653087615967,4.832945823669434,5.093560218811035,5.292657852172852,5.443655014038086,5
0.71021851,61.49369295,158.18830953,2.5,2.5,0.39346552,0.84895396,1.1659472,1.3758285,1.52507877,1.64074564,1.73486233,1.81472683,10
0.5993342315513059,1.4238152763163794,104.31356295546772,2.031992460173392,2.7019962673857885,0.9298181533813475,2.943065643310547,4.847635746002197,6.014905452728272,6.279651165008545,6.2799601554870605,6.28001070022583,6.28001070022583,7
0.72408652,159.85543823,56.74605179,2.05278921,2.74729586,0.22228622,0.40227532,0.568367,0.71760154,0.85153341,0.97315407,1.08302927,1.18254566,16
0.51448036,124.27907846,85.61353561,2.3,2.3,0.3410647,0.68431616,0.92125607,1.0918772,1.2207694,1.32602,1.4141555,1.4886715,10
0.73601357,104.46745366,400.0,2.0,2.0,0.10785222,0.1321373,0.15133834,0.16691184,0.18330812,0.19778442,0.21097088,0.22363901,11
0.9677288776245307,3.17163424236243,0.067727181100415,2.949522163139794,2.782554901255248,1.066981315612793,3.071420669555664,4.544371604919434,5.32820987701416,5.800909042358398,6.166050910949707,6.4538116455078125,6.6740570068359375,5
0.50258931,124.01612358,50.7869772,2.7,2.6,0.44735074,1.0219321,1.4135883,1.6518848,1.8173597,1.9518769,2.0590394,2.150923,19
0.77095675,221.24428972,344.38002844,2.4,2.4,0.10427833,0.14328742,0.17871022,0.20653152,0.23585677,0.265342,0.2923684,0.31857324,11
0.3,26.368147600588145,0.5034241861585567,2.82297785,2.17071208,1.007986307144165,3.019527673721313,4.688231468200684,5.535768508911133,5.79737663269043,5.910966873168945,5.992835998535156,6.052933692932129,5
0.92195729,7.17322985,27.54188166,2.7,2.8,0.8960943,2.4724054,3.542553,4.103763,4.4289346,4.642227,4.798679,4.9179835,23
0.98754495,17.64419365,2.56306386,2.28878689,2.23264527,0.57726336,1.37111926,1.88913608,2.21705842,2.45172048,2.63542581,2.78890252,2.91911817,18
0.64161731568512,1.8059653819113115,0.0328265184308818,2.242929874164278,2.732171144675549,1.2104065418243408,3.949988842010498,6.7768073081970215,8.711864471435547,9.569509506225586,9.765186309814451,9.822237014770508,9.89079475402832,12
0.62761965,17.67539189,11.36046458,2.6,2.3,0.902689,2.563504,3.7053297,4.2241716,4.450676,4.568228,4.6630945,4.7229033,22
0.7069351,147.13188142,44.23604144,2.6,2.8,0.28636193,0.5370605,0.75266814,0.9399209,1.1033738,1.2461486,1.3722835,1.4839516,9
0.7857027,181.62013846,42.98126855,2.4,2.9,0.20782423,0.36066675,0.50818086,0.6426835,0.76676416,0.8810153,0.9865997,1.0840211,15
0.6925944341301133,10.949781160760748,0.0848873634795616,2.932209353739844,2.278137416916487,0.944126844406128,2.640333652496338,3.795474529266357,4.389667987823486,4.740124225616455,4.9950785636901855,5.184143543243408,5.327498912811279,5
0.9428774997666498,1.059946830188764,0.3454141690028546,2.067681575509054,2.950302670030664,1.1624200344085691,3.651163339614868,5.863077163696289,7.135759353637695,7.744489669799805,8.06974983215332,8.300653457641602,8.47919750213623,13
0.8254134587265675,0.8738654795901664,108.37395094755936,2.478665578667342,2.485799151521687,0.9172260761260986,2.800624370574951,4.41384220123291,5.232305526733398,5.404900550842285,5.433841705322266,5.435754776000977,5.435954570770264,7
0.3306127516859444,2.4074028311403755,3.300336525580797,2.76442242,2.1426003,1.199514865875244,3.893689155578613,6.876051902770996,9.34750747680664,10.664395332336426,10.719325065612791,10.722237586975098,10.724740982055664,14
0.5827350016913146,3.417728399717308,0.1114172862331834,2.101604460350048,2.810012151202447,1.172226905822754,3.804989099502564,6.436404228210449,8.163885116577148,8.877684593200684,9.03651523590088,9.097651481628418,9.154297828674316,12
0.7481559,209.68279672,52.24673752,2.1,2.1,0.13732028,0.232378,0.32191515,0.4066875,0.48708415,0.5617614,0.63183427,0.6984451,16
0.74145598,117.85180875,72.82032816,2.49774269,2.78858311,0.31237793,0.60799289,0.85342312,1.06104016,1.23733044,1.38869429,1.51943254,1.63476515,10
0.42686739,299.10824612,104.24276024,2.3,2.1,0.15640426,0.22783065,0.2965374,0.3590808,0.41684008,0.4698918,0.5190451,0.56470084,2
0.97118682,59.06826108,275.99637774,2.6,2.1,0.22424698,0.3933611,0.5407491,0.6662817,0.77503324,0.8695693,0.95189476,1.0241742,17
0.30151248,112.02271509,154.45586953,2.7,2.1,0.49753094,1.2779231,1.7513442,1.8711603,1.9069374,1.9387467,1.9667327,1.9925802,0
0.60681657,69.24573015,135.75642186,2.49814548,2.72434624,0.46287799,1.08778024,1.50074244,1.73048115,1.87496519,1.98781204,2.08038712,2.1553688,20
0.91654181,13.71678734,15.96917534,2.03342295,2.06702304,0.63935018,1.55983377,2.1073122,2.41347313,2.62057686,2.77100325,2.89563942,3.00402308,19
0.38915053,10.75962906,109.55064696,2.44957197,2.68639975,0.89817977,2.76252985,4.40949774,5.27337933,5.42273712,5.4418292,5.44301558,5.44345379,7
0.93144485,148.1476936,317.68030366,2.1,2.1,0.09366655,0.1378243,0.17609596,0.2085185,0.24264503,0.27448392,0.3043251,0.33289385,11
0.30936778,194.95470549,398.49249311,2.51333523,2.07166096,0.13804841,0.1461041,0.15479398,0.154917,0.16086769,0.16448593,0.16890645,0.17083764,11
0.88158574,216.28311262,106.40428533,2.9,2.0,0.13722897,0.23455477,0.32648802,0.41660476,0.50356245,0.5865576,0.6648197,0.74031997,16
0.52461267,19.47325516,45.6793251,2.59464025,2.11266565,0.82712269,2.25358748,3.18391204,3.57963204,3.76929641,3.85563445,3.90508199,3.94361472,23
0.7190144344199834,8.451584211571733,0.0030807777208804,2.864996549035341,2.5346319065338165,1.0164237022399902,2.939359903335572,4.33625602722168,5.04056453704834,5.427741050720215,5.704575538635254,5.918498992919922,6.079434394836426,5
0.7382283383673108,12.40253675026386,1.0010858151687962,2.33395106253259,2.034811184712718,0.8143997192382812,2.1607255935668945,2.9910712242126465,3.416442394256592,3.6722350120544434,3.848560333251953,3.986037254333496,4.091657161712647,22
0.60870553,298.93452057,122.50768151,2.8,2.4,0.15927911,0.24306679,0.3261497,0.4063642,0.48140764,0.55132747,0.6167898,0.6790192,2
0.58543083,104.33041016,183.86894838,2.6,2.3,0.32096767,0.62447166,0.8382225,0.9975054,1.1215761,1.2214129,1.3049889,1.3778312,10
0.34759277,259.19447336,170.59334558,2.4,2.6,0.2259605,0.3312688,0.41288018,0.48202538,0.5433178,0.598145,0.64792967,0.6932502,17
0.33271691,86.52985382,146.92210388,2.19292879,2.17526627,0.47083831,1.12889099,1.4670651,1.54546499,1.58153272,1.61269093,1.64037156,1.66411805,0
0.8950262982008649,8.061254941096553,0.1389291902325861,2.042623041744037,2.363584335883272,0.8265702724456787,2.228444576263428,3.0925893783569336,3.534755229949951,3.80000638961792,3.982682228088379,4.131239891052246,4.247879981994629,22
0.5507742874915198,81.83344272223752,398.8170433377229,2.15973091,2.00018525,0.1679601669311523,0.1995742321014404,0.2258243560791015,0.2466480731964111,0.2651820182800293,0.2812449932098388,0.2960247993469238,0.3093101978302002,11
0.4013849540637112,26.0501611238376,0.0055066195397256,2.2574895819555123,2.5507753555367048,0.9756197929382324,2.944480657577514,4.512885093688965,5.254467010498047,5.483259201049805,5.592175483703613,5.655893325805664,5.704765319824219,5
0.75744551,22.39015961,82.47898102,2.18913627,2.82511759,0.66100931,1.80232191,2.53210163,2.86477327,3.03635073,3.14918041,3.23506641,3.30902195,23
0.4517038089376037,21.506048050534822,0.3329031753412124,2.459285992576516,2.006826782544688,0.909348964691162,2.5849757194519043,3.7240781784057617,4.239356994628906,4.483834266662598,4.628928661346436,4.736421585083008,4.8021650314331055,22
0.99652436,299.700001,399.600001,2.00611177,2.005,0.04665136,0.0713985,0.09218407,0.09486794,0.10523725,0.11203456,0.11684942,0.12545371,11
0.5697206853450228,1.5214535363791917,0.0031144731802277,2.9712392944754744,2.471591251964115,1.252308368682861,4.063706874847412,7.0729570388793945,9.34571361541748,10.501548767089844,10.653626441955566,10.664441108703612,10.673426628112791,12
0.485146,11.663244,38.353605,2.5,2.5,1.03378344,3.04918432,4.68096304,5.50061989,5.73390388,5.82607555,5.86731052,5.88856983,7
0.474096472955164,42.80196255026042,0.0094463639071631,2.8078733120917314,2.823741217569008,0.8609874248504639,2.5287652015686035,3.755614280700684,4.348606109619141,4.607747554779053,4.756808280944824,4.852910995483398,4.938411235809326,22
0.402674105552354,49.76328669133376,0.343016817500767,2.6543104969876703,2.01760383255586,0.7431094646453857,2.0243372917175293,2.835799217224121,3.2044692039489746,3.390575408935547,3.5043983459472656,3.583486557006836,3.657841205596924,22
0.89586109,202.00917053,5.42327261,2.65382338,2.04403543,0.14534211,0.25025344,0.35066056,0.44827461,0.54192209,0.63070989,0.71464014,0.79392385,15
0.91835428,128.18528432,219.19149414,2.8,2.3,0.18006206,0.29985237,0.416466,0.5243528,0.6237054,0.71538496,0.7995708,0.87775636,17
0.3448713423582462,6.386343607625072,2.5850748280690103,2.36082957,2.83275855,1.2144782543182373,4.019136905670166,7.144256591796875,9.614031791687012,10.893183708190918,11.034675598144531,11.039277076721191,11.043389320373535,14
0.44610581653167,1.599054580190448,1.0880369484476298,2.1401852858616164,2.765536003510209,1.2361502647399902,4.1683197021484375,7.585495948791504,10.557942390441896,12.400691032409668,12.489917755126951,12.49583911895752,12.500816345214844,13
0.9790765,266.24093628,59.82082748,2.61353159,2.93362784,0.15304732,0.24100184,0.32270241,0.41904354,0.50861144,0.59316063,0.67452741,0.75350642,16
0.93039177,275.32266555,117.00243592,2.5,2.6,0.13276982,0.19853926,0.2628479,0.3314104,0.40088248,0.4654727,0.5265658,0.58582234,2
0.9993,230.04144525,113.530584,2.91839645,2.19049998,0.12962699,0.20053649,0.2716465,0.34086609,0.40928006,0.47669864,0.5399754,0.60130525,2
0.36444772,268.31993082,126.94560811,2.5,2.5,0.24408841,0.38764286,0.49571085,0.5881343,0.66835976,0.7395673,0.80282426,0.86054564,16
0.959329843539514,6.652051605687961,0.0571442315415932,2.697581885488378,2.925380501066832,0.9262018203735352,2.612309217453003,3.7778961658477774,4.4042558670043945,4.777742385864258,5.050075531005859,5.260856628417969,5.424747467041016,5
0.4243171947104119,11.94664889352237,0.0130705498704845,2.859083477622807,2.92085670165282,1.173917531967163,3.722566843032837,6.199257850646973,7.770750999450684,8.390158653259277,8.53587818145752,8.622027397155762,8.702407836914062,12
0.40827315,88.76558345,286.96753611,2.09184448,2.95336259,0.39119768,0.88917208,1.18797946,1.3004334,1.35388374,1.39698315,1.43181229,1.46154952,21
0.81567524,237.93632354,115.14959277,2.1,2.7,0.1239264,0.19597435,0.2631073,0.3276615,0.39122963,0.45165205,0.508703,0.5629451,2
0.43550333,126.63854822,267.88173318,2.3,2.3,0.25532746,0.40783286,0.5005567,0.57321715,0.6311557,0.68024564,0.72235775,0.75841093,17
0.55200714,250.92855792,296.29548037,2.0,2.5,0.09916377,0.12762547,0.14989781,0.16426706,0.18527818,0.2035129,0.22062373,0.23694253,11
0.91935366,49.50980759,0.81777936,2.15318584,2.12290311,0.36504769,0.76434779,1.08056378,1.32906222,1.52798104,1.69261408,1.83293772,1.95424056,8
0.8198362,289.7225647,263.26303101,2.89056158,2.07230592,0.09223294,0.13070965,0.16012931,0.18169975,0.20639253,0.23658609,0.26372838,0.28859067,11
0.47376328,207.55072824,251.88552642,2.4,2.8,0.19574046,0.27360082,0.3443427,0.40407085,0.4581735,0.50749445,0.5522654,0.5932834,4
0.758307,88.99086145,252.58078472,2.2,2.2,0.20596433,0.33565712,0.44624305,0.5396073,0.6201081,0.6905422,0.75305843,0.8074691,17
0.4091983325329713,2.44595598337288,0.0425273542786877,2.634694221249032,2.177447623918822,1.1974623203277588,3.8717684745788574,6.749520778656006,9.038204193115234,10.347089767456056,10.430093765258787,10.43638038635254,10.44172477722168,12
0.65601207,34.32547195,63.1724158,2.3,2.8,0.6155741,1.56916,2.164392,2.4595861,2.6300168,2.7525392,2.8502598,2.9325023,19
0.97077608,11.57093455,114.14282624,2.3,2.6,0.5839095,1.4552972,2.007562,2.2988822,2.4707072,2.5899875,2.679045,2.7524016,20
0.31170112,15.04428482,25.61738014,2.37543535,2.24781919,1.07053638,3.185642,5.03154469,6.04095078,6.26572323,6.3035841,6.32388115,6.33281994,7
0.80686588,183.62940932,389.65760011,2.3,2.4,0.09918714,0.1313672,0.1605382,0.17950535,0.19983578,0.22026324,0.24102092,0.26062107,11
0.8114685732354103,15.30249199054918,0.0071653685261599,2.7687710455622723,2.846588374266488,0.8442261219024658,2.364355087280273,3.392836570739746,3.938213348388672,4.258497714996338,4.483025550842285,4.6573591232299805,4.799010753631592,22
0.37509831,96.78860893,165.60847299,2.2,2.4,0.4195838,0.9363537,1.2105992,1.3093381,1.3689263,1.4157858,1.4555573,1.4900529,21
0.428489980147923,17.11825621433455,0.1161626605812782,2.105834672598068,2.7814000432221007,1.044851779937744,3.279705762863159,5.253870964050293,6.341879844665527,6.678542137145996,6.762575149536133,6.808389663696289,6.841973304748535,5
0.97911775,266.14868164,27.48476028,2.11991644,2.03782868,0.09348392,0.16330433,0.22680283,0.28548694,0.34571481,0.40315342,0.46045303,0.51531792,2
0.8586774300466576,23.880615764239742,356.4082605730281,2.99373095,2.09846084,0.2887649536132812,0.5156848430633545,0.635993480682373,0.7021570205688477,0.7442293167114258,0.7739393711090088,0.7956838607788086,0.8120357990264893,21
0.95208551,140.23850015,217.007572,2.6,2.7,0.17431521,0.28116322,0.38661242,0.48586988,0.5776856,0.66251445,0.74094224,0.81442857,17
0.5860659421424039,3.6057847235034353,0.7673206163278321,2.521193568198585,2.77501333158318,1.2064120769500732,3.856814384460449,6.468693733215332,8.158299446105957,8.86065673828125,9.065366744995115,9.17105197906494,9.271236419677734,13
0.91485255,16.21613883,373.33539345,2.3,2.0,0.30208135,0.5577445,0.68786454,0.73904705,0.7620723,0.7752321,0.7838521,0.78980255,21
0.352978295141849,41.0359322257795,0.0363038214604966,2.7296596925912,2.8929496942212425,0.9790756702423096,2.9967362880706787,4.692787170410156,5.564933776855469,5.852235794067383,5.97353458404541,6.053597450256348,6.10862922668457,5
0.46312715,294.86250019,302.59535446,2.2,2.1,0.09258461,0.11825252,0.14023447,0.15031624,0.16649699,0.18213773,0.19708776,0.21074581,11
0.62551879,61.45375548,43.25173572,2.6227198,2.75475922,0.56733346,1.45841789,2.05119562,2.36974144,2.57207394,2.72477055,2.85397243,2.9596324,19
0.99719793,216.31035598,69.75850515,2.7,2.8,0.16489434,0.2684579,0.36937857,0.47730517,0.5773921,0.6715634,0.7620704,0.8482199,16
0.6091252789193256,0.904021812292425,0.0854144516340327,2.603552972163328,2.0855998354392105,1.1929421424865725,3.833021879196167,6.606173515319824,8.671940803527832,9.787724494934082,9.910788536071776,9.918720245361328,9.925007820129396,12
0.48994387,181.0288767,186.49434161,2.6,2.2,0.24036956,0.39904547,0.5244086,0.6298616,0.72100854,0.801172,0.87124705,0.93340755,17
0.8293803571515955,262.3313445081249,370.56464254693896,2.2,2.0,0.0640006065368652,0.0912597179412841,0.1128931045532226,0.1160657405853271,0.1302249431610107,0.1428778171539306,0.1552042961120605,0.1666104793548584,11
0.8050263688665933,3.576878263491315,0.1225677409916378,2.152376390931979,2.144056422853096,1.019432544708252,2.912714719772339,4.227005958557129,4.876184463500977,5.23857307434082,5.486721992492676,5.670376777648926,5.80250358581543,5
0.90991284,162.97378863,315.93789346,2.6,2.9,0.1555171,0.21369767,0.27941322,0.34621334,0.40616584,0.46125007,0.5129621,0.56150436,4
0.95887586,143.72399869,344.93313547,2.7,2.5,0.1437273,0.21006966,0.27519774,0.34096384,0.40079546,0.45607066,0.5072932,0.5556669,4
0.82965212,207.76681656,47.840835,2.2,2.8,0.15996242,0.2689929,0.3760364,0.47654653,0.57154226,0.66113925,0.7453871,0.8250766,16
0.35588861,200.09161935,355.38186662,2.2,2.7,0.16675305,0.18772626,0.21170044,0.22561812,0.23857498,0.252167,0.26499748,0.27683663,11
0.6277415377105648,32.37198601617739,9.00217227107668,2.2952938093395403,2.1087390903080485,0.6596322059631348,1.713555097579956,2.3419129848480225,2.654269933700561,2.8432233333587646,2.9792168140411377,3.093501329421997,3.182881116867065,22
0.7234017183712836,5.792823630604057,9.914288870567864,2.76442242,2.1426003,0.9923739433288574,2.8111062049865723,4.083016395568848,4.718931674957275,5.095120906829834,5.370591163635254,5.571141242980957,5.711887359619141,6
0.5054299188182214,166.98726664409529,0.0100334838347734,2.720103113298577,2.267885178293972,0.3380334377288818,0.684180736541748,0.9441025257110596,1.1442694664001465,1.305330514907837,1.4404046535491943,1.556487798690796,1.6565287113189695,8
0.3762394129962473,1.793983280663487,0.024777036066106,2.922635571012017,2.8955959548972894,1.3105664253234863,4.406529903411865,8.069347381591797,11.360729217529297,13.321434020996094,13.359601974487305,13.364727020263672,13.369131088256836,12
0.9680990985356296,47.61018582009953,0.0106179242594956,2.539909581425169,2.942436182917341,0.4545633792877197,1.0153586864471436,1.451364040374756,1.7856783866882324,2.049365997314453,2.2653965950012207,2.447631359100342,2.605331897735596,18
0.36896788,78.50430203,47.32016866,2.3,2.6,0.6337664,1.6765106,2.3154285,2.5576098,2.6604588,2.7279904,2.7856696,2.835808,0
1.0,213.5729334876524,381.7925623556406,2.0,2.09881813,0.0621109008789062,0.091820478439331,0.116828441619873,0.1252822875976562,0.1427335739135742,0.1585371494293213,0.1739740371704101,0.1890239715576172,11
0.34800363,134.2989502,97.46186066,2.01909685,2.29964876,0.40621161,0.90381479,1.17500234,1.29394245,1.37485266,1.44050884,1.49388766,1.53729272,21
0.7751497,9.25569057,229.22596741,2.33110857,2.03820252,0.50496483,1.23738647,1.61838651,1.67263842,1.67275095,1.67287064,1.67338562,1.67361021,1
0.8554893795062205,27.50243686630829,0.0086235523295272,2.0247158880510567,2.196135701195729,0.5443639755249023,1.3021154403686523,1.7843773365020752,2.08424711227417,2.301961898803711,2.473513126373291,2.613731384277344,2.7369775772094727,18
0.8151203249902587,13.284201358515016,0.5167694028599371,2.7010063436387,2.011240817212815,0.7497773170471191,1.930379629135132,2.672197103500366,3.09225869178772,3.361254930496216,3.561480760574341,3.721262216567993,3.848393678665161,22
0.81412818,268.25825421,84.46776634,2.4,2.2,0.11969495,0.19781208,0.2701471,0.33780718,0.40478563,0.46985555,0.53181267,0.5908413,2
0.67548853,83.86057281,277.5017395,2.43704939,2.23530388,0.23628569,0.38644648,0.49814749,0.58812141,0.66323209,0.7264359,0.78084993,0.82660174,17
0.5117687087229098,42.41847875132863,0.0637451081606378,2.90844498890651,2.7745947069195225,0.8274939060211182,2.382005214691162,3.487367630004883,4.030484199523926,4.290853977203369,4.446862697601318,4.565321445465088,4.66301155090332,22
0.88291107,108.51347377,218.39941194,2.9,2.5,0.23376966,0.40509558,0.56297636,0.70390964,0.83014107,0.94345164,1.0453625,1.1383429,17
0.37778931,66.72544333,34.53265852,2.9,2.4,0.76802874,2.2299144,3.2887256,3.729964,3.8619883,3.9192336,3.9632308,4.004427,23
0.473006268371702,89.80336080682264,25.483709616305475,2.404450554469709,2.2350672347521083,0.5042250156402588,1.2399468421936035,1.68755841255188,1.912815809249878,2.058342695236206,2.1745731830596924,2.271743059158325,2.354122877120972,19
0.8903053088045618,16.15792279045192,0.0151447606898721,2.6596297228965096,2.6106904996329643,0.7360508441925049,1.944007396697998,2.725987434387207,3.168963432312012,3.451836109161377,3.6662659645080566,3.8378329277038574,3.986372470855713,22
0.7258892211173461,52.62805002826234,0.420079530736074,2.7840031484465846,2.134258080841415,0.4898905754089355,1.1541495323181152,1.6095209121704102,1.903530597686768,2.115295886993408,2.284557819366455,2.4257850646972656,2.5481977462768555,18
0.50412917,193.31962585,392.04504395,2.88348866,2.90260172,0.20616221,0.26375079,0.32112479,0.36825538,0.40915442,0.44785237,0.48310947,0.51582551,4
0.4163005928649688,8.636078827798572,16.672348386974534,2.03906536,2.40275574,1.0594143867492676,3.342546939849853,5.47592306137085,6.764167308807373,7.184422016143799,7.21887731552124,7.22858190536499,7.236205577850342,6
0.5296321034193501,2.2569577926632007,0.5550882739902843,2.023118597575848,2.4045950088288315,1.1729156970977783,3.834679126739502,6.626746654510498,8.653131484985352,9.634880065917969,9.765806198120115,9.776121139526367,9.784845352172852,13
0.4260198250829218,107.69804702749518,0.0486173727428069,2.2649829108394948,2.394287336792989,0.535839319229126,1.3663086891174316,1.866528272628784,2.10124945640564,2.248215913772583,2.361112833023072,2.4601047039031982,2.5451314449310303,18
0.545079813898718,257.67083410662747,0.0346756090140026,2.319568380745171,2.8520682501684744,0.245039701461792,0.4317755699157715,0.6004557609558105,0.7498276233673096,0.8838369846343994,1.0041959285736084,1.113611936569214,1.2129120826721191,15
0.94658473,2.66151499,14.45854166,2.5,2.0,0.97520161,2.59470797,3.61255503,4.15721655,4.50809479,4.75133705,4.90721178,5.02308226,22
0.60188105,262.02055124,39.65328978,2.7,2.2,0.19005084,0.31601357,0.43754554,0.54911304,0.6513157,0.7464664,0.834533,0.9163985,15
1.0,132.00637817,215.53445435,2.0,2.0,0.10799384,0.17622542,0.23942494,0.29942846,0.35647225,0.409971,0.46030068,0.50742865,3
0.9821674584694632,198.26347360112263,0.2040695513654289,2.633910118092768,2.5929244804671137,0.1754834651947021,0.303865909576416,0.4273815155029297,0.5512776374816895,0.6683669090270996,0.7787349224090576,0.8835911750793457,0.9833657741546632,15
1.0,300.0,393.85348402,2.08750518,2.03507962,0.04911661,0.07520938,0.09621239,0.09854269,0.10967755,0.11753893,0.12432504,0.13409185,11
0.54136401,83.74306488,376.99890137,2.86683893,2.57470465,0.29005527,0.47873378,0.57369637,0.64318728,0.69801688,0.7421453,0.7789948,0.80972457,21
0.43435124,198.30121909,266.35027828,2.6,2.3,0.20974135,0.30361176,0.38124013,0.44657183,0.50434446,0.55643606,0.60298157,0.6448698,4
0.592969682476784,33.49445866473379,0.5406214338970751,2.222250175768168,2.0451658834731625,0.6768605709075928,1.7631840705871582,2.4043097496032715,2.716951847076416,2.903037548065185,3.032855033874512,3.1469554901123047,3.235515594482422,22
0.8385346,292.86772281,196.05972306,2.1,2.1,0.07524896,0.12052918,0.15874887,0.18759441,0.22173595,0.2537012,0.2848389,0.31567025,11
0.71734637,257.21354744,102.94666001,2.82325401,2.31089376,0.15149379,0.23739624,0.32243109,0.40190458,0.47718072,0.54822373,0.61496115,0.67859817,2
0.64776738,22.93043796,249.02749882,2.2,2.7,0.47111917,1.1214733,1.4840176,1.5738609,1.5870435,1.596926,1.6055481,1.6135309,1
0.5580240191721538,74.53005189965575,0.0303302443199768,2.944664385220592,2.466238692702318,0.5739068984985352,1.465111255645752,2.0488438606262207,2.36376953125,2.5696654319763184,2.7259774208068848,2.855420112609864,2.9675679206848145,18
0.9269937172199896,0.9137262658912594,1.01953774782269,2.081308355018274,2.8145341496931406,1.171684503555298,3.698293924331665,5.978395462036133,7.296714782714844,7.930954933166504,8.256098747253418,8.476556777954102,8.6434326171875,13
0.45038706,253.25120544,129.93510437,2.17326355,2.54290438,0.19860673,0.30784559,0.40724087,0.4942441,0.57231951,0.642766,0.70685649,0.76531911,17
0.6678718248868726,9.862432082865368,2.282963042299812,2.419084753458789,2.680271507124678,1.0069575309753418,2.982473134994507,4.463700294494629,5.188628196716309,5.512187957763672,5.722068786621094,5.871136665344238,5.980851173400879,6
0.46919689,59.03509375,397.93167058,2.38992654,2.13907316,0.25555754,0.36682129,0.39445448,0.4130702,0.42858911,0.44141269,0.45256138,0.46254277,21
0.4678808399893972,0.7929050331232894,0.0141034517611598,2.689310097087166,2.410289501212728,1.258561372756958,4.167757987976074,7.508160591125488,10.461077690124512,12.154132843017578,12.178738594055176,12.187172889709473,12.1943359375,12
0.35338287,220.28928503,44.9227555,2.5,2.1,0.32885766,0.6463733,0.85736704,1.0055003,1.1194353,1.2148855,1.2945936,1.3627484,9
0.98508302,201.48817295,210.1406538,2.1,2.5,0.10297942,0.16114235,0.21153665,0.25835252,0.30831027,0.35589433,0.40049982,0.44358778,3
0.663141625748601,10.5296993435524,0.0321066832083935,2.63383188310106,2.918830763349608,1.0416312217712402,3.128368854522705,4.776672840118408,5.613277912139893,5.992311954498291,6.225930690765381,6.400864124298096,6.531073093414307,5
0.72152479,269.66149122,191.29453386,2.2,2.0,0.09251952,0.14309573,0.18858719,0.22627902,0.26780915,0.30710363,0.34439516,0.37999678,3
0.84529157,224.39688333,114.59659036,2.2,2.6,0.13128924,0.2124641,0.28888535,0.36133242,0.43138742,0.4989295,0.56272197,0.6232805,2
0.4303216077422935,18.436453717918905,0.003349137176085,2.0280794849313883,2.286066727797115,0.9764084815979004,2.9182839393615723,4.426405429840088,5.114878177642822,5.320921421051025,5.427257537841797,5.489986419677734,5.536158561706543,5
0.55223453,250.82286551,330.98983913,2.8,2.6,0.1529746,0.19593883,0.24104261,0.28716016,0.32701635,0.3633752,0.39819646,0.43064308,4
0.3,1.99967952561854,4.709316130214359,2.5,2.9,1.2753987312316897,4.296847343444824,7.894776344299316,11.174302101135254,13.33176326751709,13.39423370361328,13.39763641357422,13.400591850280762,14
0.69012308,49.30488717,38.06208282,2.7,2.2,0.55078435,1.3837445,1.9122434,2.2005343,2.3911881,2.5371027,2.6563764,2.7567506,19
0.7755016132007355,38.24681862523455,0.1250722738078514,2.613780939446954,2.384799414126642,0.574634313583374,1.422144651412964,1.98136305809021,2.31748366355896,2.5516183376312256,2.7347748279571533,2.8855583667755127,3.0144293308258057,18
0.7013786757516897,227.0038916715397,400.0,2.13799362,2.33228945,0.0872974395751953,0.1145110130310058,0.1392080783843994,0.1511616706848144,0.1665301322937011,0.1818392276763916,0.1983976364135742,0.214118480682373,11
0.4820575982869868,4.217800930513307,0.550100603563349,2.7633225858066965,2.4747072559882604,1.205713987350464,3.8485145568847656,6.522334098815918,8.372072219848633,9.202839851379396,9.347736358642578,9.394851684570312,9.467233657836914,13
0.7373655052632383,0.8652390207385176,4.10097467710753,2.2443619440020472,2.5731544302843745,1.2097797393798828,3.9307820796966553,6.717345237731934,8.641406059265137,9.523500442504885,9.72136402130127,9.768144607543944,9.832276344299316,14
0.38134097,95.2158664,163.29584677,2.2,2.2,0.41367745,0.9186535,1.1902635,1.287091,1.3451612,1.3925972,1.432436,1.4666035,21
0.73022556,125.79425049,68.66690063,2.18123317,2.04052305,0.21362281,0.38139892,0.5312953,0.66280389,0.7786932,0.8822298,0.97418928,1.05726171,16
0.3371891,6.05237383,86.40946989,2.1,2.7,0.9391761,2.7261913,4.1647177,4.815463,4.919055,4.958335,4.9592485,4.9592867,23
0.31061223,193.34072876,185.45297241,2.10439563,2.10630989,0.23425412,0.3527534,0.42691469,0.48763943,0.5387342,0.58213162,0.62089443,0.65552592,17
0.90738994,101.436409,265.14929199,2.74301267,2.28053546,0.17744684,0.27783394,0.37574625,0.46130729,0.53843999,0.60876417,0.67259121,0.73087907,17
0.3947200198970404,4.164488394078668,116.3111470926223,2.42125654,2.72663689,0.9264497756958008,2.8950021266937256,4.724261283874512,5.836690902709961,6.042460441589356,6.049712181091309,6.050422668457031,6.050681114196777,7
0.6950155463322352,1.326041159187243,0.3271456807081268,2.2531796822863845,2.231705177087973,1.1678807735443115,3.691087484359741,6.073763847351074,7.606341361999512,8.272619247436523,8.470571517944336,8.593181610107422,8.695938110351562,13
0.62730184,184.8345138,116.88844937,2.1,2.7,0.18517303,0.2972443,0.40347457,0.4977491,0.58269715,0.66048574,0.7315426,0.7971544,16
0.69875312,29.46474821,160.94306031,2.7,2.3,0.55556417,1.4347959,1.9909966,2.2276986,2.335882,2.4101288,2.4684336,2.515756,0
0.79251383,59.09993066,95.56098365,2.5,2.0,0.36660957,0.7783766,1.0830531,1.3074188,1.4807255,1.6212308,1.7368865,1.8346753,10
0.5683518833079018,41.92660318643278,0.0949316944216571,2.763204225849885,2.636957133405323,0.7577505111694336,2.1161274909973145,3.0223546028137207,3.466787338256836,3.704416275024414,3.861290454864502,3.987285614013672,4.087296485900879,22
0.5762887,226.27589417,383.7036438,2.29661918,2.10977674,0.08581948,0.10841131,0.12568521,0.12711501,0.13810635,0.14808011,0.1572051,0.16506696,11
0.6984541562786782,53.29839857395628,59.824821138019146,2.57849468,2.57694006,0.5143859386444092,1.2595078945159912,1.7573840618133545,2.0494983196258545,2.2466037273406982,2.400937795639038,2.528704881668091,2.634561777114868,19
0.40313552,70.47441279,189.49549188,2.4,2.4,0.4828198,1.1705799,1.5655367,1.6726239,1.7122242,1.7445557,1.772135,1.7970202,0
0.81863159,115.5323463,72.26332672,2.5,2.0,0.2115438,0.37974167,0.53375602,0.67124343,0.79314089,0.90351462,1.002424,1.0919342,16
0.5981586385314152,3.606451732962502,0.2508801357716309,2.0068199457705487,2.7700398658419423,1.152956485748291,3.7241172790527344,6.235541820526123,7.824284076690674,8.470569610595703,8.642250061035156,8.706119537353516,8.760274887084961,13
0.6482991,39.64332346,28.13655307,2.7,2.9,0.6940448,1.8573971,2.6259046,3.0149899,3.2379518,3.3907833,3.5157905,3.6208386,23
0.89774958,215.36808987,174.55114381,2.8,2.4,0.14254498,0.22920966,0.30956388,0.39282012,0.47213888,0.5456786,0.6156497,0.682281,3
0.94041447,152.11052606,48.07674037,2.6,2.8,0.20904398,0.3690145,0.52422285,0.670233,0.8047085,0.93002725,1.0462866,1.1541905,16
0.3939943599450694,3.353403994507312,0.1330976212778279,2.529206836562853,2.627321291289034,1.2464733123779297,4.123579978942871,7.363254547119141,9.988523483276367,11.454208374023438,11.538115501403809,11.543951034545898,11.54897403717041,12
0.3288057211033482,3.1465779271826664,0.5158713852372215,2.0546713662712373,2.827559640964871,1.219509840011597,4.140353679656982,7.589194774627685,10.634437561035156,12.492509841918944,12.543304443359377,12.548398971557615,12.55283546447754,13
0.34269392,201.91987226,323.93946387,2.18557994,2.43742707,0.19418335,0.24384236,0.28450537,0.31812119,0.34857559,0.37598014,0.4011631,0.4240675,4
0.85303084,241.897443,21.63825065,2.00344056,2.30708898,0.12247419,0.21349788,0.29885602,0.37908816,0.45830178,0.5337882,0.60640025,0.67571855,2
0.5904916952001746,0.7318299359535951,30.49006443514593,2.491022391685529,2.9796299480045723,1.1952674388885498,3.957831382751465,7.072253704071045,9.590007781982422,11.008808135986328,11.195951461791992,11.19618034362793,11.19644546508789,14
0.63294584,115.64539337,175.21829224,2.39138198,2.13761806,0.23694277,0.40727997,0.54417634,0.65892053,0.75610685,0.84034204,0.91265392,0.97759295,17
0.61395693,272.28705301,274.69994803,2.2,2.8,0.11083698,0.1495843,0.18494606,0.21101952,0.23809624,0.26732445,0.29343414,0.31854987,11
0.30835318,161.11752641,305.25561534,2.41386025,2.76160062,0.31301498,0.55398273,0.66490817,0.73232985,0.78406549,0.82909822,0.86696577,0.89912891,21
0.4203785,35.99830133,65.46837119,2.83788754,2.39894347,0.80013871,2.24189496,3.25140309,3.68228555,3.84402919,3.90791249,3.94380116,3.97490478,23
0.8739748969424206,2.191713593556288,43.43484970525503,2.6907749495499123,2.980432716421004,1.0728497505187988,3.287332773208618,5.164239883422852,6.194439888000488,6.622217178344727,6.83548641204834,6.987063407897949,7.06442928314209,7
0.49534713,82.1104052,368.22530917,2.0,2.3,0.19949746,0.2512579,0.28263927,0.30739403,0.32876563,0.34745955,0.36397934,0.37822032,4
0.63844368,197.43910474,243.17117181,2.1,2.6,0.13246298,0.18388247,0.23437095,0.27941036,0.32240677,0.36223412,0.39989972,0.43504143,3
0.40577191,129.7407074,128.14839172,2.93649697,2.88603735,0.48199391,1.14802885,1.59238911,1.80702639,1.92706347,2.02031469,2.09746838,2.16334057,20
0.87483854,135.41677999,54.83065118,2.4,2.5,0.21553755,0.38598347,0.5478873,0.6953447,0.82955194,0.9528289,1.0648415,1.1682911,16
0.97985177,135.09405232,280.68177494,2.40067909,2.79176115,0.15745831,0.24800611,0.33737493,0.42297745,0.50254893,0.57612824,0.64452553,0.70911241,17
0.30617989,146.76616848,145.77543549,2.19109633,2.77374427,0.44616747,1.07380915,1.45228243,1.58320689,1.64762115,1.70013547,1.74483776,1.78445125,0
0.86258113,49.28832583,114.39423703,2.9,2.6,0.43443108,0.97298,1.3732312,1.6583898,1.8730109,2.0427105,2.180662,2.2980492,20
0.7172373826027036,1.6462988334774715,0.6059699572006302,2.586192703254249,2.706372903300223,1.227433681488037,3.9140665531158447,6.519306182861328,8.179923057556152,8.908651351928711,9.187288284301758,9.359018325805664,9.510761260986328,13
0.46681093,267.57494938,163.03276023,2.5,2.8,0.1988349,0.29243946,0.38005662,0.45750952,0.52782273,0.59183025,0.65069103,0.7053132,17
0.862267805141428,0.8283985709852905,96.22287644660636,2.985602427905735,2.260777307512949,0.9267778396606444,2.7837066650390625,4.303681373596191,5.050930023193359,5.25291919708252,5.332201957702637,5.367073059082031,5.369451522827148,7
0.34882787,226.81863403,380.67416382,2.18440247,2.4114871,0.14377189,0.15823865,0.17721391,0.18876767,0.20072031,0.21185088,0.22351336,0.23305964,11
0.7400775,15.47568989,119.10659027,2.76541948,2.24837828,0.65886927,1.72967815,2.40022182,2.69827414,2.834167,2.90921688,2.9634161,3.00765896,23
0.60644909,252.87061685,151.44448128,2.1,2.9,0.13844013,0.20141578,0.26471424,0.32202315,0.3756249,0.42701912,0.474998,0.5203695,2
0.3836966675725495,226.0995738968905,381.1886391689209,2.06712842,2.21842551,0.1151635646820068,0.1294336318969726,0.1442160606384277,0.1510188579559326,0.1610474586486816,0.1699147224426269,0.1790730953216552,0.1874094009399414,11
0.9278503443738768,2.3960748856915712,0.0098241574673671,2.8671449559554407,2.4346216932312825,1.092023849487305,3.1487414836883545,4.648378372192383,5.44603443145752,5.934825897216797,6.327692031860352,6.640058517456055,6.8792219161987305,5
0.50156951,193.05194729,27.57330036,2.7,2.5,0.33014584,0.64696646,0.8867061,1.0790958,1.2358215,1.3691306,1.4833627,1.5827308,9
0.82323406,299.46795622,357.64030638,2.5,2.8,0.13315248,0.13347816,0.149724,0.17964292,0.21386671,0.23677754,0.25894403,0.28237557,11
0.47232523,228.21331541,210.97673462,2.4,2.4,0.1824274,0.25917482,0.3342781,0.39832616,0.45584774,0.5087359,0.55740523,0.6020546,3
0.4025956893752642,1.0249804127786204,0.0110428714283954,2.025610452427648,2.8469551566216498,1.238971471786499,4.236242771148682,7.85362958908081,11.19435691833496,13.51279067993164,13.57241439819336,13.578956604003906,13.58450698852539,12
0.59663618,161.2162323,93.40193176,2.0,2.0,0.19191408,0.32506347,0.4429462,0.54603267,0.6375916,0.71934342,0.79164553,0.8583715,16
0.56271143,43.64362773,91.64970815,2.68533168,2.8495092,0.66964245,1.83777547,2.62905288,2.97464776,3.12365508,3.21732211,3.29048324,3.35249257,23
0.6162794016872966,4.833598208624077,85.08176730577047,2.6763792,2.72818375,0.9614965915679932,2.9513325691223145,4.676856517791748,5.58735990524292,5.837498188018799,5.906099796295166,5.929915904998779,5.93456506729126,7
0.9073374,292.98563051,35.134039,2.90805913,2.00004252,0.11094356,0.18302226,0.24461412,0.30625296,0.37028456,0.43282986,0.49220014,0.54935408,2
0.39541006,181.3931176,199.7914515,2.9,2.5,0.32947278,0.626415,0.81408787,0.9480052,1.0511751,1.1368287,1.2091146,1.271174,10
0.8411737836361217,31.992101606551344,3.2337119141115847,2.902336380548228,2.243752090529809,0.5488598346710205,1.3292102813720703,1.8613691329956048,2.197582721710205,2.4376912117004395,2.627017021179199,2.7840709686279297,2.9187073707580566,18
0.3482997469381558,1.3567432158635755,0.0044477865020794,2.690633357121023,2.667158570560844,1.2855937480926514,4.312114715576172,7.868724822998047,11.11697483062744,13.130020141601562,13.17133331298828,13.178375244140623,13.18434715270996,12
0.93164891,297.81671143,377.38162231,2.734694,2.54887652,0.12713742,0.12805223,0.13998246,0.16650081,0.20061803,0.22322583,0.24193931,0.26365972,11
0.42301991,128.96563102,162.73386689,2.83494789,2.6737758,0.40891266,0.88772655,1.19238591,1.357198,1.46517062,1.55017829,1.62155652,1.68233132,20
0.8288048300510369,209.57749930304485,0.0759826158334261,2.40209081573705,2.7745452423011256,0.1946187019348144,0.3389317989349365,0.4794263839721679,0.6142888069152832,0.7395031452178955,0.8575327396392822,0.9678955078125,1.0714685916900637,15
0.8363904579551423,1.2114331278345842,0.5537579152956051,2.0358903312337024,2.975488396831876,1.176133394241333,3.7857141494750977,6.293369770050049,7.817931652069092,8.517419815063477,8.818357467651367,8.984676361083984,9.111692428588867,13
0.5731687417599434,1.1130879403478864,0.003694594639186,2.459455002612708,2.600365014490266,1.251009464263916,4.138945579528809,7.352378368377685,9.894208908081056,11.216789245605469,11.289260864257812,11.296445846557615,11.302387237548828,12
0.97293378,86.66783908,285.65241016,2.1,2.4,0.14987421,0.22809458,0.3054471,0.37413836,0.43595624,0.49151516,0.5417793,0.58830786,4
0.37037961,81.96479223,232.84717409,2.9,2.2,0.47848082,1.21632,1.6785028,1.8060131,1.8346395,1.8597112,1.882688,1.9031224,1
0.8358505080913742,20.129536098646174,0.0476480463556116,2.391772017383549,2.085106633284422,0.6357488632202148,1.5858147144317627,2.176555871963501,2.518881559371948,2.75111985206604,2.930204153060913,3.0734755992889404,3.198328256607056,18
0.4548010680850907,60.598630154837686,17.46929795635222,2.818796247225735,2.258374998675972,0.6683909893035889,1.811383485794068,2.5329997539520264,2.8677475452423096,3.043180227279663,3.163036108016968,3.251976728439331,3.33709454536438,22
0.4331452,17.32827693,121.09977634,2.4,2.2,0.7864671,2.253366,3.3101058,3.6902313,3.7371178,3.7374287,3.7383785,3.739922,23
0.6964630442836861,32.8232385355493,0.0189441274760031,2.264257103995668,2.8330934952594693,0.7046957015991211,1.9433887004852293,2.7363436222076416,3.132880926132202,3.3640658855438232,3.5330913066864014,3.670135259628296,3.7824199199676514,22
0.4748250830291604,33.2662915256752,37.08010960621862,2.5350313566380054,2.9710663841171394,0.861290693283081,2.593299865722656,3.930088520050049,4.573369026184082,4.803156852722168,4.903951644897461,4.963065147399902,5.006686210632324,23
0.64752257,60.09497452,189.2888031,2.38131237,2.48536229,0.39320016,0.85172915,1.15150857,1.32703233,1.44476056,1.53258491,1.60598779,1.66661906,10
0.9511130919656268,6.75709993357865,0.6797277111979917,2.3734100318018414,2.4350194270072074,0.8622117042541504,2.3417446613311768,3.292635679244995,3.801312208175659,4.118300437927246,4.345293045043945,4.520896911621094,4.664654731750488,22
0.3185097278282663,14.71788756603068,12.913404355946042,2.92573762,2.96367455,1.1666359901428225,3.7527647018432617,6.4119553565979,8.30572509765625,9.085969924926758,9.167299270629885,9.175636291503906,9.18594741821289,14
0.97968566,277.9710083,5.55909729,2.20504236,2.88408494,0.12747669,0.22356653,0.30433321,0.39026499,0.47676849,0.55950475,0.63852119,0.71487212,15
0.3693079115156407,1.217530772889999,0.1131684380975161,2.3236746871811493,2.1463168505892165,1.2045226097106934,3.969722270965576,7.082582473754883,9.76352596282959,11.299752235412598,11.332528114318848,11.340323448181152,11.34692096710205,12
0.93118817,6.35218143,34.48405838,2.89879203,2.26091123,0.84110236,2.22412491,3.11246204,3.59699154,3.8983345,4.10023165,4.24847412,4.356359,23
0.52835858,171.92092896,113.26769257,2.06155205,2.3390789,0.23645353,0.40823674,0.54940605,0.66927505,0.77306986,0.86250687,0.94203806,1.01252723,16
0.7738588,91.31510735,351.3261572,2.9,2.3,0.22333789,0.36212945,0.4775262,0.5765054,0.6624315,0.7372308,0.80311894,0.861712,17
0.95834193,182.00609577,52.77509577,2.8,2.1,0.154598,0.27334762,0.3860302,0.49617028,0.6010196,0.7011199,0.79616,0.8862009,16
0.33564082,112.54004496,346.91363227,2.1,2.8,0.24318266,0.32583547,0.35218668,0.37440538,0.39332986,0.4096272,0.4244554,0.4377668,4
0.81550716,228.85799337,208.55238656,2.6,2.7,0.14772773,0.21766782,0.28806186,0.3602941,0.42798376,0.49038267,0.5493331,0.60557437,3
0.58801222,278.79220045,55.27785372,2.85902338,2.46691673,0.18759584,0.2977376,0.40614104,0.50524998,0.59728003,0.68221235,0.76187491,0.83650351,16
0.52856417,101.07106501,351.17443298,2.1,2.5,0.19490719,0.25279427,0.29669523,0.3320949,0.36223173,0.38841343,0.4111576,0.4321947,4
0.5195784702233713,1.0603427579297735,1.1734857264803316,2.037590823137096,2.113006877891116,1.1627099514007568,3.7979869842529297,6.638996601104736,8.882881164550781,10.177959442138672,10.272834777832031,10.280523300170898,10.286954879760742,13
0.56249639,258.14019623,255.61356528,2.7,2.5,0.15962052,0.21976876,0.28226972,0.341645,0.3958509,0.4455073,0.49183416,0.5357218,4
0.3105586,94.16513267,28.748817,2.06079193,2.02475139,0.58268285,1.49187636,1.97634149,2.127455,2.19443345,2.24496818,2.29037261,2.33092427,0
0.8128112,12.79382133,284.59597778,2.0498302,2.9344964,0.50618482,1.32136416,1.844697,2.00028372,2.00625563,2.0066247,2.00719261,2.00783253,1
0.61364269,195.40143085,399.74531712,2.3,2.6,0.11512399,0.14073277,0.16605043,0.17949605,0.19442582,0.20978498,0.22411656,0.23629236,11
0.49578693,246.09818929,217.45121118,2.36233762,2.17062075,0.13488746,0.18147182,0.22767377,0.26762795,0.30678153,0.34333634,0.37711692,0.40891361,3
0.99196456,149.61569998,203.33398041,2.9,2.6,0.17771459,0.29098582,0.40205956,0.5116005,0.6120026,0.706156,0.7947655,0.87818766,17
0.72951403,183.3806833,294.57836998,2.0,2.5,0.1089642,0.14793992,0.18293285,0.21269321,0.24532962,0.27558208,0.30310512,0.32927322,11
0.62321176,53.14798541,123.55741335,2.69285282,2.58101886,0.51697755,1.27224112,1.76387429,2.00558305,2.15157008,2.25532031,2.34099126,2.41521716,20
0.99050698,208.21207849,327.75960261,2.7,2.9,0.15995741,0.18125176,0.22740316,0.28882098,0.34002614,0.38714862,0.4335568,0.4772625,4
0.33329889,151.06762042,179.56926847,2.5343146,2.04310572,0.29114747,0.50259662,0.61485076,0.69133997,0.75113583,0.80055237,0.84418845,0.88108158,21
0.8663832436493153,60.57430729707065,0.3268973077200912,2.240006808829332,2.577959499462413,0.400179386138916,0.8662333488464355,1.2284760475158691,1.5097432136535645,1.73401141166687,1.9199442863464355,2.076756000518799,2.213400363922119,8
0.55215909,268.87691998,336.97492835,2.2,2.3,0.09256005,0.11902046,0.14270735,0.15244126,0.16791844,0.18318963,0.19871497,0.21263075,11
0.33198243,252.60028076,306.60360718,2.3929255,2.42105246,0.16784477,0.19626188,0.22808456,0.25251532,0.27593374,0.29715252,0.31724262,0.3359611,11
0.65826169,298.40106764,68.71161182,2.7,2.6,0.1672194,0.2635274,0.35761476,0.45094705,0.5373664,0.6179488,0.69404674,0.76633644,16
0.88182351,11.64072008,167.45313987,2.5,2.2,0.5877063,1.5322485,2.1103296,2.3454404,2.437159,2.4847841,2.5199203,2.548287,0
0.4795853383517759,1.206229637485006,101.99358239710796,2.251263734482156,2.542060770882993,0.9455926418304444,2.9645192623138428,4.881016731262207,6.097493171691895,6.3780670166015625,6.3782806396484375,6.3782806396484375,6.3782806396484375,7
0.9222865,165.36349657,28.90581462,2.6,2.3,0.18230915,0.32370925,0.46034145,0.5894933,0.7104411,0.82430696,0.93015766,1.029952,15
0.5235005960813631,152.13509178938116,0.1385795562713836,2.897213217654497,2.245527717210188,0.3574862480163574,0.7446789741516113,1.0318024158477783,1.2466230392456057,1.416254997253418,1.5565671920776367,1.6754097938537598,1.7809381484985352,8
0.54881878,251.61977004,360.22189766,2.6,2.5,0.13020134,0.16119361,0.19087839,0.2201469,0.24942446,0.274585,0.29722476,0.320251,11
0.93248411,38.06903762,45.86308173,2.55235649,2.94480005,0.49726915,1.16335416,1.64886475,1.98597574,2.23551464,2.43385792,2.59749079,2.73685312,19
0.86110386,194.38084493,166.42324305,2.0,2.3,0.11001635,0.17566395,0.23498106,0.29161382,0.34794044,0.4008143,0.4508145,0.49779177,2
0.59525702,81.69182015,110.64928188,2.9,2.2,0.4440198,1.0442636,1.4466457,1.6845064,1.8432522,1.9677019,2.0699706,2.1539965,20
0.31062825,143.74592403,62.68253326,2.9491468,2.83737622,0.57902908,1.52840328,2.16896677,2.41982174,2.51885653,2.58798885,2.64996004,2.70428848,0
0.84980434,65.09636722,83.73806658,2.3,2.5,0.32868743,0.6661155,0.93418646,1.1490996,1.3227494,1.4666348,1.5884843,1.6928587,10
0.73499829,10.16793633,134.49594116,2.30848026,2.13502002,0.6672647,1.76870108,2.43109655,2.66925955,2.7305212,2.74406385,2.75491095,2.7650466,0
0.52379378,225.7498126,78.48910589,2.54495971,2.71629427,0.25473738,0.44131351,0.59926558,0.73694968,0.85810781,0.96625209,1.06293368,1.14974332,16
0.77675512,149.56792487,370.64738101,2.005,2.005,0.08647394,0.11549902,0.13658071,0.15255332,0.17185569,0.18853641,0.20426059,0.21958852,11
0.30154699,60.71235924,320.94083354,2.56418765,2.76763783,0.4855988,1.20926309,1.65547061,1.71631837,1.71829438,1.7188518,1.71887183,1.71943307,1
0.6335561,100.83758979,381.78301013,2.3,2.7,0.19018388,0.25019503,0.3006091,0.3410082,0.3768301,0.4085157,0.4362316,0.4611113,4
0.55096478,89.56287421,258.96162608,2.1,2.1,0.24095249,0.39184618,0.49228334,0.5703106,0.63449025,0.68672156,0.7301328,0.7692034,17
0.6211212124356289,119.45227597771708,0.262819542929135,2.460340492222572,2.7687081967477427,0.4078550338745117,0.8953390121459961,1.2547755241394043,1.518032789230347,1.723637580871582,1.8909883499145508,2.0324082374572754,2.153830051422119,18
0.76169181,137.71781921,319.1098938,2.07309055,2.26526165,0.1302495,0.18398333,0.23694611,0.28340626,0.32759309,0.36812377,0.40565681,0.44013762,4
0.9825668744476272,0.7911798169367451,0.5454476296338451,2.284830075297048,2.998483393816908,1.1964926719665527,3.756120443344116,6.050079345703125,7.3971967697143555,8.072251319885254,8.454078674316406,8.733134269714355,8.961857795715332,13
0.6445796753328296,1.54810334273548,0.0178197528096129,2.8738082046920943,2.666456254661463,1.2569549083709717,4.066768646240234,6.976476669311523,9.022748947143556,9.990042686462402,10.209694862365724,10.271368980407717,10.377812385559082,12
0.30094033,261.35571289,399.14868164,2.65807462,2.86367774,0.19359541,0.21641636,0.24147081,0.26228881,0.27795219,0.29384613,0.30843854,0.32245946,11
0.46666352,117.79523124,100.96935861,2.6,2.5,0.4295962,0.9712784,1.3205097,1.5123677,1.6452932,1.7480049,1.8320756,1.9052706,20
0.40769414,229.07071835,377.14681332,2.2,2.9,0.13440633,0.15304661,0.1741097,0.17963791,0.19080305,0.20143962,0.2075696,0.21664834,11
0.50505419,28.00004149,58.16410399,2.60637406,2.66500333,0.81380248,2.3807795,3.515939,4.0316782,4.23147964,4.31705666,4.37835312,4.42718506,23
0.7787908091545535,5.760731889531169,0.0043983393079247,2.580212192550323,2.0618620374779537,0.9672307968139648,2.6702630519866943,3.7957165241241455,4.381227493286133,4.741080284118652,5.010655403137207,5.209518432617188,5.361601829528809,5
0.94359007,237.55322837,130.27651082,2.5,2.4,0.1242094,0.20465207,0.27673054,0.34902668,0.41988373,0.48839283,0.55293155,0.6151509,2
0.591501915551465,137.167136251974,0.0233915430316358,2.3026463203122693,2.364192106502456,0.3310925960540771,0.6695582866668701,0.9312405586242676,1.1379578113555908,1.306443452835083,1.447909593582153,1.568532943725586,1.6735844612121582,8
0.76056231,90.20078193,144.51649909,2.3,2.2,0.25824785,0.47496653,0.6542766,0.8041632,0.9315233,1.040443,1.1332028,1.2135899,10
0.30013695,220.73864424,0.15115744,2.00272612,2.00209895,0.32592535,0.63295364,0.8189826,0.94290733,1.03670359,1.11333466,1.17596912,1.2311306,8
0.31677793,217.66320121,139.91086399,2.3,2.4,0.2774408,0.4674418,0.584224,0.6725733,0.74626136,0.8079953,0.8623285,0.90857244,17
0.67899407,128.52638981,289.43187392,2.6,2.1,0.18747401,0.28850317,0.381171,0.46168923,0.53302765,0.59722185,0.6553297,0.7079766,17
0.5271374,138.66381201,93.55743541,2.9,2.3,0.36805677,0.7755635,1.0658627,1.2735178,1.4331441,1.5626266,1.6676731,1.7595274,10
0.9134135,40.98646702,285.70480209,2.73085278,2.37592875,0.29690695,0.5564785,0.74406457,0.88659191,0.99601388,1.08207703,1.15162134,1.20859718,10
0.6071997929098643,3.2553975832455087,0.0392764311571693,2.5528767322126296,2.188241246932838,1.144101858139038,3.52781343460083,5.663632392883301,6.91060733795166,7.43593692779541,7.655476570129394,7.836931228637695,7.963427543640137,5
0.62132313,72.9305066,48.85391716,2.5016348,2.34630093,0.45786214,1.06988573,1.47782278,1.72758341,1.9029355,2.0438652,2.1589632,2.25768375,19
0.67921091,277.97294157,280.74091392,2.3,2.6,0.10218406,0.14306188,0.17793512,0.20428944,0.2315731,0.26038575,0.28766346,0.31365323,11
0.54161888,8.27114582,0.31793436,2.48139143,2.22847915,1.10367584,3.19237328,4.79266024,5.59184885,5.91337538,6.11880541,6.2646327,6.35281324,5
0.37229005,12.13362122,1.486974,2.02389693,2.91160059,1.16133428,3.65414906,6.1443944,7.80814219,8.4353466,8.50670815,8.52143288,8.53193283,13
0.6088790273269755,31.83996501806463,0.1690455985094951,2.9986441190370456,2.645751949587333,0.809455156326294,2.271205425262451,3.270164966583252,3.7747769355773926,4.052212715148926,4.234836578369141,4.37900447845459,4.49130392074585,22
0.99542615,163.32391361,215.66209274,2.2420901,2.53934496,0.12872887,0.2100687,0.28706026,0.35993695,0.42995334,0.49695086,0.56008792,0.61991596,3
0.3977046242989869,4.853267293612089,0.0057331330459273,2.260879639138796,2.502198683992166,1.1951487064361572,3.904582262039185,6.815982818603516,9.015437126159668,10.06658935546875,10.164175987243652,10.171102523803713,10.177136421203612,12
0.96208473,273.3143024,310.74498064,2.21012445,2.65685535,0.09183574,0.13482904,0.1696353,0.20226908,0.23897409,0.27504706,0.30761194,0.33995914,11
0.63200313,36.17963791,390.20819092,2.1300354,2.69455147,0.34396505,0.69228292,0.8786571,0.94603491,0.97835636,1.00175786,1.0197463,1.03411841,21
0.79866804,171.56550997,289.28960815,2.3,2.2,0.11823058,0.1715045,0.22326493,0.2684276,0.31281328,0.35485435,0.39401603,0.43068242,4
0.6410876699436973,0.985683584590652,0.1663588248248995,2.087918048170853,2.6842897637739767,1.2175698280334473,4.052692413330078,7.151069641113281,9.522570610046388,10.759313583374023,10.898905754089355,10.910505294799805,10.919855117797852,12
0.87759512,272.01600948,202.11931759,2.2,2.5,0.09763455,0.15183306,0.19688416,0.23561502,0.27765155,0.32025027,0.36104727,0.3995812,3
0.83864036,206.47622259,74.62591526,2.5,2.2,0.15326118,0.25951076,0.3613341,0.4591515,0.55136585,0.63869214,0.72040033,0.79849195,16
0.949282809585138,121.25131995818448,1.0069311991312826,2.2372441336171933,2.247703304300739,0.2057476043701172,0.3785445690155029,0.5435926914215088,0.6967949867248535,0.8378019332885742,0.9676520824432372,1.0864057540893557,1.1963629722595217,15
0.80193402,134.76319615,367.63275699,2.9,2.9,0.19621444,0.28105044,0.36845732,0.44571424,0.51403,0.57730603,0.63472223,0.6877172,17
0.9851308904522228,80.5927441546729,0.0946929291067045,2.4366732471682075,2.6279845260948527,0.3074831962585449,0.6058290004730225,0.8728451728820801,1.1071689128875732,1.3107099533081057,1.4892473220825195,1.646364688873291,1.7857131958007812,8
0.64814937,136.50253296,80.9200592,2.16405749,2.25584054,0.24734235,0.44879699,0.61965108,0.76515436,0.89111114,1.00147557,1.09828544,1.18288589,16
0.42478469,286.52584839,45.21796036,2.14908195,2.12363577,0.17758226,0.27490878,0.3660779,0.44658875,0.51906085,0.58577299,0.64643192,0.70272613,16
0.7674036461443897,4.330283165148703,0.016933689202947,2.304228889406619,2.634899473519963,1.0782716274261477,3.245192766189575,4.945601463317871,5.80763053894043,6.2117767333984375,6.461311340332031,6.649107933044434,6.79559326171875,5
0.62198079,19.45544434,32.19704056,2.3536036,2.04493451,0.76056767,1.99737692,2.74363041,3.07762909,3.25256538,3.35498857,3.42730141,3.4854126,23
0.47534947,201.83416863,341.3135958,2.8,2.8,0.20718455,0.27715802,0.33895326,0.3928926,0.43999457,0.48326683,0.5227742,0.55946946,4
0.9940086,131.5493927,191.38970947,2.04793,2.42151737,0.13595319,0.22935987,0.31914496,0.40303421,0.48268175,0.55704474,0.62678194,0.69224882,17
0.4652866165480066,1.962150746883512,4.63732995540229,2.954255319242136,2.8503937125571235,1.2834415435791016,4.250569343566895,7.605125427246094,10.37569522857666,11.962430953979492,12.071040153503418,12.075206756591797,12.078837394714355,14
0.8001166341012438,7.653922185147023,0.0688944501457863,2.972079429156828,2.0858798675008288,0.9064669609069824,2.442544937133789,3.4394540786743164,3.994730472564697,4.356028079986572,4.631181716918945,4.83244514465332,4.995484352111816,22
0.62441733,246.49106438,238.68137051,2.5,2.7,0.1519723,0.21373105,0.2759323,0.33477306,0.39022446,0.44046736,0.48758626,0.5323789,3
0.5836018,143.75712705,395.78683596,2.3,2.8,0.15440488,0.18593717,0.21873903,0.24160767,0.26458526,0.28648376,0.30484343,0.32277536,11
0.30295533,228.60921809,282.50169158,2.1808734,2.93056849,0.24530983,0.37279105,0.44584012,0.50704503,0.56068826,0.60719657,0.64790559,0.68545055,17
0.94867252,210.56325705,250.02745972,2.6,2.0,0.10024309,0.1604991,0.2156856,0.2659304,0.31654096,0.36552262,0.41274714,0.45828032,4
0.33973475,141.99838681,224.68503865,2.7,2.7,0.39175415,0.82651496,1.0760658,1.1871741,1.2574639,1.3142731,1.36042,1.401716,21
0.90519807437462,24.66462294012044,0.1293818728863794,2.7584852610889863,2.4884088176917163,0.608776330947876,1.51220703125,2.1194872856140137,2.4950475692749023,2.758800506591797,2.965484142303467,3.1365222930908203,3.283300399780273,18
0.8320927430881288,15.473398428436344,0.0042327256106955,2.8939564260805835,2.096013981127775,0.7161691188812256,1.833296775817871,2.5471105575561523,2.961791038513184,3.2362313270568848,3.4432191848754883,3.604403972625733,3.74574613571167,22
0.9432244420334482,4.726714886883976,0.1182103604292274,2.4661259110053417,2.424974801846763,0.9403221607208252,2.5908031463623047,3.683097362518311,4.260621547698975,4.617065906524658,4.873144626617432,5.068981647491455,5.220588207244873,5
0.63002563,174.54000854,33.77112198,2.11055279,2.20988512,0.2143774,0.37803936,0.52552056,0.65576863,0.77179909,0.87672973,0.97069788,1.05597305,15
0.3888496334498819,1.0173437015982063,0.0280344619383984,2.9113775852041464,2.99823281416001,1.3243293762207031,4.485355377197266,8.27117919921875,11.763860702514648,14.117900848388672,14.165029525756836,14.172903060913086,14.179595947265623,12
0.97379919,28.21516126,192.27611122,2.6456915,2.60269337,0.40952373,0.90155077,1.25609732,1.49555016,1.66552639,1.79414845,1.89450026,1.97697878,20
0.508803232418259,7.802336550615266,1.191553744742345,2.74962439,2.60703836,1.148857355117798,3.567568302154541,5.767223358154297,7.04515266418457,7.536825180053711,7.719023704528809,7.868895530700684,7.982222557067871,5
0.6651711989580408,7.378675800768418,0.071055117318913,2.45867679690578,2.588520669053089,1.0618162155151367,3.174137115478516,4.811230182647705,5.631118297576904,5.996687412261963,6.232017993927002,6.4124531745910645,6.539069652557373,5
0.3914734,28.70000738,44.46611935,2.1,2.0,0.8109634,2.2518497,3.187801,3.5062032,3.589036,3.6148949,3.6334615,3.6505451,23
0.62412687,68.99056205,25.27284256,2.44305599,2.26049409,0.47803617,1.13274717,1.56152439,1.81820965,2.00054789,2.14125776,2.26452732,2.36492872,19
0.41052777,163.48144102,166.32585408,2.4,2.1,0.28234816,0.50269866,0.64957905,0.7621217,0.8501239,0.92387295,0.9847441,1.0398955,17
0.54693261,224.40411905,274.56619991,2.4,2.8,0.15829349,0.21149015,0.26713252,0.3145039,0.359442,0.40058708,0.43824124,0.47396803,4
0.3,113.35557091595985,400.0,2.64159203,2.01980686,0.2036554813385009,0.2303202152252197,0.2423341274261474,0.2494099140167236,0.2550575733184814,0.2606046199798584,0.2660140991210937,0.2707149982452392,11
0.38615029,107.04641941,306.86750226,2.3,2.4,0.28587508,0.47126722,0.55503035,0.6079514,0.6492522,0.6844673,0.7141478,0.73901796,21
0.92393667,249.7166748,377.6257019,2.08631754,2.15137124,0.06267786,0.09343481,0.11817002,0.12367272,0.13926792,0.15499568,0.16977668,0.18335891,11
0.96236128,132.1573456,25.83277427,2.4,2.9,0.21891999,0.39698768,0.5679054,0.7264788,0.87206507,1.0062428,1.1292849,1.2433801,15
0.8549656448174742,57.6649803417659,0.1614011592780528,2.538846583046757,2.321895736195117,0.4095611572265625,0.8938910961151123,1.2646803855895996,1.544130802154541,1.763837814331055,1.9440712928771973,2.09743595123291,2.2298974990844727,18
0.58512475,171.19825693,116.13002939,2.2,2.6,0.2229631,0.37357068,0.50592875,0.6199796,0.721159,0.81140375,0.89259076,0.96467257,16
0.56328163,45.03774277,94.38644256,2.19861097,2.78269012,0.61705709,1.67789245,2.34935093,2.61881208,2.73802853,2.81686401,2.88078976,2.93970871,23
0.4138502672159904,1.1409206685219877,0.0052550353847613,2.534890055162496,2.032742074590153,1.1903471946716309,3.877723693847656,6.814238548278809,9.291194915771484,10.809558868408203,10.888731002807615,10.894338607788086,10.89890480041504,12
0.58743871,223.91800036,149.75293925,2.5,2.4,0.18579602,0.2898016,0.39110017,0.48162532,0.56394935,0.6394706,0.7088201,0.7730162,17
0.47051514,248.62745571,270.60110614,2.4,2.2,0.1412704,0.18255615,0.22715282,0.26417017,0.29935765,0.33261395,0.36357284,0.3928945,4
0.30979597,174.24783063,65.55956453,2.56501987,2.42230156,0.43428731,0.98574185,1.3126049,1.4569447,1.55140805,1.6253984,1.68820691,1.7420733,19
0.3,126.33788240878567,233.37746660418293,2.25858218,2.07544759,0.3083133697509765,0.5705950260162354,0.6898787021636963,0.7515137195587158,0.7981123924255371,0.836453914642334,0.8684864044189453,0.8954744338989258,21
0.49695967,197.44584716,71.80157389,2.5,2.8,0.29350638,0.53765035,0.72567105,0.8824198,1.0151317,1.1291008,1.2272124,1.3151531,10
0.4016866608623808,5.300546575623646,0.0693275818431372,2.3738070539909266,2.2079916658600216,1.157879114151001,3.689433336257935,6.264223098754883,8.060958862304688,8.901228904724121,9.01317024230957,9.021862983703612,9.031566619873049,12
0.9242705973826134,36.13914452426283,0.0900884287144197,2.1448284905390342,2.7687465180346216,0.4973864555358886,1.1708130836486816,1.64662504196167,1.9783546924591064,2.2278568744659424,2.429216146469116,2.597264528274536,2.7406580448150635,18
0.73012441,172.26518678,319.05085703,2.4,2.3,0.12982512,0.18015313,0.23162055,0.27710342,0.31953287,0.3594594,0.39685845,0.43169785,4
0.73388033,182.72568608,167.85829462,2.2,2.3,0.1465528,0.23067856,0.31264043,0.3879764,0.4582932,0.5231867,0.5838156,0.6406138,2
0.5472796728488468,1.2412850421539003,12.863637837238258,2.831207356363373,2.536413683182134,1.2229893207550049,3.9807217121124254,6.98387622833252,9.321805953979492,10.54566478729248,10.709575653076172,10.712990760803224,10.716028213500977,14
0.5118095,35.90400217,236.38663433,2.12335582,2.36521329,0.47621441,1.15487409,1.52654266,1.59775996,1.60888886,1.61942101,1.62875485,1.63698959,1
0.9285637017345434,8.76655355915058,0.7421605659822709,2.0250595836137064,2.7958982036903985,0.8181207180023193,2.2897825241088867,3.2321224212646484,3.711480140686035,3.988725185394287,4.1866374015808105,4.340744018554688,4.466938495635986,22
0.4320869693485977,1.0153268471084538,0.0039234492288725,2.0116992733813857,2.748380965629742,1.2339210510253906,4.204229354858398,7.747461795806885,10.982666015625,13.09266471862793,13.15780258178711,13.16374969482422,13.16864776611328,12
0.6594944852287826,5.994664872040922,0.2709300526375877,2.3464843455512616,2.6096001202024635,1.0877060890197754,3.302135944366455,5.100870132446289,6.0284929275512695,6.426878929138184,6.652587890625,6.8130388259887695,6.944221496582031,5
0.30311823,101.14724536,182.02357143,2.3066377,2.89824826,0.5307014,1.40287852,1.97576261,2.1314795,2.15437627,2.17564034,2.19617581,2.21477056,0
0.41069812,197.3430023,257.83152123,2.73391278,2.69720652,0.26065135,0.40907979,0.50700402,0.59052205,0.6628077,0.72575927,0.78189445,0.83112526,17
0.31050533,38.40352671,85.00056941,2.9,2.3,0.8604834,2.5895379,4.0099497,4.6854343,4.810153,4.81816,4.821678,4.8250523,23
0.49595345,77.56418494,235.06771379,2.6,2.6,0.40936017,0.89842844,1.1974976,1.3354075,1.4167235,1.4783919,1.5293467,1.5716326,21
1.0,240.16060533475965,256.5840953692114,2.36349149,2.12886824,0.0846393108367919,0.1327948570251464,0.1714367866516113,0.201578140258789,0.2367115020751953,0.2724494934082031,0.3070871829986572,0.3397867679595947,11
0.63080591,152.5413333,324.02620718,2.9,2.2,0.1933577,0.29010057,0.37881684,0.45633197,0.5254419,0.5878687,0.6447327,0.69678783,17
0.30841064,288.04656982,394.4609375,2.18239403,2.59204698,0.13205028,0.14339733,0.15823627,0.16451263,0.17468309,0.18339348,0.19049525,0.1970315,11
0.30449091,72.31784333,143.63400601,2.04180432,2.29352251,0.54729962,1.4125607,1.89520574,1.97542214,1.99071646,2.00626802,2.02103662,2.03499699,0
0.44591334,71.091362,10.40879345,2.04863763,2.34918284,0.62403584,1.63077354,2.21283817,2.44187641,2.56313562,2.65514994,2.73257017,2.79579401,0
0.69068258,111.48618122,128.41416548,2.5,2.2,0.27823043,0.5221958,0.71933365,0.8844049,1.0228279,1.1411192,1.2424631,1.3313978,10
0.4727411193648402,5.018575331023579,2.061688127489413,2.78827691,2.97677898,1.2428054809570312,4.040990829467773,7.002170562744141,9.141077995300291,10.13158130645752,10.302103996276855,10.322169303894045,10.363194465637209,13
0.3498769148513934,1.6814811388925877,0.0330738919051871,2.6997707159301534,2.661907685505615,1.282027244567871,4.292299270629883,7.814706802368164,10.989686965942385,12.98633098602295,13.038721084594728,13.04505443572998,13.05036163330078,12
0.94804736,42.47534963,279.32507537,2.7,2.8,0.3246827,0.6354604,0.8662107,1.0450959,1.1843598,1.2946382,1.3846822,1.460084,10
0.55454734,258.59010533,298.17961544,2.1,2.7,0.10675049,0.13670945,0.16279364,0.18126798,0.2013247,0.22170663,0.24078393,0.2582867,11
0.70448959,217.36725498,353.59187942,2.01903662,2.07120442,0.07574511,0.10412312,0.12530684,0.13591862,0.15338945,0.16897559,0.18292856,0.19705606,11
0.6656233989089392,230.669471154192,0.5789546244479838,2.3726901223593,2.245068015181223,0.1860077381134033,0.3163611888885498,0.4429225921630859,0.5592343807220459,0.6666693687438965,0.766045331954956,0.8586740493774414,0.9446859359741212,15
0.60056939,94.19923647,258.29537533,2.2,2.0,0.22991753,0.37731957,0.48579097,0.5737858,0.6454594,0.7063129,0.7574167,0.8011024,17
0.4888427204710703,2.779282413525352,0.0040421064713877,2.3047111827662685,2.2642749215265026,1.1804592609405518,3.815364599227905,6.535429954528809,8.528397560119629,9.468467712402344,9.577451705932615,9.586563110351562,9.595386505126951,12
0.85407319,227.37301685,38.5570121,2.11266837,2.93705295,0.15496039,0.26922464,0.37741828,0.48466539,0.58657193,0.68386292,0.77618527,0.86412692,15
0.8039364,125.97388982,368.87714294,2.1,2.7,0.12509322,0.16093707,0.19632983,0.22549462,0.25140572,0.27639604,0.30028272,0.32212114,11
0.94282041,281.03175345,194.63724707,2.10058534,2.62374264,0.09216166,0.15362382,0.20490193,0.25122523,0.29963303,0.34784484,0.39431977,0.43912148,3
0.83059603,1.4036653,30.29112053,2.78170824,2.27695012,1.12288332,3.26516485,4.96794367,5.86531067,6.23894501,6.48446369,6.67133427,6.75867176,7
0.81433666,250.63798288,103.5932604,2.8,2.9,0.17178941,0.27137017,0.37151742,0.4739833,0.56658936,0.65437055,0.7378533,0.8171029,16
0.37147313,160.73722376,354.92545322,2.35981248,2.46205661,0.21545935,0.28072309,0.32267809,0.35705757,0.38843226,0.41581321,0.44057059,0.46286082,4
0.3687468969912114,158.9869811773982,387.70329738441154,2.0,2.0,0.1289942264556884,0.1397063732147216,0.1491057872772216,0.1552915573120117,0.1638720035552978,0.1717526912689209,0.1788678169250488,0.1857972145080566,11
0.80661991,245.09651698,312.88097404,2.1,2.4,0.08257628,0.11797357,0.14459181,0.15988517,0.1838541,0.20668697,0.22830796,0.248595,11
0.75547592,181.94183708,93.24511458,2.2,2.1,0.15368223,0.25830746,0.35787153,0.4506135,0.53682613,0.61646605,0.6909442,0.7611468,16
0.76137985,67.5171264,333.03626232,2.6,2.6,0.266783,0.45782566,0.59254766,0.7005701,0.78904533,0.8614445,0.9225075,0.97309065,17
0.68650728,75.05527468,5.75423712,2.01579383,2.57530056,0.43665552,0.98926234,1.37055063,1.63056469,1.82364273,1.98021936,2.11141396,2.22281027,18
0.43471925,286.52053646,133.8908672,2.14504979,2.93151508,0.20463562,0.31924081,0.42366505,0.51564765,0.59875464,0.67427897,0.7431345,0.8066318,17
0.9407460899003272,2.067429978742328,199.07704191508697,2.737781756133457,2.1202899186389748,0.647681474685669,1.7868640422821045,2.514291524887085,2.757873296737671,2.784291982650757,2.7851574420928955,2.785300970077514,2.7855799198150635,1
0.96590522,259.26566999,162.16094919,2.9,2.7,0.16060615,0.21985602,0.28903246,0.37309027,0.44813156,0.519361,0.5877371,0.654413,2
0.67606202,129.26369127,130.67253436,2.11352544,2.36725238,0.22851944,0.40178537,0.55152917,0.68139076,0.79491949,0.89510989,0.98232079,1.06168246,17
0.45068056,179.0495727,396.73178381,2.21860035,2.80138127,0.18020582,0.22566915,0.26690149,0.30144119,0.33404541,0.36332488,0.39007378,0.41487265,4
0.91800853,107.04923233,154.31238845,2.1,2.1,0.16176248,0.27688694,0.38536263,0.4845512,0.5749972,0.6578591,0.73364043,0.8038516,17
0.71743693,234.3834355,212.44225131,2.1,2.7,0.11641836,0.16834307,0.2168591,0.26068783,0.3037393,0.34574723,0.38510585,0.42204,3
0.84649358,157.62682414,39.57832737,2.8,2.2,0.21089458,0.37788415,0.53840756,0.68644214,0.8224895,0.948118,1.0640142,1.1706989,15
0.33243644,227.90019226,32.61946487,2.40810585,2.08364248,0.29541636,0.53706884,0.69795203,0.81947756,0.9170382,0.99909544,1.06750679,1.12702703,9
0.92513705,42.64855417,264.90129201,2.3,2.2,0.26290512,0.47852874,0.64245915,0.7723677,0.875453,0.9581492,1.0257678,1.0811388,10
0.71037146,151.6056849,49.91783182,2.8,2.8,0.29423833,0.5517063,0.773777,0.9674244,1.1361494,1.2851291,1.4156699,1.5322342,9
0.81415238,182.53030846,13.11851198,2.9,2.4,0.2226553,0.3960929,0.5627456,0.718415,0.86115766,0.9936986,1.1155722,1.2285879,15
0.53972542,257.07025146,241.17745972,2.33055949,2.18488503,0.1224978,0.16466713,0.20670152,0.24150014,0.27653122,0.3097415,0.34136534,0.3708322,3
0.32722996,20.12974831,65.22541808,2.9,2.2,0.98043704,3.0076585,4.822964,5.854737,6.053247,6.0639787,6.065663,6.06661,7
0.32226466,290.08508958,329.65853251,2.3,2.9,0.14203715,0.15942073,0.17979074,0.18639874,0.20064974,0.21068645,0.21681762,0.22742057,11
0.31138813,102.49406433,389.68087769,2.40302253,2.58382654,0.30917335,0.52348852,0.58797431,0.61403513,0.63607001,0.65428782,0.67066121,0.68702412,21
0.74409155,198.42374161,203.93706193,2.7,2.3,0.15933824,0.24953818,0.3393278,0.42262435,0.4998436,0.57229567,0.63953805,0.7026148,17
0.6066845194952875,34.454050629367345,7.713076096054023,2.7472737082632523,2.588232380439859,0.7607381343841553,2.113320589065552,3.007617235183716,3.450273275375366,3.688795328140259,3.8486311435699454,3.9739134311676025,4.074656486511231,22
0.6415385,114.47037506,36.96495819,2.56294441,2.04965448,0.2960186,0.5750196,0.79582334,0.97411394,1.11984229,1.24340153,1.34878469,1.44041181,9
0.92161864,256.45376162,30.265971,2.5,2.2,0.12560439,0.21691251,0.30012298,0.3808589,0.46094203,0.5383632,0.6121633,0.6835258,2
0.6702039400603252,1.5342686255798064,0.6033913287454649,2.2784675186104004,2.550066305827238,1.2016284465789795,3.874537706375122,6.554980278015137,8.327938079833984,9.12112808227539,9.31353759765625,9.395206451416016,9.482990264892578,13
0.8493777926828161,25.34612003523233,0.0217396470312947,2.878143365487428,2.4869067016136235,0.6450324058532715,1.6404762268066406,2.301730155944824,2.6935348510742188,2.960288047790528,3.165865898132324,3.3351082801818848,3.4790902137756348,18
0.7324133667222225,4.372129801013577,17.642584613127138,2.68551588,2.59823728,1.07476544380188,3.224309206008911,4.93701171875,5.818333625793457,6.214155197143555,6.465482711791992,6.662229537963867,6.798212051391602,6
0.9960870083719964,1.054728027560354,0.0051353539049521,2.770365271046639,2.429314472698334,1.1488752365112305,3.374447822570801,5.071956634521484,6.001429557800293,6.556330680847168,7.006492614746094,7.395666122436523,7.688504219055176,5
0.867245641130435,2.2984900102007235,0.0705950451916418,2.7046014835910777,2.2460942196374125,1.0938775539398191,3.1699025630950928,4.687217712402344,5.487783432006836,5.965485572814941,6.336513519287109,6.648869514465332,6.871131896972656,5
0.67481233,255.19710778,0.68642723,2.9,2.3,0.19798064,0.33935428,0.47665668,0.60506153,0.7240393,0.83442616,0.9376869,1.0339572,15
1.0,210.18516446,399.64291812,2.0,2.00015476,0.05676579,0.08410168,0.10396934,0.10975194,0.12257051,0.13278961,0.14193773,0.15324664,11
0.89236589,35.21395872,242.7772421,2.5,2.2,0.34338355,0.7043121,0.9589331,1.1348071,1.2620814,1.3570974,1.4313486,1.4908423,10
0.35530666,219.02801514,217.16162109,2.58549929,2.52974463,0.25395799,0.39494038,0.48603034,0.56185603,0.62748432,0.6848104,0.73461366,0.77982903,17
0.61084409,84.70641693,305.75134366,2.74031059,2.79055961,0.32408881,0.605829,0.78853011,0.91899657,1.01782346,1.09663033,1.16277623,1.21638536,10
0.33490661,217.37670898,227.2928009,2.72921991,2.87631273,0.31248569,0.54635763,0.68227434,0.78378654,0.86523509,0.93489575,0.99388552,1.04633021,10
0.54924833,67.68659186,234.73155224,2.95210243,2.58350953,0.42301726,0.93852973,1.2656703,1.42435408,1.51464605,1.58336067,1.63993311,1.68503332,20
0.520423,50.7501297,390.50692749,2.09030318,2.0543294,0.22665906,0.30152011,0.32387471,0.34211326,0.35597682,0.36768699,0.37768245,0.38640308,4
0.69559638,295.00803891,74.28459633,2.6,2.8,0.1592021,0.24972177,0.3382895,0.42687702,0.5094929,0.5865381,0.6593373,0.72856,16
0.34495669,244.86330104,130.6133063,2.2,2.4,0.22806859,0.34948468,0.44096518,0.51796794,0.5849998,0.643162,0.6958597,0.7426479,17
0.4264764,269.80692149,250.30114973,2.61009088,2.25597697,0.14720416,0.18539476,0.22629404,0.25832152,0.28912616,0.31924748,0.34740591,0.37347054,4
0.65946806,135.66274217,79.30536967,2.0,2.0,0.20840311,0.36844015,0.50763726,0.6291256,0.73553562,0.83019686,0.91332912,0.98892665,16
0.855113030416937,1.5055487454079324,0.4627838677522677,2.201491107116701,2.1028187598654107,1.0906906127929688,3.218451976776123,4.827629089355469,5.680172920227051,6.127493381500244,6.440751552581787,6.683142185211182,6.859710216522217,5
0.30614269,1.3523159,40.70339203,2.59336352,2.63749409,1.20779371,3.78188396,6.59122372,8.74150276,9.86786079,10.20245838,10.2076149,10.20777988,14
0.67598691,201.58354893,254.96653766,2.0,2.4,0.11155438,0.15526772,0.19532561,0.23027968,0.2679739,0.30191422,0.33371854,0.36384606,4
0.41850563,198.48983867,198.87446843,2.1,2.4,0.19107199,0.2713008,0.34096456,0.4004445,0.45250988,0.49924827,0.54105973,0.58009887,3
0.6393616239719926,2.088236200358583,6.730939960579631,2.3794905288822843,2.6743802081233707,1.1926839351654053,3.823136568069458,6.448220252990723,8.183862686157227,8.91493034362793,9.082931518554688,9.151883125305176,9.221527099609377,14
0.3156513355094945,2.947208907408339,0.3086717272768574,2.48481321,2.11047935,1.1848020553588867,3.854826450347901,6.788161754608154,9.19807243347168,10.58633804321289,10.643526077270508,10.650901794433594,10.657207489013672,13
0.96780014,19.79151535,2.39550567,2.16221046,2.57577825,0.5985477,1.47082663,2.033324,2.38022876,2.62501693,2.81798911,2.97583032,3.10957646,18
0.89120506,198.90178361,138.93115521,2.61002008,2.7425087,0.16447592,0.26849699,0.36844015,0.46935463,0.56248116,0.64993286,0.73241472,0.81064558,17
0.53498968,74.03142833,198.44804757,2.3,2.6,0.3789358,0.7956028,1.0491908,1.186965,1.2778492,1.3482072,1.4059083,1.4510939,21
0.6643683618973681,5.397435908035384,25.6858120051237,2.85262377,2.72387573,1.0819909572601318,3.295440435409546,5.152835845947266,6.156064033508301,6.560656547546387,6.781628608703613,6.93812370300293,7.056809425354004,7
0.32331327,3.56320786,30.97048569,2.00664997,2.36507821,1.12839365,3.51028824,5.95751858,7.61065149,8.17551994,8.26989174,8.27216339,8.27322388,14
0.5629702,181.19783487,37.27313389,2.40824936,2.07178129,0.23121428,0.40652084,0.55771494,0.68873644,0.80289364,0.9040761,0.99413347,1.07531714,15
0.90135997,106.50655111,388.550062,2.54948889,2.85580329,0.17716599,0.25834775,0.33911753,0.41205263,0.47757673,0.53658986,0.59065557,0.64022613,4
0.3887896333321344,14.46067347450967,0.9075784333858564,2.882556351560213,2.355932238206507,1.0931355953216553,3.344069480895996,5.337150096893311,6.447671413421631,6.834230899810791,6.982010364532471,7.104029178619385,7.185640811920166,5
0.66194867,259.82340562,337.41280993,2.3,2.3,0.08997107,0.12176919,0.14971232,0.16453862,0.18375325,0.20288658,0.22299409,0.24171352,11
0.83841302,205.0988584,186.48411886,2.9,2.8,0.1779294,0.2783289,0.38051057,0.48113132,0.57175994,0.6577468,0.738621,0.814585,17
0.6995505137359821,6.229150854187079,48.78791382558137,2.9808734,2.41049929,0.953519344329834,2.7845845222473145,4.160476207733154,4.818619251251221,5.130773544311523,5.323775291442871,5.452302932739258,5.52638053894043,7
0.51751726,191.98538671,112.04156069,2.7,2.1,0.25100923,0.4435861,0.60195756,0.73719573,0.8541877,0.956697,1.0471494,1.1273603,16
0.7930541845455767,2.5760883941493766,0.0065797421552169,2.843913891818472,2.492931203375696,1.148681879043579,3.441598653793335,5.282590866088867,6.277732849121094,6.780912399291992,7.158952713012695,7.483735084533691,7.73892879486084,5
0.30642436,129.18219872,154.50119786,2.58833204,2.36076231,0.43209028,0.97883773,1.2792778,1.37752819,1.43347478,1.47875428,1.51812768,1.55216908,0
0.32906757,279.62862524,356.02125953,2.6,2.9,0.17442322,0.19366837,0.21861553,0.24071193,0.2594936,0.2745161,0.28976083,0.3038361,11
0.85806208,9.05487001,103.91905195,2.60219175,2.95335615,0.79357767,2.25863194,3.2967217,3.79410005,4.00758743,4.11000919,4.16854572,4.21245193,23
0.63110573,264.47649198,104.82311697,2.3,2.7,0.15375018,0.23564696,0.31765866,0.39310837,0.46360302,0.5299742,0.5920236,0.6503036,2
0.6490241725242064,17.19690552099216,0.9972193218463048,2.241424686600244,2.382302603379016,0.8625180721282959,2.4329819679260254,3.4675960540771484,3.949792861938477,4.190617561340332,4.351104736328125,4.46140193939209,4.560839653015137,22
0.70403597,91.53778297,374.37770017,2.37673251,2.65033483,0.218961,0.3327477,0.42120695,0.49519229,0.55932879,0.61480117,0.66258192,0.70571303,17
0.7153455,212.36602783,89.84771729,2.18527269,2.36222768,0.15797663,0.25970411,0.35804725,0.44987726,0.53477478,0.61427569,0.68841791,0.75814867,16
0.5249095080870072,0.7294070367456655,96.95930204680154,2.4616212921775618,2.615764053463778,0.9812455177307128,3.099776268005371,5.1629638671875,6.557349681854248,6.956408977508545,6.957353115081787,6.957432270050049,6.957432270050049,7
0.71252676,157.11211736,92.41083062,2.24251416,2.99469622,0.24848509,0.45081401,0.63348699,0.79580474,0.94077563,1.07082963,1.18746948,1.2925055,10
0.8113298710440141,12.09806425985066,0.0248302427746383,2.127766702292808,2.121420914816558,0.7798745632171631,2.052539110183716,2.825777292251587,3.2254202365875244,3.4676616191864014,3.638418912887573,3.778571367263794,3.888282537460327,22
0.38200758,272.69515293,72.87721906,2.9,2.5,0.29721093,0.53506637,0.70750904,0.8494141,0.96922493,1.0727179,1.1619511,1.2415485,10
0.40521818,265.31535065,105.18292798,2.8,2.7,0.27400804,0.46488404,0.60872245,0.73147273,0.8373866,0.93041277,1.0124099,1.085352,16
0.70036138,101.09265182,274.83670314,2.7,2.4,0.25438952,0.43915057,0.5841408,0.7052026,0.80770993,0.8959961,0.97258663,1.0390134,17
0.56984263,242.37629674,49.58521776,2.3,2.2,0.17881155,0.2917335,0.3995316,0.49692345,0.58597255,0.66783357,0.7431147,0.81311464,16
0.6455273,131.14127245,63.57908343,2.3,2.6,0.28574944,0.539788,0.745898,0.91915464,1.0647836,1.1902204,1.2985604,1.3941786,10
0.7679276726553281,30.69978124370684,10.1078532045109,2.6,2.8,0.6735074520111084,1.792854070663452,2.523876905441284,2.9228355884552,3.1761257648468018,3.3639814853668213,3.5155723094940186,3.650381803512573,22
0.5743993975625858,80.77673287048367,0.0221178670221825,2.0134917431011408,2.7753036177181687,0.5185341835021973,1.3128070831298828,1.814847469329834,2.0949363708496094,2.283912181854248,2.4361891746521,2.55967378616333,2.666845321655273,18
0.7538734700880592,2.18054040394546,0.0091871725477656,2.582568530216748,2.9755986935737964,1.2166616916656494,3.836593389511109,6.30156135559082,7.787096977233887,8.460654258728027,8.778916358947754,9.000252723693848,9.188836097717283,12
0.62992216446998,1.4987099530770696,6.149890593265769,2.467918793847674,2.261662731630791,1.1760478019714355,3.750121116638184,6.302497386932373,8.049198150634766,8.82969856262207,8.985431671142578,9.03374481201172,9.09568214416504,14
0.49273817,30.49522017,164.6648499,2.1,2.5,0.56521297,1.437485,1.9273181,2.055438,2.080833,2.0969734,2.1116762,2.1253576,0
0.36733468,279.12780917,88.98238811,2.2,2.2,0.1992054,0.2993281,0.3874321,0.46356273,0.5309317,0.591357,0.64682937,0.697072,16
0.33662808,117.20436656,150.29767951,2.6,2.3,0.4655695,1.1191969,1.5057757,1.6322393,1.6919284,1.7411864,1.7828648,1.8200815,0
0.3282322,18.03696823,22.36703491,2.44952774,2.85799503,1.11634779,3.42773294,5.60581636,6.98200655,7.36609507,7.40408754,7.41930532,7.426126,7
0.50601672,272.29289145,46.1105554,2.6,2.7,0.22900367,0.37808132,0.51285625,0.6321442,0.73952293,0.83695245,0.9260242,1.0076883,16
0.5744132978040888,1.3364779129033049,0.3945723845436988,2.216604084773279,2.58078304404122,1.2240586280822754,4.056326389312744,7.16815996170044,9.564519882202148,10.875602722167969,10.97775650024414,10.988651275634766,10.997591018676758,13
0.68778771,86.76457977,339.95016479,2.12727833,2.28995538,0.19183302,0.27906823,0.35220337,0.4123683,0.46423626,0.50905323,0.54857969,0.58352447,4
0.94635989,242.66702045,308.43977632,2.8,2.6,0.13830161,0.16991639,0.20890164,0.26447248,0.3143437,0.3586638,0.4022205,0.4435134,4
0.30442307,206.20985403,236.29681244,2.70546594,2.25108027,0.24735188,0.36090851,0.42465043,0.47651815,0.52172589,0.56129909,0.59540534,0.62810445,3
0.49683457,222.0387997,165.69315892,2.9,2.8,0.2636912,0.43868256,0.5801022,0.7028909,0.81036186,0.9062326,0.9915321,1.0684566,17
0.909683,59.52648743,148.54278011,2.1,2.3,0.2553451,0.4786775,0.6648786,0.82027173,0.9515071,1.0627425,1.1574156,1.2405596,10
0.7755916805589661,27.457577880737976,21.58523800846985,2.257772110641015,2.5168984231753497,0.6362819671630859,1.6565933227539062,2.2928459644317627,2.633874654769897,2.852259874343872,3.019475221633911,3.153762102127075,3.267655611038208,19
0.6226128289061603,16.130423281490344,0.0198282984022713,2.989802159868051,2.072721865890084,0.8735625743865967,2.3905630111694336,3.390675067901612,3.9083876609802246,4.2230658531188965,4.44439172744751,4.600053787231445,4.727317810058594,22
0.322216756940673,29.10341239134001,0.2386892286741375,2.9109479756390937,2.2072260457859647,0.988072633743286,2.9408411979675293,4.497837066650391,5.246560573577881,5.512892246246338,5.662566661834717,5.7703537940979,5.835444927215576,5
0.84081364,17.05191528,258.19227922,2.07181365,2.40446715,0.43505883,1.00913739,1.34710407,1.46910739,1.51310587,1.53975177,1.55934501,1.57452369,1
0.5785437843478454,3.002302692959536,4.268869615754992,2.923495102346603,2.3396929524019754,1.1795663833618164,3.697754859924317,6.104196071624756,7.636382579803467,8.257488250732422,8.457408905029297,8.610475540161133,8.746057510375977,14
0.68116379,281.6111145,138.60546875,2.08891368,2.45717025,0.11805272,0.18505502,0.24860072,0.30649495,0.36366773,0.41837358,0.47069025,0.51993608,2
0.41464653,190.52030159,279.2390198,2.4,2.8,0.21781397,0.3039968,0.36902118,0.42306828,0.47181034,0.51520944,0.55427074,0.5894232,4
0.64381223,236.98454897,162.15856657,2.3,2.4,0.14148784,0.21256399,0.28381014,0.3482759,0.40926456,0.4664228,0.51988983,0.57057,2
0.64665991,80.77871999,146.57250427,2.9,2.4,0.40714002,0.9041989,1.2516308,1.4817224,1.6455271,1.7738283,1.8801501,1.9702356,20
0.3257237930659896,117.79477161974287,378.60585103838326,2.51333523,2.07166096,0.2143199443817138,0.2621958255767822,0.281912088394165,0.2977082729339599,0.3117618560791015,0.324427843093872,0.3361825942993164,0.3468618392944336,11
0.90204358,260.41519165,270.73034668,2.81783581,2.33677435,0.12767744,0.15425062,0.19347525,0.23129559,0.27290964,0.31026316,0.34447336,0.37994266,4
0.6019613069482628,86.29198641320731,93.2345080381924,2.567534161172759,2.379023148323024,0.4056851863861084,0.9008400440216064,1.2407312393188477,1.4607994556427002,1.621389627456665,1.7478954792022705,1.8538477420806885,1.945082426071167,20
0.74005973,132.39531866,138.95518836,2.2,2.8,0.21552777,0.36904955,0.5086305,0.63022757,0.73869276,0.83643126,0.9236543,1.0029106,17
0.81304465,85.97561246,310.23179937,2.13327631,2.05633665,0.15746069,0.23035312,0.29918766,0.35850406,0.41038013,0.45652199,0.49728584,0.5338397,4
0.85015661,212.05358887,291.69061279,2.61304593,2.0305028,0.09238362,0.13237143,0.16217542,0.1870842,0.21759081,0.24498367,0.27095652,0.29570413,11
0.32294215,277.91856623,375.92303804,2.9,2.5,0.18416071,0.21047044,0.23983192,0.2665093,0.28764224,0.30797505,0.3269415,0.34497786,11
0.61795767,104.91901063,38.92284387,2.1,2.7,0.3411622,0.69577503,0.95962787,1.1583707,1.3148906,1.4418995,1.5509045,1.6448457,9
0.64156951,77.04991339,56.75660987,2.7,2.0,0.4344344,1.002099,1.3833714,1.6256874,1.7995291,1.9412019,2.0549011,2.151009,19
0.66368279,66.61864429,251.08309731,2.9,2.0,0.3394215,0.70829654,0.9613881,1.1304607,1.2522063,1.3469694,1.4232335,1.4867446,10
0.99343181,54.86266327,301.00390625,2.52716923,2.11289001,0.18960309,0.30023074,0.39920259,0.48188925,0.55260205,0.61401415,0.66644764,0.71331835,17
0.455534064290034,0.8059795821643415,147.41256840553876,2.1329166561740984,2.5048305398819446,0.844672441482544,2.595211744308472,4.15278434753418,4.940773010253906,5.007961273193359,5.008121490478516,5.008161544799805,5.008220672607422,23
0.54167338,271.72058538,50.0518411,2.86659373,2.98506064,0.25366116,0.42469096,0.58125329,0.72128582,0.84729695,0.96263981,1.06709743,1.16340184,16
0.4372314788157069,6.446805812194885,0.3303811156373287,2.368507945460045,2.1005541104908105,1.1071398258209229,3.449870109558105,5.6241960525512695,6.974018096923828,7.468154907226562,7.580096244812012,7.655733108520508,7.718111991882324,5
0.69586206,107.67944948,1.02827065,2.7,2.3,0.37079144,0.777117,1.0926065,1.3406172,1.5407724,1.7079983,1.8489077,1.9698799,8
0.8474183823762734,121.69416616546609,0.0581543868638063,2.2604124738910825,2.299556850202054,0.2378942966461181,0.444312572479248,0.6351120471954346,0.8060617446899414,0.9593892097473145,1.0972044467926023,1.2206509113311768,1.3327205181121826,8
0.3569418773904097,187.0230848862332,351.460136345152,2.4,2.4,0.1939437389373779,0.2400398254394531,0.2767953872680664,0.305774450302124,0.3330678939819336,0.3577706813812256,0.3802177906036377,0.4010601043701172,4
0.81814051,292.35897827,251.81755066,2.93275547,2.38208818,0.13511038,0.15712929,0.19407415,0.23455215,0.2797339,0.31628132,0.35114312,0.38704586,4
0.84661421,16.68254977,51.21159686,2.83314144,2.63873098,0.72087145,1.91986203,2.70523381,3.1192925,3.36791778,3.53632331,3.67388415,3.78184295,23
0.7460727362928115,5.425793118254688,0.0558542934294972,2.307493377296713,2.6673760635186485,1.060838222503662,3.1709346771240234,4.791111469268799,5.602788925170898,5.9827985763549805,6.22435474395752,6.403314590454102,6.537440299987793,5
0.546191206688847,11.505289531307426,3.343851426737732,2.9808734,2.41049929,1.048935890197754,3.1060900688171387,4.711215972900391,5.505311012268066,5.879642486572266,6.135763168334961,6.330821990966797,6.47562313079834,6
0.92521253,185.09879784,165.04874164,2.1,2.3,0.11265564,0.18318295,0.2475996,0.30872226,0.36951613,0.4269657,0.4812584,0.5327914,2
0.50884643,264.10368109,222.96266221,2.01258145,2.81760261,0.15387511,0.2214067,0.29110003,0.35331511,0.41109014,0.46471596,0.51466894,0.56171751,3
0.86951888,91.15737049,368.06064736,2.66786742,2.56167461,0.19109011,0.28369761,0.3696661,0.44394326,0.50958443,0.56822729,0.62048841,0.66739345,17
0.4925116608063425,17.650687269326824,0.0400914212329969,2.704914705251912,2.99905188585458,1.0669059753417969,3.279853105545044,5.174012184143066,6.183151245117188,6.558837890625,6.744204521179199,6.870329856872559,6.965234756469727,5
0.8778561904326382,2.190823129177945,132.72725867222522,2.7618514055505656,2.8460062756848963,0.8821203708648682,2.663339138031006,4.1222243309021,4.856657981872559,5.092362403869629,5.159401893615723,5.166708469390869,5.166800498962402,7
0.35642355,16.17562031,91.84630506,2.0,2.4,0.8221836,2.3033059,3.3249466,3.6822507,3.7626507,3.768007,3.7693393,3.7711937,23
0.86095798,16.74895287,345.47164917,2.00118232,2.63659549,0.38217998,0.84118509,1.11552835,1.21333838,1.24223399,1.25699258,1.2675612,1.27558303,21
0.52347353,4.29703047,50.7909113,2.4,2.1,1.0376043,3.125735,4.9445534,5.9519596,6.144639,6.164425,6.1692457,6.1711683,7
0.51228796,152.12770307,311.89719351,2.9,2.4,0.24789095,0.3965397,0.5027549,0.59319806,0.6699197,0.73721266,0.7958753,0.84903526,17
0.39008839,22.52624581,297.23168222,2.005,2.86023922,0.55570221,1.5398798,2.22170925,2.33533335,2.33798695,2.33877182,2.33997965,2.34115219,1
0.3384343,116.50642546,134.54898085,2.9,2.2,0.5090413,1.3260491,1.847559,2.0183988,2.0797539,2.128315,2.1702638,2.2079716,0
0.4387801789360591,275.53321913275096,311.2439217947157,2.76089764,2.24099207,0.125967264175415,0.151341438293457,0.1774573326110839,0.1945176124572754,0.2135517597198486,0.2330415248870849,0.2489850521087646,0.2653577327728271,11
0.38941559,215.91277788,109.79628786,2.3,2.8,0.27062917,0.4617107,0.59691477,0.7071059,0.7992656,0.88008547,0.94980836,1.0107415,16
0.58713801,183.76963084,110.95766944,2.4,2.3,0.2178824,0.3672068,0.50035715,0.6172023,0.7204051,0.8126836,0.8956783,0.9716041,16
0.8574934356304671,1.4168120833089028,1.078942435959091,2.390178031973912,2.58132652989648,1.1706762313842771,3.6031768321990967,5.685220718383789,6.852124214172363,7.416953086853027,7.743801116943359,8.00419807434082,8.212181091308594,5
0.6341306,274.94085693,146.99636841,2.39382195,2.11867332,0.11913347,0.17759562,0.23249578,0.28334689,0.33348322,0.38083076,0.42583013,0.46825838,2
0.7324865239984552,3.826114577789773,0.0197962048351294,2.869805890291373,2.997413588015584,1.1831209659576416,3.653053998947144,5.809037208557129,7.045670509338379,7.610507965087891,7.946016311645508,8.223663330078125,8.44411849975586,12
0.49992924,273.22947039,112.24274068,2.8,2.4,0.20747852,0.3275988,0.4402864,0.54051447,0.63115835,0.71420884,0.79037166,0.86110234,16
0.8847339063314139,0.8946360184237063,0.0928611587176304,2.8508630581654293,2.2111494307746886,1.1735293865203855,3.5584399700164795,5.555709838867188,6.685295104980469,7.285867691040039,7.697843551635742,8.070096015930176,8.412654876708984,5
0.4371093546357169,265.24467801360265,0.1182199259011995,2.809215329305868,2.6922105885229484,0.3044373989105224,0.5646986961364746,0.7671446800231934,0.9379677772521972,1.082728385925293,1.2078969478607178,1.3181533813476562,1.415524959564209,8
0.7577620271484417,0.7916031679060269,0.0131205887551918,2.1765333681999435,2.801672846905197,1.224388837814331,4.030328750610352,6.995097160339356,9.074710845947266,10.06830883026123,10.318485260009766,10.367205619812012,10.41979694366455,12
0.685194,102.47526262,13.32504471,2.4,2.1,0.3388462,0.68999386,0.9641807,1.1808879,1.357373,1.5042236,1.6280053,1.7357297,9
0.4811148883131415,1.3597801490393704,2.4863717739147804,2.7984226823629585,2.390163302588231,1.2426385879516602,4.07650899887085,7.2371110916137695,9.866381645202637,11.395270347595217,11.486693382263184,11.493465423583984,11.499247550964355,14
0.6752997,287.74884033,214.34657288,2.0,2.0,0.07679534,0.11549377,0.14693093,0.1726079,0.20110345,0.22748733,0.25370884,0.27967238,11
0.4466485506783992,62.93405354049597,0.003713544691466,2.207654085734106,2.54212755128948,0.7000560760498047,1.9592952728271484,2.756631374359131,3.0894699096679688,3.251856803894043,3.3549156188964844,3.4396347999572754,3.518765449523926,22
0.4417359690201018,2.127796589538784,0.0052979662088075,2.8183680587785744,2.1559512981443816,1.204440355300903,3.884082555770874,6.753801345825195,9.01913833618164,10.217387199401855,10.274551391601562,10.281354904174805,10.28717803955078,12
0.59773514,117.03191954,286.52742801,2.8,2.2,0.25184655,0.4281006,0.55896544,0.6672852,0.759207,0.8371072,0.9044478,0.96232796,17
0.4720062,65.62450761,57.86703766,2.4,2.1,0.57880473,1.5018721,2.0382626,2.2447302,2.3533528,2.4336627,2.500665,2.5620697,0
0.71412218,17.19526863,138.50473022,2.04118037,2.9604466,0.66783404,1.90062475,2.7264967,3.04850292,3.14218426,3.18262053,3.21362686,3.2408905,23
0.77415788,159.49884033,103.44017792,2.76427484,2.72155619,0.23794889,0.41491604,0.58048081,0.7296648,0.86360931,0.98608136,1.097121,1.19864607,16
0.72694524,170.04831514,61.19490797,2.1,2.2,0.17493463,0.29929686,0.4164257,0.5240798,0.62135863,0.71135235,0.7942898,0.87047124,16
0.59387887,228.64743042,160.20915222,2.21537614,2.75638056,0.18426013,0.29039216,0.3936913,0.48714185,0.5720222,0.65055108,0.72348166,0.79156017,17
0.31200563,74.48294289,368.30142215,2.31072579,2.78526582,0.39410043,0.85943031,1.09413362,1.1219902,1.12972808,1.13694668,1.14361882,1.14980817,21
0.41445369,293.18823447,301.96080685,2.8,2.1,0.13854194,0.17260909,0.21050644,0.24247956,0.27287436,0.30185628,0.32900643,0.35462213,4
0.42625453,35.01458724,203.90169622,2.45964161,2.80566033,0.62616253,1.78350592,2.59769726,2.86579227,2.8904171,2.89635372,2.90283728,2.90915823,1
0.30980622,104.63192364,3.77339356,2.65215349,2.05521155,0.62009883,1.6055479,2.18646193,2.41295481,2.51528931,2.5862813,2.65338469,2.71292305,0
0.86844874,117.91373138,24.15358151,2.50339975,2.81518661,0.28574824,0.54325104,0.77607203,0.98325896,1.16659164,1.33016753,1.47514772,1.60458994,9
0.65965647,14.47438622,7.26751757,2.74948287,2.53077388,0.95450497,2.67824602,3.87430048,4.46502924,4.76357985,4.95869732,5.08674097,5.19150448,6
0.7537032065909488,34.569265203288346,0.0256788940150587,2.4709332606594114,2.4712872558029577,0.6205246448516846,1.5838980674743652,2.1982808113098145,2.545750141143799,2.7773594856262207,2.95613956451416,3.10473108291626,3.231724262237549,18
0.88516886,182.37607661,331.92946702,2.6,2.4,0.12189197,0.17558742,0.22581196,0.27509522,0.322891,0.36722016,0.4080968,0.44756842,4
0.60703212,194.92856443,59.87940127,2.8,2.8,0.2782712,0.5016775,0.69294953,0.8601222,1.0070498,1.1369057,1.2526689,1.3560176,10
0.9157964068390652,29.614401382534545,0.5330429910599461,2.639389197402158,2.4125057335353293,0.5440781116485596,1.302048921585083,1.825900077819824,2.1693410873413086,2.418078899383545,2.617737293243408,2.783318042755127,2.924870491027832,18
0.99608463,22.9075985,233.35966492,2.06787109,2.08919621,0.31226587,0.6172266,0.82882309,0.97201514,1.07158852,1.14494276,1.20042324,1.24346495,10
0.5419932,34.58891235,244.63830535,2.9,2.7,0.56957626,1.5181463,2.1652644,2.3807418,2.4118507,2.4241111,2.4359462,2.446792,1
0.6322856850187075,2.1797358306561776,49.719606803324695,2.8703722035984325,2.0583613423278555,1.0019338130950928,3.032289266586304,4.7638702392578125,5.704547882080078,5.980766296386719,6.082058906555176,6.141007423400879,6.162685394287109,7
0.4699651529447792,10.853034633361895,19.02656483125301,2.9213376,2.84819651,1.113147258758545,3.473154067993164,5.64722204208374,6.939859867095947,7.407482624053955,7.54177713394165,7.634336948394775,7.704089641571045,6
0.52367569,162.58499035,124.10044794,2.1,2.0,0.21079755,0.35136032,0.46899843,0.5691385,0.655112,0.73132396,0.79723334,0.8576317,16
0.4726828395102827,56.79451265318209,319.6550381614759,2.0354557,2.0249393,0.2786948680877685,0.4843502044677734,0.5737109184265137,0.6204588413238525,0.6538610458374023,0.680457592010498,0.702329158782959,0.7203881740570068,21
0.47319941,294.68407048,31.2021128,2.41392832,2.28036902,0.184937,0.2912159,0.3926394,0.48352814,0.56626487,0.64252615,0.71262217,0.77755475,15
0.5378123,225.41528433,117.40057796,2.2,2.8,0.1910429,0.29760718,0.39820766,0.48650455,0.56654143,0.6393335,0.7062979,0.7679727,16
0.705720489226778,37.35747952578173,0.0306954915606431,2.096141238738107,2.989567146698953,0.6531379222869873,1.7862389087677002,2.505733251571656,2.8773653507232666,3.105539083480835,3.2744648456573486,3.410363912582397,3.532503843307495,22
0.59430108,299.26462806,377.87700049,2.4,2.6,0.10509014,0.12370944,0.14370131,0.15440464,0.17238021,0.18839431,0.19836497,0.21064925,11
0.60556251,54.99391749,76.2409596,2.3,2.1,0.4888494,1.1647313,1.5674031,1.7770495,1.9080381,2.0136755,2.1015189,2.1711676,20
0.8879580758324666,2.2928726150086605,0.0152292462691949,2.105954836378064,2.238522361832815,1.042097568511963,3.006264925003052,4.389763832092285,5.086736679077148,5.47484302520752,5.745885848999023,5.945735931396484,6.098000526428223,5
0.54418824,98.87792782,140.46384809,2.6,2.8,0.40824842,0.8874471,1.2094626,1.407248,1.5462575,1.6577721,1.7486382,1.8229713,20
0.3,278.06470936,269.34889189,2.0,2.0,0.11180139,0.12899017,0.14174914,0.15125632,0.16315293,0.17420006,0.18385291,0.1940794,11
0.95074965,271.70369992,113.94915225,2.5,2.4,0.11539268,0.19046378,0.25461698,0.31972265,0.38577604,0.44993138,0.5100796,0.5685148,2
0.76741252,251.09225429,241.96256263,2.3,2.0,0.08943391,0.13631034,0.17832875,0.21107435,0.24808264,0.2843976,0.3184402,0.35074067,11
0.74130253,110.13973421,73.96682698,2.3,2.2,0.26021647,0.48647547,0.6785705,0.8428929,0.98434496,1.1066208,1.2128415,1.3081295,10
0.7579158359550815,23.058752454325774,0.0234689235740249,2.316732996430498,2.021325352074728,0.6470339298248291,1.6285665035247805,2.2234206199646,2.5536351203918457,2.7695045471191406,2.932252883911133,3.063925266265869,3.180469512939453,18
1.0,114.06878354,34.55917552,2.0,2.0,0.16169429,0.29584789,0.42322564,0.54258585,0.65349007,0.75681019,0.85226727,0.94164991,15
0.50208136,70.06538155,257.14875789,2.8,2.7,0.43884945,1.0065463,1.3643253,1.512264,1.585995,1.6408536,1.684725,1.7213047,1
0.30389285,197.5113015,47.49490693,2.1,2.2,0.34353876,0.68036723,0.8733971,0.98939633,1.078273,1.1500871,1.2087855,1.2600675,9
0.650692756682711,2.9834845413197937,0.0073830960983062,2.0486436434067827,2.539869851966289,1.137132167816162,3.60091495513916,5.864375591278076,7.198411464691162,7.730677127838135,7.908904552459717,8.016681671142578,8.100564956665039,5
0.7822846150685107,1.583052205931751,7.8442429693338065,2.183488527971213,2.789789238978269,1.1642634868621826,3.694950580596924,6.047013759613037,7.4579758644104,8.061656951904297,8.30952262878418,8.447395324707031,8.556488037109375,14
0.61387394,46.89443088,275.1949151,2.7,2.5,0.4272542,0.97404695,1.3134985,1.4593534,1.531826,1.5831995,1.6229057,1.6553416,1
0.55088479,130.52246183,185.70246597,2.6,2.8,0.3125806,0.583194,0.77493834,0.925014,1.0461853,1.1467531,1.231986,1.3060775,10
0.77218345,106.12880379,205.55605871,2.09618123,2.60828323,0.22179675,0.38549352,0.53036332,0.65555882,0.76600862,0.86400342,0.95113921,1.02912784,17
0.4390342901797033,13.59574528761716,1.067983027724531,2.9276531676454915,2.33085834121463,1.0764117240905762,3.2477030754089355,5.085137844085693,6.049414157867432,6.4063897132873535,6.6026692390441895,6.754149913787842,6.869961261749268,5
0.71404875,218.4675783,300.42293547,2.03742402,2.89259479,0.12386775,0.18112516,0.23763609,0.29132938,0.34226489,0.39022493,0.43542719,0.47822666,4
0.91916615,92.7485199,374.43466187,2.28110647,2.59725547,0.16229367,0.23693585,0.3124423,0.37753606,0.436445,0.48954153,0.53743124,0.58154941,4
0.30844315,150.42230614,253.40309739,2.10307874,2.96099044,0.35823321,0.76046348,0.9880414,1.08604741,1.14904141,1.19966793,1.24229121,1.27815771,21
0.976987177474204,1.1459425711553068,0.1560269370773762,2.774739231837536,2.516082381394784,1.164458990097046,3.45400619506836,5.263642311096191,6.25206184387207,6.815046310424805,7.25455379486084,7.636922836303711,7.931293487548828,5
0.36258052,218.95854169,160.89542229,2.5,2.4,0.2728629,0.46060872,0.5856199,0.68529534,0.76892734,0.8409791,0.90271735,0.95849204,17
0.7247403561066718,2.6565107722536614,6.873100461870026,2.655842626528941,2.149116247913009,1.0938832759857178,3.267392158508301,4.998563766479492,5.918893337249756,6.3531174659729,6.655397891998291,6.898955821990967,7.073202610015869,6
0.92286157,24.31705554,341.13077979,2.0,2.9,0.26830006,0.45969152,0.5652168,0.629092,0.67121744,0.7012589,0.7227142,0.73857665,21
0.3696137,128.64350224,349.02425098,2.8,2.1,0.27686405,0.46341538,0.5545852,0.6173711,0.66792035,0.70992947,0.74641347,0.77804065,21
0.81193862,21.56874581,233.11520543,2.0,2.7,0.39470172,0.8548062,1.1253316,1.2432077,1.304712,1.3442967,1.3737504,1.3965285,21
0.9202921,72.80362212,234.09347892,2.0,2.5,0.190068,0.31316137,0.42448878,0.52110577,0.60555243,0.6793096,0.7448838,0.8029518,17
0.5933166756702626,238.43906744062,0.0050121321603613,2.092062387617787,2.2784938121459315,0.1846163272857666,0.3146224021911621,0.4384448528289795,0.5511891841888428,0.6545274257659912,0.7494781017303467,0.8370785713195801,0.9186692237854004,15
0.30338067,299.92767334,198.62008667,2.03026533,2.50581479,0.17971921,0.23633099,0.29057884,0.33641171,0.37797952,0.41503811,0.45011616,0.4822402,3
0.34252867,12.34604931,12.06846428,2.92573762,2.96367455,1.23815107,3.82321167,6.44984579,8.28408623,9.00487709,9.16543388,9.21940613,9.25602341,14
0.31163708,102.75720131,100.02174489,2.01345787,2.52326801,0.54421139,1.42669916,1.94626021,2.08242178,2.12772894,2.16488409,2.19886494,2.22933626,0
0.42530525,158.19091797,266.98355103,2.0202837,2.06129646,0.17829347,0.23964047,0.29302216,0.33771825,0.37666321,0.41067386,0.44235277,0.4701488,4
0.41267932,131.4195542,243.86895685,2.94716192,2.68204987,0.35705137,0.69660997,0.89547849,1.01229978,1.09767437,1.1665225,1.22227192,1.27192974,10
1.0,295.82516380662605,267.8615307383994,2.41773009,2.22117496,0.0780205726623535,0.1236236095428466,0.1565310955047607,0.1787645816802978,0.2068579196929931,0.2386970520019531,0.2697412967681885,0.2982580661773681,11
0.3082638817944153,31.46184749762724,0.1111603290899382,2.2919399077699385,2.986522222256139,1.0409677028656006,3.294472932815552,5.403390884399414,6.652578353881836,7.034605979919434,7.087912559509277,7.1222028732299805,7.147416114807129,5
0.9740608793800164,208.9167056396317,0.112081058569786,2.806716538968519,2.9133921228210644,0.1932597160339355,0.3286056518554687,0.4620015621185303,0.597846508026123,0.7233536243438721,0.8427145481109619,0.9559533596038818,1.0637445449829102,15
0.90870047,79.18208985,70.7867301,2.8,2.9,0.34261155,0.68815064,0.9787917,1.2244558,1.4313793,1.6079712,1.7595792,1.89149,10
0.79512582,146.83319728,127.17137851,2.9,2.1,0.2080884,0.3662114,0.5165999,0.65350175,0.7776897,0.8921099,0.9962876,1.0919824,16
0.89201792,69.38679818,245.08515569,2.9,2.5,0.28919315,0.54226875,0.74895096,0.9223974,1.068923,1.19314,1.298367,1.3903282,10
0.83198575,164.48694584,387.11407236,2.54144449,2.49458082,0.12136579,0.16252089,0.20158243,0.23596001,0.27054238,0.30207157,0.33102322,0.35901833,4
0.6610120187505779,0.9620668185701342,0.0145554975051696,2.9737605116168293,2.6124536608752766,1.2714853286743164,4.149343013763428,7.2281904220581055,9.51032543182373,10.697495460510254,10.953936576843262,10.969161987304688,10.979447364807127,12
0.9626758,212.1709774,52.04371676,2.7,2.7,0.16879463,0.2841189,0.39393854,0.50764155,0.61374545,0.7132828,0.80834866,0.8985026,16
0.6434080269335345,3.2506954532285053,0.4226733100125167,2.7514250930250874,2.132458405287543,1.1273524761199951,3.4120187759399414,5.343429565429688,6.411998748779297,6.883800506591797,7.163743019104004,7.399179458618164,7.59363842010498,5
0.4260670061225985,300.0,400.0,2.25911617,2.41083145,0.0987405776977539,0.1169450283050537,0.1333534717559814,0.1360063552856445,0.143953800201416,0.1533892154693603,0.161008596420288,0.1675872802734375,11
0.73214852,190.94353645,385.54346664,2.9,2.3,0.13358068,0.18037438,0.22652626,0.27329206,0.31635618,0.35551667,0.39241552,0.42748332,4
0.4336723839264542,20.08460035536136,1.3324431053530148,2.9297297,2.66079378,1.0559918880462646,3.2024717330932617,5.000980854034424,5.937371730804443,6.283350467681885,6.465517520904541,6.60783052444458,6.700525760650635,5
0.98871773,102.40592194,136.95542908,2.22750998,2.00332284,0.15962172,0.27602553,0.3861146,0.48892236,0.58254838,0.6692121,0.74940133,0.82333851,17
0.67540885,235.48810197,126.78621733,2.1,2.2,0.1243124,0.1941917,0.25961137,0.32043839,0.379766,0.4352224,0.48697948,0.5357392,2
0.55459511,11.76094246,75.72097015,2.3190496,2.73874497,0.92055869,2.7234869,4.13738203,4.8009572,4.97290516,5.01306391,5.02283096,5.02870655,23
0.7208581,198.53337097,385.796875,2.83770323,2.47784328,0.13900018,0.16277504,0.19629335,0.22753215,0.25951147,0.28532648,0.31031847,0.33509421,11
0.3263870577629879,11.033222282356254,64.83395639406893,2.71358156,2.86202836,1.0379538536071775,3.2776424884796143,5.462033271789551,6.926590919494629,7.393004417419434,7.403578758239746,7.408411026000977,7.4102020263671875,7
0.96069223,266.9854126,54.29961014,2.07795978,2.51318693,0.10819626,0.18883276,0.26111293,0.32856464,0.39688158,0.46432543,0.52959657,0.59208703,2
0.70599348,131.48534266,133.54876403,2.9,2.9,0.3083167,0.57814074,0.80013776,0.9893918,1.1518555,1.2914448,1.4136496,1.5210457,10
0.7124479780682488,0.7916685129891172,36.55315022850152,2.2257731231390103,2.0050051214403632,1.0374062061309814,3.2187962532043457,5.2342071533203125,6.457808971405029,6.8799967765808105,6.923558712005615,6.9275994300842285,6.929362773895264,7
0.89947015,17.42861176,44.38273239,2.15959144,2.58785915,0.63556981,1.63025045,2.24588084,2.57965446,2.79418778,2.94968009,3.07760692,3.18558049,19
0.38380188,17.15934372,11.63120937,2.43501163,2.17207837,1.03218913,2.98395109,4.48174763,5.17709112,5.39863634,5.51487064,5.5715127,5.60975027,6
0.8363732406082918,5.603411247357001,0.0144451057277929,2.2657516253273764,2.5663864067316977,0.9885966777801514,2.8558995723724365,4.173757553100586,4.823925971984863,5.163603782653809,5.396721839904785,5.571432113647461,5.7017822265625,5
0.4831219457733716,45.92168905071988,0.6444522490771769,2.8944077315605266,2.317208027882156,0.7615039348602295,2.111910820007324,3.001133918762207,3.430874347686768,3.653643131256104,3.799300193786621,3.903020858764648,3.999307155609131,22
0.68476663,123.07896381,67.80076308,2.59017116,2.1126502,0.25579929,0.47153544,0.65347457,0.80803728,0.94099116,1.05587983,1.15630293,1.24507833,10
0.95228278,269.06020987,92.81181323,2.42624123,2.00342816,0.09509039,0.15877986,0.2123909,0.2619791,0.31659579,0.36865711,0.4185164,0.46717238,2
0.33967237,250.27088729,357.21200431,2.9,2.4,0.19669318,0.24319148,0.2828753,0.31703258,0.34799004,0.37603927,0.40208626,0.4264264,4
0.5320704,190.00741577,398.01687622,2.93295336,2.53692961,0.16170454,0.19259501,0.22644711,0.25619078,0.28383303,0.30620027,0.3283267,0.34892368,11
0.69469643,290.82562256,397.94741821,2.4781599,2.73873448,0.11775827,0.13168526,0.14719129,0.17366743,0.2020936,0.2228179,0.24127769,0.26038647,11
0.44079092,7.04720211,22.04577827,2.01879287,2.16894746,1.06338763,3.16950035,4.95842266,5.89388657,6.10040522,6.14619684,6.16765165,6.1793046,7
0.94884258,111.04688311,170.20517034,2.6,2.8,0.21676469,0.37583613,0.526865,0.663151,0.78728676,0.8998184,1.0030348,1.0974717,17
0.8228658418913912,0.7344848541609702,0.0194028910021067,2.669174910621261,2.8110878322097115,1.26524019241333,4.091395854949951,6.953861713409424,8.850969314575195,9.73314094543457,10.067136764526367,10.249746322631836,10.430377960205078,12
0.97696108,171.27905273,395.17230225,2.30293465,2.33734059,0.09072661,0.12812591,0.16033101,0.1825552,0.20662975,0.23071599,0.25523949,0.27825308,11
0.32544452,250.61641041,34.13050282,2.9,2.2,0.3609116,0.7572088,1.0161562,1.183665,1.3078394,1.4105875,1.4977729,1.5714936,9
0.7931958921336808,25.828067921103973,0.0048458136148843,2.5291409049560194,2.3052132964650696,0.6420025825500488,1.6302118301391602,2.254148006439209,2.6107611656188965,2.847464084625244,3.028688907623291,3.177764892578125,3.305967330932617,18
0.99835286,131.81005259,383.00839321,2.1,2.6,0.10013747,0.13574767,0.16484904,0.18756413,0.21243882,0.23425794,0.2557237,0.27576423,11
0.81619891,139.767892,116.68816987,2.2,2.5,0.18963909,0.3230977,0.4508829,0.5659747,0.6706424,0.76626706,0.85437036,0.9351435,16
0.40773064,97.31857495,388.47685026,2.5,2.4,0.27579117,0.4320326,0.49142194,0.53162503,0.56524086,0.5928736,0.61639714,0.63641644,21
0.39398949,130.23384925,34.01966932,2.5,2.4,0.49812222,1.2135284,1.6523306,1.855931,1.9784477,2.0776684,2.1588938,2.2291057,19
0.57059682,101.68576388,117.03199698,2.5,2.8,0.39370108,0.84003544,1.1490161,1.3548951,1.5049934,1.6232014,1.7238808,1.809186,10
0.92937469,13.34796434,345.49535605,2.76060999,2.70841772,0.43976235,1.01109004,1.3718214,1.50827885,1.53508949,1.54079485,1.54539442,1.54949903,1
0.8600867,66.57990914,28.62554945,2.7,2.5,0.3980801,0.8517933,1.2075679,1.4848385,1.7068138,1.8893638,2.0417767,2.173586,9
0.84583865,192.01402361,243.2311695,2.1,2.8,0.11569786,0.1695013,0.2197609,0.26625848,0.31135273,0.3549466,0.39590573,0.43474078,3
0.77931134,61.47743881,192.77048962,2.9,2.7,0.3898208,0.8317473,1.1554627,1.386018,1.5584805,1.6948926,1.8068254,1.8996131,10
0.79442178,145.28272974,177.02510037,2.1,2.4,0.15488386,0.246907,0.3362975,0.41777396,0.49251866,0.5613394,0.62479806,0.6834445,17
0.589143101826373,1.2347174870290678,0.0073497809996431,2.2212593991021987,2.060914516831542,1.168450117111206,3.754951477050781,6.416670322418213,8.337699890136719,9.297534942626951,9.389141082763672,9.400819778442385,9.410749435424805,12
0.8517070147903699,21.32970433026724,0.0159337850368878,2.019337895575995,2.6036875911344346,0.6513512134552002,1.6928236484527588,2.3307547569274902,2.686274528503418,2.9233932495117188,3.104774475097656,3.251255512237549,3.377913475036621,18
0.90041559,126.51870927,26.31617559,2.3,2.9,0.22853923,0.41955042,0.5992677,0.76229143,0.91009283,1.0450306,1.1672688,1.2788019,15
0.7201202619277068,14.97482795294522,0.0152346340284021,2.494923399954762,2.455169748166292,0.8649594783782959,2.414482593536377,3.439518928527832,3.9484400749206543,4.226193904876709,4.418593406677246,4.5620598793029785,4.676311016082764,22
0.72199249,217.1473005,36.07519595,2.04508985,2.78888375,0.17808056,0.30932736,0.43610549,0.55446339,0.66499925,0.76743126,0.86356974,0.95313263,15
0.6443516051598795,3.0792222888527654,0.0061449351778075,2.933501135562784,2.444108572545148,1.1896886825561523,3.690926551818848,5.970635890960693,7.317596912384033,7.898827075958252,8.170814514160156,8.406879425048828,8.604293823242188,12
0.99416798,120.34838104,354.76495361,2.34718609,2.21507788,0.11330843,0.16062856,0.20567679,0.24381089,0.28160191,0.3169136,0.35031676,0.38122344,4
0.6148414655821683,2.226227424021601,0.0648459978914467,2.1708782899087056,2.0152740493585304,1.1197335720062256,3.486762762069702,5.642773628234863,6.97169303894043,7.50855541229248,7.680490493774414,7.803418159484863,7.894052505493164,5
0.6694226096525686,33.44353335848084,0.0036262285342318,2.6040739221122062,2.7616654201361626,0.740731954574585,2.050565004348755,2.914111375808716,3.3509681224823,3.599670171737671,3.774086236953736,3.912767171859741,4.033188819885254,22
0.46334086,72.68107959,380.72629922,2.0,2.2,0.21313882,0.2700603,0.29297614,0.31289792,0.33071136,0.3457632,0.3581326,0.36909604,11
0.30651787,142.98918039,9.46153551,2.04282494,2.66601515,0.56087661,1.48590016,2.04299974,2.23290014,2.31732845,2.38891125,2.44969177,2.50442553,0
0.7434136277850937,2.327979434146904,28.99866413330362,2.35425615,2.62108183,1.084704875946045,3.3620386123657227,5.339252948760986,6.445769309997559,6.8636322021484375,7.02428150177002,7.108425140380859,7.154575347900391,7
0.4903096145292681,98.6633536498098,78.6882568145178,2.11399475733767,2.722787926572616,0.4621341228485107,1.1314644813537598,1.555488348007202,1.7782647609710691,1.922435522079468,2.035820245742798,2.1305716037750244,2.2104179859161377,20
0.72465694,98.04617699,321.59468267,2.1,2.5,0.16886091,0.23455644,0.29745555,0.35046554,0.39661956,0.4371047,0.47354627,0.506284,4
0.4121094030384813,41.88273810318917,0.0095095545989924,2.2741396382040326,2.826945267203305,0.8834388256072998,2.669912099838257,4.040983200073242,4.667654037475586,4.875139236450195,4.9775590896606445,5.047159194946289,5.1007232666015625,22
0.74399038,235.80951006,346.11471491,2.5,2.2,0.10071397,0.13980961,0.17536831,0.20433903,0.23375988,0.26286507,0.2902925,0.31695533,11
0.66380572,172.07342529,138.7557373,2.16309524,2.33178782,0.18308306,0.30094671,0.41198659,0.51112962,0.60111523,0.68282962,0.75731301,0.82602143,17
0.9337460294001996,9.191946974275924,0.2674350267586669,2.9239851850598413,2.1258570282356266,0.7758662700653076,2.001627445220948,2.7889204025268555,3.2587132453918457,3.5700182914733887,3.8053441047668457,3.990869522094727,4.1430439949035645,22
0.7121244652554559,84.42310872195351,0.0079870462159672,2.3438309734772926,2.0231627810955928,0.3452723026275635,0.719529390335083,1.0072436332702637,1.2302169799804688,1.408292293548584,1.5576157569885254,1.6843934059143066,1.7947568893432615,8
0.97041575,174.73853205,285.40777737,2.2,2.1,0.09311771,0.14415193,0.18936825,0.2271328,0.26783967,0.30647564,0.34341455,0.37795687,4
0.62308133,120.87477664,392.79183058,2.84497349,2.63739057,0.21390057,0.29778218,0.364048,0.4213376,0.47081852,0.5146482,0.55371904,0.58890629,4
0.48597453,110.10884293,47.2224539,2.9,2.1,0.47632766,1.1740465,1.6247082,1.8630855,2.0171173,2.1381447,2.2370956,2.3215988,19
0.7449560601944336,3.1523074471703176,5.706146736215265,2.82297785,2.17071208,1.076533555984497,3.147808790206909,4.711442947387695,5.528782844543457,5.96241569519043,6.300704002380371,6.582454681396484,6.77890682220459,6
0.9371144748061988,2.078367293782998,0.0030019427325536,2.209135646845364,2.398518041240998,1.062485694885254,3.087569236755371,4.543601512908936,5.287467002868652,5.698101043701172,5.990001201629639,6.216773509979248,6.389929294586182,5
0.70220685,259.6260376,384.69631958,2.86777759,2.89907646,0.15703917,0.16801333,0.20550394,0.24940872,0.28287363,0.31593966,0.34697318,0.37737274,4
0.40461128,289.92678272,58.2081708,2.22836244,2.75512627,0.24236083,0.40649915,0.54224443,0.66020274,0.76441717,0.8566916,0.93967152,1.01444054,16
0.58749592,156.32957068,284.7039287,2.7,2.2,0.20274472,0.30987334,0.4045813,0.4859562,0.557791,0.62241673,0.68075275,0.7336221,17
0.3258797758785099,15.035162300881156,4.746336629983221,2.00983893,2.16803334,1.0346808433532717,3.205565929412842,5.157336711883545,6.28350305557251,6.605104923248291,6.639329433441162,6.655519962310791,6.667212009429932,6
0.6319473925146063,2.237963451808316,0.0073114506740068,2.662038407789226,2.070241084971448,1.1488008499145508,3.5516300201416016,5.731321811676025,7.061028957366943,7.632986545562744,7.867095470428467,8.048971176147461,8.205429077148438,5
0.44459167,146.73869324,308.04916382,2.03200364,2.65960813,0.22925615,0.3532536,0.43824863,0.5082829,0.56830049,0.61960506,0.66348958,0.7044394,17
0.91590916,278.64211134,191.07639962,2.2,2.2,0.08581877,0.13870788,0.18369603,0.21951604,0.25971794,0.3000543,0.339298,0.376539,3
0.55457919,159.17669441,152.7405921,2.04028245,2.83332185,0.26042747,0.4735353,0.64422059,0.78642583,0.90834689,1.01370668,1.10554838,1.18546104,10
0.9993,95.19141428,396.3435192,2.005,2.005,0.09207845,0.12416506,0.14898062,0.16907096,0.19091129,0.21020722,0.22817373,0.24518871,11
0.6105864444573993,141.66853543084764,0.0059125572138723,2.9481890639648007,2.5849394549626115,0.370633602142334,0.7722907066345215,1.082763671875,1.3254013061523438,1.5201725959777832,1.6841206550598145,1.8229947090148928,1.9438648223876955,8
0.9666853966293046,245.7099831703605,337.3342292320994,2.1,2.2,0.0693039894104003,0.1058998107910156,0.137063980102539,0.1527645587921142,0.1753797531127929,0.1980688571929931,0.2207074165344238,0.2418675422668457,11
0.79109577,241.3291407,315.55704738,2.1,2.7,0.09148121,0.1278286,0.15451264,0.17424703,0.1968906,0.2207613,0.24329758,0.2638452,11
0.6311163933969985,8.921574595560159,0.013315701980768,2.2495661209382964,2.793731144398818,1.0523817539215088,3.206606149673462,4.945481300354004,5.818757057189941,6.164531707763672,6.360403060913086,6.4935808181762695,6.5982770919799805,5
0.77320895,77.75922741,216.69854928,2.5,2.4,0.28176832,0.52394724,0.7122042,0.8656211,0.99206066,1.0982299,1.1871443,1.2626841,10
0.43693469,79.18439915,261.89550894,2.0,2.0,0.28797102,0.5037291,0.6079185,0.665951,0.7109592,0.74484324,0.77175283,0.79572153,21
1.0,277.73754883,400.0,2.0,2.0,0.0485208,0.07383561,0.09445357,0.09762049,0.10844874,0.11585641,0.12154412,0.13070369,11
0.80424417,81.11987968,56.92917774,2.4,2.1,0.30829573,0.6120055,0.86135507,1.0672853,1.2379076,1.3840299,1.5074754,1.6156461,9
0.9402061,266.69730907,312.31325326,2.5,2.5,0.11533689,0.14370179,0.1745069,0.20917034,0.24918485,0.28471375,0.31587052,0.34792805,4
0.90869855,208.6230918,375.77658148,2.1,2.4,0.07799029,0.10969162,0.13287449,0.14097452,0.15904737,0.17690682,0.1931684,0.20751715,11
0.46942436,144.27217039,12.54296402,2.1,2.2,0.3479035,0.70750713,0.9534426,1.1255727,1.258178,1.3652303,1.4582982,1.5395393,9
0.9941373117786434,167.5552344689277,0.1455927857391107,2.3007001513068714,2.8747913859193863,0.1882109642028808,0.3370413780212402,0.4799506664276123,0.6202583312988281,0.7525084018707275,0.8775959014892578,0.9952683448791504,1.105915069580078,15
0.75417598,270.72968714,356.4428784,2.5,2.2,0.08837056,0.12432861,0.15419674,0.17549682,0.19981766,0.22396207,0.24649,0.26827025,11
0.77578448,51.62212594,153.00815052,2.7,2.2,0.40039015,0.88541055,1.2253246,1.4527535,1.6173987,1.7468765,1.8504505,1.9367466,20
0.81974323,3.28469881,36.84620339,2.48999972,2.68374681,1.05162787,3.08194351,4.64649916,5.44786978,5.76957369,5.93485212,6.02967501,6.07046652,7
0.3524481178560827,4.075816367051365,0.0057682819253836,2.459067207557005,2.3267813851093546,1.205852746963501,3.939122676849365,6.915384769439697,9.298151016235352,10.405012130737305,10.424936294555664,10.430938720703123,10.436199188232422,12
0.3979679318513408,0.8770527212661596,0.1222946701385075,2.5240551538256355,2.139506646665229,1.2161588668823242,4.004189491271973,7.148180961608887,9.887208938598633,11.438199043273926,11.46620273590088,11.473851203918455,11.480319023132324,12
0.8722506,187.9623494,344.6534725,2.0,2.8,0.09313631,0.12797022,0.15203881,0.17141867,0.19310379,0.21469378,0.2356255,0.2551129,11
0.5825915077074161,26.650624816006147,72.29924210306413,2.2726553531180755,2.66857190300266,0.7317700386047363,2.0972421169281006,3.0139496326446533,3.4036123752593994,3.5580108165740967,3.639242887496948,3.697924852371216,3.752577543258667,23
0.5635358655876325,14.412302654134178,3.173922364321567,2.96090984,2.09521174,0.934213638305664,2.6252169609069824,3.784159660339356,4.349250793457031,4.672820091247559,4.90958833694458,5.080264091491699,5.192481994628906,6
0.9035919966453578,1.0484824120025686,0.0111072365583921,2.958194316777684,2.41231155447582,1.1894493103027344,3.589862823486328,5.58629322052002,6.715405464172363,7.30494213104248,7.743041038513184,8.163668632507324,8.526087760925293,5
0.50105703,6.53248882,18.20487022,2.29946685,2.57501125,1.14011455,3.46947551,5.57972813,6.80815125,7.19724274,7.28220177,7.32427979,7.34371376,6
0.70753229,146.36637265,310.09786213,2.6,2.1,0.1572628,0.22983289,0.3019929,0.36573243,0.423635,0.47674656,0.525465,0.57061386,4
0.92814491,218.62023623,193.2560616,2.8,2.8,0.1595974,0.2333734,0.31177568,0.3984697,0.47670984,0.54947853,0.6198425,0.6865351,3
0.91179589,299.1500952,99.37254453,2.8,2.9,0.16869593,0.22206569,0.29196048,0.37957263,0.45671988,0.52904654,0.6000397,0.6685355,2
0.48035194,247.11864162,153.97955179,2.55500557,2.15743478,0.16349983,0.23402166,0.30436659,0.36665654,0.42328238,0.47518826,0.52338791,0.56835365,2
0.8158586562011363,1.9766819725951887,0.2087430351202392,2.4437358853460247,2.830100301631896,1.1839864253997805,3.6795692443847656,5.872204303741455,7.135141849517822,7.721381664276123,8.040504455566406,8.283063888549805,8.477073669433594,13
0.77407117,278.81163381,206.0415042,2.40162811,2.4436645,0.11122799,0.16933179,0.22046256,0.26838732,0.31713724,0.36416626,0.40842414,0.45144343,3
0.4915137646634717,100.55653166795594,0.0037193973994295,2.991765884061375,2.6615630528747265,0.5662550926208496,1.452352523803711,2.0451364517211914,2.3582921028137207,2.553582668304444,2.705209255218506,2.8292551040649414,2.936769485473633,18
0.5920009009470059,10.471350881040308,11.56415643451266,2.03513861,2.11568308,0.9224419593811036,2.634889602661133,3.808434009552002,4.321531772613525,4.538602828979492,4.671786308288574,4.748505115509033,4.808681964874268,22
0.5004044139862287,6.22379186665758,0.1981796806131475,2.49613036442355,2.5922143153007795,1.1679620742797852,3.6877832412719727,6.096493721008301,7.600015640258789,8.183988571166992,8.340797424316406,8.432429313659668,8.50887393951416,13
0.6849316503329664,3.0297234015988708,0.4519641151175594,2.1131570634632104,2.7414765891728528,1.144132137298584,3.62231707572937,5.891062736511231,7.205740928649902,7.75852108001709,7.960887908935547,8.09345817565918,8.188789367675781,5
0.3092398963707817,7.788448922481714,39.1086124487688,2.12395453,2.99844694,1.0926077365875244,3.5804483890533447,6.245744705200195,8.281991004943848,9.212276458740234,9.277710914611816,9.277990341186523,9.278255462646484,14
0.7983073580991298,13.434100068849476,0.1657501623704416,2.0412335185833426,2.045155428419297,0.7368240356445312,1.897787809371948,2.584582805633545,2.944000720977783,3.1647162437438965,3.327034950256348,3.4478702545166016,3.561901092529297,22
0.390939,299.700001,399.55983078,2.25030975,2.52478972,0.10923338,0.12536335,0.14151073,0.14588094,0.15676737,0.16666222,0.17360759,0.17956424,11
0.56188563,238.76696608,254.92208367,2.5,2.4,0.15094781,0.2078023,0.26775002,0.3206129,0.36978316,0.41544747,0.45800686,0.49827504,4
0.5631611989212933,1.7351675966724365,0.6202834477839199,2.86896896,2.43573475,1.2417562007904053,4.020340919494629,6.9716796875,9.16578483581543,10.297733306884766,10.522281646728516,10.53483772277832,10.544952392578123,13
0.70301651,7.96122386,99.81851474,2.9,2.6,0.8995054,2.6485426,4.0198326,4.6894264,4.9049397,4.963668,4.9783497,4.9836035,23
0.85229438,52.42852046,190.26401423,2.6,2.4,0.34099603,0.6952603,0.96004176,1.1603086,1.3151357,1.4397311,1.5414643,1.6280034,10
0.95527992,283.03560902,211.44513395,2.3,2.9,0.12386584,0.15659428,0.19974113,0.24055624,0.28664804,0.32955146,0.36855316,0.40870595,3
0.3874129302618652,153.77852229112597,374.9148089858203,2.3,2.2,0.1727051734924316,0.2009463310241699,0.2282512187957763,0.2490849494934082,0.2679061889648437,0.284902811050415,0.301422119140625,0.3165464401245117,11
0.76887345,264.52536927,79.47575868,2.3,2.3,0.12278223,0.20065331,0.2735796,0.342268,0.4094174,0.47416353,0.5353472,0.5940411,2
0.38944067,131.8508769,95.70267047,2.5,2.2,0.4306388,0.989038,1.3273118,1.4846444,1.5878286,1.671138,1.7380066,1.796155,20
0.38380665,40.91679911,263.78467439,2.90526071,2.75741441,0.58427811,1.56402111,2.24205542,2.41973114,2.41993189,2.42003632,2.42046595,2.42071152,1
0.978154664796423,30.981417278051616,0.5058360717023025,2.5451799059141487,2.001485699431812,0.4341907501220703,0.9713053703308104,1.370812177658081,1.661238670349121,1.8848648071289065,2.0672898292541504,2.221048355102539,2.353312015533448,18
0.94429856,32.93334005,57.20045196,2.6,2.0,0.4411714,0.99678946,1.3932338,1.6740699,1.884295,2.0504613,2.1877112,2.3051872,19
0.4259388750442902,49.56596126876865,0.8389570405960379,2.13834850427731,2.5628681986832023,0.7895681858062744,2.295228719711304,3.324241876602173,3.757342576980591,3.918293714523315,4.015354156494141,4.086982727050781,4.147585868835449,22
0.36833408,9.73700619,37.00857544,2.34591079,2.15102792,1.03639317,3.06071663,4.75839949,5.63014317,5.81177521,5.8548069,5.87098598,5.87769985,7
0.43672234,141.56676002,200.53795231,2.7,2.9,0.36312485,0.72431064,0.9532764,1.0989032,1.2066846,1.2924619,1.3633866,1.4229622,10
0.53525923,125.04065098,17.10804809,2.0,2.6,0.3444383,0.70208836,0.96045995,1.1491838,1.2973421,1.4176824,1.5222127,1.6120183,9
0.8006698213366389,109.67695324551012,0.0242255400889003,2.715533337842332,2.5816012571805427,0.3276135921478271,0.6535747051239014,0.9303250312805176,1.1649863719940186,1.3639953136444092,1.5356552600860596,1.6841809749603271,1.8156421184539795,8
0.72749996,75.70434687,220.37329526,2.6,2.2,0.29733896,0.56630373,0.7669432,0.92343736,1.0480783,1.1503024,1.2349973,1.3075118,10
0.9057390237090313,1.209033064429694,3.157892286241989,2.017692187158089,2.1603796809425404,1.0806739330291748,3.2096400260925293,4.822876930236816,5.661954879760742,6.100035190582275,6.381624698638916,6.598886013031006,6.74850606918335,6
0.8387189782975961,21.77092450187125,0.0100397638514681,2.514859937665558,2.2572795295059582,0.6506123542785645,1.6482319831848145,2.280791759490967,2.6464171409606934,2.891239643096924,3.0802431106567383,3.233494281768799,3.3631787300109863,18
0.59885732,120.1277073,80.00076009,2.3,2.1,0.29495716,0.5646846,0.77256656,0.93873954,1.0729733,1.1864595,1.2831373,1.3644078,10
0.84588621,82.69982767,319.92341974,2.4,2.9,0.2122829,0.33371615,0.43819928,0.52620625,0.60319924,0.6702037,0.7293582,0.78136206,17
0.74641266,182.29228047,9.78730883,2.1,2.0,0.16390109,0.28910518,0.4070723,0.516762,0.6176014,0.7113402,0.79757905,0.8787992,15
0.9282040657062116,15.296152492244758,0.0941960631348217,2.1587502723066736,2.215868422111748,0.6446480751037598,1.6043484210968018,2.1992337703704834,2.548253297805786,2.789463758468628,2.973760843276977,3.125605821609497,3.251934289932251,18
0.42474719,29.00312174,23.4983551,2.18581078,2.83943209,0.93963885,2.81226492,4.29693413,5.00350523,5.18511438,5.24681711,5.27888298,5.30395412,7
0.3,172.44697234718885,400.0,2.5924771,2.22766944,0.1797847747802734,0.1960718631744384,0.2117164134979248,0.2194514274597168,0.2272241115570068,0.2354593276977539,0.2433936595916748,0.2506082057952881,11
0.4760437,249.93315153,395.5216919,2.6,2.8,0.14176583,0.16354036,0.18684459,0.21083045,0.23266459,0.24948192,0.2663684,0.28256845,11
0.8185836444968914,0.8949404097462454,0.0437452633080188,2.9912353725350034,2.3754485510804613,1.2233705520629885,3.8242053985595694,6.246262550354004,7.72355842590332,8.4182710647583,8.775501251220703,9.05967140197754,9.347755432128906,12
0.9865109884027736,102.93241298935112,1.13043169416366,2.7135204194461515,2.601364294070618,0.2709972858428955,0.5137078762054443,0.7404687404632568,0.9449965953826904,1.1282217502593994,1.293309450149536,1.4414355754852295,1.5752747058868408,8
0.97071684,58.71952901,94.97470558,2.27027967,2.70301395,0.32329535,0.65206385,0.92752004,1.15886283,1.35239291,1.51569939,1.6560359,1.77788711,10
0.30316263,211.14651489,161.39852905,2.20338464,2.68328881,0.31952405,0.60185337,0.76657772,0.87051535,0.9506309,1.01717234,1.07230115,1.12086463,10
0.448309487160528,16.946364948950087,0.2883133887822618,2.65404374,2.54922897,1.053795576095581,3.188664436340332,4.954319477081299,5.865101337432861,6.1940531730651855,6.366575717926025,6.4853291511535645,6.570568561553955,5
0.63409144,262.37965968,324.22316878,2.6,2.9,0.15004563,0.17218447,0.20938492,0.25303268,0.29127097,0.32338238,0.35559464,0.3854401,4
0.66616845,42.97328568,280.13601685,2.79772353,2.45292425,0.39153981,0.83247876,1.10256362,1.23215151,1.30508566,1.35845137,1.39968586,1.43429518,21
0.65001327,278.88569222,125.72648063,2.2,2.4,0.12462234,0.1897173,0.25167823,0.30919647,0.3654592,0.41881704,0.46910667,0.5171132,2
0.93642758,255.18148892,47.09170739,2.1,2.5,0.11349344,0.19143939,0.26004863,0.32692885,0.3954692,0.46197438,0.52498674,0.5861623,2
0.40852688,54.44883793,134.95121602,2.0,2.9,0.5336087,1.324131,1.7695031,1.905685,1.9580693,1.9973292,2.0308256,2.0607243,0
0.9534380642334856,1.2074446867637465,26.743662786607928,2.21602154,2.11720705,1.0049996376037598,2.904608249664306,4.25825834274292,4.941363334655762,5.292325973510742,5.511265277862549,5.664135456085205,5.743302822113037,7
0.51887158,288.94401557,87.67920804,2.9,2.2,0.19361615,0.30913615,0.42063856,0.5211389,0.6133561,0.69832563,0.7771218,0.8502691,16
0.31987086,47.1481904,370.5607126,2.0,2.4,0.31373,0.5254142,0.54937387,0.5510771,0.55246973,0.553421,0.5543864,0.55528283,21
0.6280536305083673,0.7665378411765743,0.7664744462036697,2.630091485060204,2.163375776059999,1.2049026489257812,3.888784885406494,6.712122440338135,8.888063430786133,10.001306533813477,10.088302612304688,10.098016738891602,10.106277465820312,13
0.791221098539156,1.790376201703959,0.0158248520783571,2.8625748619380555,2.2117678337811286,1.1473093032836914,3.439565896987915,5.3133697509765625,6.346973419189453,6.86720085144043,7.25370979309082,7.601775169372559,7.900954246520996,5
0.8175844680940558,2.7111666416365554,0.168780951500153,2.92360112006004,2.3658773955622827,1.1132683753967283,3.259387493133545,4.894256591796875,5.756292819976807,6.2415080070495605,6.643279552459717,6.980185031890869,7.22333288192749,5
0.79035313,209.86790436,245.21588874,2.2,2.2,0.106709,0.15974188,0.20853686,0.25092697,0.29457211,0.3364117,0.37542844,0.41228747,3
0.4383957453274191,2.8509770249734787,2.4518845111197898,2.28285217,2.35938287,1.187934637069702,3.877649545669556,6.746395111083984,8.975000381469727,10.104409217834473,10.221150398254396,10.227313041687012,10.23266315460205,14
0.31066656,78.35793355,288.47738467,2.32798409,2.18746946,0.37045598,0.75185752,0.90545082,0.92728257,0.9429462,0.95650864,0.96840644,0.97906256,21
0.46942228,171.86661369,185.65940306,2.22963718,2.93725231,0.29435205,0.54474497,0.72384787,0.86651468,0.9830575,1.08127499,1.1650176,1.23717999,10
0.93104184,16.6966943,146.2472675,2.8,2.6,0.57584906,1.4684212,2.0645916,2.3784988,2.5586646,2.6825206,2.7786448,2.8559182,20
0.9731325558075048,1.61603382823825,21.54787183592195,2.57994962,2.35104275,1.0386114120483398,2.997392416000366,4.419123649597168,5.141510009765625,5.555220603942871,5.851906776428223,6.071719169616699,6.222633361816406,7
0.9306372842108408,12.425843469609829,0.8468605029850929,2.9845634135542225,2.545835549740662,0.7717759609222412,2.038867473602295,2.874021053314209,3.358344554901123,3.67410945892334,3.913838386535645,4.106101512908936,4.265228748321533,22
0.96780473,21.13881874,347.97406006,2.39110088,2.02008915,0.25667238,0.43242264,0.53135061,0.59223819,0.63181925,0.6576426,0.67613268,0.69027162,21
0.45820882,158.29794817,350.98283644,2.6,2.6,0.21998906,0.30290818,0.3617065,0.41220284,0.4565735,0.49624157,0.5316019,0.5637326,4
0.9660209026410064,1.6999426740964232,0.41089967479448,2.665383220347822,2.3366176723664607,1.0921125411987305,3.138267993927002,4.61785888671875,5.405799388885498,5.890738010406494,6.282106876373291,6.5982184410095215,6.827759265899658,5
0.60906816,181.88813782,3.01517987,2.69015479,2.19568729,0.2531147,0.46133757,0.64167523,0.79822564,0.93607998,1.05741715,1.16478395,1.26191902,8
0.81433772,97.48847448,395.28409801,2.4,2.4,0.15850663,0.21156597,0.26744127,0.31329083,0.35446024,0.39167356,0.42498684,0.45530295,4
0.79392167,120.89431086,397.54036879,2.9,2.7,0.1938765,0.27569437,0.3553393,0.42622924,0.4886303,0.54544544,0.5969851,0.6438856,4
0.50473686,247.653101,217.11337887,2.8,2.6,0.19942832,0.29091477,0.37820196,0.45638132,0.5267589,0.5913284,0.6507416,0.7061696,17
0.92132969,251.09761065,172.99498099,2.4,2.2,0.10236001,0.16714096,0.22460008,0.27613544,0.3288858,0.38125968,0.43133616,0.47937512,3
0.52565119,264.85879451,34.0024252,2.8703529,2.31762423,0.20970178,0.34220314,0.46713114,0.57734752,0.67736244,0.76957631,0.85395455,0.93200803,15
1.0,160.08206441,400.0,2.0,2.99440888,0.1052103,0.15545154,0.20037079,0.24545646,0.28919101,0.33089972,0.36966968,0.40679359,4
0.79498782,105.90195098,50.92768877,2.36066417,2.25683088,0.26419783,0.49818945,0.70217562,0.87947536,1.03327298,1.16732073,1.28560972,1.39066195,9
0.4969176468742988,137.939204553199,0.0221864657392999,2.997947041923283,2.5541592349915496,0.4447848796844482,1.0168015956878662,1.4188332557678225,1.676598072052002,1.8654770851135247,2.0168190002441406,2.140631675720215,2.251649856567383,18
0.4485642914359336,65.76258040138325,96.44926909154508,2.450667656456768,2.903285630912664,0.6289567947387695,1.7715568542480469,2.545860290527344,2.861846446990967,2.9786972999572754,3.0555100440979004,3.120102882385254,3.1761178970336914,23
0.57072991,116.33887856,288.19995855,2.1,2.4,0.19172597,0.2734096,0.34174728,0.39884353,0.44780087,0.4908452,0.528842,0.5633831,4
0.7191109140584353,22.26770066510749,0.0996012623480314,2.259255742627468,2.8284442641481884,0.7887883186340332,2.23677659034729,3.18994688987732,3.6525046825408936,3.899461030960083,4.075369834899902,4.208342552185059,4.321998596191406,22
0.8728801837876781,13.465528532889946,0.2010128929943007,2.3910443902131315,2.2640862014826464,0.7377407550811768,1.920625925064087,2.656880140304565,3.0642764568328857,3.3230245113372803,3.517732858657837,3.675120115280152,3.803849935531616,22
0.9449904336222916,1.1936446202140638,85.07971761832582,2.655785660720081,2.6999188458856302,0.9789915084838868,2.9786410331726074,4.639238834381104,5.516272068023682,5.813387393951416,5.930205821990967,5.971307277679443,5.978123188018799,7
0.42928028,101.84415379,118.6935883,2.1,2.2,0.38588357,0.82227325,1.070256,1.1993182,1.2873695,1.3562243,1.4130559,1.4594765,21
0.7553396135294499,4.083432864437746,0.2045187431736566,2.429865057001676,2.012577652252104,1.0174596309661863,2.8799936771392822,4.159749031066895,4.814931869506836,5.206337928771973,5.491860389709473,5.698444366455078,5.840350151062012,5
0.78575007,240.25524265,206.55054396,2.4,2.0,0.10282063,0.16110873,0.21525598,0.26312613,0.3117857,0.35884404,0.4035685,0.4461336,3
0.30142942,242.60510254,225.12892151,2.06096625,2.0238905,0.1567502,0.1896224,0.22158098,0.24835396,0.27395034,0.29755354,0.31940484,0.33981133,11
0.52978667,206.06981844,391.22409705,2.8,2.2,0.14607906,0.18105364,0.21995282,0.25239873,0.28343916,0.31253076,0.33910537,0.36425686,4
0.40513566,107.78552246,119.14402771,2.1866827,2.11463094,0.3864491,0.82294226,1.06773019,1.18906903,1.2721262,1.33771992,1.3913753,1.43679905,21
0.4926051238502418,56.89206376827309,0.1591419503191701,2.138943579007958,2.6200377511097024,0.6908702850341797,1.925392389297485,2.698119878768921,3.0345942974090576,3.201434373855591,3.3169496059417725,3.4141108989715576,3.495224714279175,22
0.31349735,130.25363148,287.70682104,2.03342856,2.45432904,0.30006409,0.5292654,0.63313127,0.68944693,0.73209047,0.76675916,0.79617071,0.82329321,21
0.6670109871260677,8.61414669242647,0.0778448937239376,2.401381760317807,2.4589342406793384,1.0157833099365234,2.975376844406128,4.418458938598633,5.111392974853516,5.449318885803223,5.664560317993164,5.826336860656738,5.942569732666016,5
0.69417006,135.84897253,360.74055143,2.1406503,2.5293352,0.1524539,0.20703936,0.26486588,0.3143816,0.3592298,0.4001503,0.4376812,0.47226381,4
0.93039179,159.45020213,369.72950901,2.88716982,2.4600113,0.14397144,0.17591786,0.22027159,0.26600623,0.30957627,0.34691834,0.38299131,0.4170711,4
0.50878144,265.90068801,287.48704392,2.9,2.3,0.15563822,0.20944047,0.26549387,0.3174305,0.36543846,0.4097824,0.4512229,0.49030328,4
0.77008245,9.94099193,20.40805565,2.4,2.5,0.89657307,2.4585013,3.4888272,3.9954472,4.264469,4.42582,4.54992,4.625414,23
0.7082113343930807,10.28959222148262,0.0943833433589848,2.3534663622991787,2.8148197927214573,0.98687744140625,2.9364709854125977,4.399941921234131,5.114882469177246,5.444352149963379,5.64341926574707,5.7874860763549805,5.902959823608398,5
0.6524779739257569,64.19467883935255,0.1439534416702096,2.4528661713606184,2.202455011621733,0.489356517791748,1.1593730449676514,1.5996432304382324,1.8703198432922363,2.065126419067383,2.218461513519287,2.3499131202697754,2.459354877471924,18
0.65437946,274.0812396,175.47572369,2.40487973,2.68159646,0.14344454,0.21481633,0.28465414,0.35239887,0.41642976,0.47622085,0.53191781,0.58535409,3
0.71014488,138.66825068,131.43810389,2.2,2.5,0.21256232,0.36301827,0.49925208,0.61864924,0.7242503,0.8191047,0.9042654,0.9816053,17
0.469155860069409,19.819592324049733,0.6236899225724696,2.2871128560742333,2.9797313895103192,1.0230107307434082,3.1752870082855225,5.023584365844727,5.985612869262695,6.300234794616699,6.431763648986816,6.508273124694824,6.567629814147949,5
0.7887766,29.80253729,44.89829476,2.3,2.1,0.5438049,1.316529,1.7891529,2.057566,2.2345335,2.3753626,2.4867265,2.5820172,19
0.82157043,291.63419666,63.33673412,2.6,2.7,0.15240622,0.23103595,0.31071472,0.3963771,0.47766352,0.5528376,0.6250143,0.69440556,2
0.3,137.093686,400.0,2.0,2.0,0.15074182,0.15660191,0.16028237,0.16215754,0.16612959,0.16936731,0.17168617,0.17469501,11
0.6413575320063644,1.7757072536692915,4.825417722339566,2.6075350160395114,2.4007767400819016,1.1934518814086914,3.7973921298980713,6.354284286499023,8.041865348815918,8.777718544006348,8.960835456848145,9.061430931091309,9.16392421722412,14
0.69862211,261.41579106,244.32693966,2.1,2.3,0.09094214,0.13157582,0.16541672,0.1915896,0.22296882,0.25308585,0.2815392,0.3079121,11
0.6343265679990203,2.083799351228265,13.649976119859035,2.040359652671452,2.6843429502089275,1.1358256340026855,3.682912826538086,6.2215447425842285,7.9094319343566895,8.598962783813477,8.718717575073242,8.733579635620117,8.747785568237305,14
0.623744831580374,34.727131776084484,46.02769168627645,2.275114163501149,2.354701183525175,0.6376433372497559,1.6932106018066406,2.3337647914886475,2.632347822189331,2.798151731491089,2.919006586074829,3.0119011402130127,3.0970890522003174,23
0.43388489440246,71.75003746369745,0.952974350426356,2.3783146261397694,2.305760141198816,0.6443960666656494,1.7309048175811768,2.3888628482818604,2.678919553756714,2.836641550064087,2.943267107009888,3.035918951034546,3.11681866645813,22
0.5910532500869844,2.1052482397749457,0.0059575219876951,2.3819030618770154,2.622945104240387,1.2234783172607422,3.977520227432251,6.847217559814453,8.86677360534668,9.798120498657228,9.99824333190918,10.03030014038086,10.076881408691406,12
0.48442608,15.43829441,102.22373199,2.68111539,2.19606972,0.80586553,2.25113821,3.2539525,3.65830755,3.77848387,3.80220938,3.80727577,3.81304836,23
0.40553062,294.99598385,147.42287363,2.83147897,2.03008311,0.14804244,0.19663548,0.24561572,0.28892279,0.32944822,0.36714602,0.40248609,0.43531871,2
0.36039357,155.87546811,248.77207926,2.1,2.8,0.24217701,0.35776234,0.4229598,0.4763348,0.5216303,0.56036925,0.5939336,0.6235459,17
0.64785707,97.83158112,314.24032593,2.13513684,2.6659348,0.23611784,0.38850045,0.50396347,0.59984112,0.67977691,0.7482574,0.80742049,0.85892296,17
0.8713878062936042,40.35724094530296,0.0059744690668634,2.03439751461794,2.5613029721826788,0.477895975112915,1.1093337535858154,1.550616979598999,1.8562583923339844,2.0872721672058105,2.2734060287475586,2.4282145500183105,2.562189102172852,18
0.6654312585917751,3.06880168249117,0.0089629146093315,2.6681611669206324,2.1680096058589973,1.1234111785888672,3.3941760063171387,5.288857936859131,6.325968265533447,6.794394016265869,7.085598468780518,7.323516368865967,7.511604785919189,5
0.96772925,283.64660047,138.87185141,2.2,2.2,0.0880599,0.14765954,0.19864798,0.24090838,0.28781772,0.3348961,0.38033485,0.42375493,2
0.6738076312204462,1.880627388260082,0.0153419526222115,2.2318358716683293,2.48909693035775,1.1796467304229736,3.757898330688477,6.240339756011963,7.790963649749756,8.44984245300293,8.649118423461914,8.767993927001953,8.882099151611328,12
0.3283911321996207,168.20284250459045,307.5964838723097,2.1,2.0,0.1725866794586181,0.2057337760925293,0.233849287033081,0.2585835456848144,0.2811672687530517,0.301424503326416,0.3197782039642334,0.3364729881286621,11
0.4018207,11.67515656,39.68008782,2.7,2.6,1.0946152,3.317424,5.3289146,6.5427303,6.866576,6.919779,6.9435835,6.9532337,7
0.8764108512894628,26.207668482182942,0.1001029220415676,2.054981643247346,2.1140194117087345,0.5236110687255859,1.2296841144561768,1.684309005737305,1.9779376983642576,2.1896376609802246,2.359743118286133,2.501145839691162,2.620018482208252,18
0.6980890045712425,1.491784865473176,0.3064695497506152,2.961170322824896,2.813085128490146,1.2703847885131836,4.088034152984619,6.957575798034668,8.895970344543457,9.781936645507812,10.047926902770996,10.187385559082031,10.380780220031738,13
0.66851152,48.01167602,258.00175372,2.8,2.0,0.38159418,0.84516,1.1437728,1.3011065,1.3996825,1.4707007,1.5255094,1.5712073,20
0.5599904401043422,93.87345606155364,0.1013607167348054,2.372664002152707,2.152633228918334,0.4361414909362793,0.9964115619659424,1.3674850463867188,1.602135419845581,1.7737548351287842,1.9121034145355225,2.0276782512664795,2.129340887069702,18
0.39068131,37.40900324,376.86606131,2.7,2.9,0.46359015,1.0938494,1.4592261,1.4956951,1.4974346,1.4985976,1.4988017,1.4988813,1
0.5999088011973679,1.2418652629118203,0.0207937322200292,2.9587807736761778,2.704089878287056,1.283627986907959,4.216045379638672,7.423771858215332,9.882402420043944,11.14812469482422,11.25096035003662,11.261399269104004,11.270228385925291,12
0.70153046,96.9234459,242.24286305,2.6,2.6,0.2730615,0.4862795,0.6500039,0.7855973,0.8991637,0.9949186,1.0766723,1.1482878,10
0.9491127114585212,0.8375265904886163,0.2405480501184733,2.760868464382584,2.9896262492023373,1.2439827919006348,3.8891425132751465,6.288486480712891,7.737942695617676,8.472789764404297,8.90351676940918,9.264752388000488,9.58342170715332,13
0.9053825853803178,1.1695468642276432,6.012958114023744,2.4867864888355014,2.232992150285789,1.113744020462036,3.311398983001709,5.02220344543457,5.954390048980713,6.438009738922119,6.790011882781982,7.080987453460693,7.2910542488098145,6
0.3389018489670017,221.8632421394476,389.0648582535249,2.18239403,2.59204698,0.1668915748596191,0.1900196075439453,0.2153470516204834,0.2345917224884033,0.2536866664886474,0.2717938423156738,0.2879838943481445,0.3031291961669922,11
0.48827689,111.44749428,111.85597052,2.8,2.8,0.45819187,1.0604348,1.4612479,1.6853104,1.8305268,1.9445534,2.0369797,2.114272,20
0.6367625,8.68779659,56.03022003,2.1216135,2.76280642,0.95182467,2.83421206,4.30486012,5.00847244,5.20127392,5.25653076,5.2809,5.29585934,7
0.4471763013580713,2.9969938380770578,0.2865897874775366,2.754776609651186,2.069665179444208,1.174152374267578,3.736884593963623,6.367709159851074,8.272832870483398,9.194868087768556,9.27220630645752,9.281055450439451,9.293920516967772,13
0.8057756,46.53343032,248.64841571,2.5,2.3,0.33204222,0.6633272,0.8952663,1.058608,1.178277,1.2709863,1.345443,1.4065351,10
0.4083193681732985,1.6178640854028248,5.466358682795148,2.60765791318162,2.145080504813135,1.1897447109222412,3.8643910884857178,6.804875373840332,9.19139003753662,10.44869613647461,10.511392593383787,10.514229774475098,10.516694068908691,14
0.42877588,203.81119812,164.62457213,2.71983181,2.92883774,0.3135941,0.5697,0.74761891,0.88921499,1.00562286,1.10364604,1.18868279,1.26220536,10
0.8151539856511351,2.229807520889149,0.0082403887852507,2.937023744790217,2.072967514390076,1.0927109718322754,3.1645894050598145,4.691787242889404,5.513278007507324,5.999302864074707,6.419979095458984,6.78005313873291,7.043545722961426,5
0.72711432,28.88097119,187.57753629,2.69736243,2.71730564,0.54201889,1.37484717,1.92021155,2.16535926,2.28243327,2.35794616,2.41555953,2.46248794,0
0.89013065,226.97461243,39.48724776,2.1,2.5,0.12912846,0.21793008,0.30026937,0.38058424,0.45994735,0.5348842,0.60682344,0.67496014,2
0.6508519892595712,36.75543451001119,0.5865963343088699,2.5026313841030308,2.7167655967166024,0.7172684669494629,1.9718976020812988,2.783967971801758,3.190678119659424,3.423435688018799,3.588958740234375,3.721017360687256,3.835927963256836,22
0.31627593,170.64414898,292.76177436,2.67211273,2.72543053,0.31191683,0.53768182,0.64240837,0.71232915,0.76768517,0.81525898,0.85621357,0.89128566,21
0.59064981,45.0580121,113.9862015,2.21745727,2.44745852,0.54382825,1.37837839,1.87891626,2.08937216,2.20090771,2.27963209,2.3444581,2.40245581,0
0.7710656589731785,2.4948831559519906,7.703872929480056,2.76442242,2.1426003,1.0837078094482422,3.190478801727295,4.806467056274414,5.656305313110352,6.094997406005859,6.433506011962891,6.715642929077148,6.9147138595581055,6
0.61444712,248.9561924,53.82407498,2.0,2.6,0.1516099,0.24018288,0.32576275,0.40682626,0.48190308,0.55191994,0.61735725,0.6791012,2
0.95675993,141.01760864,17.26329041,2.88797259,2.50674891,0.22382903,0.403754,0.57752204,0.73973656,0.8884871,1.02637553,1.1533823,1.2702136,15
0.63482787,126.82987173,225.82598925,2.4,2.5,0.23319864,0.38548708,0.5110042,0.61710787,0.7085011,0.7878392,0.85855985,0.920527,17
0.96258689,208.38309651,102.87714461,2.6,2.1,0.12482381,0.21542907,0.29901767,0.37947297,0.4579463,0.5341549,0.6065407,0.675673,2
0.7515913691749233,92.26919910097556,0.0224417194027319,2.321909878123793,2.753206469243615,0.3878653049468994,0.8317663669586182,1.1768207550048828,1.4458024501800537,1.661407470703125,1.841296672821045,1.993272304534912,2.125185966491699,8
0.99220487,45.46181637,296.80546033,2.62052333,2.48332428,0.25937986,0.46314645,0.62422132,0.75637245,0.86526656,0.95633888,1.0323348,1.09540701,17
0.38570992,183.72007129,55.54514655,2.68331443,2.69101842,0.41335416,0.90479612,1.22761321,1.41902447,1.55642176,1.66779375,1.75884104,1.83720779,19
0.4004492351744967,1.2714014419469923,0.0951705175126209,2.093398445885363,2.078854513032671,1.1773138046264648,3.871346235275269,6.872562408447266,9.37893009185791,10.55775547027588,10.575057983398438,10.583216667175291,10.59010887145996,12
0.95073476,228.49634648,64.72785366,2.9,2.7,0.1697073,0.28040504,0.38627648,0.4986441,0.601985,0.7000382,0.7935772,0.8827791,16
0.637869,82.86838986,349.25915584,2.8,2.9,0.30168414,0.5302758,0.67391944,0.78181505,0.8675904,0.9381583,0.99625635,1.0445995,10
0.84088463,271.5083919,31.32194887,2.8,2.4,0.1498084,0.25090337,0.34422874,0.44094777,0.5331454,0.6203995,0.70311856,0.78279567,15
0.8468748961607809,1.023638823456451,0.1528802196475996,2.186256406271817,2.537072902865361,1.1800642013549805,3.708003520965576,5.981349468231201,7.309929370880127,7.928294658660889,8.2301025390625,8.437067031860352,8.604198455810547,12
0.42583882,139.69349321,281.534967,2.89809998,2.33597178,0.26555991,0.4298048,0.52516437,0.6018095,0.66520953,0.71996903,0.76716018,0.80860996,17
0.92308778,237.75841283,305.24892534,2.2,2.7,0.10150528,0.1384089,0.17309189,0.20129776,0.22968674,0.26141453,0.29102635,0.31893992,11
0.5851202,120.67115044,281.93362225,2.5,2.8,0.25594497,0.4194026,0.5369239,0.6344106,0.7166519,0.7867396,0.8484814,0.90232086,17
0.30249312,219.11996946,363.38654868,2.14228852,2.31184096,0.15517354,0.16833782,0.18548894,0.19728565,0.20867372,0.21905422,0.22989058,0.24004745,11
0.4523295,124.10824399,256.19955833,2.93823231,2.67089112,0.34175253,0.64892888,0.83310342,0.95163059,1.04047537,1.11174536,1.17185736,1.22138786,10
0.6222086,29.5206905,127.57046725,2.2,2.7,0.5788002,1.4767468,2.017309,2.2360075,2.3397558,2.4069107,2.4605591,2.5072625,0
0.7723348959213985,99.32301497001912,0.1226948636621473,2.965310946395689,2.702396795757127,0.3867805004119873,0.8146896362304688,1.157601833343506,1.4326844215393066,1.656022071838379,1.8433847427368164,2.0028891563415527,2.1411590576171875,8
0.48582492,245.28699813,122.10032458,2.1,2.1,0.1507721,0.22529984,0.2948649,0.3582878,0.41710758,0.4707601,0.52026105,0.56604815,2
0.30268099,128.14747774,121.13375962,2.90240248,2.64871463,0.53315663,1.35224438,1.8768096,2.05408144,2.11790133,2.1660738,2.21079159,2.25024796,0
0.8444449851658563,2.825176521855523,4.475938938716813,2.6381629226408,2.144513876241952,1.0427732467651367,2.966853618621826,4.320013046264648,5.025985240936279,5.456747531890869,5.7919135093688965,6.048681735992432,6.223952770233154,6
0.74502875,27.9891747,178.9831323,2.4,2.1,0.4719131,1.1261704,1.5221128,1.6990426,1.7961972,1.8617699,1.9144862,1.9582198,0
0.75644846,21.24909577,221.79062202,2.9,2.1,0.52521014,1.3736572,1.9196784,2.128577,2.1985638,2.2365243,2.267114,2.2917178,1
0.30814389,105.53399106,333.78499742,2.4,2.8,0.3344822,0.5991893,0.6915946,0.72446823,0.7513373,0.7735176,0.7924466,0.8111613,21
0.95277538,197.27539224,341.08922395,2.67132809,2.73639209,0.14178205,0.17786598,0.2230227,0.27936625,0.32954812,0.37432384,0.41801929,0.45940566,4
0.3711132281655727,192.0983796013473,383.9177881062041,2.77803087,2.43537283,0.1941139698028564,0.2321183681488037,0.2622995376586914,0.2856669425964355,0.3087944984436035,0.3290281295776367,0.347689151763916,0.3650715351104736,4
0.51525795,116.866539,43.96783829,2.00388694,2.35444045,0.37888217,0.80863476,1.09581494,1.28374243,1.42513919,1.53642726,1.62914729,1.71026039,9
0.92821625,104.51261028,81.94265499,2.3,2.8,0.22894216,0.4179349,0.5937753,0.75108385,0.8922374,1.0204048,1.1352782,1.2401028,16
0.83817186,33.30294821,304.54017086,2.6,2.5,0.357018,0.73165727,0.9780171,1.1275122,1.2240603,1.2938502,1.3476276,1.3880637,21
0.92411488,263.59459077,137.34438012,2.6,2.2,0.11042428,0.18365812,0.2477293,0.3093071,0.37167192,0.43236375,0.4903195,0.54629445,2
0.3,108.01482791,105.41524492,2.0,2.0,0.44923925,1.04524088,1.33161473,1.40544343,1.44958544,1.48703861,1.51968956,1.5495162,0
0.55834998,56.67971018,190.59058985,2.01878958,2.86414308,0.46347713,1.14930868,1.57619214,1.75354695,1.84508467,1.9121511,1.96585655,2.01047945,0
0.6609049688646463,68.81012126060719,0.1069497234057847,2.5778531587032854,2.3999704594500417,0.4973814487457275,1.1848394870758057,1.6487553119659424,1.9376509189605715,2.145060777664185,2.3082849979400635,2.4473989009857178,2.565369367599488,18
0.915489823406856,9.037877095627769,0.2946099126821931,2.28822393572805,2.7398109432834747,0.8426430225372314,2.3411099910736084,3.314159631729126,3.823349714279175,4.117627143859863,4.3304595947265625,4.499924659729004,4.638720512390137,22
0.3651727644648939,177.3383807586092,351.03284519310034,2.0,2.0,0.1316993236541748,0.1467711925506591,0.1612923145294189,0.173569917678833,0.1872017383575439,0.1994626522064209,0.2106389999389648,0.2211754322052002,11
0.65099722,209.64363098,100.81687927,2.2360208,2.64413118,0.1932826,0.32143736,0.44459271,0.55582905,0.65762448,0.75130367,0.83822966,0.91872525,16
0.6185719552879203,1.4347377242355246,0.1220830073466283,2.806865067120065,2.369207731771241,1.2223272323608398,3.923331260681152,6.698509216308594,8.657710075378418,9.650041580200195,9.871212005615234,9.893003463745115,9.92591381072998,12
0.50833628,179.316319,257.25585617,2.1,2.5,0.1618948,0.21631837,0.2709608,0.31744146,0.35971785,0.3978448,0.43246198,0.46469545,4
0.7185578260485868,2.94931741674424,0.0302132366295108,2.790679217347748,2.257222006519126,1.1331846714019775,3.395847797393799,5.248741149902344,6.239960670471191,6.724763870239258,7.062631607055664,7.356738090515137,7.592001914978027,5
0.86830137,121.73874073,48.16997975,2.9,2.7,0.28646874,0.53725576,0.7645767,0.9677217,1.1480451,1.3089483,1.4521167,1.5805013,9
0.82647394,34.16911755,246.90763218,2.5,2.2,0.37057495,0.7878859,1.0650406,1.2344272,1.3454282,1.4270508,1.490001,1.542314,10
0.5696896298263595,47.92916282670149,388.0826471707885,2.0,2.0,0.2219860553741455,0.3153572082519531,0.353527307510376,0.3815016746520996,0.403353214263916,0.421687364578247,0.4371452331542969,0.4502358436584472,4
0.3122705173277547,174.9278761881988,366.6115419466329,2.5,2.2,0.1886065006256103,0.2171370983123779,0.2402629852294922,0.2559378147125244,0.2703859806060791,0.2840497493743896,0.2972609996795654,0.3094861507415771,11
0.35518527,259.68867636,5.94997739,2.73406879,2.18042045,0.27716804,0.48922443,0.64442968,0.77142048,0.87664723,0.96724629,1.04630542,1.11540937,15
0.99460868,5.09874615,11.30258851,2.07088752,2.70889011,0.88447118,2.45307755,3.46578765,3.97049117,4.24792194,4.42638874,4.56194973,4.67355156,22
0.30509874,227.77830185,320.03705427,2.55881072,2.86300279,0.24730539,0.34975934,0.40363812,0.45179296,0.49355578,0.53090978,0.56524491,0.59557986,4
0.8191592841238704,0.9067737779900986,0.0137844604508588,2.4762418869763514,2.3791339641820115,1.2009410858154297,3.7743659019470215,6.163841724395752,7.605907917022705,8.2745361328125,8.596267700195312,8.823366165161133,9.003297805786133,12
0.76676232,194.62641926,241.37051976,2.8,2.1,0.14058232,0.21770525,0.2935233,0.36492372,0.43220067,0.49514127,0.5538151,0.6092489,3
0.7589947,89.29026794,1.28989232,2.8763411,2.70909691,0.4168663,0.90029144,1.275105,1.56229401,1.78905439,1.97418118,2.12959433,2.2640357,18
0.77079819,94.7859166,308.09636533,2.93751226,2.47130873,0.22626853,0.36049247,0.47087073,0.56437087,0.64559269,0.71658683,0.77949834,0.83457136,17
0.3663481878062237,52.79309124411553,0.1437543246240326,2.0641094900187102,2.2536118372967926,0.782782793045044,2.227588415145874,3.178846597671509,3.549882650375366,3.689862489700317,3.7612264156341553,3.8148562908172607,3.8698818683624254,22
0.8823261635562963,2.814168814396716,0.2361083357240247,2.244970623917963,2.674445842664943,1.0778460502624512,3.2035152912139893,4.813397407531738,5.633112907409668,6.058524131774902,6.339441299438477,6.555697441101074,6.715991020202637,5
0.75493490107654,16.496733146824567,1.134163099893937,2.1748075589466715,2.9554072770507065,0.8313748836517334,2.413841485977173,3.486092329025269,4.006098747253418,4.268011093139648,4.444035530090332,4.571750640869141,4.690224647521973,22
0.7930054579733137,101.99509951735496,0.0326435098335665,2.235180363605486,2.491288853161944,0.3076462745666504,0.6103940010070801,0.868126630783081,1.0866761207580566,1.2726547718048096,1.4332935810089111,1.5724828243255615,1.6959943771362305,8
0.85231836506397,86.62186184343886,0.3339974827270868,2.139019972071849,2.26849049814151,0.2930443286895752,0.5795731544494629,0.8261406421661377,1.0363857746124268,1.2156460285186768,1.3703818321228027,1.505873680114746,1.6255745887756348,8
0.4783648,230.8561289,212.04332569,2.4,2.7,0.19035435,0.27096272,0.34744287,0.4127233,0.4720297,0.5261626,0.57558656,0.6216104,3
0.6843688167603279,16.644271889120475,0.007889636821552,2.3633576069235915,2.9429704564645824,0.9074747562408448,2.682652950286865,3.969382286071777,4.5941033363342285,4.880100250244141,5.06377649307251,5.193324565887451,5.301628112792969,5
0.3322434499447432,1.7868113210622254,0.0817687498964748,2.3453785467013,2.70983900487997,1.2621285915374756,4.2641472816467285,7.8245134353637695,11.052579879760742,13.047748565673828,13.08664608001709,13.092896461486816,13.098257064819336,12
0.80130798,89.43466477,295.97067162,2.78457924,2.09102784,0.18029237,0.26724696,0.34836388,0.416394,0.47560501,0.52832031,0.5752368,0.61668658,4
0.68558719,218.85064288,318.41552688,2.68836866,2.03780913,0.09933877,0.13137245,0.15608478,0.1754663,0.19786191,0.21886158,0.23809385,0.25633216,11
0.81602694,195.39318033,110.35561234,2.5,2.2,0.15648222,0.2607901,0.36177778,0.45736766,0.54678965,0.63102245,0.7100761,0.7844434,16
1.0,118.40733108181983,394.9100826033608,2.1,2.7,0.1238441467285156,0.1797380447387695,0.2350983619689941,0.2869126796722412,0.3353927135467529,0.3806743621826172,0.423163890838623,0.4627115726470947,4
0.3036271,193.97927207,185.53761947,2.5,2.4,0.32205963,0.5948193,0.7429111,0.8369229,0.9095514,0.96990895,1.0198262,1.063714,21
0.54283537,78.94244404,46.07363764,2.2,2.7,0.48218536,1.135716,1.5495918,1.777147,1.9271657,2.0450923,2.1442697,2.2269433,19
0.55983222,29.28426361,5.82947683,2.01323438,2.20535684,0.76993775,2.06304932,2.84027195,3.16110229,3.31792307,3.41470909,3.48511839,3.54642868,22
0.53230196,103.38386536,49.43952179,2.12196469,2.03007889,0.3584125,0.74193716,0.99940896,1.17155981,1.29999208,1.40494108,1.49073267,1.56227517,9
0.89924493,103.9677091,226.5841288,2.4,2.9,0.20510888,0.34062815,0.46760273,0.5795202,0.6800842,0.7706363,0.8526046,0.9272554,17
0.65061854,237.21998054,301.54697308,2.7,2.9,0.15763497,0.21031141,0.2686627,0.3272934,0.37734747,0.42421794,0.46860862,0.51026416,4
0.4496647,111.19790862,315.15475711,2.98984055,2.48591154,0.29883146,0.50460386,0.61034751,0.68612361,0.74510598,0.79327917,0.833112,0.86837459,21
0.30924635,248.19813171,321.82289104,2.5,2.8,0.20163488,0.24301839,0.2768054,0.30327773,0.3292849,0.3521099,0.37337375,0.3931992,4
0.3012615710489923,169.68183173720806,0.0325107532511481,2.246307795578923,2.226385957346156,0.4640340805053711,1.1228713989257812,1.5003013610839844,1.6663527488708496,1.7719252109527588,1.8553225994110107,1.9271152019500728,1.9928309917449951,18
0.329974040146173,11.318252205593922,37.91202334487135,2.54436898,2.19566965,1.0080606937408447,3.0997114181518555,4.98986291885376,6.083373069763184,6.378396987915039,6.398726463317871,6.410612106323242,6.416064262390137,7
0.6900248650574131,23.39211400334921,0.046433708482819,2.8302584978405205,2.3706354136095475,0.780745267868042,2.1199467182159424,2.986553430557251,3.4395248889923096,3.71204686164856,3.897594690322876,4.050216674804688,4.168523788452148,22
0.77036279,299.91314697,119.41329956,2.63749528,2.22403693,0.11279178,0.17645693,0.23281074,0.28563857,0.33876657,0.39124775,0.44163322,0.48899841,2
0.60831082,116.43661157,212.53600023,2.6,2.0,0.25380826,0.4508145,0.60349894,0.7287445,0.8337524,0.92263365,0.9999361,1.0671651,17
0.50980393,146.07534292,364.15456336,2.5,2.0,0.17229629,0.22445631,0.27515292,0.31702852,0.35459733,0.38802695,0.41800213,0.44631243,4
0.97668316,227.20780718,219.23399661,2.4,2.6,0.1189816,0.17704988,0.23207831,0.28579497,0.34005094,0.39236283,0.4411261,0.4889469,3
0.34955027,216.19792314,225.2001354,2.2,2.4,0.20441866,0.27987933,0.3396392,0.38978148,0.43367743,0.47327447,0.5089743,0.54094744,3
0.68079291,166.15730196,358.31647331,2.2,2.3,0.11571598,0.1488502,0.1816845,0.20668077,0.23286724,0.25785518,0.28167486,0.30292988,11
0.48173269,81.7001611,94.32188938,2.0,2.2,0.41845655,0.92935777,1.2236664,1.3705804,1.4695477,1.5473871,1.6123121,1.6673822,20
0.44257772,8.60998631,17.84868813,2.92113686,2.63083315,1.18729544,3.58680439,5.81692934,7.18825483,7.65673876,7.771873,7.87659597,7.93553305,6
0.61590701,231.96579654,320.62288456,2.4,2.5,0.12463498,0.1630981,0.20150161,0.23356295,0.26587224,0.2960689,0.32422018,0.35130072,4
0.9145380256506976,213.97746364463865,0.3524384098359689,2.585816683210271,2.0023386741814977,0.1390211582183838,0.238192081451416,0.3316531181335449,0.424170970916748,0.5135657787322998,0.5989353656768799,0.6798241138458252,0.7575035095214844,15
0.52153894,258.98790386,168.23838367,2.2,2.7,0.15566301,0.22078681,0.28690076,0.34508252,0.3985901,0.44890642,0.49571252,0.5394974,2
0.98976403,138.3086853,154.77615356,2.36736107,2.59725189,0.16774893,0.28509283,0.39909959,0.50709224,0.60778999,0.70200825,0.79062605,0.87335658,17
0.61726456,112.05487781,282.49562763,2.2,2.9,0.21894264,0.33495975,0.4256518,0.50037575,0.5651915,0.6210079,0.66969204,0.7137561,17
0.6312545307590209,1.848101796075839,40.004045945460206,2.7884107621298764,2.8496218801064126,1.147661209106445,3.665585517883301,6.222501754760742,7.967357635498047,8.692574501037598,8.795042037963867,8.803497314453125,8.811784744262695,14
0.50105631,202.9016571,304.40628052,2.25562716,2.87402439,0.19547224,0.28032804,0.35659766,0.42353034,0.48410082,0.53867316,0.58904624,0.63507795,4
0.5805360434851882,1.464037020062945,0.0090420282628387,2.326754001677425,2.4451485778072084,1.2195336818695068,3.985763072967529,6.93881893157959,9.149808883666992,10.284607887268066,10.481369972229004,10.494728088378906,10.505146980285645,12
0.9605864449573992,141.66853543084764,0.0059125572138723,2.9481890639648007,2.5849394549626115,0.2365260124206543,0.4284405708312988,0.6147689819335938,0.7881085872650146,0.9467320442199708,1.0931072235107422,1.2276372909545898,1.351545333862305,8
0.8198393134712031,1.2376690867412103,0.0170706012039315,2.0198276102066712,2.644682007119933,1.1636841297149658,3.700498580932617,6.022813320159912,7.395288944244385,8.012666702270508,8.28506088256836,8.453275680541992,8.574197769165039,12
0.98751038,149.45547485,386.12887573,2.57953095,2.26970291,0.10609365,0.14657378,0.1823535,0.21183419,0.23951674,0.26775289,0.29439878,0.31970525,11
0.5168595013754986,8.190635535385981,19.725120800559747,2.71198606,2.21050096,1.0309088230133057,3.0845701694488525,4.74644947052002,5.588178634643555,5.895993232727051,6.052014350891113,6.175752639770508,6.247954368591309,6
0.8704735,298.40856934,63.66347122,2.03606606,2.45038819,0.09980035,0.17209792,0.23737168,0.29592824,0.35561991,0.41448808,0.47228003,0.5273025,2
0.59723694,71.8098658,51.69933652,2.4,2.9,0.5005624,1.1940055,1.6534905,1.9126434,2.0892448,2.2235885,2.33352,2.4308763,19
0.43936333,159.37648051,76.38937181,2.6,2.9,0.39639926,0.8435621,1.144669,1.3392901,1.47896,1.5947561,1.6915631,1.772543,10
0.62087744,22.05015068,68.29346943,2.8,2.2,0.7734854,2.211884,3.1941223,3.6068563,3.752606,3.8212743,3.8728676,3.918869,23
0.42061919,168.72514039,377.24987438,2.4,2.7,0.19087195,0.2309525,0.26452684,0.2901554,0.3156395,0.33831525,0.35819674,0.37755513,4
0.8821330869792161,193.9602138986692,0.3259245800302804,2.642491385818784,2.3936874325651525,0.1832523345947265,0.318650484085083,0.4513039588928222,0.5776023864746094,0.6959443092346191,0.8075339794158936,0.9120361804962158,1.0105624198913574,15
0.61425176,158.40501886,160.33582884,2.88267534,2.09507202,0.20052886,0.32084584,0.42908907,0.52312231,0.60669565,0.68155432,0.74909043,0.81049919,17
0.83033442,285.03846071,333.41441412,2.33398168,2.18567863,0.0759294,0.11129928,0.13867903,0.15029192,0.1690495,0.1897862,0.21102977,0.229146,11
0.64901431,128.46604729,347.65334679,2.3,2.2,0.15357399,0.20326877,0.25312448,0.29521775,0.33412337,0.3689456,0.40081954,0.4296167,4
0.4414983519591956,1.0248930035780912,0.3999955041623008,2.679056139328185,2.821647069996865,1.296144723892212,4.366347312927246,8.007152557373047,11.313238143920898,13.366880416870115,13.421993255615234,13.427284240722656,13.431684494018556,13
0.58177406,13.4933691,4.42037868,2.04949808,2.13104272,0.93780184,2.60314322,3.68704128,4.15113306,4.35164022,4.4549427,4.52835512,4.57793331,22
0.54732661,221.9106711,185.81185888,2.78373742,2.59728388,0.20755625,0.31767797,0.41969657,0.51006269,0.59166336,0.66554213,0.73289323,0.79477024,17
0.82650882,199.37187575,28.43093027,2.9,2.0,0.17273426,0.30486655,0.43312025,0.55581355,0.67088294,0.77922225,0.88112783,0.97668576,15
0.98331447,218.81522934,21.53464238,2.0,2.8,0.12808228,0.21870685,0.30208993,0.38569927,0.46855187,0.54688406,0.62243867,0.6946037,2
0.63999552,239.67903624,86.1490114,2.5,2.1,0.1620841,0.2640543,0.3630495,0.45538044,0.54026556,0.6195464,0.69392323,0.7638962,16
0.62844929,248.5527038,206.84673299,2.2,2.1,0.11022544,0.16168189,0.20971942,0.25092316,0.2933855,0.33405042,0.37173414,0.40747976,3
0.3070171868756597,1.1239539022906648,0.0755738869645027,2.036101320223246,2.710291638450505,1.235675811767578,4.225942611694336,7.825164318084717,11.17583465576172,13.369058609008787,13.40509033203125,13.41218376159668,13.418174743652344,12
0.8253300759790463,4.018254318212442,0.38535481712622,2.427906349031145,2.681753108819458,1.067149639129639,3.16243863105774,4.751093864440918,5.556541442871094,5.9590559005737305,6.238753318786621,6.448186874389648,6.613045692443848,5
0.7842606688896779,5.379843673488352,0.0187930907700209,2.998422511852575,2.6030690067822304,1.068361759185791,3.119222640991211,4.648099899291992,5.438508987426758,5.884783744812012,6.218502044677734,6.4877471923828125,6.68386173248291,5
0.69937992,127.99297333,146.88818359,2.5132575,2.14182806,0.21538305,0.36638761,0.50020289,0.61673999,0.71895242,0.80946255,0.89006543,0.96297264,17
1.0,104.07474485,226.96021949,2.0,2.0,0.12439513,0.20278358,0.2772336,0.34613419,0.40983295,0.46902776,0.52355599,0.57427549,3
0.40494462,242.84358207,342.50761212,2.6,2.8,0.1768291,0.21175957,0.24916625,0.2814436,0.31053543,0.3361976,0.36080337,0.38358808,4
0.33172725,232.27868411,129.53907844,2.6,2.6,0.3109281,0.5604706,0.71675825,0.8332546,0.9268224,1.0049,1.0720234,1.1313274,10
0.4487957283793879,283.3225492791534,0.0381385723726185,2.9549263418021248,2.4683414737233704,0.2576699256896972,0.4462549686431885,0.6049230098724365,0.7428317070007324,0.8640577793121338,0.9726808071136476,1.0701022148132324,1.1581153869628906,15
0.41522981,120.26589567,106.63622025,2.4,2.1,0.4040165,0.89478254,1.188442,1.3397827,1.4429469,1.5226195,1.5892262,1.6470945,20
0.36073018,189.82964154,365.33655523,2.86400536,2.76938847,0.24751449,0.33924222,0.38897371,0.43260074,0.47014499,0.5047965,0.53545213,0.5637095,4
0.8914769752655712,225.8871131521296,360.1286070012284,2.2,2.3,0.082078218460083,0.1181445121765136,0.1480324268341064,0.1672315597534179,0.1897382736206054,0.2127940654754638,0.2359564304351806,0.2578237056732178,11
0.83280491,255.35969032,93.38097702,2.3,2.8,0.13190508,0.21336722,0.28982878,0.36300182,0.434155,0.5024638,0.5678482,0.63014984,2
0.34789818,85.07051155,370.12863537,2.0,2.4,0.2385695,0.31177998,0.32718182,0.3411665,0.3536842,0.36476827,0.3744912,0.38313365,4
0.99176569,91.05999898,294.43083918,2.23876701,2.71824133,0.17937589,0.29245543,0.40224743,0.5007031,0.5897615,0.67124844,0.74563479,0.81389713,17
0.66611975,252.86936951,281.46066284,2.17339706,2.41634846,0.10332465,0.14587617,0.18601894,0.21797347,0.25175929,0.28453255,0.31596518,0.34576273,11
0.3353656983631216,5.907826529600368,0.0852226527856856,2.3613751013055704,2.979605892920537,1.2367348670959473,4.128675937652588,7.44301700592041,10.161296844482422,11.59182834625244,11.663739204406738,11.666264533996582,11.66851043701172,12
0.57689726,3.71768165,13.75875854,2.09599257,2.27820349,1.12369156,3.37839532,5.32974243,6.4090147,6.72789001,6.85181332,6.91356659,6.93442059,6
0.67818403,297.50231934,28.08222389,2.00402594,2.21477604,0.11569381,0.19214821,0.26354456,0.33034754,0.39566493,0.45862055,0.51760674,0.57404685,2
0.47558762,200.97462153,146.8813967,2.81267635,2.31298549,0.24072337,0.39311647,0.51414084,0.61711287,0.70715618,0.78671813,0.85658312,0.92024255,17
0.6596666851588433,52.90909259062889,0.0915328829834358,2.870398865456814,2.629550819007144,0.617558479309082,1.5990636348724363,2.251553773880005,2.61266827583313,2.848005533218384,3.025707960128784,3.1756179332733154,3.30130934715271,18
0.98986559,180.63426389,368.08618447,2.9,2.9,0.16500139,0.19635844,0.25424623,0.31703496,0.37001014,0.42148805,0.47009397,0.51622033,4
0.5258780157421228,7.971440761599362,0.009614013289085,2.257626795914501,2.68020126113277,1.1143531799316406,3.491041421890259,5.625844955444336,6.83322811126709,7.271759033203125,7.42902660369873,7.520402908325195,7.587089538574219,5
0.37657181,188.94948315,221.56643721,2.4,2.4,0.2500801,0.39300275,0.48644233,0.5632694,0.6273842,0.683475,0.7324221,0.7749598,17
0.53167647,94.94128801,352.32565964,2.85516139,2.04289187,0.1978302,0.25301099,0.2916069,0.3227334,0.34979177,0.3730588,0.3937304,0.41202784,4
0.65722876,51.07585244,327.50077736,2.3,2.7,0.301975,0.5407362,0.6737237,0.7552638,0.81209207,0.85431695,0.8896959,0.91726756,21
0.55733647,164.1877257,26.97507641,2.22445215,2.005,0.24409866,0.44059205,0.60445499,0.74358273,0.86373591,0.96833539,1.05963039,1.13985491,15
0.89815819,149.18744035,340.11513298,2.1,2.7,0.11084318,0.15147495,0.18858647,0.22102976,0.2512877,0.28094196,0.30940175,0.33598232,11
0.3400085819126283,2.054302747962177,61.67455346956611,2.868292790690936,2.5625414966630675,1.0907361507415771,3.4810259342193604,5.982144355773926,7.880061149597168,8.732946395874023,8.776865005493164,8.776906967163086,8.776906967163086,14
0.4294726832132394,7.284821564143137,42.5836779416485,2.38576293,2.55564928,1.043978929519653,3.271808862686157,5.358534812927246,6.630497932434082,7.010316848754883,7.032297134399414,7.041556358337402,7.045993804931641,7
0.8487902377177597,1.2246440481280323,0.4531463188184624,2.6944410982826525,2.816428318401077,1.2315068244934082,3.858483076095581,6.280330657958984,7.728826522827148,8.428993225097656,8.799276351928711,9.095937728881836,9.36194896697998,13
0.31200728,151.56089783,139.49247742,2.33120584,2.3998549,0.39856529,0.86410379,1.12376618,1.23117423,1.3022871,1.3579433,1.40651584,1.44763422,21
0.4953614536087722,235.0371001410648,0.0049279038510072,2.108671129874406,2.355144774486452,0.2311615943908691,0.4063653945922851,0.5601766109466553,0.6935365200042725,0.8111557960510254,0.916405200958252,1.0103809833526611,1.094956636428833,15
0.97349644,23.51337959,269.67745535,2.87945614,2.83616958,0.42805362,0.9573288,1.33238411,1.56270552,1.70854807,1.81011868,1.88818264,1.94878626,20
0.55353539,70.96357962,255.91618222,2.1,2.6,0.3011663,0.5435412,0.68487287,0.774878,0.8391607,0.8906443,0.93148875,0.9650564,21
0.32494046,129.39377737,395.42335905,2.5585743,2.73104706,0.28789759,0.45049906,0.50214076,0.53783917,0.56914735,0.59506989,0.61775517,0.6373899,21
0.84228098,257.01755172,312.3018777,2.6,2.1,0.08833456,0.13323498,0.17180586,0.20325398,0.2360506,0.26862025,0.30008936,0.3308692,11
0.8542075514390468,10.883366754383692,0.9538175185616584,2.741198698920798,2.2828228303235742,0.8154492378234863,2.1693432331085205,3.0373384952545166,3.5160458087921143,3.82326865196228,4.042125701904297,4.212993621826172,4.353995323181152,22
0.3143038,57.82405599,34.94303136,2.7,2.5,0.85446143,2.4945345,3.7443962,4.298162,4.4508214,4.4949193,4.521691,4.545802,23
0.77909071,297.71448356,234.78146949,2.4,2.7,0.12571359,0.15889072,0.19957852,0.24002028,0.2829361,0.32222843,0.35816288,0.39483333,3
0.64488605,100.61796649,316.83003099,2.5,2.2,0.2243154,0.3547275,0.45584536,0.53972554,0.6105461,0.67267823,0.7263086,0.7746346,17
0.41712863,236.55056485,62.65933409,2.8,2.9,0.32858944,0.6196275,0.8279307,0.9946108,1.1313705,1.2468815,1.3473244,1.4341307,10
0.30631712,41.06007236,177.48933621,2.68913575,2.35322948,0.6452682,1.75510621,2.48021531,2.67064595,2.67531228,2.67630839,2.67773604,2.67926049,0
0.43830233,6.20220915,48.53868235,2.38928122,2.83232081,1.11746788,3.44502044,5.69278431,7.17799091,7.62024879,7.63579655,7.64007473,7.64091778,7
0.56101421,144.1432896,32.22939157,2.7,2.4,0.3651452,0.75848174,1.0491164,1.2684734,1.442476,1.5869403,1.706495,1.8091214,9
0.4776414,220.25508118,344.47253418,2.05178189,2.20828199,0.10645413,0.12983274,0.15097713,0.16414499,0.18130684,0.19736695,0.2121563,0.22617245,11
0.47958074,173.59888477,79.05888404,2.1,2.1,0.2427311,0.42281365,0.56438994,0.6828768,0.7839823,0.8692782,0.9444113,1.0101078,16
0.3679851,274.61145147,69.2262576,2.4,2.3,0.23756552,0.3865292,0.50478745,0.6054418,0.69273615,0.7697654,0.838922,0.9005871,16
0.75974532,231.69687144,167.67043607,2.08798179,2.68806149,0.13454676,0.21531343,0.29332638,0.36740804,0.43780184,0.50436902,0.56732512,0.62709594,2
0.7166101548959743,2.63559898393868,0.0788343491040202,2.885814403887663,2.2170459810125487,1.1374502182006836,3.410897254943848,5.281572818756104,6.311902523040772,6.8035197257995605,7.15119218826294,7.467219829559326,7.732964038848877,5
0.35780156,19.26333618,9.68430614,2.02608752,2.66679382,1.06241369,3.2527256,5.17115021,6.2499795,6.49284601,6.531075,6.54932547,6.56270933,6
0.3586111,196.53963423,149.6325702,2.97294908,2.02761228,0.24576235,0.3875792,0.48274398,0.56121182,0.62839723,0.68632269,0.73566461,0.78063703,17
0.62939258,166.2537071,75.65558538,2.2,2.2,0.2150023,0.3719709,0.512378,0.6354723,0.74443865,0.84193563,0.9296112,1.0091906,16
0.5323660359447892,1.3479442298699664,0.0032302550639384,2.156853956889375,2.452856940036648,1.212942600250244,4.020648002624512,7.131709098815918,9.62414264678955,10.934340476989746,10.978405952453612,10.98768138885498,10.995452880859377,12
0.4379518701397736,39.64112311821808,22.818805992391763,2.0513623560463525,2.945771248589045,0.8222460746765137,2.508720874786377,3.792068958282471,4.359415531158447,4.530542850494385,4.597365856170654,4.644069671630859,4.691286087036133,23
0.8153079796983891,4.333911644977307,0.4509347299505013,2.8219061324847807,2.800234123556679,1.1010541915893557,3.2642204761505127,4.944104194641113,5.826208114624023,6.284812927246094,6.619138717651367,6.884675979614258,7.085359573364258,5
0.34674352,223.78123438,42.04570737,2.9,2.4,0.39299583,0.85286593,1.1554642,1.3395612,1.4704602,1.5774755,1.6683118,1.7459028,9
0.3547062686140687,3.799929765508228,0.1889477342532383,2.199243249905269,2.217680754631219,1.1755270957946775,3.8323144912719727,6.697750568389893,8.967775344848633,10.157306671142578,10.240732192993164,10.246744155883787,10.251819610595703,12
0.94575506,211.64639097,218.27753486,2.3,2.9,0.13096166,0.18424845,0.24297333,0.29875684,0.35481238,0.40748668,0.4574914,0.50544715,3
0.64045223,24.7789112,195.11483065,2.22035068,2.97035168,0.5995636,1.65993071,2.37288141,2.62929964,2.68621922,2.70989037,2.7307148,2.74956989,1
0.3112817007472613,272.4541872541676,276.49214262189264,2.33390909,2.15285059,0.1441435813903808,0.1652674674987793,0.1890327930450439,0.2073512077331543,0.2253499031066894,0.2425110340118408,0.2594828605651855,0.2752761840820312,11
0.94827521,11.18113232,7.94002295,2.00857663,2.24871922,0.69990587,1.76257801,2.39450312,2.74117804,2.9693222,3.13449049,3.26614666,3.37767315,22
0.31468021,107.55297979,350.81569292,2.3085285,2.92582531,0.36461854,0.75197673,0.94253111,0.99728608,1.02853751,1.05540895,1.07808971,1.09765887,21
0.99511909,14.82498332,218.65732839,2.00398574,2.00560533,0.36934805,0.78322363,1.04074812,1.17700005,1.25649381,1.30801463,1.34374356,1.36920214,21
0.7774311051870573,14.519715119884433,0.1070619730774561,2.41513128948286,2.6801311971118142,0.8432857990264893,2.360954523086548,3.3634393215179443,3.8697197437286377,4.149267196655273,4.345142364501953,4.490330696105957,4.616951942443848,22
0.8702016,214.56223684,323.86712996,2.1,2.5,0.088557,0.12574363,0.15353322,0.17346573,0.1993618,0.22410345,0.2480855,0.2706933,11
0.8455968633903928,122.94781625747054,0.4534869115816447,2.1595547934389847,2.2743515614514846,0.2288610935211181,0.4266054630279541,0.6099598407745361,0.7751955986022949,0.9234251976013184,1.056896686553955,1.1780755519866943,1.2867944240570068,8
0.97183503,239.55940899,67.45231524,2.7,2.6,0.14917016,0.24586296,0.33407974,0.43018484,0.5219641,0.6074996,0.6899433,0.7689185,16
0.6147876944521331,25.4457092950684,0.0041793852910015,2.8294185314450484,2.107277515422078,0.7622992992401123,2.0378730297088623,2.8421990871429443,3.259962320327759,3.5105011463165283,3.682630777359009,3.817769765853882,3.9232661724090576,22
0.77903402,94.09927368,10.90420246,2.09366536,2.08523417,0.27739501,0.53841805,0.758641,0.94563103,1.10379481,1.24047279,1.35901403,1.46481729,9
0.53891653,95.57229415,77.90340952,2.1,2.2,0.3667636,0.76599526,1.0264761,1.1968894,1.3203743,1.4214797,1.506855,1.5781202,10
0.56377061,179.8369746,308.06808129,2.00289769,2.79310758,0.1685977,0.24106526,0.31290436,0.37529206,0.43139315,0.48287106,0.52999187,0.57406735,4
0.30899682,64.14320887,16.88751965,2.6,2.5,0.8455746,2.4368634,3.6095614,4.114419,4.2606683,4.3089705,4.3405137,4.367811,22
0.5806664656476895,171.42859537023546,394.98735088958665,2.0,2.1,0.0960216522216796,0.1163511276245117,0.1332061290740966,0.1419951915740966,0.155435562133789,0.1676828861236572,0.179490327835083,0.1905188560485839,11
0.54797261,202.07936603,248.26453717,2.4,2.5,0.17405128,0.2451315,0.3170681,0.37833953,0.4339316,0.48509216,0.5320382,0.5759845,3
0.75377822,9.06966114,0.69457483,2.81030893,2.74707079,1.02706742,2.91970682,4.28114319,4.97618008,5.33590508,5.57907772,5.75371742,5.87687492,5
0.31938313,278.16067121,265.46174213,2.3692019,2.37142037,0.16852379,0.20184493,0.23743033,0.26530766,0.29208541,0.31711721,0.34054279,0.36208868,4
0.36655655,245.23451006,366.86083545,2.7915226,2.52888741,0.16921258,0.19251299,0.21797156,0.23882937,0.25973821,0.27665997,0.29210925,0.30795979,11
0.7661748635642,1.3590905136551965,0.0808394338470559,2.60009173346827,2.3680587130280246,1.187100172042847,3.6930959224700928,5.943065643310547,7.297880172729492,7.905817985534668,8.199180603027344,8.448287963867188,8.636252403259277,12
0.55716454,169.54967338,349.95287774,2.1,2.6,0.1302836,0.15779757,0.18508482,0.20584607,0.22624016,0.24395347,0.26166224,0.2782886,11
0.3442377542646808,93.15653812467056,0.058941835253212,2.61623374419905,2.399523983390009,0.6760473251342773,1.8723666667938232,2.6442172527313232,2.9683821201324463,3.1077005863189697,3.202477216720581,3.282100915908813,3.3489973545074463,22
0.396985858218034,1.1413252285388922,40.02442610250056,2.467763057818903,2.10978788892956,1.0651795864105225,3.38044548034668,5.751664638519287,7.456689357757568,8.186836242675781,8.20423698425293,8.204254150390625,8.204254150390625,14
0.75409744,20.24930735,90.48398879,2.818954,2.75075696,0.71120834,1.93965983,2.76581979,3.16657329,3.37137866,3.49583411,3.58773589,3.66270471,23
0.94680253,177.96817763,102.0207296,2.96216593,2.55040768,0.17701983,0.29580569,0.41240716,0.52639723,0.63181877,0.73081589,0.8239851,0.91182613,16
0.44189715,160.45709229,8.65799046,2.26644397,2.8098805,0.42945123,0.98037815,1.34591603,1.5662272,1.72904897,1.85684562,1.96199441,2.05275178,18
0.56541127,208.09965515,18.88993454,2.67865753,2.99937844,0.30942655,0.58229566,0.80742383,1.00050473,1.16702771,1.31113672,1.43855,1.55101061,9
0.56022647,113.53239274,78.7798246,2.9,2.4,0.41870332,0.9402621,1.3025396,1.5408351,1.7132118,1.8514202,1.9670184,2.0620158,20
0.8688139109689862,0.8221158551639755,0.1623045429518454,2.481482156089758,2.2890021176889745,1.1781301498413086,3.6419320106506334,5.787469387054443,7.044122219085693,7.656424999237059,8.001520156860352,8.273069381713867,8.490732192993164,12
0.8676039656823539,2.2102343055277665,0.0035279005947913,2.450503953884821,2.3287943582558537,1.0973005294799805,3.212083339691162,4.793493270874023,5.615378856658936,6.068680286407471,6.403396129608154,6.672808170318604,6.871939182281494,5
0.41590642,224.90781741,293.17180842,2.5,2.5,0.1883719,0.24591136,0.29982066,0.34500337,0.38661504,0.4241507,0.45852852,0.4908774,4
0.5705185052919274,9.511098423721036,0.0409580148679507,2.768767367980227,2.12167125497788,1.0248782634735107,2.97312879562378,4.409591674804688,5.115816116333008,5.475408554077148,5.73957633972168,5.935592651367188,6.071861267089844,5
0.4034652130282578,41.94946753745741,0.2148500787252401,2.185959656501797,2.0619064327270493,0.7888967990875244,2.19587516784668,3.09574556350708,3.461796283721924,3.6273584365844727,3.720902919769287,3.7830405235290527,3.844377040863037,22
0.55522474,6.51517987,67.84295644,2.7,2.5,1.0269902,3.0747356,4.8240743,5.763833,6.008504,6.063922,6.078801,6.0799913,7
0.7405078709093597,1.1609122589356942,0.0030632508986479,2.8002096553376603,2.71146814280892,1.255624771118164,4.033619403839111,6.814104080200195,8.66790771484375,9.504864692687988,9.76927661895752,9.93761920928955,10.127912521362305,12
0.52659975,292.2483887,340.02682293,2.46231638,2.08705876,0.0857439,0.11035419,0.12834454,0.13007641,0.14250803,0.1546936,0.16648436,0.17545724,11
0.6515645588147572,21.32643086173885,0.0438373261957948,2.746877400829191,2.3243375497505983,0.8248417377471924,2.26912808418274,3.21448826789856,3.6954967975616455,3.9681050777435294,4.150031089782715,4.290474891662598,4.4014177322387695,22
0.45233568,269.93505125,248.56850685,2.5,2.8,0.17250347,0.22662544,0.2831483,0.33242536,0.3784299,0.41968727,0.45804882,0.4946189,3
0.7200699589463808,252.50837409538343,0.2178201616529835,2.28826460123751,2.8477278750866075,0.1864001750946045,0.3186907768249511,0.4474191665649414,0.5706148147583008,0.684931755065918,0.7927200794219971,0.8933842182159424,0.988516092300415,15
0.6902760243317694,36.06431408505843,0.0086104320795191,2.6204811102989907,2.7894755063527814,0.7034478187561035,1.9114315509796145,2.7004148960113525,3.110952138900757,3.3578908443450928,3.535431146621704,3.684558629989624,3.8062903881073,22
0.93298842,226.69213812,102.69525942,2.2,2.9,0.133852,0.21334767,0.29112673,0.36638784,0.43952847,0.5103979,0.57766294,0.64169145,2
0.8711550587533756,6.70431681903861,0.0595462245195649,2.537581537827684,2.661864148390127,0.9539284706115724,2.71073055267334,3.921248435974121,4.541806697845459,4.900296211242676,5.149679183959961,5.338520050048828,5.484635353088379,5
0.42142889,181.45401634,48.64436,2.0,2.8,0.29348898,0.5452726,0.72371364,0.8625426,0.9759314,1.0698569,1.1489933,1.2190022,9
0.42303378,114.7568712,205.55389146,2.6902438,2.24177135,0.32866025,0.64290714,0.82721043,0.93972754,1.02366138,1.09035301,1.14399409,1.18846226,21
0.6649830420470317,62.199939455081584,66.40032307302069,2.87518716,2.24478126,0.4563310146331787,1.0648643970489502,1.481877326965332,1.7407560348510742,1.9210915565490725,2.064938545227051,2.183418273925781,2.284355640411377,20
0.59076488,50.94807053,26.26833916,2.02779889,2.59648609,0.60460281,1.57817626,2.16072083,2.42884302,2.58734083,2.70475578,2.8002038,2.88782597,19
0.8150892422349842,0.8017009576180817,0.1801574155822023,2.067136127567036,2.912656219026754,1.2119503021240234,3.9672391414642334,6.779991149902344,8.64339542388916,9.490555763244627,9.779990196228027,9.895029067993164,10.00081729888916,12
0.3614911614965425,109.09664526210088,354.6966931484524,2.0,2.1,0.2081270217895507,0.2721459865570068,0.3041656017303467,0.3312103748321533,0.3542027473449707,0.3741815090179443,0.3918449878692627,0.4077775478363037,4
0.97046175,272.39471708,380.61031552,2.3,2.8,0.10373449,0.1185329,0.1411953,0.15277433,0.17274117,0.19400549,0.20743632,0.2240212,11
0.31343505,173.58916624,69.3838578,2.5,2.5,0.4457116,1.0316381,1.3832445,1.536263,1.6309848,1.7079115,1.7705822,1.827024,20
0.72631007,284.26452637,48.86991119,2.39267421,2.23492193,0.12761307,0.20682907,0.28146243,0.35249329,0.42166996,0.48770595,0.5507946,0.6105547,2
0.71827352,182.50242615,38.49050903,2.075665,2.72743225,0.21129704,0.37544107,0.53029323,0.67101216,0.7984581,0.91590285,1.02277231,1.12079287,15
0.31864819,151.15787386,214.51794191,2.9,2.2,0.38598514,0.8511009,1.1230652,1.2379396,1.3073955,1.3618755,1.4082272,1.4472685,21
0.82708627,290.23742676,70.81866455,2.41715884,2.99167132,0.14482856,0.23802996,0.3206811,0.4114027,0.4970789,0.57769632,0.65446043,0.72874022,16
0.54158369,151.95999826,30.95221569,2.7,2.5,0.37110662,0.7717197,1.066102,1.2858131,1.4598935,1.6030421,1.721108,1.8236303,9
0.5725370867275548,219.2274371468103,0.0171628472663041,2.8093546012470503,2.785647052316467,0.2918460369110107,0.5391440391540527,0.7498576641082764,0.9333925247192384,1.0936872959136963,1.2352170944213867,1.3608613014221191,1.4728479385375977,8
0.3268568522697551,146.1483163835617,0.0187922469828827,2.4107015047061804,2.9487429539090635,0.597543478012085,1.6604816913604736,2.37284255027771,2.665330171585083,2.7983391284942627,2.89241909980774,2.9725258350372314,3.040886640548706,22
0.7402836232410923,4.028499161825424,10.06110163270449,2.312281441978506,2.3005189583549432,1.0395424365997314,3.0488386154174805,4.547921180725098,5.287420272827148,5.640696048736572,5.876402854919434,6.038191795349121,6.153293609619141,6
0.6278422911600774,21.5672594973144,11.153242340022452,2.267109515616972,2.968052029155304,0.8648309707641602,2.5658743381500244,3.7963154315948486,4.378443717956543,4.628324508666992,4.766631126403809,4.879624366760254,4.962071418762207,22
0.4760215453453173,46.46505391497108,92.35916503965495,2.6843614072328714,2.916397437592986,0.70953369140625,2.0515947341918945,3.010809421539306,3.428853988647461,3.580706119537353,3.656038761138916,3.71231460571289,3.761139869689941,23
0.30677995,256.03635845,394.85803017,2.14473066,2.99626425,0.17397976,0.19941473,0.2256546,0.24706602,0.26836658,0.28721094,0.30405903,0.32071042,11
0.53703842,165.46274669,209.69125992,2.9,2.7,0.28772354,0.5065596,0.6689079,0.80538416,0.9210794,1.0203891,1.1060061,1.1825757,10
0.99390626,250.98628779,291.69741289,2.3,2.8,0.11136627,0.14190054,0.17726421,0.20739722,0.24142408,0.27650285,0.3074286,0.3388412,11
0.7495901081818501,42.21619844378196,22.43339414185008,2.62137413,2.30623126,0.5278604030609131,1.2783753871917725,1.7766859531402588,2.079824686050415,2.2902867794036865,2.4574124813079834,2.5932958126068115,2.710723638534546,19
0.4088546653592346,6.847179959174051,14.85428819150168,2.91758537,2.25892115,1.118419170379639,3.4991650581359863,5.784704685211182,7.248631000518799,7.785457134246826,7.87315034866333,7.929707050323486,7.989031314849853,6
0.76684451,289.78540605,204.43083346,2.24822982,2.69616873,0.11474299,0.17625332,0.22899914,0.28336906,0.33792329,0.3888998,0.43689895,0.48295975,3
0.4841247543269986,51.42437162801351,0.0337871213003576,2.6659075389160547,2.204460854704799,0.6994602680206299,1.891005039215088,2.637119770050049,2.994190692901612,3.1835265159606934,3.315006732940674,3.4130592346191406,3.50468111038208,22
0.5756408666584378,7.251459337363473,11.781454846375055,2.84570456,2.07625818,1.021451711654663,2.9850857257843018,4.471196174621582,5.204825401306152,5.554653167724609,5.803346633911133,5.9928789138793945,6.114499092102051,6
0.9764267767953516,1.6344916941835017,0.1446004370911596,2.0327474360042,2.3323917083001566,1.0510265827178955,3.0523476600646973,4.474906921386719,5.193039894104004,5.603049278259277,5.8827056884765625,6.0884528160095215,6.247874736785889,5
0.5846471461654077,15.627547892496631,0.0258118197528019,2.9899490997788805,2.0616703629192283,0.9098217487335204,2.5302553176879883,3.608213901519776,4.157397747039795,4.487166404724121,4.717625141143799,4.879493713378906,5.00516414642334,22
0.78124468,226.40516449,375.61008218,2.9,2.8,0.15478921,0.1799066,0.22467327,0.27627444,0.31750846,0.3579719,0.39571548,0.43218756,4
0.6011663159770178,11.563409200551954,0.0139026931720391,2.183471555142271,2.7924192559926566,1.019550085067749,3.0929713249206543,4.7420973777771,5.545621871948242,5.8574700355529785,6.026246547698975,6.135803699493408,6.231160640716553,5
0.831207594913373,29.071295215048806,0.1553320166380681,2.8678421779312044,2.1979092664213944,0.5825192928314209,1.4337165355682373,2.0016791820526123,2.3512933254241943,2.5942723751068115,2.785677194595337,2.9422404766082764,3.079020738601685,18
0.70485632,7.58027679,8.60935048,2.87340524,2.76810974,1.05704355,3.15243888,4.79420376,5.64224911,6.04482174,6.31232548,6.51925659,6.66520214,6
0.6485663,242.31018308,399.06499444,2.50264619,2.6648929,0.12338877,0.14720035,0.17085028,0.19982672,0.22801256,0.25067973,0.27233911,0.29318047,11
0.3379486865489057,101.09289331663628,386.8173284214726,2.44650633,2.11627368,0.2244617938995361,0.2862238883972168,0.3061237335205078,0.3225541114807129,0.3365967273712158,0.3494946956634521,0.3611741065979004,0.3719580173492431,11
0.66618497,139.93682597,117.88536503,2.21454404,2.54012587,0.24743676,0.44384003,0.61187625,0.75744295,0.88402629,0.99477077,1.09270334,1.17987299,16
0.448044,15.41949272,49.46549225,2.59725046,2.11065578,0.90743589,2.55160069,3.70047641,4.18692112,4.36973572,4.45317364,4.48689842,4.50285625,23
0.53360592,91.05624511,92.41609287,2.70768813,2.8580683,0.49990392,1.21524453,1.69608903,1.95102286,2.10880017,2.23191047,2.33064866,2.41529727,20
0.30798623,1.6848948,229.52134705,2.67079306,2.95720792,0.82065916,2.44068336,3.85909891,4.59605598,4.67514324,4.67696095,4.67704296,4.67723131,23
0.5344653,292.19926078,36.0370916,2.6,2.2,0.18301821,0.29523087,0.40451145,0.50352335,0.5939622,0.67821956,0.75651336,0.82921386,15
0.88928391,92.16079993,152.22250959,2.2,2.9,0.22878885,0.4086311,0.5695188,0.7099621,0.83455586,0.9451053,1.0426943,1.130548,17
0.30406583,122.07711874,347.33204958,2.3,2.9,0.2814772,0.42445517,0.4616537,0.48800492,0.5112388,0.53046036,0.5475428,0.5632131,21
0.64058289,193.92481155,267.29506946,2.2,2.6,0.13985991,0.19244003,0.24576378,0.29177952,0.33536005,0.37629652,0.41452575,0.45006585,4
0.3776560420279706,2.9805090074754204,0.0181373739161937,2.047573424301436,2.324249113283471,1.1814250946044922,3.9150638580322266,6.925411701202393,9.390220642089844,10.689342498779297,10.724140167236328,10.731456756591797,10.737710952758787,12
0.74304626,132.86944628,252.86373535,2.4,2.1,0.16610026,0.25748324,0.34518075,0.42294765,0.49342394,0.5573857,0.6157739,0.6698365,4
0.51218956,245.40476384,238.50961694,2.96591006,2.41187713,0.16969657,0.23029518,0.29181838,0.34557033,0.39599681,0.44117975,0.48335099,0.52297616,3
0.98949926,55.37776271,162.63242081,2.3,2.8,0.27547383,0.5269096,0.7379842,0.91556406,1.0663698,1.1947412,1.3034854,1.3989954,10
0.8472720356690816,6.753436095918794,1.904535752239148,2.7880460353604324,2.953874063213126,1.011699914932251,2.964663505554199,4.416537284851074,5.173579692840576,5.580923080444336,5.863106727600098,6.075105667114258,6.238004684448242,6
0.38081664,81.18780418,59.00871928,2.66994684,2.12775912,0.57656765,1.46510506,1.98634148,2.18407011,2.28221178,2.35257816,2.41018867,2.46469927,0
0.53944814,257.03840331,181.39665033,2.3,2.9,0.1587081,0.22457838,0.2929139,0.3513658,0.406569,0.4580829,0.5060291,0.5512521,3
0.99682176,12.49936008,3.20849943,2.73246503,2.30148768,0.67875743,1.68464065,2.33666396,2.73179126,3.00080705,3.20797372,3.37665725,3.52035928,18
0.79919423,35.95764251,387.53739087,2.82114081,2.42089958,0.29125404,0.50525331,0.61918855,0.69147992,0.74171019,0.7788341,0.8068409,0.82826471,21
0.71147678,84.48317698,313.41412259,2.3,2.0,0.19365478,0.29603624,0.38155937,0.45316243,0.51417184,0.5674963,0.6132753,0.6528623,17
0.67906855,42.48759136,232.02494695,2.5,2.5,0.42467999,0.95928431,1.29651713,1.46029162,1.55596304,1.62549448,1.67798042,1.7212224,20
0.6022742782533458,4.014162216156464,0.481315011064222,2.851144228004878,2.7158037518778726,1.20678973197937,3.7952091693878174,6.249689102172852,7.755443572998047,8.389375686645508,8.63707160949707,8.81304931640625,8.975022315979004,13
0.7584888036629931,28.926565657080683,0.0093975717067915,2.2292182896551287,2.747637557093651,0.6744370460510254,1.8036613464355469,2.512206554412842,2.887540340423584,3.124025344848633,3.3001279830932617,3.4428834915161133,3.5675902366638184,22
0.4097469526243629,9.800438662796129,1.072073877646515,2.664923814320124,2.03857133749934,1.0707223415374756,3.251729965209961,5.14088249206543,6.2191481590271,6.609105587005615,6.764233112335205,6.871743679046631,6.94860315322876,5
0.55979659,149.77106101,115.66755723,2.31609513,2.93746942,0.32677937,0.64702225,0.88700414,1.0773592,1.2311964,1.36007833,1.46889591,1.56325698,10
0.31972801,148.82492936,360.50373818,2.91734704,2.51648824,0.27670217,0.40839529,0.45247674,0.48846626,0.51982307,0.54618311,0.5702107,0.59093714,21
0.49909631,265.10405575,168.24686146,2.3,2.5,0.1570735,0.22157478,0.28891182,0.3474505,0.4013803,0.45151448,0.49840975,0.5423708,2
0.79581686,227.85057121,299.38941618,2.3,2.3,0.09567761,0.1384263,0.1762538,0.20478964,0.23646402,0.26824403,0.2986145,0.32737374,11
0.68072607,250.0926943,104.43868509,2.4,2.5,0.15610981,0.24557996,0.33510804,0.41770506,0.49504924,0.56830764,0.6367321,0.70122313,16
0.348011670886488,1.1521953191267928,39.5238009627378,2.3792886431386697,2.769468688065079,1.1528911590576172,3.799117803573608,6.787257194519043,9.256592750549316,10.65990924835205,10.810707092285156,10.81071949005127,10.81071949005127,14
0.3,248.3730700202235,301.49368057548014,2.3,2.4,0.1787741184234619,0.2138440608978271,0.2480785846710205,0.274810791015625,0.2998397350311279,0.3235213756561279,0.3451244831085205,0.3651158809661865,4
0.57692654,286.31072863,326.82471013,2.81439612,2.63174263,0.14923549,0.16916633,0.20372009,0.24433613,0.27835965,0.30767918,0.33746004,0.36479402,4
0.5744635904895646,5.018182050808289,12.971144912677502,2.560781,2.24488544,1.087519884109497,3.31364369392395,5.214980125427246,6.243801116943359,6.630858421325684,6.8099775314331055,6.939864158630371,7.020147323608398,6
0.3053986258946647,108.93098845097173,286.55598074814714,2.17679787,2.09619808,0.2844634056091308,0.4860637187957763,0.5653550624847412,0.6093168258666992,0.6436164379119873,0.6716880798339844,0.6960599422454834,0.7170488834381104,21
0.6111006296317807,1.986065722471426,0.0073755241144237,2.021952745654084,2.304431468219873,1.152500867843628,3.6948437690734863,6.174737453460693,7.806153774261475,8.509119033813477,8.65989875793457,8.717769622802734,8.770719528198242,12
0.68329582,199.32538514,264.43036364,2.1,2.1,0.10344815,0.14793491,0.18753242,0.22180557,0.25678325,0.28954077,0.32058668,0.35000086,11
0.55275024,181.72257366,291.38407035,2.0604027,2.36459893,0.14817405,0.20069551,0.25352883,0.29918337,0.34189057,0.38066888,0.41628027,0.44923234,4
0.8935162764386555,0.7605079659132633,0.0868131298686804,2.560316386843937,2.292881167464383,1.1822264194488523,3.630239725112915,5.730208396911621,6.956026077270508,7.562681198120117,7.934422492980957,8.239156723022461,8.489431381225586,12
0.63159086,143.29689139,371.40066888,2.1,2.3,0.11939549,0.14673543,0.1721344,0.1906848,0.21134281,0.2300582,0.2479899,0.26474166,11
0.63666662,151.69816684,200.0684904,2.2,2.4,0.18841124,0.29439926,0.39239788,0.47745895,0.5536921,0.622071,0.68371105,0.7398968,17
0.91516011,187.50014138,297.89657887,2.2,2.7,0.1106751,0.1603148,0.20592642,0.24536729,0.28372812,0.32242966,0.35900927,0.39341068,4
0.7685326,229.05858212,298.1687193,2.20311082,2.88177865,0.12537384,0.18411851,0.23817849,0.29328704,0.3466053,0.39622688,0.4426477,0.48695517,4
0.7409158472623031,1.4002138159477928,0.1661810602706186,2.268657671900024,2.2580031109488514,1.1636407375335691,3.6418731212615967,5.891990661621094,7.237371444702148,7.824045181274414,8.066576957702637,8.236233711242676,8.379308700561523,12
0.67282206,110.71675086,255.64597409,2.6,2.6,0.2539506,0.43272996,0.5727477,0.6908622,0.79202604,0.87931776,0.9547987,1.021364,17
0.377924,140.26554837,228.75755707,2.3,2.3,0.2861812,0.48974323,0.60452294,0.684798,0.7482171,0.79973245,0.845525,0.88397026,21
0.36427807,78.17746074,338.39354892,2.8,2.2,0.38304543,0.8313985,1.0669713,1.1227503,1.1458685,1.1659021,1.182889,1.1976922,21
0.45613375,131.07193181,72.94993976,2.4,2.7,0.40948796,0.89486766,1.212594,1.4050992,1.5399725,1.6456473,1.7351797,1.8136747,20
0.72034551,48.17057136,314.61146423,2.9,2.3,0.3558848,0.7387974,0.9908495,1.1446114,1.2470763,1.3240309,1.3833685,1.430655,10
0.9993,217.40691276,357.79670923,2.276355,2.005,0.06840134,0.1009872,0.12401128,0.13262367,0.15228987,0.17008042,0.18634105,0.2019341,11
0.7068825455704285,1.4399707681337053,0.0241443782660005,2.5832883166029528,2.4079586323151787,1.205650806427002,3.809242010116577,6.306158065795898,7.895672798156738,8.569757461547852,8.812477111816406,8.984216690063477,9.13687801361084,12
0.3273695840255166,21.36069227533501,21.07697677153377,2.06540132,2.57131195,0.9978916645050048,3.121798753738404,5.022164344787598,6.0843658447265625,6.336671829223633,6.364150047302246,6.380560874938965,6.391861915588379,7
0.4240952850855979,8.5752387012629,0.0503445426189949,2.407103266504304,2.3675838980989563,1.1254510879516602,3.5297505855560303,5.786128044128418,7.190808296203613,7.695790290832519,7.807260513305664,7.876631736755371,7.933459281921387,5
0.61187459,272.08823166,354.00732095,2.0,2.2,0.07098794,0.09630394,0.11397004,0.11558843,0.12790942,0.13782263,0.14657235,0.1558764,11
0.51627483,25.53729867,266.07830344,2.32136658,2.48375738,0.51760769,1.31961679,1.79566288,1.86582661,1.86625814,1.86640692,1.86668587,1.8668499,1
0.8020896370969194,2.51349944923496,0.1439755346803051,2.018353895246486,2.4333664791108425,1.0900509357452393,3.3105063438415527,5.07241153717041,5.982591152191162,6.403358936309815,6.641268253326416,6.815349102020264,6.946004390716553,5
0.79988336,242.47501924,105.14697576,2.6,2.4,0.14678097,0.2385521,0.3265133,0.41219497,0.49379325,0.57115674,0.64384174,0.7130475,16
0.88745099,127.48059845,103.30517578,2.11420107,2.00080776,0.15536308,0.26937652,0.37715888,0.47750831,0.56952572,0.65452266,0.73367453,0.80731487,16
0.6360778887794521,9.824849366113646,0.0734693675055278,2.559437020162044,2.2872360293555576,0.99480938911438,2.8534390926361084,4.178596496582031,4.819002151489258,5.151884078979492,5.387800216674805,5.558022499084473,5.675063133239746,5
0.55797342,33.99772247,186.82485942,2.8,2.7,0.60995865,1.650245,2.3508065,2.6066806,2.6747482,2.7049816,2.7310054,2.7549179,0
0.3092797562135035,271.7833981923939,0.0602946056267466,2.743141118217114,2.6607835973372347,0.373384952545166,0.7783756256103516,1.0450618267059326,1.2211341857910156,1.3544728755950928,1.4641244411468506,1.5579516887664795,1.6383168697357178,8
0.92259329,137.96530692,291.40183377,2.4,2.1,0.12368011,0.18957448,0.2533226,0.31080532,0.3659923,0.4179144,0.46620345,0.5110817,4
0.78967576,211.78827391,58.90763356,2.6,2.2,0.16591954,0.2816627,0.39373875,0.499645,0.5992513,0.69244075,0.780282,0.8627815,16
0.9916682,178.42666141,147.71224511,2.9,2.2,0.14804673,0.251225,0.34784412,0.445148,0.53748107,0.6248543,0.70755816,0.78679705,17
0.9591564707711884,14.016926671790898,0.6546140199015607,2.4,2.9,0.7317712306976318,1.965909719467163,2.76741909980774,3.218836545944214,3.511136293411255,3.732800722122192,3.9128472805023193,4.063876152038574,22
0.31447477,1.95372966,14.75336626,2.90884848,2.66998849,1.30838203,4.12900162,7.3144412,9.93799019,11.71673203,12.93984222,13.69959068,14.12180328,14
0.63444297,79.7920382,92.89801672,2.1,2.4,0.35186744,0.724772,0.9859781,1.1677904,1.3052921,1.41682,1.5069511,1.582967,10
0.75059682,6.19439338,11.15903601,2.5,2.0,0.9623034,2.584867,3.61804533,4.13917685,4.45046329,4.65072823,4.78913593,4.87054873,22
0.94342637,275.48327637,65.68591309,2.01595068,2.88813114,0.11220837,0.19602799,0.26869798,0.34175038,0.41473889,0.48661065,0.55480313,0.62139106,2
0.5134161377236885,1.1246764430760032,0.4452691509407701,2.9413588699776083,2.522790894719145,1.2731895446777344,4.198716640472412,7.487809181213379,10.263535499572754,11.830129623413086,11.875565528869627,11.883450508117676,11.889883041381836,13
0.47343717,161.53393977,85.46521192,2.8,2.5,0.37077284,0.76925755,1.0472531,1.242023,1.3924253,1.5120711,1.6111374,1.6984358,10
0.55554056,266.43182373,115.76194,2.3721323,2.47374701,0.17046189,0.26072001,0.35143495,0.43258619,0.50757432,0.57749677,0.64214563,0.70242786,16
0.3368612784319719,27.030053137095425,0.0058925630687803,2.8515892377559817,2.4082401474788093,1.0268611907958984,3.1017496585845947,4.835467338562012,5.7326507568359375,6.0199174880981445,6.1583099365234375,6.24860954284668,6.32308292388916,5
0.89398562,29.50393042,13.09775729,2.7,2.1,0.54745173,1.3334584,1.8536558,2.1808074,2.4133565,2.597284,2.747245,2.8757966,18
0.318158375752299,12.345293253000692,0.5844361250038687,2.397656005188181,2.7531508210761224,1.1713900566101074,3.802243947982788,6.568999290466309,8.561890602111816,9.416810035705566,9.5079927444458,9.51540756225586,9.52277660369873,13
0.6131597824149645,79.37301903993566,0.0053788005189954,2.898019248004146,2.820512461646824,0.5608022212982178,1.4104728698730469,1.9956679344177248,2.336827278137207,2.5653090476989746,2.7431139945983887,2.888458728790283,3.016326427459717,18
0.89101841,249.46987062,186.70365938,2.1,2.9,0.10578036,0.16151667,0.20998907,0.25411367,0.29984403,0.346478,0.38987994,0.43151236,3
0.5103273192525355,10.18008715878005,17.104947142497355,2.0,2.0,0.9456758499145508,2.76713228225708,4.094329833984375,4.686395168304443,4.882819652557373,4.984030723571777,5.042019844055176,5.080957889556885,22
0.3354342664798787,1.7177747033333548,0.0154721315046455,2.220096999928158,2.097797157932743,1.1848037242889404,3.890486240386963,6.916456699371338,9.466114044189451,10.56257438659668,10.573650360107422,10.58005142211914,10.585535049438477,12
0.5598006393870967,23.37013030080103,0.0067855531804866,2.466897809616776,2.2603761557713984,0.8559558391571045,2.3991990089416504,3.427474975585937,3.9088387489318848,4.1522216796875,4.301877498626709,4.417973518371582,4.508124828338623,22
0.90617669,13.90720749,24.59813118,2.05077314,2.05497336,0.62282848,1.50843644,2.03502893,2.32465982,2.52023649,2.66348648,2.77832747,2.8808651,19
0.91411922,214.68236954,352.3842423,2.61394574,2.41617105,0.11048293,0.1437676,0.17739987,0.20759964,0.23946643,0.27011347,0.29725623,0.32483935,11
0.77612906,31.16686645,223.11896619,2.1,2.8,0.37661576,0.7951927,1.0586021,1.1975889,1.2830305,1.3437338,1.3891869,1.4257255,21
0.7985367866733478,4.789768177590253,4.317010253071759,2.84570456,2.07625818,0.9836490154266356,2.728522062301636,3.904964685440064,4.522402763366699,4.927656173706055,5.236833572387695,5.4673919677734375,5.632826805114746,6
0.45350051416002,11.715185043763736,0.2976456665855027,2.8552638379248467,2.564273928800948,1.1268956661224363,3.4850666522979736,5.601346015930176,6.817771911621094,7.267328262329102,7.438733100891113,7.569523811340332,7.67957592010498,5
0.62319696,12.61485958,2.01860952,2.15615797,2.34891081,0.96298337,2.71432757,3.89142346,4.42711163,4.65629864,4.79894638,4.87448025,4.94181061,22
0.69979272,158.0606927,62.78383684,2.1,2.8,0.21096039,0.3676846,0.51233244,0.64034843,0.7553942,0.859241,0.9536238,1.0389788,16
0.3842454592862774,53.72054393718249,3.1538444402544634,2.359540155305982,2.831115423725376,0.8418784141540527,2.52485990524292,3.7948193550109854,4.369847297668457,4.565935134887695,4.656256675720215,4.717330932617188,4.76674747467041,22
0.915614730331094,3.1500761225340166,0.0247059930560223,2.004954420113208,2.845424647236172,1.028233289718628,3.0818562507629395,4.634554386138916,5.408524990081787,5.775362968444824,6.012106418609619,6.192015171051025,6.32079553604126,5
0.4406687,211.64121717,138.22671338,2.8,2.6,0.2917695,0.5182848,0.6828983,0.81937146,0.93403697,1.0321493,1.116924,1.1924345,10
0.639539657118986,9.689406998995594,0.2684136040739235,2.57994962,2.35104275,1.0044865608215332,2.9031364917755127,4.2715349197387695,4.931110382080078,5.274072647094727,5.506800651550293,5.672860145568848,5.804376602172852,5
0.71518129,276.18545532,350.71069336,2.12308025,2.14759612,0.07014012,0.09896469,0.12294626,0.12729478,0.14199781,0.15685034,0.17120361,0.18358231,11
0.9687471,38.44824345,385.58147921,2.5,2.5,0.24867535,0.415869,0.5345166,0.62742186,0.7006397,0.75941014,0.8070698,0.8458061,17
0.8493831832658496,1.742270919062951,0.2940877161942928,2.114668666061501,2.4006254469570902,1.1117775440216064,3.37383246421814,5.176230430603027,6.129405975341797,6.597315788269043,6.872618675231934,7.077935218811035,7.241551399230957,5
0.96584085,208.35720011,76.39997987,2.10468389,2.65297585,0.13059187,0.22784781,0.31787467,0.40543509,0.4906888,0.57275653,0.65123367,0.72647023,16
0.70170507902591,59.79593185923968,0.0857419980205009,2.923951605766345,2.2625513456281583,0.4975895881652832,1.1799612045288086,1.653355598449707,1.9564361572265625,2.173733711242676,2.3478217124938965,2.492382526397705,2.61401891708374,18
0.66411819,31.80029045,314.486438,2.3,2.5,0.36817884,0.75346136,0.96081305,1.0302029,1.0620441,1.08446,1.101825,1.1155014,21
0.4886886920631426,62.84025845782996,0.0336594203071943,2.688509003368188,2.485526386825481,0.679323673248291,1.8491809368133545,2.598958730697632,2.951613664627075,3.145035982131958,3.2743937969207764,3.387048482894897,3.4785616397857666,22
0.4041550242659225,101.11197200685928,59.25839705851814,2.885704573606876,2.834183897725687,0.6012156009674072,1.6324138641357422,2.334962844848633,2.643326759338379,2.7920708656311035,2.892688751220703,2.974578857421875,3.0484771728515625,23
0.773381558010042,6.515405717237997,0.2181116213333792,2.7885978495428865,2.0872744800192664,0.9530239105224608,2.614909172058105,3.706340789794922,4.293669700622559,4.670144557952881,4.947185516357422,5.156945705413818,5.313287734985352,5
0.40498298,298.39883423,9.44785118,2.17703485,2.02359009,0.17460704,0.27313972,0.36378551,0.44478393,0.5175705,0.58436227,0.64460826,0.70126987,15
0.47900635,203.70428097,48.35765862,2.3,2.7,0.27197528,0.48777342,0.6572108,0.7994559,0.9203019,1.0242045,1.1140378,1.195534,9
0.3091119012378922,211.436169668945,400.0,2.1371169,2.81988312,0.1959223747253418,0.2412569522857666,0.2724001407623291,0.2979228496551513,0.3226127624511719,0.3449392318725586,0.3648622035980224,0.3836214542388916,4
0.30362254,65.71155548,134.6962738,2.00396276,2.02928495,0.53119874,1.33065486,1.7324934,1.78583694,1.79888844,1.81229186,1.82401371,1.83507085,0
0.81264803,42.87341187,379.21489908,2.81166157,2.07872671,0.22309494,0.32751775,0.38929176,0.43494678,0.47112036,0.50082183,0.52392006,0.54349351,4
0.36079627,87.16236115,98.7803421,2.6084981,2.73754334,0.61574793,1.67111754,2.36854196,2.6208775,2.69820285,2.74834704,2.79339671,2.83382726,0
0.31035769,196.33186799,274.12090339,2.74921277,2.14403909,0.21318293,0.27466679,0.31548858,0.34786987,0.37713027,0.40342331,0.42704415,0.44913435,4
0.6963556963914992,12.550880801818334,1.237989670592924,2.68811059,2.1955061,0.8915119171142578,2.45575213432312,3.480946779251098,4.008515357971191,4.319193840026856,4.532346725463867,4.683376312255859,4.813173294067383,22
0.81151405,245.39372016,153.35536879,2.69113365,2.0519015,0.11024046,0.1695683,0.2217834,0.27184343,0.3230896,0.37237763,0.41840172,0.46288848,2
0.69615652,224.59696764,194.91997312,2.2,2.6,0.13305569,0.19718933,0.2595837,0.31595778,0.36991644,0.42133713,0.46987653,0.5150945,3
0.45381043,223.93920375,313.34464386,2.1,2.7,0.13065648,0.15619063,0.18228698,0.20151353,0.22017264,0.23721242,0.25458717,0.2703104,11
0.82593836,243.54802314,92.65019175,2.50076621,2.70822315,0.15724897,0.25621653,0.35094905,0.44717765,0.53694701,0.62153435,0.70160389,0.77758408,16
0.85192948,243.48397792,167.50211825,2.7,2.2,0.12475777,0.20167565,0.27192807,0.34095407,0.4088254,0.47324848,0.5339556,0.5926001,2
0.71376938,13.80831015,15.72058175,2.5,2.8,0.9053409,2.5111532,3.6008973,4.146306,4.4381824,4.6189866,4.757266,4.8516545,22
0.3498118,35.27624187,171.02833093,2.98970482,2.09942081,0.6079073,1.59419012,2.18869257,2.33558941,2.34503555,2.34874439,2.3523736,2.35582018,0
0.98290142,227.02125877,137.56913694,2.2,2.3,0.10388279,0.17373633,0.2355628,0.29233503,0.35139847,0.4083426,0.463202,0.51551676,2
0.79646623,134.23090519,158.47807684,2.2,2.4,0.18215656,0.3022163,0.41663694,0.51999664,0.6130004,0.6975565,0.7749181,0.8463223,17
0.63034391,291.49954224,27.02243996,2.4160378,2.91964149,0.1880796,0.30860662,0.42689109,0.539464,0.64345455,0.74056244,0.83150864,0.91657829,15
0.7188363500884194,0.9721751419132658,0.6406467620226234,2.680941064541603,2.454445616934643,1.2321834564208984,3.959560394287109,6.72824239730835,8.618364334106445,9.492023468017578,9.728063583374023,9.822595596313477,9.94243621826172,13
0.8343395800925273,40.66079795697138,12.98581575416733,2.7775603080618505,2.539449623490518,0.531282901763916,1.276750564575195,1.7969775199890137,2.1330432891845703,2.375906467437744,2.568288326263428,2.727838516235352,2.86370849609375,18
0.3347718124513369,1.5620003808361778,8.505285892982664,2.8200182271093635,2.6595385055813083,1.2637088298797607,4.197751045227051,7.60057258605957,10.645822525024414,12.28921890258789,12.315997123718262,12.318726539611816,12.321053504943848,14
0.7853184504453055,1.1838277522006693,19.15725573750096,2.7057718492389498,2.35452437698732,1.134807825088501,3.509427309036255,5.636441230773926,6.881219863891602,7.406239509582519,7.637107849121094,7.810628890991211,7.922893524169922,6
0.74081283,212.31792028,262.20178629,2.0,2.8,0.10802507,0.15058112,0.18769169,0.22131968,0.25562263,0.28883505,0.31964946,0.3488574,11
0.7021801892232339,1.055941700422513,0.1839214279992882,2.422902039132931,2.321827785084035,1.203477144241333,3.85893177986145,6.511780738830566,8.309391021728516,9.137900352478027,9.348594665527344,9.425041198730469,9.512250900268556,12
0.60940722,284.46506665,52.62470253,2.33177253,2.94249256,0.19156551,0.31287313,0.43148518,0.54284668,0.64533234,0.74032474,0.82955217,0.91299129,16
0.4045525076146732,30.467853750185576,0.006002913886388,2.655790666445317,2.749404280334792,0.9927496910095216,3.011192798614502,4.67260217666626,5.500028133392334,5.788784503936768,5.924452304840088,6.022026538848877,6.08761739730835,5
0.3070334,96.11704371,162.40839362,2.52159436,2.37939225,0.50628161,1.2573092,1.69324303,1.79531908,1.82583094,1.85352325,1.87832737,1.90070343,0
0.54957219,58.6455936,219.37498838,2.2,2.3,0.3780117,0.7943332,1.0326574,1.1417091,1.2112219,1.2633853,1.3043962,1.3395908,21
0.347918,45.09078466,227.42746267,2.3,2.0,0.5015056,1.2604277,1.6641636,1.6949124,1.6957657,1.696346,1.6967838,1.6973426,1
0.88337021,273.3285548,145.46547925,2.33811736,2.91926753,0.12741137,0.20672464,0.27316904,0.34754777,0.42051363,0.48789907,0.55218434,0.61430478,2
0.57103276,133.69552612,214.06480408,2.19872046,2.33376336,0.22947955,0.37770557,0.49593377,0.59478807,0.67968035,0.75439048,0.81838512,0.87496209,17
0.98867732,45.62014389,385.51083374,2.08074689,2.35843468,0.18574047,0.27888322,0.35811615,0.42374945,0.4782269,0.52408361,0.56281281,0.59586215,4
0.98324754,125.33160825,2.56618681,2.6,2.5,0.22917247,0.42091823,0.60442924,0.7750983,0.9313879,1.075783,1.2084668,1.3300285,8
0.34077467,25.59419162,58.11859193,2.8,2.8,0.99248385,2.9591594,4.6388226,5.5310345,5.770648,5.8346443,5.8522453,5.8579845,7
0.62268941,269.74847561,159.89534455,2.92491641,2.0090027,0.12076473,0.17374134,0.22331405,0.26989126,0.31494164,0.35854506,0.39931512,0.43773603,2
0.31338058,16.33287833,314.47330483,2.6,2.2,0.55577946,1.4965625,2.1187277,2.1874537,2.189126,2.1897001,2.190199,2.1905084,1
0.5952079391532108,42.322150707144566,0.1140847193224322,2.225417478468401,2.732843337693281,0.705620288848877,1.9607501029968264,2.756886005401612,3.133886337280273,3.338347911834717,3.4768495559692383,3.597325325012207,3.693397521972656,22
0.70463627,68.61166326,14.12114247,2.5,2.0,0.39756513,0.86082172,1.1937108,1.42713284,1.60447454,1.74571133,1.8638587,1.96764374,9
0.46249303,146.12009434,200.74630124,2.3,2.5,0.2670195,0.45297003,0.579998,0.67971134,0.7622459,0.8322668,0.8917918,0.94448614,17
0.7268082993509932,2.1790289291034584,0.2372342891772881,2.015447204727689,2.162713382727283,1.097895622253418,3.3464059829711914,5.205224514007568,6.208072185516357,6.645564556121826,6.870763301849365,7.028765201568604,7.129927158355713,5
0.77770613,82.38978738,360.6737488,2.0,2.9,0.16260529,0.21252441,0.26016307,0.29839778,0.33212423,0.36181927,0.38792205,0.4108584,4
0.58574398,256.72072289,346.97033398,2.8,2.6,0.14062667,0.17867947,0.21738839,0.25995588,0.29584336,0.32884336,0.36039042,0.39007092,4
0.5989621019293586,1.6859549600661548,5.210055710604778,2.0037950433277296,2.4587982486673337,1.1647577285766602,3.798301696777344,6.512216091156006,8.435050964355469,9.35077667236328,9.532629013061523,9.541788101196287,9.54875373840332,14
0.71300578,19.33439064,28.27809906,2.34096766,2.11037374,0.70942259,1.82593441,2.49277592,2.8167448,2.99993896,3.13237667,3.22330141,3.29659319,23
0.68752517,44.95659826,83.73571482,2.48291272,2.23498807,0.48599291,1.14386749,1.56273127,1.79404354,1.94812918,2.06344271,2.16134453,2.24344158,20
0.74241209,6.9331193,40.17356873,2.47232723,2.67596197,0.97521782,2.82210827,4.18343592,4.84498501,5.11906004,5.24545383,5.33329296,5.38581419,7
0.30247176,9.2648859,39.43855286,2.28739119,2.27496958,1.07357049,3.23572707,5.22528553,6.40321636,6.64157677,6.65420246,6.65796089,6.65977573,7
0.51696253,82.49813467,345.45219019,2.1,2.3,0.21885371,0.30555272,0.35557556,0.39532304,0.42809057,0.45597315,0.47989058,0.5007732,4
0.49369769,56.89864115,190.45791157,2.1,2.2,0.41116095,0.9082687,1.1728318,1.2658062,1.3190012,1.359185,1.3933852,1.4218848,21
0.63857962,45.56098085,152.09170649,2.4,2.6,0.4846778,1.157968,1.5813143,1.7874391,1.9036005,1.991266,2.0595,2.1160915,20
0.59795987,112.21750283,276.07281298,2.4,2.8,0.25026035,0.40920115,0.52343035,0.61751795,0.69718146,0.7648337,0.82397175,0.8752637,17
0.4112404,227.874308,238.9391939,2.9,2.6,0.25189185,0.3928492,0.4951427,0.5840018,0.66148305,0.7303462,0.79225254,0.84721065,17
0.75017505,211.65243512,317.62521802,2.7,2.3,0.12621999,0.17936254,0.23055077,0.2802744,0.3277378,0.37200475,0.41301608,0.45237374,4
0.6583069,106.21298744,270.59831738,2.15422548,2.95285228,0.26333666,0.47349644,0.63495684,0.76808906,0.88008451,0.97574329,1.05785275,1.12923169,17
0.30462054,116.02210168,147.71481475,2.3,2.4,0.44921565,1.0435205,1.3630519,1.4514036,1.4977393,1.5366843,1.5710375,1.6007259,0
0.64612445,170.979119,80.7355913,2.2,2.6,0.21697235,0.37189054,0.51319265,0.6369159,0.74756,0.8478985,0.9383123,1.0206745,16
0.8994215501321505,37.91907783763687,0.0081627205317193,2.9476995479040857,2.03508956042534,0.4417591094970703,1.0056366920471191,1.4228506088256836,1.7190322875976562,1.9446420669555664,2.1274452209472656,2.2812633514404297,2.413867950439453,18
0.597721315421817,189.8621171913998,398.00092347125366,2.21726346,2.04147148,0.0884292125701904,0.1094691753387451,0.1251657009124755,0.1288104057312011,0.1401572227478027,0.1493544578552246,0.157914400100708,0.1656630039215088,11
0.81924383,295.71032181,158.41524494,2.6,2.9,0.15761018,0.20000482,0.25832677,0.32947803,0.39454436,0.45312977,0.5106406,0.56564593,2
0.6855189603026021,44.58572389368589,0.035282157677404,2.330805491614875,2.660256459013743,0.6173896789550781,1.6097843647003174,2.236584186553955,2.5745177268981934,2.793814182281494,2.961937427520752,3.1001996994018555,3.2180886268615723,18
0.9916240058329604,1.2281732637531169,0.0102957119913586,2.763364607640971,2.545443063143348,1.1513068675994873,3.390261650085449,5.116683006286621,6.055293083190918,6.603029251098633,7.038662910461426,7.414331436157227,7.696759223937988,5
0.4372654,17.00162315,32.36465073,2.44069862,2.02853084,0.92058659,2.57198668,3.70086432,4.16347599,4.3514266,4.43460846,4.47122765,4.49902105,23
0.4094330170790429,8.545578467721684,15.866919940282324,2.55550838,2.58642578,1.1240079402923584,3.5622148513793945,5.950139045715332,7.490819931030273,8.06192398071289,8.138291358947754,8.160552978515625,8.178324699401855,14
0.69714756,252.04963068,369.11314678,2.5,2.3,0.09757781,0.13130093,0.16044092,0.18146253,0.2054646,0.22889376,0.25075603,0.27195334,11
0.66821023,155.50914924,357.30511043,2.8,2.1,0.1549356,0.2161901,0.2783339,0.33311176,0.38305926,0.428998,0.4711728,0.5105128,4
0.93338023,86.44657177,260.8729692,2.52397603,2.19630156,0.18038487,0.28861022,0.39211726,0.48236632,0.56246281,0.63463759,0.69924307,0.75770926,17
0.30434772,137.59925842,139.51048279,2.01195407,2.20461988,0.38118935,0.81130195,1.03224349,1.11643457,1.17278647,1.21997738,1.25897861,1.29210353,21
0.3836510612351266,300.0,371.8404679253934,2.2,2.5,0.1171076297760009,0.1345653533935547,0.1530375480651855,0.1643719673156738,0.1776049137115478,0.1904757022857666,0.2016506195068359,0.212339162826538,11
0.51234062,88.0031261,158.46106855,2.9,2.6,0.4709587,1.1273386,1.5644238,1.7839725,1.9119222,2.0100248,2.0889065,2.1547172,20
0.3297762290659128,205.954496377726,391.311799630217,2.69386148,2.25674915,0.1656110286712646,0.1818597316741943,0.2003498077392578,0.2092528343200683,0.2197403907775879,0.2300832271575927,0.2383098602294922,0.2474725246429443,11
0.72641391,74.72217159,6.25728519,2.5,2.9,0.45598936,1.0292192,1.4487224,1.7415352,1.9594445,2.135253,2.2820272,2.4080324,18
0.61900109,149.83681965,267.72765674,2.8,2.6,0.2338221,0.3741145,0.49144053,0.5936279,0.68338346,0.76354575,0.8348,0.8994069,17
0.4491566198987861,38.68627107454671,53.50116429668485,2.2588388357581346,2.3240151821910846,0.7287383079528809,2.051119565963745,2.917034864425659,3.25985074043274,3.3869292736053467,3.4579732418060303,3.511677026748657,3.5570552349090576,23
0.90807122,43.99022898,22.93951964,2.8,2.6,0.48090792,1.1009974,1.5593078,1.88642,2.1338747,2.3308156,2.4943974,2.6349795,19
0.42843313,46.38885675,132.74692112,2.6,2.9,0.67233133,1.8476233,2.650897,2.953186,3.0372448,3.07094,3.0987444,3.1247768,23
0.3060542,115.07385902,40.82426019,2.81655598,2.17781436,0.55852389,1.41801047,1.9198153,2.10204959,2.18802667,2.2492578,2.30297351,2.35491967,0
0.35418262,188.28995619,179.75739082,2.5,2.6,0.3137405,0.5677843,0.72030926,0.8284137,0.91377354,0.9829898,1.0439355,1.0952437,10
0.59749462,41.63042781,364.6340346,2.8,2.9,0.40696168,0.87831426,1.1514292,1.246903,1.2813716,1.306798,1.3272085,1.3441052,21
0.4145771,112.87927465,155.85099431,2.8,2.6,0.45980453,1.0872359,1.4869015,1.6680686,1.7674243,1.8456194,1.9117997,1.9652107,20
0.87701244,185.01828391,250.10514028,2.4,2.4,0.12608314,0.19133353,0.254637,0.31371665,0.36986852,0.42373753,0.47453785,0.5223892,4
0.45967934,270.48434033,162.14634325,2.9,2.3,0.20671129,0.3186252,0.42071724,0.51130605,0.59308076,0.6674309,0.7351465,0.79749465,17
0.49144216,209.07437602,158.80575519,2.7,2.6,0.25475335,0.4262364,0.563035,0.68118834,0.78455853,0.8755777,0.9562876,1.0287092,17
0.32435201,224.94498732,104.9659905,2.56139874,2.51755333,0.33175373,0.6295383,0.81287813,0.93746829,1.03522563,1.11580157,1.18451953,1.24247885,10
0.35746811,221.05639653,171.96318596,2.5,2.5,0.27301908,0.4547913,0.57348895,0.66842794,0.7491994,0.8186555,0.87862396,0.9316988,17
0.42934987,37.22553047,344.32454707,2.53671653,2.19804473,0.377352,0.80957294,0.99494696,1.00717425,1.01121473,1.01504612,1.01855755,1.02175927,21
0.3423472,225.36111615,153.87279173,2.4,2.5,0.2693839,0.44522977,0.5601275,0.6515806,0.7288425,0.7944946,0.85328317,0.90403795,17
0.30274113,228.80135973,230.13784587,2.42103261,2.00213286,0.17639756,0.21578097,0.25193048,0.28337097,0.31120777,0.33662939,0.35990238,0.38102651,3
0.9867477734037275,22.19779203574713,0.4200009289394827,2.060287475889255,2.490559793828272,0.5401079654693604,1.2861597537994385,1.7849006652832031,2.115478754043579,2.3597347736358643,2.5535709857940674,2.715117692947388,2.853813409805298,18
0.70586283,241.37687583,160.22829124,2.2,2.6,0.13160968,0.19957781,0.26498508,0.32513237,0.38333607,0.43829536,0.49059415,0.5398536,2
0.5300053480171029,20.98085738166889,0.5337886066436766,2.7815409630487453,2.0879415204974467,0.877983808517456,2.4421205520629883,3.4895315170288086,3.996153354644776,4.278735637664795,4.460790157318115,4.593995571136475,4.684978008270264,22
0.99972606,8.26173115,47.91394806,2.14805555,2.20067787,0.67968082,1.71260047,2.33495736,2.6671536,2.87708259,3.01850057,3.13510251,3.22444367,23
0.56969347,15.05836566,82.97586828,2.6,2.5,0.86088204,2.4738526,3.6582103,4.176488,4.3486643,4.4019837,4.4249487,4.4414654,23
0.7078271517293946,3.6854898844034296,0.0099670613386354,2.8300352504594914,2.069684695821345,1.0779974460601809,3.1426827907562256,4.6961164474487305,5.503554344177246,5.9510650634765625,6.3011322021484375,6.592002868652344,6.808272361755371,5
0.4127027521048342,6.9753276463749785,18.935411959512543,2.01024485,2.15126824,1.0418012142181396,3.2478671073913574,5.279183864593506,6.497028827667236,6.873600482940674,6.903085231781006,6.911548137664795,6.9175705909729,6
0.45707828,109.24363708,125.25738525,2.14921331,2.70129395,0.42677784,0.98938489,1.34039402,1.51856256,1.63594842,1.72489285,1.79848266,1.86345887,20
0.9728334,218.80258179,78.92449951,2.07592797,2.97527409,0.13464165,0.2345295,0.32520747,0.41730595,0.50668311,0.59259129,0.67445111,0.75350428,16
0.98837934,85.07461715,364.8816793,2.0,2.2,0.11598659,0.1590445,0.1988523,0.23293424,0.26619625,0.29610276,0.32313275,0.34805202,11
0.7598132720822222,5.2516606226529605,0.02492415210622,2.076243443916671,2.3072561953193773,1.0060906410217283,2.917290449142456,4.268132209777832,4.91702938079834,5.235949516296387,5.446282386779785,5.588605880737305,5.709569931030273,5
0.85872698,264.99835205,386.99835205,2.41919041,2.99501061,0.12338328,0.14619064,0.16888261,0.21020484,0.24838495,0.28040123,0.31186008,0.34161472,11
0.30379596,285.24203491,49.38007355,2.06057525,2.31815767,0.25527835,0.42727017,0.54908204,0.64892244,0.7326026,0.8053267,0.86669064,0.92208886,16
0.61486362,233.12137081,28.18988978,2.2,2.4,0.18220758,0.30295396,0.4188249,0.5246539,0.62098765,0.71037316,0.79254866,0.86886525,15
0.5200380374380265,0.8183716353041766,0.1999086218279378,2.8000560125597915,2.024039262464681,1.1956603527069092,3.8700451850891113,6.75441837310791,9.104047775268556,10.448193550109863,10.498148918151855,10.50528621673584,10.511192321777344,13
0.33981097,289.89987241,46.30310335,2.51837179,2.5065135,0.27778292,0.47995424,0.62499905,0.74405241,0.84553242,0.93342495,1.01004076,1.07793379,16
0.93369896,292.79132861,387.17856354,2.14349937,2.36812222,0.06420183,0.09705472,0.12538099,0.13152695,0.14373827,0.15869164,0.17644167,0.19216204,11
0.74567685,296.34280431,260.80576146,2.2,2.7,0.101758,0.13860631,0.17295694,0.19952393,0.22692442,0.25763655,0.28630948,0.3132062,11
0.3,107.6035643748096,376.42322543086806,2.0,2.0,0.2014265060424804,0.24003267288208,0.2550916671752929,0.2678799629211426,0.2791464328765869,0.2896530628204345,0.2992622852325439,0.3080434799194336,11
0.58232381,9.60979839,19.86711884,2.11476544,2.77218214,1.0340836,3.12416387,4.81976509,5.68628502,5.94747448,6.03166389,6.07392216,6.10700893,6
0.74709821,16.97273254,46.8694458,2.67961907,2.72860885,0.79841685,2.21240187,3.16048908,3.62478495,3.85649252,4.00501013,4.10539532,4.19000149,23
0.46161607,245.5048599,360.0561327,2.3,2.4,0.1157093,0.13665247,0.1590848,0.17013001,0.18348742,0.19639134,0.21005821,0.22225046,11
0.3,265.8606978,251.48259936,2.0,2.0,0.12492156,0.14503384,0.16250086,0.17766428,0.19373107,0.20856786,0.22245455,0.23607445,11
0.30312931,239.03136477,174.85646126,2.60874688,2.82783562,0.32312179,0.58816266,0.74247241,0.85051966,0.93667078,1.00842881,1.06933832,1.12288332,10
0.4040641523165463,1.863895995111772,0.0103879145462228,2.1510321494339726,2.48407505841332,1.2173326015472412,4.064048767089844,7.318359375,10.08755111694336,11.64818286895752,11.69667148590088,11.70204734802246,11.70655632019043,12
0.87305558,5.89063787,28.51579857,2.59813237,2.34790516,0.90758562,2.47311759,3.49542069,4.01578617,4.30555344,4.4999609,4.61839962,4.71980095,23
0.95874107,42.93975687,129.98535151,2.9,2.0,0.358423,0.767123,1.086894,1.3362374,1.5329947,1.6933405,1.8267045,1.9378209,10
0.3907432,89.3215765,269.50403747,2.4738409,2.22650394,0.33696246,0.6367557,0.77847147,0.83793211,0.88138056,0.91632009,0.94522619,0.96937203,21
0.3443033145037488,2.1188485055277537,11.853080363552552,2.90884848,2.66998849,1.2496562004089355,4.123231410980225,7.422033786773682,10.28388214111328,12.085914611816406,12.20372200012207,12.20667839050293,12.20932960510254,14
0.6567925090878796,0.8023443770216765,0.0715936686539742,2.974889159420916,2.858679891097275,1.302431583404541,4.310354232788086,7.672757148742676,10.310359954833984,11.720721244812012,11.837091445922852,11.844554901123049,11.850699424743652,12
0.30284414,12.96150589,48.44329834,2.07089615,2.78281355,1.05296588,3.27178073,5.38077068,6.76988125,7.09634876,7.09874249,7.09949875,7.10002899,7
0.30162388,107.59678678,3.63389435,2.6,2.7,0.71326447,1.9828727,2.846163,3.1909173,3.3111584,3.3758967,3.4274204,3.473605,22
0.62229097,13.40125465,41.0165329,2.78827691,2.97677898,0.98887563,2.9139266,4.4372077,5.21364546,5.5150528,5.65851974,5.74257946,5.79652691,7
0.8243776333358819,2.237418537868518,152.66444038718004,2.439582562482877,2.1297734831281128,0.7339365482330322,2.0894370079040527,3.016528606414795,3.350671768188477,3.4203877449035645,3.420451641082764,3.420570373535156,3.4206080436706543,23
0.87966104,187.72343491,332.21164745,2.3,2.9,0.12460113,0.15920568,0.200351,0.23485017,0.27180243,0.30593085,0.33689523,0.36787128,4
0.412340707071956,105.606355621515,40.00694211406562,2.382701935382045,2.1363258950419963,0.4775817394256592,1.160438060760498,1.5639092922210691,1.7537753582000732,1.8773963451385496,1.974048852920532,2.053069829940796,2.126442670822144,19
0.69460606,170.75705069,374.10043524,2.9,2.2,0.15069914,0.20755887,0.26566315,0.31854367,0.36773992,0.41313004,0.45490456,0.49393916,4
0.9975996652156188,2.7701110063994347,0.2607076322949432,2.2845381458500933,2.3459425757511645,0.9824695587158204,2.73154091835022,3.891045331954956,4.506558418273926,4.87271785736084,5.146966934204102,5.35054874420166,5.518329620361328,5
0.99436909,267.92429993,163.14892955,2.17963688,2.23932605,0.08432603,0.1417172,0.19149828,0.2317152,0.27672029,0.32194138,0.36532426,0.40704608,2
0.9940182134249452,199.7254537666458,0.02873286156249,2.3734010893259043,2.6291151955653733,0.1642451286315918,0.2872552871704101,0.4035210609436035,0.5204319953918457,0.6318960189819336,0.7379882335662842,0.8388431072235107,0.9347169399261476,15
0.97498473,212.21142052,139.2940834,2.5,2.6,0.13718724,0.22431636,0.3039868,0.38539243,0.46452475,0.5387387,0.60856795,0.6767056,2
0.33175898,299.48687744,333.10916138,2.86339164,2.3019259,0.13353968,0.15143943,0.17056966,0.17600393,0.18850398,0.19907641,0.20402884,0.21320152,11
0.3949769199398074,12.164775882331396,50.76851062609176,2.69534034,2.90848848,1.0486814975738523,3.29774022102356,5.427812576293945,6.75689697265625,7.175475120544434,7.218873977661133,7.245201110839844,7.257016181945801,7
0.97996384,15.78073215,46.71432877,2.07400703,2.82306099,0.61326456,1.58008647,2.19336438,2.54374766,2.77716565,2.95245862,3.09207368,3.21137071,19
0.62519326,229.28957496,94.71378447,2.9,2.3,0.2061336,0.34453082,0.47637558,0.59614563,0.705976,0.8064561,0.8986926,0.98472834,16
0.936715,88.21958024,175.12060776,2.30845949,2.2899046,0.20473623,0.35710049,0.49819493,0.62295604,0.73438931,0.83420897,0.92446518,1.00564289,17
0.54100536,137.47549179,148.23077687,2.36083557,2.61548998,0.30623531,0.57745194,0.77684474,0.93291688,1.05872369,1.16379809,1.25337696,1.32949758,10
0.8668865553466065,3.266993529154332,0.030637830562527,2.562539025610992,2.057188195445754,1.0083084106445312,2.797913312911988,3.990720510482788,4.632694244384766,5.039143562316895,5.3624677658081055,5.598574638366699,5.767498970031738,5
0.3040811,202.88541696,313.97126238,2.8,2.0,0.2301302,0.33436036,0.3931651,0.44239497,0.48481464,0.52228594,0.5565617,0.5866513,4
0.612957786109057,1.2629745477139962,0.4634825673501134,2.230141098715163,2.2890914522163874,1.189035415649414,3.8588037490844727,6.610942363739014,8.616462707519531,9.578254699707031,9.75391960144043,9.764554977416992,9.772315979003906,13
0.72835922,286.15365601,109.33457184,2.03657031,2.06311846,0.09295559,0.15075397,0.20234489,0.24914289,0.29740214,0.3428421,0.38681197,0.42916822,2
0.55999387,134.39201474,342.52844532,2.4,2.2,0.1815083,0.24563289,0.30435324,0.3539734,0.3975234,0.4360919,0.47099447,0.503093,4
0.89238778,267.27332858,204.6248149,2.2,2.2,0.0879848,0.14007044,0.18471599,0.22069645,0.2607305,0.30056548,0.3393004,0.37597394,3
0.5944376902073238,3.3340343373836965,0.0133478169424399,2.277590457941085,2.500294960252196,1.1706831455230713,3.7175657749176025,6.157561302185059,7.677568435668945,8.28353500366211,8.468368530273438,8.572991371154785,8.66104793548584,12
0.68035629,264.32576288,178.87830344,2.2,2.4,0.11593986,0.1725409,0.22558522,0.27372885,0.3214984,0.36721373,0.41078973,0.452065,3
0.6484413975121845,34.051501786078454,0.012910646524662,2.14628148893352,2.733562794350827,0.7136578559875488,1.9805328845977783,2.777776002883911,3.15739369392395,3.367948293685913,3.51916766166687,3.6419661045074463,3.7441556453704834,22
0.38153992,54.41289384,233.90687153,2.83810093,2.36874536,0.4964025,1.22095895,1.63517261,1.71050954,1.71905828,1.72870374,1.73803496,1.74685502,1
0.7881662343608405,158.6605710174025,0.4340481497698623,2.254086589218753,2.738361051033033,0.2417454719543457,0.4443581104278564,0.6342544555664062,0.8062009811401367,0.9614810943603516,1.1022439002990725,1.230635643005371,1.3467559814453125,8
0.4863499674763724,46.67121546883535,3.3341923158205864,2.040955821160481,2.6585730128075,0.7452573776245117,2.140077590942383,3.0541763305664062,3.4378151893615723,3.6012730598449707,3.7064132690429688,3.786746501922608,3.8559536933898926,22
0.441042464526599,1.4636560989316652,0.2196431102193115,2.100119095055305,2.8989095101240725,1.2412652969360352,4.218794822692871,7.768972396850586,10.922578811645508,12.898807525634766,12.951672554016112,12.959819793701172,12.966814041137695,13
0.43193122,197.25631109,275.72096427,2.7,2.3,0.219414,0.32492185,0.4070716,0.47681355,0.53822756,0.5936389,0.6423757,0.6871536,17
0.68091856,52.85513093,57.1762064,2.5,2.4,0.51620245,1.2492814,1.7225864,1.9896452,2.170048,2.3091042,2.4208167,2.5187137,19
0.91016901,19.73084259,4.44257259,2.73365641,2.48248792,0.65798187,1.65464997,2.30339313,2.68788457,2.9466846,3.1465528,3.3118732,3.45174479,18
0.71952429,30.7404036,84.33006309,2.2,2.3,0.5455897,1.3341119,1.8067791,2.0430257,2.1900175,2.2981455,2.3812296,2.456374,20
0.46898162,59.09473419,3.20209026,2.14782953,2.27746439,0.66906452,1.76266527,2.40566802,2.67043281,2.80491757,2.90093589,2.98053193,3.04851127,22
0.69354268,182.43752716,306.53286823,2.3,2.3,0.12285996,0.16808414,0.21365333,0.25277925,0.29101562,0.32639694,0.3601973,0.39162517,4
0.76012383,129.88856237,311.88739726,2.1,2.2,0.12776732,0.17753077,0.2255733,0.26697302,0.30715537,0.3441143,0.3775487,0.40847588,4
0.38330529,89.56463787,180.29940997,2.2,2.8,0.4298749,0.9631388,1.2549639,1.3573108,1.412972,1.4593835,1.4981046,1.531105,21
0.80790222,46.39856505,314.75777062,2.8,2.2,0.31343532,0.6100967,0.8156042,0.9613738,1.0688417,1.1517122,1.217628,1.2712581,10
0.68200198,7.97505653,132.18829816,2.2,2.7,0.74967694,2.057082,2.9270818,3.2714436,3.3792522,3.390465,3.391587,3.3939602,23
0.75695001,195.27423179,79.98300239,2.4,2.2,0.16768432,0.2818594,0.39236355,0.49470782,0.5899925,0.6786082,0.76168275,0.8391075,16
0.8417479037396084,3.1134493247279047,0.6034232786920908,2.168913300802253,2.642976221545772,1.0728371143341064,3.2249252796173096,4.883766174316406,5.7249040603637695,6.136321067810059,6.389859199523926,6.574407577514648,6.72545337677002,5
0.7157605992282248,17.775128283454485,0.0196651156533199,2.9796878619890683,2.179393778454841,0.789280891418457,2.1010890007019043,2.941934108734131,3.4032044410705566,3.6915183067321777,3.898639678955078,4.052865028381348,4.183918476104736,22
0.94835494,169.68791538,389.66522582,2.0,2.3,0.07620645,0.10616302,0.12709808,0.13524842,0.15287519,0.16819191,0.18186355,0.19477487,11
0.30328943,251.18621309,177.40578838,2.07542132,2.79991772,0.26412582,0.44222665,0.55387592,0.6431284,0.71743369,0.78237605,0.83707476,0.88569093,17
0.84388166,240.75950977,201.76286029,2.3,2.2,0.10141063,0.15951967,0.21163535,0.25700855,0.30412197,0.35062099,0.39458203,0.43629742,3
0.8542685,38.25015912,47.76950769,2.4,2.2,0.46346474,1.0588267,1.4679031,1.7407384,1.9411569,2.0978637,2.2263498,2.3366709,19
0.95261562,46.78117174,255.61543655,2.4,2.1,0.25278544,0.46056914,0.6279862,0.76610446,0.87991095,0.9742241,1.053509,1.119201,10
0.32913522,205.14688434,130.45374256,2.8,2.7,0.3773899,0.77517223,1.0209234,1.1649153,1.2687385,1.3534863,1.4246261,1.4834878,10
0.90421539,153.74987895,183.18302792,2.1,2.8,0.14128089,0.22267914,0.30323482,0.37832665,0.4491408,0.51509476,0.57698584,0.63466954,3
0.744452560496915,2.354437734271149,0.4422019992043163,2.464629059952556,2.6396458001269334,1.177802801132202,3.6624441146850586,5.872222423553467,7.132065296173096,7.702599048614502,7.984361171722412,8.197805404663086,8.377204895019531,13
0.7566921317428078,0.7544602726392784,0.6790582693254967,2.752407749275835,2.3790904476799053,1.2326979637145996,3.939684391021729,6.661224365234375,8.51017951965332,9.400189399719238,9.627493858337402,9.72751522064209,9.871225357055664,13
0.3176,84.10534069,315.72745852,2.46857022,2.47505552,0.38242459,0.7928412,0.98110127,1.01403475,1.03158236,1.0468719,1.05985999,1.07138729,21
0.79754138,94.58345795,46.91590118,2.21428013,2.26607585,0.28021336,0.5396297,0.75975299,0.94721746,1.10655332,1.24301839,1.3627708,1.46736574,9
0.59093563,144.39733149,223.73058112,2.0,2.0,0.1579814,0.23448634,0.30568862,0.36809945,0.42292786,0.4726882,0.5172899,0.558671,3
0.73591221,9.12084319,76.7028863,2.70667913,2.72422532,0.88625193,2.53871751,3.74484181,4.31864071,4.5548439,4.66515541,4.71394348,4.74337482,23
0.89804263,164.04463012,362.89539103,2.5,2.5,0.12426233,0.17310739,0.21937108,0.2645805,0.30774498,0.3473184,0.38378024,0.4189713,4
0.97974092,128.74675213,130.3634843,2.06732816,2.74982894,0.17633009,0.31019902,0.43986416,0.56232142,0.67575932,0.78207397,0.88073087,0.9731853,17
0.5753451,281.22219648,229.02768327,2.5,2.4,0.13393974,0.18581367,0.23818207,0.28679824,0.33271456,0.37604117,0.41653323,0.45525432,3
0.81363147,231.87463645,117.4813836,2.4,2.4,0.1368742,0.22135282,0.30247235,0.37942195,0.45328593,0.52348375,0.59032893,0.6538346,2
0.3885162618951756,200.91965056522784,0.0034828667299342,2.13859421298668,2.137507052461649,0.3177556991577148,0.6291203498840332,0.8453001976013184,1.0042612552642822,1.1282415390014648,1.2322144508361816,1.3192138671875,1.393381118774414,8
0.9142084373128994,19.74337288719623,363.84589071008486,2.0,2.0,0.2501087188720703,0.4220941066741943,0.5144917964935303,0.568861722946167,0.6051671504974365,0.6299540996551514,0.6469950675964355,0.6596136093139648,21
0.66448245,187.86305253,231.90517081,2.3,2.3,0.14317846,0.20943093,0.27639127,0.3359139,0.39127398,0.44246173,0.48996615,0.53447723,3
0.4483099,165.34590149,194.81390381,2.71132684,2.1709218,0.2369175,0.37432265,0.47469115,0.55776119,0.62866211,0.69049573,0.74404526,0.79158235,17
0.81792402,178.11069081,317.13580111,2.8,2.5,0.15041661,0.21735334,0.28407526,0.35128093,0.411736,0.46781182,0.52012205,0.5693357,4
0.7657457463892151,6.064629672555214,0.0228141562485568,2.489109510228019,2.768552426008127,1.0528433322906494,3.1412835121154785,4.743321895599365,5.552577495574951,5.942205905914307,6.197489261627197,6.3883233070373535,6.537664890289307,5
0.40141064,248.06153597,5.23992097,2.9,2.8,0.36488748,0.7322717,0.9952812,1.1928108,1.3514094,1.4816895,1.592258,1.6876049,9
0.52136447,39.88902527,124.86189097,2.0,2.9,0.5442226,1.3518124,1.8162441,1.997097,2.082591,2.1396737,2.1851506,2.2251167,0
0.30585625,162.20574918,335.73245518,2.4359919,2.47406299,0.25476718,0.36625671,0.41171288,0.44865894,0.48058128,0.5094738,0.5338695,0.55619121,4
0.99982354,207.82052095,130.19128377,2.4,2.4,0.12428284,0.2077167,0.28397298,0.35813332,0.43058467,0.5009377,0.56799984,0.63183737,2
0.3559585811739157,1.7276449511848446,0.0260188341270847,2.3810874063113463,2.561602165742165,1.254746913909912,4.20599365234375,7.638956069946289,10.742071151733398,12.623157501220703,12.660270690917969,12.667492866516112,12.67363739013672,12
0.7025746529945452,3.8777486322479287,0.0454412856282651,2.591747320128051,2.429720209005705,1.1197686195373535,3.3655545711517334,5.179162979125977,6.144655227661133,6.5879316329956055,6.879782676696777,7.119437217712402,7.301711082458496,5
0.8894006986060512,7.299529171993039,0.2038085144680024,2.511583404705022,2.784797966390829,0.9332003593444824,2.6577391624450684,3.846381664276123,4.460777282714844,4.80360221862793,5.050069808959961,5.23778247833252,5.392760753631592,5
0.7000981444800798,5.7908693346648885,0.2589375607295612,2.703482232641645,2.678160694494068,1.1010627746582031,3.298786401748657,5.054567337036133,5.958410263061523,6.3888139724731445,6.679876327514648,6.9115095138549805,7.079051971435547,5
0.38145274,13.58371544,11.93332291,2.37443233,2.04049349,1.04507756,3.02007842,4.55575752,5.2922802,5.50174332,5.62088585,5.68264866,5.70956516,6
0.8785335984092174,1.9302031180430728,0.0339069321595834,2.051192483896026,2.869263002191955,1.1145246028900146,3.4537243843078613,5.412938594818115,6.471737384796143,6.952480792999268,7.22440767288208,7.424892902374268,7.56891393661499,5
0.84703973,272.24363284,143.42003414,2.9,2.0,0.11278796,0.18734026,0.25365257,0.3195777,0.3846166,0.4479568,0.50787735,0.5664048,2
0.406049770766736,117.08680903062007,0.0162282941715493,2.2457284043305616,2.3593606972857843,0.5168495178222656,1.2984623908996582,1.7661850452423096,1.9862325191497805,2.123741865158081,2.23563551902771,2.330335855484009,2.40832257270813,18
0.8565060391406321,23.140037421800447,397.72057624657737,2.1,2.0,0.2279536724090576,0.3445487022399902,0.3989076614379883,0.4330766201019287,0.4565966129302978,0.4738609790802002,0.4870867729187011,0.4976246356964111,21
0.67340773,251.13973406,51.01209301,2.1,2.4,0.14061546,0.22719836,0.31060362,0.38899565,0.46438622,0.5343232,0.5998473,0.66188145,2
0.58901629,62.15823173,5.68144371,2.98779859,2.60745675,0.61738038,1.61437988,2.27394867,2.62504387,2.84502983,3.01075363,3.14726782,3.26226902,18
0.8350666,227.8710999,6.78473468,2.3,2.7,0.16050506,0.27256846,0.3813691,0.48584533,0.58413744,0.67806983,0.76619005,0.85007787,15
0.72290807,121.21687706,251.27982149,2.9,2.1,0.21873808,0.370924,0.5061104,0.623189,0.72737384,0.8207011,0.903965,0.9779792,17
0.7692273,57.24842516,48.80742912,2.8,2.5,0.47916698,1.1168816,1.5666027,1.8624554,2.0788379,2.249237,2.3905306,2.5101123,19
0.8599474563799718,7.108613331200508,0.0034783147097991,2.881648142050042,2.474458023526452,0.9424419403076172,2.61440658569336,3.7466206550598153,4.35131311416626,4.7362260818481445,5.012179374694824,5.225558757781982,5.396765232086182,5
0.72957197,119.52279529,222.86679931,2.3,2.0,0.17842484,0.28784585,0.38814926,0.47626495,0.55490136,0.62544656,0.6886642,0.74582577,17
0.3543244139114823,9.038003008756272,0.0679539744256913,2.499328145816431,2.789809587306814,1.201589584350586,3.897419452667236,6.762850761413574,8.867521286010742,9.792228698730469,9.906989097595217,9.914949417114258,9.924317359924316,12
0.63638842,19.11397171,0.91922599,2.18918586,2.1999886,0.83799553,2.25275993,3.12731028,3.52987242,3.72840118,3.86512899,3.94880295,4.03221703,22
0.7254324,74.82223511,383.02697754,2.65563488,2.24394441,0.19371343,0.26382995,0.32029724,0.36499095,0.40309525,0.43575215,0.46431661,0.48950553,4
0.69048476,132.43387078,309.63361671,2.3,2.6,0.16900396,0.23641372,0.30326676,0.36024737,0.41148925,0.45804667,0.5005021,0.5390794,4
0.7191298457052446,0.8488624261204302,0.0092384144237854,2.606532986941713,2.0827632887714955,1.1810507774353027,3.7280776500701904,6.212759971618652,7.896699905395508,8.682389259338379,8.901997566223145,8.997793197631836,9.117552757263184,12
0.50138571,116.72327347,258.18737791,2.5,2.1,0.27100706,0.4712937,0.6039047,0.706615,0.78965497,0.85615087,0.9131992,0.9609542,17
0.31742046,239.20863279,234.56035438,2.8,2.2,0.24772334,0.3847077,0.47049165,0.54175115,0.6027808,0.6571901,0.70489,0.7484834,17
0.51888403,229.76803994,153.46509229,2.8,2.5,0.2286408,0.36884975,0.49243593,0.60109806,0.697665,0.7849939,0.8644242,0.93665314,17
0.6856633579456338,0.8477789005259414,107.99500137559616,2.620910543092124,2.9492554572200107,0.9975864887237548,3.170799970626831,5.3070173263549805,6.761288642883301,7.233982086181641,7.237795829772949,7.2386369705200195,7.2388200759887695,7
0.3955327,165.07720381,392.95674723,2.8,2.0,0.19423676,0.25166726,0.29492784,0.33121562,0.36370206,0.39237642,0.41825986,0.44277263,4
0.98000765,2.00227046,6.57128239,2.6461606,2.02663183,1.02627087,2.72808647,3.81795502,4.42054367,4.83601713,5.13588619,5.34816313,5.49896002,6
0.9370295273974364,7.1509842742734016,0.1182537325446675,2.4258637044704474,2.6140356611548765,0.876655101776123,2.418912649154663,3.427441358566284,3.964426755905152,4.285640716552734,4.515081405639648,4.690324783325195,4.8405303955078125,22
0.34887618,83.688797,171.71340942,2.04340816,2.08477974,0.41882801,0.94301534,1.19020057,1.25236893,1.28850579,1.32008433,1.34703612,1.37029767,21
0.9218745777038868,1.3700177952525778,0.8894845676039191,2.1716978107013185,2.688245318653032,1.1390578746795654,3.5022099018096924,5.463016510009766,6.531953811645508,7.056523323059082,7.365674018859863,7.600229263305664,7.779526710510254,5
0.61933088,150.171875,164.00106812,2.69130898,2.23006463,0.21940446,0.36157012,0.48539591,0.59122252,0.68432283,0.76771998,0.84144664,0.90828061,17
0.97342768,144.29728182,220.27522537,2.76111622,2.43004802,0.15519357,0.24643207,0.33756948,0.42187405,0.50155544,0.57579112,0.64454484,0.70983601,17
0.80447461,135.61675726,124.98874574,2.32788814,2.56140186,0.21845317,0.38232565,0.53532243,0.67220664,0.79523134,0.90692449,1.00848365,1.10016537,16
0.3,236.19629122,31.25616443,2.79633177,2.0,0.30503964,0.55764699,0.71602535,0.83159661,0.92362618,1.00069308,1.06526542,1.1213522,9
0.84258766,23.06024157,236.63587332,2.5,2.4,0.44453597,1.0324295,1.4056587,1.5851331,1.6824105,1.7460515,1.7919257,1.8293564,1
0.44262554,135.64246622,132.96477844,2.7,2.4,0.39178085,0.8475926,1.1427753,1.315645,1.4370396,1.5336568,1.615494,1.6837833,10
0.59299752,273.30446724,110.28621296,2.6,2.4,0.16815948,0.25999403,0.3523972,0.437325,0.5154605,0.58875346,0.6571953,0.72125196,16
0.3007,1.44616135,55.02022273,2.00983893,2.16803334,1.05133581,3.20319319,5.27002287,6.56399679,6.79490995,6.79496813,6.79496813,6.79496813,7
0.6721277553899914,6.413915111494743,0.3175678400327476,2.8658050626760327,2.2083527817156394,1.0439505577087402,3.016469717025757,4.451532363891602,5.180564880371094,5.58604621887207,5.892524719238281,6.13516902923584,6.306692123413086,5
0.73669135,209.8131178,34.0510001,2.6,2.2,0.18538594,0.31885076,0.44763017,0.5672362,0.6780336,0.7808809,0.87676954,0.9658339,15
0.3838215609765956,4.1829010329696406,0.0395571576248239,2.8436301771296515,2.1114454551648176,1.1725656986236572,3.7389132976531982,6.400156021118164,8.360033988952637,9.327136039733888,9.446510314941406,9.450920104980469,9.454910278320312,12
0.3573530330340533,1.4695502109000764,0.0043076125733787,2.290088027223082,2.4121009326069247,1.2306880950927734,4.108817100524902,7.434597015380859,10.40382957458496,12.180140495300291,12.206056594848633,12.213294982910156,12.219330787658691,12
0.95147146,61.78942132,17.55737937,2.0,2.9,0.30622005,0.6249287,0.89403033,1.1201787,1.3092442,1.4700603,1.6084137,1.729487,9
0.6813826955659761,4.1248309036624935,29.57263849347379,2.57994962,2.35104275,1.0332226753234863,3.089711427688598,4.7135515213012695,5.54129695892334,5.871242523193359,6.052567481994629,6.178679466247559,6.248285293579102,7
0.3728737408039497,2.4770995207565143,0.0055057478852878,2.7335408530473333,2.0649744728514987,1.1935217380523682,3.861544370651245,6.768486976623535,9.116888046264648,10.56715488433838,10.670464515686035,10.677851676940918,10.68413543701172,12
0.89171827,8.31249142,47.26024628,2.01398516,2.79762173,0.79924011,2.24618864,3.18272877,3.61135197,3.81970644,3.93715239,4.02412653,4.09531498,23
0.937272869955913,225.0397451717636,0.1329378607740809,2.9312952519382875,2.705849319142842,0.184098482131958,0.3105695247650146,0.4345295429229736,0.5621464252471924,0.6791713237762451,0.7906022071838379,0.8968164920806885,0.9973211288452148,15
0.42101502,102.72935759,65.42750979,2.4,2.1,0.4823029,1.1697438,1.5678489,1.7406094,1.8459418,1.9305155,2.0014765,2.0626175,19
0.3792896323171976,3.14675856865695,0.006927588226389,2.5997540170146087,2.831223571891164,1.2721147537231443,4.2463788986206055,7.68007755279541,10.590492248535156,12.24705696105957,12.312054634094238,12.317011833190918,12.32128620147705,12
0.34928176,209.1714325,288.47799683,2.23074889,2.29880428,0.17939615,0.22137475,0.25971985,0.2922256,0.32185793,0.34878516,0.37330842,0.39617491,4
0.9463227843328412,0.8134694497306494,0.0040809022025352,2.957694687850541,2.5602325923553684,1.221163272857666,3.74089288711548,5.898617744445801,7.159730911254883,7.810680389404297,8.2634916305542,8.687947273254395,9.064895629882812,12
0.68935577,51.33065633,201.40387995,2.54664626,2.46668145,0.40083766,0.87309933,1.18283153,1.36491776,1.48224306,1.57159567,1.64441919,1.70460844,20
0.4898041318702332,19.49176190032691,0.017192843519273,2.547609134569875,2.610747854836794,0.9998531341552734,2.987412929534912,4.543928146362305,5.286465167999268,5.581682205200195,5.750402450561523,5.861748695373535,5.948521614074707,5
0.43553822,12.3374574,96.46517603,2.2,2.2,0.83973336,2.4020324,3.5287423,3.9416265,4.0112495,4.0134435,4.014273,4.0155206,23
0.56762155,175.46518323,106.61586824,2.3,2.2,0.22040057,0.3727734,0.5057156,0.6199899,0.72118187,0.81118894,0.89164495,0.96283484,16
0.9510057,10.43057823,217.68704224,2.49359632,2.8091867,0.56840658,1.47739577,2.07655525,2.33220577,2.42766047,2.46758986,2.4930234,2.51372433,1
0.9097957639615232,1.1440329957406408,0.7231071937891881,2.911314852824056,2.456146657402672,1.1853504180908203,3.5716042518615723,5.5443196296691895,6.651014804840088,7.241980075836182,7.676953792572021,8.083782196044922,8.410579681396484,5
0.6953875577958646,0.9898796557517624,0.055730007238354,2.620435482486772,2.7981526115255893,1.2651467323303225,4.145363807678223,7.229601860046387,9.45574951171875,10.577540397644045,10.82300853729248,10.844305038452148,10.858878135681152,12
0.6952726865310508,4.775860816562864,0.3366388722577345,2.941204860726919,2.878167403028136,1.170969009399414,3.5884385108947754,5.68516731262207,6.859918594360352,7.38685417175293,7.713879585266113,7.989741325378418,8.206348419189453,5
0.73894405,11.18550491,48.94957733,2.01803851,2.44637632,0.81479836,2.26964855,3.2050519,3.59874201,3.7574544,3.84671783,3.90942383,3.95127821,23
0.33028929,204.15349868,89.28124862,2.6,2.5,0.37439704,0.77415895,1.022933,1.1671319,1.2721677,1.3570132,1.427944,1.4910212,10
0.59501529,232.34533691,126.04524231,2.48371696,2.02431893,0.14168334,0.21382499,0.2828126,0.34728599,0.40773582,0.46348882,0.51552868,0.56460452,2
0.4575532996337637,97.00583642105224,151.52111296691206,2.063602580585109,2.8884389106335635,0.4445211887359619,1.0983412265777588,1.5163028240203855,1.7124948501586914,1.8246207237243648,1.9117887020111084,1.9852159023284912,2.047163248062134,20
0.8102281235149791,1.1652342186822038,0.088022900932061,2.571422545803298,2.7555992628886163,1.233161449432373,3.909717798233032,6.459036827087402,8.020002365112305,8.76105785369873,9.10208511352539,9.339319229125977,9.54088020324707,12
0.59517591,77.4858742,135.39663254,2.1,2.8,0.35835266,0.7381196,0.99396825,1.1590104,1.2802572,1.3751206,1.4500756,1.5148525,10
0.3350651114021803,9.59850254551083,10.562671507955551,2.27221946,2.02575241,1.0574698448181152,3.2818052768707275,5.352885246276856,6.64724063873291,7.073431968688965,7.118812561035156,7.134227752685547,7.144113540649414,6
0.67474767,174.25818135,225.85926549,2.5,2.7,0.19217682,0.29531407,0.39426827,0.48241687,0.5619788,0.63444805,0.7007363,0.762259,17
0.8363895355655495,2.5273843434191328,2.155944547318805,2.5547557864004187,2.5080449339861395,1.1177582740783691,3.339022636413574,5.078376293182373,5.994095802307129,6.463263511657715,6.7946882247924805,7.059563636779785,7.254467010498047,6
1.0,227.07158102,142.79698825,2.0,2.0,0.08316517,0.14079833,0.1926434,0.23962617,0.28799915,0.33429337,0.37911129,0.42270327,2
0.3340958,183.79083393,254.78202117,2.19720593,2.37717346,0.2455349,0.371701,0.4462893,0.50694418,0.55707145,0.60018945,0.63974643,0.67406225,17
0.61215445,200.28739606,269.27340142,2.1,2.6,0.12775993,0.1710279,0.21377587,0.25006557,0.2855618,0.3188932,0.35034943,0.3794799,4
0.81196713,4.4338522,41.59289169,2.12395453,2.99844694,0.99898076,2.99264693,4.56280327,5.35741329,5.63336468,5.734375,5.78652191,5.81832027,7
0.56220534,160.25696784,223.8072931,2.0,2.3,0.16108489,0.23182178,0.29897976,0.35788774,0.41046906,0.4577813,0.50064015,0.53970146,3
0.87260409,237.69666467,184.51419426,2.3,2.2,0.10277533,0.16445422,0.21985006,0.26878214,0.31932235,0.36898065,0.41634727,0.46165252,3
0.41893447,161.7472886,288.41202703,2.2,2.2,0.19449091,0.26113057,0.31522894,0.36064243,0.40094423,0.43618202,0.4676082,0.49636006,4
0.9667142,213.19106616,257.74954855,2.3,2.5,0.10360193,0.15870571,0.20632076,0.24899578,0.29270673,0.33641744,0.37802267,0.41740823,4
0.8650692849638344,4.203996207884824,2.228380159418179,2.683940105973241,2.844972525611119,1.0680460929870603,3.1557531356811523,4.747867584228516,5.577389240264893,6.008737087249756,6.317775249481201,6.553065776824951,6.728919506072998,6
0.36043606,249.33928433,252.99174675,2.1,2.3,0.13990593,0.1683476,0.19708776,0.22111607,0.245749,0.2685709,0.2894752,0.30880547,11
0.93177859,118.86076337,279.8826229,2.7,2.4,0.17499733,0.27842999,0.38052773,0.47389674,0.55922985,0.6374333,0.70921445,0.7756479,17
0.46715017,105.51338504,171.25415252,2.9,2.6,0.44498372,1.032665,1.4219315,1.6160533,1.736129,1.8268559,1.9012535,1.9650443,20
0.79466212,220.62069702,104.22105408,2.1263895,2.053128,0.11248302,0.18472886,0.25117159,0.31482792,0.37679625,0.4351418,0.49047112,0.54336762,2
0.320634786700925,10.02434047513235,31.27997674081105,2.56035733,2.32072854,1.064157009124756,3.331308126449585,5.505583763122559,6.899763107299805,7.360231399536133,7.373486518859863,7.377492904663086,7.380312919616699,7
0.76429859,115.84724737,134.57858111,2.63874656,2.06172227,0.21357036,0.37014294,0.51065421,0.63358903,0.74159718,0.83789134,0.92382407,1.00163174,17
0.42068071,130.60157377,135.35324392,2.4,2.2,0.36316824,0.751986,0.9893079,1.1297545,1.2293005,1.309427,1.3770225,1.4342637,10
0.7401426870352202,25.592354385249248,4.559973927659841,2.9675234386349123,2.8603790125048865,0.7732548713684082,2.1366124153137207,3.058279514312744,3.547511577606201,3.839126586914064,4.046335697174072,4.20701265335083,4.343077659606934,22
0.46839342,229.45822284,98.16445506,2.5,2.2,0.23142791,0.3854866,0.5160296,0.6279683,0.72670484,0.8146546,0.89339304,0.9632337,16
0.9890473387295752,10.841549790592447,0.1726892345582112,2.926817434945137,2.660652107209324,0.7760591506958008,2.053940296173096,2.900088310241699,3.3963522911071777,3.72392463684082,3.971193790435791,4.170244693756104,4.3386664390563965,22
0.95521212,278.83358765,397.8934021,2.03473592,2.02568507,0.04912972,0.07436347,0.09372163,0.09753275,0.10813665,0.11526442,0.12072134,0.12972856,11
0.81828093,283.30880229,93.89258956,2.1,2.5,0.10717559,0.17238092,0.22881174,0.28242135,0.33910203,0.39324427,0.44488716,0.49382806,2
0.99027181,13.11409187,111.69019318,2.05033207,2.39204669,0.54109693,1.32315159,1.8087852,2.06905794,2.23417521,2.35271502,2.4432044,2.51596022,20
0.5422732089654161,30.8584396075915,0.0050351629019962,2.8652036560760377,2.52076030383327,0.8533804416656494,2.425762414932251,3.5163142681121826,4.05035400390625,4.321345329284668,4.492950439453125,4.61513614654541,4.718019485473633,22
0.97601894,99.65991938,253.42145573,2.9,2.1,0.1833005,0.31141973,0.43479085,0.54799724,0.6511183,0.7461715,0.8333607,0.9135649,17
0.71904443,91.8076214,151.34425436,2.1,2.5,0.25508356,0.46303582,0.62970376,0.76799965,0.8838198,0.9829149,1.0674603,1.1403408,10
0.4918225354597981,3.0299623028550595,0.4140090082983207,2.7326048381349897,2.421973507187764,1.2151172161102295,3.912841558456421,6.725513458251953,8.756861686706543,9.721835136413574,9.847689628601074,9.861474990844728,9.880685806274414,13
0.94528903,149.62416517,199.82489834,2.4,2.2,0.13984203,0.22788906,0.31310487,0.3931942,0.46845436,0.5390198,0.6055114,0.66772866,3
0.9120842609302692,1.1164092343810863,105.04616593370253,2.607101752380439,2.796210480668397,0.950063705444336,2.9168970584869385,4.616802215576172,5.52128791809082,5.781134605407715,5.8427276611328125,5.854836463928223,5.855081558227539,7
0.3335533,132.60857951,64.10982126,2.1,2.8,0.4502151,1.0319681,1.3624678,1.5025768,1.5914898,1.6639447,1.7240558,1.7762246,19
0.61085674,132.23166752,332.02265141,2.2,2.9,0.17759562,0.23668289,0.29353905,0.33818078,0.3794062,0.41623664,0.44936562,0.47981405,4
0.50556034,197.73105491,13.87003987,2.6,2.5,0.3151672,0.60678506,0.83193135,1.0155559,1.1684079,1.2971878,1.410331,1.509026,9
0.55371928,57.66756602,75.53231051,2.4,2.6,0.55898356,1.4097359,1.9377997,2.1825697,2.3219216,2.42747,2.5152256,2.585663,20
0.40051502,99.12032318,94.17727661,2.88590908,2.2066834,0.4816072,1.14314795,1.53857517,1.70570564,1.80029058,1.87710953,1.94334126,1.99993658,20
0.4152036655591904,36.972649309191695,379.36354163226497,2.77421474,2.01499732,0.3141334056854248,0.5631618499755859,0.6173093318939209,0.6204335689544678,0.6240832805633545,0.6274950504302979,0.6305434703826904,0.6332628726959229,21
0.917536024298036,17.558407150856386,0.1514531983356968,2.750481717528324,2.989446889027119,0.7403373718261719,1.987865924835205,2.823636531829834,3.3000926971435547,3.6092491149902335,3.840733528137207,4.028780937194824,4.188082218170166,22
0.3257357,276.82839163,180.40083467,2.6839713,2.44287203,0.22568154,0.32368279,0.39751077,0.46054053,0.51717043,0.5676856,0.6129148,0.65408587,17
0.33063514,289.36980255,182.40010998,2.1,2.9,0.16763306,0.21096158,0.25590253,0.2917273,0.32487392,0.35614562,0.384943,0.41165972,3
0.844173768308148,16.947606085983455,0.0248466099117774,2.9912433500782787,2.899280759371754,0.8099663257598877,2.235292911529541,3.20307731628418,3.733962059020996,4.063265323638916,4.298831939697266,4.487259387969971,4.641122341156006,22
0.7680067214212571,3.073315371705493,0.0387736234676859,2.4279434485871314,2.388615953323604,1.1076455116271973,3.3126165866851807,5.042191505432129,5.954665184020996,6.394000053405762,6.689675331115723,6.920472145080566,7.0981855392456055,5
0.63372982,86.66725579,210.22613596,2.7,2.5,0.34928107,0.70561385,0.95319605,1.129497,1.2616265,1.3679163,1.4544039,1.5261211,10
0.7667299614359079,137.68114660619617,0.1046044413682262,2.896345538954102,2.486395094008209,0.2866976261138916,0.5489208698272705,0.7797000408172607,0.9818062782287598,1.158320426940918,1.3136310577392578,1.4518442153930664,1.574481964111328,8
0.6861084,276.62584877,284.13033977,2.2,2.4,0.09322405,0.13062239,0.16243124,0.1839335,0.20938087,0.23536873,0.26151943,0.28554058,11
0.56271772,57.12377849,17.40793822,2.5,2.8,0.64537764,1.6846476,2.3526816,2.6807313,2.8698602,3.007998,3.11966,3.2149034,22
0.31671309,13.78180885,0.82308787,2.27112103,2.60223317,1.18249321,3.64626765,6.06821346,7.62898064,8.21302509,8.30223846,8.32426071,8.33826923,13
0.82031691,6.62099457,27.06343079,2.28481889,2.6599617,0.94471502,2.69481587,3.91710925,4.5022068,4.76793861,4.90387726,5.01237965,5.07955933,23
0.715477,192.76016287,396.26013154,2.0,2.6,0.08829713,0.11402702,0.13101006,0.13425517,0.14753938,0.15841198,0.16837692,0.17648888,11
0.942792703935788,118.6972184270066,0.2094230368513006,2.106698659237378,2.080568867487102,0.1883132457733154,0.3474678993225097,0.4986367225646972,0.6392719745635986,0.7691404819488525,0.88861083984375,0.9985415935516356,1.099827766418457,15
0.7829695,186.66536868,260.70570395,2.3,2.0,0.10871029,0.16301346,0.2142582,0.25997162,0.3057778,0.34883094,0.38903308,0.42670345,4
0.81718726,111.65646389,116.09910535,2.5,2.5,0.25413895,0.4644978,0.6508837,0.8136182,0.95762587,1.0846419,1.1975348,1.2975714,10
0.45149247,264.53647593,248.08734252,2.7,2.8,0.19516253,0.26648855,0.33585095,0.3973992,0.452698,0.50348186,0.55046844,0.593843,3
0.5018250976794674,193.1554432333849,0.0156363956069172,2.829174323163528,2.65056780195846,0.352874755859375,0.714698314666748,0.9874258041381836,1.201354742050171,1.3740880489349363,1.5202205181121826,1.64532208442688,1.7532169818878174,8
0.56622817,45.51830958,27.04833079,2.4,2.5,0.6663213,1.7557335,2.4290628,2.7387753,2.910561,3.0260687,3.1242094,3.2084918,23
0.701750257193575,1.3571959256609774,0.0046566137809052,2.399447460959144,2.6236650285977,1.22432541847229,3.953747510910034,6.708888053894043,8.529813766479492,9.343694686889648,9.568117141723633,9.682676315307615,9.80132007598877,12
0.6915728,183.21857969,176.65425752,2.5,2.4,0.18305373,0.2910068,0.39666152,0.49176168,0.5779679,0.657305,0.73040867,0.7982693,17
0.77577145,170.40562613,153.21243602,2.7,2.5,0.2005887,0.33326077,0.4616258,0.57906103,0.6863234,0.78455734,0.87544775,0.95978117,17
0.73799661,152.30270563,290.92635102,2.39999105,2.5196637,0.16468859,0.24193335,0.32041574,0.3896184,0.45294094,0.51070619,0.56404138,0.61331487,4
0.650853663997792,27.789216474169105,0.0063359272317987,2.987450548435429,2.3898289359360096,0.7723574638366699,2.102375030517578,2.972926616668701,3.4291634559631348,3.696755886077881,3.886812210083008,4.0292134284973145,4.152249813079834,22
0.7638010326255215,31.395936487572463,384.880300319996,2.0,2.0,0.2238101959228515,0.3385260105133056,0.3957197666168213,0.4351575374603271,0.4641556739807129,0.486232042312622,0.5031661987304688,0.5163335800170898,21
0.90874768,195.22444538,139.76493102,2.9,2.1,0.1430974,0.24245644,0.33639312,0.42889237,0.5172596,0.60093594,0.6802068,0.7562823,17
0.7593952045733546,3.0500831974038096,0.0342975885031922,2.848337207953891,2.6519431678146,1.1677868366241455,3.547172784805298,5.546648979187012,6.644201278686523,7.177400588989258,7.525270462036133,7.833446502685547,8.074520111083984,5
0.310849529598025,4.231117810094337,0.0083533942186572,2.53113475639005,2.495092353025313,1.2302165031433103,4.054575443267822,7.243639945983887,9.909347534179688,11.424697875976562,11.47829818725586,11.482542991638184,11.486183166503906,12
0.3090686223728937,12.718478705947888,6.15370115643888,2.8,2.3,1.1155211925506592,3.501713275909424,5.817554473876953,7.324680328369141,7.886397361755371,7.952699661254883,7.983916282653809,8.01521110534668,6
0.75694736,2.22826681,23.61390008,2.4,2.6,1.1350288,3.3357928,5.1310387,6.0866385,6.4659834,6.680546,6.843932,6.9209385,7
0.45295202,3.45201153,143.49246562,2.9,2.4,0.92712617,2.8254921,4.546153,5.5412045,5.7057056,5.7057257,5.7057495,5.705757,7
0.99535465,20.90312004,156.97151184,2.14029741,2.27839136,0.41051126,0.90644574,1.24621868,1.46408081,1.61507916,1.7247746,1.81136918,1.88307309,20
0.333409044203101,5.954551341498749,23.11333868322986,2.08333755,2.68578482,1.121992111206055,3.688654661178589,6.451163291931152,8.557863235473633,9.5260591506958,9.599078178405762,9.599873542785645,9.600668907165527,14
0.4073830605581093,1.791910512873064,2.2301593031555305,2.64081287,2.60767984,1.2591674327850342,4.179774761199951,7.522083759307861,10.430635452270508,11.988082885742188,12.02608871459961,12.032918930053713,12.038780212402344,13
0.44991547,67.25612323,25.97369985,2.2,2.5,0.62376976,1.6115999,2.2005224,2.4540186,2.5836077,2.682208,2.7609959,2.8252754,19
0.79985465,230.92243483,300.5294219,2.4,2.0,0.089921,0.13328218,0.17265129,0.20244122,0.23542929,0.26829576,0.2995572,0.3292694,11
0.5069290862699104,1.8401784515824584,43.60205946276205,2.82098436,2.66289473,1.1366443634033203,3.645774602890015,6.257375717163086,8.181371688842773,9.018903732299805,9.07433032989502,9.074336051940918,9.074336051940918,14
0.41230968,224.90239367,131.21938493,2.0,2.6,0.1961577,0.29065943,0.37381768,0.4449811,0.50825477,0.56476665,0.6164384,0.66398025,17
0.31805712,8.91773224,10.44237137,2.24677277,2.84492183,1.21804714,3.82972264,6.6027813,8.60407734,9.46963882,9.71019745,9.73629189,9.74053574,14
0.4871683,281.07522786,252.28587779,2.2,2.4,0.11856461,0.15276909,0.18739581,0.21380877,0.24196458,0.26909637,0.29469824,0.31909823,11
0.58872074,7.6982078,13.92115265,2.1,2.3,1.0195248,2.883342,4.185686,4.782446,5.0383024,5.19281,5.275016,5.326908,6
0.66823596,257.72109985,11.83520317,2.28645921,2.06857705,0.14241266,0.23637128,0.32622147,0.41066074,0.49137259,0.56661868,0.63722134,0.70405149,15
0.48979395,116.68762848,59.89611621,2.4,2.0,0.3926537,0.8561363,1.154582,1.3379679,1.4703817,1.5737965,1.6633139,1.7409668,10
0.62409499,270.27255787,333.99953258,2.9,2.5,0.13673258,0.17886472,0.21945047,0.26841855,0.3088119,0.3464465,0.38287735,0.41679382,4
0.84464603,181.65036915,315.32390779,2.74611809,2.68658515,0.14913678,0.21386957,0.27759743,0.34352303,0.40258145,0.45703435,0.50838709,0.55628204,4
0.8510576329984435,7.409575963533445,0.1252516577743367,2.6454550934644483,2.054840941693405,0.8559491634368896,2.250911235809326,3.1343202590942383,3.630212783813477,3.949372291564941,4.184149742126465,4.364737033843994,4.503022193908691,22
0.56463563,86.66992188,240.79933167,2.54576993,2.69921541,0.36261892,0.74099708,0.98653126,1.1418016,1.25200272,1.33792472,1.40538883,1.46244454,10
0.33392012,238.54884405,388.95617209,2.4,2.3,0.13865256,0.15119958,0.16751099,0.17434359,0.18314457,0.19144535,0.20037746,0.20779443,11
0.75762498,265.81681618,129.16361925,2.7,2.8,0.15959501,0.24738479,0.33347607,0.42226624,0.5037732,0.5796797,0.6516099,0.7202449,17
0.75973873,293.47876428,136.53283089,2.5,2.1,0.10719967,0.17271543,0.23250818,0.2869854,0.34177232,0.39523673,0.4465468,0.4955387,2
0.7003913267289882,26.17934164793181,0.0256833427334125,2.128562790415114,2.549231993207263,0.7236423492431641,1.9665234088897705,2.7321698665618896,3.105825662612915,3.3238837718963623,3.4831244945526123,3.6096150875091553,3.717087030410767,22
0.82429608,274.7204306,196.46999558,2.5,2.6,0.12857938,0.18281078,0.23626995,0.29287004,0.34948134,0.40155435,0.45015502,0.49820733,3
0.43414526,143.10224615,182.50227893,2.7,2.5,0.35681581,0.7198267,0.9518771,1.0999095,1.2092359,1.2962034,1.3683918,1.4281569,10
0.36238365,299.34285969,254.75213065,2.2,2.5,0.13553166,0.16167498,0.19067907,0.21129155,0.23243546,0.25317407,0.27347112,0.2916386,11
0.36527184,297.06874297,166.80925184,2.6,2.9,0.22366643,0.3229487,0.40479612,0.47624564,0.5406089,0.5984585,0.651356,0.69999886,17
0.4192314325404768,227.23154919426503,0.0202517798111199,2.3015315076409,2.303686570904495,0.2847118377685547,0.5305726528167725,0.7184848785400391,0.8712725639343262,0.998539924621582,1.1072771549224854,1.2011477947235107,1.2831180095672607,8
0.9598661,209.47063062,332.80406461,2.3,2.7,0.10997438,0.1435051,0.17939544,0.20999694,0.24065685,0.272753,0.30179977,0.33052754,11
0.97810459,292.33612061,140.06639099,2.27154827,2.61091661,0.10266256,0.16973376,0.22479725,0.27866125,0.33633804,0.39237618,0.44572234,0.49720073,2
0.5400589248222623,42.589730575298425,196.0741344593216,2.799419014582589,2.292674892190845,0.4845714569091797,1.1982505321502686,1.6297554969787598,1.787675857543945,1.8549461364746087,1.902920246124268,1.942655563354492,1.976500034332276,1
0.5040502970939614,259.6114665353056,354.70198571455086,2.0,2.1,0.0796413421630859,0.1008541584014892,0.117776870727539,0.1217434406280517,0.1334426403045654,0.1435976028442382,0.1529717445373535,0.1619629859924316,11
0.31867751,283.34230486,330.55624572,2.4,2.9,0.16125584,0.18070316,0.20321465,0.21760225,0.23630667,0.24876714,0.26121354,0.27470803,11
0.83689602,263.2856356,55.78832902,2.9,2.8,0.17349029,0.28111386,0.38706827,0.4969554,0.59716606,0.6925826,0.78318524,0.86994433,16
0.5127392739237852,3.4773904877321176,114.8314418127852,2.11572642907226,2.361111553285524,0.8526167869567871,2.5843212604522705,4.023775100708008,4.67501163482666,4.742383003234863,4.746396064758301,4.746668815612793,4.746750831604004,23
0.6145334919413367,2.174903378738912,0.0033637694860791,2.922811792438086,2.5488210740018724,1.2324137687683103,3.928747177124024,6.633951663970947,8.440040588378906,9.247377395629885,9.457258224487305,9.580581665039062,9.743600845336914,12
0.4494811322171877,12.566016518821902,28.288408876800727,2.29983902,2.93604088,1.0421557426452637,3.283182382583618,5.346906661987305,6.558345794677734,6.93283748626709,6.993951797485352,7.0285234451293945,7.047689437866211,7
0.51126134,53.5450858,26.28553477,2.1,2.6,0.6135917,1.560643,2.1231449,2.3842924,2.5314882,2.6425378,2.7274554,2.8037941,19
0.99437447,172.03542237,308.70654957,2.6,2.2,0.11246395,0.17224813,0.2277441,0.27961993,0.33040476,0.37934065,0.42532873,0.4693637,4
0.98348336,162.72348222,248.18875167,2.9362132,2.62306672,0.16142535,0.24288702,0.32767129,0.41393256,0.49246168,0.56540298,0.63434076,0.69914508,17
0.754599653544409,1.1965784099031556,97.12281912518336,2.546906183658267,2.5947127776148142,0.9598660469055176,2.9683141708374023,4.76725959777832,5.77396297454834,6.004654884338379,6.036049842834473,6.043247222900391,6.043894767761231,7
0.47654572,268.68317069,81.62065391,2.4,2.9,0.21470284,0.33971262,0.4532807,0.55302644,0.6430378,0.7246704,0.7988398,0.867795,16
0.9182928912102798,42.12039893537737,0.0189160150547204,2.073092332085537,2.692315164327888,0.4535424709320068,1.0322213172912598,1.4552602767944336,1.7654128074645996,2.0043814182281494,2.199312448501587,2.3627774715423584,2.5036394596099854,18
0.60799195,195.3351332,239.53420778,2.6,2.8,0.19408631,0.2886653,0.3792417,0.45961833,0.53258824,0.59883,0.6597564,0.71570563,17
0.96644425,204.79020691,267.76324463,2.37159944,2.25645471,0.10108566,0.15464854,0.20155072,0.24252176,0.28540587,0.32765293,0.36818552,0.40636897,4
0.56013707,124.78328693,161.96977869,2.0,2.3,0.23266482,0.39352465,0.51966715,0.6237242,0.7115321,0.78588176,0.85133123,0.9073813,17
0.3407265021634906,93.66386985007536,0.1039850484698641,2.762205900304283,2.049709213417312,0.6064066886901855,1.598106861114502,2.1920700073242188,2.4493050575256348,2.584904670715332,2.677478313446045,2.761654853820801,2.83546781539917,18
0.38710403,20.85933026,11.28356835,2.91241698,2.53393448,1.03693271,3.14859056,4.93774319,5.87103128,6.18061304,6.33068895,6.4260869,6.50426817,6
0.98026682,177.16547349,87.14156778,2.5,2.8,0.16935301,0.28731108,0.40186787,0.51411366,0.6194446,0.71852565,0.8117671,0.9004047,16
0.97934586,171.86372375,131.3367157,2.31887913,2.14191318,0.12661552,0.21152306,0.29067993,0.36631989,0.44010329,0.51037478,0.5762558,0.63873863,2
0.9967453179767236,250.82342112031267,393.5021185950863,2.6,2.0,0.0681211948394775,0.0999329090118408,0.1190006732940673,0.1191010475158691,0.1317222118377685,0.1472303867340088,0.1612422466278076,0.1718895435333252,11
0.848190478571331,0.8572532302998099,0.1928381893228433,2.905923206897801,2.2693606019260453,1.197011947631836,3.694069385528565,5.903824329376221,7.217199802398682,7.855071544647217,8.223331451416016,8.554618835449219,8.856996536254883,12
0.6614540532573185,92.80482483403092,0.1211812164246996,2.728860577346325,2.2799416746123544,0.4020872116088867,0.8806042671203613,1.2337791919708252,1.4903295040130615,1.689323663711548,1.8506577014923096,1.9859421253204343,2.104200601577759,18
0.52193262,296.03344876,95.2753112,2.8,2.7,0.2062397,0.319458,0.4293549,0.52971077,0.62041235,0.7041075,0.7817395,0.8542185,16
0.4424766942161781,16.01845721637148,0.3276050817678283,2.9,2.7,1.1006546020507812,3.3842878341674805,5.378505229949951,6.488779544830322,6.886127948760986,7.065405368804932,7.206251621246338,7.310389995574951,5
0.5415426000703004,7.267850429668474,0.0036247508213038,2.954532547017296,2.584005120127405,1.1550965309143066,3.5607709884643555,5.699882507324219,6.916650772094727,7.396080017089844,7.632133483886719,7.834478378295898,8.000226020812988,5
0.86771992,238.04560877,199.79097331,2.2,2.3,0.09958744,0.15690303,0.20755005,0.2516539,0.29884052,0.34469938,0.3880067,0.42926192,3
0.48318014,298.85879795,9.84926759,2.7,2.7,0.24180841,0.405293,0.5510149,0.68049884,0.7969637,0.9026611,0.99841833,1.0854938,15
0.70737715,96.01830182,97.79177121,2.1,2.3,0.26946092,0.50601816,0.69710803,0.85451484,0.98570657,1.0981629,1.1930735,1.274643,10
0.74763301,268.44879736,394.50484832,2.3,2.1,0.06802201,0.09657717,0.12175345,0.12431455,0.1346941,0.14686298,0.16050673,0.17178631,11
0.35081763,42.68710837,390.1243181,2.7,2.7,0.44050908,1.0180888,1.3269594,1.3474214,1.348253,1.3488905,1.3492692,1.349961,1
0.47481691,92.95334177,7.50122184,2.6,2.8,0.59049344,1.5144024,2.1095247,2.3990922,2.5674534,2.6959295,2.8028655,2.8916173,18
0.92059372,272.93442895,188.38694921,2.11619855,2.74150832,0.09830379,0.16327024,0.21816945,0.26979947,0.32275748,0.37480974,0.42463827,0.47318172,3
0.45516098,173.38194707,172.33433397,2.32448974,2.40605257,0.25834632,0.43736911,0.567518,0.67455435,0.76513839,0.84092021,0.90725827,0.96509051,17
0.9935301566812892,5.301547285578734,0.9628086835306756,2.6691803024328142,2.634883302968368,0.9201221466064452,2.546334743499756,3.635136604309082,4.230423927307129,4.599712371826172,4.869051933288574,5.078858852386475,5.250058650970459,5
0.78351135,131.54049686,192.84872082,2.4,2.5,0.19886851,0.32796407,0.45052576,0.5580585,0.6546593,0.7425437,0.8224058,0.8949137,17
0.44415781,293.27935791,273.94198608,2.13514519,2.10349274,0.09440351,0.11989403,0.14081502,0.15241075,0.17027712,0.18645072,0.2012713,0.21548343,11
0.56168622,8.9722929,2.01118374,2.07625556,2.23690081,1.04459953,3.01267028,4.44212627,5.0902462,5.34474373,5.47962666,5.56842709,5.62188721,6
0.85612921,171.29684291,116.28553342,2.2,2.5,0.15652514,0.25886846,0.3594644,0.45293355,0.54028535,0.62240696,0.6991141,0.7711103,16
0.6402085311418407,48.46689997037332,17.026849871004487,2.519619865627156,2.3446700789979733,0.5822131633758545,1.4813990592956543,2.04639196395874,2.3498611450195312,2.545933723449707,2.696357250213623,2.8210787773132324,2.9265241622924805,19
0.50471128,24.97902676,97.70487837,2.58982087,2.79506897,0.81100273,2.34642291,3.48823428,3.99145675,4.13706398,4.17785645,4.19693661,4.21337032,23
0.62071871,132.30342804,28.84685432,2.6,2.8,0.36057067,0.736995,1.0261564,1.2533531,1.4371071,1.5906358,1.7200155,1.8315496,9
0.46760944,252.15058761,92.52177457,2.2,2.3,0.18415236,0.2846408,0.37860894,0.46101356,0.53552055,0.60366344,0.66548204,0.7228999,16
0.74126784,134.01206602,165.11850569,2.1,2.4,0.17956829,0.29306126,0.39926767,0.49398708,0.5790713,0.6558757,0.7256124,0.78902197,17
0.83295529,165.64224177,221.09332741,2.7,2.1,0.14995813,0.2408061,0.3303933,0.41435242,0.4919355,0.5644028,0.63258123,0.6965108,17
0.3066669,249.93450408,302.56654806,2.7924646,2.09911404,0.14834619,0.16528416,0.1848104,0.19643307,0.20736003,0.21915841,0.23087907,0.24078226,11
0.34052329,123.93968519,116.92120655,2.7,2.9,0.52675486,1.327424,1.8461089,2.040378,2.1248837,2.1883636,2.2429633,2.292028,0
0.6296173692085715,8.168013990506667,28.49579044016159,2.66643047,2.08928752,0.9277491569519044,2.645559310913086,3.8474349975585938,4.408884525299072,4.692358493804932,4.871093273162842,4.989635944366455,5.063499450683594,23
0.30397525,18.62280655,28.83684349,2.95625114,2.78630257,1.13551092,3.44877481,5.62553215,7.01286697,7.40935707,7.47399712,7.51487064,7.53229427,7
0.84884325,56.31866662,282.45747668,2.2,2.4,0.23834085,0.406924,0.53655887,0.6415751,0.727092,0.7977824,0.85780454,0.90767884,17
0.95307464,88.63079062,129.88896689,2.6,2.8,0.2615211,0.48487568,0.68490005,0.8621304,1.0184429,1.1583147,1.2814026,1.3919768,10
0.30767971,178.91542053,316.82131958,2.62422514,2.80583978,0.29847503,0.49181724,0.57707882,0.6366694,0.6868875,0.7291429,0.7655561,0.7976501,21
1.0,42.90372064,174.23920754,2.0,2.0,0.24287534,0.45479226,0.62986231,0.7748704,0.89534712,0.99644756,1.08259916,1.1554327,10
0.76475339,193.08132553,141.92228192,2.3,2.9,0.16560006,0.26270056,0.3606143,0.4490242,0.5310509,0.60866284,0.68046284,0.7475927,17
0.3570136329244739,1.169075863626989,0.0126978272729547,2.9712554496090746,2.8149802926199903,1.317464828491211,4.442936897277832,8.167181968688965,11.615878105163574,13.552560806274414,13.570623397827148,13.577869415283203,13.584074020385742,12
0.3157682707507575,2.5926592154944794,0.012256447818122,2.933803802180937,2.725352297083028,1.291170597076416,4.316869735717773,7.853427410125732,11.001237869262695,12.89804458618164,12.938434600830078,12.94387435913086,12.948591232299805,12
0.7982241566430447,192.1398204039908,0.0556335771829473,2.0339542781357203,2.278262801312036,0.1620562076568603,0.2866754531860351,0.4062607288360595,0.5185580253601074,0.6241354942321777,0.7227892875671387,0.8157429695129395,0.9021501541137696,15
0.51155183,288.23612914,298.13717674,2.4,2.6,0.12240052,0.15598679,0.18810081,0.21384168,0.24002719,0.2648325,0.2871213,0.30975103,11
0.77398386,176.12198403,118.34531708,2.2,2.5,0.16673136,0.2729907,0.37764096,0.47383857,0.5617535,0.6440141,0.7200146,0.7908447,16
0.3053485552461695,1.6278398811266332,119.70019179950052,2.2849148247498343,2.66756768919516,0.9256207942962646,2.909029722213745,4.796102523803711,6.014713287353516,6.270120620727539,6.270373344421387,6.27037525177002,6.27037525177002,7
0.9227850956633618,2.5096368258744715,4.011517066499681,2.851823795322126,2.8172322434351167,1.123115062713623,3.340079069137573,5.074848175048828,6.008057594299316,6.508381843566895,6.874940872192383,7.181693077087402,7.406072616577148,6
0.68558941,31.45263663,7.65928068,2.25805968,2.34322576,0.66271353,1.73797917,2.39221549,2.72485185,2.92954659,3.08463931,3.2083652,3.31546283,22
0.69842105,215.80818282,294.22176582,2.4,2.1,0.10907054,0.15464425,0.19841981,0.2346909,0.27175617,0.30691624,0.3409412,0.37261987,4
0.91255208,275.43352637,230.64984059,2.29073943,2.19273747,0.08349538,0.13209414,0.17231679,0.201653,0.23679948,0.27309394,0.3078146,0.34076333,11
0.92964227,153.8300919,56.53162682,2.8,2.8,0.22109365,0.388474,0.55151415,0.7050967,0.84621954,0.97705793,1.0981572,1.2110136,16
0.61687591,158.06335497,61.94072869,2.73924571,2.97149308,0.336869,0.65835905,0.91520333,1.12872624,1.3076694,1.46056247,1.59146857,1.70713687,10
0.40587046,121.96309036,208.58604474,2.4,2.7,0.35519505,0.7050426,0.9065032,1.0181918,1.0979247,1.1620457,1.2134209,1.2593937,21
0.7405939860445736,11.029777667587542,0.1247752452678007,2.351843603140895,2.050321268343216,0.8420271873474121,2.247801780700684,3.1254653930664062,3.5794739723205566,3.848024368286133,4.035621166229248,4.169968128204346,4.285440921783447,22
0.83747153,86.03453798,253.7412632,2.45142502,2.42260466,0.22102928,0.37164402,0.50299644,0.61482882,0.71208358,0.79774737,0.87293839,0.93936253,17
0.87601633,65.62160333,267.77668717,2.4,2.7,0.2509663,0.4403441,0.5926602,0.71882105,0.8250601,0.91568255,0.9926002,1.0585775,17
0.8713510653970361,0.7619595543535472,0.0483464631591033,2.8668255933666287,2.956850805381877,1.275158166885376,4.088948249816895,6.840364456176758,8.611838340759277,9.487589836120604,9.90830421447754,10.191173553466797,10.444109916687012,12
0.31753753,79.67854604,308.06841366,2.04127272,2.27336668,0.33990932,0.65528607,0.77547121,0.79953671,0.81889248,0.83544326,0.84968328,0.86214232,21
0.42369094,170.6507641,368.92493865,2.6,2.9,0.222404,0.2933662,0.3404932,0.3814044,0.41731524,0.44928527,0.4785037,0.50511265,4
0.89626288,15.80883217,47.53394318,2.91649389,2.03289509,0.60077596,1.46702957,2.02511072,2.34995794,2.56793928,2.72525024,2.85580063,2.9634552,19
0.31712649,140.84420574,184.4792909,2.2,2.7,0.3568833,0.704355,0.8813708,0.96523476,1.0268917,1.075922,1.1167505,1.1507645,21
0.6378303765209057,2.200274378954949,0.0424015932842595,2.354176591155316,2.1670931980004875,1.146773099899292,3.57107162475586,5.80416202545166,7.163219451904297,7.71055793762207,7.932079315185547,8.083827018737793,8.194174766540527,5
0.59531416,286.2790833,267.99205978,2.7,2.4,0.13188672,0.18008852,0.2262435,0.27412152,0.31919265,0.3602183,0.3987019,0.43587947,4
0.3499716606080109,32.210730182721974,0.0041995672907399,2.7075585046796222,2.355508376639368,0.9628021717071532,2.8562185764312744,4.327732086181641,5.002230644226074,5.249849319458008,5.389883041381836,5.481168746948242,5.538163185119629,5
0.4008058048159249,13.14726015286634,7.4311814459648895,2.59336352,2.63749409,1.112748384475708,3.491039991378784,5.712700843811035,7.056037902832031,7.519567489624023,7.623733520507812,7.678568840026855,7.721562385559082,6
0.4278954731073532,101.70141805398433,24.162268447624378,2.6011882212485498,2.08768091503034,0.4859161376953125,1.184501886367798,1.604834794998169,1.8164160251617432,1.951116323471069,2.062013864517212,2.155231714248657,2.231923341751098,19
0.6702512,183.63209136,213.26579403,2.69662876,2.6634548,0.20061183,0.31268907,0.41977692,0.51588106,0.60241699,0.68161249,0.75437808,0.82136869,17
0.5904540837514244,14.436020701985806,0.008361590225582,2.747882964499769,2.969622157210664,1.0408170223236084,3.1495816707611084,4.8650970458984375,5.748802185058594,6.122262001037598,6.334733963012695,6.500999450683594,6.604924201965332,5
0.83538309,222.72464222,24.33195666,2.6,2.6,0.1763246,0.2996974,0.41937995,0.5353143,0.6442182,0.7466152,0.84327626,0.93465066,15
0.92389798,235.0650177,254.9090271,2.39510012,2.38474464,0.10270667,0.1580925,0.20538449,0.24821949,0.2926321,0.33645797,0.37792635,0.41788435,4
0.3573542874048211,1.1990868825832992,0.0287084809506768,2.815539629124793,2.5535632290463,1.2791850566864014,4.266439437866211,7.751672744750977,10.892898559570312,12.74302864074707,12.775653839111328,12.781314849853516,12.786093711853027,12
0.7475877390781543,1.0709558083284598,57.01811524057925,2.28739119,2.27496958,1.0082650184631348,3.1118509769439697,4.983729362487793,6.051437377929688,6.358257293701172,6.385382652282715,6.393596649169922,6.395175933837891,7
0.72108152,97.93646715,260.59330002,2.9,2.2,0.26072454,0.46851325,0.63315105,0.772228,0.89003897,0.9904175,1.0769401,1.1522944,10
0.789269911425284,6.3915602672180745,0.0052055371406769,2.9493615020825663,2.364119800147386,0.9964027404785156,2.802133560180664,4.052079200744629,4.699604511260986,5.104615211486816,5.410150527954102,5.646716117858887,5.822101593017578,5
0.84097197,67.57471839,11.59603163,2.5,2.5,0.39511514,0.84419441,1.19403791,1.46580029,1.68141603,1.85906506,2.00787687,2.13617992,9
0.35782613,182.95853557,22.11552827,2.0,2.7,0.351516,0.709651,0.9367745,1.0839756,1.1957822,1.2862175,1.3628223,1.4310415,9
0.51049759,168.01607199,299.17892803,2.6,2.5,0.21400476,0.31220317,0.3924172,0.46039057,0.52090955,0.5751531,0.623137,0.66632915,17
0.7092074095873987,4.595441060434425,51.889230547135455,2.32398096,2.44521466,0.9605319499969482,2.873504638671875,4.358454704284668,5.058568477630615,5.305568218231201,5.407351493835449,5.464395523071289,5.491970062255859,7
0.9993,109.32605124,223.4491838,2.85167338,2.53835851,0.19079447,0.31543851,0.43709159,0.5485003,0.65054631,0.74366832,0.82929373,0.9089148,17
0.7298295339569941,15.37314081302233,0.2629080231233537,2.564491146088907,2.46951029848422,0.8549480438232422,2.371088743209839,3.369202375411988,3.874399423599243,4.15736198425293,4.3564453125,4.506311416625977,4.625858306884766,22
0.76257406,215.70824112,171.58265964,2.7,2.3,0.15288973,0.2432859,0.33194876,0.415565,0.49468756,0.5687678,0.6377125,0.70353127,17
0.85301765,246.92350567,90.80135571,2.75231031,2.04933489,0.11978674,0.19134259,0.25713778,0.32197666,0.38599563,0.44798613,0.50661635,0.56291914,2
0.58929783,187.00410578,384.07192257,2.5,2.8,0.1535778,0.18994856,0.22806168,0.26256585,0.29441667,0.32227135,0.3483994,0.37342286,4
0.6997470958110359,2.783289711511507,0.1055418965700194,2.6892702459445816,2.6554905305554617,1.1939005851745603,3.7096569538116455,5.983836174011231,7.30211067199707,7.885308265686035,8.172687530517578,8.409592628479004,8.61542797088623,12
0.66716158,135.08880615,157.19009399,2.72244787,2.995718,0.30566359,0.56958318,0.78249311,0.96301174,1.11657453,1.2488451,1.36381459,1.46498942,10
0.5719124782686253,3.3001396030467527,0.4505262286718718,2.12294801574968,2.211949574328712,1.129410982131958,3.5363428592681885,5.767516136169434,7.130207061767578,7.660751342773437,7.816367149353027,7.908388137817383,7.976726531982422,5
0.96146697,297.42382812,12.8828001,2.50341558,2.50966668,0.13218713,0.21206784,0.28597951,0.36448073,0.44354367,0.51877618,0.58995748,0.65976071,2
0.36354593,63.25531628,400.0,2.01039621,2.7907986,0.34503102,0.72589684,0.9105041,0.94481039,0.96002269,0.97353888,0.98531699,0.99567437,21
0.6987555179411536,9.543584231874956,0.0384438376875865,2.100243215853073,2.280319938834323,0.9311211109161376,2.6395061016082764,3.783820867538452,4.317866325378418,4.586926460266113,4.753927230834961,4.885584831237793,4.975864410400391,22
0.58357592,223.70656377,9.04948536,2.7,2.1,0.22925544,0.407022,0.5684104,0.71217227,0.8419719,0.958894,1.0644429,1.1607814,15
0.539679295102042,1.1640049850264158,21.06100414357732,2.628273032929317,2.3012930373519183,1.1533918380737305,3.7067246437072754,6.387498378753662,8.379369735717773,9.320770263671877,9.447551727294922,9.448877334594728,9.449991226196287,14
0.8441356887439003,0.9212852853408232,0.3228332128261456,2.79845935679397,2.20969510826111,1.1790783405303955,3.6166839599609375,5.733551979064941,6.967495918273926,7.568574905395508,7.940155982971191,8.250789642333984,8.528159141540527,13
0.8867281153302843,1.14763738040453,0.0248431231609787,2.9349527476808213,2.809899077736494,1.2311911582946775,3.81366777420044,6.109199047088623,7.472151279449463,8.149845123291016,8.561344146728516,8.939352035522461,9.265151977539062,12
0.65301597,41.36207855,389.47497366,2.8,2.5,0.35447502,0.70729613,0.904809,0.9936185,1.0404663,1.0755365,1.1019037,1.1227217,21
0.51257291,210.55179812,122.79405433,2.2119892,2.03660504,0.1684413,0.25825787,0.34155226,0.41626477,0.48338199,0.54404616,0.59929323,0.65119624,2
0.60653048,287.63965703,232.22046202,2.8,2.6,0.14909267,0.20869589,0.26721644,0.32872725,0.38416195,0.43504834,0.4838984,0.52952933,3
0.66797448,240.20980769,81.80136457,2.68486139,2.63649588,0.19352436,0.31522059,0.43436551,0.54476762,0.64684319,0.74100518,0.82848549,0.91061497,16
0.73683656,142.99365662,227.99247808,2.3,2.5,0.17460656,0.2693143,0.36193466,0.44358134,0.51667905,0.5838611,0.644912,0.7011626,17
0.89868095,17.2569284,129.78785662,2.1,2.4,0.49481654,1.1668136,1.580857,1.8003957,1.9323905,2.029796,2.1026666,2.161104,20
0.8686974024188033,1.7037704803490854,0.0042039199007883,2.5860962436507875,2.871261625465188,1.1887388229370115,3.658282518386841,5.7741289138793945,6.976035118103027,7.564312934875488,7.921023368835449,8.22097396850586,8.461861610412598,12
0.33743597,199.11782272,102.94845336,2.8,2.4,0.3822267,0.8121028,1.0818374,1.2356775,1.344362,1.4307506,1.5048349,1.5689845,10
0.3999346057435847,1.989126642221413,2.722895201257232,2.08498859511903,2.3697765337982584,1.1887781620025637,3.9406330585479736,7.005351066589356,9.533806800842283,11.070582389831545,11.156268119812012,11.161605834960938,11.166244506835938,14
0.44987193,58.53007721,74.23091856,2.18307135,2.70070124,0.65433908,1.81596088,2.565207,2.83745813,2.93436098,2.99730968,3.05220032,3.09960032,23
0.94189143,11.70169258,175.69592285,2.00529981,2.25813818,0.50515294,1.22404313,1.64526367,1.82268238,1.91052651,1.96247506,1.99823093,2.02600622,0
0.3710862413328473,17.115098240627127,0.0293009928903029,2.881975474682693,2.943110757038228,1.1550188064575195,3.663058280944824,6.100574016571045,7.660746097564697,8.249187469482422,8.36623764038086,8.427932739257812,8.489778518676758,12
0.6560868,75.10561371,6.64965343,2.04655576,2.57435918,0.45868993,1.06160617,1.46431947,1.72194982,1.91363525,2.06742525,2.19159603,2.29889917,18
0.77305983,268.3897168,67.83477775,2.5,2.3,0.13612747,0.2245245,0.30823326,0.38824296,0.46600986,0.53957987,0.61032844,0.67746997,2
0.79962258,20.25556199,121.17509809,2.6,2.8,0.623116,1.6206913,2.2734103,2.591887,2.7604814,2.8756242,2.9613853,3.0288968,23
0.65876133,107.41068265,303.92290871,2.0,2.2,0.15987825,0.22196245,0.27760172,0.32584214,0.3692186,0.40761638,0.44142056,0.47183347,4
0.7347436629436344,1.2151664727508706,183.0883552084882,2.911201487061855,2.033858296245715,0.6890618801116943,1.9489731788635247,2.7989144325256348,3.0721163749694824,3.107779026031494,3.1079578399658203,3.1082301139831543,3.108337879180908,0
0.62094748,203.28634401,366.77356093,2.4,2.1,0.10820842,0.13873339,0.16967821,0.19167185,0.21536183,0.23653412,0.2579105,0.2779715,11
0.39489291,97.40814778,228.40348292,2.03133138,2.63078653,0.38878345,0.88688087,1.1775713,1.29491711,1.36328626,1.41833782,1.46408653,1.5028441,21
0.90235693,288.1265039,253.66416396,2.76793935,2.03346602,0.08226681,0.12411475,0.15032697,0.17157173,0.1987412,0.22810411,0.25561047,0.28070593,11
0.3238794822074157,2.7665464413006533,5.534783071137752,2.41221237,2.10555553,1.1640589237213137,3.779468297958374,6.609633445739746,8.912569999694824,10.30937957763672,10.41605281829834,10.421083450317385,10.425387382507324,14
0.3772129008794258,244.1231009326571,0.0059695406288676,2.4545506858203776,2.9854167236866687,0.3769421577453613,0.8050801753997803,1.1016767024993896,1.3080101013183594,1.4673449993133545,1.5966477394104004,1.7072100639343262,1.8025946617126465,8
0.6841081902868709,200.080111671114,0.0347900867748485,2.455781303585028,2.917102996185616,0.2582042217254638,0.4678788185119629,0.6612615585327148,0.83479905128479,0.9906895160675048,1.131359338760376,1.259005784988403,1.3742163181304932,8
0.9558279,7.10495153,196.52489765,2.81596841,2.02868281,0.52581692,1.28736424,1.73088908,1.89470506,1.93599677,1.94432187,1.95061278,1.9564712,1
0.86216266,104.09714416,326.10645762,2.9840624,2.41000159,0.1823318,0.26944685,0.35319257,0.42592716,0.49165726,0.55029941,0.60366201,0.65227079,4
0.82905813,133.61174286,290.41130829,2.2,2.5,0.14326215,0.20736861,0.27311492,0.3313384,0.3844397,0.43355656,0.47879815,0.5208912,4
0.30593735,35.15999603,40.42993546,2.5954442,2.88939762,0.99241948,2.9896524,4.72783756,5.67345619,5.91393185,5.96907902,5.98728275,5.99603367,7
0.3,164.77331684,144.48035552,2.0,2.0,0.29565501,0.52903152,0.65101218,0.72890687,0.78775096,0.83863568,0.88068104,0.91622186,21
0.3403599056626872,81.41132440972471,0.0162530201244787,2.789443834258732,2.3824203696264235,0.728790283203125,2.049546241760254,2.9380412101745605,3.3205819129943848,3.4945178031921387,3.589696884155273,3.661170959472656,3.7248964309692383,22
0.7018286,46.56482315,277.91879272,2.34530592,2.6333766,0.37141609,0.78392076,1.04858398,1.20035601,1.2969048,1.3680675,1.42539072,1.47049332,10
0.64612895,5.12101507,1.43546653,2.48481321,2.11047935,1.09239554,3.09603262,4.54354191,5.24985361,5.60588217,5.86935282,6.04719973,6.15706015,5
0.37131355,265.41843092,85.16818833,2.43285003,2.42748404,0.2432785,0.39589214,0.51446581,0.61481285,0.70191455,0.77823114,0.84688115,0.90803671,16
0.37026588,25.02764721,113.43154046,2.2,2.5,0.76329064,2.1218734,3.059916,3.3890395,3.4536214,3.457848,3.4620676,3.4663095,23
0.343377489908497,4.866168180632205,28.033546270720343,2.13844538,2.38920975,1.0947561264038086,3.534447431564331,6.065070152282715,7.906258583068848,8.656000137329102,8.691681861877441,8.692233085632324,8.692763328552246,14
0.30868557,268.59567536,286.75080923,2.5,2.0,0.16250324,0.19367242,0.22795892,0.2570002,0.28369904,0.3072722,0.3300674,0.3512671,11
0.30000001,240.63400269,317.69790649,2.0,2.0,0.11427832,0.12795448,0.13696933,0.14238191,0.15067053,0.15820003,0.16474414,0.17174935,11
0.9427657510266956,0.9014122138884508,0.8505975774821697,2.173701978522103,2.421661435274159,1.1423425674438477,3.483557939529419,5.398014068603516,6.4549665451049805,6.98043155670166,7.312556266784668,7.572517395019531,7.770332336425781,5
0.61645997,62.98707962,221.58674622,2.86847305,2.13631535,0.3383801,0.66697145,0.8737433,1.00004721,1.09098554,1.16184831,1.21700788,1.26374555,10
0.6237399,209.732598,336.38950114,2.1,2.8,0.10987949,0.1397543,0.16624355,0.18469834,0.20311856,0.22287512,0.24235511,0.2597816,11
0.99965841,18.89839554,41.19384384,2.29012156,2.01116824,0.48833108,1.11611795,1.54120064,1.81691289,2.01856732,2.17905498,2.3101356,2.41970992,19
0.76472377,112.15785435,261.87649161,2.1,2.6,0.16983247,0.2533388,0.3335924,0.403718,0.465724,0.5216453,0.57189655,0.61799717,4
0.7231344,104.15826416,10.77221203,2.03003907,2.00681853,0.26824999,0.5158143,0.72321415,0.89763951,1.04563975,1.1733954,1.28283596,1.38009596,9
0.3061941,32.19049382,95.27198694,2.8,2.3,0.8609979,2.5749023,3.974933,4.625,4.729541,4.7332945,4.7348022,4.736128,23
0.3,265.04848828775266,259.8586632902702,2.87574381,2.21388087,0.1825337409973144,0.2206366062164306,0.2566964626312256,0.2825686931610107,0.3093624114990234,0.3336048126220703,0.3554584980010986,0.3762636184692383,4
0.6230546396129747,26.11369491427582,0.0198223056669195,2.2007419652002174,2.9974038134084307,0.8315432071685791,2.444633960723877,3.574777126312256,4.095813751220703,4.334083557128906,4.4827165603637695,4.594895839691162,4.681178569793701,22
0.34386284,270.56088965,45.68876492,2.4,2.5,0.28040338,0.48946452,0.63758135,0.757705,0.85908747,0.9467392,1.0216691,1.0884368,16
0.75664032,152.7013855,324.2399292,2.97483373,2.12672377,0.13518286,0.18123651,0.22821569,0.26473713,0.30081081,0.33567286,0.36713982,0.3969233,4
0.74401284,108.6972823,167.89860584,2.0,2.0,0.18291783,0.30844474,0.42060661,0.51833296,0.60518479,0.6818521,0.75050521,0.81238699,17
0.6083771,2.45564103,20.71663475,2.15607572,2.05253077,1.09389997,3.23161721,5.0267849,5.96401978,6.25126457,6.37089539,6.44536972,6.45615578,7
0.49395183,3.11867028,72.86770707,2.3,2.4,1.0106862,2.9946182,4.710623,5.6221943,5.780402,5.8012056,5.803258,5.803731,7
0.82895992,83.31713123,59.70968772,2.76702442,2.25521439,0.30911756,0.61459422,0.8665154,1.0765574,1.25241947,1.40126753,1.52843714,1.64000797,10
0.4529669343954953,1.091162764157203,31.513406245755423,2.7474954322701617,2.414868908005314,1.1495587825775146,3.7258942127227774,6.508981704711914,8.660845756530762,9.755033493041992,9.821292877197266,9.821332931518556,9.821332931518556,14
0.64358455,74.62638369,360.39629404,2.8,2.3,0.27629995,0.47969532,0.61000204,0.70759225,0.7843125,0.84759974,0.8989115,0.9435518,17
0.71020375854454,2.8867210178286764,32.387905208471444,2.95747685,2.24325442,1.0401368141174316,3.0968241691589355,4.737207889556885,5.574088096618652,5.928534507751465,6.160253524780273,6.331887245178223,6.437713623046875,7
0.56222874,40.86586975,70.75658907,2.8,2.9,0.71298933,1.9686928,2.8271675,3.2199874,3.3972516,3.5046244,3.5866437,3.65489,23
0.40694678,24.77433698,187.59429476,2.19253202,2.77280816,0.68157029,2.00672722,2.98609209,3.33032274,3.34938812,3.35021496,3.35072088,3.35164595,23
0.6941825906747184,40.42702158641788,14.060353686698305,2.8625712875843954,2.564657640599492,0.6422932147979736,1.6818907260894775,2.365802526473999,2.738693952560425,2.975526571273804,3.151429414749145,3.294984579086304,3.4209916591644287,18
0.98118269,11.38845598,150.01068989,2.2,2.0,0.50819445,1.217797,1.6396029,1.8418794,1.9549322,2.0304866,2.0840702,2.1247082,0
0.65664331,232.23349127,219.90953512,2.0,2.6,0.11329627,0.15975809,0.20209861,0.23959327,0.2786801,0.31491256,0.34931207,0.38183355,3
0.674695314224943,5.139094413695528,0.0512369884213473,2.80377163335012,2.9717538715592258,1.1679508686065674,3.61147403717041,5.772035598754883,6.998592376708984,7.537971496582031,7.830451011657715,8.065408706665039,8.250463485717773,5
0.854008644459744,130.03621718956066,0.4694267218045944,2.622574659906993,2.9163305443725216,0.2938199043273926,0.5578911304473877,0.7987768650054932,1.0136394500732422,1.2043404579162598,1.374825954437256,1.527069091796875,1.6635146141052246,8
0.3209548152491137,8.978602801304769,0.0062926269451719,2.6661244295911835,2.960238532316526,1.2379858493804932,4.073844909667969,7.218871593475342,9.663278579711914,10.91474151611328,11.03915786743164,11.043930053710938,11.048517227172852,12
0.9993136644756684,0.9814112262357167,77.4340457642448,2.132443081334632,2.3200074756954936,0.9143831729888916,2.7110354900360107,4.06912899017334,4.691532135009766,4.886126518249512,4.952239036560059,4.964622497558594,4.967142105102539,23
0.61186827,211.51833905,195.59698938,2.3,2.5,0.1576953,0.23155594,0.3068173,0.373137,0.43417025,0.490942,0.54378486,0.59300184,3
0.90856459,60.62999429,365.10751701,2.1,2.4,0.16560888,0.22967887,0.29020286,0.33997178,0.38266015,0.41884613,0.45070624,0.47847772,4
0.5153980069849848,44.513450048608654,35.61689533201279,2.9259561959733134,2.8572987864235184,0.7690670490264893,2.209197998046875,3.228917598724365,3.717463493347168,3.943976402282715,4.071303844451904,4.170716762542725,4.25269889831543,23
0.4263103,13.88512611,2.17468047,2.07339454,2.41860986,1.07561374,3.21664262,4.98053265,5.88107586,6.10207367,6.19051647,6.2361393,6.26411152,6
0.55920458,51.73578262,69.22505188,2.30474615,2.80023122,0.62084436,1.66682458,2.33269048,2.62018657,2.76083541,2.86099982,2.94448352,3.01369977,23
0.6336268064582741,0.7203922356604985,0.2593079674721473,2.546654845173118,2.996242111993173,1.2888901233673096,4.325116157531738,7.824150085449219,10.728819847106934,12.513872146606444,12.643853187561035,12.654196739196776,12.662775039672852,13
0.8971719262171434,1.5816653248452104,0.0202360681855583,2.793114956191724,2.920167934436245,1.203141689300537,3.6906967163085938,5.82939338684082,7.04942798614502,7.663956642150879,8.062945365905762,8.417020797729492,8.690808296203613,12
0.70906746,208.51104736,126.43369293,2.70256042,2.20853615,0.16059995,0.25287747,0.34446812,0.42860436,0.50637937,0.57870317,0.64613771,0.70971918,16
0.78698649,69.89799424,209.69559414,2.93326426,2.05608656,0.25605011,0.45886493,0.61633849,0.74404955,0.84987473,0.93865442,1.01402187,1.07909489,17
0.7266591314756604,1.5266348432727854,9.63908668164914,2.64081287,2.60767984,1.1932871341705322,3.765899658203125,6.223294734954834,7.77129602432251,8.431198120117188,8.65943717956543,8.821170806884766,8.954082489013672,14
0.31713257,297.86875167,146.68390552,2.32373839,2.75263709,0.24694943,0.38893247,0.48856401,0.57339907,0.64834619,0.71407413,0.77349663,0.82568741,17
0.7870572,150.20164491,378.22276939,2.5,2.4,0.13604212,0.1820941,0.23032522,0.2732737,0.31330442,0.3505299,0.38458967,0.4164498,4
0.478229964579724,0.9666896564299008,0.182658722990287,2.43866076178968,2.664534510077197,1.2670223712921145,4.247327327728272,7.715042591094971,10.761590957641602,12.666753768920898,12.719987869262695,12.726125717163086,12.731281280517578,12
0.65022422,243.2434457,392.48618711,2.9,2.8,0.15262794,0.17612839,0.21582627,0.2592299,0.2927177,0.32597542,0.35646868,0.3861115,4
0.70677852,272.0024711,392.53630183,2.23714095,2.82636024,0.09961176,0.13348126,0.15814567,0.18405676,0.21311212,0.23877645,0.26119208,0.28370309,11
0.45816936,79.59736387,384.46382514,2.3,2.5,0.25810814,0.3805399,0.42507958,0.45766544,0.48438525,0.5073135,0.52623177,0.54186225,21
0.5771981216734491,161.20052547929342,373.5255826037009,2.92607784,2.25426722,0.1558003425598144,0.1916732788085937,0.2306210994720459,0.2596874237060547,0.2882823944091797,0.3140373229980469,0.3378190994262695,0.3602850437164306,4
0.6918374378495599,12.486260650685916,3.4601319602686047,2.0707040540236705,2.0012734407540047,0.8310413360595703,2.241355657577514,3.1077969074249268,3.5190975666046143,3.743296384811402,3.8962576389312735,4.0064897537231445,4.102131843566895,22
0.7610908627270164,5.4875978027146015,0.0149081239734767,2.077398855326269,2.4263539558222704,1.0050771236419678,2.925697088241577,4.2964935302734375,4.944540023803711,5.263011932373047,5.471157073974609,5.622308731079102,5.733834266662598,5
0.9661005130243102,50.12122754090088,0.5997767522925354,2.9432394212795687,2.90736217804454,0.4634113311767578,1.032480239868164,1.48002290725708,1.822152137756348,2.090641021728516,2.310386657714844,2.4957079887390137,2.656266689300537,18
0.67552934,262.21181681,11.43906569,2.3,2.7,0.16952205,0.2788446,0.38618875,0.48635697,0.57954836,0.66798663,0.75023985,0.82739663,15
0.99828422,169.44831848,196.84667969,2.6695478,2.73305297,0.15749598,0.25433803,0.34733081,0.44243026,0.52999163,0.61191988,0.68948698,0.76284194,17
0.6693936431270707,0.9162921638246512,2.509120756529579,2.2656424660319976,2.5046702651936528,1.2168278694152832,3.986816644668579,6.939433097839356,9.094599723815918,10.161523818969728,10.312541007995604,10.323745727539062,10.332962036132812,14
0.57448176,134.8207173,267.75604529,2.49642496,2.61577684,0.24498367,0.39904785,0.51662493,0.61537933,0.69969201,0.77261162,0.83707476,0.89369917,17
0.94841343,8.98106289,4.95429325,2.22498536,2.47246861,0.79288745,2.08940363,2.88764429,3.31060982,3.57146978,3.75846624,3.906003,4.02206182,22
0.58708551,44.13219571,138.89920735,2.5,2.6,0.5535941,1.4117477,1.9520223,2.1796367,2.2871754,2.3645895,2.4285395,2.480294,0
0.99462551,152.02177429,271.05953979,2.12937212,2.1449554,0.10188007,0.15775442,0.20872569,0.25447369,0.30177474,0.3459332,0.38708401,0.42624807,4
0.5175435935838351,19.63100572187194,0.022848852064382,2.030761573992191,2.615841210745545,0.9371452331542968,2.80472993850708,4.203001976013184,4.820867538452148,5.047360897064209,5.160679340362549,5.243264675140381,5.309179782867432,5
0.6021373338431429,133.6315162440078,0.0295533575211947,2.9520741648611883,2.510818747979632,0.3832602500915527,0.8133981227874756,1.1395998001098633,1.38679838180542,1.5828580856323242,1.7451515197753906,1.882312297821045,2.000504970550537,8
0.53865773,263.38824766,286.10403926,2.2,2.4,0.11096382,0.14324784,0.17508912,0.19762492,0.22236705,0.24670792,0.2707467,0.29250884,11
0.61274143,150.07271405,152.36020084,2.17520965,2.99687434,0.26780367,0.4927752,0.67681837,0.83305812,0.96783853,1.08495855,1.1864059,1.27567172,10
0.89587986,145.48120117,319.8956604,2.67263174,2.61299753,0.15180206,0.22253251,0.29342985,0.36074781,0.42290282,0.47980332,0.5325067,0.58197975,4
0.93415342,116.8393388,200.33071325,2.6,2.1,0.1711328,0.2897787,0.40440178,0.50951004,0.6061907,0.695163,0.7780335,0.85470605,17
0.39404643,279.05862537,93.00309094,2.7,2.6,0.25974107,0.43107438,0.56359386,0.67848706,0.7789631,0.8674376,0.9465034,1.0175755,16
0.65196413,285.47347412,227.56501007,2.2,2.9,0.11913013,0.16038442,0.20322275,0.23779988,0.27487898,0.31112957,0.34398794,0.3765335,3
0.60822427,296.59429932,282.83111572,2.93423271,2.24237299,0.11270118,0.14135957,0.1726284,0.19239426,0.21673393,0.24196005,0.26321411,0.28569841,11
0.31039992,178.5317347,13.71716959,2.1,2.8,0.42048264,0.93103004,1.2265539,1.3761792,1.4796033,1.5629797,1.6346483,1.6972599,18
0.88894357,169.98607993,318.30342766,2.7,2.3,0.1299212,0.19322777,0.25445747,0.3136232,0.36969995,0.42238975,0.47130084,0.51763606,4
0.629134670118032,85.79166454938374,38.9046576809384,2.712346315312153,2.734057985009775,0.474839448928833,1.119379997253418,1.5694730281829834,1.8540465831756592,2.0584981441497803,2.220762014389038,2.3527281284332275,2.46883511543274,19
0.42833413,278.69492324,113.84032313,2.9,2.3,0.23123884,0.37597036,0.4987905,0.6065655,0.701988,0.78745127,0.8650801,0.93550754,16
0.4288572708932371,1.677963129371713,0.1075639723742616,2.780517188563398,2.8329194420368227,1.2961721420288086,4.340290546417236,7.896072387695312,11.013362884521484,12.920013427734377,12.97935390472412,12.985147476196287,12.99000358581543,12
0.64752142,44.47975989,203.70964414,2.5,2.7,0.46216583,1.0849602,1.4841187,1.6691496,1.7715685,1.8434246,1.9018319,1.9500325,20
0.96241709,134.55048807,336.39471901,2.8,2.2,0.13846087,0.20965266,0.2799871,0.34642625,0.40900517,0.46720934,0.5207751,0.5710485,4
0.9965625820466412,240.4707538271052,291.1444772742478,2.1018542,2.31001246,0.0790202617645263,0.1252436637878418,0.164743423461914,0.193371295928955,0.2255828380584716,0.2585682868957519,0.2913789749145508,0.3228445053100586,11
0.91609257,105.98476315,325.93486805,2.4,2.8,0.16688538,0.24628091,0.3268485,0.39665914,0.46056318,0.5182216,0.5709264,0.6192305,4
0.6450934504177867,0.9369897204121724,0.0300568335034931,2.0134195048224472,2.446218131453472,1.1971168518066406,3.953711032867432,6.910553455352783,9.139978408813477,10.317249298095703,10.513328552246094,10.524894714355469,10.533746719360352,12
0.59969892,53.32525922,296.55907777,2.005,2.27168049,0.30630755,0.571136,0.71880603,0.80122781,0.85990977,0.90329003,0.93945575,0.96863794,21
0.34865383,48.20705901,363.78004675,2.3,2.3,0.3586483,0.70070744,0.8156848,0.8173647,0.8191414,0.8214116,0.8236222,0.82562995,21
0.3,67.26602733,274.24403509,2.0,2.0,0.35744476,0.71347618,0.83766484,0.84778309,0.85719824,0.86553931,0.87291598,0.87946916,21
0.6074349708501446,6.824510642232999,0.0122427206766421,2.128505367304357,2.708787728259964,1.0886163711547852,3.380935907363892,5.335884094238281,6.38984489440918,6.794049263000488,6.958575248718262,7.081637382507324,7.167920112609863,5
0.83091522,201.69718651,111.82123598,2.37071202,2.1041194,0.12972927,0.211411,0.28853035,0.36228299,0.43393898,0.50074148,0.56365919,0.62339878,2
0.79715922,217.96340521,36.9756394,2.5,2.1,0.15377402,0.26482463,0.3707826,0.47210932,0.5676789,0.65871215,0.74377966,0.82474065,15
0.68336403,64.56366077,257.6791712,2.6,2.8,0.35047865,0.6994333,0.9339714,1.0925901,1.2064767,1.2955437,1.3678551,1.4251165,10
0.6156194755963504,219.97781328429312,324.35900036439904,2.5,2.3,0.1218671798706054,0.1572778224945068,0.1930840015411377,0.2230141162872314,0.2520203590393066,0.2800405025482178,0.3064520359039306,0.3318660259246826,11
0.7882071529269288,6.364014248014849,0.0046265152290443,2.045232204990039,2.921091923705586,0.9937105178833008,2.9983863830566406,4.524497032165527,5.264688014984131,5.587071895599365,5.7842206954956055,5.918611526489258,6.036622524261475,5
0.8270215085856167,16.40264894525936,0.0215222953752284,2.4056233107055074,2.502749889839059,0.7596349716186523,2.042599439620972,2.8547346591949463,3.2853991985321045,3.5490877628326416,3.7390215396881104,3.897102117538452,4.026877403259277,22
0.30242572,73.6956314,69.61642355,2.85231041,2.70603369,0.76050282,2.16901565,3.20850301,3.64798093,3.76730847,3.80435634,3.83077645,3.85583425,23
0.84860295,297.09713745,57.27830124,2.03203273,2.02502298,0.08504963,0.1449244,0.19881415,0.24836802,0.2987988,0.34723639,0.39436054,0.44073033,2
0.34967932,6.51482092,27.55933607,2.60684597,2.75511876,1.20493007,3.7481463,6.38671875,8.26823425,9.00846863,9.12909412,9.1416626,9.14443302,14
0.98823781,48.85663286,308.93340446,2.11749952,2.07868899,0.18222022,0.28919697,0.38165975,0.45940304,0.52544212,0.58143544,0.63000965,0.67138934,17
0.9431720109248536,7.093685910689877,0.0971090255023796,2.072864301769493,2.1001915774096176,0.7885763645172119,2.033099412918091,2.7868025302886963,3.1966702938079834,3.454918622970581,3.648192167282105,3.795789480209351,3.91792368888855,22
0.65139049,253.78879602,380.19435883,2.7,2.9,0.15445304,0.16359806,0.19565296,0.23648787,0.26743627,0.29502892,0.32286882,0.34859753,4
0.8847784100946623,85.38745481692999,0.0057326104083379,2.345794102510147,2.986760646722697,0.3511331081390381,0.7206926345825195,1.035078048706055,1.300581932067871,1.5251414775848389,1.717815399169922,1.8843393325805664,2.0302953720092773,8
0.73277269,108.63697431,195.90917633,2.9,2.5,0.2887056,0.5357051,0.7360232,0.905108,1.0486875,1.1723399,1.2786698,1.3714192,10
0.30844911,63.83039377,125.15388844,2.4,2.6,0.64806867,1.763778,2.4963062,2.7171772,2.749089,2.7641337,2.7786953,2.7924783,0
0.45162761,87.03070831,398.62609863,2.25665379,2.02330971,0.1852417,0.20988631,0.22585344,0.23842144,0.24997282,0.2604866,0.27007413,0.27876711,11
0.37254116,194.83253479,326.35336304,2.73107481,2.14944577,0.16846609,0.19480872,0.2233274,0.24207735,0.25966239,0.27731991,0.29437828,0.30992794,11
0.4349501,17.87148477,7.8186753,2.39321371,2.523856,1.01840949,3.09637761,4.80900764,5.66322327,5.9357996,6.06180668,6.13356304,6.18464184,6
0.3129192452624058,8.657049219002046,44.78067360423114,2.0293448,2.36792684,1.0037460327148438,3.168961524963379,5.238731861114502,6.560766696929932,6.928679943084717,6.929263591766357,6.929605007171631,6.929870128631592,7
0.51490056,282.83388009,73.74457259,2.5,2.3,0.18186426,0.28577805,0.38721228,0.47851825,0.561965,0.63887024,0.7098398,0.77583885,16
0.7760024469537797,1.5003153462204672,0.039570420481641,2.108043335278443,2.0730290178063533,1.1108694076538086,3.3831403255462646,5.26953125,6.311500549316406,6.791077613830566,7.051423072814941,7.245429039001465,7.371439933776855,5
0.62801877,45.00854345,220.63001195,2.9,2.5,0.49371266,1.2217786,1.7017283,1.914103,2.0110483,2.0784402,2.1323123,2.177135,1
0.36206213,8.40229511,9.47836781,2.47796702,2.42019081,1.18433166,3.61997032,5.99342871,7.48411703,8.02562714,8.16473198,8.22448158,8.25436592,14
0.83651547,250.35030909,381.67938204,2.2,2.1,0.066998,0.09750795,0.12309384,0.12833428,0.14270449,0.15803695,0.17314744,0.186198,11
0.32308611,278.84353638,285.86868286,2.01352787,2.4103353,0.14062428,0.16371322,0.1904223,0.21149421,0.23289752,0.252913,0.27215028,0.28972554,11
0.4637760995965743,2.325746527555284,0.0132074161839918,2.549709900389571,2.7787907819587403,1.2618122100830078,4.190665721893311,7.506488800048828,10.193621635437012,11.555194854736328,11.620247840881348,11.625615119934082,11.630146980285645,12
0.783581294440266,28.41387006402921,0.5392932930811253,2.658667887770885,2.8823566226402555,0.7070217132568359,1.9087233543396,2.705191135406494,3.139392375946045,3.408050537109375,3.609441757202149,3.774263381958008,3.914703845977783,22
0.51656976,271.31512467,371.76031077,2.5290547,2.76695369,0.13600707,0.16476226,0.19280624,0.22626615,0.25496173,0.27953124,0.30352116,0.32596827,11
0.3604147438173012,1.2783286017552342,0.0114811656503515,2.727601639599712,2.1445749105554386,1.2209110260009766,4.008790016174316,7.153647422790527,9.869495391845703,11.400971412658691,11.429465293884276,11.43708610534668,11.443560600280762,12
0.79892421,262.51265339,203.86258579,2.33692769,2.53755508,0.1155839,0.17788887,0.23394442,0.28739071,0.34085631,0.39222789,0.44037843,0.48670673,3
0.4491101314467369,258.1486743624816,338.94031873046026,2.2,2.9,0.1578478813171386,0.2004039287567138,0.2448296546936035,0.286137580871582,0.3243634700775146,0.3591094017028808,0.3918797969818115,0.4227783679962158,4
0.59346807,236.29547119,343.07443237,2.49423862,2.31546021,0.11423087,0.14613509,0.17744589,0.19924641,0.2221837,0.24389935,0.26493645,0.28498983,11
0.33515045,119.95481873,19.7103653,2.06747293,2.10449052,0.50537968,1.22925878,1.6135993,1.75634122,1.83959031,1.91065669,1.97234464,2.02767968,0
0.7929049019337829,2.3119501547129064,0.4337384372747923,2.013961631423306,2.8968333010752376,1.1313014030456543,3.5693492889404297,5.73432207107544,6.964796543121338,7.504173755645752,7.75046968460083,7.90586519241333,8.02767562866211,5
0.86338024,225.84627022,369.89554787,2.0,2.1,0.06298423,0.09196472,0.11231279,0.11979365,0.13493228,0.1474173,0.15892291,0.17166734,11
0.90981287,48.2507944,279.20045301,2.8,2.8,0.324862,0.6329646,0.8620839,1.0408549,1.1808846,1.292831,1.3851972,1.4627976,10
0.64220017,158.44121322,38.09617771,2.9,2.2,0.29326725,0.564188,0.7908859,0.9849129,1.1507843,1.294853,1.42048,1.5317202,9
0.77365694,84.6385814,393.57857916,2.4,2.3,0.17430615,0.23775911,0.29820442,0.34811878,0.39140868,0.4295547,0.4635818,0.49395037,4
0.3377567725551003,21.51457349263269,0.0066717721508969,2.2742384301028693,2.04722587785506,0.980022430419922,2.913933038711548,4.440839767456055,5.170388221740723,5.397589683532715,5.486790657043457,5.536555290222168,5.574880599975586,5
0.66354072,2.41766906,45.83603287,2.04970026,2.83934903,1.08695626,3.37285805,5.5055604,6.82724428,7.23426008,7.26634264,7.27219725,7.27397585,7
0.96336339,119.240724,366.39401355,2.86384868,2.8283864,0.17602563,0.25589275,0.33940029,0.41730285,0.48638248,0.55018711,0.60935497,0.6641326,4
0.98626775,298.69924927,250.16262817,2.02176404,2.03105187,0.0590775,0.09576678,0.12573195,0.14625382,0.17129683,0.19414687,0.21682286,0.24057817,11
0.6926851081303979,2.190910177079575,51.0775609651074,2.71358156,2.86202836,1.095121145248413,3.4415547847747803,5.644489288330078,7.025972366333008,7.526584625244141,7.627275466918945,7.66584300994873,7.685358047485352,7
0.94056559,69.178454,299.37090979,2.7,2.7,0.24769068,0.42863488,0.58089304,0.7113073,0.82363987,0.92152214,1.0066926,1.0808389,17
0.8915249712408504,70.01119723104016,0.031040937330625,2.7024370581183894,2.658456728588733,0.3902513980865478,0.8281278610229492,1.182002305984497,1.4670097827911377,1.6978023052215576,1.8909618854522705,2.055964231491089,2.199313402175904,8
0.46694025,258.65001795,327.08417543,2.7,2.9,0.17468023,0.21461844,0.26292872,0.30627584,0.34255338,0.3768866,0.40866494,0.43848777,4
0.4223270207073586,26.90349844345602,0.0093922348563636,2.067759894297064,2.5752545770501776,0.9436156749725342,2.854022741317749,4.341904640197754,5.010407447814941,5.213979721069336,5.305515289306641,5.369473457336426,5.415955543518066,5
0.44232093,6.23577301,51.53922633,2.10331922,2.76232337,1.06554794,3.31015468,5.42843819,6.78163815,7.12565136,7.13427925,7.13665009,7.13790035,7
0.61999698,167.55737071,321.95864521,2.5,2.1,0.1497252,0.2055316,0.26270556,0.31236792,0.35825372,0.4005339,0.43944025,0.47547626,4
0.3386193826272567,18.73798417876629,16.71406440728301,2.30447683,2.79191292,1.057924509048462,3.3493778705596924,5.521694183349609,6.850767135620117,7.270386695861816,7.307744979858398,7.324408531188965,7.336759567260742,6
0.34502438,5.43207073,45.6832962,2.89731812,2.63644123,1.16927004,3.5798974,5.99757338,7.72234392,8.30431175,8.33287811,8.3425045,8.34418869,14
0.88454919,289.26296278,92.914353,2.7,2.0,0.10544729,0.18003011,0.24625468,0.3093493,0.37264252,0.43496633,0.49495268,0.55323267,2
0.61971199,122.08496161,37.17871805,2.06900947,2.49903326,0.33032274,0.66626716,0.92420745,1.12646866,1.28979707,1.42585039,1.53993297,1.63911724,9
0.4136943,210.25053841,4.19880082,2.1,2.9,0.2987945,0.56159043,0.75358653,0.90616274,1.0302033,1.1355729,1.225297,1.3035736,8
0.34674877,178.36174011,100.52069092,2.5919764,2.16652298,0.32757616,0.62257433,0.8020606,0.9198842,1.01004457,1.08375239,1.14616132,1.19863296,10
0.38125395,216.69992909,40.46773024,2.80448942,2.27453574,0.31659937,0.59662938,0.78948689,0.93724036,1.05471182,1.15242958,1.23713541,1.31025314,9
0.72855006,75.09574523,56.55723861,2.2,2.4,0.35934138,0.74714684,1.0371647,1.2543201,1.4238183,1.5621164,1.6781938,1.7770183,9
0.928047,238.82798605,107.75443497,2.5,2.9,0.15987325,0.23475575,0.3173418,0.40621996,0.48987627,0.5667825,0.64120054,0.71248555,16
0.8922732094654161,30.8584396075915,0.0050351629019962,2.8652036560760377,2.52076030383327,0.5752136707305908,1.4060304164886477,1.9818460941314693,2.350036382675171,2.61220383644104,2.820570230484009,2.9927775859832764,3.1405551433563232,18
0.7138998572636686,41.72605995686952,0.0586483558511868,2.2472610939053386,2.9492534996929374,0.6344079971313477,1.6991612911224363,2.387047052383423,2.756951093673706,2.991987943649292,3.1708500385284424,3.31549334526062,3.4408204555511475,18
0.31153586,237.56092142,235.71870811,2.49808801,2.23376821,0.19871378,0.25574183,0.30333233,0.34216452,0.37658167,0.40760875,0.43660998,0.46283722,3
0.84138129,170.15893208,92.9622621,2.2,2.8,0.17192507,0.28863907,0.4031713,0.5092962,0.60775566,0.6999073,0.785105,0.8647449,16
0.48087481,288.92405498,85.76906044,2.5,2.5,0.19716215,0.30494285,0.40843868,0.5001612,0.5838771,0.6604631,0.7306471,0.79551816,16
0.95801732,128.51551983,43.54348472,2.8,2.4,0.22505951,0.4087901,0.5846667,0.7484212,0.89870477,1.0369644,1.1640885,1.2816908,15
0.56513357,62.02152634,187.29626465,2.28502154,2.01291299,0.35218334,0.71377373,0.92827511,1.04568815,1.12521887,1.18527842,1.23260522,1.27205229,21
0.38717832,72.86431361,340.37120334,2.8,2.5,0.40506363,0.88970757,1.1529899,1.2165065,1.2373712,1.2555611,1.2713609,1.2853293,21
0.35404721,197.35987637,342.4748702,2.0,2.7,0.14606643,0.16113138,0.17738438,0.18851495,0.1993239,0.20895219,0.2188034,0.22692323,11
0.4954197617937619,55.90470450163812,59.56651765476956,2.7296323885668725,2.731175024829066,0.6710293292999268,1.867913007736206,2.674962282180786,3.0357425212860107,3.2039735317230225,3.311753034591675,3.395395040512085,3.4662225246429443,23
0.65449802,70.80169727,336.1647436,2.7,2.1,0.27365947,0.48578167,0.6257665,0.7315836,0.81537247,0.8816023,0.93556976,0.97946525,17
0.8951706,183.20461146,292.4081124,2.8,2.7,0.1533835,0.22249627,0.2931683,0.36698747,0.43272448,0.49434304,0.5523751,0.60696673,4
0.71524099,163.75787393,104.26860788,2.3,2.1,0.17974758,0.3042705,0.4215026,0.528136,0.62447715,0.71295667,0.79460454,0.86975574,16
0.4773614585890147,28.820207005821963,0.3361810179444169,2.753471735218323,2.495322857655006,0.9113473892211914,2.642180919647217,3.887820720672608,4.480775833129883,4.756389141082764,4.91947078704834,5.034836769104004,5.121899127960205,5
0.99200606,144.72463406,62.08467139,2.0,2.6,0.1540904,0.26743388,0.37559104,0.4804144,0.5794902,0.6724551,0.7595217,0.84149265,16
0.3462853710022301,115.85614566422736,399.9582457508215,2.0,2.0,0.1654088497161865,0.1786549091339111,0.189934492111206,0.1987004280090332,0.2075560092926025,0.2155168056488037,0.2226877212524414,0.2293775081634521,11
0.38456585,295.30363741,14.04754051,2.40433616,2.8952181,0.29293919,0.53334951,0.71480131,0.86650324,0.99565864,1.10718083,1.20409727,1.29023385,9
0.99286573,74.12314032,355.86715739,2.3,2.8,0.1685834,0.24518609,0.32169223,0.38522077,0.44189668,0.49244452,0.5374799,0.578511,4
0.33951404,229.90036695,230.1350003,2.3,2.3,0.1954794,0.2607398,0.31612802,0.36266875,0.40393567,0.441005,0.47491145,0.5058193,3
0.99261314,165.00622559,364.51339722,2.03163195,2.07580352,0.07406449,0.10851908,0.13476706,0.15259433,0.1760478,0.19691396,0.2166121,0.23629332,11
0.92704463,262.14068604,23.23586655,2.02161455,2.05483747,0.09311318,0.16318655,0.22782969,0.28870344,0.34944296,0.40764642,0.46459866,0.5194118,2
0.39641926,229.24477697,344.40927524,2.5,2.7,0.17912984,0.21566868,0.25095963,0.2801423,0.30897403,0.3342235,0.35723972,0.3796463,4
0.55431123,40.2720272,170.48514615,2.4,2.5,0.53615856,1.3514221,1.843215,2.0151625,2.0821261,2.1280255,2.165722,2.19804,0
0.7437632987432865,4.681472662896187,0.0035314259008912,2.488543782546491,2.135106663454762,1.029975175857544,2.9478402137756348,4.3003997802734375,4.976703643798828,5.367178440093994,5.651455402374268,5.857680797576904,6.007018566131592,5
0.9238585124156472,5.500809764296899,0.028387554094381,2.533537438225671,2.1063346554761027,0.8764345645904541,2.3120923042297363,3.217940330505371,3.73216724395752,4.0649237632751465,4.307218074798584,4.494374752044678,4.637145042419434,22
0.5482399036952069,27.839016520969608,12.076110973514533,2.1754465240144687,2.4731240619122983,0.8085711002349854,2.3085148334503174,3.300359010696411,3.7358124256134033,3.929918050765991,4.04209041595459,4.128238677978516,4.200974464416504,22
0.96549099,44.40446081,43.32049011,2.1,2.3,0.33950186,0.70190334,0.9923339,1.224289,1.410825,1.5647042,1.6955817,1.8081272,9
0.80496584,3.77547674,4.33602279,2.5,2.5,1.11324716,3.19348049,4.73259783,5.53023148,5.91772842,6.18152905,6.36611366,6.49346638,6
0.9721887183559996,164.4942294825472,363.9355400202946,2.04104471,2.07127786,0.0764272212982177,0.1106853485107421,0.1387839317321777,0.1577398777008056,0.1820635795593261,0.2047655582427978,0.2267861366271972,0.2475430965423584,11
0.62978442,81.73397532,183.60387109,2.3,2.7,0.32785845,0.64320517,0.8602276,1.0150971,1.1326942,1.2257802,1.3012955,1.3653557,10
0.3,216.03136243,166.11764125,2.0,2.0,0.21036196,0.30361938,0.36938667,0.42374539,0.47100329,0.51240587,0.5483067,0.58155942,2
0.59985981,248.95077027,210.31996523,2.5,2.1,0.1334126,0.19530177,0.25705075,0.31258702,0.36523604,0.41520882,0.46213865,0.50615144,3
0.6046341031205746,2.20859709060508,0.3875461253302838,2.8958851329191835,2.602160511928824,1.2393808364868164,3.968817234039306,6.730984210968018,8.628520965576172,9.471261978149414,9.681737899780272,9.78476905822754,9.919065475463867,13
0.76668487,4.32624795,10.98499173,2.70325333,2.6549604,1.12168527,3.25874162,4.90537834,5.7751255,6.17567253,6.43867493,6.63281155,6.74644375,6
0.52783837,217.33875356,312.76447161,2.12097179,2.84339461,0.16178727,0.22080541,0.28229308,0.33592343,0.38521123,0.43065119,0.47259903,0.51200175,4
0.93325545,253.18948282,370.44952227,2.9,2.7,0.15310645,0.15991664,0.1911509,0.2422638,0.2819085,0.31958365,0.3562255,0.39191318,4
0.4566448663820008,6.864841385333209,0.0084347150523661,2.0942489019992605,2.4806531043104734,1.1273722648620603,3.600827932357788,5.979883193969727,7.500704765319824,8.066163063049316,8.165722846984863,8.201750755310059,8.231647491455078,12
0.8980082214047329,54.65786507349581,0.0295251948464231,2.0082884939166346,2.927415390568606,0.4086771011352539,0.905604124069214,1.2904584407806396,1.5876977443695068,1.824638843536377,2.0206756591796875,2.186417579650879,2.329598426818848,18
0.4821652062617773,193.50421256809005,380.6106838652819,2.0,2.7,0.1510665416717529,0.188237190246582,0.230074405670166,0.26540207862854,0.2970130443572998,0.3272309303283691,0.3550803661346435,0.3807895183563232,4
0.74286335,257.8932953,53.77192113,2.80056276,2.56519928,0.17352724,0.28252411,0.38984013,0.49465585,0.591501,0.68215799,0.76779366,0.8488071,16
0.67961109,190.2880076,134.0322924,2.9,2.1,0.19636011,0.33177543,0.460994,0.57841563,0.68533754,0.7844436,0.8753526,0.9589803,17
0.98229167,205.31739582,177.623094,2.2,2.7,0.11889577,0.18983865,0.25473142,0.31590366,0.37593102,0.43457532,0.49079013,0.5439956,3
0.77473869,150.2434081,131.6449022,2.7,2.8,0.2384429,0.41391397,0.5761955,0.72129846,0.85197544,0.96981454,1.0773771,1.1748459,17
0.39233637,9.03398042,16.93881547,2.27183406,2.95797237,1.131037,3.67837119,6.31085873,8.16000175,8.92282295,9.00364208,9.00857353,9.01284885,14
0.58977121,111.61798859,267.83093262,2.57621264,2.77651358,0.29659462,0.53570247,0.70146227,0.83233309,0.93826413,1.02618861,1.09996915,1.16444063,10
0.45523328,157.17048645,366.58465576,2.09845257,2.35898209,0.16083312,0.19318724,0.2265954,0.25279474,0.27738404,0.30016589,0.32109237,0.34056115,11
0.71536201,55.75393677,202.53126526,2.01119733,2.01647496,0.2821672,0.52897191,0.69957018,0.8224678,0.91495585,0.99002671,1.04977703,1.10028481,10
0.40764409,145.02129441,282.67479953,2.78174536,2.6397032,0.3071835,0.53478217,0.66004086,0.75034928,0.82313371,0.883147,0.93400121,0.97813463,21
0.8298543254268228,1.295387419927874,11.82721743293626,2.58432007,2.61629725,1.1679530143737793,3.624168157577514,5.801525115966797,7.0675859451293945,7.639518737792969,7.924938201904297,8.140063285827637,8.311120986938477,6
0.7730706252275844,230.26393680058231,0.3434518250486329,2.238823161442773,2.2686930474379507,0.1535191535949707,0.2634940147399902,0.3691408634185791,0.4694597721099853,0.5650820732116699,0.6554355621337891,0.7411093711853027,0.8216629028320312,15
0.30848359,290.25508022,258.12342233,2.1,2.6,0.13801551,0.1575687,0.17821932,0.19283676,0.20889187,0.22298884,0.23618007,0.2488079,11
0.8308034,251.39834264,155.13072188,2.9,2.3,0.13606334,0.21990919,0.2957399,0.3750038,0.4510038,0.52222157,0.5901103,0.65469885,2
0.3132329,117.49290466,276.1713562,2.60656786,2.69536972,0.4022007,0.86634302,1.12119651,1.19739604,1.23536062,1.26873398,1.29645681,1.32055283,21
0.320622311670946,1.4418998150660154,5.334938478847662,2.67631362231047,2.7987027170015826,1.2778151035308838,4.295235633850098,7.872744083404541,11.1134033203125,13.179126739501951,13.224288940429688,13.22856903076172,13.232379913330078,14
0.7813190727985398,1.3067078881571976,0.1973877393617057,2.6350454689014304,2.780647285301725,1.2364871501922607,3.9245901107788086,6.508642673492432,8.109384536743164,8.856510162353516,9.18813705444336,9.41256332397461,9.61858367919922,12
0.50983178521423,31.690615962966994,0.0043270243734021,2.573059866998743,2.459111098950063,0.8528239727020264,2.434840440750122,3.5258638858795166,4.031315803527832,4.273954391479492,4.421063423156738,4.525753974914551,4.605319976806641,22
0.3301892,148.28820801,236.34083557,2.26240897,2.08492398,0.25840163,0.40398264,0.47846532,0.53482914,0.58068228,0.61875701,0.65052176,0.67942166,17
0.66069691,113.51582762,342.88930623,2.3,2.7,0.18570304,0.25600004,0.3195331,0.37172794,0.41820025,0.45964575,0.49646354,0.52962303,4
0.5788598316149451,0.7851493042763285,0.0042779209388123,2.997971948903221,2.844468790604161,1.310114860534668,4.376341342926025,7.917109489440918,10.922602653503418,12.622591972351074,12.679608345031738,12.686752319335938,12.69272232055664,12
0.79548967,166.47416785,158.14353362,2.0635889,2.65782296,0.16842818,0.28075695,0.39008641,0.49081016,0.58397198,0.67020297,0.75084305,0.82600713,17
0.56212795,1.33508098,13.51420975,2.57810426,2.33328009,1.235883,3.80783439,6.46508789,8.2074585,8.95816135,9.32061577,9.55797958,9.66797543,14
0.5210585060646238,108.01198443016337,15.436235803398418,2.46919963,2.89137219,0.5108754634857178,1.2738831043243408,1.7861919403076172,2.0747876167297363,2.270111083984375,2.420531749725342,2.5463976860046387,2.654049873352051,19
1.0,15.29874134,98.37031555,2.0,2.0,0.46581078,1.06194878,1.44108796,1.66608024,1.82236624,1.94252968,2.03275633,2.10720491,20
0.62172942,148.37524531,215.45723376,2.50418988,2.48427518,0.2221539,0.36026883,0.4794488,0.58155537,0.67138958,0.75111175,0.8223567,0.88634896,17
0.6682313010451109,39.8843402335462,0.1976507531973434,2.7392959032895328,2.6558283896081725,0.6852781772613525,1.8377659320831297,2.587611436843872,2.981769323348999,3.222773790359497,3.397113561630249,3.543602228164673,3.665728330612183,22
0.9177552287714508,19.11987898772509,15.865517767583324,2.9,2.2,0.6083359718322754,1.5086727142333984,2.10722017288208,2.4744977951049805,2.72780990600586,2.924654483795166,3.0864038467407227,3.224667549133301,19
0.6313457118670807,0.7355240565608232,0.1084941643097678,2.8341652097901484,2.51348818598424,1.269010305404663,4.173922538757324,7.379508018493652,9.945613861083984,11.30133056640625,11.402963638305664,11.411968231201172,11.419377326965332,12
1.0,19.249275933451266,19.38834250774348,2.5,2.7,0.6055145263671875,1.5114712715148926,2.122175693511963,2.504120349884033,2.77457046508789,2.985537052154541,3.159369945526123,3.308361053466797,19
0.65450247,103.58989318,369.6452134,2.6,2.8,0.22684026,0.3374436,0.419178,0.48814917,0.5478401,0.59960246,0.64481425,0.68533397,17
0.61535597,17.96695518,214.55461121,2.42790174,2.55000973,0.60184455,1.60670018,2.25289321,2.43210673,2.44043517,2.44164157,2.4433291,2.44495654,1
0.87287557,284.30593872,85.568367,2.16978526,2.05306482,0.08821368,0.14779925,0.20054507,0.24813008,0.29827881,0.34608603,0.39270902,0.43848968,2
0.3628054719540463,20.85245804513865,0.9987018124658796,2.822487760229297,2.0725675366847502,0.9983584880828856,2.951013326644897,4.49149227142334,5.238825798034668,5.506381034851074,5.670318603515625,5.788356781005859,5.867384910583496,5
0.43379763,104.30590859,52.2116126,2.2,2.7,0.47827077,1.1337185,1.5294893,1.7230041,1.8434994,1.9427793,2.0227025,2.090162,19
0.44963859,112.70856214,135.20727337,2.5,2.3,0.40460706,0.8908644,1.1918657,1.3527243,1.4605474,1.5462222,1.618022,1.6770248,20
0.8059106673980133,12.807159339867075,0.5390377792442115,2.293911693600523,2.703578176713027,0.8463337421417236,2.3870503902435303,3.4048683643341064,3.906880617141724,4.187509536743164,4.377597808837891,4.528751373291016,4.649526596069336,22
0.89813287,201.56515159,198.29652204,2.9,2.4,0.15052271,0.24052,0.32577825,0.41357994,0.49614668,0.5728059,0.6452701,0.71465516,17
0.4556092,76.30801886,346.85286489,2.3,2.1,0.26926637,0.4315462,0.5038152,0.5493977,0.58476806,0.6139431,0.63868594,0.6593478,21
0.7993078053191701,2.399785857718156,24.644880616178547,2.84570456,2.07625818,1.021439552307129,2.961014032363892,4.385425567626953,5.113726615905762,5.503100395202637,5.79067325592041,6.001328468322754,6.138322830200195,7
0.95825522,266.13786501,370.79331095,2.5,2.0,0.06951094,0.10659528,0.13763833,0.15432954,0.17521858,0.19658303,0.21952415,0.24189663,11
0.55516905,207.49001596,15.4752305,2.9,2.9,0.32396317,0.61590743,0.85222864,1.0521045,1.2232513,1.370636,1.4995341,1.6139483,9
0.3949078943574938,1.0926126663709337,0.2152791189044602,2.680275314938219,2.1746468881113388,1.2182583808898926,3.999851703643799,7.122808933258057,9.812395095825195,11.250661849975586,11.273338317871094,11.28012466430664,11.285770416259766,13
0.6958905269615595,1.027345022832432,0.3432085901410026,2.12581169784764,2.332372294299044,1.185808181762695,3.8274714946746826,6.484894752502441,8.299835205078125,9.136998176574709,9.332012176513672,9.364920616149902,9.403315544128418,13
0.3160469992314594,3.566401621957252,0.0598702690983427,2.0666619419750507,2.1267087388321024,1.1664280891418457,3.8172366619110094,6.721410751342773,9.069602966308594,10.368192672729492,10.441510200500488,10.445512771606444,10.448892593383787,12
0.990806351875184,13.578494568681364,39.84654830554822,2.5,2.7,0.6682510375976562,1.743565559387207,2.446518898010254,2.850001335144043,3.117112636566162,3.316146850585937,3.4766502380371094,3.611142158508301,23
0.30341943,227.87433634,23.83946516,2.31596815,2.07800064,0.32080889,0.60765576,0.78573298,0.90632915,0.99932671,1.07653165,1.1420722,1.19775558,9
0.90204065,42.61526703,330.70303954,2.3,2.3,0.23803759,0.3991189,0.5170202,0.6098728,0.68311524,0.74189687,0.789068,0.829237,17
0.37437567,286.37740371,371.14311891,2.4,2.6,0.1267035,0.14445806,0.1618321,0.16930652,0.18227053,0.19265866,0.19944477,0.20824027,11
0.4033465,75.68462968,210.5176793,2.2,2.7,0.42314768,0.9431186,1.2233729,1.3089035,1.3520224,1.3893144,1.4199736,1.4455321,21
0.42982638,0.9637189,0.23044603,2.1952559,2.6720506,1.24851751,4.21966839,7.71885443,10.86973763,12.97130966,13.03395653,13.04027176,13.04553223,13
0.68412942,207.04728699,12.51809597,2.13500118,2.04976153,0.15970159,0.27369571,0.38208151,0.48261452,0.57539773,0.66086507,0.7405293,0.81496501,15
0.87426865,15.13016415,113.57850647,2.20451403,2.24655771,0.57175875,1.42902851,1.94045067,2.18818855,2.32326412,2.42015934,2.49470949,2.55428123,20
0.56504079,138.14629233,251.53316972,2.6,2.8,0.2615075,0.4364848,0.5653393,0.6729317,0.76440024,0.8439112,0.91272306,0.9742174,17
0.9572092243238864,0.8641266995719631,118.28881289371614,2.483669195416733,2.1185136604641777,0.8248355388641357,2.397000789642334,3.560070037841797,4.029630184173584,4.158360481262207,4.181384563446045,4.181556224822998,4.181586265563965,23
0.3913711084270177,1.028947351849807,9.775999191232064,2.92798977305022,2.3674380581152654,1.225006103515625,4.020410060882568,7.1806464195251465,9.897254943847656,11.51667594909668,11.580965042114258,11.583465576171877,11.58568000793457,14
0.4571411881155292,1.688788383782826,0.0063563257319308,2.1002881432024547,2.31822443799837,1.1970407962799072,3.968374013900757,7.0338239669799805,9.550393104553224,10.934203147888184,10.982008934020996,10.989094734191896,10.995010375976562,12
0.31948522,63.43967364,232.02910908,2.65454093,2.36256547,0.49811125,1.22255421,1.63133192,1.68766212,1.69281673,1.69849443,1.70408106,1.70951366,1
0.69479695,186.66458067,322.18357046,2.8,2.8,0.17361379,0.24155235,0.31336856,0.38037205,0.43950868,0.4943521,0.5453439,0.5926881,4
0.90306077,264.49797852,1.05413855,2.9,2.9,0.17887354,0.2929225,0.40646005,0.5259352,0.6347914,0.7386606,0.83855295,0.9336593,15
0.99281067,22.67564262,106.06916956,2.3,2.4,0.44751573,1.0134215,1.4078741,1.6679056,1.8512714,1.9944961,2.109471,2.206498,20
0.97796644,190.47227463,177.18932607,2.2,2.6,0.12144184,0.19554567,0.26374602,0.32804966,0.3913548,0.45223093,0.5103271,0.56537986,3
0.445661,16.17372836,112.86008292,2.55968708,2.35517793,0.81494927,2.31636739,3.40720201,3.83610368,3.93465543,3.94434381,3.94649577,3.94937921,23
0.76884792,267.43535784,347.27354359,2.0,2.8,0.07885694,0.11065936,0.12840629,0.13394451,0.1479404,0.16463375,0.18066597,0.19195747,11
0.76913773,60.2573738,17.30202619,2.8,2.0,0.44544172,1.0223131,1.4286506,1.7114096,1.9225564,2.0924335,2.2323604,2.3533678,19
0.45788559,48.92546381,181.19370006,2.005,2.10691862,0.45772123,1.07739449,1.38606215,1.45580339,1.486233,1.5114696,1.53324699,1.55302739,0
0.80645825,112.79551812,77.65745931,2.4,2.0,0.22917032,0.42174816,0.5950563,0.7479155,0.88402843,1.004509,1.1129179,1.2100229,16
0.55364737,221.47835201,92.46274944,2.9,2.0,0.21792364,0.37529254,0.51793504,0.6444583,0.7573986,0.8595793,0.952441,1.0364108,16
0.42236647,217.69005949,330.31976954,2.1,2.6,0.1304245,0.15134025,0.1722405,0.18592048,0.20151472,0.21532941,0.22839093,0.24056363,11
0.32634459,71.9173411,27.64273579,2.87095464,2.11255245,0.69497466,1.85528207,2.57965159,2.87412095,2.99330258,3.06290698,3.11694837,3.16339993,23
0.67310472,227.5178716,398.43014434,2.14698819,2.55309747,0.09727764,0.1260376,0.15355825,0.17172074,0.19137836,0.21004128,0.22898197,0.24735069,11
0.57732719,135.61618377,36.87862396,2.58055553,2.13699099,0.30788946,0.59757757,0.8210156,0.99903846,1.14396715,1.2656486,1.36836028,1.45778108,9
0.665386,1.942563,49.088512,2.5,2.0,1.02853155,2.97425032,4.50501633,5.25550127,5.47803497,5.56614685,5.60943985,5.61533451,7
0.4136765998193945,35.47609718291531,169.26436727190844,2.2494437947956505,2.1933410052224867,0.5762829780578613,1.5546832084655762,2.1355717182159424,2.2780697345733643,2.296701192855835,2.309461832046509,2.3214123249053955,2.332504987716675,0
0.71733697,275.05108437,36.65378981,2.9,2.6,0.1853993,0.30309463,0.41910267,0.53312135,0.6383102,0.73710275,0.8307705,0.91908884,15
0.58142207,85.568547,313.16011618,2.6,2.3,0.2833805,0.49804044,0.6340771,0.73358464,0.8115425,0.87491465,0.9268129,0.97245216,17
0.81751824,25.54053405,361.29358454,2.9,2.2,0.3737414,0.8114543,1.0861795,1.2175162,1.2821732,1.3235219,1.3534641,1.3775611,21
0.30461311,222.38714235,22.32854564,2.7,2.5,0.43285298,0.98643446,1.331708,1.5072861,1.6239619,1.7172375,1.7963085,1.8641624,19
0.69632242,252.13279743,18.8049714,2.4,2.8,0.18011141,0.29924464,0.41657114,0.52578664,0.62786055,0.7228465,0.81209326,0.89579344,15
0.94529823,243.86164583,387.6237155,2.06979963,2.10089848,0.05963278,0.08868265,0.11125517,0.1153028,0.12984896,0.14307022,0.15511155,0.167099,11
0.646948573853649,25.491776949277423,0.779848643145622,2.3504104733402134,2.76363434599303,0.8155007362365723,2.335359573364258,3.359898567199707,3.847267150878906,4.091311454772949,4.252060413360596,4.372163772583008,4.472952365875244,22
0.93833911,93.84660339,351.49966431,2.9198997,2.85439682,0.21158409,0.32849693,0.43915987,0.53706145,0.62388349,0.70222187,0.77258706,0.8366158,17
0.3772783,3.42212176,9.60594654,2.96082926,2.93950105,1.33121729,4.21167183,7.44307423,10.04911804,11.59954357,12.41482067,12.68387222,12.69347286,14
0.31177493,50.66008049,15.78635424,2.49808549,2.34234472,0.87325454,2.48443699,3.63879442,4.12488699,4.27971506,4.33634567,4.37489414,4.40590382,22
0.5643288890773718,9.597433203156442,30.09093340369628,2.37560153,2.47183084,0.985771417617798,2.953599214553833,4.5113372802734375,5.25604248046875,5.515228271484375,5.643476486206055,5.717392921447754,5.757147789001465,7
0.81023763,90.77345173,168.94206337,2.4,2.6,0.25992322,0.47367406,0.653744,0.80721927,0.9393053,1.0542145,1.1539834,1.2412319,10
0.62244809,8.65656281,49.33195114,2.39218593,2.07534528,0.89966846,2.4868753,3.5424192,4.0031538,4.18897057,4.28706169,4.32634926,4.34537506,23
0.41097359,240.76307153,206.98592206,2.7,2.2,0.21383142,0.32212067,0.41261673,0.48988628,0.558517,0.6203182,0.67634463,0.727041,17
0.7884686749944138,21.39980684483655,0.0390930549123521,2.7584707321867734,2.705028337502192,0.7641220092773438,2.078677177429199,2.945207595825196,3.411004066467285,3.695447444915772,3.901752471923828,4.065833568572998,4.206876277923584,22
0.6099257245394039,0.7964729226211152,0.2432947652235309,2.910156390796101,2.871361076528133,1.3030920028686523,4.337983131408691,7.809458255767822,10.674064636230469,12.368890762329102,12.45712661743164,12.46707534790039,12.475337982177734,13
0.8942209177827312,68.34781149175122,0.0205465106827989,2.3785974376395007,2.6753484073277747,0.3769278526306152,0.7938385009765625,1.1323904991149902,1.40637469291687,1.6299607753753662,1.8179547786712649,1.9789845943450928,2.119131803512573,8
0.37378912,143.40318323,74.40924601,2.0,2.7,0.37127852,0.769959,1.0088882,1.1463344,1.2448859,1.3256133,1.3918927,1.4466355,10
0.45528054,202.49993896,340.712677,2.83221054,2.99499512,0.23520613,0.3316474,0.40664363,0.47091365,0.52706695,0.57857251,0.62484574,0.66746283,17
0.98496026,17.92953873,24.8138237,2.50186372,2.9579525,0.65076923,1.67454195,2.35591745,2.76032829,3.03283978,3.24281311,3.41540241,3.56163406,19
0.6914746459024703,0.8043989916939054,0.005669657432455,2.723061405668613,2.73408798513361,1.2750539779663086,4.1912031173706055,7.359353065490723,9.719079971313477,10.94837474822998,11.100013732910156,11.112833976745604,11.1236572265625,12
0.63678191,260.47170319,175.62705426,2.8,2.2,0.15063477,0.22922182,0.30707026,0.38116002,0.45030618,0.514704,0.5748544,0.63219213,3
0.36054783,244.16101024,153.8560956,2.1,2.5,0.19570446,0.27677608,0.34674215,0.406636,0.45928407,0.50688386,0.55010486,0.58934927,2
0.7794063720444765,24.894081478711616,4.415987126443111,2.9633058681161626,2.31447255840549,0.6786365509033203,1.7621216773986816,2.4618515968322754,2.859384059906006,3.1202359199523926,3.314337730407715,3.4711990356445312,3.6071548461914062,22
0.9726807270169234,5.488078211201817,0.6829020074142753,2.938090718445088,2.913619005300887,0.969921350479126,2.747004985809326,3.9957833290100098,4.678418159484863,5.096648216247559,5.40561580657959,5.641116142272949,5.8284454345703125,5
0.44618415,282.75227451,313.42933248,2.48696805,2.21406652,0.11110544,0.13543105,0.15895653,0.17087936,0.18640494,0.20166659,0.21756697,0.23083544,11
0.80686581,16.98585701,71.40458679,2.20261788,2.31037188,0.64694619,1.67364717,2.28867245,2.58130217,2.74684811,2.85616589,2.94938755,3.02455235,23
0.3146359149112787,296.30094452814336,251.44351510606765,2.2,2.7,0.1897306442260742,0.2481451034545898,0.3012056350708008,0.3462014198303222,0.3877317905426025,0.4255247116088867,0.4601607322692871,0.4935264587402344,4
0.43023369,234.98836247,241.91554351,2.5,2.2,0.18093014,0.24936819,0.3149016,0.37166,0.42258787,0.46894622,0.51136875,0.55040336,3
0.57088136,49.94981563,148.03587126,2.18978953,2.06202182,0.43815732,0.99768758,1.31539154,1.45374298,1.53657532,1.60041404,1.65239143,1.69389367,0
0.6829781842685094,48.22256967664176,0.0141719268958567,2.780293218863875,2.2980102305279284,0.5666382312774658,1.4078173637390137,1.9576711654663088,2.2777223587036133,2.496741771697998,2.6652984619140625,2.8064513206481934,2.928452491760254,18
0.85295049,121.10356972,135.73139363,2.0,2.2,0.1652441,0.27993274,0.38808894,0.4866929,0.57651544,0.6586268,0.7335746,0.8029158,17
0.44689337,261.44699049,16.25001521,2.4,2.8,0.25716853,0.44498396,0.59997606,0.7330091,0.8494525,0.9530194,1.0446887,1.1279614,15
0.4859582,83.13386529,70.09255011,2.5,2.3,0.5189693,1.2865319,1.7548683,1.9664605,2.0962718,2.1924222,2.2701108,2.341183,20
0.54704435,282.35706402,63.76050423,2.8,2.6,0.21140003,0.3401096,0.46342397,0.57603,0.6782317,0.7728679,0.8601279,0.9412794,16
0.71606154,224.77685338,81.74358247,2.5,2.3,0.16655302,0.27496052,0.38116908,0.48002172,0.5720289,0.6580379,0.7387593,0.81450486,16
0.88603059,169.77078063,386.94026903,2.10538568,2.31750106,0.0906868,0.12649989,0.15886855,0.18088841,0.20593476,0.22930717,0.25248694,0.27391052,11
0.65123481,33.90437698,93.63257599,2.91442108,2.98443651,0.68962383,1.8908844,2.72580814,3.12335777,3.31340742,3.43311119,3.52250767,3.59993267,23
0.9993,199.25414263,268.11297823,2.00507469,2.00670413,0.07448626,0.11752367,0.15334272,0.18362069,0.21631527,0.24711418,0.2777071,0.30695128,11
0.32511626,263.44511015,292.7025609,2.7,2.7,0.21873999,0.28521895,0.33507156,0.37900496,0.41791153,0.45312452,0.48541474,0.5150316,4
0.57822886866739,10.674022255282344,17.521945427363907,2.12031698,2.83082151,1.006481647491455,3.103347063064575,4.846248626708984,5.721587181091309,6.016193389892578,6.139350891113281,6.212136268615723,6.255906105041504,6
0.39441154,168.94674286,165.07115697,2.3,2.3,0.27755594,0.4802711,0.61312985,0.71437716,0.7956574,0.86552143,0.92376184,0.9761145,17
0.87972929,75.24099621,44.41955144,2.43698883,2.40610368,0.31957364,0.63930607,0.90626216,1.12905693,1.31570578,1.47404671,1.60956383,1.72840595,9
0.61147696,200.6552979,319.27315517,2.3,2.3,0.12112212,0.15831566,0.1962018,0.226547,0.25767183,0.28685474,0.31414366,0.33989477,11
0.69976628,1.49065089,8.3710146,2.38454103,2.01214504,1.16121316,3.41751885,5.34153938,6.39469719,6.83175278,7.10804653,7.3170166,7.43216801,6
0.30091219,103.74754585,71.47953659,2.37873116,2.38235864,0.59258437,1.5615294,2.15071416,2.32898021,2.38552642,2.43006492,2.47076821,2.50722003,0
0.7844257690495573,188.3319897259196,1.148530743469266,2.945915326215,2.7027164277221,0.2467529773712158,0.4377436637878418,0.6210885047912598,0.7892274856567383,0.941685676574707,1.0815815925598145,1.2102785110473633,1.3279552459716797,8
0.5968079586147391,2.632667375324508,14.489370085808536,2.3007818565866627,2.155093301456588,1.0938899517059326,3.4033424854278564,5.498594284057617,6.764432907104492,7.247669219970703,7.37576961517334,7.443267822265625,7.485226631164551,6
0.48334615,296.42553401,31.25122436,2.2,2.2,0.16723585,0.26168275,0.352391,0.43465757,0.51029825,0.5796888,0.64423347,0.70457983,15
0.86721301,4.94228112,129.02818561,2.6260763,2.36180793,0.76158953,2.08633804,2.96781921,3.34662151,3.48164892,3.51703835,3.52118111,3.52641439,23
0.5307485113078503,25.280377421675787,57.279775959006805,2.046530367758981,2.1311230336937013,0.7156403064727783,1.9703435897827148,2.738168239593506,3.0375194549560547,3.157318592071533,3.2250418663024902,3.276941299438477,3.3187217712402344,23
0.66731872,136.02988067,370.57126375,2.4,2.7,0.16759777,0.22035193,0.272264,0.31498384,0.35509515,0.39154696,0.4241991,0.4543152,4
0.64522135,164.0329895,17.69182587,2.93647933,2.36179614,0.27467799,0.51290059,0.7159853,0.89138627,1.04426289,1.17784834,1.29552364,1.40051699,9
0.56572479,82.22644101,212.93856819,2.5,2.3,0.35448575,0.7238109,0.9622853,1.110733,1.216847,1.2990792,1.3662112,1.4197421,10
0.7273768772067749,0.848305433675223,0.0247754396702794,2.781751542904121,2.464719730476442,1.2437734603881836,4.006429672241211,6.837739944458008,8.800570487976074,9.73048496246338,9.970184326171877,10.034045219421388,10.13818359375,12
0.34319775,58.74460783,181.46333119,2.7,2.5,0.6165123,1.6872811,2.423306,2.6329103,2.6460667,2.6542249,2.6623168,2.6702552,0
0.90061042,201.03662281,136.30080227,2.4,2.1,0.12189293,0.20434213,0.28167439,0.3540299,0.42475963,0.49245095,0.5567522,0.61790633,2
0.4970507117609596,1.5216049825853082,0.0145566717757674,2.601844892537688,2.5494454732164336,1.2527647018432615,4.13878345489502,7.363090515136719,10.030684471130373,11.330852508544922,11.35927391052246,11.367433547973633,11.374095916748049,12
0.94960969,206.92513224,164.88255734,2.6,2.4,0.13353467,0.21758413,0.2952633,0.37327695,0.44845462,0.51954436,0.5870428,0.651258,2
0.70715082,112.91508484,225.9339447,2.00816393,2.85687351,0.23544502,0.41637301,0.56998277,0.70110703,0.81527781,0.91484046,1.00237775,1.08026052,17
0.77172989,62.45494843,166.39749146,2.25906038,2.08760762,0.28607464,0.5452826,0.73994517,0.89135098,1.01243615,1.11087465,1.19100595,1.25837231,10
0.38706361,276.24228021,12.54467251,2.2,2.7,0.24759912,0.4180739,0.55384064,0.6696861,0.7705631,0.85831785,0.937078,1.0071199,15
0.4971277551399913,131.03381990130558,0.3175678400327476,2.8658050626760327,2.2083527817156394,0.4064855575561523,0.9018394947052002,1.246708631515503,1.4766929149627686,1.6464369297027588,1.784212350845337,1.9015238285064693,1.9999749660491943,18
0.5915477389412855,5.686302914892895,68.9154303573529,2.34591079,2.15102792,0.891427755355835,2.6259422302246094,3.9316000938415527,4.488603115081787,4.6590657234191895,4.718904972076416,4.739492893218994,4.749429225921631,23
0.3247274610826658,2.11702539784286,13.05324484976569,2.21602106,2.39437103,1.1778981685638428,3.896291732788086,6.948858737945557,9.524721145629885,11.081096649169922,11.126567840576172,11.128658294677734,11.13051414489746,14
0.97850748,257.34643612,29.21998113,2.3,2.5,0.12134647,0.20803714,0.28517437,0.3609488,0.43693137,0.5108249,0.5818391,0.6497476,2
0.39299552,9.76294696,6.44461705,2.71200524,2.26367762,1.10885024,3.44708896,5.62027073,6.94649792,7.40829849,7.52031231,7.59376335,7.65178299,6
0.69648569,25.40225193,11.87880193,2.87845652,2.88974031,0.80481362,2.27769804,3.2939682,3.81860209,4.10486937,4.30074549,4.44451332,4.57020807,22
0.68975806,102.5270462,194.51200867,2.0,2.0,0.19551563,0.32401419,0.4343946,0.52794957,0.60923123,0.67979741,0.74200368,0.7958858,17
0.65513681,41.34659203,2.28357623,2.2,2.7,0.6225779,1.5657237,2.1534731,2.4682047,2.667598,2.8234727,2.9476397,3.0508893,18
0.84444916,54.47734705,116.00438246,2.8,2.7,0.4156282,0.9109318,1.280891,1.5493815,1.7526643,1.9160869,2.0490081,2.161606,20
0.97188574,75.8984375,10.89366341,2.57236433,2.40344238,0.30190253,0.59650517,0.85572743,1.08050847,1.27481389,1.44337678,1.59053588,1.72118783,9
0.76442682,254.14600289,90.09749273,2.1,2.2,0.11226916,0.18281507,0.24710369,0.30743074,0.36822486,0.42549682,0.4803431,0.5320282,2
0.8700738418689632,2.571195492381984,0.4500588135837668,2.925887670395364,2.37213390111546,1.1037049293518066,3.20518445968628,4.769776344299316,5.598270893096924,6.089833736419678,6.486766338348389,6.816640377044678,7.056868076324463,5
0.87236589,33.56833082,146.93057593,2.2,2.2,0.38409686,0.8250036,1.1293793,1.3313861,1.4739096,1.5860479,1.6772234,1.7520871,10
0.68534011,12.17594242,16.62299728,2.91915751,2.09074092,0.88302946,2.35304832,3.29564238,3.78230858,4.06867552,4.25785494,4.37758493,4.47331047,22
0.3639589,270.8887553,180.54105211,2.9,2.4,0.24784636,0.3923328,0.49833083,0.5902147,0.6695447,0.74037623,0.8035362,0.86088204,17
0.4518786018973932,232.0864898769712,0.0123236218543477,2.1180615802345857,2.1496420538577894,0.237844705581665,0.4200217723846435,0.5717978477478027,0.7017762660980225,0.8143889904022217,0.9134948253631592,1.00166654586792,1.0802509784698486,15
0.35448804,113.10225314,129.75857484,2.1,2.1,0.39061022,0.83821774,1.0739429,1.1729362,1.2380793,1.2905757,1.3327992,1.3684301,21
0.48294236,236.92901477,88.51559595,2.3,2.5,0.21070671,0.33779502,0.45149422,0.55064917,0.6386962,0.71833515,0.78980565,0.85623884,16
0.6760400379138582,3.149613101690006,0.866629704413169,2.956198866487365,2.2825291680856106,1.1453890800476074,3.460836887359619,5.420135498046875,6.495399475097656,6.980221748352051,7.30368709564209,7.601322174072266,7.846668243408203,5
0.8949756629656564,1.7828426281489094,0.0615447424437155,2.157403713425196,2.898583630085432,1.1359167098999023,3.517874002456665,5.530108451843262,6.631222724914551,7.157293319702148,7.455596923828125,7.681282997131348,7.851061820983887,5
0.84759853,282.93092073,183.11673248,2.1,2.4,0.0892868,0.13974094,0.1808784,0.21447182,0.25467157,0.2941227,0.33122897,0.36670136,3
0.92948691,112.40339644,106.10998427,2.7,2.3,0.22323179,0.4038775,0.5743022,0.72936845,0.8696008,0.99761343,1.1142263,1.2208087,16
0.54490107,193.52711487,162.51654053,2.23898983,2.33841705,0.19327521,0.30235457,0.40261412,0.49002433,0.56823635,0.63934231,0.7037549,0.76350069,17
0.96943364,116.60904733,383.51098727,2.3,2.3,0.11305022,0.15535092,0.19668317,0.23078513,0.26519847,0.2966268,0.32657337,0.35433245,4
0.4030008569015641,4.852406726961555,0.1467866047982123,2.46316562694119,2.8702260264462174,1.2361698150634766,4.075206279754639,7.216119289398193,9.64688491821289,10.847784042358398,10.951375961303713,10.957212448120115,10.962417602539062,12
0.60568531,187.29039288,212.45097447,2.8,2.7,0.22645497,0.3604777,0.48057914,0.58606577,0.6805446,0.7659118,0.8431933,0.9138465,17
0.6779532011539544,98.52673923054203,0.8031008927800316,2.6968884762525587,2.582101282879583,0.4175968170166015,0.9193236827850342,1.292860746383667,1.566457986831665,1.7782676219940186,1.95126748085022,2.0969579219818115,2.2215898036956787,18
0.97586137,224.04193115,0.04850953,2.15691996,2.60150719,0.13558269,0.2408731,0.33845472,0.43359923,0.52617455,0.61630321,0.70194602,0.78449821,15
0.4077249550794076,7.465414971433739,0.0098511835168404,2.2948465139962875,2.883766383815755,1.1895148754119873,3.893385171890259,6.766687393188477,8.842947959899902,9.766146659851074,9.89372730255127,9.903024673461914,9.913311004638672,12
0.98151791,110.00514221,348.20883179,2.59412622,2.34867859,0.13976455,0.20040059,0.26194024,0.31556678,0.36516333,0.41167068,0.45424438,0.4936223,4
0.62666881,73.98268016,15.28154804,2.52639642,2.30862167,0.47793555,1.12848425,1.56179857,1.83036995,2.02077961,2.17517662,2.30005217,2.40915537,19
0.3896689878009173,150.18682941806813,359.58043475557787,2.4,2.2,0.1888463497161865,0.2310817241668701,0.2647998332977295,0.2911686897277832,0.3153536319732666,0.3370864391326904,0.3568499088287353,0.3748025894165039,4
0.6253146888977367,1.440961392993236,0.0164655807480941,2.675300834136925,2.3429102180032326,1.2163448333740234,3.904327869415283,6.650929927825928,8.576681137084961,9.513311386108398,9.681236267089844,9.71127700805664,9.766788482666016,12
0.58800012,119.74177551,297.29238892,2.0,2.0,0.15381622,0.20953798,0.26115274,0.30583429,0.34554386,0.38029122,0.41097331,0.44003105,4
0.95062351,51.81906627,262.85851874,2.6,2.2,0.2615881,0.4811802,0.65890336,0.8064835,0.9291713,1.0322919,1.1180947,1.1915383,10
0.8940205,88.67475891,214.39517212,2.08752513,2.57559657,0.21137476,0.36987638,0.51423645,0.64104128,0.75358677,0.85383368,0.94367743,1.02454591,17
0.6829913,208.6042451,214.69783411,2.7,2.5,0.17543483,0.26663685,0.35785818,0.4425738,0.5195186,0.5910156,0.65746784,0.7193334,17
0.6909496944099368,120.56807064678212,0.0790303396919754,2.462524239646819,2.408858600720745,0.3266294002532959,0.6565296649932861,0.9234652519226074,1.1421616077423096,1.32344651222229,1.477489709854126,1.6103878021240234,1.7272920608520508,8
0.98264556,87.30263965,274.03154793,2.5,2.2,0.17955065,0.2942698,0.40489578,0.50346017,0.59148335,0.67157364,0.7445755,0.8111305,17
0.87206524,3.90330837,214.82721088,2.4,2.7,0.6637919,1.8111317,2.5691855,2.816334,2.8304293,2.8306725,2.8308365,2.8309028,1
0.45132554,40.5210228,265.33691406,2.41783667,2.48398089,0.48707414,1.19368434,1.59912944,1.66603112,1.66908526,1.67365289,1.67831588,1.68240809,1
0.92123639,170.22884786,96.16428931,2.7,2.4,0.17780805,0.30447984,0.42809796,0.5460136,0.65679836,0.7601795,0.85745215,0.9482889,16
0.85267757,49.87220877,246.16509864,2.0,2.0,0.22811103,0.3970685,0.52757215,0.63209987,0.7168386,0.78507066,0.8426037,0.8898995,17
0.4546566478791491,1.1235265144504296,0.0060812524740762,2.7292216338477986,2.417965868037477,1.2546796798706057,4.1472673416137695,7.447258949279785,10.316993713378906,11.837967872619627,11.859400749206545,11.867372512817385,11.87395477294922,12
0.89141288,51.50186856,204.98141495,2.1,2.3,0.25513005,0.46814394,0.63656664,0.772671,0.884213,0.97717214,1.0543735,1.1204553,10
0.51458025,144.94023972,360.23492717,2.3,2.3,0.16260362,0.20032072,0.23915553,0.27140355,0.29992223,0.32600927,0.3499632,0.37170815,4
0.691221951533335,2.1242670454558628,0.1164193791877487,2.974817850589428,2.314168193574037,1.1893815994262695,3.6812028884887695,5.9260969161987305,7.2719221115112305,7.865471839904785,8.164017677307129,8.42255687713623,8.657832145690918,12
0.8011211015853468,2.5666325477832603,0.004576951779446,2.829113858834128,2.002679823422781,1.0668139457702637,3.0536534786224365,4.490760803222656,5.246074676513672,5.717175483703613,6.105678558349609,6.426865577697754,6.664546012878418,5
0.68054675,177.77856859,335.5593964,2.31620837,2.26996585,0.12374115,0.16336226,0.20414162,0.23703289,0.26916575,0.29955316,0.32873726,0.35545993,4
0.85615134,31.12010765,388.71130371,2.17679787,2.09619808,0.21835613,0.32131863,0.37847304,0.41918612,0.45025468,0.47342825,0.49228954,0.50677919,4
0.930127951534198,1.500411976576007,0.006368767684782,2.150360231545682,2.0643279616624675,1.0588328838348389,3.0431830883026123,4.438841819763184,5.177838325500488,5.6075944900512695,5.9231462478637695,6.164278030395508,6.338224411010742,5
0.91443117,117.48985988,292.02401827,2.1,2.7,0.13772988,0.19972587,0.26175618,0.3174188,0.3688085,0.41626692,0.459821,0.5000317,4
0.443156,150.44567871,21.72017097,2.04393244,2.90542555,0.42659163,0.99800062,1.37386394,1.59259963,1.7516253,1.87458324,1.97658968,2.06533289,19
0.74907813,41.1996686,254.49452142,2.5,2.0,0.35187364,0.7345736,0.9829967,1.133585,1.2333326,1.3067503,1.3651953,1.4097025,10
0.71591257,164.80252423,376.6668682,2.5,2.3,0.13068295,0.17195845,0.2155776,0.25292134,0.28858614,0.32149053,0.35237694,0.38128042,4
0.6982550596012795,22.1880052449152,0.008890316691114,2.09654111814522,2.756084628033043,0.786414384841919,2.2376787662506104,3.1803901195526123,3.62530255317688,3.856957674026489,4.010968208312988,4.138533592224121,4.236889839172363,22
0.8961645403323335,289.01018487923534,398.3564687078724,2.3,2.3,0.0674850940704345,0.0995368957519531,0.1245028972625732,0.1289730072021484,0.1396150588989257,0.1541941165924072,0.1703548431396484,0.1843690872192382,11
0.4359673659548519,34.29654338976516,0.0073424017757129,2.373134575364803,2.929455885955474,0.9314560890197754,2.829202890396118,4.331857681274414,5.055227279663086,5.307507514953613,5.416189193725586,5.501723289489746,5.564356803894043,5
0.436349776834729,23.854066442344184,0.0323413540271415,2.468569181731308,2.154100277626227,0.9248213768005372,2.6660070419311523,3.904433250427246,4.455658912658691,4.696859359741211,4.8364434242248535,4.9366607666015625,5.008813858032227,22
0.42692902,271.41660132,391.98339121,2.6,2.4,0.12732005,0.1461556,0.16542792,0.1797092,0.19716024,0.21137524,0.22296,0.23637533,11
0.64546132,250.9617565,138.51925068,2.3,2.2,0.13241363,0.20369458,0.27221656,0.33524227,0.3962369,0.45320702,0.506439,0.55695486,2
0.95508679,58.08118762,115.84306755,2.49246585,2.78844393,0.34069705,0.69218612,0.98143268,1.2208569,1.41885185,1.58509302,1.72571421,1.8477993,10
0.61069368,141.61610198,246.13996878,2.65947953,2.24277328,0.19520974,0.29342127,0.38203049,0.45672297,0.52272463,0.58215618,0.63488221,0.68309546,17
0.4028702229660683,265.8515914566798,272.2033172988398,2.9,2.3,0.1581439971923828,0.1940946578979492,0.2341067790985107,0.2646219730377197,0.2951943874359131,0.3230679035186767,0.3488163948059082,0.3734829425811767,4
0.95896226,5.99882174,6.49078703,2.02411342,2.66985703,0.87522411,2.41425657,3.396348,3.87506533,4.14022875,4.31771088,4.44665337,4.54866314,22
0.94893312,22.13926506,259.11538696,2.09119344,2.13488054,0.3244698,0.64443111,0.85463214,0.98441291,1.0693903,1.1290195,1.173136,1.20596385,21
0.63815726,190.98778784,64.93103763,2.4,2.1,0.19904113,0.3412621,0.4738214,0.5920665,0.69909143,0.7973807,0.88676834,0.9680245,16
0.39892439,166.45585668,23.4925677,2.5,2.8,0.4386568,0.9893055,1.3482265,1.5551047,1.7008743,1.814292,1.911798,1.9961119,19
0.51829023,153.61148828,251.721751,2.8,2.0,0.23188949,0.38356066,0.5019212,0.60207963,0.6873393,0.7615118,0.8272202,0.88461137,17
0.57600445,205.09593587,131.4951333,2.9,2.7,0.2598977,0.444777,0.60341835,0.74272513,0.86584425,0.97593856,1.0739999,1.1631944,17
0.7948765646357706,38.67313925151104,11.665924583380647,2.8231527113044983,2.936545417001472,0.6176319122314453,1.586439847946167,2.2482006549835205,2.6374847888946533,2.9000890254974365,3.102041482925415,3.2692677974700928,3.412663221359253,18
0.4051585082779519,1.810087830105377,0.0035079541773104,2.9679910372857687,2.0823564072551024,1.2045831680297852,3.8929057121276855,6.838747024536133,9.24191188812256,10.712899208068848,10.799505233764648,10.807586669921877,10.814447402954102,12
0.77866073,138.22165337,155.0870338,2.8,2.6,0.23999405,0.4186163,0.58122706,0.726382,0.85635567,0.9739249,1.0792897,1.1752682,17
0.78735112,64.43554598,319.61327826,2.7,2.8,0.29416704,0.53240705,0.7012446,0.8338659,0.94016314,1.0271931,1.0993726,1.1590283,10
0.7699586438927534,9.421972174047395,0.0164182014025353,2.9734988350579687,2.900479803896053,1.006619215011597,2.9441041946411133,4.390392303466797,5.138819694519043,5.546506881713867,5.827042579650879,6.0396575927734375,6.202573776245117,5
0.87978789,243.19327352,159.02989371,2.9,2.4,0.14040732,0.22550917,0.30176568,0.38516545,0.46412468,0.5369699,0.60710096,0.67418647,2
0.7414000062365731,4.721645131258571,11.621518331965005,2.4,2.6,1.0558252334594729,3.163247346878052,4.805685043334961,5.632484436035156,5.9971208572387695,6.228557586669922,6.396005630493164,6.507697105407715,6
0.3336833125425759,0.8154219535862565,0.0032340387935337,2.29691036144502,2.2567334306884086,1.2248167991638184,4.092672348022461,7.406652450561523,10.39752960205078,12.061549186706545,12.087428092956545,12.09454345703125,12.100318908691406,12
0.8072209973861155,0.7767255156811443,0.11574401636101,2.9976381085453543,2.2249256022709525,1.2026119232177734,3.7579150199890137,6.128536224365234,7.620518684387207,8.288764953613281,8.608859062194824,8.882556915283203,9.105018615722656,12
0.94800295,35.843302,342.69552864,2.2,2.7,0.24823737,0.41796637,0.533864,0.62153625,0.68981194,0.74406576,0.78640866,0.8201995,17
0.3187894261461468,3.188816562508179,0.4355951839294392,2.596364148719631,2.503962475813113,1.2490618228912354,4.141530990600586,7.458266258239746,10.30431079864502,11.98513126373291,12.042784690856934,12.048294067382812,12.053083419799805,13
0.75761802,229.38924415,46.32310914,2.66524891,2.0348,0.14115334,0.23157191,0.31871581,0.4023602,0.48229051,0.55724144,0.62772155,0.69444847,16
0.94488167,242.85724029,127.95443113,2.7,2.4,0.13077664,0.21553063,0.28958535,0.3688445,0.44657087,0.5187433,0.58755493,0.6539843,2
0.9954806,243.49139404,340.01547241,2.81708527,2.37911463,0.13032532,0.14189553,0.17032433,0.20291495,0.24033856,0.27024055,0.29713845,0.32673669,11
0.64396152,82.65326712,286.24481822,2.5,2.9,0.30132866,0.5461228,0.70764494,0.82936573,0.92493606,1.0032876,1.067548,1.1217585,10
0.55399215,297.05374146,301.81265259,2.42553496,2.19760704,0.09471607,0.12476635,0.15084934,0.16395259,0.1822207,0.20067644,0.21971846,0.23704815,11
0.88808024,18.07909584,19.06405258,2.44066381,2.6027987,0.68283081,1.76487827,2.45010042,2.82797909,3.07245255,3.25362587,3.40066433,3.5277133,23
0.826051159290934,52.96884710591908,57.3649766607678,2.20872641,2.66406369,0.423851728439331,0.9527685642242432,1.3366565704345703,1.610814332962036,1.81980562210083,1.987973690032959,2.128511428833008,2.247039794921875,19
0.47809602,77.64750616,251.09946363,2.9,2.7,0.4512334,1.055764,1.443744,1.6066172,1.6833098,1.7394507,1.7870963,1.826874,1
0.99826673,198.76563882,287.16152773,2.2,2.1,0.08368182,0.13114405,0.1720407,0.20364499,0.23947,0.27460814,0.30776143,0.33975244,11
0.82619508,123.83177899,244.01585978,2.8,2.8,0.22320342,0.3682475,0.5028434,0.62292004,0.73053646,0.82767534,0.9154172,0.99514866,17
0.89263129,122.71720886,27.93243217,2.84869599,2.13767123,0.22072387,0.40365052,0.57643747,0.73281407,0.87488556,1.00422263,1.12167549,1.22837472,15
0.9352642946469338,1.957772232355574,23.88743773421659,2.7399662508478384,2.603461323454269,1.067547082901001,3.1587975025177,4.761362075805664,5.593067169189453,6.026148796081543,6.328220367431641,6.557229042053223,6.712644577026367,7
0.9141512508979296,1.815650935135441,41.21582488082129,2.7087574461979704,2.075305386587945,0.9598186016082764,2.7330238819122314,3.9659793376922607,4.579709053039551,4.915846824645996,5.144486427307129,5.291624069213867,5.372933387756348,7
0.54861426,16.26566887,18.375,2.31480289,2.46889138,0.95647073,2.74565172,4.02819157,4.61348438,4.83139467,4.94284201,5.01218081,5.05264807,23
0.9731046,262.70532227,110.80821991,2.26738715,2.72602224,0.11747718,0.19805551,0.26594973,0.33691478,0.40870833,0.47756457,0.54182243,0.60512781,2
0.7867161,266.35965277,219.91292874,2.1,2.7,0.09938908,0.14681053,0.18596244,0.2206235,0.2566564,0.29308867,0.32801247,0.36053252,3
0.5069350201971473,51.34019637170273,2.457516477417523,2.548088737294017,2.4532870758166445,0.7145888805389404,1.970217227935791,2.773380279541016,3.1505093574523926,3.3423972129821777,3.4743075370788574,3.5742483139038086,3.666582584381104,22
0.70011306,12.57650661,43.55407333,2.10269332,2.00967097,0.76699829,2.01693606,2.75717664,3.07545161,3.23364282,3.3144176,3.37526107,3.42791915,23
0.43020159,154.94651308,153.22256696,2.3,2.3,0.2877047,0.5155165,0.6678517,0.78317285,0.87596536,0.95345974,1.0176017,1.0736394,10
0.30966956,259.16558509,184.30898525,2.34933869,2.47742849,0.23303843,0.34344697,0.42092991,0.48581076,0.54282856,0.59317565,0.63973618,0.68113875,17
0.62424071,194.81165853,277.71199739,2.29585137,2.00750416,0.11058235,0.1494863,0.18438935,0.213974,0.24593592,0.27565718,0.30231762,0.32783937,11
0.7120356275871498,2.709100542882461,27.790594539094435,2.87662029,2.59063268,1.1140542030334473,3.4230847358703613,5.438056468963623,6.580531597137451,7.042927265167236,7.246944904327393,7.419005870819092,7.529322147369385,7
0.64724683,245.01896566,191.69937195,2.87906954,2.64371412,0.17539907,0.25864601,0.34455037,0.42605281,0.49948049,0.56805968,0.63205624,0.69209075,17
0.40150583,142.74641759,44.14036222,2.3,2.5,0.420583,0.9353576,1.2528155,1.4246566,1.548409,1.6467524,1.7268963,1.7957821,19
0.7257277455313146,5.876444821452134,0.0035703010916279,2.787143664382409,2.463894250232617,1.0649285316467283,3.116569995880127,4.650527477264404,5.425165176391602,5.847702026367188,6.153252601623535,6.392936706542969,6.57179069519043,5
0.623828192531518,32.6106301679602,0.0059595310120237,2.654141685633787,2.7851151582139586,0.7901444435119629,2.2324743270874023,3.2059755325317383,3.6871509552001953,3.941060543060303,4.111159801483154,4.243945598602295,4.353082656860352,22
0.5581844021443407,27.27412279408439,78.29850700359871,2.70009720516674,2.00730570412222,0.6477680206298828,1.725099802017212,2.3789255619049072,2.6682136058807373,2.808722734451294,2.8922550678253174,2.961596727371216,3.019521951675415,23
0.7235855809321877,1.6696181263486614,0.0283789994579836,2.649171770138143,2.778599111354309,1.2357101440429688,3.939014434814453,6.5798211097717285,8.256450653076172,9.001237869262695,9.293855667114258,9.48419189453125,9.663904190063477,12
0.37378361,285.57546151,280.24616617,2.28698463,2.47196555,0.14647031,0.17707753,0.21163011,0.23945808,0.26678276,0.29174972,0.3157928,0.33823633,11
0.30496648,279.17388737,55.38941696,2.02225926,2.40642021,0.26029754,0.44334984,0.57149625,0.6737361,0.75993395,0.83389473,0.89727139,0.95504189,16
0.4511351320682963,3.0380953427155744,5.815747771158661,2.6346514431283143,2.512354186493386,1.2168231010437012,3.95277738571167,6.897087574005127,9.143392562866213,10.230546951293944,10.343568801879885,10.345989227294922,10.34819793701172,14
0.3488447871958287,135.38277738482526,298.8215213901839,2.96374343,2.34674547,0.2925658226013183,0.4936532974243164,0.5848727226257324,0.6481738090515137,0.6984841823577881,0.7395613193511963,0.774162769317627,0.805412769317627,21
0.60335108,213.31212408,331.49390969,2.8,2.4,0.15484595,0.20744944,0.26261854,0.3143077,0.3614347,0.40431285,0.44465542,0.48241735,4
0.75874088,139.67472373,346.92230939,2.41323502,2.98383331,0.1852994,0.27549791,0.36327124,0.44329739,0.51454449,0.57957435,0.63926029,0.69395924,17
0.99960315,44.50682068,179.6902771,2.05089474,2.03320694,0.23525286,0.43594956,0.60348153,0.74370742,0.86090422,0.96009111,1.04285288,1.11604738,17
0.56585484,259.07793545,19.30369144,2.0,2.3,0.15544987,0.2524371,0.34511638,0.4306512,0.509516,0.583019,0.6515198,0.7152176,15
0.43497815,5.229096,0.21819633,2.4,2.6,1.241261,3.8067758,6.3539085,7.9859123,8.685932,8.944516,9.156511,9.309032,13
0.5748274382177716,29.137828266651816,3.073906772757058,2.158651595604349,2.511691311413593,0.7970612049102783,2.26120400428772,3.216017007827759,3.6427643299102783,3.848321676254273,3.972501993179321,4.074803352355957,4.156824111938477,22
0.77120612,211.66488212,374.35535624,2.5,2.9,0.14515543,0.16176939,0.19456315,0.2331481,0.26969028,0.29837227,0.32783937,0.35506487,4
0.5586614576094123,23.40886745530888,2.28119502659664,2.598645047519822,2.4547508497799466,0.8874714374542236,2.5420682430267334,3.693920373916626,4.2390336990356445,4.505582809448242,4.671445846557617,4.786815643310547,4.871567726135254,22
0.55096753,226.42198589,284.80445544,2.7,2.7,0.18128109,0.2488501,0.31700897,0.37999678,0.43564582,0.48677707,0.53391194,0.57801056,4
0.94207776,2.33509183,0.52814901,2.03906536,2.40275574,1.05778933,2.98931646,4.30670071,4.97186518,5.30747128,5.52352142,5.67552233,5.76178551,5
0.35288405,131.46886356,142.11303366,2.0405419,2.88333208,0.44086361,1.07755065,1.4670279,1.62112498,1.70292354,1.76753426,1.8218081,1.868927,0
1.0,286.99752808,126.09544373,2.0,2.0,0.07219982,0.12326241,0.16877794,0.20753407,0.24858499,0.28821278,0.3273983,0.36568737,2
0.80973185,157.96005195,268.39301647,2.16314116,2.71590856,0.15193653,0.23506999,0.31849766,0.3948586,0.46607637,0.53159642,0.59241629,0.64952493,4
0.62652517,216.67411027,101.87855122,2.14929642,2.82658031,0.2012136,0.33850932,0.46870279,0.58647203,0.69331431,0.79182148,0.88209629,0.96556473,16
0.75810671,271.36598223,15.91956032,2.26555375,2.87378178,0.16209054,0.2730453,0.37948751,0.48483872,0.58381057,0.67747641,0.76592278,0.85067701,15
0.3487827801587456,1.519680846404733,0.0130197974133658,2.7182161917368,2.551390349324194,1.2715463638305664,4.244691848754883,7.709560394287109,10.807632446289062,12.6236572265625,12.65982723236084,12.66558074951172,12.67047119140625,12
0.90765412,214.98735196,372.16833069,2.05742722,2.044751,0.0640707,0.09354734,0.11422873,0.1230576,0.13939953,0.15319061,0.16609383,0.17977333,11
0.48323541,64.40439246,113.05670293,2.10916019,2.81141868,0.56265569,1.50944614,2.10848069,2.32981515,2.42409825,2.49317908,2.55343938,2.60509896,0
0.51435626,12.64905422,99.02988419,2.9,2.8,0.9415684,2.8005872,4.3546257,5.1627693,5.3940306,5.451973,5.460986,5.463107,7
0.8152729020421229,3.0315608482453698,0.0864062298210719,2.893380826387009,2.2194744849837647,1.0765399932861328,3.1003642082214355,4.567356109619141,5.332157611846924,5.806240558624268,6.193905353546143,6.502883434295654,6.723642826080322,5
0.47865978,238.02116644,233.63208708,2.7,2.2,0.18275285,0.26316738,0.3402915,0.407506,0.46880388,0.5245452,0.5757768,0.6232524,3
0.4600464168439094,10.14260195849389,43.84454873615177,2.9,2.7,1.049159288406372,3.245206356048584,5.217607975006104,6.366169452667236,6.721063137054443,6.814683437347412,6.87229585647583,6.900341510772705,7
0.7990846190282357,229.9512926983897,399.81494671220526,2.04126287,2.59073591,0.0844480991363525,0.1184093952178955,0.1467323303222656,0.1671423912048339,0.1892600059509277,0.2112557888031005,0.233400821685791,0.2546591758728027,11
0.89660169,295.67882044,189.54970673,2.1,2.0,0.07060003,0.11553693,0.15411377,0.18359876,0.21752286,0.25003314,0.28213596,0.31338453,11
0.67362164,163.71145161,172.55765322,2.7,2.7,0.23778486,0.40094805,0.54572344,0.67321944,0.7870164,0.88933825,0.98125553,1.0640697,17
0.6841455,61.00361402,370.09506595,2.8,2.7,0.31298947,0.5702214,0.7264006,0.8334172,0.9128945,0.97419024,1.0245769,1.0656502,21
0.30000719,270.06228357,26.08489767,2.38107085,2.9168378,0.37655973,0.79426026,1.06423259,1.2305727,1.35204554,1.449646,1.53318715,1.60685754,9
0.3797112722242111,6.259998959838552,0.0153908072510427,2.419032226836688,2.1353078704890933,1.142399787902832,3.6295626163482666,6.1028547286987305,7.84385871887207,8.5892915725708,8.700258255004883,8.706073760986328,8.71280288696289,12
0.37470079,160.80123644,50.18329645,2.7,2.1,0.4304521,1.0025561,1.3599267,1.5436382,1.6656389,1.7637517,1.8440652,1.9133904,19
0.57153033,281.56628503,150.79703116,2.5,2.0,0.1325059,0.19922829,0.26592922,0.32665396,0.38453174,0.43919134,0.49006557,0.53867793,2
0.98009277,224.12156798,303.48726374,2.8,2.1,0.09515738,0.15075612,0.19631624,0.23998308,0.28499413,0.32870913,0.37016892,0.4102044,4
0.79146873,192.2310428,148.25474971,2.0,2.0,0.11145735,0.1808629,0.24517727,0.30635786,0.36440158,0.41923118,0.47078252,0.51948452,2
0.4644853315622005,283.5966895061764,0.0037870757137687,2.316198452877911,2.214630242955391,0.201082706451416,0.3300001621246338,0.4492321014404297,0.5554835796356201,0.6507792472839355,0.7373790740966797,0.816577672958374,0.8892745971679688,15
0.4083488063478,53.65762838528834,135.9844078269841,2.310156744331128,2.116354921307255,0.5272667407989502,1.3572850227355957,1.821084976196289,1.954691886901856,2.0042052268981934,2.043351173400879,2.0794687271118164,2.112154006958008,0
0.67278988,237.59910358,345.68507084,2.66563578,2.589661,0.13315248,0.16668057,0.20254636,0.24173284,0.27919459,0.31088495,0.34112287,0.37038326,4
0.3531054806340355,55.909855055104224,0.0750912691952478,2.575367071204075,2.9456793358021534,0.8927021026611328,2.7124531269073486,4.1635589599609375,4.871344566345215,5.107767105102539,5.210497856140137,5.271069526672363,5.315570831298828,5
0.98030197,78.15443621,183.64382463,2.5,2.9,0.2513733,0.4570384,0.6398938,0.80053926,0.94151735,1.0669589,1.1776404,1.2758083,10
0.67651829,154.09698995,47.31329908,2.4,2.4,0.25223565,0.46015596,0.64190674,0.8005974,0.9399545,1.0632145,1.1726427,1.270392,9
0.72384616,219.51194245,44.10689221,2.4,2.8,0.1888442,0.3169744,0.44244194,0.5578923,0.6650052,0.7643254,0.8570969,0.9435251,16
0.5957797243955627,1.6033713640984966,0.0225716437646392,2.372891254685893,2.199801844935652,1.1854498386383057,3.795203447341919,6.42662525177002,8.270953178405762,9.197071075439451,9.387489318847656,9.405470848083496,9.42454433441162,12
0.58590489,232.59849499,245.33644399,2.1,2.7,0.12522912,0.16805124,0.21060061,0.2468822,0.28174043,0.3154266,0.34745646,0.3770914,3
0.83211399,72.80690926,390.9567458,2.3,2.1,0.15861082,0.21492195,0.26717758,0.31104636,0.35064268,0.38482213,0.41493607,0.44164705,4
0.8198784056442014,0.8806552956395658,0.0332579080621372,2.8073247267316583,2.856516744140852,1.2646470069885254,4.055352687835693,6.8136138916015625,8.599947929382324,9.445517539978027,9.804449081420898,10.040441513061523,10.270639419555664,12
0.9108999611162084,43.54575177044703,93.19625343435766,2.43665959,2.85776033,0.4338645935058594,0.980233907699585,1.3859374523162842,1.6777424812316897,1.899630546569824,2.077415943145752,2.223951816558838,2.3499093055725098,20
0.83241511,126.20577052,19.15090457,2.57860177,2.86274481,0.29155087,0.5542202,0.78938699,0.99763608,1.1814158,1.34431148,1.48870254,1.61741281,9
0.8002290600618207,277.9163128454607,354.5390255757205,2.0,2.8,0.0844173431396484,0.1249346733093261,0.1546123027801513,0.1822288036346435,0.210921049118042,0.2401795387268066,0.267310619354248,0.293442964553833,11
0.8916983638676225,24.541451139438376,0.5294563161890293,2.810615759323132,2.413095429471727,0.6106812953948975,1.518265724182129,2.125598430633545,2.499192714691162,2.759695053100586,2.961566925048828,3.1298770904541016,3.2746214866638184,18
0.7891728340564818,1.4946700696737252,0.6390729142898217,2.3084790234280224,2.2133429877252544,1.139744520187378,3.475031852722168,5.43757963180542,6.534781455993652,7.0433349609375,7.337793350219727,7.559443473815918,7.732303619384766,5
0.7238132266181823,111.47613032097568,400.0,2.0,2.1,0.1130852699279785,0.1396658420562744,0.1652379035949707,0.1853189468383789,0.2071988582611084,0.2267777919769287,0.2446019649505615,0.2609241008758545,11
0.4224612,160.09497843,391.44276806,2.7,2.9,0.23870182,0.32371593,0.3728311,0.41565943,0.45239377,0.48571515,0.5155616,0.54249954,4
0.33292765,49.26222282,272.309036,2.7,2.2,0.52094626,1.370502,1.9116011,1.9907022,1.9921894,1.9922314,1.9929113,1.993103,1
0.83395833,15.29545593,343.95169067,2.38171911,2.05501986,0.33711147,0.64999485,0.79117322,0.81946158,0.82555056,0.83041596,0.83404469,0.83691287,21
0.78187592,44.02525476,32.60479009,2.7,2.7,0.5524261,1.3515737,1.8969557,2.2266257,2.4542158,2.6293056,2.7735393,2.8977354,19
0.8982482,95.15617371,379.5541687,2.2745626,2.23354721,0.13227558,0.17718506,0.22322822,0.26293349,0.29957962,0.33294129,0.36344099,0.39086199,4
0.5326745618167719,0.9455714879340028,0.0071119200770986,2.617946131248106,2.3416607631257413,1.2384161949157717,4.075181007385254,7.231040000915527,9.85305118560791,11.37484359741211,11.43543815612793,11.44320011138916,11.449708938598633,12
0.360987,54.41631021,367.68263697,2.1,2.1,0.29085827,0.46850514,0.5015347,0.51095796,0.5198858,0.52762675,0.5343659,0.5403557,21
0.6951114607504949,3.6732096796760128,0.0049605558762894,2.855068286333683,2.1050043080249625,1.0845987796783447,3.1829288005828857,4.785733222961426,5.628999710083008,6.080850601196289,6.431615829467773,6.726410865783691,6.950560569763184,5
0.47176403,12.68820953,44.92086029,2.52956986,2.30847454,0.98520947,2.85410833,4.28289604,4.95694494,5.1495409,5.2384305,5.27626848,5.29349327,7
0.89758557,284.69929186,381.76029736,2.01952223,2.54482809,0.06733251,0.10196471,0.13104892,0.14385056,0.16098166,0.17904186,0.19883299,0.21797061,11
0.4945762553341388,104.66526743775432,0.38274390258595,2.1813757962820355,2.783329141999477,0.522266149520874,1.3322997093200684,1.847144603729248,2.116219520568848,2.290799617767334,2.429518699645996,2.5441060066223145,2.643104553222656,18
0.7196536350731304,21.19076827176817,398.5744348315764,2.17679787,2.09619808,0.2768473625183105,0.4670977592468261,0.5312454700469971,0.5506031513214111,0.5634603500366211,0.5732600688934326,0.5808000564575195,0.5867054462432861,21
0.93347579,290.45269775,167.74690247,2.3506856,2.95506811,0.12481427,0.19009161,0.24400902,0.31120753,0.37825847,0.43976307,0.49839568,0.55500412,2
0.409507621964099,1.4082322650318972,0.0199474484608526,2.55555905480454,2.8379122593326573,1.2853858470916748,4.331406116485596,7.944766998291016,11.203606605529783,13.26999855041504,13.330329895019531,13.336149215698242,13.340967178344728,12
0.7924727,30.47943014,63.02395733,2.1,2.7,0.512316,1.2163601,1.6736248,1.939884,2.1173322,2.2532923,2.3674238,2.4621003,19
0.69745415,113.10054016,69.40640259,2.01750493,2.01475763,0.23349857,0.42823815,0.59348464,0.73504901,0.856462,0.9619925,1.05448151,1.13721299,16
0.3843687942261337,0.8639628871891741,1.172990507379931,2.6335625507604528,2.4769821593891628,1.2622320652008057,4.205717086791992,7.63898229598999,10.739723205566406,12.690860748291016,12.73762321472168,12.744972229003906,12.751256942749023,13
0.5523699699275298,93.5639510760216,0.0283623830700155,2.457271777152126,2.844302220524553,0.5349788665771484,1.352566480636597,1.8926901817321773,2.192777633666992,2.394769191741944,2.551107406616211,2.6813888549804688,2.793463706970215,18
0.47121137,27.41569565,98.12366075,2.2,2.5,0.7212291,1.9635296,2.765202,3.062162,3.1493216,3.1813903,3.2052517,3.2267284,23
0.9767646994471896,1.4346792306892815,129.90762037240208,2.9284675264096385,2.4439628836958103,0.8443922996520996,2.468198776245117,3.69874906539917,4.266000270843506,4.47574520111084,4.554702758789063,4.564487934112549,4.564659118652344,23
0.4028717989396893,192.5994968711364,0.0164935179647927,2.3313050775294344,2.2550993379650017,0.3494541645050049,0.7208070755004883,0.973947048187256,1.1520543098449707,1.2894587516784668,1.404203176498413,1.4985103607177734,1.5801951885223389,8
0.6832381022932208,4.884605320605289,0.0050910134252717,2.749748127755772,2.960408241140855,1.1691529750823977,3.611636161804199,5.764289855957031,6.986252784729004,7.525613784790039,7.819584846496582,8.055323600769043,8.242706298828125,5
0.7579422564574784,4.110284782933532,0.0119306426619922,2.704127493080356,2.1782293993987443,1.0488407611846924,3.001337766647339,4.392622947692871,5.108102798461914,5.532607078552246,5.85859489440918,6.116449356079102,6.294210433959961,5
0.78935309,173.31962938,193.31361013,2.5,2.1,0.14875436,0.23866224,0.3266027,0.40844464,0.48455405,0.5550754,0.620847,0.6829424,17
0.3,20.460025719665307,24.88651475155368,2.35720801,2.65792656,1.0378704071044922,3.2667150497436523,5.354379177093506,6.635432243347168,7.010599136352539,7.031933784484863,7.043356895446777,7.050327301025391,7
0.78615917,277.27291159,38.15594022,2.5,2.8,0.15560031,0.25386763,0.34806442,0.44305396,0.5324886,0.6165645,0.69628835,0.77254295,15
0.50713693,105.31033189,272.72853718,2.4,2.9,0.30042744,0.531605,0.66837835,0.76705885,0.8449757,0.90810823,0.96127844,1.0059946,10
0.39523021,141.42777314,70.02425855,2.1,2.3,0.36431265,0.74872303,0.98390627,1.1235545,1.2260253,1.3069608,1.3739533,1.4320648,10
0.97162282,298.11276245,329.59585571,2.28988123,2.05823612,0.06303215,0.0970149,0.12222028,0.12864089,0.1467073,0.16520452,0.18298507,0.19904995,11
0.4834421137123011,148.32258955613227,0.1002389138396338,2.8735276174522526,2.4225574433253314,0.4100894927978515,0.9061694145202636,1.2543861865997314,1.4885756969451904,1.663785696029663,1.805843591690064,1.9265310764312744,2.0265705585479736,18
0.3356168372835898,1.1379571114081148,0.0782009333572265,2.2273718444719623,2.301546811953496,1.2168822288513184,4.063517093658447,7.3380255699157715,10.25168800354004,11.854305267333984,11.880989074707031,11.888206481933594,11.893945693969728,12
0.34438981,215.34415195,53.23857533,2.42881425,2.5818941,0.36659408,0.75194144,0.99982095,1.1568768,1.27578259,1.37076163,1.44970179,1.51884437,9
0.3152872,66.85522461,6.84541988,2.03352928,2.32430458,0.77326465,2.17251158,3.09164381,3.41156816,3.50592279,3.55165815,3.58620214,3.61669111,22
0.315482892196388,232.56722745069897,308.19123453043886,2.5,2.8,0.2397372722625732,0.3417167663574219,0.400439977645874,0.4536383152008056,0.4995172023773193,0.5412929058074951,0.5791409015655518,0.6131398677825928,4
0.81640349,83.71789656,276.10327724,2.5,2.5,0.23639512,0.40100384,0.538646,0.6550474,0.7545693,0.8412056,0.916065,0.98266745,17
0.9411453251406046,289.8265621541177,367.6414406786974,2.08750518,2.03507962,0.0539970397949218,0.0807423591613769,0.104032278060913,0.1084203720092773,0.1221487522125244,0.133754014968872,0.1453745365142822,0.1574327945709228,11
0.74691168,89.62121759,321.34014128,2.5,2.6,0.22925663,0.3660643,0.47609973,0.5682256,0.6477618,0.71665287,0.7771859,0.82967544,17
0.556243283023167,32.70623674825216,0.005362029113642,2.3762150210052484,2.7602491318911824,0.8310103416442871,2.412972211837769,3.514677762985229,4.025140762329102,4.259309768676758,4.395569801330566,4.50804328918457,4.593294143676758,22
0.8919504458153199,44.60477030227557,0.0035625259252335,2.466724510250369,2.8392108587179568,0.4993073940277099,1.1677868366241455,1.6518020629882812,1.991645336151123,2.247434139251709,2.4536824226379395,2.625800132751465,2.7737436294555664,18
0.39503092,250.6758818,116.89264489,2.3,2.4,0.21553516,0.3317485,0.42997026,0.5137303,0.58769035,0.65305257,0.7126405,0.7660911,16
0.49829072,282.33428955,207.64056396,2.07415771,2.52269936,0.1372261,0.19089484,0.24637842,0.29556632,0.3423543,0.38578606,0.42663336,0.46492648,3
0.54410502,154.86356491,23.25422875,2.6,2.6,0.35846114,0.7314594,1.0101008,1.223753,1.3950055,1.536125,1.657119,1.7623589,9
0.61783503,23.21981007,74.84400597,2.4,2.9,0.74455523,2.0221524,2.8678694,3.2558699,3.4371471,3.5400782,3.6065264,3.6605096,23
0.31480802,22.60638254,275.59988249,2.5,2.3,0.5842898,1.572617,2.2283375,2.317024,2.3185203,2.3188565,2.3203695,2.3204944,1
0.31837789,187.28228168,280.79496101,2.35992119,2.02597119,0.18003559,0.21476889,0.24354768,0.26791549,0.29033566,0.31088424,0.32998228,0.34747505,11
0.81079569,50.77937365,76.72289646,2.43665959,2.85776033,0.46531272,1.07716036,1.51280403,1.80534792,2.0178895,2.18523169,2.32168961,2.43620634,20
0.7525164314346506,15.866075681616907,0.0259954422227111,2.6588473005833704,2.0802035413534843,0.7687199115753174,2.015073299407959,2.7974252700805664,3.2247390747070312,3.4899940490722656,3.6806230545043945,3.8335094451904297,3.947844028472901,22
0.3181129177130284,273.9868636926665,327.44141487711266,2.0,2.8,0.1628932952880859,0.1954090595245361,0.2311592102050781,0.2604210376739502,0.2868616580963135,0.3124158382415771,0.3362712860107422,0.3582639694213867,4
0.5200220887193419,44.05603320838397,32.99315289874783,2.014701725723533,2.6379766016961224,0.691293478012085,1.9579215049743648,2.75988245010376,3.094044685363769,3.2413454055786133,3.334345817565918,3.417322158813477,3.4879751205444336,23
0.3605508901206226,58.69181232526561,0.0386737878847663,2.242627388666981,2.413283028803985,0.7856643199920654,2.257952213287353,3.254871368408203,3.669332981109619,3.812411785125733,3.899148464202881,3.962899684906006,4.015199661254883,22
0.799790676312067,74.50286308446614,0.0162579189705367,2.2940163938281546,2.187926080551329,0.3517603874206543,0.7325794696807861,1.03367018699646,1.2725393772125244,1.4662103652954102,1.6283884048461914,1.7658159732818604,1.8866450786590576,8
0.79528525,123.99488799,255.5972254,2.53004536,2.50493261,0.19482493,0.30997348,0.41941357,0.51567149,0.60195136,0.67984438,0.75038433,0.81483507,17
0.34636838,83.31454203,72.79607431,2.3,2.5,0.5998304,1.5657368,2.1444712,2.3395739,2.412374,2.4663749,2.5129905,2.5534096,0
0.53471867,37.14049664,193.41872442,2.1,2.9,0.48397756,1.1555419,1.5291133,1.6429157,1.682847,1.711596,1.7355962,1.756176,0
0.8701972908417546,5.130258187627966,0.256787772931715,2.1899429104030204,2.176935040236483,0.9239130020141602,2.5161614418029785,3.530611515045166,4.051992416381836,4.369052410125732,4.587826251983643,4.751808166503906,4.881099224090576,22
0.4380251882251503,3.7334753658345714,0.0034834602099578,2.771810524183533,2.735674949262589,1.253978252410889,4.103857040405273,7.213142395019531,9.604778289794922,10.80288791656494,10.92372989654541,10.928629875183104,10.932924270629885,12
0.53407049,141.19410706,220.57910156,2.07402515,2.37978792,0.22856236,0.37353992,0.48757744,0.58238721,0.66403151,0.73463202,0.79717398,0.8502636,17
0.37651211,143.89727783,231.53713989,2.95963454,2.01589942,0.25382781,0.39464211,0.47216725,0.53375793,0.58458257,0.62845826,0.66645694,0.69873643,17
0.6372310909456723,36.21792386178344,0.0040662668162457,2.126473066369876,2.1235411804244624,0.6378462314605713,1.640547275543213,2.2314445972442627,2.5312488079071045,2.7183706760406494,2.857762098312378,2.9760963916778564,3.071246862411499,18
0.60608192,290.01177297,340.33046626,2.6,2.4,0.1085763,0.14156556,0.1687994,0.19417262,0.22296667,0.24880314,0.27112603,0.29365945,11
0.70008636,75.39484406,10.92025852,2.07454491,2.26063347,0.3956306,0.85090423,1.17689419,1.41130066,1.5900681,1.73572755,1.85945511,1.96558595,9
0.75504807,40.84161801,382.76212051,2.8,2.2,0.30783486,0.58040404,0.74681854,0.84984326,0.9202695,0.97123194,1.0121596,1.0440574,21
0.81679658,240.62693785,182.23574506,2.73052866,2.05069848,0.10570645,0.16056943,0.20764041,0.25170946,0.29765701,0.34166884,0.38365316,0.42338109,3
0.9039778498203804,42.60689932216809,8.493521716441935,2.4657116087832622,2.933248324177029,0.5023453235626221,1.1807496547698977,1.6721339225769043,2.0158705711364746,2.2733049392700195,2.4807658195495605,2.6534299850463867,2.802037239074707,18
0.69463655,222.98967677,35.44575093,2.1,2.1,0.14326167,0.24118495,0.33387876,0.42103553,0.5031564,0.5794165,0.6506789,0.71807504,15
0.53055029,126.65573622,70.30831685,2.66931193,2.32010269,0.36175203,0.74278784,1.01219773,1.20394611,1.35136271,1.46979284,1.56742287,1.6512723,10
0.63240453,5.71821563,5.16116646,2.3426127,2.9434531,1.16619563,3.55543566,5.67033768,6.89561939,7.35414219,7.53139782,7.64139748,7.71542454,6
0.54170389,6.52404237,47.04404694,2.7,2.9,1.1059127,3.3039455,5.236857,6.350718,6.7014136,6.810431,6.8746696,6.9034696,7
0.4060730999920611,39.114127144323376,163.79376660491664,2.628658020225017,2.634108992319556,0.6600673198699951,1.88162899017334,2.740932941436768,3.051234245300293,3.1104750633239746,3.1254653930664062,3.1397199630737305,3.153230667114258,0
0.59781852,4.50578903,113.66905877,2.9,2.8,0.9834838,2.9549317,4.6922536,5.6592226,5.915286,5.95755,5.959586,5.959635,7
0.6443946876267236,12.015029196050245,0.0057035805018726,2.2748504757565,2.2655242025643805,0.9335920810699464,2.650545835494995,3.8168070316314697,4.365428924560547,4.642809867858887,4.815281867980957,4.949751853942871,5.039697647094727,22
0.85500944,222.15713269,248.74433023,2.7,2.5,0.13541794,0.20254278,0.26483488,0.33242297,0.3950162,0.45293617,0.5077257,0.5605097,3
0.99001531,120.26628817,379.44615231,2.1,2.7,0.1100719,0.14737129,0.1807921,0.20913982,0.23507118,0.2604723,0.28471422,0.30733752,11
0.98791951,146.2598877,2.13841057,2.57686234,2.21347666,0.18238831,0.32675362,0.46672106,0.59895992,0.72297812,0.83875656,0.94712806,1.0481174,15
0.30202091,145.1970264,336.14718318,2.00119962,2.7615161,0.28492737,0.48831463,0.57957816,0.63251257,0.67474222,0.71074247,0.7406683,0.7662077,21
0.3879842379825399,13.767363798890438,30.93896799669892,2.11983705,2.42653418,0.9903640747070312,3.049961805343628,4.838212013244629,5.786389350891113,6.016816139221191,6.048004150390625,6.065699577331543,6.077451705932617,7
0.944883004911966,16.00573576897091,0.024027734008659,2.589850138261819,2.3267058068464204,0.6603097915649414,1.6638414859771729,2.312440156936645,2.7010858058929443,2.967298746109009,3.1741063594818115,3.342531442642212,3.485766649246216,18
0.98598635,298.0838623,15.25379848,2.7035749,2.55811405,0.14960885,0.21664381,0.29004836,0.37197971,0.45424366,0.52963018,0.60203981,0.67325449,2
1.0,300.0,400.0,2.0,2.0,0.04656577,0.07129359,0.09210324,0.09478068,0.10513234,0.1119132,0.11669993,0.12528467,11
0.96536794,209.00638331,8.57403102,2.33577338,2.92540867,0.16710997,0.29191041,0.40852022,0.52741551,0.64068103,0.7476213,0.84937,0.94660044,15
0.57730637,71.47553699,83.31519048,2.1,2.7,0.42784715,0.95869064,1.2997177,1.4996512,1.632642,1.7402213,1.8295991,1.9023373,20
0.40572578,56.82644258,87.48963193,2.72409848,2.48901227,0.66124105,1.83966565,2.62108922,2.93411803,3.05281234,3.11773181,3.17072034,3.21709132,23
0.93715063,171.18882779,379.14200167,2.44663642,2.4872795,0.10990429,0.15370202,0.19282174,0.22780347,0.26283073,0.29589176,0.3265245,0.35598493,4
0.82718162,123.15122933,302.96684099,2.8,2.4,0.18791723,0.292912,0.39460993,0.4858768,0.56773996,0.6420307,0.70981,0.7721875,17
0.58045506,290.19815063,80.04598236,2.29189491,2.5769856,0.16242623,0.25466728,0.34672356,0.4316597,0.51015544,0.5840795,0.65331411,0.71817183,16
0.99996917,65.9071264,272.40881713,2.00008492,2.00013274,0.15291095,0.24493289,0.33137059,0.40699315,0.47372341,0.53266382,0.58603573,0.63289571,4
0.84236032,15.47054863,21.97057343,2.22428203,2.73269629,0.746629,2.02510357,2.82833385,3.23087549,3.46209955,3.6243639,3.75272179,3.8552537,23
0.69922459,13.29638577,29.98698997,2.15191507,2.22974896,0.81902671,2.20777345,3.07249236,3.45035195,3.63851762,3.73837447,3.81333661,3.88032937,23
0.32621287,290.59360792,167.98307623,2.0,2.2,0.14644527,0.18524432,0.22365737,0.25656486,0.28879476,0.31845403,0.34577107,0.37103868,2
0.6232151553046269,34.61497730215256,16.18166069666917,2.8755267769957955,2.6725670211649044,0.7476320266723633,2.073250770568848,2.958510398864746,3.4047579765319824,3.649211406707764,3.817069530487061,3.942796230316162,4.054426193237305,22
0.43979793,144.25743939,310.03699508,2.9,2.5,0.2952814,0.51183224,0.63978887,0.73645043,0.8148291,0.8801999,0.9360602,0.98454976,17
0.7996361989438621,14.708898874448453,0.0106349357444129,2.975357250799684,2.9148553956753203,0.8811981678009033,2.492895603179932,3.6168856620788574,4.215898990631104,4.563680171966553,4.806888103485107,4.993717670440674,5.139010429382324,5
0.41889926,278.77554128,9.49904763,2.6,2.2,0.25175261,0.43738103,0.5900116,0.7208202,0.8347981,0.93524814,1.0244501,1.1036012,15
0.40791026,90.72158813,30.26026344,2.27308416,2.85430288,0.63328576,1.74422145,2.46515107,2.74860644,2.86778855,2.95213675,3.02274442,3.08749795,23
0.9805603,145.46099854,29.29847336,2.12077904,2.08938622,0.1502862,0.26940894,0.38249159,0.49044991,0.59241343,0.6881876,0.77790284,0.86265612,15
0.84695025,81.27976929,64.31287242,2.3,2.9,0.30767846,0.6116798,0.8640716,1.075083,1.2518058,1.4024329,1.530621,1.643611,10
0.8543411982616373,15.114587208070304,0.0896927772960316,2.426359710954881,2.684103505517592,0.7731289863586426,2.0983030796051025,2.948694944381714,3.3999063968658447,3.676075220108032,3.875623941421509,4.035832405090332,4.173855781555176,22
0.73345065,204.19830322,75.04625702,2.19796515,2.13190484,0.14915752,0.24725723,0.34116507,0.42926288,0.51194429,0.58829713,0.6597743,0.72738981,16
0.7719337216356937,0.9234734513647088,0.0144020658312324,2.7325875069061394,2.389071092201447,1.222285270690918,3.871947526931762,6.438662528991699,8.089422225952148,8.820016860961914,9.094388961791992,9.29587745666504,9.477336883544922,12
0.74522781,151.34128481,43.96045248,2.52225341,2.29331515,0.22579288,0.40416718,0.56808066,0.71451187,0.8454504,0.96376753,1.07066751,1.16691804,15
0.48029871,225.34348799,25.72267178,2.31149421,2.67319295,0.28301096,0.52027988,0.70868444,0.86811852,1.00374532,1.12042856,1.22322488,1.31404448,9
0.3113011995054745,84.18399639859,0.2142362674635472,2.256386268317646,2.53304709482709,0.7414093017578125,2.1366007328033447,3.088552713394165,3.4698827266693115,3.592078447341919,3.658396005630493,3.716890573501587,3.7673661708831774,22
0.67406698,121.63338323,103.12370912,2.7,2.2,0.2956171,0.5687969,0.7890372,0.9729049,1.1260328,1.2576628,1.3699837,1.4683714,10
0.80939406,297.53277588,41.81171799,2.08663011,2.17905879,0.09873986,0.16774321,0.22981,0.28625464,0.34457755,0.40091348,0.45487761,0.50671196,2
0.6598497943864724,0.796379993586371,0.5553968428570956,2.158494482316798,2.426713507010948,1.206167221069336,3.962552785873413,6.928973197937012,9.148529052734377,10.3446044921875,10.504368782043455,10.51581573486328,10.52500057220459,13
0.9549256495069832,1.900594493801784,0.0115760957103852,2.9618192079978733,2.6911703694127334,1.1459693908691406,3.376969814300537,5.104660987854004,6.040740966796875,6.57325553894043,6.999073028564453,7.357815742492676,7.631716728210449,5
0.8731669952069125,34.82689142630805,4.490128991595486,2.3079562018132926,2.802321575383981,0.5527348518371582,1.356896162033081,1.9001250267028809,2.247045993804932,2.497811317443848,2.696157932281494,2.8600664138793945,3.000576972961426,18
0.370813217049258,99.3362612759514,0.099620335060988,2.8970724771001493,2.788055639264726,0.6934304237365723,1.9593186378479004,2.8340415954589844,3.228307247161865,3.4028191566467285,3.5117855072021484,3.602776050567627,3.679271697998047,22
0.5979865937627046,149.80732503350345,400.0,2.2594396,2.22636949,0.127284288406372,0.1511926651000976,0.1773493289947509,0.1974246501922607,0.2174594402313232,0.2356772422790527,0.253126859664917,0.2692406177520752,11
0.530285354610596,80.28778454770017,0.1172842352089054,2.6681802919024107,2.686517316176226,0.5988872051239014,1.574110507965088,2.210397243499756,2.536309242248535,2.733974933624268,2.8845176696777344,3.0094428062438965,3.115171432495117,18
0.9059189,54.16115319,170.69237401,2.4,2.3,0.29806042,0.58094764,0.80665636,0.9897804,1.1388643,1.2617159,1.3648732,1.4527023,10
0.81710838,131.89639483,373.33745259,2.1,2.1,0.09883475,0.13206434,0.15975642,0.18102407,0.20524573,0.22675848,0.24620295,0.26474166,11
0.31127024,279.43417305,65.36303102,2.0,2.7,0.22514296,0.34417534,0.4359162,0.5133221,0.5801873,0.6404686,0.69378996,0.7410209,16
0.3241147,278.94030707,123.63391422,2.6,2.7,0.27239013,0.44704723,0.5626621,0.6597724,0.74268055,0.8144281,0.87719154,0.9334588,16
0.75391165,74.55866499,88.69101712,2.7,2.7,0.40339828,0.87152386,1.221165,1.477751,1.6745374,1.8336604,1.9661233,2.0772817,20
0.8706871190435029,1.5745200787590783,0.0996169012684951,2.668303625688845,2.088127283035836,1.1005713939666748,3.2043590545654297,4.768232822418213,5.611870288848877,6.107097148895264,6.513915538787842,6.841495990753174,7.105666637420654,5
0.61187905,142.51661466,275.85790686,2.8,2.9,0.25504756,0.41530204,0.54164386,0.65012884,0.7433977,0.82571554,0.8984308,0.9635391,17
0.66699127,214.17869575,116.75642872,2.7,2.6,0.20573974,0.336792,0.46287966,0.5778985,0.68316865,0.78000546,0.8691764,0.951864,16
0.3127242382268509,4.418605299412678,0.0258556630894947,2.627289122583394,2.577347333773058,1.2481207847595217,4.119628429412842,7.370865345001221,10.139444351196287,11.669891357421877,11.739320755004885,11.74595832824707,11.75172996520996,12
0.74361476593594,260.90141122144314,0.2075290275907143,2.629887395810892,2.760251219824925,0.1939632892608642,0.3240153789520263,0.4526066780090332,0.5776190757751465,0.692936897277832,0.8014364242553711,0.9036576747894288,0.9996819496154784,15
0.54598016,15.13399206,3.65599754,2.9,2.3,1.0446317,3.1399124,4.8289127,5.6942835,5.9828005,6.1054544,6.186742,6.23347,6
0.7448115296122446,71.12719516205368,0.035324587565859,2.9062296140954262,2.126820918431661,0.4040799140930176,0.8913273811340332,1.2578611373901367,1.5252423286437988,1.731398105621338,1.8998966217041016,2.041501045227051,2.1653475761413574,18
0.67793464,190.22220733,372.8409074,2.8,2.6,0.15414524,0.20236683,0.25264382,0.3024137,0.34605122,0.38579392,0.42338872,0.45857024,4
0.5921415,265.54343129,150.09417873,2.0,2.0,0.10288429,0.154984,0.20184708,0.24519658,0.28869867,0.3285532,0.36695647,0.40323448,2
0.54976821,270.98190699,215.34758537,2.1,2.0,0.09696865,0.13675857,0.1716342,0.20081758,0.23250651,0.26277137,0.29069948,0.31753254,11
0.9260610869387772,1.641346954586277,0.1218864187511552,2.0412345266601823,2.030521847243294,1.032545804977417,2.9291491508483887,4.23624324798584,4.911166191101074,5.30177640914917,5.588948726654053,5.803505420684815,5.9539103507995605,5
0.56534671,71.1404975,130.14660285,2.9409414,2.66672218,0.49639726,1.19695234,1.66371584,1.90218067,2.04496431,2.15273142,2.23828697,2.31337738,20
0.96469939,227.3405304,78.01087952,2.20931959,2.5088172,0.12518454,0.21480179,0.29668641,0.37607789,0.45437145,0.53020406,0.6020205,0.67160892,2
0.3232201556031945,4.687993911857537,0.0080924417563106,2.832353802063766,2.465714096502721,1.2383062839508057,4.048203468322754,7.175421714782715,9.714109420776367,11.046643257141112,11.109381675720217,11.113547325134276,11.117136001586914,12
0.66851965,168.20407075,267.03691002,2.2,2.5,0.14979029,0.21066594,0.2737856,0.32886434,0.3791883,0.42554474,0.46836877,0.5082848,4
0.46696214,141.37682152,285.24729574,2.6,2.0,0.23441935,0.3724029,0.46924734,0.54837656,0.61538386,0.67210436,0.7219238,0.7651632,17
0.95172977,95.70185089,197.79682922,2.22555804,2.5145154,0.19704247,0.34024358,0.47538638,0.59732127,0.70704412,0.80747151,0.89864683,0.98125911,17
0.54263126,53.16340099,158.70430373,2.75315758,2.01432131,0.43306041,0.98044491,1.29136086,1.42705631,1.50617313,1.56642723,1.61564255,1.65710258,0
0.99692989,235.5418471,45.71098559,2.1,2.4,0.1115551,0.19169283,0.26275897,0.33146596,0.40161467,0.46990895,0.53485703,0.5978484,2
0.7543137111701412,46.70333046317667,3.315675002562459,2.225899461534948,2.5351424258569497,0.5287001132965088,1.2854139804840088,1.7807810306549072,2.089834213256836,2.3097972869873047,2.4835667610168457,2.6274547576904297,2.751702785491944,18
0.33108932,84.014328,203.58804321,2.10004711,2.0904882,0.39731908,0.86161757,1.0778811,1.12547517,1.15330005,1.17658973,1.19622326,1.21361256,21
0.32080049,253.64535317,237.45324477,2.0,2.9,0.16160345,0.1916089,0.22335935,0.24794531,0.27082086,0.29257846,0.31288624,0.33169365,11
0.30084327,57.77844502,32.86318295,2.34386076,2.40061451,0.81302953,2.31442118,3.38125467,3.79628563,3.90740681,3.94439697,3.97147846,3.99451923,23
0.3740752055497012,22.08443336792181,10.849237643981974,2.12395453,2.99844694,1.0255630016326904,3.245607614517212,5.293256759643555,6.467879295349121,6.81881046295166,6.881075859069824,6.913446426391602,6.934935569763184,6
0.4190386,273.59433922,232.51119681,2.8,2.6,0.2022841,0.28109908,0.3537526,0.41831326,0.47652602,0.5294237,0.57851386,0.6239605,3
0.3086708856990058,300.0,265.75948956136205,2.3,2.4,0.156625747680664,0.1846368312835693,0.2175297737121582,0.2435874938964843,0.2678284645080566,0.290668249130249,0.3128995895385742,0.333392858505249,11
0.7779017117098337,25.01231608577124,0.0191266672580201,2.954569695195058,2.6480559847411853,0.7313899993896484,1.959599494934082,2.7698516845703125,3.2167553901672363,3.500505447387696,3.707808017730713,3.876185894012451,4.01516056060791,22
0.81378659,263.55464436,140.05212615,2.0,2.4,0.09861589,0.1557107,0.2045815,0.24916577,0.2982061,0.34466314,0.38841724,0.43057275,2
0.788037,182.89851379,261.35147095,2.69896984,2.77083063,0.17326927,0.26006603,0.34753656,0.43139172,0.507195,0.57731318,0.64274597,0.70375085,17
0.892897281468226,111.42962655423248,0.4989827234288274,2.5382323171077656,2.588113023151991,0.2785334587097168,0.5325179100036621,0.763810396194458,0.9697394371032716,1.1518537998199463,1.3141343593597412,1.4591403007507324,1.5888938903808594,8
0.59769142,134.83628845,372.16842651,2.42496443,2.17460585,0.14128375,0.17154598,0.2026999,0.22725272,0.25159717,0.27368641,0.29374218,0.31246996,11
0.4729814477570901,10.4040052563202,9.130404738862357,2.12395453,2.99844694,1.0903327465057373,3.483654737472534,5.761294364929199,7.142206192016602,7.63709545135498,7.728549003601074,7.758538246154785,7.780796051025391,6
0.454751051634587,0.8717414979525316,0.0084955641648481,2.8493912251975675,2.959850555213446,1.3203446865081787,4.465601921081543,8.214500427246094,11.62376594543457,13.993208885192873,14.062060356140137,14.070639610290527,14.077973365783691,12
0.87530812,75.70873316,175.05080515,2.8,2.5,0.29998064,0.57668185,0.80543613,0.99813366,1.1607795,1.2987733,1.4170132,1.5204253,10
0.6017006355885242,1.249675109498345,2.0032121002932866,2.1334798834788,2.8655981615528443,1.2266607284545898,4.089980125427246,7.297124862670898,9.778718948364258,11.110878944396973,11.317167282104492,11.32691478729248,11.33493423461914,13
0.71472155,84.66301468,17.80916284,2.1,2.1,0.32917094,0.6656141,0.9261918,1.1301036,1.2948744,1.4322586,1.5466728,1.6471,9
0.59839729,293.59155341,121.29535589,2.8,2.1,0.14514375,0.22550917,0.30417657,0.3792236,0.44957423,0.5156293,0.57764125,0.6369798,2
0.93688339,299.60263062,217.24200439,2.66000891,2.03574133,0.08091784,0.12654638,0.15632272,0.18047261,0.21335244,0.24629378,0.27722001,0.30601692,11
0.9726015317819576,6.270241487112589,0.1632083659192809,2.223445768150337,2.0999432991796354,0.801652193069458,2.0648579597473145,2.8424229621887207,3.2780160903930664,3.5614590644836426,3.7669410705566406,3.92477035522461,4.061674118041992,22
0.85485051,71.37280199,47.64008597,2.19695089,2.52271828,0.33709478,0.68767905,0.97191715,1.20351505,1.39430737,1.55398703,1.68900371,1.80708408,9
0.37491847,121.64673426,254.18444812,2.5,2.7,0.35765505,0.7049458,0.8908279,0.9823477,1.0482707,1.0995474,1.143235,1.1793485,21
0.31153303,95.68399048,396.08221436,2.51418424,2.38819647,0.29077506,0.45345211,0.4859798,0.50378013,0.51942921,0.53261137,0.54429317,0.5554409,21
0.62992943,228.07053196,193.75711482,2.39178957,2.33585721,0.14608908,0.21496534,0.28526592,0.34769297,0.4062984,0.46126771,0.51248431,0.56072831,3
0.55628996,140.7834279,294.49002973,2.95308592,2.31908453,0.2156415,0.31580019,0.39580011,0.46227646,0.52108836,0.57274485,0.61888313,0.66057777,17
0.37476347,74.96082313,368.29587625,2.5,2.7,0.35458207,0.67870307,0.80933166,0.83921766,0.8604522,0.87900734,0.89495754,0.9090738,21
0.31254679,127.94797516,393.26171875,2.48458314,2.17850471,0.20381999,0.22865987,0.24245167,0.25138259,0.25926304,0.26670671,0.27418399,0.28107023,11
0.39646296,33.76850123,212.66609913,2.6,2.5,0.6231606,1.7027779,2.43364,2.6217227,2.6232958,2.623538,2.6239128,2.6244159,1
0.6328500330279845,28.90195367372252,46.69380225431822,2.181487817432563,2.9188713788488574,0.7307412624359131,2.104066848754883,3.0226221084594727,3.437551975250244,3.625446319580078,3.742228984832764,3.829576015472412,3.9068331718444815,23
0.49563041,31.70343568,53.06904277,2.8,2.7,0.84560156,2.4324224,3.6034214,4.141511,4.3321133,4.4217415,4.476406,4.517165,23
0.68251488,30.73198747,81.69812988,2.3,2.3,0.5831013,1.467932,1.9955304,2.2409093,2.3821027,2.481581,2.5622027,2.6326091,20
0.54026818,144.56778281,332.92155984,2.4,2.6,0.19622731,0.26745725,0.32899046,0.38012052,0.4255669,0.4663279,0.50338864,0.5367389,4
0.5136669480248348,5.932760207366676,0.6073548042127498,2.419937806446275,2.00927857845998,1.0782501697540283,3.2623655796051025,5.124002456665039,6.140266418457031,6.533205032348633,6.723705291748047,6.859907150268555,6.942418098449707,5
0.907177148574544,1.6798455123865377,0.0036150645324264,2.148832664981068,2.74417198261057,1.12495756149292,3.433795690536499,5.313310623168945,6.321907997131348,6.808709144592285,7.106134414672852,7.330460548400879,7.512997627258301,5
0.89729768,7.56161165,2.43496895,2.02653623,2.30762458,0.84892893,2.26119375,3.12262583,3.54855537,3.79194546,3.95549393,4.08085728,4.18135881,22
0.3783915895241601,17.335404384373444,25.40776128891613,2.11833525,2.03390074,0.916670560836792,2.705087900161743,4.060572624206543,4.636737823486328,4.797508239746094,4.858554840087891,4.888236045837402,4.908724784851074,23
0.9798041630161612,104.20195075844954,400.0,2.70609117,2.08887482,0.1172492504119873,0.1524343490600586,0.1856482028961181,0.2134389877319336,0.2384614944458007,0.2633914947509765,0.2869939804077148,0.3083763122558594,11
0.4034781539089584,31.21883328525964,0.0037900247931055,2.255821260651484,2.411166496458893,0.9166851043701172,2.7065274715423584,4.036216735839844,4.618410110473633,4.817683219909668,4.930934906005859,4.996345520019531,5.045591354370117,22
0.96026278,287.83746338,331.71405029,2.9653821,2.05497336,0.0772295,0.11273384,0.13188028,0.14002061,0.15517521,0.17945194,0.19809055,0.2130878,11
0.86892671,61.24599361,296.37805178,2.20979428,2.53770314,0.24098921,0.41832471,0.56031275,0.67805123,0.77682877,0.85975885,0.9306922,0.99083519,17
0.92598195,262.63552178,276.86345296,2.9,2.2,0.10702419,0.16089916,0.20390892,0.2528572,0.30343843,0.35064888,0.39453006,0.43735433,4
0.7943599498067109,73.16819490983887,0.2595442617262271,2.6239628824741787,2.9927504221999155,0.4587025642395019,1.038896083831787,1.476393222808838,1.797624588012695,2.045119285583496,2.246595859527588,2.415746688842773,2.561043739318848,18
0.8911363471383624,19.777856533459257,379.2652436228133,2.0,2.5,0.3163120746612549,0.6264276504516602,0.8094320297241211,0.903327465057373,0.9561872482299804,0.9913537502288818,1.0161089897155762,1.034032106399536,21
0.99598753,155.57278442,83.10642242,2.52391243,2.14819646,0.14924455,0.25602961,0.3588903,0.45728993,0.55086207,0.63948727,0.7224586,0.80102682,16
0.7128922012838418,3.821224264378547,0.025698639169004,2.163384522004466,2.6511634255641865,1.1103622913360596,3.4302828311920166,5.37984561920166,6.428689956665039,6.870838165283203,7.095746994018555,7.246469497680664,7.3729963302612305,5
0.8172956334330869,3.0161949134472863,5.07543565733758,2.5,2.5,1.094855546951294,3.2527403831481934,4.929092884063721,5.792391777038574,6.2295026779174805,6.528928756713867,6.766567230224609,6.941682815551758,6
0.6191631502127424,90.09889969043238,0.05524638604272,2.7806727338824064,2.191745349905412,0.4287457466125488,0.967085599899292,1.349228858947754,1.6066813468933103,1.7997593879699707,1.954885959625244,2.085256576538086,2.1965951919555664,18
0.9225939714514804,10.613858898642954,0.0658178292928294,2.2042110778512685,2.302301961492398,0.7472400665283203,1.9408588409423828,2.673847198486328,3.076572895050049,3.335940361022949,3.528526782989502,3.682222366333008,3.815274715423584,22
0.849348166042541,5.5056602516926505,74.7788120655133,2.7905392681701136,2.496465484069135,0.8616783618927002,2.468411445617676,3.606703758239746,4.16420841217041,4.435909271240234,4.580568313598633,4.671469688415527,4.726597309112549,23
0.50024255,104.53279957,331.67050235,2.4,2.0,0.2282238,0.34640098,0.42196083,0.48314524,0.5334437,0.5770323,0.613394,0.64460063,17
0.76153184,46.5933196,177.34356919,2.81961663,2.15688983,0.3619287,0.75542164,1.02595448,1.20271134,1.32806563,1.42542195,1.50464892,1.57129598,10
0.426021757995196,177.3287775191952,347.17390113859483,2.1,2.1,0.132486343383789,0.1543483734130859,0.1758685111999511,0.192803144454956,0.2106049060821533,0.2268624305725097,0.242480993270874,0.2570066452026367,11
0.4160981357634409,289.92407528378783,286.6385049115545,2.2,2.2,0.1130702495574951,0.1379332542419433,0.1630773544311523,0.1804640293121338,0.2000980377197265,0.2183411121368408,0.2367556095123291,0.2542452812194824,11
0.69127469,247.4628558,77.67071066,2.9,2.6,0.19858813,0.32436943,0.44862318,0.56640506,0.67415357,0.77505064,0.86894083,0.95760536,16
0.43057737,39.80474007,237.50739692,2.43447373,2.16492014,0.47057772,1.12544084,1.46138525,1.50255537,1.50797844,1.51370621,1.51908875,1.52401972,1
0.4840047177145716,0.8519198622565781,18.123386658702955,2.680025854300929,2.979046020551585,1.2516582012176514,4.179135799407959,7.583104610443115,10.538928985595703,12.50130844116211,12.63939094543457,12.64081573486328,12.642141342163086,14
0.30685575,70.9089116,337.28374722,2.6,2.1,0.3871603,0.845732,1.0652921,1.0834792,1.0896561,1.0955029,1.1009395,1.1064696,21
0.44723256,235.93191954,49.19401168,2.9,2.1,0.2778046,0.51385665,0.6993363,0.8554294,0.9877951,1.1016994,1.2013559,1.2901711,9
0.30552783,155.12088807,239.92674914,2.41693,2.75096257,0.37012792,0.76067662,0.97643065,1.06946564,1.12958503,1.1784544,1.2205925,1.2559185,21
0.63593374,98.6833247,253.70528381,2.2,2.2,0.22493148,0.36497903,0.47453642,0.5642824,0.64056325,0.70533395,0.7622886,0.81062603,17
0.77543462,84.82432315,249.12372561,2.8,2.4,0.27514768,0.5028918,0.6828227,0.8324561,0.9577291,1.0643034,1.1555233,1.2344861,10
0.63767725,78.94062884,343.66872687,2.6,2.6,0.27618074,0.46850562,0.58923125,0.6828854,0.75854754,0.81921005,0.8694062,0.91250324,17
0.8694926476966683,1.4904211154185296,27.242377968866634,2.96718144,2.94138718,1.1606054306030271,3.604062557220459,5.776959419250488,7.064600944519043,7.637650489807129,7.935524940490723,8.166827201843262,8.344172477722168,14
0.66891959,277.18587721,153.69967852,2.9,2.6,0.16792345,0.25461698,0.3410883,0.4283116,0.5068228,0.58090496,0.6511533,0.71729875,17
0.822051115174734,1.714928094870338,2.0328163715812,2.32658458,2.1320684,1.1027867794036863,3.280372142791748,4.974064350128174,5.8656816482543945,6.325939178466797,6.638477325439453,6.881753921508789,7.0623779296875,6
0.3199490511872083,7.701596498563143,47.92659496433835,2.4,2.1,0.982062578201294,3.027176141738892,4.875072479248047,5.969278335571289,6.241060256958008,6.245776176452637,6.248879432678223,6.250246047973633,7
0.65465027,40.41651488,134.22344382,2.75460211,2.91937288,0.59121561,1.54964542,2.19886065,2.50388432,2.65681219,2.76038361,2.84319019,2.91333008,20
0.8831122683779444,96.23593962184836,0.0187005540673614,2.2389368209380303,2.802643611505624,0.3039877414703369,0.6004114151000977,0.8631658554077148,1.092418193817139,1.2911484241485596,1.4652161598205566,1.6179606914520264,1.7535278797149658,8
0.4470927015931595,99.17495424343916,0.0097176608707177,2.5423546244879285,2.567658151478505,0.5830681324005127,1.5348830223083496,2.138224601745605,2.423447132110596,2.5910558700561523,2.717635154724121,2.821981906890869,2.915595054626465,18
0.9110261769838568,44.223193364403336,0.105699299479847,2.9596853804362127,2.8494378694978124,0.5168952941894531,1.211167335510254,1.7268962860107422,2.088446617126465,2.359006881713867,2.577166557312012,2.759347915649414,2.916699886322021,18
0.50740278,254.96147747,371.95817466,2.7,2.4,0.13525724,0.16445112,0.19392085,0.2231338,0.25182414,0.2764876,0.29886436,0.32141256,11
0.9871130049097524,86.75390623767674,0.0043861039071459,2.53956792566723,2.4448741227187423,0.2811756134033203,0.5450701713562012,0.786271333694458,1.000340700149536,1.1890451908111572,1.3567090034484863,1.5054044723510742,1.638072490692139,8
0.6469530882051909,116.64062420509283,0.066802608033548,2.2160999922614493,2.9036680585732864,0.389066219329834,0.8466243743896484,1.1925504207611084,1.4548797607421875,1.663283109664917,1.8357276916503904,1.981231689453125,2.106989860534668,8
0.44068866,68.04249739,233.01300444,2.3,2.8,0.41769433,0.920552,1.1929469,1.282515,1.3291798,1.3656211,1.3950014,1.4195342,21
0.3670127,102.76842275,92.90365594,2.7,2.5,0.5672233,1.4897218,2.0822196,2.2950644,2.3821688,2.4463973,2.5020466,2.5508037,0
0.5388388786396758,220.36272762414285,0.0754660791360671,2.2889435451609623,2.6393055136491848,0.2673442363739013,0.4911506175994873,0.6820266246795654,0.8471782207489014,0.9910452365875244,1.1182520389556885,1.2305772304534912,1.331195831298828,8
0.70775366,291.75881958,173.56945801,2.54811335,2.77686119,0.14058232,0.21145988,0.27714992,0.34828019,0.41361618,0.47442508,0.53221989,0.58752894,3
0.4393442393756968,31.599735617526548,0.2598520912907405,2.7476987435290825,2.873093001481492,0.967139720916748,2.916208982467652,4.467639923095703,5.239788055419922,5.536422729492188,5.693360328674316,5.786777496337891,5.866146087646484,5
0.42938849,7.56766203,36.14120887,2.02893176,2.57770165,1.03327632,3.2783103,5.41302204,6.74296904,7.15028334,7.16289186,7.16597891,7.1679616,7
0.9766217005401802,36.5881624982412,0.1736992565288961,2.6194741477691887,2.2801511020246394,0.4405703544616699,0.983428955078125,1.3952176570892334,1.700639009475708,1.937187910079956,2.13049578666687,2.2935588359832764,2.434415102005005,18
0.96295445,81.06863367,319.85054851,2.3,2.8,0.17573905,0.26626253,0.3547156,0.4297974,0.49675298,0.55720735,0.6110456,0.65946054,4
0.89617575,233.96546351,86.64535855,2.6,2.4,0.14095092,0.23500443,0.32270885,0.4098506,0.49461627,0.57430005,0.65011334,0.7229936,16
0.45258999,156.98551059,396.01559133,2.62112749,2.94819269,0.24230814,0.34702778,0.41143084,0.46746993,0.5158391,0.55920839,0.59765983,0.6333673,4
0.5905058128918701,2.6392538512424584,0.1812239691505064,2.800030826722804,2.162704183927863,1.1630866527557373,3.616899490356445,5.92282772064209,7.369263648986816,7.961549758911133,8.171838760375977,8.355578422546387,8.505874633789062,12
0.88050783,116.60971891,328.32150404,2.8,2.1,0.15755844,0.24186516,0.32611465,0.40247154,0.47178197,0.53555965,0.59429836,0.64861417,4
0.88785185,176.38651005,397.99839286,2.9,2.8,0.1554439,0.19218588,0.24483967,0.30063295,0.3471849,0.39218593,0.43424225,0.47396588,4
0.78581189,14.98459094,1.12581332,2.5,2.5,0.83412886,2.25304699,3.16410589,3.6262784,3.89297056,4.07684422,4.22181368,4.32800722,22
0.88579177,269.16966288,15.26217255,2.7,2.6,0.15338492,0.25770068,0.3523445,0.45360136,0.5496955,0.63985586,0.72606707,0.80937934,15
0.420686,122.10099808,77.27345936,2.5,2.4,0.45736957,1.0729432,1.450602,1.6370704,1.7552283,1.851918,1.9295466,1.9959548,20
0.62456298,7.16772175,8.90047646,2.30759239,2.42438602,1.07218909,3.11491442,4.65202951,5.39803839,5.70123386,5.87876701,5.97424507,6.0425024,6
0.8196803,205.30365804,378.03428083,2.2,2.9,0.11152124,0.1353805,0.16386199,0.18050003,0.20137763,0.22265053,0.23971009,0.25892234,11
0.98239312,92.37247212,331.10620862,2.8,2.5,0.19020677,0.30038214,0.40680838,0.5026412,0.5890639,0.6669941,0.73761463,0.8021989,17
0.98434204,209.06332397,89.3855896,2.6680119,2.17328835,0.12540007,0.21017981,0.28795171,0.36407328,0.43868089,0.51082015,0.579561,0.64475942,2
0.5682614161985388,48.27689462295237,175.01283278451794,2.9540042432181206,2.327447768694683,0.4829258918762207,1.1891379356384275,1.6289243698120115,1.8234572410583496,1.9243192672729488,1.996480941772461,2.055103778839112,2.1037707328796387,0
0.4007636350883079,1.5957878653212167,0.0675229226128408,2.741891911914699,2.7224232580938006,1.2860095500946045,4.307913780212402,7.84100341796875,10.970328330993652,12.880083084106444,12.92688274383545,12.933422088623049,12.9390287399292,12
0.5122294425819767,2.686048728121959,17.1763444555752,2.4,2.3,1.1269991397857666,3.5882503986358643,6.039200782775879,7.698164939880371,8.38487720489502,8.465810775756836,8.471498489379883,8.478479385375977,14
0.64059831,205.10905965,386.98913481,2.4,2.7,0.12548041,0.1560173,0.18590713,0.20985198,0.23408914,0.2561605,0.27514672,0.29522777,11
0.30591904,83.83143984,379.88131421,2.8,2.9,0.40061688,0.8406763,1.0470119,1.0737898,1.0837774,1.0931311,1.1016426,1.109426,21
0.7367469624053772,0.9260199751686328,0.0281097963425102,2.4226520072038777,2.307517296638855,1.203831434249878,3.8501341342926025,6.462369918823242,8.199790954589844,8.990504264831543,9.203338623046877,9.30836582183838,9.421852111816406,12
0.30449722,183.89290886,62.26024824,2.50193523,2.45431537,0.43106675,0.97797751,1.29894638,1.44573331,1.53966618,1.6163559,1.68079853,1.7366128,19
0.48543359,293.47124303,80.36027557,2.0,2.3,0.1355555,0.20170593,0.26453948,0.32282662,0.37841225,0.42949152,0.47705436,0.52190495,2
0.56664312,271.43692017,109.5522995,2.34009337,2.68854451,0.18135428,0.28395081,0.384866,0.47711253,0.56127524,0.63991427,0.71268415,0.78094697,16
0.96118659,57.41755295,399.95895386,2.04029751,2.09317422,0.13376236,0.17589998,0.21428537,0.24734354,0.2784934,0.30440116,0.32715464,0.34702373,11
0.7534781544089585,1.5281165329865096,0.0037900247931055,2.255821260651484,2.411166496458893,1.170201539993286,3.661494493484497,5.918237686157227,7.238076210021973,7.817313194274902,8.089380264282227,8.26944351196289,8.41114330291748,12
0.4196662519223899,87.12826080257352,90.38399069847928,2.85852848651003,2.2632252306057112,0.5101077556610107,1.2849042415618896,1.7605359554290771,1.967931032180786,2.079848527908325,2.166930913925171,2.241629838943481,2.3062732219696045,20
0.5275424808243944,3.525291469612866,0.4764547956766215,2.2766072165570232,2.467345674834596,1.177710771560669,3.781510591506958,6.383358001708984,8.141152381896973,8.871674537658691,9.004164695739746,9.049285888671877,9.104576110839844,13
0.96040875,11.99189568,49.24227905,2.02811003,2.71797085,0.66960073,1.76386118,2.44010878,2.79554129,3.01326609,3.17024183,3.2900815,3.39188671,23
0.3929072574429455,0.9714861121604876,3.132638155774998,2.2314303803487388,2.196193563012602,1.1978516578674316,3.969727039337158,7.089319705963135,9.788578033447266,11.541177749633787,11.600509643554688,11.605524063110352,11.609853744506836,14
0.8751384879537748,289.6162941645773,390.9602414299735,2.0,2.0,0.0508062839508056,0.0748589038848877,0.096954345703125,0.0986328125,0.1093385219573974,0.1171691417694091,0.1244478225708007,0.1330256462097168,11
0.5926798128455277,22.95076405373265,0.8362309047078132,2.926604901739561,2.427210513458234,0.8687264919281006,2.439926624298096,3.507830619812012,4.047197818756104,4.341383934020996,4.5302734375,4.6753363609313965,4.7782087326049805,22
0.6653390591376456,6.76108216146667,0.0159732248632658,2.2090185905891326,2.1515063037281976,1.0037117004394531,2.889902114868164,4.21940279006958,4.85647439956665,5.173947334289551,5.379615306854248,5.529383659362793,5.632476329803467,5
0.80158298,245.90712198,340.81073941,2.0,2.2,0.06996059,0.10040832,0.12209153,0.13069296,0.14914012,0.16508627,0.17979693,0.19460821,11
0.6497106,192.43273818,216.95256835,2.5,2.3,0.16677952,0.25290465,0.33913207,0.4157772,0.48568392,0.5507767,0.6107094,0.66643214,3
0.35026106,10.22109604,24.12084579,2.45500588,2.23170137,1.09208655,3.25995731,5.18422842,6.25067854,6.51461458,6.57812357,6.60138845,6.61044455,7
0.40306448,250.96167176,129.58875122,2.2,2.3,0.19276595,0.28588247,0.36915803,0.44151258,0.5058446,0.5642209,0.6167116,0.66413784,17
0.61200619,133.7527366,44.70506958,2.8,2.8,0.37504077,0.7754884,1.0797155,1.3150406,1.5034261,1.6601706,1.7907758,1.9031868,9
0.68417609,35.38775914,69.47331403,2.6,2.3,0.6040244,1.5638256,2.1591876,2.443713,2.610729,2.726086,2.8237479,2.9085734,20
0.67598711,191.46186831,111.97678345,2.8,2.1,0.19644332,0.33377218,0.46452665,0.58289766,0.69046474,0.79028606,0.88188887,0.9659052,16
0.8119462,133.13858019,368.10711305,2.4,2.5,0.14155579,0.1909647,0.24285626,0.2879989,0.32916212,0.3677721,0.40292597,0.4355955,4
0.5931302182557573,84.79495393997024,0.1732042355241471,2.6044072842464345,2.779383662942225,0.5349664688110352,1.3330965042114258,1.869300127029419,2.182533025741577,2.396278619766236,2.5637385845184326,2.70342755317688,2.820721387863159,18
0.763045727198749,1.5785702050583312,0.6105013722137083,2.8412204914452985,2.185277533286846,1.1642634868621826,3.547571897506714,5.595026969909668,6.768068313598633,7.317837715148926,7.656373977661133,7.947648048400879,8.211776733398438,5
0.3566548297696967,88.42316910885896,0.0390946979269109,2.9733639255140845,2.356804919312357,0.6800708770751953,1.8720731735229488,2.6487808227539062,2.996861457824707,3.1642093658447266,3.27512788772583,3.3593101501464844,3.4287877082824707,22
0.98258705,243.19921197,369.27950137,2.8,2.3,0.10324836,0.137712,0.16623187,0.19970822,0.23786521,0.27245235,0.3030126,0.33375978,11
0.9993,35.97443604,15.80834885,2.005,2.16213597,0.37428284,0.78994417,1.1152842,1.36796594,1.56870651,1.73444843,1.87337327,1.99478722,9
0.34425997,113.28481308,85.17075378,2.9,2.9,0.60804105,1.6372342,2.3493853,2.6275754,2.7273593,2.7930179,2.8503475,2.9013743,0
0.50211887,259.00110217,142.4892946,2.1,2.9,0.15682507,0.22330213,0.29151702,0.35104632,0.406065,0.45721698,0.50494695,0.54951596,2
0.8114986183573613,5.069321893937434,0.0259163931359862,2.9619511020947176,2.361970048945798,1.023895025253296,2.8989157676696777,4.204644680023193,4.891976356506348,5.319399833679199,5.648669242858887,5.906803131103516,6.10099983215332,5
0.47764757,43.66927971,245.30693737,2.1,2.6,0.42022395,0.9340062,1.193172,1.2440732,1.2632382,1.2794101,1.2931826,1.3050735,21
0.6800218538647989,82.70131963992023,0.0115625426193417,2.549767333496656,2.363307834908463,0.423518419265747,0.9439573287963868,1.319368600845337,1.5841217041015625,1.7848877906799316,1.94953203201294,2.087552070617676,2.2040085792541504,18
0.98297229,65.21346725,7.85558342,2.9,2.1,0.33073258,0.6747601,0.97426796,1.2310281,1.4500232,1.6394434,1.802995,1.9462068,9
0.5657066107462716,183.39228007030133,0.3740480269463858,2.4492451006710656,2.3746936973565216,0.2867202758789062,0.5429050922393799,0.7537081241607666,0.9316530227661132,1.0825748443603516,1.2139837741851809,1.32865309715271,1.4302361011505127,8
0.6262576735030467,54.59388319178264,0.8542528631155847,2.151305218624137,2.340493533430362,0.5580592155456543,1.397247314453125,1.9080712795257568,2.1852681636810303,2.37602972984314,2.522986650466919,2.642763376235962,2.751240968704224,18
0.9737289688298258,293.9955070250473,0.0511231047281167,2.5775850743085806,2.039691114312381,0.1069424152374267,0.1820096969604492,0.2453844547271728,0.3078935146331787,0.3742074966430664,0.4387588500976562,0.5011346340179443,0.5610859394073486,2
0.3183647074899917,134.20540560375713,362.1323968954952,2.51333523,2.07166096,0.207914113998413,0.2522153854370117,0.2750790119171142,0.2928617000579834,0.3089501857757568,0.323483943939209,0.336801528930664,0.3490605354309082,11
0.8955217612112504,42.80082286963626,0.0103957976840842,2.0227452296798982,2.649418016244806,0.4526264667510986,1.0312507152557373,1.4505126476287842,1.7532005310058594,1.987148761749268,2.177174568176269,2.3362088203430176,2.472513198852539,18
0.86233119,286.13299258,285.35413593,2.3,2.1,0.07280469,0.1131947,0.14746046,0.16660833,0.19199753,0.21841455,0.24433613,0.26877546,11
0.5199705,252.45719756,279.39524447,2.3,2.3,0.11928177,0.1546998,0.1906128,0.21863413,0.2479744,0.2759571,0.3023002,0.32725906,11
0.6205651,71.23542832,11.56768706,2.10950951,2.13070669,0.44661498,1.02546716,1.40056181,1.63748527,1.81002259,1.94918704,2.06483245,2.16284823,18
0.62439579,97.11515113,150.892107,2.85929421,2.82804815,0.39492416,0.83715057,1.15546894,1.37825704,1.54593205,1.68149829,1.79146981,1.88189912,10
0.32568307,135.12545676,320.90757005,2.65293307,2.29485658,0.26716304,0.39962935,0.44952703,0.4869132,0.51926661,0.54625726,0.57043386,0.59112501,21
0.8167364689070108,61.07149196869671,18.97524456517132,2.764803586769375,2.192415338733734,0.3953814506530761,0.8619649410247803,1.2178971767425537,1.4835567474365234,1.690749168395996,1.8612098693847656,2.004940986633301,2.1281003952026367,9
0.35684967,227.97471253,347.29760352,2.34683474,2.3862978,0.15922427,0.18172169,0.20853782,0.22688437,0.24452567,0.26131392,0.27762961,0.29309511,11
0.66697442,140.06453995,253.90247539,2.8,2.4,0.22530031,0.368634,0.49319053,0.60126185,0.69640994,0.7808299,0.85687757,0.92501616,17
0.44461036,141.55526733,60.5875206,2.40819097,2.71576023,0.4316299,0.98231769,1.3422308,1.54849124,1.69552159,1.80879903,1.90377116,1.98716521,19
0.82795242,251.16196158,167.74516726,2.9,2.5,0.14873457,0.23246765,0.31049466,0.39547157,0.47357416,0.54616475,0.6158366,0.6823509,2
0.42940948,149.82461441,270.61458598,2.2,2.4,0.22161531,0.32183695,0.3924203,0.4505415,0.5001185,0.5432012,0.58159184,0.61515665,4
0.94718267,161.17051365,317.42676633,2.3,2.4,0.11036611,0.16058373,0.20787191,0.2493732,0.29087996,0.3303852,0.36790943,0.40301633,4
0.7087401180875009,3.8336804125792856,12.209505572035726,2.93104315,2.54045773,1.1144671440124512,3.367424964904785,5.221815586090088,6.218748569488525,6.6790947914123535,6.973498821258545,7.220880031585693,7.399022579193115,6
0.4320327,106.78067017,353.06307983,2.1179111,2.32368684,0.23152494,0.33070779,0.38444424,0.42711997,0.46307349,0.49422121,0.52081203,0.54405427,4
0.69345323,249.22620357,231.10554865,2.5,2.8,0.14392972,0.20446086,0.26498914,0.32557726,0.38237882,0.43429184,0.48321342,0.5299933,3
0.32422974,171.56764761,370.70808306,2.54373566,2.92776201,0.27538705,0.4212389,0.48207164,0.531214,0.57327461,0.60921407,0.64071655,0.6685164,17
0.30780471,75.21938272,270.43687204,2.21018852,2.03784883,0.35055685,0.68536091,0.80053139,0.81722689,0.83120441,0.84323001,0.85409904,0.8652699,21
0.4197851743719429,218.7157933714137,386.86993813986544,2.1,2.4,0.1268613338470459,0.1450512409210205,0.1661667823791504,0.1803653240203857,0.1952278614044189,0.2085235118865966,0.222074270248413,0.2351129055023193,11
0.77132551,196.70311022,260.55536341,2.66743642,2.33495586,0.13364863,0.19381809,0.25354815,0.30780292,0.35896206,0.40778661,0.4532783,0.49594641,4
0.65293081,24.64382765,134.20032359,2.8,2.8,0.682631,1.8749208,2.6921916,3.0467458,3.184504,3.2543998,3.302579,3.3447866,23
0.6139824456003246,1.204017936287911,4.201573498774082,2.911680301194149,2.900453077211843,1.2849364280700684,4.236627101898193,7.50222635269165,10.007808685302734,11.325498580932615,11.457454681396484,11.465242385864258,11.471982955932615,14
0.4018440144638199,222.02461720502728,353.3540014572223,2.53740048,2.01497841,0.1168978214263916,0.1336848735809326,0.147801399230957,0.1540346145629882,0.1652884483337402,0.1750540733337402,0.1847965717315673,0.1932730674743652,11
0.80124931,287.58789535,355.87056046,2.5,2.5,0.11230803,0.13116455,0.1529522,0.17763138,0.2083857,0.2341721,0.2555077,0.2787695,11
0.330524228758612,1.0909109801931864,0.0120851247825585,2.1848792324372464,2.7119073544262964,1.2565088272094729,4.267286777496338,7.872633457183838,11.20136833190918,13.278345108032228,13.313323974609377,13.319816589355469,13.325345993041992,12
0.9060650708959814,244.4482175851463,354.62639933941085,2.2,2.1,0.0695719718933105,0.1011769771575927,0.1263749599456787,0.1364753246307373,0.1553096771240234,0.1736092567443847,0.1913084983825683,0.2075049877166748,11
0.98442206,68.44326215,152.22746309,2.6,2.7,0.28193784,0.53633785,0.75591755,0.9455919,1.1090739,1.251534,1.3742692,1.4830377,10
0.6846984,19.77929115,15.65149021,2.22801566,2.51676178,0.80427909,2.21796465,3.11876917,3.52714109,3.73203039,3.86306858,3.96257448,4.03644514,22
0.7047136865301565,1.810225154729532,140.39613097958693,2.09958588447216,2.822583695251631,0.8600714206695557,2.677992582321167,4.283962249755859,5.138399124145508,5.257606506347656,5.258465766906738,5.258589744567871,5.258599281311035,7
0.72599123,157.68935081,37.28208222,2.4,2.3,0.22686148,0.40777302,0.5736468,0.7218666,0.85464406,0.974478,1.0829422,1.1802573,15
0.37770747,92.1448789,163.80601807,2.4,2.6,0.47217298,1.1279557,1.5098565,1.6374362,1.6956184,1.742593,1.7834823,1.8191974,0
0.72280875,59.7905311,366.72073922,2.9,2.3,0.2916689,0.5319123,0.68986917,0.8055172,0.89495707,0.96609664,1.0231509,1.0710242,10
0.92711012,191.32846321,303.05428187,2.6,2.0,0.10108757,0.15504956,0.20528603,0.25051475,0.29567575,0.33934832,0.38087702,0.42062855,4
0.6492290035680062,1.4387964559882245,0.0781724421715916,2.612268553204388,2.379070226199881,1.2178997993469238,3.905022859573364,6.621569633483887,8.490351676940918,9.37113094329834,9.580761909484863,9.626079559326172,9.707240104675291,12
0.69131684,19.78677208,287.41635785,2.4,2.6,0.46698117,1.1126251,1.4851263,1.5736372,1.576307,1.5786016,1.5806825,1.5824769,1
0.56636965,10.17602158,12.00887012,2.0049758,2.52660871,1.02659869,3.03987932,4.58160067,5.3037982,5.5336709,5.61622858,5.66984415,5.71025467,6
0.87530912,64.4086174,372.2783515,2.7,2.3,0.22104692,0.3568747,0.467906,0.56032014,0.63937426,0.70711374,0.76499295,0.8160908,17
0.63655579,131.31875211,169.12332935,2.04987362,2.70860107,0.24948859,0.44959402,0.61510158,0.7548039,0.87523556,0.97995114,1.07150078,1.15136003,17
0.54738384,141.99714031,399.61532217,2.5,2.7,0.18982196,0.24125528,0.2858975,0.32321572,0.35742784,0.38799405,0.41538024,0.44045067,4
0.62295584,2.42708939,8.04656092,2.3,2.1,1.1620998,3.522155,5.6506777,6.87488,7.3081713,7.4630594,7.5733147,7.633031,6
0.97886858,212.84906084,184.60647997,2.1,2.0,0.08590746,0.14228916,0.19272661,0.23721337,0.28424978,0.3287902,0.37174964,0.4131229,3
0.50638652,298.71478271,99.35003662,2.0575285,2.46156907,0.15222239,0.23063397,0.30779386,0.37862635,0.44427276,0.50519252,0.5620451,0.61570597,2
0.30172541,116.54649413,355.71930431,2.3,2.9,0.28394127,0.42877555,0.46271586,0.4861691,0.50698924,0.52442193,0.53910875,0.55348086,21
0.7324326478677186,5.344830470619342,1.0302008976653738,2.0163171683749948,2.574801050253161,1.0333819389343262,3.1091647148132324,4.693504333496094,5.470563888549805,5.8010573387146,5.998462200164795,6.127075672149658,6.237888813018799,5
0.65882611,15.95504665,61.75851059,2.47890496,2.63693523,0.83442044,2.366395,3.43404293,3.91720676,4.10438681,4.20378065,4.26021051,4.30516434,23
0.5963528407490005,175.77589363686528,0.0137915390598567,2.543174865465807,2.2442161873467845,0.2702341079711914,0.5049235820770264,0.7038490772247314,0.8749659061431885,1.0219876766204834,1.1514921188354492,1.2652108669281006,1.3664264678955078,8
0.81139183,143.51207095,165.31060205,2.2,2.6,0.17465782,0.284266,0.39078045,0.48752475,0.57515836,0.65582037,0.7305865,0.7998667,17
0.4858956860739336,2.591525252901896,0.162213895306815,2.352224750145385,2.0609752279982465,1.1599655151367188,3.705732822418213,6.294320106506348,8.132165908813477,9.051523208618164,9.1873140335083,9.197223663330078,9.205679893493652,12
0.525279058119156,2.5164802702910465,0.288640838271803,2.4007158235701445,2.935748200298783,1.245028734207153,4.109532356262207,7.268990516662598,9.663578033447266,10.867115020751951,11.044672966003418,11.051739692687988,11.057544708251951,13
0.5868089584132669,2.902708009284296,1.624652607851324,2.4022675442327026,2.6105913781358834,1.1947646141052246,3.8243157863616943,6.438290596008301,8.16601276397705,8.873245239257812,9.04832363128662,9.129773139953612,9.21339225769043,13
0.59669267,241.74944191,198.97025493,2.6,2.6,0.17044377,0.2500515,0.32981348,0.40336442,0.47125053,0.5335057,0.5915654,0.6459794,3
0.697637147311541,4.090032877017976,0.2351841404424726,2.963487356311786,2.9321715909737547,1.190281867980957,3.6748509407043457,5.869024276733398,7.134228706359863,7.7024431228637695,8.024816513061523,8.300976753234863,8.528419494628906,13
0.30001663,299.97585397,0.03539624,2.00000001,2.0004212,0.22228622,0.35765505,0.46248674,0.5506115,0.62652564,0.69259095,0.7509861,0.80282426,15
0.4773022,37.9103101,217.20819001,2.6,2.4,0.55770683,1.4636204,2.0336015,2.1767657,2.1899555,2.1996496,2.2088964,2.2174494,1
0.50273238,152.69144316,368.23161275,2.1,2.8,0.1478641,0.17253733,0.19797897,0.2154448,0.23159075,0.24798179,0.26366282,0.27788043,11
0.32806928,288.60701398,375.95137814,2.6,2.5,0.14841938,0.1630745,0.1797874,0.19318151,0.20876288,0.21937609,0.22978497,0.24109268,11
0.40577968,229.13000662,243.1306587,2.15814068,2.14807925,0.14765286,0.18869567,0.22960186,0.26601672,0.29965639,0.33065176,0.35889578,0.38511038,3
0.63264032,131.03521898,396.60192723,2.97333476,2.86760646,0.22428656,0.31476498,0.39063144,0.45514464,0.51116514,0.56178737,0.60714817,0.64877439,4
0.49927478,221.415136,66.67204702,2.9,2.9,0.31248546,0.57687974,0.7830329,0.9568939,1.1043892,1.2323298,1.3440742,1.4429235,10
0.48002282,173.74489278,267.87531335,2.50507541,2.88468996,0.26332521,0.43395758,0.55444837,0.65645456,0.74316001,0.81896544,0.88518691,0.94437504,17
0.56875422,196.7821639,107.82975925,2.5,2.6,0.23947954,0.40700388,0.5528419,0.6794617,0.7923701,0.89346194,0.9834039,1.0648208,16
0.82261374,132.12423491,59.9032999,2.6,2.9,0.26380253,0.4862442,0.6869018,0.8661251,1.0255177,1.1685061,1.2963042,1.4108315,10
0.4704376863656413,0.8004845992693004,0.0133253153349452,2.4403260096885138,2.840623616204863,1.2852542400360107,4.339351177215576,7.977072238922119,11.282356262207031,13.413572311401367,13.473762512207031,13.47967529296875,13.484561920166016,12
0.51162006,39.22131177,32.60145031,2.9,2.2,0.781939,2.2672296,3.3046656,3.7433324,3.8996792,3.9807038,4.0366225,4.083207,23
0.78563631,283.18908691,271.72537231,2.05766344,2.41682482,0.08435798,0.12769103,0.16576862,0.19321036,0.22395778,0.25436211,0.28477931,0.31384754,11
0.52759102,205.54733315,363.4176922,2.6,2.4,0.15140891,0.18815517,0.22823644,0.26289845,0.29533148,0.32519412,0.35242558,0.3784554,4
0.41233938,118.31196604,131.12558389,2.7707612,2.64753187,0.46103334,1.07948923,1.47126722,1.65380383,1.7627697,1.84647846,1.91438961,1.97533607,20
0.66808091,98.24343622,93.48598629,2.8,2.0,0.3390913,0.7033732,0.97880435,1.1898272,1.3576226,1.4953184,1.6118095,1.7104661,10
0.99070684,65.10504754,30.50147765,2.4,2.5,0.31195712,0.623157,0.89268064,1.1232271,1.319591,1.488904,1.6348271,1.7632813,9
0.4806647975440135,17.875704743737174,3.4880962971101743,2.997463958500296,2.169534766266476,0.9609143733978271,2.766594886779785,4.067684650421143,4.687605381011963,5.002456188201904,5.220688819885254,5.375452995300293,5.481690406799316,6
0.3181392512533764,5.425114481547233,0.0042313787713447,2.7171406027619147,2.8949348000117863,1.2713701725006104,4.228533744812012,7.619690895080566,10.454266548156738,12.226900100708008,12.345298767089844,12.351853370666504,12.3575439453125,12
0.3551353944908571,20.06713570457296,23.67630243244727,2.06565547,2.37287927,0.9664251804351808,2.9623849391937256,4.640171051025391,5.470863342285156,5.660666465759277,5.703366279602051,5.726212501525879,5.742243766784668,7
0.58321495,92.92870348,278.97203176,2.9,2.5,0.3368044,0.65887356,0.87209654,1.0206811,1.1317117,1.2195415,1.2917857,1.3538532,10
0.4766946511107913,2.084722704110781,0.0042034765716519,2.791209953487045,2.696282266495115,1.273972511291504,4.2129435539245605,7.51149845123291,10.199074745178224,11.656943321228027,11.77183723449707,11.779821395874023,11.786622047424316,12
0.6177088466238156,187.5988075901448,0.0264860578835919,2.8674342008999707,2.7023544338376624,0.3058397769927978,0.5795392990112305,0.8112368583679199,1.011683225631714,1.184934377670288,1.336216688156128,1.4701974391937256,1.588772535324097,8
0.65455103,9.50923634,49.26425934,2.00577021,2.84622049,0.9301424,2.77869225,4.19925165,4.85779428,5.04496908,5.09975672,5.12676668,5.14730692,23
0.60814445,177.28535748,130.91165486,2.3,2.4,0.20339847,0.3333218,0.4524839,0.5566602,0.64992905,0.7338548,0.8095751,0.8786204,17
0.7724370323973125,26.02045013283163,11.410609031229283,2.104855855563974,2.0081863916979734,0.5813112258911133,1.427255392074585,1.9350464344024656,2.222562074661255,2.416217565536499,2.571498155593872,2.696181535720825,2.8015072345733643,18
0.65318811,14.13741164,143.65153025,2.9,2.2,0.73903036,2.1473107,3.164765,3.5694938,3.652975,3.665256,3.673932,3.6825886,23
0.33630362,18.10230255,18.47174072,2.13306212,2.2450707,1.03431368,3.06525064,4.73548031,5.57691956,5.74344635,5.78636551,5.80535984,5.81697845,6
0.58506679,51.23557019,15.64760651,2.13918605,2.38673364,0.6017015,1.56938195,2.14800382,2.43078113,2.60105205,2.73675656,2.84387755,2.93732619,19
0.3604869,212.62956802,239.10490844,2.4,2.1,0.20409489,0.28592348,0.35157418,0.40701056,0.45528245,0.49880648,0.5375993,0.57278776,3
0.99291982,216.21187006,217.4908041,2.62512728,2.37675427,0.12634754,0.18370962,0.24189663,0.3002038,0.35823822,0.41288996,0.46495366,0.51509809,3
0.40253737,148.09287412,5.48123679,2.7,2.0,0.46377945,1.1228812,1.5270374,1.7346804,1.871721,1.9840636,2.072217,2.148612,18
0.64519667,121.95195883,101.73859091,2.0,2.8,0.2504654,0.4527905,0.6184263,0.7582619,0.8775394,0.98096967,1.0702639,1.1486621,16
0.75295187,170.42864077,140.36139037,2.2,2.1,0.15036845,0.24622798,0.3376255,0.42219567,0.5004184,0.57298446,0.6402314,0.7031481,17
0.39765042,219.45250801,234.71383482,2.9,2.1,0.2311678,0.3645227,0.46415448,0.5490694,0.6235268,0.6897311,0.7496662,0.80270576,17
0.87351284,248.30476953,241.97098888,2.2,2.5,0.09838772,0.14885211,0.19152427,0.22761631,0.26643085,0.30546904,0.34325695,0.3787849,3
0.9390444021825584,27.795999216228623,0.0073058430062615,2.338965457814429,2.082001515704876,0.4852795600891113,1.1153523921966553,1.554283618927002,1.8549609184265137,2.079907894134521,2.260528564453125,2.4116902351379395,2.541200637817383,18
0.51391836,107.7910243,180.14984839,2.2,2.3,0.30157018,0.5609591,0.7320483,0.85534954,0.9513061,1.0276589,1.0923736,1.1462328,10
0.4787002897281905,151.16933003324507,0.1364612135183742,2.1337127930690984,2.38050067282258,0.3758187294006347,0.8088474273681641,1.1079480648040771,1.3138728141784668,1.4717903137207031,1.599543809890747,1.7103242874145508,1.8020946979522705,8
0.48203516,76.96840668,327.78715679,2.4431906,2.83922206,0.37122822,0.77130032,0.99904203,1.1026125,1.16464877,1.21114874,1.2496984,1.28177261,21
0.6386858892979884,1.7559353954129784,0.0509109251075231,2.192957860067972,2.80557686678506,1.2157561779022217,3.9784255027771,6.861131191253662,8.880332946777344,9.797327041625977,9.995866775512695,10.038816452026367,10.087835311889648,12
0.82159632,75.68881134,279.37536183,2.1,2.0,0.17536783,0.27572012,0.36419296,0.4397924,0.5048611,0.5620978,0.6119938,0.6554527,17
0.89059311,5.86571932,36.81066895,2.14155364,2.3316803,0.85569787,2.32560658,3.25280404,3.69036126,3.91512465,4.03948879,4.13491917,4.19468689,23
0.86051047,97.29089355,270.746521,2.34688759,2.41674757,0.18815136,0.30046463,0.40648293,0.49849772,0.58075833,0.65473342,0.72138,0.78209066,17
0.3017427,87.29582977,247.9175415,2.03636885,2.20182967,0.37860203,0.79898643,0.98512101,1.01459885,1.0337007,1.05108809,1.0660975,1.07942176,21
0.5053886030810735,74.3088205113316,282.0626360466787,2.3,2.4,0.3330092430114746,0.6615438461303711,0.8504331111907959,0.9540634155273438,1.024824857711792,1.078660488128662,1.1224584579467771,1.1587419509887695,21
0.59466672,188.2479248,300.16470337,2.03011894,2.80053473,0.15703964,0.22491693,0.29429412,0.35525298,0.41059613,0.46201134,0.5095489,0.55382633,4
0.5506918929199425,139.83703687699338,0.2087059730443578,2.800399763117981,2.0486396134121687,0.3198592662811279,0.6460306644439697,0.8953096866607666,1.0900535583496094,1.2471766471862793,1.379366397857666,1.4901933670043943,1.5887398719787598,8
0.75732072,9.92551994,29.67716588,2.6,2.0,0.8715286,2.47086,3.5356526,4.004704,4.1998334,4.310178,4.3701735,4.426199,23
0.50455918,58.77398445,164.93767411,2.31017711,2.56603005,0.50518727,1.29320693,1.78257656,1.96904945,2.05810404,2.12413311,2.17859888,2.22535324,0
0.40004572,292.38231839,311.37046768,2.87750038,2.60057579,0.16407084,0.19352579,0.22897458,0.26253009,0.29126501,0.31610012,0.34060931,0.36358595,4
0.876279775943223,82.9385510032048,0.0641575271558409,2.4874477571829168,2.930506054750367,0.3676943778991699,0.7620365619659424,1.0917820930480957,1.3662762641906738,1.5955243110656738,1.7903451919555664,1.9578142166137693,2.103726387023926,8
0.9990588493589388,271.4385345465069,400.0,2.1018542,2.31001246,0.0625507831573486,0.0954077243804931,0.123655080795288,0.1314458847045898,0.1448116302490234,0.1600446701049804,0.1777167320251464,0.1939280033111572,11
0.84441693,79.27556509,362.23209328,2.5,2.7,0.21056938,0.3220675,0.41654444,0.4961431,0.56504273,0.6252496,0.67804384,0.724689,17
0.94911391,134.19741885,271.48671539,2.9,2.2,0.1598134,0.25746155,0.3528688,0.44354463,0.5276494,0.6054354,0.6782179,0.74644804,17
0.50910975,124.56749238,51.73367302,2.2,2.2,0.35476065,0.72857404,0.98329926,1.160464,1.2948086,1.4033203,1.4949837,1.5763717,9
0.30945042,174.64126587,172.4180603,2.01718092,2.0383172,0.25302291,0.40724969,0.49538589,0.56256366,0.61640859,0.66017914,0.70031166,0.73341799,17
0.95622666,126.78359954,255.66866916,2.5,2.5,0.1634202,0.25860238,0.35382438,0.4411168,0.5212624,0.5963135,0.66523385,0.7292807,17
0.4806715626035515,149.54570695311716,63.49295569129654,2.073510183276165,2.5180796507058467,0.3443470001220703,0.7166049480438232,0.9747238159179688,1.1597445011138916,1.3026533126831057,1.4189112186431885,1.5185458660125732,1.602292537689209,10
0.4204093930517363,24.09473421254333,0.1305552130561811,2.981240758975705,2.5670512350799504,1.0251755714416504,3.077109336853028,4.74779224395752,5.582806587219238,5.906667709350586,6.093574523925781,6.236197471618652,6.324396133422852,5
0.9611854305618271,7.145908320774838,0.0316882074644659,2.782658576233654,2.266421137602717,0.8326969146728516,2.194103240966797,3.071079730987549,3.576180458068848,3.913516044616699,4.158788681030273,4.353939056396484,4.513103485107422,22
0.4819828595956464,1.2717605403987675,0.0208068286753463,2.082130518320936,2.3540577929159268,1.2012369632720947,3.987373113632202,7.088668823242188,9.670039176940918,11.200706481933594,11.27210807800293,11.279574394226074,11.2858304977417,12
0.7707809271752937,2.198809929468189,0.0115049449553993,2.81182924857867,2.2645057819558727,1.1449077129364014,3.4290120601654053,5.286233901977539,6.288012504577637,6.801119804382324,7.162350654602051,7.492057800292969,7.75489330291748,5
0.439076,241.74738477,362.50639051,2.4,2.1,0.11658716,0.13737464,0.15989447,0.17379856,0.18928957,0.20361829,0.21855187,0.23152018,11
0.71940269,221.53629843,11.3460901,2.6,2.5,0.20370793,0.3503244,0.4923613,0.6233759,0.7441981,0.8559022,0.9599855,1.0563796,15
0.68189939,177.91591957,239.60314393,2.9,2.2,0.18491626,0.2908945,0.39359117,0.4861641,0.5697906,0.64717984,0.7182894,0.7844219,17
0.5579384004020208,0.7524845597377419,0.0041531485839722,2.335862960539212,2.780433043915276,1.2659399509429932,4.258140563964844,7.7484025955200195,10.781072616577148,12.645224571228027,12.72246265411377,12.729329109191896,12.7349271774292,12
0.49937154,110.06671621,78.60638596,2.4,2.9,0.42932057,0.96188927,1.3144145,1.520462,1.6679196,1.7807446,1.875082,1.9575753,20
0.95712066,286.59155273,221.19093323,2.56042433,2.05276179,0.081532,0.12735796,0.15854502,0.18388009,0.21837974,0.25152278,0.28224707,0.31153631,11
0.64718622,265.95126131,182.16538356,2.9,2.9,0.18581986,0.27287173,0.36721158,0.4555862,0.534611,0.6101322,0.68056726,0.7467549,17
0.57309335,56.00399753,149.74029266,2.91163317,2.11809506,0.44240212,1.01089096,1.35763502,1.52813244,1.63009405,1.70813751,1.77317142,1.82744122,20
0.33754125,151.33947754,94.79152679,2.01905751,2.302176,0.38145685,0.81552219,1.05886889,1.17691207,1.26068783,1.32647085,1.38227725,1.43105435,21
0.7346422060970631,2.8064504213762462,43.96927826926263,2.37443233,2.04049349,0.9487683773040771,2.7649176120758057,4.098604202270508,4.719388008117676,4.9688215255737305,5.103381156921387,5.164340972900391,5.1989336013793945,7
0.85752604,81.15214207,125.64517331,2.5,2.7,0.30056548,0.5809946,0.8138089,1.0101252,1.1758969,1.3166006,1.4387891,1.5450151,10
0.63835657,176.12588501,205.7101593,2.23802233,2.87704515,0.20904231,0.34168434,0.46459341,0.57275295,0.67071581,0.75996065,0.84086466,0.91504526,17
0.6045114594972437,123.0374069235737,0.0166903078168724,2.3621968307912327,2.1858781956585576,0.339543342590332,0.6953470706939697,0.9667654037475586,1.177783489227295,1.3477675914764404,1.489635705947876,1.6114282608032229,1.717432975769043,8
0.4424913778448462,49.22926173057035,391.1450290420464,2.32792248,2.41944626,0.3303930759429931,0.6364002227783203,0.7572593688964844,0.782691478729248,0.7998707294464111,0.814378023147583,0.8265817165374756,0.8368160724639893,21
0.9889108872004464,5.052256088367983,0.2212019483983845,2.169244852920654,2.5088978425067703,0.8868210315704346,2.442584753036499,3.4484012126922607,3.9725286960601807,4.282127380371094,4.502961158752441,4.6761674880981445,4.819967269897461,22
0.3602771863543774,157.70270466362564,0.0087732087377702,2.622156536709268,2.934053386099632,0.5477402210235596,1.4383115768432615,2.0333447456359863,2.305990695953369,2.458545684814453,2.57218074798584,2.670734405517578,2.7558560371398926,18
0.8807538679188439,0.737659678530454,0.4333594144887164,2.994693303288124,2.7400237100215907,1.2579522132873535,3.973831176757813,6.542243957519531,8.134638786315918,8.922414779663086,9.334993362426758,9.660991668701172,9.949871063232422,13
0.9596983735570324,152.24121678607546,0.0978137656327832,2.001013986459922,2.772382421757518,0.1836886405944824,0.3354775905609131,0.4819369316101074,0.6219601631164551,0.7534818649291992,0.8775219917297363,0.9934093952178956,1.1018695831298828,15
0.8587906910744053,1.332205778884794,0.0071949701901585,2.689651208941613,2.124088255382958,1.1347887516021729,3.3643181324005127,5.123636245727539,6.091851234436035,6.613995552062988,7.006405830383301,7.362277030944824,7.655507087707519,5
0.518704,277.00439453,15.6706543,2.62389374,2.19553614,0.19049025,0.30754352,0.42014694,0.52105761,0.61279726,0.69718885,0.7745564,0.84702849,15
0.56268204,54.05840403,278.88598204,2.5058321,2.54276864,0.39691997,0.86001825,1.13157129,1.24442005,1.30371571,1.34950328,1.38537383,1.41477275,21
0.33506157,169.62571078,166.19690101,2.8,2.2,0.36968136,0.7833767,1.0291936,1.1579187,1.244962,1.315808,1.3752742,1.4244616,21
0.3154563018240898,0.8850717164099353,0.0118600556645904,2.738162711188848,2.515452876568744,1.2797222137451172,4.295370101928711,7.8563995361328125,11.12624740600586,13.170639991760254,13.21241569519043,13.217755317687988,13.222243309020996,12
0.81554406,144.31799814,92.08617669,2.3,2.9,0.20899153,0.36351871,0.5099132,0.6418929,0.7614963,0.87084246,0.97096825,1.0622284,16
0.93950976,207.95228273,5.80635678,2.5,2.8,0.17327785,0.29911304,0.420542,0.54067945,0.654263,0.76090145,0.8620446,0.9583483,15
0.4882278274868729,35.34824294528223,0.0039738029437834,2.2677275764840683,2.4742479255913508,0.8243839740753174,2.363983392715454,3.4049594402313232,3.8601911067962646,4.060028076171875,4.179233551025391,4.270482063293457,4.338432312011719,22
0.30000001,300.0,189.55105591,2.0,2.0,0.1289084,0.15678978,0.1829896,0.2062602,0.22962523,0.25123143,0.27194333,0.29102087,11
0.8990861507476374,7.478489500627694,0.296806212168985,2.219032051204357,2.5841137151750933,0.8812355995178223,2.460263729095459,3.490575790405273,4.018617153167725,4.317928791046143,4.52858304977417,4.691312789916992,4.818202972412109,22
0.94796655,291.62645005,109.90296532,2.4,2.0,0.08856702,0.15258956,0.21003938,0.2582395,0.30919385,0.36033678,0.40999603,0.4587798,2
0.7149426490845451,1.0541563561634997,0.0197941005320268,2.6556510424418187,2.282797704524046,1.2056105136871338,3.828671932220459,6.392114162445068,8.091644287109375,8.852205276489258,9.080039978027344,9.224925994873049,9.376028060913086,12
0.93498336,111.05293494,190.05748573,2.0,2.7,0.16089416,0.26016855,0.357229,0.44598532,0.52739143,0.6015637,0.669528,0.7322748,17
0.50408065,262.3827278,153.64600001,2.7,2.0,0.16999531,0.2595787,0.34750175,0.42640495,0.49791288,0.56460905,0.6263206,0.68336725,17
0.6966417362339293,15.804073987192542,0.07518583503932,2.930048086510792,2.291543787668156,0.8571219444274902,2.345630645751953,3.326815605163574,3.8389768600463854,4.153443813323975,4.367593765258789,4.530517578125,4.659624099731445,22
0.4524710423719615,30.052839053420005,49.833134187636375,2.609876630151322,2.195524898671156,0.7790513038635254,2.1992361545562744,3.1562416553497314,3.563527822494507,3.740232229232788,3.82621169090271,3.87968373298645,3.920635461807251,23
0.3796315482204202,195.8386621548173,0.0044296244853214,2.9581116460121306,2.110306562280168,0.3456225395202636,0.7121670246124268,0.960685968399048,1.134387493133545,1.2684354782104492,1.376302719116211,1.469982624053955,1.551020622253418,8
0.61270614,283.84039301,299.17882963,2.10728759,2.88084239,0.11484838,0.16038632,0.20244098,0.24257255,0.28192687,0.31939363,0.35435581,0.38826466,4
0.3641510648041831,123.86214693499784,390.6260170088117,2.25911617,2.41083145,0.2293791770935058,0.3119215965270996,0.3490145206451416,0.3794271945953369,0.4059755802154541,0.4301788806915283,0.4511229991912842,0.4697756767272949,4
0.53493667,57.01566104,218.69846621,2.0,2.8,0.36771154,0.754127,0.968801,1.0645239,1.1246223,1.1698699,1.2075918,1.2384081,21
0.7727692145689224,6.74836218424313,0.0171341965533914,2.817717017318479,2.667919013569455,1.0371465682983398,3.01628851890564,4.479839324951172,5.225313186645508,5.62615966796875,5.926348686218262,6.151589393615723,6.318917274475098,5
0.46293155,83.97406449,370.65007652,2.9,2.0,0.30424905,0.57150316,0.7156427,0.79309726,0.84929276,0.89257,0.92899203,0.9599221,21
0.61061982,52.09128126,116.09455367,2.1,2.5,0.44766188,1.0265863,1.374851,1.5572028,1.6731634,1.7596159,1.8335972,1.8965864,20
0.83119717,261.69785735,335.87747501,2.5,2.9,0.14471054,0.15107226,0.17800999,0.2185216,0.25827956,0.28797007,0.31910992,0.34848523,4
0.6636352,156.32427085,47.40958308,2.4,2.6,0.26248288,0.48065305,0.66957474,0.83366776,0.9775109,1.1040282,1.2163529,1.3165741,9
0.67393755,157.86391367,167.73245202,2.3719405,2.29576654,0.19064713,0.30766678,0.41780066,0.51466179,0.60209942,0.68112373,0.7527945,0.81837153,17
0.3229382982748824,17.60231490150845,9.141298858746987,2.64313173,2.67682958,1.1078166961669922,3.490186214447021,5.784092426300049,7.232724666595459,7.729081630706787,7.786085605621338,7.811496257781982,7.83104944229126,6
0.87781989,12.10853757,45.52012626,2.2,2.4,0.69694877,1.7849829,2.447849,2.7931416,3.0032108,3.143348,3.2592762,3.3491862,23
0.99216884,1.77770233,26.61266518,2.66443586,2.41581941,1.05497408,2.96095228,4.29384756,4.99913788,5.38764524,5.65295553,5.82286787,5.94215155,7
0.5219100542561239,109.63205782763995,69.4465547072154,2.4935709960881374,2.61962064754519,0.4317777156829834,0.990001916885376,1.365184307098389,1.5943145751953125,1.758256912231445,1.8871560096740725,1.994919776916504,2.086463451385498,20
0.41202649,69.72194941,19.65966816,2.0,2.7,0.61923647,1.5865395,2.1565473,2.4008133,2.532439,2.6253211,2.7000353,2.7669742,19
0.39420992,9.92415787,7.41062422,2.33204373,2.50622761,1.11732507,3.54169321,5.89292431,7.38208199,7.9217577,7.99406338,8.01724148,8.03739548,6
0.38988495,271.99346924,196.23831177,2.96688366,2.77786613,0.24491405,0.36648345,0.46204162,0.54460979,0.61749506,0.68336105,0.7430501,0.79737949,17
0.99138087,30.68404388,221.61018372,2.24740601,2.15563464,0.29844928,0.58073664,0.79035258,0.94724607,1.06650591,1.15856457,1.23220277,1.29010296,10
0.72066631,255.16738554,26.61112496,2.4,2.2,0.15034485,0.2510922,0.34811258,0.4397428,0.52697635,0.6088848,0.6865616,0.76004696,15
0.468017,5.93351008,3.46757313,2.6,2.6,1.2319202,3.768861,6.235857,7.821784,8.442797,8.617427,8.754141,8.846234,14
0.98585313814589,1.050221531538339,76.14309808959977,2.199022245948436,2.80589514264242,0.9713363647460938,2.9789772033691406,4.654298782348633,5.517928600311279,5.798633098602295,5.869247913360596,5.891302585601807,5.893794536590576,7
0.6079598202329378,59.4696275466448,204.08742480245257,2.022941296322648,2.141656396757852,0.334672212600708,0.6872613430023193,0.908210039138794,1.042133331298828,1.1358516216278076,1.2069807052612305,1.2640256881713867,1.3102400302886963,10
0.30159379,240.82416845,21.51730768,2.90976331,2.37650962,0.37708187,0.77498817,1.02374148,1.17406559,1.28501606,1.37670183,1.45553875,1.52331114,9
0.87218314,299.02377319,302.01708984,2.88031316,2.25942707,0.11681342,0.13278103,0.16056252,0.18306756,0.21388793,0.24087286,0.26267433,0.28857112,11
0.4794586049223541,1.849114275279172,0.409432122270313,2.926303341182702,2.7760252223927813,1.2882905006408691,4.273285388946533,7.655838489532471,10.459819793701172,11.995716094970703,12.05971336364746,12.064929962158203,12.069257736206056,13
0.7859631255673527,1.6993514624701125,0.133105539050703,2.1146820138151177,2.697618234511513,1.162369728088379,3.683715105056762,5.977700233459473,7.319223403930664,7.907779693603516,8.177847862243652,8.3433837890625,8.47383975982666,12
0.67689824,173.04921414,315.89589492,2.1,2.6,0.121948,0.15999007,0.196841,0.22739339,0.25730824,0.28504562,0.31190538,0.33700466,11
0.51144781,197.56196042,290.41186555,2.1,2.0,0.11728668,0.15131092,0.18285084,0.20948267,0.23733044,0.26340365,0.2874112,0.30906963,11
0.3,4.356894982600422,1.9620220513556896,2.42123365,2.41001487,1.2090895175933838,3.982934713363648,7.071457862854004,9.67343807220459,11.101543426513672,11.164618492126465,11.17010498046875,11.174697875976562,13
0.92131579,235.66247559,39.57676697,2.13454604,2.50811505,0.12893057,0.2234931,0.31140423,0.39616632,0.47960496,0.55963135,0.6360786,0.70994234,15
0.3729602556012656,23.119135045745043,0.010484825005989,2.228203881137787,2.1903009171319967,0.975144863128662,2.909362316131592,4.417240619659424,5.114604473114014,5.336554527282715,5.431105136871338,5.485205173492432,5.535870552062988,5
0.41434706,39.80360852,24.68713865,2.6,2.5,0.87062144,2.496632,3.6803913,4.2007947,4.380344,4.452697,4.503058,4.5448823,23
0.612381417589325,229.77216889925649,0.0243214312710052,2.5802242796739803,2.805099308339961,0.2545380592346191,0.4525220394134521,0.6327958106994629,0.7932939529418945,0.9376749992370604,1.067692518234253,1.1859922409057615,1.292735576629639,8
0.59715738,49.8028954,123.83495638,2.8,2.8,0.5781069,1.4948378,2.104043,2.3861427,2.5303354,2.629583,2.7101846,2.77874,20
0.82335723,94.91294708,371.36601928,2.9,2.1,0.18552518,0.28566885,0.37871265,0.4596684,0.53141403,0.5960407,0.6544509,0.70717573,17
0.58493374,117.46186157,359.84065007,2.7,2.2,0.21675253,0.32496452,0.40797043,0.47698402,0.5367937,0.58896923,0.6357074,0.676641,17
0.56997202,267.37834631,289.51978143,2.4034051,2.24054119,0.10489893,0.13803363,0.16902447,0.19031787,0.21427751,0.23806667,0.26195574,0.28396153,11
0.96776493,28.36784358,176.40182833,2.4,2.3,0.38088894,0.8156519,1.1281781,1.3432438,1.5008278,1.6206269,1.7156684,1.7918489,10
0.5155360458507641,25.29254491097686,17.049746918785328,2.953884928172209,2.2901641584379187,0.8524012565612793,2.412388801574707,3.479452610015869,3.9911117553710938,4.2554240226745605,4.4190673828125,4.530659198760986,4.618894577026367,22
0.62177656,103.95280015,94.24178223,2.4,2.4,0.3422053,0.69177103,0.9479675,1.140697,1.2907827,1.4146369,1.5179844,1.6067002,10
0.87822487,38.86322794,168.56718853,2.7,2.5,0.41785145,0.9291222,1.295083,1.5431705,1.7212815,1.8557673,1.965219,2.055913,20
0.4113039522968337,4.455708121173829,21.88861297911786,2.43046975,2.24365783,1.0971107482910156,3.4695308208465576,5.821700096130371,7.410225868225098,7.998186111450195,8.039950370788574,8.041810035705566,8.043553352355957,14
0.7068420032547866,5.6680890225257405,0.0043226358899364,2.7129021786819374,2.218996638896255,1.039994478225708,2.991201639175415,4.389371871948242,5.098752021789551,5.496769905090332,5.793649673461914,6.02342414855957,6.193315505981445,5
0.30623785,41.22104785,208.25612513,2.1,2.5,0.54146457,1.3696575,1.8183465,1.8596935,1.8604627,1.8610725,1.8614697,1.8617435,1
0.47034963,208.45913718,260.49261965,2.5,2.6,0.2009139,0.28302574,0.35659862,0.41955137,0.47625804,0.5275886,0.57418156,0.6173248,4
0.7649041201345073,287.04774843418505,277.07758074778246,2.12576195,2.18035488,0.0765962600708007,0.1130867004394531,0.1442413330078125,0.1622445583343505,0.1870994567871093,0.2119560241699218,0.2366061210632324,0.2594716548919678,11
0.30753593,121.13077892,284.61342677,2.52167124,2.31777696,0.32960129,0.59982967,0.71136951,0.75962281,0.79661441,0.82916927,0.85643029,0.87940097,21
0.8864575488182685,164.9409415932545,0.0139346621125398,2.523976955881911,2.0004896590853725,0.1702718734741211,0.3002896308898926,0.4261064529418945,0.5456697940826416,0.6576852798461914,0.7619800567626953,0.8600847721099854,0.9510557651519777,15
0.90598255,193.20652771,170.9118042,2.32638597,2.20844054,0.12085009,0.19435453,0.26278734,0.3268528,0.39056063,0.45081067,0.50743961,0.56078529,3
0.83767373,42.51247101,94.85662995,2.6,2.5,0.4557836,1.0431011,1.4568,1.7294216,1.9248128,2.0787816,2.2037535,2.3103266,20
0.70254707,14.23342514,11.18359947,2.11505032,2.72216773,0.88281155,2.53432631,3.65504718,4.16064262,4.37865543,4.50569725,4.58900166,4.66377544,22
0.8255246550187872,286.640855572997,338.7111864474986,2.1,2.1,0.0616078376770019,0.0913114547729492,0.1168301105499267,0.1239101886749267,0.140596866607666,0.1560404300689697,0.171201467514038,0.1854293346405029,11
0.748586721483341,3.3015613197527527,0.0032602890308678,2.1295099338208114,2.4411366942264987,1.0943622589111328,3.317246675491333,5.093031883239746,6.008933067321777,6.430850982666016,6.665599822998047,6.848365783691406,6.976104736328125,5
0.760259553655599,22.61479184557205,0.1116943326869301,2.2538584849810226,2.274658682153343,0.6902267932891846,1.7951338291168213,2.469698667526245,2.8255598545074463,3.052382230758667,3.220677137374878,3.359455347061157,3.47096848487854,22
0.75308745,294.62434296,45.85077293,2.8,2.6,0.15987396,0.25828528,0.3510635,0.44851995,0.5385592,0.62330914,0.7039976,0.7814102,16
0.65188426,182.35496521,277.015625,2.38984203,2.55790067,0.16269016,0.2332499,0.30566382,0.36913443,0.42759371,0.4813745,0.53095961,0.57723594,4
0.54796093,166.8436279,23.82302167,2.7,2.8,0.3580668,0.7231264,0.99976635,1.2174706,1.3935409,1.5415559,1.6667004,1.7745442,9
0.630907745517527,4.278677852406844,0.0269680261004423,2.936630377971497,2.5101802205568,1.170140266418457,3.598754405975342,5.737576007843018,6.950721263885498,7.465587139129639,7.7525458335876465,8.001296997070312,8.214479446411133,5
0.97805784,124.86848693,119.09361839,2.2,2.9,0.18169022,0.31215143,0.44051862,0.5582416,0.6670573,0.76818967,0.86151624,0.9480252,16
0.89508204,155.53954915,223.54967534,2.6,2.1,0.14054179,0.2272551,0.3113408,0.39062953,0.46476078,0.5338719,0.5990596,0.660357,3
0.98435269,205.65870288,245.90734754,2.2,2.4,0.09982943,0.15514255,0.2032702,0.24558592,0.29066277,0.33481622,0.37676167,0.4163432,3
0.4855183787231251,1.817255630724648,35.22183497598324,2.5,2.5,1.1314690113067627,3.6473426818847656,6.284025192260742,8.22658634185791,9.102781295776367,9.173029899597168,9.1736421585083,9.173907279968262,14
0.6576974265995923,7.280087057682065,0.0079111930230181,2.647747469871613,2.974274512250636,1.115279197692871,3.424976825714112,5.3745198249816895,6.431934833526611,6.8886895179748535,7.146864414215088,7.341299533843994,7.486349582672119,5
0.90421987,245.15263367,248.90895081,2.20356441,2.37733507,0.09495139,0.14840746,0.19498372,0.23424816,0.27563572,0.31655049,0.35663676,0.39473414,3
0.3141025954831912,249.85468865752708,346.12167399875545,2.3,2.7,0.1865468025207519,0.2267839908599853,0.2619376182556152,0.2905614376068115,0.3181252479553222,0.3431591987609863,0.3657646179199219,0.3871388435363769,4
0.8880098,25.83096978,47.25260434,2.2,2.4,0.5178137,1.220017,1.6805532,1.9657071,2.1643388,2.3198936,2.4472253,2.554878,19
0.30531839,296.80682373,213.67680359,2.00171566,2.02637649,0.12037396,0.14418864,0.16519856,0.18363571,0.20290804,0.22072363,0.23751545,0.2536695,11
0.88426811,293.51101685,254.15016174,2.02831483,2.56359768,0.08145308,0.13060117,0.17232394,0.20509577,0.24077606,0.27681065,0.3124783,0.34702182,11
0.7477149,97.35180685,254.15338931,2.2,2.8,0.2140491,0.34539223,0.45696545,0.5514238,0.63315415,0.70500207,0.7677629,0.82419586,17
0.7232087,282.11557411,130.16066647,2.1,2.1,0.09443378,0.1503954,0.20009542,0.24371004,0.28967166,0.33322668,0.3749292,0.41531086,2
0.9371234401512232,7.52998296730621,9.88478792938286,2.7156861488623893,2.122822341003385,0.7988226413726807,2.083508253097534,2.899793863296509,3.368180990219116,3.671408891677856,3.8933513164520255,4.066449165344238,4.2071075439453125,22
0.97124328,9.85397087,331.7606678,2.8,2.8,0.4806893,1.1564937,1.5974078,1.7584252,1.7763591,1.7768307,1.7770281,1.7772799,1
0.43035739,86.66158854,385.67514065,2.3,2.1,0.2317884,0.31890798,0.355474,0.3848698,0.40890574,0.42972136,0.44760275,0.4629457,4
0.68421124,259.38909366,152.47753873,2.9,2.8,0.18311882,0.27930975,0.37901664,0.47470498,0.5613661,0.6429429,0.71940494,0.79160833,17
0.64068508,221.74720764,125.1737442,2.31519389,2.05721426,0.14267039,0.22115517,0.29611015,0.36549902,0.43124604,0.49199057,0.54822183,0.60104084,2
0.66318152,71.3904057,142.38608586,2.4,2.5,0.37996912,0.80549216,1.100462,1.2959411,1.4402642,1.550621,1.6403875,1.7187071,10
0.78978765,42.96405411,200.16253662,2.16591263,2.21404004,0.33566689,0.67792034,0.91107678,1.07101655,1.18473411,1.27157235,1.34161758,1.39883018,10
0.58128141,248.92720157,315.9039846,2.5,2.2,0.11935592,0.1573391,0.19615889,0.22848058,0.2600193,0.29011607,0.31933284,0.34682918,11
0.57503383,90.35704132,79.37406326,2.2,2.6,0.393507,0.8459146,1.1532881,1.3526609,1.5012562,1.6183913,1.7122953,1.7936404,10
0.4176979,278.48718961,183.23388217,2.0,2.8,0.14003181,0.18203807,0.22405457,0.26189923,0.29643798,0.32921147,0.3603177,0.38910365,3
0.30207494,4.30747318,45.89079285,2.12606215,2.51218009,1.11425495,3.46516299,5.84261417,7.50728512,8.05148315,8.06741428,8.06794357,8.06847382,14
0.73076686,242.51215094,17.14866733,2.81620538,2.6869536,0.20658088,0.34673405,0.48463559,0.61509681,0.73481107,0.84651136,0.95063114,1.04829144,15
0.6667407044206245,2.870500110211322,0.0156533565643361,2.7509801570009613,2.276010829236699,1.1544554233551023,3.5247058868408203,5.581473350524902,6.740273475646973,7.248041152954102,7.5406904220581055,7.78071403503418,7.98238468170166,5
0.384067,45.39865494,399.03390503,2.11740518,2.53179312,0.35156083,0.70331788,0.83717966,0.84052849,0.84252858,0.84482431,0.84695363,0.84890318,21
0.3142773704591733,119.41515769894488,0.0307015583637779,2.207462905365549,2.19527354959369,0.5730330944061279,1.5066776275634766,2.0444493293762207,2.248603343963623,2.34976863861084,2.427742481231689,2.497654914855957,2.5611014366149902,0
0.99653796,192.54388728,217.66898454,2.0,2.5,0.10000873,0.15566087,0.20271897,0.24677277,0.29489446,0.34024143,0.38266253,0.42330956,3
0.3220715,190.56945505,189.07671645,2.59028438,2.05825351,0.25017405,0.38518476,0.46495867,0.52974272,0.58355761,0.63085437,0.67227435,0.70754123,17
0.87291708,170.90252837,227.38638818,2.0,2.4,0.11197972,0.16984892,0.22262716,0.27250314,0.32263803,0.3689003,0.41194963,0.45292902,3
0.39136757,186.94543078,164.11194293,2.6,2.2,0.29185557,0.5258136,0.67980266,0.7971604,0.8902967,0.9680505,1.0351443,1.0922813,10
0.3417073182847003,8.434119726407962,2.1990041467977504,2.76938367,2.60759139,1.2014145851135254,3.872575283050537,6.682244300842285,8.73527717590332,9.665947914123535,9.76068878173828,9.76771354675293,9.778559684753418,13
0.3216911,4.86376619,1.63265646,2.9213376,2.84819651,1.33898735,4.24234247,7.50739717,10.10551262,11.68296432,12.55234146,13.18782616,13.35234833,13
0.61021265,157.38041956,236.78872518,2.1,2.1,0.14842844,0.21583033,0.27883077,0.33536816,0.38695812,0.43332982,0.4757855,0.5155535,3
0.7575910792632403,2.9442354718260857,0.0031495637001323,2.864203351213953,2.132976247789722,1.0961074829101562,3.2118260860443115,4.813770294189453,5.656526565551758,6.130005836486816,6.505514144897461,6.822415351867676,7.064409255981445,5
0.827484272015507,5.059609542318382,0.0077001301305993,2.84213746457024,2.6997193172396274,1.061250925064087,3.1013553142547607,4.618895530700684,5.406878471374512,5.836655616760254,6.160687446594238,6.410556793212891,6.598411560058594,5
0.39262549,97.055028,357.7502431,2.8,2.6,0.34693575,0.6629796,0.8162639,0.88153267,0.92559814,0.96077967,0.9910507,1.0179195,21
0.6401699071855707,24.45157288515553,1.610295956402691,2.618144292553654,2.988798394973132,0.8664453029632568,2.530588865280152,3.7187750339508057,4.307144165039063,4.590283393859863,4.770252227783203,4.89726448059082,5.007634162902832,22
0.7626449,178.30006946,144.69172263,2.1,2.5,0.14889789,0.23606157,0.32176638,0.40094805,0.47475815,0.54341674,0.6070473,0.66668296,2
0.4376001738775441,2.4520408402252696,6.889715222695344,2.2153616,2.17288351,1.149728298187256,3.716038703918457,6.408236026763916,8.430583953857422,9.450742721557615,9.518869400024414,9.524131774902344,9.528799057006836,14
0.4383141,38.46941198,193.9886274,2.1,2.6,0.5155175,1.2767599,1.6896985,1.7685754,1.7784135,1.7879403,1.7968466,1.8051894,0
0.9285879992328095,4.613036320095104,0.0275690012735005,2.087355676745707,2.9666008296694706,0.97041916847229,2.872950792312622,4.255288124084473,4.936380386352539,5.272110939025879,5.499044418334961,5.673768043518066,5.809065818786621,5
0.30980408,33.95483439,150.68394057,2.6721421,2.4068892,0.72528982,2.02900648,2.95795536,3.27018309,3.29994011,3.30103445,3.30237341,3.30396414,23
0.71418619976693,5.722658706934163,0.572742840191035,2.6890260861445245,2.870553916389148,1.113851547241211,3.3739278316497803,5.220856666564941,6.191165924072266,6.642593383789063,6.928562164306641,7.1580657958984375,7.330184936523437,5
0.37321133,160.68458937,241.67852377,2.7,2.6,0.3270781,0.6054244,0.76551867,0.8700166,0.9503784,1.0164692,1.0719616,1.1198025,10
0.5542540332682946,59.920942037001055,4.711548842792093,2.4702629929855475,2.017792645526544,0.5462923049926758,1.3581607341766355,1.8485102653503416,2.109674453735352,2.2813920974731445,2.4150447845458984,2.5267529487609863,2.625300407409668,18
0.4137581109539673,0.7840465028050052,0.0101258829898096,2.790713246987776,2.882162929878469,1.3145203590393066,4.4500250816345215,8.210660934448242,11.702229499816896,13.94565486907959,13.986123085021973,13.991713523864746,13.996464729309082,12
0.87914615,193.38579196,359.7802861,2.45564069,2.92144252,0.13306308,0.18589997,0.23531675,0.2925868,0.34328794,0.38991284,0.43463326,0.47674918,4
0.51155906,152.38208047,79.35815573,2.4,2.6,0.32536364,0.6315098,0.855922,1.0281229,1.1667557,1.2811563,1.3766873,1.4621327,10
0.8580746153762954,1.0159288158088142,0.0555296261020382,2.49106454454932,2.639615796756896,1.2110610008239746,3.807249069213867,6.171019077301025,7.581416606903076,8.245820999145508,8.600217819213867,8.868951797485352,9.096519470214844,12
0.53977598,142.16426834,90.52933777,2.5,2.6,0.33700752,0.66592956,0.90657854,1.0907655,1.2374318,1.3584383,1.4611075,1.5509703,10
0.99929964,292.95975378,399.600001,2.24838958,2.33091723,0.06564951,0.10008168,0.12691355,0.13232732,0.14468622,0.1605382,0.17849636,0.19376397,11
0.5031596878997803,1.549811379578753,0.7875004093335111,2.955675188735024,2.7174829549366213,1.2859764099121094,4.253798484802246,7.59500789642334,10.34953784942627,11.714643478393556,11.761693000793455,11.768839836120604,11.77475357055664,13
0.63169249,143.53548243,201.19043643,2.3,2.1,0.18919444,0.30117106,0.40257978,0.4902215,0.5684118,0.6388056,0.70206046,0.76029086,17
0.6696458231447308,60.89054307520407,293.9451488023943,2.01829925,2.0,0.2275240421295166,0.3739418983459472,0.4746928215026855,0.5523514747619629,0.6142995357513428,0.6646389961242676,0.7068533897399902,0.7422354221343994,17
0.5780113467652481,0.779428024746864,0.0055605824095154,2.189891140660797,2.8242667703981,1.2551345825195312,4.230235576629639,7.709047794342041,10.68553352355957,12.545455932617188,12.630380630493164,12.640125274658203,12.648168563842772,12
0.63092315,192.14823914,352.32312012,2.236835,2.93080115,0.15350533,0.21006131,0.26773906,0.32022142,0.36895585,0.41403008,0.45575643,0.49488902,4
0.9218975378160692,3.7489465089725775,0.2054639270157928,2.3161905004948444,2.0809414738008987,0.9432241916656494,2.5490756034851074,3.5728201866149902,4.126831531524658,4.477624893188477,4.731953144073486,4.923178195953369,5.066300868988037,5
0.8100278687977773,11.094635528983856,0.2039509034406871,2.6263486663232345,2.607690300641111,0.8879396915435791,2.479457378387451,3.545567035675049,4.099853992462158,4.420985221862793,4.647613048553467,4.820061206817627,4.953377723693848,22
0.47584077,125.43334542,176.79533107,2.6,2.6,0.35683846,0.71897817,0.9546976,1.108578,1.2231987,1.3147204,1.3919282,1.4570282,10
0.37687614,183.6273247,357.67207029,2.2,2.3,0.15561724,0.17544317,0.19756103,0.21398711,0.23001957,0.2447381,0.25924587,0.27292824,11
0.82302148,125.31054744,364.23989008,2.5,2.1,0.13571787,0.19072366,0.24724913,0.29644728,0.34245348,0.38459373,0.4236622,0.45960426,4
0.54448989,174.7897079,284.19147464,2.76059886,2.6257011,0.219877,0.32723808,0.41703343,0.49547124,0.56494999,0.62665272,0.68230343,0.73297143,17
0.9379038052674816,0.9260150650879996,63.66363982433245,2.871977137190464,2.029113627183202,0.9346270561218262,2.7202794551849365,4.040327072143555,4.664734840393066,4.93560791015625,5.099787712097168,5.182681083679199,5.214005470275879,7
0.83099335,59.90710449,33.94713211,2.13833261,2.33779097,0.37182164,0.78394485,1.09946251,1.34062219,1.53073692,1.68615317,1.81756163,1.93000007,9
0.3571458165764152,1.4962387954795862,3.643683190165011,2.840460772477721,2.616272808325524,1.2718145847320557,4.230365753173828,7.66108512878418,10.7249755859375,12.64351749420166,12.681479454040527,12.686981201171877,12.69178295135498,14
0.38368324,283.6867686,211.31922306,2.2,2.4,0.1489942,0.18882203,0.23111248,0.26764178,0.30122423,0.33277988,0.3627615,0.3903842,3
0.90174318,83.89879505,313.72839694,2.56151997,2.90504185,0.23641777,0.3982048,0.53928614,0.66218424,0.76995564,0.86535072,0.949754,1.02471805,17
0.96110191,182.24524491,112.68897103,2.0,2.1,0.108114,0.18461967,0.25499701,0.32171488,0.38741517,0.44993663,0.5093608,0.56554747,2
0.30634261,223.6895175,6.22894838,2.48262815,2.01416897,0.33061004,0.63844132,0.82999921,0.95842171,1.05839109,1.14050674,1.2088294,1.27014041,9
0.49883533,290.75021362,153.12741089,2.31835532,2.51044178,0.16158962,0.23377275,0.30704069,0.37300944,0.43393898,0.4905982,0.54302859,0.59258127,2
0.68851513,184.36310416,246.33261416,2.41142673,2.22055662,0.13739467,0.1976316,0.25817728,0.31259871,0.36350513,0.41061807,0.45431185,0.4952662,3
0.52282989,164.59741211,17.68701935,2.107862,2.11256814,0.26806498,0.49639988,0.67827725,0.82814527,0.95456171,1.06184697,1.15377927,1.23500681,9
0.9986012,185.34568787,296.34069824,2.30428767,2.4817059,0.10559487,0.16223431,0.21321368,0.25950861,0.30612254,0.351331,0.39407849,0.43536425,4
0.81161554,64.75179528,204.56578446,2.3,2.4,0.27609706,0.51297665,0.6976087,0.8454511,0.9658611,1.0655904,1.1492982,1.2204809,10
0.7905877819889281,21.95173784472356,0.1813304553650392,2.4368917184813577,2.106085794093311,0.6500468254089355,1.640388011932373,2.2519335746765137,2.595676898956299,2.824709892272949,2.9982614517211914,3.14005708694458,3.261847972869873,18
0.6230070276033348,4.055884221928201,0.0069181315770054,2.5994858738624664,2.6970389128429955,1.185214281082153,3.7171823978424072,6.070627212524414,7.461631774902344,8.051298141479492,8.281667709350586,8.458500862121582,8.598855018615723,12
0.50127177,5.02747318,6.27266317,2.5,2.0,1.13701439,3.33238268,5.19704533,6.18907356,6.542346,6.76156807,6.89987469,6.98037148,6
0.8090778381726786,271.79339327549275,316.56523372478983,2.5,2.1,0.0809438228607177,0.116114854812622,0.140620470046997,0.1538469791412353,0.1741871833801269,0.1963610649108886,0.2180061340332031,0.2375786304473877,11
0.89668049,123.38944078,105.90167111,2.2,2.5,0.19245481,0.33541417,0.47176456,0.5959954,0.7096188,0.81317544,0.9079492,0.9956825,16
0.9938346074775743,238.9354507550021,351.98393834069446,2.1,2.6,0.0808031558990478,0.1249740123748779,0.1589932441711425,0.187232494354248,0.2174820899963379,0.2480952739715576,0.2776682376861572,0.3066937923431396,11
0.3,222.86001504,113.71653086,2.0,2.0,0.23688102,0.37495995,0.46638751,0.54018688,0.60215521,0.65411568,0.70070243,0.74077702,16
0.4610042560171929,63.31531357487762,0.4818697309088814,2.2397871984177566,2.9473375033630207,0.72788405418396,2.1227893829345703,3.078848361968994,3.4968156814575195,3.67460298538208,3.783478260040283,3.875188827514648,3.952817916870117,22
0.31909302,107.44145463,292.79021138,2.3,2.7,0.33441567,0.6129806,0.7233832,0.76628494,0.79804564,0.8238678,0.8457804,0.86711264,21
0.47661306,13.17336499,102.28546195,2.6,2.3,0.8709786,2.5630639,3.8843267,4.4570723,4.571663,4.5790567,4.5801105,4.581436,23
0.77423751,73.23400116,226.31359863,2.85751534,2.19799829,0.26264644,0.46873641,0.62690425,0.75628185,0.86280966,0.95265865,1.02843523,1.09291029,17
0.53367538,61.61445287,336.51465507,2.3,2.8,0.3114748,0.5504961,0.6610582,0.72139597,0.76436734,0.79780555,0.82627034,0.84962034,21
0.55098392,209.86030178,330.65332299,2.67142854,2.47708842,0.15248799,0.19493246,0.23928356,0.27804518,0.31405663,0.34724736,0.37784719,0.40670037,4
0.4668415286049012,12.967915349731634,26.879257061781463,2.56599045,2.01402553,0.92907977104187,2.699824571609497,3.99885630607605,4.571861267089844,4.799256324768066,4.936634063720703,5.017899513244629,5.06095027923584,23
0.94244781,52.60636805,263.66761406,2.8,2.3,0.2809391,0.52988076,0.7297485,0.89430404,1.0303795,1.1443381,1.2397637,1.3198867,10
0.8567049,55.04514727,388.25409939,2.7,2.8,0.2634759,0.44127202,0.56424904,0.66351676,0.7438009,0.8103833,0.8655007,0.9117758,17
0.8919226023334846,17.6510412275902,0.4033490802726653,2.6729180456998103,2.5431603082440635,0.7051584720611572,1.835761547088623,2.56710147857666,2.986668586730957,3.2650375366210938,3.4742441177368164,3.645620346069336,3.789487361907959,22
0.50194779,32.7016926,57.24589806,2.69783665,2.62450213,0.78863168,2.2832191,3.34901404,3.83292937,4.02624226,4.12811947,4.19499683,4.24774361,23
0.821511972272958,1.879378877205458,3.776142688555365,2.3,2.8,1.1556739807128906,3.600111722946167,5.741026878356934,6.947453498840332,7.50277042388916,7.78488826751709,7.983651161193848,8.14059829711914,6
0.7689801759633877,1.1536749108250224,3.06417925283656,2.4014797595963184,2.8102638938745863,1.2199499607086182,3.921555757522583,6.593791961669922,8.31425666809082,9.08188247680664,9.349531173706056,9.500185012817385,9.640130043029783,14
0.5763662995246965,153.4609771217629,0.0703461065319184,2.9208595362112337,2.132865850127559,0.3057713508605957,0.602046012878418,0.8378043174743652,1.0313279628753662,1.19111967086792,1.3282852172851562,1.4463520050048828,1.5488014221191406,8
0.62603484,36.90050038,145.47051058,2.94658793,2.15253695,0.50346708,1.22131109,1.6569171,1.8478322,1.9493866,2.02056742,2.07943773,2.12975168,0
0.3595301908816351,1.6668916014687662,0.0177353358930694,2.207490320926721,2.5357002895053897,1.2345366477966309,4.146262645721436,7.532557964324951,10.530576705932615,12.325435638427734,12.366539001464844,12.372886657714844,12.378299713134766,12
0.50510412,97.35697174,62.75402832,2.11680651,2.37204242,0.43682456,0.99758911,1.34772158,1.54446316,1.67832327,1.78716803,1.87509012,1.94816661,19
0.9749103,93.09767945,268.91298643,2.83779455,2.31790021,0.1840744,0.29387617,0.40047789,0.49392414,0.5780468,0.6542182,0.72339177,0.78668308,17
0.37724265,146.93621826,370.54537964,2.55651093,2.01802468,0.16006279,0.17557621,0.19047427,0.20111823,0.21155739,0.22069263,0.22961831,0.23806977,11
0.6542218870741019,0.9120021562986904,0.0362301799048759,2.2583389560315297,2.5870858297277444,1.2322056293487549,4.066080093383789,7.14150333404541,9.46778678894043,10.599482536315918,10.698712348937988,10.710046768188477,10.719324111938477,12
0.30412918,277.39460609,25.20084456,2.28090409,2.37126063,0.2991755,0.54304671,0.70466089,0.82775927,0.92714429,1.01201534,1.08430862,1.14675498,9
0.3391571,84.30945587,390.02157593,2.42361355,2.04087496,0.22663426,0.27569103,0.2857976,0.2939167,0.30121803,0.30825925,0.31438589,0.32001948,11
0.54281406,150.08805924,374.93238096,2.3,2.4,0.15301251,0.18465853,0.21916747,0.24641037,0.27196646,0.29479766,0.3166232,0.33654404,11
0.3154352680250668,288.86521927494664,323.2850962390776,2.0,2.8,0.1560463905334472,0.1844522953033447,0.2174255847930908,0.2449760437011718,0.2696809768676758,0.2932455539703369,0.3157081604003906,0.3367877006530761,11
0.4859659094260016,1.157075808223638,0.2258005382445219,2.131667673901868,2.7910736654827515,1.2426345348358154,4.195712089538574,7.651948928833008,10.678631782531738,12.595532417297363,12.676301956176758,12.683046340942385,12.688606262207031,13
0.3177343,19.05116081,41.4654007,2.09461546,2.36430383,0.97722983,2.90187764,4.48002625,5.23255157,5.35504341,5.3756752,5.38175964,5.38619709,7
0.43849787,35.86383057,270.58627319,2.02595639,2.3290143,0.45797801,1.10220218,1.43679571,1.4638412,1.46482134,1.46564317,1.46650124,1.46736097,1
1.0,72.97953033,262.14321899,2.0,2.0,0.14655185,0.23550248,0.31995463,0.39485931,0.4616859,0.52125597,0.57550979,0.62395191,4
0.30451004,191.16258728,256.53705932,2.30370057,2.86031571,0.30676627,0.5492456,0.67596984,0.75918245,0.82545567,0.88011456,0.92675114,0.96841025,21
0.3846911,74.10011307,384.07137074,2.3822541,2.30775697,0.29610157,0.48453212,0.53900933,0.56297636,0.58243132,0.59919333,0.6133697,0.62543011,21
0.85637587,15.17433453,27.37506485,2.45287633,2.12125969,0.67578387,1.70345306,2.3307972,2.6712966,2.88961506,3.04196596,3.16962194,3.27265453,19
0.9891818560136114,21.82625635691976,3.1690478070330226,2.521679138135943,2.196314101858489,0.5340209007263184,1.2617409229278564,1.763044357299805,2.0963144302368164,2.3419833183288574,2.537215232849121,2.699235916137696,2.8388671875,18
0.6152292409576102,4.860277744927764,0.195233978743314,2.160144794257498,2.9117299358042232,1.1407310962677002,3.631325483322144,5.967306137084961,7.340810775756836,7.897157669067383,8.081475257873535,8.187908172607422,8.263755798339844,12
0.83980563,63.9208907,289.23693088,2.3,2.7,0.23913646,0.40332913,0.53166795,0.63645005,0.723701,0.7977097,0.85991216,0.9136927,17
0.7615889385048809,1.2636269149678274,0.1175435629170499,2.435678653663372,2.072280162633868,1.146536111831665,3.515436172485352,5.587263584136963,6.790492534637451,7.324982166290283,7.6308369636535645,7.845603466033935,8.001274108886719,5
0.7026075313696167,273.6147163416022,357.27718539741164,2.42553496,2.19760704,0.0834817886352539,0.1143391132354736,0.1383991241455078,0.1476848125457763,0.1625208854675293,0.1798055171966552,0.197371244430542,0.2134032249450683,11
0.70900291,74.14819336,186.67158508,2.18198562,2.88592672,0.3540144,0.74309254,1.02548337,1.22952151,1.38504028,1.50777364,1.60784411,1.69474816,10
0.68829055,271.37787237,242.40393664,2.25671789,2.30259932,0.10058403,0.14544797,0.18633318,0.21876764,0.25410819,0.28880882,0.32207966,0.35344744,3
0.40126415,140.5953327,77.09128031,2.8,2.1,0.43523645,1.0251732,1.3983488,1.5840375,1.707021,1.8043814,1.8827462,1.9513104,20
0.89784396,72.59124347,353.10157653,2.81753632,2.13083416,0.17471051,0.24748135,0.31572318,0.3721981,0.42166543,0.46506906,0.50312805,0.53665257,4
0.8784025808204567,1.5677286292200288,5.440649008134916,2.8622562,2.23919803,1.1113147735595703,3.265401124954224,4.900564193725586,5.793177604675293,6.288542747497559,6.695398330688477,7.037716865539551,7.300726890563965,6
0.7811353965836039,52.05054696226517,19.101283198440555,2.46919963,2.89137219,0.523681640625,1.2749910354614258,1.7985148429870603,2.135082244873047,2.3776602745056152,2.5693435668945312,2.726938247680664,2.8624868392944336,19
0.87861736,249.26272902,368.23898189,2.8,2.5,0.13029146,0.15034842,0.1766007,0.21986294,0.2593999,0.29217696,0.32499576,0.35592246,4
0.75684093,177.74977527,262.09351562,2.3,2.6,0.13866115,0.200917,0.26303196,0.31805134,0.3696077,0.41841197,0.46437693,0.5069661,4
0.72616598,219.0277737,319.9821875,2.4,2.2,0.10642695,0.14811897,0.1878922,0.22044683,0.25270724,0.28398514,0.31471562,0.34383583,11
0.8955622,86.22735518,266.3946794,2.7,2.4,0.22630787,0.38746476,0.5308373,0.656183,0.7658789,0.8633783,0.9500642,1.0270991,17
0.95574789,189.1088928,396.24306917,2.1,2.5,0.08104968,0.11249685,0.1347127,0.14237666,0.1591711,0.17553854,0.19082785,0.20421052,11
0.57111293,206.32415771,131.52774048,2.09296727,2.03995728,0.14724994,0.22796011,0.30251646,0.37166929,0.4349668,0.4927814,0.54600072,0.59532666,2
0.35686113,211.05539293,306.25329887,2.3,2.1,0.16053843,0.19067812,0.22278214,0.24788713,0.27207732,0.29478288,0.31563234,0.33510113,11
0.83786782,115.90885547,361.7108556,2.0,2.4,0.11462069,0.14977694,0.18233013,0.20885968,0.23683572,0.26277804,0.2866559,0.30767703,11
0.50955768,71.75283034,68.94586358,2.6,2.2,0.5444324,1.3899999,1.902811,2.1264505,2.2534385,2.3496075,2.4305806,2.5009174,20
0.48650483,189.83005957,380.37422341,2.3,2.6,0.14082861,0.16428041,0.1902988,0.20676422,0.22321725,0.23804688,0.25275445,0.26629496,11
0.95015788,212.61050415,336.83462524,2.34025288,2.07143116,0.07909918,0.11585855,0.14318442,0.15970445,0.1845746,0.20826268,0.22975039,0.25022316,11
0.79616317,29.14133265,44.53199464,2.9,2.9,0.6643958,1.7476583,2.4788074,2.8776345,3.1254992,3.3067484,3.4517775,3.5786896,23
0.4600087385420033,0.9087351994180872,0.0178996428334163,2.789448455907963,2.975823902570876,1.3146963119506836,4.447070598602295,8.181233406066895,11.572776794433594,13.845526695251465,13.901509284973145,13.909937858581545,13.917094230651855,12
0.375337458100407,10.473041118362412,43.2830867884281,2.63733059,2.42136041,1.0221235752105713,3.154491424560547,5.094098567962647,6.218997478485107,6.521321773529053,6.550135135650635,6.570138454437256,6.581162929534912,7
0.52469184,94.12075479,272.63449209,2.2,2.9,0.28231025,0.48390865,0.60217977,0.6883161,0.75594115,0.811461,0.8585644,0.89780855,17
0.70034265,250.10653162,218.4940301,2.0,2.4,0.09837151,0.14267349,0.18020415,0.21212935,0.2488985,0.28361392,0.3154025,0.34614635,11
0.67677292,288.80240098,57.08341008,2.4,2.2,0.13521266,0.2181611,0.29762912,0.37257338,0.44436693,0.5125847,0.5773766,0.6388135,2
0.4338790270769755,1.55852002889518,57.3572516514903,2.9986441190370456,2.645751949587333,1.114945888519287,3.564425468444824,6.150748252868652,8.11497974395752,9.008667945861816,9.06571102142334,9.065972328186035,9.06598663330078,14
0.3991749286001768,1.772968979374744,0.0053227466216622,2.978119436542216,2.872443705881889,1.3075227737426758,4.382468223571777,7.975892066955566,11.178815841674805,13.178325653076172,13.245683670043944,13.25153923034668,13.256553649902344,12
0.39485094,83.04906027,203.68495421,2.1,2.7,0.3890667,0.82204485,1.0460525,1.1260037,1.1742675,1.2124186,1.2445042,1.2727439,21
0.63508258,277.81287844,123.88642061,2.7,2.2,0.15087748,0.23491359,0.31802297,0.3968811,0.47041798,0.5394273,0.60450506,0.665905,2
0.43691017,212.28376057,14.657624,2.0,2.5,0.25713468,0.45718932,0.6135917,0.7440903,0.85483646,0.95078087,1.032932,1.1074855,15
0.4687166490092056,274.6385814877525,0.1362823321204539,2.486984196292858,2.78593475527037,0.2680261135101318,0.4770188331604004,0.652855634689331,0.8066060543060303,0.9410204887390136,1.0602469444274902,1.1674489974975586,1.2635645866394043,8
0.982707385112365,1.303975321166266,0.3810387326121204,2.287997519107829,2.694997330765234,1.1338088512420654,3.4212300777435303,5.2418212890625,6.21925163269043,6.72972583770752,7.070923805236816,7.343691825866699,7.55264949798584,5
0.8675530749284416,87.67560283036136,0.8629401393671782,2.154985044773925,2.7839057100882605,0.3238637447357178,0.6554937362670898,0.9397907257080078,1.1819226741790771,1.387322187423706,1.5643417835235596,1.7184123992919922,1.8534457683563232,8
0.9754479808143774,2.2478356236799915,109.73812981118628,2.194579665893288,2.8390712075416413,0.8543684482574463,2.565366268157959,3.8747482299804688,4.48802375793457,4.683614730834961,4.738499164581299,4.747295379638672,4.751159191131592,23
0.47419435,197.97674185,134.17013902,2.6,2.6,0.27330613,0.4756837,0.6291046,0.7586379,0.86879826,0.96429586,1.0476,1.1212766,17
0.30741631,278.98456288,115.06528333,2.39881793,2.45760654,0.2562027,0.41107488,0.51677251,0.60431981,0.67866397,0.74410152,0.80111575,0.85331392,16
0.33597348,70.82204667,161.73829276,2.22003503,2.03122282,0.46949935,1.1169858,1.43326497,1.49092245,1.51503062,1.53650188,1.55550671,1.57263732,0
0.7946479805814327,0.8345090798032442,0.0042986242625304,2.7895299192311263,2.626338583719965,1.2548704147338867,4.024789333343506,6.776461601257324,8.583127975463867,9.405427932739258,9.70565414428711,9.893976211547852,10.090712547302246,12
0.3306669566568272,73.40852594573064,0.0417873903823339,2.3719391542880923,2.750149517952268,0.8020985126495361,2.382737398147583,3.54915452003479,4.061016082763672,4.230636596679688,4.304913520812988,4.356170654296875,4.407037734985352,22
0.34276021,299.17807007,174.1635437,2.15160251,2.96184278,0.22153306,0.33770847,0.42933655,0.50924468,0.58058476,0.64437032,0.70190859,0.75424218,17
0.94528489,278.67715955,21.95273703,2.34437047,2.47620618,0.11991739,0.20728326,0.28424191,0.35887837,0.43500447,0.50875115,0.57948756,0.64781308,2
0.319099946823085,14.84313175472562,55.209927571463936,2.27221946,2.02575241,0.8913135528564453,2.6573832035064697,4.055197715759277,4.682315826416016,4.782601356506348,4.812344551086426,4.822517395019531,4.828854560852051,23
0.9431050811599264,4.162370271658154,2.80730618300226,2.1326537814397577,2.8801933245433853,0.9775784015655518,2.87724232673645,4.2490739822387695,4.931645393371582,5.279322624206543,5.512121200561523,5.689126968383789,5.823675155639648,6
0.9603642660220182,188.85838202262545,0.069491390930577,2.2192305458368207,2.125315404487139,0.1395959854125976,0.2473599910736084,0.3487944602966308,0.4472332000732422,0.5421593189239502,0.6334683895111084,0.7195618152618408,0.8021705150604248,15
0.30285046,77.12941512,350.64479059,2.7,2.9,0.42880535,0.9542949,1.2307806,1.2627392,1.2680655,1.2731504,1.2780051,1.2826762,21
0.90237038,247.75780344,301.27905289,2.97005477,2.22764329,0.11539388,0.14194512,0.17680621,0.20369029,0.23540425,0.26641822,0.29359627,0.32223582,11
0.30111835,63.74564645,112.14481741,2.74305613,2.7843023,0.73769808,2.11143613,3.14413381,3.55892301,3.63440394,3.64866567,3.66149497,3.67384887,23
0.72031637,130.5336682,117.50857111,2.05283475,2.47453178,0.22220731,0.39614272,0.55136895,0.68704295,0.8072288,0.91375732,1.00944114,1.09580827,16
0.72324574,50.94995604,253.70603309,2.4,2.6,0.34391332,0.6882684,0.91589856,1.0618241,1.1666291,1.2448461,1.306802,1.3572459,10
0.8419137320688579,7.453964813132577,0.1215571744438521,2.1061791035532464,2.448771499082634,0.901740550994873,2.531453847885132,3.5991241931915283,4.115195274353027,4.40284538269043,4.594322204589844,4.74519157409668,4.855981826782227,22
0.88045603,222.00629123,85.03375225,2.4,2.9,0.15553403,0.25299263,0.3492658,0.44356036,0.53276443,0.6166024,0.6961894,0.7718663,16
0.5295670804871414,95.84121225366904,0.4466950560115736,2.875546468301114,2.820364597618926,0.5695018768310547,1.4627995491027832,2.0708861351013184,2.3996386528015137,2.6079578399658203,2.7671751976013184,2.901498794555664,3.0130019187927246,18
0.35976978,289.51263962,214.06157374,2.6,2.7,0.2056036,0.2790761,0.34383464,0.40012407,0.45096803,0.4969592,0.5390351,0.578181,3
0.30969146,105.68580627,342.64978027,2.16207337,2.03195047,0.2291007,0.29671526,0.31769896,0.33566594,0.35155654,0.36587,0.37833762,0.38936901,4
0.4662173605849551,1.5530713724221756,0.7439268161522241,2.725934412528552,2.922753930301905,1.2943031787872314,4.333426475524902,7.884058952331543,10.938603401184082,12.890631675720217,12.970891952514648,12.979232788085938,12.98629379272461,13
0.90424726,119.77291731,100.60213287,2.41788901,2.92686274,0.24167633,0.43906498,0.62417388,0.79198241,0.94384646,1.08218479,1.20718455,1.32094741,10
0.8790933,132.18118134,125.6735066,2.6,2.3,0.19867826,0.34659362,0.48816466,0.6177051,0.73547673,0.8442695,0.9438386,1.0354173,16
0.31941448,242.28688671,274.96152334,2.41538533,2.79358473,0.23600864,0.33816242,0.40297818,0.45927405,0.50900435,0.55320311,0.59271502,0.62850618,4
0.92822193,194.67310114,317.18067604,2.86392096,2.17889378,0.10307264,0.14564633,0.18241143,0.21201587,0.24149108,0.27377367,0.30338383,0.3317349,11
0.5430365,255.49013833,51.86901226,2.5,2.3,0.20009899,0.3292451,0.4516673,0.56058884,0.65929747,0.75006676,0.8333657,0.9098611,16
0.33106861,271.67105103,196.96229553,2.14607692,2.01192689,0.14147043,0.17577434,0.20905733,0.23862267,0.26815701,0.29449415,0.318923,0.34180641,11
0.50974644,294.11271091,240.13319018,2.4,2.0,0.10952568,0.14823937,0.18672729,0.21762228,0.25032687,0.28164005,0.31088257,0.33888507,11
0.3293503235240098,12.311090660307116,10.352156803502815,2.82098436,2.66289473,1.1532096862792969,3.670885801315308,6.214022636413574,7.956704139709473,8.635456085205078,8.706493377685547,8.72104263305664,8.740838050842285,14
0.4159955883260469,4.59670998902292,0.0140156767676423,2.8738972232580213,2.7874112978117136,1.257239580154419,4.116855621337891,7.237531661987305,9.629354476928713,10.861213684082031,11.009719848632812,11.015704154968262,11.021073341369627,12
0.97011234,184.2148571,181.841991,2.7,2.1,0.1271832,0.21325684,0.29353666,0.37090588,0.44612217,0.51780415,0.5859175,0.65113807,3
0.76767092,187.40260225,259.17079607,2.3,2.8,0.13704538,0.19779682,0.25899744,0.31348896,0.36462784,0.41375828,0.4592278,0.5019815,4
0.922690481469828,31.518443215801582,0.016903086922737,2.8554943619337125,2.763835843358665,0.5806162357330322,1.4219915866851809,2.01518177986145,2.401030778884888,2.6794888973236084,2.898406744003296,3.081329584121704,3.238665819168091,18
0.86269382,278.78222439,279.69624588,2.9,2.9,0.16606617,0.18580174,0.23503995,0.29817986,0.35051656,0.40043736,0.44904637,0.4960251,4
0.4369999209331743,9.843287719070537,31.86018835958725,2.87462162,2.21045007,1.012549638748169,3.0493416786193848,4.764054298400879,5.672094821929932,5.941562175750732,6.062575817108154,6.142256259918213,6.185615062713623,7
0.80309741,96.24440732,354.90178924,2.2,2.2,0.1496849,0.20590639,0.26101613,0.3081243,0.3512938,0.38954663,0.4238019,0.45474887,4
0.54918051,152.28886414,291.52212524,2.94362688,2.20372534,0.19016719,0.26278472,0.32744312,0.38067031,0.42879438,0.47191095,0.51081133,0.54608536,4
0.83959934,84.9499589,394.010188,2.6,2.1,0.16771913,0.23930192,0.30850458,0.36741662,0.4196458,0.4659438,0.50756884,0.54490614,4
0.91984814,289.80325317,149.86308289,2.89225507,2.67112494,0.16151452,0.20099783,0.25856256,0.3347168,0.40296245,0.46481395,0.5255444,0.58442926,2
0.55167049,174.6577301,283.66424561,2.13323569,2.24598455,0.15276194,0.20707464,0.26270628,0.31051779,0.35441184,0.39413095,0.43045425,0.46423697,4
0.61363996,114.33862003,57.26450424,2.69276545,2.17416762,0.32164264,0.63724136,0.87632489,1.06302714,1.21208954,1.33623767,1.43999791,1.53141665,9
0.8952508476525523,1.743365327626587,0.0196169097571609,2.028844499607758,2.7348432085219443,1.111708164215088,3.4132699966430664,5.296706199645996,6.30514669418335,6.772663593292236,7.047745227813721,7.256774425506592,7.411756992340088,5
0.69363332,201.61112976,176.19975281,2.72204447,2.74261951,0.19670272,0.31072378,0.42157722,0.52421045,0.61703444,0.7028861,0.78249717,0.85649157,17
0.95505203,251.02433015,51.24247822,2.3,2.5,0.12222886,0.20730877,0.28369784,0.35840893,0.43275118,0.50520635,0.5741329,0.64048696,2
0.5385825289127195,23.811501275073475,1.027778965878136,2.4661803789871986,2.8655755023696217,0.937648057937622,2.800135612487793,4.212935447692871,4.890875339508057,5.167819499969482,5.318019866943359,5.428214550018311,5.51117467880249,5
0.4605482514250464,4.9067296151564825,19.447124717777445,2.31001303,2.98053566,1.1599016189575195,3.7861361503601074,6.558650970458984,8.555220603942871,9.429858207702637,9.533265113830566,9.53615379333496,9.538948059082031,14
0.97996775,119.8169883,106.08856123,2.85290805,2.06994804,0.17706203,0.30561805,0.43075371,0.5467391,0.65440011,0.75351095,0.84551311,0.93105674,16
0.7699950483771525,5.341938496401398,3.127168022942098,2.9307293504896794,2.267132164532116,1.021937131881714,2.906827449798584,4.23274040222168,4.918241500854492,5.3283305168151855,5.653116703033447,5.89856481552124,6.078481197357178,6
0.67466182,220.32924146,208.84912657,2.9,2.3,0.16774869,0.25889492,0.349535,0.43438578,0.5121887,0.5852263,0.65294313,0.71628547,17
0.5631836482038993,12.639101511707608,0.4441764545085806,2.9494714719545807,2.2149920266845338,0.9937877655029296,2.854144096374512,4.190913200378418,4.845345973968506,5.198542594909668,5.457770347595215,5.647357940673828,5.778445243835449,5
0.8371094,96.62314962,173.0582837,2.1,2.4,0.19940186,0.34043694,0.46865487,0.5809939,0.679966,0.7680855,0.84695077,0.91695786,17
0.34378372,64.91418092,31.2759766,2.1,2.9,0.70495033,1.8823609,2.6234727,2.929099,3.0604863,3.1330857,3.1890445,3.2343764,23
0.59799403,103.85219425,13.19923197,2.1,2.6,0.36970425,0.7766006,1.0713882,1.285089,1.4487221,1.5852172,1.6998808,1.7998083,9
0.60572349,44.1189943,284.65568129,2.5,2.5,0.4072144,0.89820123,1.18697739,1.30028868,1.35633898,1.39624953,1.42851019,1.45520782,21
0.3514589182716917,239.36264324627967,359.483845055046,2.0,2.0,0.0970656871795654,0.1110134124755859,0.120485782623291,0.1223604679107666,0.1293385028839111,0.1350913047790527,0.1398613452911377,0.1452221870422363,11
0.41432445,290.1812767,12.37440406,2.4,2.4,0.23345232,0.38811803,0.5205972,0.63522816,0.73646474,0.82706714,0.9082885,0.98252153,15
0.99058728,128.0108761,137.14639301,2.2,2.7,0.16879606,0.28547573,0.3994906,0.50547504,0.6040306,0.69585276,0.78080535,0.8604274,17
0.40356443,97.3440015,370.43270006,2.05138009,2.90294566,0.3030982,0.56016231,0.69030118,0.75775361,0.80636334,0.84660649,0.87899971,0.9063642,21
0.7333065115202608,51.31057336317532,0.7677790483523492,2.4785967401912865,2.364906852792307,0.5120270252227783,1.2224602699279783,1.69954252243042,1.9992451667785645,2.215735912322998,2.386806011199951,2.5300912857055664,2.6516900062561035,18
0.3099915443193717,9.839810878223808,0.102240171560333,2.1369201944673617,2.6118644798926334,1.159144401550293,3.791259527206421,6.587978363037109,8.660189628601074,9.639444351196287,9.756104469299316,9.761555671691896,9.766470909118652,12
0.68837551,116.86055887,15.94789738,2.6,2.9,0.36593938,0.7549138,1.0601928,1.304266,1.5017376,1.6676002,1.8079481,1.9287844,9
0.50689794,21.46352466,153.26956686,2.0,2.9,0.62199306,1.6200156,2.2138162,2.3999052,2.4355912,2.444603,2.4536495,2.4622478,0
0.47701499,126.85326385,172.26690674,2.38404989,2.17902374,0.28391361,0.50828075,0.65812945,0.77068138,0.86043143,0.93434548,0.99681735,1.04876256,10
0.8530221370553708,1.719360319123057,25.97073371861911,2.7862731188401546,2.1301843219070213,1.041171312332153,3.0476412773132324,4.559579849243164,5.330019950866699,5.730048179626465,6.0221052169799805,6.237556457519531,6.380551338195801,7
0.6104372737350557,64.27670146011214,0.1251393557732616,2.629842466383572,2.035912396412156,0.4911189079284668,1.1712045669555664,1.610708236694336,1.8728275299072263,2.0594558715820312,2.203542709350586,2.329086780548096,2.434131622314453,18
0.67207201,296.08357105,354.55315138,2.3,2.8,0.10631061,0.12358332,0.14693451,0.15744472,0.17502308,0.19369435,0.20518374,0.21939778,11
0.75127649,6.48158407,7.00334454,2.06732774,2.76642919,1.02414775,3.01620889,4.50866604,5.23209763,5.52018452,5.66328049,5.75986767,5.83196163,6
0.9643093,186.77946003,226.29768612,2.7,2.9,0.1652174,0.23984838,0.3225355,0.41008782,0.48898268,0.56251884,0.6323886,0.6988323,17
0.3,109.09413941,400.0,2.0,2.0,0.17971873,0.19024825,0.19534183,0.19919395,0.2038281,0.20793557,0.21142125,0.21502686,11
0.65759719,149.45126962,269.44956787,2.3,2.7,0.1780107,0.2583015,0.33624983,0.402663,0.46211147,0.51654196,0.5656657,0.6108637,4
0.31156961,45.6519193,129.26089819,2.8,2.2,0.73518157,2.1494856,3.2088342,3.5992823,3.6279788,3.6309547,3.6346097,3.6383214,23
0.93524264,6.98005917,81.43773484,2.2,2.8,0.7315881,1.9132476,2.660411,3.0457926,3.2577424,3.390635,3.4741373,3.5372286,23
0.47988513,244.64879722,255.25878139,2.9,2.7,0.21330738,0.30562687,0.39135575,0.46660018,0.533566,0.59528947,0.6514354,0.7037854,17
0.9157445121507486,2.4115722459299462,0.0797595195438657,2.810505056373091,2.9082309220173217,1.1437509059906006,3.4221410751342773,5.252680778503418,6.237797737121582,6.759194374084473,7.134149551391602,7.449770927429199,7.684377670288086,5
0.88240146,222.54673665,372.87468174,2.27998533,2.14095246,0.07555652,0.10753059,0.1326654,0.14133906,0.15895271,0.17686534,0.19383097,0.20894146,11
0.50145686,235.38043213,185.75047302,2.14184713,2.70197582,0.18975568,0.28978825,0.38392711,0.46689081,0.54125166,0.60990739,0.67227817,0.72995448,17
0.61942691,148.12918941,198.76164432,2.2,2.9,0.21129584,0.33660197,0.44563603,0.5391574,0.6217637,0.69557524,0.7612903,0.82125974,17
0.31044418,85.27269172,240.52956104,2.01625917,2.42643897,0.41717887,0.95751214,1.2272625,1.26711655,1.28422856,1.30045962,1.31519747,1.328583,21
0.84140825,41.53991516,276.0373592,2.0,2.0,0.23886943,0.41264224,0.53622389,0.63006377,0.70234585,0.75849462,0.80290174,0.84033513,17
0.35509376,278.34209354,121.97351517,2.5,2.1,0.2162838,0.33196807,0.42806363,0.5101776,0.5821531,0.6476133,0.70592546,0.76025057,16
0.87763643,23.76565163,35.35196787,2.4,2.9,0.60075116,1.4875259,2.0765128,2.4259562,2.6605215,2.8409915,2.9907737,3.1146455,19
0.36255308,114.19981827,127.42401805,2.2,2.1,0.4079435,0.9007983,1.1693923,1.2794483,1.3497119,1.4062095,1.4535894,1.4954076,21
0.57960624,2.21130323,38.10426712,2.32585001,2.01311994,1.05984092,3.11795378,4.87155914,5.78788185,5.99320984,6.07879543,6.10569286,6.11079025,7
0.94742819,15.03650527,85.40830876,2.83708561,2.96124566,0.67470431,1.79112697,2.54974246,2.96344447,3.21374822,3.39046168,3.5301373,3.64288783,23
0.94145787,205.50041199,236.07749939,2.50360513,2.3247087,0.11476159,0.17750716,0.23406792,0.2874527,0.34005547,0.39104342,0.43977237,0.48575282,3
0.8137572757111751,75.75599754530423,0.9886699445460968,2.1970882459500105,2.507533009043072,0.3695862293243408,0.7801418304443359,1.1034932136535645,1.360166072845459,1.5672838687896729,1.7404651641845703,1.8888115882873533,2.016784191131592,8
0.6370523058373181,72.87188239327598,0.2155792429215882,2.6055460465688203,2.306988717995879,0.4805150032043457,1.1312320232391355,1.57096266746521,1.8466980457305908,2.0465896129608154,2.203568696975708,2.3379037380218506,2.4512946605682373,18
0.6342217882166339,15.108494981545084,0.0032029462247231,2.456407551134144,2.8842458878442896,0.9740307331085204,2.908933639526367,4.378476142883301,5.096963882446289,5.418527603149414,5.600352764129639,5.742196559906006,5.841044902801514,5
0.9150223525295929,58.82287096753805,0.0074920054333267,2.2612620846286378,2.46272681039426,0.3736917972564697,0.7887430191040039,1.122941255569458,1.3900620937347412,1.6073551177978516,1.789062738418579,1.944031000137329,2.079637289047241,8
0.554322811487084,143.28929882795606,69.21801314163167,2.298992313475744,2.8218747089624943,0.3518698215484619,0.7319693565368652,1.0139029026031494,1.227466344833374,1.3966422080993652,1.5358309745788574,1.6544032096862793,1.757563829421997,10
0.4696021499028243,2.8043445177940685,0.6074999826596447,2.895797519974481,2.8674915956365616,1.278226375579834,4.208930969238281,7.468615055084228,10.022920608520508,11.402557373046877,11.575008392333984,11.581371307373049,11.586786270141602,13
0.8490308380687183,1.8837813179749008,0.0631576255678245,2.085971053051043,2.9122729647874817,1.1401023864746094,3.56926703453064,5.684398651123047,6.864934921264648,7.408534049987793,7.685823440551758,7.876971244812012,8.02597713470459,5
0.4554754911315088,182.28435405588496,370.2907201767718,2.3,2.2,0.1381711959838867,0.1598999500274658,0.1848466396331787,0.2039544582366943,0.2227346897125244,0.2396996021270752,0.2561178207397461,0.2712604999542236,11
0.35085797,240.57452865,89.0729906,2.28712316,2.74297441,0.30939913,0.57783699,0.75688314,0.89263892,1.00239635,1.09360313,1.17080545,1.24001193,10
0.71919262,50.49647141,197.32014465,2.76907635,2.37796998,0.39205241,0.84375358,1.14733052,1.33488226,1.46032524,1.55427551,1.63228893,1.69744444,10
0.50994792,222.74428109,79.33991081,2.2,2.9,0.2201178,0.36164236,0.4863975,0.5946975,0.69141054,0.77813387,0.8569248,0.9283464,16
0.92751402,6.4645462,28.57362556,2.3954587,2.72948837,0.88674045,2.46654344,3.52530599,4.05331612,4.33293819,4.51885891,4.63692284,4.74639797,23
0.7010273,100.90607956,26.61595027,2.1,2.8,0.3160913,0.6330614,0.88504934,1.0898511,1.2562056,1.395164,1.5149846,1.6188993,9
0.92603369,115.86063941,80.0943116,2.80849699,2.82329573,0.26463103,0.48545957,0.69060063,0.87630486,1.04285169,1.19350457,1.3297658,1.45263338,10
0.75802789,130.4072069,373.71713839,2.8,2.3,0.16581964,0.23534608,0.3054216,0.36695337,0.42315006,0.47409153,0.52051187,0.5636556,4
0.91981485,101.58711318,315.3402321,2.0,2.2,0.12265253,0.17676449,0.22764635,0.27285838,0.31620193,0.35550308,0.39152455,0.42421246,4
0.66238696,247.55210786,106.07113906,2.8,2.8,0.19799948,0.31548405,0.43241572,0.5418639,0.6416681,0.73420835,0.8207176,0.9014778,16
0.36603916,51.10294958,221.3918311,2.8,2.3,0.5745621,1.5573058,2.2144172,2.369984,2.3712718,2.3739974,2.3771737,2.3803551,1
1.0,192.90490212,160.34986008,2.0,2.0,0.09085393,0.15262079,0.20862603,0.26073217,0.31329584,0.36318922,0.41096926,0.4571774,2
0.54326408,203.17277336,97.27070258,2.6,2.9,0.2654271,0.4637537,0.6265538,0.7679858,0.8912535,1.0002666,1.0972977,1.183754,16
0.43069158,108.11904141,238.54677873,2.9,2.4,0.3973248,0.8743036,1.1691864,1.3114617,1.3978412,1.4658864,1.5211165,1.5682192,21
0.98975117,38.3329589,10.41808002,2.3,2.4,0.40811443,0.8831618,1.2509859,1.5308349,1.7517521,1.9318769,2.0830095,2.2132142,18
0.95505804,137.13803101,235.79867554,2.82446241,2.81464195,0.19406247,0.31183243,0.42996216,0.54115248,0.6416657,0.7354269,0.82208824,0.90301847,17
0.7734306994015419,15.211712446088985,0.0078538173235777,2.5048307317003657,2.729484075728584,0.8485748767852783,2.3863391876220703,3.415170192718506,3.9343342781066895,4.227919101715088,4.427769184112549,4.585004806518555,4.714513301849365,22
0.98013043,72.24711609,325.7796936,2.07504773,2.00044084,0.13467884,0.19817662,0.25720978,0.30963469,0.35722589,0.39976406,0.43703246,0.47073507,4
0.31566945,151.31938481,210.9981916,2.9,2.9,0.4347148,0.97821426,1.3101234,1.4429717,1.5118008,1.567317,1.614337,1.6546073,1
0.60001603,264.65957495,319.68999235,2.6,2.9,0.1500423,0.17633176,0.21503043,0.25849056,0.29616094,0.32852387,0.36063528,0.3903277,4
0.69269913,9.53565025,229.32493591,2.50907707,2.01830459,0.533113,1.32870269,1.75263786,1.8045435,1.80478764,1.80500031,1.80568933,1.80608606,1
0.80816843,291.51906405,218.60161447,2.7,2.8,0.1530199,0.18860483,0.23831534,0.30299568,0.36024308,0.41197586,0.46296477,0.511055,3
0.3819231,63.28500455,234.25297086,2.1,2.5,0.41054535,0.9019067,1.1297467,1.1718094,1.1936553,1.2121022,1.2279305,1.24173,21
0.47077131,277.15278335,106.56265291,2.2,2.3,0.1602745,0.23695111,0.31312943,0.38080025,0.44299173,0.5000379,0.55342674,0.60310984,2
0.95871967,34.31699753,106.34221649,2.02642918,2.44603848,0.38300228,0.82478499,1.15382838,1.39530611,1.58038878,1.72779775,1.84907079,1.94967318,10
0.9942122,224.5057953,343.22056143,2.29508491,2.86115718,0.10888648,0.15390325,0.19124746,0.23522687,0.28149629,0.32336903,0.36195064,0.39975643,4
0.66511103,28.70025562,47.76448438,2.2,2.4,0.6469054,1.6637208,2.271869,2.5602434,2.7236369,2.835982,2.9315803,3.0087779,19
0.9463528412490008,175.77589363686528,0.0137915390598567,2.543174865465807,2.2442161873467845,0.17106294631958,0.3012633323669433,0.4273850917816162,0.548431396484375,0.6629219055175781,0.7709381580352783,0.8730373382568359,0.9687676429748536,15
0.7898851546084932,2.253860726876161,18.13528691924059,2.7909703151007483,2.736553934710068,1.1409199237823486,3.50923490524292,5.548435211181641,6.70366096496582,7.208608627319336,7.487549781799316,7.71144962310791,7.8816070556640625,6
0.6551615,2.47212052,13.49434471,2.32447338,2.30010295,1.15546036,3.44368076,5.42102718,6.49692345,6.87051773,7.05108929,7.19239902,7.25567245,6
1.0,65.02082062,400.0,2.0,2.0,0.11421013,0.14916492,0.18001294,0.20582604,0.23079753,0.25352216,0.27438927,0.29222083,11
0.6334216918235436,127.08822060668273,0.0335952600502916,2.498707651691205,2.427216085944534,0.3469786643981933,0.7124083042144775,0.9968488216400146,1.221428155899048,1.4035217761993408,1.556100845336914,1.6864900588989258,1.799299240112305,8
0.6916413028529648,0.9604430975989512,0.0082745828680119,2.1050313298936776,2.778653151743712,1.219806432723999,4.048775672912598,7.112499237060547,9.356793403625488,10.511631965637209,10.729643821716309,10.745688438415527,10.75808334350586,12
0.31494065,283.95423315,373.33056256,2.82079547,2.83342502,0.19495487,0.21990275,0.25075269,0.27478814,0.29383612,0.31438899,0.33217621,0.34936619,11
0.30000001,166.17362976,400.0,2.0,2.0,0.12716389,0.13464999,0.13859725,0.13885593,0.14177775,0.14429355,0.14566708,0.1483891,11
0.6637792439219274,0.9026218416374252,0.0079797615402024,2.386238332089348,2.7587758738583763,1.2569129467010498,4.1583404541015625,7.367795944213867,9.803464889526367,11.063319206237791,11.254658699035645,11.2658109664917,11.274493217468262,12
0.90931231,197.55754659,41.86196164,2.77333094,2.42368114,0.16894817,0.28786874,0.40463996,0.51645708,0.62221003,0.72175574,0.81568527,0.90432525,15
0.90609059,135.5182187,361.41483059,2.3,2.2,0.1112287,0.15498257,0.19745326,0.23263383,0.26790047,0.3007884,0.33205914,0.36078477,4
0.3723685046221738,2.545139258421016,5.28614804366745,2.6540482,2.91984534,1.272303819656372,4.253724098205566,7.724659442901611,10.723590850830078,12.587182998657228,12.680042266845703,12.683853149414062,12.687210083007812,14
0.37062147,140.66308261,173.87785534,2.48711679,2.53905403,0.37723804,0.78563738,1.02486968,1.15215182,1.23792386,1.30822039,1.36514664,1.41394758,21
0.66551219,70.91105427,183.94166329,2.0,2.9,0.300009,0.571007,0.75839925,0.89708495,1.0040226,1.089046,1.1571474,1.2160759,10
0.8419549691818006,18.485450881276098,0.2936172231654061,2.383241665110746,2.228179463970405,0.6733496189117432,1.7145850658416748,2.362863302230835,2.7287747859954834,2.972107648849488,3.1549460887908936,3.304099798202514,3.4290106296539307,18
0.40454567,82.13709754,399.13009644,2.44528641,2.9459673,0.35325241,0.71972752,0.90868306,0.97950006,1.02132869,1.05563664,1.08407307,1.10807252,21
0.92120936,62.24895146,217.07371389,2.4,2.8,0.26951313,0.49844575,0.6853545,0.8415549,0.97369766,1.086098,1.1814501,1.2636886,10
0.31690368,17.34021733,101.79387517,2.2112944,2.68984509,0.90521836,2.72972488,4.29418039,5.07232618,5.17937326,5.18085432,5.18102026,5.18108225,7
0.5790292233508343,9.010766431716515,0.0715846861459802,2.200507784358743,2.759793988608957,1.0747323036193848,3.321600437164306,5.228272438049316,6.233448505401611,6.611019611358643,6.7665886878967285,6.887375354766846,6.9720892906188965,5
0.56151343,49.55845889,391.45573781,2.2,2.1,0.25243664,0.3811412,0.42928624,0.46071935,0.48466396,0.504297,0.5198028,0.5332532,21
0.9788342894124564,87.22984571469321,395.5429559669389,2.1,2.2,0.119227647781372,0.1620619297027588,0.2048642635345459,0.240586519241333,0.2756900787353515,0.3077213764190674,0.3367354869842529,0.3635525703430176,4
0.8857209,263.74321982,131.23501647,2.1,2.6,0.10355449,0.16651917,0.21961737,0.26886153,0.32167435,0.37331748,0.42193174,0.46883702,2
0.69771916173915,3.72160154597078,0.0085851793552022,2.909302288688873,2.999361755361731,1.2050447463989258,3.756134510040283,6.062941074371338,7.43366003036499,8.045116424560547,8.365581512451172,8.627700805664062,8.855560302734375,12
0.30636355,167.58806041,376.30102986,2.22616331,2.2406662,0.17561078,0.19159961,0.20754719,0.21903896,0.22874808,0.23785138,0.24667668,0.25509,11
0.4635063994432351,7.606205013966536,1.3458489053481786,2.88316441,2.19962239,1.118051528930664,3.436041831970215,5.509835720062256,6.718190670013428,7.168714046478272,7.358492374420166,7.5054450035095215,7.625607013702393,5
0.72328306,41.34662525,63.78064359,2.1,2.8,0.4872868,1.1400805,1.5650082,1.8173146,1.986115,2.120812,2.230248,2.318924,19
0.6895616015496352,3.217642759923805,2.34250135116787,2.5,2.5,1.1510543823242188,3.544074058532715,5.618553161621094,6.777097702026367,7.26792049407959,7.530496597290039,7.731996536254883,7.888837814331055,6
0.43531883,10.63718319,15.64917946,2.272892,2.41663742,1.09416556,3.27467799,5.13162899,6.12674904,6.38373184,6.45945644,6.50270176,6.52576447,6
0.40692466,178.87950925,379.53696951,2.9,2.9,0.2529447,0.35634518,0.41695023,0.46901274,0.51384354,0.55470276,0.59064674,0.62339926,4
0.6210987652038754,87.85527202804133,15.321907889673133,2.589440594449131,2.41178773138152,0.4459180831909179,1.0220656394958496,1.4204294681549072,1.6826841831207275,1.8747594356536863,2.029818296432495,2.1581919193267822,2.26844334602356,19
0.3763499,213.90284781,107.78604486,2.01157855,2.69678454,0.29505372,0.55298829,0.72988319,0.86410093,0.97229338,1.06194305,1.13863635,1.20531869,10
0.81759688,162.54099908,49.79756893,2.8,2.1,0.20138788,0.3594668,0.51152396,0.65211034,0.78176594,0.9013336,1.0123179,1.1141269,16
0.69591618,295.35626221,317.49221802,2.30200839,2.31094384,0.08511639,0.12046814,0.15052986,0.16674018,0.18740845,0.20887566,0.23130322,0.25239825,11
0.967673856294874,83.30258333651142,0.0049481515292173,2.106795724787315,2.2465484354604666,0.2524800300598144,0.4865593910217285,0.7013664245605469,0.8931241035461426,1.0627260208129885,1.2139198780059814,1.3483734130859375,1.4696674346923828,8
0.41097359,240.76307153,206.98592206,2.9,2.9,0.27018404,0.43272853,0.5499561,0.65084195,0.737859,0.81532884,0.884361,0.94671106,17
0.36382378,65.66153115,1.54776681,2.8,2.4,0.82444334,2.3913958,3.5275218,4.0175104,4.1747646,4.2457895,4.299695,4.3439913,22
0.3244723861666621,4.134261690575669,0.0721356395927534,2.766926918943223,2.6985267466998124,1.268564224243164,4.206233501434326,7.569162368774414,10.418664932250977,12.136870384216309,12.208807945251465,12.214301109313965,12.219072341918944,12
0.58309919,117.09783173,151.22167969,2.53114724,2.02987051,0.25027061,0.4387455,0.58340263,0.70111895,0.79842782,0.88265467,0.95527887,1.01754498,17
0.42233092,201.53814191,47.74751316,2.7,2.4,0.34921455,0.70357585,0.9503372,1.1309311,1.2722695,1.3890984,1.4869287,1.56991,9
0.78431979,242.68235306,100.64371696,2.8,2.4,0.15952134,0.259892,0.35705376,0.45308542,0.5431404,0.62768555,0.7077019,0.7836113,16
0.61590848,6.66692731,41.87928158,2.84526015,2.64601623,1.07074714,3.15643764,4.86752892,5.77458954,6.0952816,6.24548912,6.34526348,6.38863564,7
0.6360052258429066,73.7543425253245,0.0642254955271061,2.268088470047404,2.9588221312449896,0.5350656509399414,1.354395627975464,1.8996670246124268,2.21728253364563,2.436579942703247,2.6092002391815186,2.752491235733032,2.8725602626800537,18
0.3405658,21.69503021,12.5140295,2.71238995,2.15807199,1.02549434,2.95633817,4.44554424,5.14588833,5.36795425,5.5069046,5.57450581,5.61351776,6
0.3638530941299321,251.44605161716368,0.0064157907024121,2.826995089619326,2.4642921600692604,0.3372347354888916,0.667057991027832,0.8964321613311768,1.067145586013794,1.203991174697876,1.319056272506714,1.4177148342132568,1.5015161037445068,8
0.42882138,126.20182037,11.64871883,2.47658563,2.20395637,0.45441365,1.04452372,1.40997839,1.60734844,1.74526548,1.85326672,1.94449139,2.024508,18
0.88960731,16.6741066,12.92230606,2.08139277,2.90590811,0.70199823,1.89258337,2.63624358,3.02779603,3.26912189,3.44761825,3.58804679,3.70765185,22
0.85608291,102.98784996,268.33457786,2.14561122,2.74913371,0.19883442,0.33148956,0.45593762,0.56486964,0.66301465,0.7512176,0.83099294,0.90272379,17
0.9921664,19.30555344,156.99273682,2.92170501,2.2226038,0.44249558,1.00589848,1.39609432,1.63630009,1.7965436,1.91643333,2.01046515,2.08490086,20
0.7084571745714543,42.31276484910133,0.0062942499834812,2.3198082142677605,2.6515242026722547,0.6137065887451172,1.5915625095367432,2.2103190422058105,2.5489792823791504,2.7715883255004883,2.944455623626709,3.0866990089416504,3.2070789337158203,18
0.9876783821386856,1.477113105028475,0.2293775099165714,2.853861183040251,2.070130860449247,1.0615296363830566,2.968225717544556,4.278173446655273,5.014813423156738,5.522617340087891,5.944681167602539,6.286852836608887,6.531537055969238,5
0.3247007444285201,1.9307716075900048,28.42880054280234,2.279936393760621,2.8948363205229986,1.178349256515503,3.935271978378296,7.1157426834106445,9.822340965270996,11.409361839294434,11.50041389465332,11.500475883483888,11.500475883483888,14
0.42160254,37.92821852,60.07532384,2.6,2.6,0.8178539,2.3344643,3.432534,3.90361,4.0549583,4.112484,4.1451473,4.1726246,23
0.78496974,290.13741948,100.38994044,2.5,2.3,0.1205647,0.19591999,0.26480508,0.3308041,0.39551568,0.4587841,0.5183747,0.576128,2
0.73782372,169.35084299,134.93073552,2.1,2.5,0.16220737,0.26080942,0.35735774,0.44517875,0.52583003,0.6003437,0.6690228,0.7326946,17
0.86859013,231.5477371,228.30676721,2.9,2.2,0.12446475,0.1967771,0.2610731,0.32736325,0.39233565,0.45316243,0.51060057,0.5655925,3
0.87989546,57.19379003,356.44684891,2.2,2.0,0.17731547,0.26301956,0.3374374,0.39859223,0.45064855,0.49489427,0.5330024,0.5672779,4
0.30171181,52.41146186,209.06661078,2.62307736,2.77201651,0.6386075,1.7744236,2.59544849,2.83347273,2.83647394,2.83687735,2.83771229,2.83859015,1
0.69987309,28.93470383,37.20864868,2.62283516,2.0305953,0.6032939,1.49365568,2.03505182,2.31949425,2.50129128,2.63006353,2.73879862,2.82880211,19
0.41991657,222.7523254,375.857282,2.3,2.6,0.13520336,0.15435934,0.17559075,0.18591213,0.19784474,0.20992875,0.22125983,0.23034,11
0.9816846263249164,46.48690893679077,0.0359707993818943,2.4051789391781253,2.977694115302349,0.4424245357513428,0.982414960861206,1.4055159091949463,1.7333495616912842,1.993042230606079,2.207439661026001,2.3886005878448486,2.545067071914673,18
0.40482122,246.83171227,359.16138623,2.4,2.9,0.15239596,0.17486835,0.20010066,0.21763945,0.23866653,0.25381422,0.26870584,0.28423762,11
0.7680766322789786,3.76319005905666,0.0169192462759998,2.771959457953072,2.2617416969746613,1.0785722732543943,3.1388235092163086,4.656906604766846,5.447188377380371,5.88747501373291,6.241648674011231,6.519631385803223,6.727097511291504,5
0.56833719,118.51949178,99.59174221,2.2,2.7,0.32067704,0.6263695,0.8488519,1.017725,1.150584,1.2604845,1.3508976,1.4304221,10
0.3213678464065451,1.716473880638668,0.0123125036447022,2.108930110611093,2.89531725615995,1.247471809387207,4.263681411743164,7.921579360961914,11.299735069274902,13.584413528442385,13.63681697845459,13.643147468566896,13.648534774780272,12
0.52382141,243.34303284,398.26745605,2.47813487,2.82381845,0.14296103,0.17244554,0.20268679,0.23530579,0.26332402,0.28760195,0.31208682,0.33457518,11
0.8345488515394929,25.17842357608154,0.469263542315641,2.302641502555405,2.036512697821002,0.5646226406097412,1.362720012664795,1.868058443069458,2.1739842891693115,2.3895089626312256,2.558705568313598,2.701859712600708,2.822232961654663,18
1.0,268.03863054723445,394.9733713348331,2.0,2.0,0.0509133338928222,0.0760996341705322,0.0990114212036132,0.1021468639373779,0.1140358448028564,0.1233410835266113,0.1323668956756591,0.1424016952514648,11
0.58776474,24.21404648,234.9418335,2.6328125,2.14497209,0.48767662,1.17554498,1.55001783,1.6265831,1.63188934,1.63719606,1.64208841,1.64657784,1
0.9647034711689196,2.735827422452492,225.37451768011,2.3180035112527584,2.9395499683243096,0.696873664855957,2.047809600830078,3.061470031738281,3.4745969772338867,3.5237512588500977,3.523898124694824,3.524362087249756,3.5244712829589844,23
0.3341238,288.60065835,285.23181882,2.96088865,2.20659336,0.14941788,0.17305446,0.1998167,0.21419477,0.23171473,0.24767184,0.26126289,0.2761445,11
0.64809088,233.12969168,399.1376441,2.2,2.3,0.08471799,0.10962057,0.13147783,0.13498187,0.1457882,0.1569593,0.16925335,0.17924047,11
0.5416504947374938,226.46596207315463,328.6914257622552,2.0,2.4,0.1154351234436035,0.147449254989624,0.1812372207641601,0.2092807292938232,0.2376809120178222,0.263899564743042,0.2888746261596679,0.3128468990325928,11
0.6980576213837366,58.69952687314386,1.6230590336712842,2.0587672130388004,2.051597080900534,0.4318854808807373,0.9720265865325928,1.3325209617614746,1.5741291046142578,1.754047155380249,1.898902416229248,2.019761800765991,2.127594232559204,18
0.48951493,274.73398638,308.55964377,2.2,2.1,0.09511876,0.12192106,0.14522266,0.1577642,0.17570925,0.19286752,0.20927382,0.22421646,11
0.93782602,60.49032609,334.04636924,2.2,2.6,0.19411707,0.29706383,0.38770652,0.46279573,0.5273988,0.583045,0.6320045,0.67435145,17
0.79914731,26.60148621,13.60764122,2.07040048,2.28204584,0.59557271,1.46849346,1.99279857,2.28572631,2.48292947,2.63066077,2.75658488,2.86416841,18
0.67059539,206.62275109,147.38733407,2.6,2.5,0.18924832,0.30239558,0.41294026,0.51290965,0.60501766,0.6893835,0.7671287,0.8398268,17
0.5269495622150363,2.36293190636757,2.105445330590939,2.2412698647911973,2.4778974717285607,1.1917061805725098,3.884542942047119,6.717100620269775,8.783773422241211,9.802995681762695,9.962326049804688,9.973270416259766,9.98314094543457,13
0.30964155,228.76009324,302.00944506,2.57636215,2.30570147,0.18603587,0.21996188,0.25097728,0.27414179,0.29653835,0.31765699,0.33716249,0.35460997,11
0.72937737,103.10297911,97.53430826,2.7,2.1,0.29833317,0.5836265,0.8167629,1.0111597,1.1740224,1.3122828,1.43191,1.5353608,10
0.43075983,151.6031411,390.32421013,2.8,2.8,0.24725986,0.3487687,0.4053688,0.45430374,0.49631166,0.5333538,0.5670395,0.596524,4
0.70427322,7.58174785,8.22880722,2.02306414,2.78289083,0.99105191,2.99772882,4.55692291,5.30168772,5.59483671,5.75333786,5.85941601,5.93719769,6
0.61743679,181.24920243,285.17712152,2.6,2.2,0.16400266,0.23500729,0.30663228,0.36929965,0.42633247,0.4789574,0.52699924,0.57167053,4
0.46667757,28.30415394,2.54222381,2.0,2.0,0.8357563,2.26087666,3.13024092,3.46934128,3.62053728,3.70094442,3.74635792,3.79182291,22
0.599311224692987,2.0150218169679963,0.8457920514860412,2.458878742820276,2.463974255545468,1.2078025341033936,3.87827730178833,6.594346523284912,8.455812454223633,9.291728973388672,9.45135498046875,9.505399703979492,9.58226203918457,13
1.0,209.11147403,249.27058815,2.0,2.0,0.0744431,0.11905289,0.15666795,0.18853879,0.22289705,0.25573826,0.2880106,0.31895709,11
0.96451986,99.55316925,149.88619995,2.2752142,2.13140965,0.17721605,0.30636954,0.42962813,0.54123855,0.64351749,0.73652434,0.82131052,0.89955449,17
0.96752191,174.44920436,377.78517183,2.9,2.9,0.16443276,0.19869804,0.25779104,0.31962776,0.37188125,0.42271614,0.4702208,0.5151534,4
0.31915664,66.63665801,264.62324618,2.3,2.8,0.44475174,1.0154293,1.3047652,1.334054,1.3410931,1.3477955,1.3541017,1.3600764,1
0.9995886590456458,5.134748995199534,0.0238910462112822,2.328284090660073,2.192954850765969,0.8496372699737549,2.234346389770508,3.104447841644287,3.5885138511657715,3.895795345306397,4.124168872833252,4.301447868347168,4.450156211853027,22
0.42559572,31.01687964,363.18292381,2.04550292,2.1041404,0.33150768,0.61386657,0.68264866,0.68319464,0.68369317,0.68411756,0.68450022,0.68495131,21
0.3017833,78.0513402,191.48975462,2.14109608,2.43004835,0.50208354,1.26357627,1.69009662,1.75251842,1.76291633,1.77353668,1.78347349,1.79285836,0
0.6123914,154.31455496,83.71642527,2.8,2.8,0.31908512,0.61130166,0.84279585,1.0359397,1.1980178,1.3365712,1.4565692,1.5617037,10
0.67872159,273.4512663,130.27681052,2.35781605,2.29158611,0.12374687,0.19113255,0.25462508,0.31270432,0.37037849,0.42496467,0.47735524,0.5265007,2
0.3610561459134426,5.225483980549808,0.003856571151665,2.581858307168494,2.9884448491250533,1.2598252296447754,4.179160118103027,7.495292663574219,10.185673713684082,11.604154586791992,11.70060920715332,11.704670906066896,11.708162307739258,12
0.3912248533405341,209.411759088626,390.4536178638846,2.1,2.7,0.1628198623657226,0.1933596134185791,0.2258203029632568,0.25240159034729,0.2775518894195556,0.3009254932403564,0.3221299648284912,0.3419594764709472,11
0.59406872,72.09734295,90.5485756,2.8,2.6,0.5083239,1.2421281,1.7316706,1.996269,2.164829,2.293473,2.3961527,2.4847515,20
0.58245711,71.82123505,256.86632415,2.6,2.5,0.36389232,0.74664474,0.9882524,1.1280587,1.2229109,1.295188,1.3535786,1.4006183,10
0.48959096,136.29379797,13.07698831,2.76450413,2.96541157,0.49190807,1.17342114,1.6449213,1.92326164,2.11246252,2.26174021,2.38317871,2.48816109,18
0.63839427,271.67236824,270.52979944,2.6,2.2,0.11578536,0.16269827,0.20800614,0.24826527,0.28788042,0.3259685,0.361588,0.39607286,4
0.91491641,190.18190946,22.62337767,2.4,2.3,0.15683722,0.27476382,0.38781714,0.49612546,0.59876084,0.69645286,0.78807926,0.8755429,15
0.36385507,40.04275657,390.96348522,2.1,2.4,0.31443906,0.52747583,0.5527289,0.5540793,0.55508137,0.55564475,0.556149,0.5566485,21
0.6300325677019685,45.615300039251416,14.687955335685167,2.588857139760932,2.865546550939468,0.6756219863891602,1.8491404056549072,2.6187498569488525,3.0031850337982178,3.2262203693389893,3.38713812828064,3.5149800777435303,3.628063440322876,22
0.41782038,79.24202913,338.54795775,2.9,2.2,0.37194967,0.79908204,1.0353873,1.1185608,1.1615617,1.194958,1.2222054,1.247189,21
0.6165438574897806,0.7258404522870476,0.0170322090291799,2.168234192569506,2.265433886515285,1.2012522220611572,3.957389116287232,6.94721794128418,9.29100513458252,10.587215423583984,10.672639846801758,10.680431365966797,10.686766624450684,12
0.6547159,210.54885864,256.4168396,2.94635487,2.00851488,0.12250352,0.16563272,0.20769167,0.24316955,0.27756715,0.31179023,0.34359384,0.37315345,4
0.99281853,109.72250366,2.9646194,2.26663327,2.33126807,0.21565223,0.40035415,0.57521439,0.73737216,0.88579416,1.02195787,1.14645958,1.26046181,15
0.43117052,183.42816162,253.63772583,2.10055995,2.01442456,0.15379906,0.19934273,0.24173212,0.27889371,0.31350565,0.34480381,0.37293887,0.39904428,4
0.7542168696116124,54.10462721546015,0.0125589475266176,2.788347576448071,2.262072232498665,0.4850573539733886,1.1353540420532229,1.5916619300842283,1.8926477432250977,2.1138010025024414,2.290258884429932,2.438610553741455,2.5663862228393555,18
0.6906940538890021,74.32108928626276,0.0121546564315495,2.879687042697239,2.147142166012184,0.4254083633422851,0.9579246044158936,1.3435492515563965,1.6112666130065918,1.812685489654541,1.977548599243164,2.115715980529785,2.2330617904663086,18
0.5119714415067207,1.7321489273501645,0.4090094912474329,2.27088958,2.40347761,1.2099907398223877,3.969041109085083,6.9750518798828125,9.290610313415527,10.52854824066162,10.62315845489502,10.629464149475098,10.634676933288574,13
0.380349662848052,0.7943595036807005,3.571023383846706,2.885806791962678,2.481698675567773,1.265916347503662,4.197776794433594,7.609589099884033,10.690214157104492,12.570106506347656,12.611530303955078,12.61785888671875,12.623380661010742,14
0.62815905,233.75982998,366.82682608,2.2,2.0,0.08152652,0.10792088,0.13005519,0.13805127,0.15365505,0.16868234,0.1826508,0.19502664,11
0.3,2.6209411291721847,4.870346387921901,2.87015676,2.48570728,1.2462141513824463,4.112800598144531,7.387547492980957,10.257073402404783,12.074097633361816,12.151559829711914,12.15625286102295,12.160357475280762,14
0.4288615,285.522324,277.45418793,2.6,2.7,0.16570687,0.20848608,0.25325775,0.29413176,0.33246493,0.36645317,0.39848018,0.4288094,4
0.64235287,201.9082182,277.18340031,2.7,2.2,0.15497446,0.22440386,0.29408288,0.35758138,0.41626883,0.47049117,0.5202892,0.5672405,4
0.31651923,160.17867087,131.04886306,2.1,2.9,0.34732985,0.6779032,0.8598397,0.95862675,1.0291393,1.0878966,1.1370902,1.1792822,21
0.5756441192159185,78.5119475839004,94.8889932416672,2.4554317982871114,2.5113833553518026,0.4550797939300537,1.076073169708252,1.4824068546295166,1.713365077972412,1.8691000938415527,1.991702556610108,2.0923633575439453,2.175206661224365,20
0.5814776528448069,73.92482417507307,0.1627696278239766,2.151961675427988,2.1477735499677384,0.4788088798522949,1.1311042308807373,1.5369713306427002,1.7781741619110107,1.950897455215454,2.0876052379608154,2.201323747634888,2.2994844913482666,18
0.3427271367297961,3.511963482344321,21.23908014658184,2.76143861,2.79559183,1.2114064693450928,3.974559783935547,7.061367034912109,9.569912910461426,11.055450439453123,11.29517936706543,11.296239852905272,11.297160148620604,14
0.3387760213789195,4.885278103635201,0.0805995385647139,2.3342253584973047,2.0303327859230094,1.1433582305908203,3.6601524353027344,6.253159523010254,8.199819564819336,9.210726737976074,9.318755149841309,9.325459480285645,9.331226348876951,12
0.3695369,157.85464189,364.845084,2.59817291,2.23499746,0.18880916,0.21968532,0.24498534,0.26294994,0.27983522,0.29610682,0.31160736,0.32554054,11
0.81602969,201.22036575,134.97149023,2.1009952,2.58329196,0.14299583,0.23684978,0.32756257,0.41345763,0.49441528,0.57100654,0.64308786,0.71182513,17
0.9993,190.45339038,204.28076533,2.00976254,2.005,0.08552098,0.14012933,0.1887393,0.23280859,0.27838778,0.32100987,0.36219049,0.40200663,3
0.36043039,117.40231323,86.42250824,2.20540094,2.12789202,0.43726325,0.99833965,1.30625057,1.42975378,1.51052141,1.57487559,1.62902093,1.67586207,0
0.3404059562276277,5.544191856853443,0.0169482165686893,2.713437410850516,2.901544519857175,1.2649457454681396,4.188595771789551,7.501938819885254,10.212509155273438,11.701104164123535,11.836377143859863,11.842056274414062,11.84707260131836,12
0.9325755912403024,4.429899606688761,0.561271043038142,2.729530570720149,2.701967635833021,1.0103600025177002,2.8911173343658447,4.228178977966309,4.93153190612793,5.344914436340332,5.646100044250488,5.88054084777832,6.063898086547852,5
0.98359686,230.25202942,360.06155396,2.65787554,2.39348435,0.11344028,0.13641977,0.16461706,0.19187474,0.22332883,0.25244355,0.27757239,0.30357933,11
0.6541282072905132,8.593136961524797,0.1279241804411801,2.6932989110319605,2.822212800502965,1.0830087661743164,3.273219347000122,5.042457580566406,5.961921691894531,6.367372512817383,6.623687744140625,6.821211814880371,6.964221954345703,5
0.3283608,48.71940231,37.56792831,2.63074446,2.00737,0.76547694,2.07174158,2.91226768,3.24397182,3.37414694,3.43192053,3.46609545,3.49408674,23
0.50024255,104.53279957,331.67050235,2.1,2.5,0.20804715,0.28269482,0.33284235,0.37349415,0.40791535,0.4381044,0.46415424,0.4877131,4
0.48469032,203.87527337,236.26687799,2.71999178,2.76602359,0.24137974,0.37597752,0.48289967,0.57584143,0.65771866,0.73075986,0.79664063,0.85549498,17
0.8343452,138.76522662,253.48273287,2.1,2.8,0.14243269,0.20997429,0.27832556,0.33978415,0.39588737,0.4480188,0.49638844,0.54140663,4
0.3255330777228155,253.470900671902,367.027785520334,2.80824119,2.57557551,0.1847445964813232,0.2117249965667724,0.2389829158782959,0.2619059085845947,0.2815887928009033,0.2992022037506103,0.3163657188415527,0.3324537277221679,11
0.50776469,107.59041244,391.39938875,2.28357746,2.22827322,0.18070388,0.2181015,0.25086904,0.27731323,0.29994297,0.32012248,0.33851266,0.35520768,11
0.98562424,122.25521921,150.3566453,2.97088589,2.4813534,0.19789362,0.33897924,0.47619319,0.60227942,0.71847248,0.82535195,0.92431998,1.01571488,17
0.31239194,181.79475403,38.23963547,2.09733915,2.70110798,0.45273876,1.09243369,1.4791472,1.64781404,1.74886107,1.83049202,1.9005847,1.95883155,19
0.43922207,181.44144123,76.33084389,2.0,2.6,0.26252246,0.46123958,0.6093986,0.730371,0.8309951,0.91616225,0.9886825,1.0545261,16
0.68255145,169.93862429,284.90777442,2.2,2.5,0.14133215,0.19501972,0.25052905,0.29923368,0.34434938,0.3863747,0.4251454,0.46111012,4
0.3515028402689844,0.7277249072733882,0.017919240516113,2.4762468585792905,2.7021045732560465,1.2827517986297607,4.3472394943237305,8.026468276977539,11.45639991760254,13.646427154541016,13.68173599243164,13.68781280517578,13.69291877746582,12
0.639962414485906,1.2495099633956317,0.0829167240519508,2.741897183048512,2.410800240987844,1.2315094470977783,3.968304395675659,6.810931205749512,8.839688301086426,9.83310890197754,10.075170516967772,10.097160339355469,10.121459007263184,12
0.30764053,23.61607069,88.72606419,2.00952251,2.51740173,0.86166334,2.56131124,3.90941238,4.46436119,4.52415037,4.52560997,4.52650356,4.52729893,23
0.40425724,39.89547913,383.78029243,2.0,2.0,0.27960038,0.43497777,0.45341825,0.45785618,0.46194816,0.46560144,0.46878862,0.47164106,21
0.6394389,164.29173506,211.33884826,2.71790542,2.92691435,0.25006557,0.41834855,0.56274414,0.68931842,0.80072975,0.90080094,0.99018121,1.07040191,17
0.5764706,91.63724657,306.61506914,2.6,2.5,0.29118872,0.51454735,0.6550734,0.75933456,0.8416598,0.90794945,0.96449876,1.0111248,10
0.66086207,215.23828386,120.46540726,2.34585442,2.45880239,0.17483926,0.28052783,0.38404894,0.4786098,0.56466436,0.64516401,0.71995401,0.78983426,16
0.40952827,86.23580386,26.90087748,2.4,2.4,0.60806227,1.5899689,2.1822045,2.4215338,2.535639,2.62688,2.7034929,2.7668698,0
0.32307276,138.08253479,189.99740601,2.94145274,2.03446054,0.31835079,0.57879591,0.70658565,0.77828741,0.83193183,0.87770605,0.91618633,0.94892025,21
0.56782174,6.46360397,15.26394176,2.6224916,2.27361751,1.10309315,3.20827818,4.86240578,5.71390676,6.030725,6.21841192,6.34969664,6.41484594,6
0.3695110923357564,3.020438599939893,0.019906655187675,2.127845311834296,2.325783713969868,1.1930174827575684,3.938410997390747,6.965621948242188,9.452125549316406,10.848172187805176,10.897245407104492,10.903943061828612,10.909658432006836,12
0.72281444,151.83163452,226.31884766,2.54011726,2.28999758,0.16978097,0.25948334,0.34801316,0.42594671,0.49632502,0.56123114,0.62042284,0.67468286,17
0.77161544,152.11676579,151.53331498,2.9,2.8,0.24615312,0.42443776,0.58992434,0.7381573,0.87076426,0.9914751,1.1008205,1.1999047,17
0.90695876,111.82724762,244.28617859,2.65285206,2.86599517,0.2181797,0.3651309,0.50360942,0.62888217,0.7409873,0.84310842,0.93570852,1.02036071,17
0.9691631507127424,90.09889969043238,0.05524638604272,2.7806727338824064,2.191745349905412,0.2649245262145996,0.5130844116210938,0.7396268844604492,0.9408607482910156,1.118846416473389,1.2770709991455078,1.4177532196044922,1.543352127075195,8
0.77827039,245.60842346,329.77874693,2.6,2.5,0.12266016,0.15709448,0.1920278,0.23142695,0.27167845,0.30626655,0.33849812,0.37060618,4
0.4657442,191.14195251,201.38356018,2.19553375,2.77074695,0.24828577,0.41573119,0.54320884,0.65068722,0.74333954,0.82421732,0.89512563,0.95718718,17
0.416582571964684,77.7095557499867,0.0908973898163166,2.917978802996012,2.839463283893949,0.7391324043273926,2.112922191619873,3.079833984375,3.5310521125793457,3.739635944366455,3.8596205711364746,3.958460330963135,4.042113304138184,22
0.62841389,220.55055934,107.85920123,2.4,2.3,0.17386222,0.2794559,0.3824079,0.47602296,0.56145287,0.640285,0.71304274,0.7812865,16
0.76277373,246.58450918,269.71573658,2.2,2.3,0.09392428,0.1371851,0.17489219,0.20329595,0.23597956,0.2685392,0.29925752,0.32833362,11
0.3963347069126622,3.5017876548139086,0.045065452561481,2.9442027377544555,2.390194140229915,1.235013484954834,4.010932922363281,7.031561851501465,9.405943870544434,10.566320419311523,10.617895126342772,10.62132740020752,10.624208450317385,12
0.73513203,133.29248662,147.38788863,2.15227747,2.88025075,0.24200583,0.43631864,0.60940194,0.76162267,0.89580035,1.0157392,1.12268877,1.2184031,17
0.7519673477680542,2.0433761730116538,0.0070991014332382,2.272450210709735,2.039629745406886,1.0921173095703125,3.256079912185669,4.960866928100586,5.875341415405273,6.316956520080566,6.609487533569336,6.826647758483887,6.983962059020996,5
0.34359228,237.33428086,17.66725144,2.5,2.8,0.36783504,0.7459419,0.99560595,1.1638596,1.2925768,1.3956299,1.484869,1.5631447,9
0.68543137,254.45043289,261.83411369,2.5,2.6,0.1294694,0.18255663,0.23200798,0.2807865,0.3280151,0.37164855,0.41196346,0.4512396,4
0.44408011,203.53677368,9.09642315,2.30944467,2.45755363,0.3235755,0.62929797,0.85370421,1.02686572,1.16729736,1.28356719,1.38215423,1.46877956,9
0.65625424,212.19527349,321.4770186,2.8,2.5,0.15497637,0.21130085,0.26970172,0.32718945,0.37851453,0.4255216,0.4696746,0.51107836,4
0.6829562,34.20546904,9.23868029,2.48981468,2.82165037,0.71119809,1.96253061,2.78083754,3.19292641,3.42873335,3.59955359,3.7353096,3.84858274,22
0.64717673,273.52421664,88.40810722,2.7,2.7,0.18387938,0.28971958,0.39503217,0.49528313,0.58740306,0.67309713,0.7530253,0.8284869,16
0.78047514,250.21790438,114.27068979,2.2,2.8,0.13215947,0.20854878,0.2818563,0.35084486,0.4167273,0.4807799,0.5413029,0.5990493,2
0.61946704,42.23033415,59.39026896,2.9,2.9,0.68786335,1.8727837,2.6816669,3.0737548,3.2743573,3.4112053,3.513484,3.6033344,23
0.91195695,155.2904999,98.25237205,2.1,2.9,0.16196108,0.27171993,0.3803301,0.48181176,0.576298,0.6653049,0.74785876,0.8250954,16
0.47464352,229.27804843,247.75199362,2.9,2.7,0.22991347,0.34370852,0.4401276,0.5247221,0.5995364,0.6673386,0.7289369,0.78544736,17
0.73577931,126.65545512,341.69406919,2.2,2.7,0.15357399,0.2060821,0.259619,0.30372667,0.3444047,0.3819523,0.41605568,0.4472766,4
0.98335067,22.49896756,351.48906447,2.9,2.5,0.3673997,0.77036023,1.0444648,1.2123282,1.3172538,1.3906469,1.443258,1.4815855,10
0.49043221,247.01610819,360.63553435,2.2,2.2,0.10018468,0.12184954,0.14177084,0.14997792,0.1630249,0.17528486,0.18780255,0.19906402,11
0.88618835,287.25527869,290.52157221,2.2,2.6,0.0850153,0.12686872,0.1577754,0.17836308,0.20340085,0.23090649,0.25853848,0.28361702,11
0.4933599493767109,22.55905303573241,5.067683800470659,2.4989628824491787,2.192750422039916,0.8959479331970215,2.557473659515381,3.701924324035645,4.222811698913574,4.467077732086182,4.623941898345947,4.721436500549316,4.795472145080566,22
0.61363089,235.06944275,47.46422195,2.63228607,2.73987341,0.22947621,0.38949037,0.53876138,0.67406917,0.79560947,0.90725303,1.00894594,1.10241914,16
0.5605941,65.72999503,388.72781637,2.1,2.7,0.224828,0.30224323,0.33729672,0.36439395,0.38671517,0.405555,0.4219818,0.43626404,4
0.5992010607707438,56.88833623418903,0.0171504391069592,2.6566054606924325,2.2317881085232285,0.5713014602661133,1.4376492500305176,1.982881546020508,2.2812132835388184,2.47564697265625,2.63185977935791,2.7552690505981445,2.8645687103271484,18
0.6584627,252.04705158,305.85349991,2.4,2.5,0.11487746,0.15505314,0.19261408,0.2241764,0.25697923,0.28847146,0.31711125,0.34497714,11
0.5918352260117403,238.72695785573995,0.0040607654818471,2.216122915186545,2.7660590089970603,0.22998046875,0.4052810668945312,0.5681235790252686,0.7140607833862305,0.8463718891143799,0.966402530670166,1.0760047435760498,1.1762316226959229,15
0.4245461199395908,19.57903973308306,0.0137458645534987,2.9566040916811422,2.6753666196418933,1.0716800689697266,3.2551474571228027,5.120574951171875,6.104567527770996,6.458769798278809,6.646435737609863,6.787720680236816,6.8965559005737305,5
0.30493629,67.09579008,395.76200748,2.8,2.7,0.40858078,0.883795,1.1176085,1.1342719,1.136967,1.1397507,1.1421404,1.1444459,21
0.9292328,198.72736986,137.19383601,2.5,2.3,0.13486433,0.22490048,0.30984592,0.39141583,0.47029495,0.5451689,0.61667895,0.6844013,2
0.59502475,288.06818204,141.8762918,2.3,2.7,0.13966179,0.2046566,0.26914477,0.3274052,0.38325047,0.4362445,0.48604512,0.53325677,2
0.51595229,243.35117324,102.60748082,2.4,2.6,0.2043457,0.32267833,0.43367386,0.5307913,0.61856985,0.69893503,0.7726493,0.8399515,16
0.3,300.0,350.467876007098,2.8,2.8,0.1904940605163574,0.2164714336395263,0.2472515106201172,0.2729735374450683,0.2922842502593994,0.3128128051757812,0.3314058780670166,0.3491194248199463,11
0.37933373,252.87532043,260.88995361,2.43621159,2.45637822,0.18288922,0.23600292,0.28747606,0.33067822,0.37032056,0.40667653,0.43973684,0.4705534,4
0.3520500342452772,160.05250080947962,359.74403165296377,2.51885533,2.76600337,0.2706561088562011,0.425194501876831,0.4972174167633056,0.5559787750244141,0.6045827865600586,0.6466655731201172,0.6842849254608154,0.7174568176269531,17
0.35413818,100.22896177,83.30455098,2.4,2.5,0.54995775,1.4018214,1.913732,2.0916057,2.1674867,2.2273002,2.2797155,2.3278108,0
0.568802,121.34433746,148.30641174,2.33903265,2.41330028,0.2985003,0.55982399,0.75129652,0.90186954,1.02263379,1.12177539,1.20630169,1.27882314,10
0.88160735,186.60501099,0.78742665,2.5344882,2.65018296,0.197752,0.34823203,0.49381232,0.6327467,0.76225877,0.88343406,0.99633026,1.10271192,15
0.72827023,195.21728861,231.58869426,2.99671563,2.49412702,0.16589642,0.24510384,0.32493138,0.39945507,0.46835446,0.53093362,0.58964777,0.64446616,3
0.7351473582851373,13.019012654766938,0.0134210066865107,2.2415656651717386,2.384242185758418,0.8624494075775146,2.402404308319092,3.4018445014953613,3.885937213897705,4.146234035491943,4.31884241104126,4.452564716339111,4.557633876800537,22
0.7314298778475333,80.01386971507777,16.077177933798072,2.6,2.2,0.3749942779541015,0.8014528751373291,1.1252930164337158,1.3707952499389648,1.5642993450164795,1.7235515117645264,1.8594458103179927,1.975103616714477,9
0.5951800542379154,5.334737946903542,0.7969313788017018,2.3705474694334683,2.6691442723387144,1.1420762538909912,3.561734914779663,5.725767135620117,6.96197509765625,7.45367431640625,7.64240837097168,7.785014152526855,7.884936332702637,5
0.37856649,235.76039,268.19300202,2.1,2.1,0.1311624,0.15855265,0.1847763,0.20727158,0.22966933,0.2503388,0.26942658,0.2879634,11
0.66788137,212.40652466,303.66323853,2.00441313,2.24882889,0.10116649,0.13999939,0.17668152,0.20508194,0.23655152,0.26690841,0.29469299,0.32108045,11
0.8242218209727908,17.8404425507381,0.7882632180845719,2.921194949327383,2.700361052334729,0.787785530090332,2.1436076164245605,3.0454673767089844,3.5433921813964844,3.8468151092529297,4.070856094360352,4.244713306427002,4.396076202392578,22
0.83698201,19.20939064,16.70900536,2.07881069,2.45582128,0.668046,1.7228868,2.35685468,2.68956399,2.89758277,3.0542872,3.18354583,3.2832911,22
0.3,115.50748817096544,400.0,2.0,2.0,0.1765329837799072,0.1911687850952148,0.2001893520355224,0.2071578502655029,0.2141323089599609,0.2204859256744384,0.2261316776275634,0.2314579486846923,11
0.841633047266938,113.00592274624806,0.0506254680820202,2.759420106174086,2.703114329435373,0.3185348510742187,0.6252830028533936,0.8929672241210938,1.1257634162902832,1.3271608352661133,1.5029869079589844,1.6570773124694824,1.793755054473877,8
0.38406611,172.54479462,285.12544552,2.7,2.9,0.29399896,0.48635197,0.5922463,0.6738286,0.74201894,0.79991484,0.85087395,0.89491034,17
0.87302687,281.91158487,87.78995605,2.1,2.3,0.09633184,0.1602838,0.21612024,0.26659226,0.3209827,0.37303162,0.4231341,0.47147012,2
0.45412914,156.98480973,356.40516103,2.36372604,2.68131715,0.21375012,0.29418254,0.35370636,0.40367579,0.4477613,0.48725128,0.52282047,0.5546267,4
0.3651668819012443,17.526656297763154,0.0418026784243778,2.7536448794800616,2.5290089567998786,1.1019999980926514,3.411630630493164,5.507883071899414,6.720131874084473,7.12263298034668,7.24095344543457,7.324252128601074,7.381479263305664,5
0.8685976498514698,2.436502053726943,0.0770228612877149,2.4073786229633214,2.900198378319093,1.1375603675842283,3.4715192317962646,5.401206970214844,6.445188522338867,6.950756072998047,7.267017364501953,7.515161514282227,7.702654838562012,5
0.52113052,214.92246466,314.12599038,2.8,2.9,0.1996634,0.26989794,0.33952498,0.40047598,0.4541204,0.50384665,0.54945993,0.59149003,4
0.89213938,12.28619576,22.85512352,2.82634449,2.37309742,0.75897288,1.98202109,2.76401258,3.19716811,3.46976304,3.66696191,3.81361604,3.94068599,23
0.40988508,158.67741394,36.07679367,2.23549438,2.17152023,0.35401511,0.7209723,0.95845747,1.11506724,1.23426127,1.33128953,1.41488361,1.48499441,9
0.44656358,44.57824079,17.19831241,2.8,2.8,0.86404896,2.4798079,3.667193,4.2242055,4.4455056,4.5493298,4.615431,4.6712465,22
0.9369237083781532,5.57860819207123,0.1065496514730634,2.8687999022494868,2.2152389245409374,0.8956799507141113,2.391096353530884,3.361541509628296,3.9153144359588623,4.277537345886231,4.55345630645752,4.765254020690918,4.931434631347656,22
0.52474031,226.50412709,292.67785343,2.8,2.1,0.15442777,0.21175289,0.2709031,0.32325745,0.3714316,0.4162426,0.4576261,0.49648738,4
0.48564851,82.64613297,260.21445877,2.3,2.3,0.3204739,0.59993935,0.75453854,0.84483624,0.90966177,0.9621582,1.0033131,1.0364678,21
0.9094516930304134,198.53252566683537,334.39798810949327,2.52222776,2.0196774,0.0870490074157714,0.1227045059204101,0.1484360694885254,0.1673836708068847,0.1925117969512939,0.2170619964599609,0.2401387691497802,0.2615699768066406,11
0.58667529,28.84380531,27.32523727,2.48178601,2.82792568,0.82488084,2.36195898,3.43427753,3.92399263,4.1312089,4.24607944,4.33429956,4.39917278,23
0.31267464,23.72857666,42.53804398,2.74810028,2.99142337,1.07527852,3.26684141,5.28304672,6.51447487,6.86042881,6.91696453,6.9450016,6.95429802,7
0.98217713,12.71727833,328.65776092,2.7,2.0,0.39633822,0.8949878,1.2077503,1.3394222,1.3865368,1.4082139,1.4225931,1.4332893,1
0.71512544,55.83435697,238.73219676,2.17701766,2.68075593,0.3481462,0.71717548,0.96864843,1.13557935,1.25508571,1.34804964,1.4217937,1.48246694,10
0.7386764455911117,1.9735057373368377,0.018679099683623,2.923175379776369,2.0128932830371298,1.120253086090088,3.3459415435791016,5.148209095001221,6.1452460289001465,6.645383358001709,7.0103678703308105,7.336798191070557,7.62581205368042,5
0.6755625456408677,2.008768893383866,14.49165852180845,2.9,2.9,1.2184762954711914,3.892638683319092,6.551469326019287,8.330781936645508,9.101522445678713,9.331714630126951,9.447023391723633,9.561979293823242,14
0.4105365718635074,40.34206134106212,397.8598112505264,2.3,2.9,0.4200003147125244,1.006155014038086,1.3495326042175293,1.4041502475738523,1.405479907989502,1.4061708450317385,1.406677484512329,1.4071366786956787,1
0.58030414,144.09941572,297.19941861,2.8,2.3,0.22172475,0.34749222,0.45069766,0.53845716,0.6159427,0.6837666,0.74409604,0.7981124,17
0.3,120.29489031095444,400.0,2.2,2.6,0.2699861526489258,0.4234647750854492,0.4707698822021484,0.5021822452545166,0.529137134552002,0.5523831844329834,0.5724353790283203,0.5899975299835205,21
0.94538724,13.105093,15.72313213,2.52705908,2.83359623,0.75140047,2.0075736,2.82260704,3.26823187,3.54864883,3.75650549,3.91948605,4.05681562,22
0.68545086,120.32476707,268.00858713,2.005,2.53151387,0.19334626,0.30745482,0.40967393,0.49834061,0.57652783,0.64594579,0.70799279,0.76323938,17
0.4641177,224.33720341,57.99590695,2.2,2.4,0.23151731,0.38994312,0.5225234,0.6365845,0.7359295,0.8239279,0.9019041,0.9732034,16
0.822716503900607,2.4080742019106016,0.0044928114440652,2.607752494628361,2.044474605097206,1.0596935749053955,3.029411554336548,4.439347267150879,5.180367469787598,5.63565731048584,6.001774787902832,6.2748565673828125,6.493314743041992,5
0.3077507818881799,113.99476631086432,400.0,2.7924646,2.09911404,0.216231107711792,0.2555732727050781,0.2703709602355957,0.2783567905426025,0.2862837314605713,0.294459581375122,0.3019890785217285,0.308880090713501,11
0.4227464525602709,11.252599028383797,0.4203984793048672,2.0286539559420613,2.43315030279684,1.0771160125732422,3.389904022216797,5.501961708068848,6.714847087860107,7.120752811431885,7.189071178436279,7.228518962860107,7.259896755218506,5
0.6395142273259891,300.0,342.08551882743217,2.8,2.6,0.143599271774292,0.1494295597076416,0.1714212894439697,0.2081537246704101,0.2403404712677002,0.2650158405303955,0.2904794216156006,0.3143272399902344,11
0.30548679,265.608278,209.49669741,2.74641653,2.97341073,0.29447269,0.48565459,0.59702611,0.68785071,0.76455021,0.83015537,0.8881197,0.93920016,17
0.52991055,103.9669048,376.79820647,2.5,2.1,0.21471429,0.30602813,0.36864424,0.4202304,0.46367836,0.50185037,0.5345869,0.56364274,4
0.3462212637078372,83.88778253720132,0.0077772465594486,2.628317831664277,2.508691559012197,0.7280974388122559,2.0672574043273926,2.975113868713379,3.366626739501953,3.527308940887451,3.615111351013184,3.6920700073242174,3.757937431335449,22
0.86585551,185.54287907,368.47824039,2.3,2.9,0.12193775,0.14860344,0.18267608,0.20847225,0.23778892,0.2651,0.28896856,0.3136077,11
0.811114659082363,0.9363442285859256,265.9271652787779,2.678094213012476,2.082312818634841,0.5691587924957275,1.54052734375,2.126861572265625,2.1933465003967285,2.193793296813965,2.193857192993164,2.1952662467956543,2.1952672004699707,1
0.66178417,180.43042148,374.97057138,2.3,2.0,0.10041785,0.12907481,0.1561768,0.17449188,0.19575596,0.21585107,0.23535204,0.25360155,11
0.38763537,157.09209737,326.80588379,2.17661193,2.2809193,0.19293833,0.24582219,0.28856635,0.32306623,0.35375261,0.38078523,0.40485859,0.42725015,4
0.9667397147973796,1.8267199405780423,0.0060785097105461,2.892410368091205,2.643729706985748,1.135267734527588,3.329345226287842,5.005312919616699,5.900654315948486,6.425523281097412,6.852454662322998,7.207027912139893,7.467199802398682,5
0.4657401924734053,20.885182645496624,6.087764807880874,2.6224916,2.27361751,0.9468870162963868,2.7524490356445312,4.076745510101318,4.684718608856201,4.952075958251953,5.110381603240967,5.225157260894775,5.30389928817749,6
0.7232804132382306,0.7663195489347819,0.0415319858432449,2.4366063077759814,2.974454201999679,1.2722444534301758,4.213928699493408,7.442652225494385,9.843250274658203,11.085090637207031,11.289989471435549,11.305248260498049,11.317893981933594,12
0.96351759,35.85293322,385.6235973,2.2,2.5,0.21816611,0.3338809,0.41470337,0.47656298,0.52538776,0.5649829,0.5954144,0.62044835,17
0.48455375,13.10584689,3.99382657,2.5,2.9,1.1224022,3.2926817,5.0521464,5.983935,6.343906,6.544955,6.703913,6.792724,6
0.3785797288899884,31.907142089111964,0.0282363763510051,2.182371219408549,2.95300306732,0.9805088043212892,3.055738925933838,4.842343807220459,5.761128902435303,6.025261402130127,6.101883411407471,6.158588886260986,6.202928066253662,5
0.3722786519708915,197.37156955045785,0.0690139935065938,2.6806004425005368,2.148020313003825,0.3540031909942627,0.7341742515563965,0.9893789291381836,1.1617724895477295,1.294395923614502,1.4005951881408691,1.4940595626831057,1.5733966827392578,8
0.7868776412865416,1.2557362360036917,0.6776570050888588,2.635584425633512,2.146836040533372,1.1566131114959717,3.5291337966918945,5.575377941131592,6.747960567474365,7.305859088897705,7.644237995147705,7.90747594833374,8.140056610107422,5
0.4587181102086735,20.997651237741334,0.1389070521679553,2.3147580063350306,2.6849235018306805,0.9989514350891112,3.02695894241333,4.654492378234863,5.440517902374268,5.710135459899902,5.832054138183594,5.921363830566406,5.990443229675293,5
0.7069351,147.13188142,44.23604144,2.5,2.9,0.28375125,0.53158236,0.744637,0.9299724,1.0915391,1.2328587,1.3577809,1.4684491,9
0.56591517,77.11668004,319.62327445,2.01770651,2.07827046,0.21779871,0.32489419,0.39263344,0.44661045,0.48992825,0.52617335,0.55693388,0.583184,4
0.6592591410106761,1.0136842061088005,155.49875051659896,2.9653867504461857,2.627778500407476,0.8781158924102783,2.6722564697265625,4.2643656730651855,5.104497909545898,5.261704444885254,5.288196563720703,5.288382530212402,5.288396835327148,7
0.6156768393849007,5.38508606865764,0.0154470384868035,2.000383943325095,2.2455927674039824,1.063068389892578,3.225058078765869,4.959980487823486,5.845057010650635,6.188246250152588,6.368200778961182,6.476668834686279,6.564335346221924,5
0.33285177,243.10165399,98.84062318,2.6,2.3,0.29859734,0.5393696,0.696862,0.81658053,0.91405654,0.9971676,1.0672805,1.1285918,10
0.6265241939522326,15.14995024238007,1.4344351669709874,2.234550757413092,2.040815305560435,0.8476135730743408,2.312131404876709,3.2338509559631348,3.6733956336975098,3.909048557281494,4.0552659034729,4.176486968994141,4.264867305755615,22
0.97599454,229.65110045,85.71754927,2.28336373,2.00378248,0.10122871,0.17188382,0.23464131,0.29416323,0.35560536,0.41372514,0.47025776,0.524652,2
0.8917912,88.62858587,242.53968302,2.0,2.0,0.15057921,0.24120712,0.3267343,0.4024589,0.46998715,0.5303762,0.58569,0.6349306,3
0.64890552,226.39880371,2.04119468,2.02318907,2.19072604,0.16628957,0.28593087,0.39909649,0.50405717,0.60036397,0.68993998,0.7728169,0.85024261,15
0.3129581733205335,122.0821420023372,380.8388391270012,2.3,2.4,0.2535569667816162,0.369884729385376,0.4080452919006347,0.4381036758422851,0.4633679389953613,0.4853909015655517,0.5046236515045166,0.5216302871704102,21
0.89795832,126.70637729,100.16233637,2.2,2.5,0.19035506,0.33161187,0.46680284,0.5902922,0.70367336,0.8070791,0.90217304,0.99013615,16
0.85341241,97.3183453,355.11355392,2.8,2.6,0.20483112,0.31448412,0.41493487,0.50357723,0.5816009,0.6513243,0.71422124,0.77135825,17
0.7974604277250528,8.888919099069327,0.0033600174372384,2.081960246382073,2.6057934821797284,0.9076189994812012,2.593431234359741,3.726646661758423,4.266213417053223,4.542038917541504,4.726877212524414,4.859214782714844,4.977641105651856,22
0.678282086772,8.165083680069793,0.0749349404666691,2.7307706349480485,2.510576792172784,1.0442748069763184,3.062462568283081,4.577518463134766,5.33991813659668,5.72756290435791,5.996501922607422,6.198326110839844,6.349545478820801,5
1.0,177.43177143,279.24579768,2.0,2.84197685,0.11222863,0.18020344,0.24312425,0.30452752,0.36405206,0.42095542,0.47487855,0.52674365,4
0.84064788,19.68689728,48.11153412,2.29997301,2.20230603,0.60604143,1.49926424,2.04615903,2.33896184,2.52818513,2.66708207,2.77854896,2.87773204,19
0.4640818249840445,10.125609881300612,130.26692888808208,2.782372,2.112077,0.747063398361206,2.134718418121338,3.108945369720459,3.466893196105957,3.563903331756592,3.57901382446289,3.580513000488281,3.582913875579834,23
0.35016748,84.74676337,253.4957268,2.86193284,2.26607211,0.40219522,0.85858202,1.08741832,1.14347482,1.17306018,1.19770312,1.21880651,1.23819089,21
0.89102939,92.58336923,369.22422786,2.6,2.6,0.18337798,0.26972604,0.35210156,0.42384648,0.48787713,0.5450182,0.5965409,0.64331555,4
0.33622928,267.88023139,357.54238064,2.9,2.4,0.18548632,0.221457,0.25675654,0.28804517,0.31541276,0.34037852,0.36436868,0.38622117,4
0.68020945,297.93286941,143.00619316,2.8,2.4,0.14239407,0.21791816,0.2893417,0.36253166,0.4317112,0.4958272,0.55683565,0.6148238,2
0.6008710078530973,0.7676921393358527,0.0160172730529175,2.180597571976366,2.485388085937349,1.2206246852874756,4.061870574951172,7.233102798461914,9.82067584991455,11.289565086364746,11.361276626586914,11.370805740356444,11.37863826751709,12
0.58378843,75.35338985,304.12491616,2.83529559,2.00500004,0.24257112,0.37690139,0.45619416,0.51698351,0.56539536,0.60487151,0.63989854,0.66932988,17
0.53006612,206.05673578,16.43475569,2.7,2.4,0.29442072,0.55317926,0.7624066,0.9395678,1.0903583,1.2210114,1.3343697,1.4349475,9
0.6700263236919658,0.7430090545071371,0.0032472200358213,2.319988287191212,2.1677697863262764,1.190906047821045,3.843101501464844,6.584790229797363,8.601397514343262,9.52034854888916,9.583453178405762,9.595659255981444,9.607935905456545,12
0.98847507,269.06445556,195.09078261,2.1,2.9,0.09860182,0.14893699,0.19079757,0.22779512,0.26828623,0.31209254,0.35237384,0.39027047,3
0.7808904040339787,25.061623779777417,0.0275122769996217,2.0839040971968403,2.063435494815876,0.6078042984008789,1.5065348148345947,2.044480562210083,2.3462283611297607,2.551829099655152,2.7137134075164795,2.845375299453736,2.9548909664154053,18
0.39176361,23.84548969,14.49391655,2.43230412,2.8100564,1.00464487,3.10322404,4.90605259,5.85414219,6.12860966,6.22369766,6.27800369,6.31715775,6
0.86528038,184.75859779,303.88331033,2.8,2.5,0.14350224,0.21062279,0.27559733,0.34367776,0.4050579,0.46207714,0.5154424,0.5663564,4
0.62366759,35.71908688,102.5057271,2.7,2.8,0.6520035,1.7473378,2.475751,2.8057623,2.9643745,3.060268,3.1396627,3.2072258,23
0.7870267651408988,0.7757067074216337,0.0093982609389088,2.2886596926358704,2.1661539092236435,1.1692454814910889,3.684239625930786,6.037108421325684,7.529138565063477,8.188407897949219,8.44376277923584,8.609091758728027,8.733014106750488,12
0.70977852,165.20600013,309.88410657,2.11694471,2.10224911,0.10666919,0.1471014,0.18315172,0.2142396,0.24548125,0.2744472,0.30154467,0.32719684,11
0.64153314,17.92370605,117.15705872,2.74173689,2.08029461,0.65015364,1.69910407,2.33429313,2.59492278,2.6997807,2.74830365,2.78197169,2.81088328,0
0.88734305,184.0227688,5.41385161,2.3,2.8,0.17990685,0.31476283,0.44714785,0.5711241,0.68756676,0.797488,0.89958525,0.996104,15
0.61738747,30.18039131,191.01512146,2.50600624,2.07415771,0.47550035,1.12262869,1.48303556,1.60229778,1.64888,1.68197346,1.70909834,1.73167515,0
0.4573587321935192,70.84560953598444,0.0120174591949784,2.53997899392582,2.5515008589799333,0.6729156970977783,1.8456063270568848,2.5984444618225098,2.9392457008361816,3.112355232238769,3.23628568649292,3.332707405090332,3.418775081634521,22
0.59280853,32.40522501,95.14307436,2.7,2.7,0.69847417,1.9260089,2.7529652,3.11292,3.2635128,3.3496463,3.4144466,3.4682844,23
0.68020872,177.38035681,265.72640403,2.7,2.0,0.15391779,0.23212051,0.31085658,0.38202977,0.44727206,0.50704455,0.5629275,0.6151128,4
1.0,121.21810913,400.0,2.0,2.0,0.07892799,0.10900259,0.12978315,0.14428592,0.16266656,0.17899704,0.19376206,0.20821953,11
0.304068,151.32258212,89.64177258,2.21014466,2.79740071,0.4900558,1.2406075,1.70051003,1.85880947,1.9322443,1.99226189,2.0448494,2.08840561,0
0.85221616,38.77849998,295.41081541,2.6,2.8,0.34622717,0.6923654,0.9275913,1.0869491,1.1987326,1.2831178,1.3500042,1.4026937,10
1.0,253.4724574,285.30413967,2.0,2.0,0.06176901,0.09796357,0.12671804,0.14649081,0.1713109,0.1936934,0.21574068,0.23851967,11
0.32918413,272.19816031,196.00788284,2.9,2.6,0.26824355,0.42650032,0.5290928,0.6170671,0.6933634,0.76109266,0.8199408,0.87264395,17
0.56089073,261.41635132,298.27688599,2.7656033,2.95127487,0.17664552,0.23370934,0.3002708,0.36091709,0.41388035,0.46514082,0.51216698,0.55673933,4
0.89838833,67.42102051,391.75646973,2.08651137,2.20880222,0.14924121,0.2024374,0.2529006,0.29518127,0.33314443,0.36641717,0.39578748,0.4216094,4
0.55713982,244.8960805,300.60840916,2.8,2.8,0.17066026,0.2252984,0.28595638,0.34255147,0.3919506,0.438205,0.48112082,0.52149177,4
0.55866131,176.7999755,144.71781104,2.5,2.6,0.24982381,0.42677236,0.57306576,0.6985986,0.8082161,0.90518093,0.99015737,1.0668042,17
0.63753238,228.6078091,79.45841816,2.83885215,2.0,0.15815759,0.24873447,0.3380053,0.42091298,0.49722004,0.56834698,0.63445878,0.69641399,16
0.54643362,275.08072786,153.89784882,2.8,2.7,0.19499159,0.29256248,0.38929105,0.47828388,0.5582061,0.6326759,0.7015979,0.76596284,17
0.3181344463586854,9.06552618961469,18.601198440279497,2.41707548,2.9728992,1.1609015464782717,3.811476469039917,6.679039001464844,8.873845100402832,9.895797729492188,9.984746932983398,9.98575496673584,9.986815452575684,14
0.38159747,48.27396832,80.36295623,2.4,2.9,0.73794556,2.043076,2.9413967,3.3044086,3.4256287,3.472774,3.5040708,3.5332503,23
0.56396411,17.39793735,171.42450659,2.25655656,2.72290888,0.69915819,1.98666644,2.89565492,3.20567155,3.23919225,3.24048972,3.24320245,3.24611878,0
0.3948288152905599,0.9305856116655898,0.0210285638869093,2.1546913129622944,2.637955673346025,1.2452538013458252,4.227677345275879,7.769389152526855,11.016754150390623,13.23874855041504,13.304945945739746,13.31131076812744,13.316657066345217,12
0.69062769,282.42935181,8.48473835,2.13566422,2.42665148,0.14201045,0.23675728,0.32828903,0.41410923,0.49661446,0.57510257,0.64884067,0.71922779,15
0.3587026119523936,1.0342443481976134,0.9462724662534612,2.3833447935200684,2.851942583676867,1.2787420749664309,4.331064224243164,8.002517700195312,11.415099143981934,13.575145721435549,13.624703407287598,13.63107204437256,13.636502265930176,13
0.9908067,230.74002075,378.81057739,2.22826862,2.28239822,0.07275057,0.10847688,0.1374886,0.14959288,0.1681807,0.18801427,0.20870233,0.22682357,11
0.66833256,108.57241266,199.39752695,2.51393938,2.09220451,0.22018456,0.36677933,0.48758507,0.58981609,0.67705512,0.75331497,0.82016659,0.87892413,17
0.32686791,25.32400919,1.61613969,2.2,2.4,1.0347083,3.0094435,4.5453825,5.2717505,5.485401,5.573613,5.6308613,5.6623497,5
0.74122283,254.93728572,322.70878664,2.5,2.8,0.13746905,0.15989685,0.19347787,0.23330402,0.27311587,0.30556774,0.33692026,0.3677771,4
0.5242669692485893,116.1439603285365,36.289425762918384,2.011074330496845,2.9418463842758014,0.4345552921295166,1.041473150253296,1.4499282836914062,1.7002525329589844,1.878380298614502,2.021003246307373,2.137770175933838,2.2396602630615234,19
0.95241559,130.3115387,7.54168224,2.26395965,2.54042149,0.21129465,0.38665915,0.55421257,0.71057439,0.8548677,0.98804092,1.11039257,1.22362161,15
0.3461450759245912,223.8274280852688,350.6611278218048,2.53740048,2.01497841,0.1258175373077392,0.1397414207458496,0.1520586013793945,0.1574046611785888,0.1674771308898925,0.175682783126831,0.1840033531188964,0.1911206245422363,11
0.39838936,219.553012,337.47907952,2.5,2.7,0.18807149,0.23159528,0.2717831,0.3053453,0.33743358,0.36554432,0.39153433,0.41600657,4
0.34594317,286.94692713,157.39725694,2.1,2.1,0.14902759,0.19588184,0.240942,0.28088164,0.31865835,0.35293007,0.3849728,0.41486502,2
0.97246456,63.91100311,102.83302307,2.84709454,2.51204252,0.3159349,0.62678361,0.89003897,1.11350369,1.30238938,1.4633534,1.60268283,1.72344089,10
0.4952125,285.5327817,30.30070584,2.9,2.7,0.25656962,0.435539,0.5929127,0.73278666,0.8571768,0.9697418,1.0714657,1.1641145,15
0.46803239,212.76769599,117.40575183,2.8,2.3,0.26702642,0.47075033,0.63021636,0.7640767,0.87882495,0.9789779,1.0670695,1.1445701,16
1.0,69.2891429,122.66176096,2.0,2.0,0.19845176,0.36318374,0.51275635,0.64526629,0.76339889,0.86867952,0.96273875,1.04688692,16
0.5869398336261488,85.37881247897154,37.74135535797341,2.826566276319772,2.7133234063189264,0.5109908580780029,1.2506282329559326,1.7563097476959229,2.051209211349488,2.2494595050811768,2.407160520553589,2.5340850353240967,2.6455724239349365,19
0.95898375,26.88649141,178.53737331,2.3,2.6,0.38816428,0.83623457,1.155421,1.3686731,1.5200732,1.6348684,1.7263758,1.8018019,10
0.7858074211403301,35.384319270322614,0.0080582966327701,2.3702331227834126,2.867389819135977,0.6246910095214844,1.6243455410003662,2.2751076221466064,2.646894693374634,2.893950700759888,3.08476996421814,3.243240594863892,3.380348920822144,18
0.30497623,100.77348134,379.46231961,2.31785193,2.110307,0.23250175,0.29036427,0.30362415,0.31602049,0.32702374,0.33678389,0.34544539,0.35280704,11
0.9793496262497562,5.441474643217954,1.0174415843185944,2.6067444706704066,2.947439404396775,0.951152801513672,2.7205278873443604,3.961215257644653,4.621349334716797,5.001585006713867,5.279088020324707,5.49027156829834,5.652706146240234,5
0.56958511,78.67574051,313.97629256,2.30851119,2.98233627,0.34395695,0.69398046,0.91512227,1.04927659,1.14379191,1.2159214,1.27397561,1.32230353,10
0.66939,64.81829,1.083558,2.5,2.0,0.44525218,1.00344086,1.380615,1.6225853,1.80188179,1.94935799,2.06968832,2.17114544,18
0.3241043241961774,3.4222403242746,0.0095054933629268,2.1171441461804266,2.039028516654763,1.14900541305542,3.73652720451355,6.49339771270752,8.701851844787598,10.01129913330078,10.088350296020508,10.09365463256836,10.09819507598877,12
0.8256298548886772,48.61092903869227,0.0038492470382472,2.627246752674236,2.7786232597966767,0.5255007743835449,1.2573440074920654,1.7753162384033203,2.11934757232666,2.3720149993896484,2.573382377624512,2.740973949432373,2.8844475746154785,18
0.93453944,64.50048043,384.42709582,2.9,2.3,0.21670723,0.35197258,0.46760464,0.5661981,0.6517334,0.7258291,0.79022956,0.8475914,17
0.68301253,221.19686074,349.91133306,2.8,2.1,0.11601377,0.15934062,0.20172119,0.2399404,0.2768364,0.31190085,0.3450272,0.37632465,4
0.3347521399421382,13.925754741559162,13.379716404966604,2.56599045,2.01402553,1.020594596862793,3.0867788791656494,4.885860443115234,5.868770599365234,6.159981727600098,6.236600875854492,6.283245086669922,6.308467864990234,6
0.78399455,10.20805771,236.30564403,2.4,2.5,0.56560254,1.4615414,2.0104704,2.1586738,2.1628437,2.1628547,2.162888,2.162898,1
0.716462480025877,5.511635227584315,62.98810018515172,2.12031698,2.83082151,0.9352681636810304,2.869011163711548,4.437625885009766,5.208569526672363,5.435690879821777,5.517374038696289,5.548803329467773,5.565960884094238,7
0.69393164,11.55933952,0.98495799,2.41055751,2.1329329,0.91654038,2.46866822,3.45114303,3.93436551,4.20116329,4.37290001,4.48446941,4.57342434,22
0.85579627,51.21622527,275.9131087,2.6,2.9,0.31802654,0.61264396,0.8250108,0.9868083,1.1124125,1.2120848,1.2920938,1.3606734,10
0.34855844,199.23236495,316.543292,2.6,2.5,0.22996783,0.31719065,0.3708582,0.41639638,0.45744514,0.49365783,0.5261233,0.55621743,4
0.60180819,58.18968441,157.11335173,2.9,2.8,0.52433705,1.3046627,1.8333864,2.0932803,2.2368555,2.3388805,2.4210992,2.491197,20
0.44136733,260.08270264,284.32962036,2.90358114,2.00262356,0.11852074,0.14402246,0.16750526,0.18342757,0.19931531,0.21720147,0.23364282,0.24845481,11
0.6267982284603731,128.23843330379552,0.0092520519056806,2.1829284723571534,2.123822484901508,0.3016061782836914,0.5946288108825684,0.8290436267852783,1.0193989276885986,1.1762635707855225,1.3101806640625,1.425612449645996,1.5259647369384766,8
0.3413552,213.76588039,88.05112388,2.4,2.1,0.30231118,0.55900145,0.7268605,0.8483772,0.94390535,1.0231259,1.0895813,1.1493115,10
0.46247518,38.00419023,17.64994936,2.42517987,2.60956549,0.84656167,2.40868115,3.5045321,3.97921252,4.16252518,4.24464893,4.30058098,4.34829617,22
0.36465018,211.73784335,20.61473969,2.4,2.7,0.3667388,0.74977636,1.0019424,1.1719315,1.2993424,1.4059947,1.4946258,1.5696561,9
0.3863033711391074,12.268258949224588,31.429279333497004,2.87462162,2.21045007,1.0080103874206543,3.0470776557922363,4.78420877456665,5.710948467254639,5.978884220123291,6.066132068634033,6.138425350189209,6.174044132232666,7
0.43376181,125.06417154,49.00914234,2.8,2.6,0.5058212,1.245661,1.7295396,1.968301,2.113034,2.2261593,2.3224185,2.4029067,19
0.80596669,4.39355874,81.57400457,2.8,2.1,0.9043851,2.6724823,4.025447,4.6459208,4.8195133,4.862715,4.869089,4.873252,23
0.3551124882473847,300.0,220.8744613449464,2.9,2.3,0.1677074432373047,0.2096633911132812,0.254533052444458,0.2894394397735595,0.3244092464447021,0.3560760021209717,0.385101318359375,0.4131019115447998,3
0.86365784,191.48082563,156.6988606,2.6,2.2,0.14466262,0.23724103,0.3267548,0.4119346,0.49242854,0.56815004,0.640141,0.7079699,17
0.89488745,169.85838713,394.84327154,2.7,2.6,0.13506627,0.17594624,0.21824288,0.26618814,0.30849147,0.34660506,0.38338757,0.41745257,4
0.98590727,187.10149963,393.78532065,2.8,2.0,0.09130955,0.1346891,0.1719706,0.20606613,0.24050999,0.27416396,0.3055508,0.33598852,11
0.97239056,70.41759456,322.10307154,2.7696063,2.34286655,0.19492126,0.30567288,0.40788555,0.49403191,0.57007217,0.6369698,0.69613242,0.74856544,17
0.89140704,163.94037973,22.17924345,2.1,2.6,0.17040491,0.29800773,0.4210844,0.5380032,0.6472106,0.7492502,0.8444853,0.93384695,15
0.8294379,143.13036939,332.86813157,2.80364334,2.20632757,0.13214326,0.18129969,0.23091865,0.27336454,0.31290269,0.35104513,0.38609815,0.41841507,4
0.66710907,155.91294861,164.47029114,2.21005106,2.14916992,0.17512965,0.28018045,0.37817717,0.46572304,0.54425383,0.61542821,0.68057775,0.74031663,17
0.5758662935636426,15.447642210115044,5.917751833230133,2.433346610754758,2.8918413990777068,1.0002288818359375,3.0309500694274902,4.650706768035889,5.453866481781006,5.768229961395264,5.93930196762085,6.05111837387085,6.134182453155518,6
0.7663019395146808,2.330508113368297,0.0063945698634656,2.147865763987905,2.7102334794383376,1.1468729972839355,3.586897134780884,5.732666969299316,6.94870662689209,7.473831176757812,7.731643676757812,7.903039932250977,8.036685943603516,5
0.54690277,210.55244304,183.03602898,2.7,2.4,0.21307969,0.3378091,0.45043087,0.54935074,0.6379869,0.7177839,0.7900286,0.85671926,17
0.37728715,108.42891894,156.97951903,2.7,2.9,0.49906993,1.2224584,1.6862392,1.8646059,1.9463038,2.0076766,2.05967,2.105123,0
0.96733773,162.33500671,376.42053223,2.04104471,2.07127786,0.07414532,0.10697174,0.13119316,0.14687204,0.16811705,0.18725443,0.20478249,0.22225761,11
0.6754116,265.95737699,104.68091557,2.2,2.4,0.13102269,0.2041409,0.27460217,0.34053063,0.4037528,0.46445274,0.5210948,0.5749271,2
0.3314352961133048,6.102086615240003,3.341078045401732,2.30447683,2.79191292,1.206942081451416,3.9995410442352295,7.130148887634277,9.630778312683104,10.884140968322754,10.975483894348145,10.977723121643066,10.979702949523926,14
0.9989463500992076,38.77183242333516,17.89273929339832,2.2475949943588267,2.404262522157718,0.4044241905212402,0.8769993782043457,1.244802474975586,1.5282104015350342,1.7525575160980225,1.937932729721069,2.095365285873413,2.2312986850738525,19
0.86159926,185.82035385,217.43136183,2.3,2.6,0.13143158,0.2016809,0.2695632,0.33196926,0.39175367,0.44906926,0.503026,0.55358887,3
0.3070521952536467,17.609878148739913,0.0109118518210763,2.57378412327966,2.730659714681879,1.1419966220855713,3.6421501636505127,6.139018058776856,7.797859191894531,8.427448272705078,8.500120162963867,8.517982482910156,8.536458969116211,12
0.9797619685517815,2.267028887918715,0.0189203289980726,2.1602295638023787,2.5386463743038465,1.0352458953857422,3.000293493270874,4.392453193664551,5.102354049682617,5.49183464050293,5.7690534591674805,5.97548770904541,6.141742706298828,5
0.94398497,12.67143187,381.47865116,2.4,2.2,0.34240937,0.6820233,0.8583615,0.9070363,0.91618943,0.921994,0.9268124,0.9304488,21
0.90024038,98.40552483,38.44296129,2.9,2.1,0.27234983,0.52588105,0.7562914,0.96125746,1.1431298,1.3041096,1.4469075,1.5744622,9
0.4227406387199391,80.53182417588951,1.09238572657276,2.98582779673197,2.232636420803656,0.6223134994506836,1.6502156257629397,2.2957067489624023,2.6034183502197266,2.775038242340088,2.902104377746582,2.9985504150390625,3.0895371437072754,18
0.55257758,254.76043651,284.77138812,2.7,2.6,0.15851784,0.21196198,0.26662683,0.31980014,0.367707,0.41151905,0.45310187,0.49184227,4
0.64823229,18.71174127,184.52440478,2.8,2.7,0.6670172,1.8489745,2.6691024,2.9854367,3.0618594,3.0769765,3.088384,3.0995114,0
0.77287853,91.08590411,332.27111632,2.08673569,2.85869525,0.21266532,0.34778261,0.46305275,0.5613637,0.64690614,0.72234225,0.78925061,0.84795141,17
0.68202635,41.84912018,36.87501715,2.6,2.3,0.5955417,1.5227401,2.0993483,2.3966339,2.5804384,2.719519,2.8360007,2.931361,19
0.99066919,162.07049561,52.06521606,2.87737107,2.13245249,0.16160583,0.27892351,0.39457154,0.50452352,0.60844374,0.70652437,0.79908466,0.88605332,16
0.99458635,36.22411346,46.24337769,2.56706619,2.73754358,0.45473504,1.02090049,1.44799209,1.76218104,2.00292611,2.19620395,2.3563354,2.49333119,19
0.6623283748880335,29.184998588995786,0.1322016878057163,2.4252835111064823,2.3095166301450503,0.7195782661437988,1.9239094257354736,2.6743152141571045,3.050081968307495,3.2706472873687744,3.429974317550659,3.5578529834747314,3.662430047988892,22
0.66322504,214.13348195,346.41001798,2.15697808,2.36878989,0.10234761,0.13563037,0.16789603,0.19091392,0.21562958,0.23971462,0.2637701,0.28612399,11
0.55749408,264.58243594,164.3588908,2.5,2.5,0.16727233,0.24619031,0.32664585,0.39909077,0.46620798,0.5286124,0.5865202,0.6409979,2
0.65894533,214.96173129,72.55841315,2.95488562,2.44291361,0.21238852,0.35439014,0.48955178,0.61132932,0.7225821,0.8240478,0.91740608,1.00421834,16
0.65950382,134.99501038,364.94241333,2.12835193,2.62175512,0.163234,0.22269416,0.28406477,0.33591104,0.38262749,0.42488623,0.46353483,0.4990685,4
0.37749704,279.72112637,342.2015608,2.52847935,2.16500212,0.10992503,0.12748241,0.14356995,0.14597082,0.15509105,0.16397047,0.17388558,0.18085694,11
0.8773989632604888,0.9052632940912771,0.0079309851023912,2.4362222664542417,2.5671430696355086,1.2068078517913818,3.776554107666016,6.084338665008545,7.441522121429443,8.104896545410156,8.45475959777832,8.726192474365234,8.957403182983398,12
0.58818558,94.60232845,54.61971702,2.7,2.7,0.46613383,1.0803154,1.505708,1.7677658,1.9513667,2.0964658,2.2151158,2.3144953,19
0.30346366,245.36428857,191.6653119,2.22046331,2.20083359,0.20479393,0.27902079,0.33750343,0.38719726,0.43056297,0.4693799,0.50534225,0.53706479,3
0.55807831,26.55245006,71.01222366,2.8,2.9,0.82161355,2.3398452,3.4435773,3.957859,4.1664066,4.2590504,4.314867,4.362635,23
0.61825392,133.21981832,170.46639396,2.2,2.9,0.24184561,0.41294336,0.55188847,0.6688411,0.7696707,0.85811543,0.935858,1.0047762,17
0.8336131979016104,1.180991181763627,0.0037639452279688,2.6604753920324926,2.1863790543574817,1.1617908477783203,3.528921127319336,5.517800807952881,6.639262676239014,7.191929340362549,7.559766292572021,7.877344608306885,8.1396484375,5
0.65471,139.90468728,188.31799387,2.5,2.7,0.24658394,0.4222076,0.5689404,0.6945114,0.80454326,0.90165544,0.98677444,1.0628514,17
0.50133779,37.01947638,35.53792855,2.6,2.2,0.7728355,2.1801767,3.1132245,3.49114,3.6298466,3.7022371,3.7613792,3.8150096,23
0.8398575422761922,0.8181260594847226,0.1901257351967762,2.8115331792605858,2.5401780415601944,1.2343809604644775,3.88575291633606,6.366101264953613,7.891315460205078,8.611343383789062,8.964103698730469,9.234007835388184,9.488482475280762,12
0.45404181,3.20156527,12.9208374,2.48992229,2.29447269,1.20097065,3.68217278,6.15562296,7.7329812,8.33443069,8.57636261,8.72674942,8.79051208,14
0.4221505126981026,74.03438641676594,364.7748050479933,2.0,2.0,0.2250442504882812,0.3152768611907959,0.3503878116607666,0.3776729106903076,0.3998653888702392,0.4192984104156494,0.4362118244171142,0.4507222175598144,4
0.56985033,215.73773817,96.49607446,2.73597361,2.58563207,0.23609567,0.39682508,0.53947592,0.66571498,0.77852035,0.88028073,0.97261047,1.05638218,16
0.88956949,69.21948393,287.39983346,2.4,2.4,0.22061992,0.36932635,0.49613762,0.6034272,0.69519234,0.7744694,0.8436911,0.9036825,17
0.74456469,179.55180303,123.28868379,2.9,2.6,0.22543788,0.38253784,0.5326009,0.6690414,0.79348564,0.9072478,1.0122833,1.1086133,16
0.3625848346362026,6.955839679904065,1.0610371230300466,2.881953470004597,2.0848281946470064,1.1392526626586914,3.580095291137696,5.989477634429932,7.612961292266846,8.32408332824707,8.406028747558594,8.4393310546875,8.506292343139648,13
0.44975737,94.86164093,325.35916138,2.76503444,2.72259474,0.35128331,0.67706537,0.85387492,0.94545746,1.00791883,1.05729508,1.09780192,1.13142037,21
0.60816216,60.03466076,230.61047005,2.8,2.8,0.44044352,1.0039833,1.3737526,1.5638542,1.6767573,1.7586427,1.8244629,1.8793406,20
0.3735401333488197,2.509242732404637,0.5018127997338468,2.1379577643623624,2.092950220826272,1.164907693862915,3.7946016788482666,6.640776634216309,8.92992877960205,10.322908401489258,10.43381118774414,10.441106796264648,10.447344779968262,13
0.6181109673036004,257.2794045044108,0.134006954865934,2.3353769949704994,2.8554884483423137,0.2176172733306884,0.3739063739776611,0.5235860347747803,0.6606185436248779,0.7853238582611084,0.9007613658905028,1.0068690776824951,1.1046037673950195,15
0.5196403328007646,274.47027679991373,349.2707916704028,2.96088865,2.20659336,0.1215877532958984,0.1382436752319336,0.1613485813140869,0.1728582382202148,0.1923778057098388,0.2068450450897216,0.2175581455230713,0.2320582866668701,11
0.342048559784656,64.35585299161515,0.068682779827755,2.7136381847364826,2.9396556375538143,0.8707640171051025,2.628124475479126,4.01258659362793,4.69145393371582,4.929184913635254,5.029433250427246,5.088823318481445,5.137395858764648,5
0.95174986,12.32385445,13.63995743,2.63310599,2.11309075,0.66678476,1.64139986,2.2598052,2.62638235,2.87157822,3.06090021,3.20695925,3.32670927,18
0.817929,280.25990262,171.13743982,2.40280728,2.28539234,0.10274816,0.16123056,0.21236682,0.25719857,0.30442047,0.35132384,0.39629984,0.43944693,3
0.72758779,105.69085823,368.81674483,2.6,2.5,0.19743323,0.28714728,0.3656609,0.4320414,0.4908831,0.5430839,0.59008217,0.6318002,4
0.88185483,79.68084717,176.09579468,2.88926697,2.79292059,0.30595064,0.58457923,0.81561303,1.01172447,1.17808819,1.32077599,1.44306087,1.54912615,10
0.6356101,105.75048256,310.98880597,2.9,2.4,0.26822138,0.46500564,0.6071031,0.7238302,0.8213608,0.90393424,0.97496367,1.0360744,17
0.77484737,173.44942946,162.32462662,2.0,2.4,0.13595653,0.21359062,0.28827024,0.35764837,0.4237702,0.48455787,0.5411756,0.5943322,2
0.3145774935238807,107.27616362503684,0.0620576034274223,2.911324210436548,2.861354508043916,0.7315866947174072,2.1178407669067383,3.119347095489502,3.566578388214112,3.742419719696045,3.8309073448181152,3.898074626922608,3.9561033248901367,22
0.80840099,19.48892975,7.33288908,2.14642048,2.01116896,0.64160275,1.57200336,2.12145066,2.42152905,2.61610913,2.77055335,2.8859818,2.98605847,18
0.84091182,283.88807343,275.05021777,2.8,2.1,0.09201932,0.14361405,0.18469119,0.2236023,0.26392365,0.30320668,0.340873,0.37717414,4
0.8275679682809705,7.1420546058158685,17.53356359245116,2.8977650441668708,2.208895883888723,0.8884544372558594,2.4283838272094727,3.440771102905273,3.984961032867432,4.317168235778809,4.557119846343994,4.735585689544678,4.868113517761231,22
0.33307335,13.20309258,31.77792168,2.89036608,2.01255083,1.02969408,2.97331667,4.53612423,5.30068731,5.51929617,5.62860727,5.7003932,5.73078585,7
0.74903416,236.08910722,314.50786063,2.32334532,2.37409904,0.10426211,0.14665222,0.18535948,0.21690202,0.2487576,0.28034377,0.31064057,0.33972669,11
0.80995815,226.62751349,245.74788491,2.3,2.5,0.11253571,0.16617298,0.21581984,0.26024437,0.30416846,0.34730697,0.3885579,0.4274838,3
0.8167610775852143,7.020198155381665,0.0515970007623148,2.943545278773986,2.020767967322596,0.8977174758911133,2.396331310272217,3.355388164520264,3.896669387817383,4.262418746948242,4.532337665557861,4.74082612991333,4.899350643157959,22
0.3405371925498294,2.4950814911511143,0.7634751292448452,2.450597345902666,2.9948497723368366,1.278885841369629,4.31187629699707,7.931233882904053,11.173221588134766,13.1695556640625,13.20356559753418,13.210271835327148,13.216114044189451,13
0.88872055,245.24473493,301.8094218,2.8741671,2.88013151,0.1658721,0.19236088,0.24666548,0.31118369,0.36526823,0.41730905,0.46738505,0.51519179,4
0.431355422617602,6.913008445959789,54.97525747871225,2.76143861,2.79559183,1.066921949386597,3.3593759536743164,5.57631778717041,7.025456428527832,7.506239891052246,7.531648635864258,7.541887283325195,7.547340393066406,7
0.558975155432447,41.90758304401528,0.0152422771705432,2.539001989867102,2.990124514708388,0.7866470813751221,2.27703857421875,3.313925266265869,3.80886173248291,4.044671535491943,4.192184925079346,4.308185577392578,4.406030178070068,22
0.78662577,111.79318812,351.84785869,2.1,2.3,0.1275971,0.16904092,0.2095592,0.24420857,0.27857637,0.3085487,0.3361404,0.36129856,4
0.90524942,295.34515381,20.40268135,2.96831894,2.53264952,0.16559315,0.23449254,0.31596422,0.4080615,0.4946208,0.57458258,0.65239024,0.7273047,15
0.3116263884476977,18.786419797331487,28.53243984209181,2.09201527,2.47892976,0.9933242797851562,3.0991909503936768,4.995862007141113,6.085171699523926,6.335512161254883,6.351829528808594,6.361381530761719,6.367544174194336,7
0.9953389046858736,9.587242014882598,0.0742865347940739,2.0731906870934704,2.881198807629545,0.7631955146789551,2.0899603366851807,2.9324982166290283,3.390366792678833,3.676295518875122,3.889812707901001,4.06038761138916,4.202444076538086,22
0.9875304208913572,3.4285545093640577,0.1857644484655182,2.465276029992852,2.5274280335212147,0.9859154224395752,2.769258499145508,3.9854369163513184,4.625149250030518,5.0082316398620605,5.293520927429199,5.50991678237915,5.675665378570557,5
0.8119703633879871,39.30359808211342,0.0220262343472585,2.4020511995937017,2.617033507525894,0.5553128719329834,1.3607378005981443,1.8980443477630613,2.2324106693267822,2.4718501567840576,2.6608450412750244,2.8161990642547607,2.9485199451446533,18
0.8467684980652135,11.654768628855097,0.0595216478787246,2.789361136425516,2.466639849016369,0.8368496894836426,2.2698655128479004,3.208042621612549,3.719209671020508,4.037359714508057,4.264222621917725,4.444451332092285,4.5861663818359375,22
0.5203760395313931,192.29261942238875,0.0399510310261645,2.8117195312358536,2.441171519644349,0.3199281692504883,0.625779390335083,0.8641164302825928,1.0578951835632324,1.2191660404205322,1.356196641921997,1.4752886295318604,1.580751657485962,8
0.70531011,205.40161133,396.68856812,2.83470464,2.99888682,0.16045141,0.20395184,0.25870037,0.30874109,0.35185766,0.39355183,0.43155932,0.46814775,4
0.72671111,80.49890174,97.32161977,2.5856826,2.14758994,0.31773853,0.63066077,0.87054634,1.05795836,1.20761585,1.33134747,1.43423438,1.52342725,10
0.66606098,158.62695312,400.0,2.0,2.0,0.08514166,0.10738826,0.12114406,0.12772489,0.13946176,0.14931297,0.15784216,0.16704488,11
0.9944068,68.88590251,393.82520429,2.92694396,2.62720148,0.20419049,0.3081224,0.40227389,0.48369074,0.55448055,0.61666727,0.67143083,0.72030425,17
0.65703725,38.32228636,23.75676619,2.3,2.0,0.59542084,1.4930658,2.0092692,2.267499,2.4285512,2.5503197,2.654243,2.7355666,19
0.7422196596338562,26.93749544846349,0.023244690842362,2.86191223899002,2.289515138593347,0.6798012256622314,1.7659451961517334,2.4613969326019287,2.8496286869049072,3.100239515304565,3.288185834884644,3.436680555343628,3.566014051437378,22
0.77562845,18.61347008,29.98962975,2.9820199,2.07519794,0.68417048,1.73713541,2.40050364,2.76374578,2.99447536,3.15685463,3.28362846,3.3925705,23
0.9967884085013188,3.4113291406545763,0.7846189355772644,2.1341119387359733,2.8186839773923618,0.9786617755889891,2.8474209308624268,4.168397903442383,4.833601951599121,5.191461563110352,5.438307762145996,5.630481719970703,5.778740882873535,5
0.90105228,286.9491491,341.47888546,2.9,2.6,0.14067364,0.15418744,0.17960572,0.22881985,0.27004552,0.30589795,0.34187317,0.37664008,4
0.53471514,260.71511738,18.11639439,2.2,2.4,0.18836951,0.3081212,0.4220457,0.5245769,0.61780787,0.70321035,0.7812011,0.8542104,15
0.40117617,50.6800027,377.12218768,2.7,2.5,0.41016722,0.9081037,1.1638343,1.194082,1.1974342,1.2004099,1.203346,1.206141,21
0.48512654,32.79682025,115.13373779,2.9,2.1,0.7153251,2.0838478,3.059954,3.4283845,3.4973662,3.5193522,3.5384977,3.5564573,23
0.8615648321216143,38.671843984025095,0.0185645188236083,2.775748384773969,2.6220771926451203,0.5517492294311523,1.3368053436279297,1.8863615989685056,2.243485927581787,2.5013985633850098,2.70535945892334,2.875848293304444,3.022153377532959,18
0.39640354,74.53881453,105.88522722,2.8,2.3,0.61034155,1.6659873,2.3571384,2.5946782,2.6640747,2.7109468,2.7522724,2.7905123,0
0.68161559,174.82093426,90.53083695,2.6,2.6,0.2359488,0.41038704,0.56920624,0.71049356,0.8370011,0.9513049,1.0551703,1.1491072,16
0.5553547544684465,230.56114905514744,0.6135809240205518,2.9120300747008376,2.359294998338368,0.244103193283081,0.4307489395141601,0.5962440967559814,0.7424194812774658,0.8723387718200684,0.9892621040344238,1.094954490661621,1.190004825592041,15
0.7956357026948535,6.825179632989074,0.0075863395433123,2.0080134575292785,2.113529677213111,0.8978753089904785,2.4436912536621094,3.4197068214416504,3.8934831619262695,4.163249492645264,4.345770835876465,4.486350536346436,4.589052200317383,22
0.75367127,120.64120121,340.74545323,2.7,2.5,0.19603825,0.29343343,0.3838799,0.46294594,0.5331416,0.59640694,0.65357757,0.7052429,17
0.53458992,265.20620271,367.63728752,2.8,2.3,0.12398291,0.15528154,0.18481946,0.2130611,0.24227643,0.26848269,0.29159594,0.31504536,11
0.57641479,161.64317572,393.71830908,2.4,2.4,0.14529443,0.17544913,0.20957422,0.23570251,0.26112342,0.28502536,0.30617714,0.3262968,11
0.89857548,290.9515686,34.85190201,2.1146872,2.37630224,0.10409522,0.18148088,0.25110936,0.31403136,0.37838745,0.44220781,0.50405383,0.56368542,2
0.8400133405946102,258.30235582579013,1.0129669138124893,2.617320566356105,2.0555323994336407,0.1318917274475097,0.2223565578460693,0.3060383796691894,0.3885254859924316,0.4692811965942383,0.5466940402984619,0.6210803985595703,0.6918072700500488,2
0.96611804,250.64147284,203.86216707,2.1,2.8,0.09662342,0.15044618,0.19342184,0.23221993,0.27407646,0.31728005,0.3578875,0.3960607,3
0.3391256021665972,12.0220820823577,0.3723724690616594,2.514378645215277,2.4072267293907066,1.1347770690917969,3.5892257690429688,5.998702049255371,7.584568023681641,8.183066368103027,8.253419876098633,8.276792526245117,8.30383014678955,13
0.92681101,31.57614525,376.55454518,2.2,2.4,0.23908782,0.3834107,0.474092,0.5397091,0.58916473,0.6262634,0.65413713,0.6764159,21
0.65326471,77.92680454,183.06453788,2.3,2.6,0.32370877,0.6320627,0.8482542,1.0054502,1.1255245,1.2217734,1.2994404,1.3647871,10
0.52687785,170.6178151,267.0105415,2.5,2.3,0.20005774,0.29592395,0.38086915,0.45288515,0.5165057,0.57432675,0.625716,0.67211366,17
0.6060437,13.59965229,21.13419151,2.64853859,2.19402981,0.92674685,2.55742502,3.64589977,4.16470623,4.4252553,4.56938267,4.6775465,4.73580456,23
0.31517038,109.1227951,0.92260778,2.20396423,2.35874772,0.63267565,1.689502,2.31608009,2.53234863,2.62548304,2.69359589,2.74940348,2.79856968,0
0.31055645,206.2210333,45.63108816,2.9,2.9,0.4776578,1.1348438,1.5699096,1.7756977,1.8956208,1.9915771,2.0720582,2.1386356,19
0.8088516002656436,14.709583230574264,400.0,2.0,2.0,0.2690916061401367,0.4504837989807129,0.5057611465454102,0.5158205032348633,0.5216858386993408,0.5264887809753418,0.5302948951721191,0.5333230495452881,21
0.57310045,3.47593951,41.29650879,2.40990686,2.4307003,1.09572434,3.28351903,5.20187378,6.28035164,6.57935429,6.62954044,6.65237427,6.65854263,7
0.30223458,166.57646412,325.18624854,2.4,2.4,0.24521422,0.34381437,0.38648605,0.421556,0.45279408,0.47985554,0.5040915,0.52542377,4
0.30099517,299.700001,172.20829467,2.00501007,2.00505191,0.13572717,0.16819143,0.19928217,0.22728777,0.25479913,0.28053021,0.30351543,0.32555914,11
0.70604544,242.17468148,229.77327306,2.9,2.7,0.16852617,0.24636555,0.3272648,0.40735292,0.47861695,0.5457492,0.60884047,0.668602,3
0.9438314216813968,1.4926495721319588,0.0049636346440624,2.985121435038361,2.6992267134401464,1.181960105895996,3.541491985321045,5.446074485778809,6.493951797485352,7.073774337768555,7.529650688171387,7.927092552185059,8.234419822692871,5
0.43597688,175.95429393,230.09405089,2.2,2.4,0.2107513,0.3084376,0.3864429,0.4514439,0.5078559,0.5583658,0.6025529,0.64222836,3
0.9926112057236456,14.782274459914538,2.69066605813458,2.270696990917981,2.080322991279272,0.591069221496582,1.422756910324097,1.9593846797943115,2.296374559402466,2.534919500350952,2.724161386489868,2.878979444503784,3.0116446018218994,18
1.0,91.89784368,243.54167429,2.0,2.0,0.13096404,0.21138072,0.28827143,0.35838985,0.42241669,0.48091245,0.53476,0.58452129,3
0.4802379,41.90587371,377.71392268,2.6,2.4,0.383276,0.80771637,1.0129466,1.0401301,1.0481699,1.0549834,1.0609589,1.0662212,21
0.94428637,263.88262987,165.49459643,2.57121995,2.33876124,0.11542106,0.17490125,0.23089647,0.28425455,0.3384037,0.39206529,0.44291186,0.49209595,2
0.69337045,122.9640104,179.85000424,2.8,2.5,0.27646852,0.5031247,0.6882868,0.84574986,0.9807699,1.0975623,1.1987445,1.2876801,10
0.99363889,267.61363542,386.39180907,2.5,2.2,0.07715941,0.11277866,0.1399827,0.15766144,0.18055296,0.20418882,0.2258699,0.24670076,11
0.6720131811321446,2.1375900177704,33.70684823150362,2.2106137504052894,2.967263446762704,1.1126670837402344,3.5878262519836426,6.038848400115967,7.635136127471924,8.295785903930664,8.402997970581055,8.41151237487793,8.41720199584961,14
0.56484411,100.42539011,180.64850419,2.8,2.3,0.36074042,0.7502427,1.015984,1.1955688,1.3286314,1.4338307,1.5184038,1.5899704,10
0.49912921,155.24756243,326.56884603,2.0,2.3,0.13894534,0.16853595,0.19705534,0.22096586,0.24483776,0.26701975,0.28728342,0.3052361,11
0.9363131613123344,56.33723498335039,0.3911744782497508,2.699464312184485,2.862854057781029,0.4344425201416015,0.9519641399383544,1.360670804977417,1.6788790225982666,1.9318034648895264,2.140031099319458,2.316760778427124,2.469966650009156,18
0.63069237,206.2215438,205.02127183,2.7,2.6,0.1949265,0.29951382,0.40080547,0.4925444,0.57535625,0.65145445,0.7219095,0.7873051,17
0.990165401083072,1.2149797018184867,0.0855096983562123,2.389129299633885,2.4242099130254706,1.117048740386963,3.279522180557251,4.8956403732299805,5.757408142089844,6.249329566955566,6.628833770751953,6.9284210205078125,7.156033515930176,5
0.67545779,209.12900809,67.02000914,2.71720584,2.7308183,0.22837615,0.3895669,0.54136777,0.67844486,0.80311394,0.9168458,1.02122998,1.11708474,16
0.5270854266306813,146.51198360366453,0.0270951277215215,2.8355012279037908,2.563176876082916,0.4091765880584717,0.8974356651306152,1.2493469715118408,1.4967000484466553,1.6852524280548096,1.838547945022583,1.967127084732056,2.0801923274993896,18
0.94832705,92.43333798,308.06393177,2.7,2.3,0.18519807,0.29805326,0.40699744,0.50371814,0.5902679,0.668834,0.7399545,0.80486345,17
0.6317199661051441,4.799615942191836,79.46411736747473,2.01879287,2.16894746,0.8531537055969238,2.504621982574463,3.721033096313477,4.198479175567627,4.3037285804748535,4.3273515701293945,4.33325719833374,4.338307857513428,23
0.5040431072109928,6.115763054921744,0.0168251430613184,2.794686265665471,2.786444632253677,1.2047576904296875,3.826802730560303,6.414390563964844,8.08806037902832,8.77038288116455,8.944802284240723,9.054816246032717,9.161521911621094,12
0.9733671015927396,45.999617586349736,0.0172993358042966,2.1087959461252432,2.041564323259894,0.3351280689239502,0.6943998336791992,0.9882986545562744,1.2270293235778809,1.4229276180267334,1.5878279209136963,1.7300889492034912,1.8543636798858645,8
0.91034575,231.05755381,43.38870804,2.46898708,2.58600442,0.15062237,0.25592041,0.35408831,0.45279694,0.54724598,0.63669515,0.72183537,0.80375338,15
0.46627355,74.80043088,89.82779105,2.2,2.1,0.48452902,1.164175,1.5432744,1.7013388,1.7950661,1.8707061,1.9329216,1.9851258,0
0.42861492,28.07403517,156.47288939,2.1,2.9,0.62848306,1.6541305,2.27744,2.4594765,2.4871364,2.4940548,2.5013099,2.508307,0
0.31713337,118.09503907,263.75031046,2.1,2.6,0.30032873,0.50664806,0.58800554,0.6352427,0.67244434,0.7025068,0.72659945,0.74991584,21
0.92485887,297.43122196,358.55243688,2.53394469,2.30414532,0.08068919,0.11279798,0.13791704,0.1475935,0.16434813,0.18508911,0.20416689,0.22169828,11
0.7564526,187.8590352,171.6002354,2.58526408,2.51107069,0.17542863,0.27869129,0.38033748,0.47379851,0.56007361,0.63995743,0.71398997,0.78352118,17
0.4312309341782191,23.57002682988407,0.0043769508037061,2.9094633528102527,2.6893795912810123,1.0358963012695312,3.135101318359375,4.865158557891846,5.756277561187744,6.091898441314697,6.2706379890441895,6.411339282989502,6.498427867889404,5
0.60313779,212.06958008,266.27233887,2.4043026,2.04422498,0.11195517,0.15031028,0.1849215,0.21412468,0.24605584,0.27577353,0.30255747,0.32819271,11
0.68327488,193.91058892,205.27993683,2.1,2.1,0.11998153,0.18066192,0.2367022,0.2880094,0.3382969,0.38456607,0.42769432,0.4679265,3
0.99515298,62.11828633,4.9670852,2.9,2.4,0.36496305,0.7550266,1.0859606,1.3647604,1.5988305,1.7970665,1.967726,2.1162689,9
0.62099481,257.90222842,214.15649142,2.6,2.2,0.13601494,0.1983831,0.2609179,0.3179741,0.37263155,0.42370558,0.4717195,0.517102,3
0.32780833,237.79516227,230.97349229,2.10873322,2.78096977,0.23611617,0.3611877,0.44625187,0.51767683,0.57921934,0.63454008,0.68298411,0.72611308,17
0.7343335,266.74829051,65.14991271,2.1,2.7,0.13098335,0.20838332,0.2816,0.3522265,0.42051816,0.48551893,0.5466392,0.6053972,2
0.41608691,17.82613373,6.0264864,2.87015676,2.48570728,1.09103012,3.20555997,4.92176342,5.81580257,6.12754154,6.30285454,6.41865253,6.48954201,6
0.59050162,117.61951971,211.99660032,2.8,2.6,0.31564927,0.5960784,0.7976172,0.95516014,1.0818808,1.1877453,1.2760844,1.3502347,10
0.92863822,224.14586298,25.85351764,2.1,2.2,0.11761618,0.20436406,0.2840171,0.360003,0.43578744,0.5083649,0.5774808,0.64419913,2
0.3983883075358018,2.272656882163038,0.1020545366672193,2.1090686223291497,2.03403296789837,1.1535537242889404,3.748650312423706,6.5071563720703125,8.692681312561035,9.85560131072998,9.90237522125244,9.908599853515623,9.913905143737791,12
0.5668715132344496,4.9727949897388894,2.145248582083174,2.21602106,2.39437103,1.1177008152008057,3.4837212562561035,5.601391792297363,6.806010723114014,7.265228748321533,7.432523250579834,7.529433727264404,7.597157955169678,6
0.6663909945662447,7.478971634194892,0.0117590024502132,2.2671261047970725,2.5083600603955505,1.0386788845062256,3.092469453811645,4.659631729125977,5.418482780456543,5.764093399047852,5.966161727905273,6.123329162597656,6.228384971618652,5
0.4971762921987142,0.8816215392587633,0.9322316986845682,2.66877059194476,2.9505248504143937,1.3022713661193848,4.396881580352783,8.072980880737305,11.363452911376951,13.33415985107422,13.375041961669922,13.382894515991213,13.389650344848633,13
0.99319790534577,0.850799130068087,0.0785723845039801,2.192942366140849,2.6817594974745904,1.1609878540039062,3.5595760345458984,5.540980815887451,6.639587879180908,7.204275608062744,7.558532238006592,7.840687274932861,8.062845230102539,5
0.54312905,18.08259484,228.33707685,2.9,2.7,0.67775655,1.9218924,2.8409436,3.1815636,3.2050064,3.2055547,3.2057421,3.2058647,1
0.57860875,9.01722908,4.99700594,2.24073315,2.2279048,1.0363071,2.96609783,4.35033178,4.99146414,5.25783157,5.41183186,5.50868654,5.56834364,6
0.3626580722369185,5.990908370417768,0.0059078480769148,2.390884556961526,2.593183563983964,1.2059519290924072,3.9371492862701416,6.910201072692871,9.149776458740234,10.249472618103027,10.330320358276367,10.337578773498535,10.343964576721191,12
0.6502120365297052,2.9264355795241617,0.0076880084745834,2.173754894200923,2.9064327446507514,1.1786904335021973,3.801922559738159,6.37837028503418,7.994862556457519,8.684850692749023,8.9036226272583,9.006110191345215,9.087324142456056,12
0.7203181964160515,47.40151686906064,0.1579157688924696,2.847745314807618,2.438970846809372,0.5750863552093506,1.4348375797271729,2.0113637447357178,2.3535335063934326,2.589069128036499,2.7716853618621826,2.9233248233795166,3.051492929458618,18
0.80150639,277.44737457,369.01182826,2.6,2.3,0.09087825,0.12422419,0.15065002,0.17147636,0.19775057,0.22310805,0.2450006,0.2670722,11
0.57785782,82.87057889,168.13249649,2.3,2.2,0.34074426,0.68454576,0.9114835,1.0588381,1.1682847,1.2540367,1.3231466,1.3822637,10
0.6724681857290157,51.00028141148725,0.0202620836445437,2.936667204818245,2.414855544746914,0.5835206508636475,1.4689407348632812,2.054473876953125,2.390657901763916,2.616992473602295,2.79282808303833,2.939382553100586,3.061800003051758,18
0.5205424405844109,114.6048745586664,347.28469640268844,2.3,2.7,0.2517933845520019,0.4085681438446045,0.5102431774139404,0.5928559303283691,0.6613202095031738,0.7204561233520508,0.7716426849365234,0.8163332939147949,17
0.46765441,180.31069948,275.40946551,2.41535786,2.23309073,0.17557144,0.23300099,0.28902912,0.33531284,0.37721729,0.41453481,0.44893074,0.48047471,4
0.8195430018303916,13.763416590289802,0.1465228085500312,2.824335929872005,2.019347138015035,0.7403767108917236,1.9014661312103271,2.635350465774536,3.0570900440216064,3.3302319049835205,3.5361697673797607,3.699092149734497,3.834484815597534,22
0.34556536,241.28594666,227.74635975,2.42818831,2.31121683,0.19873714,0.26715732,0.32537913,0.37427258,0.41747427,0.45695925,0.4928503,0.52566814,3
0.85605538,207.00481876,369.77923488,2.6,2.5,0.12250066,0.15584874,0.19016099,0.22850347,0.26725936,0.30059004,0.33155394,0.36197758,4
0.5278090619470243,20.80444668881105,0.7713167538077647,2.437509292334892,2.398556421035977,0.9263708591461182,2.677039623260498,3.928038120269776,4.502716541290283,4.762980937957764,4.914395809173584,5.028675556182861,5.113943576812744,22
0.83314416,267.3883105,257.25954527,2.3,2.5,0.09682441,0.14445043,0.18393874,0.21625161,0.2509246,0.28698373,0.32106137,0.35362172,4
0.34196636,192.03914582,123.11965165,2.33466408,2.78486023,0.37077737,0.77679372,1.02866888,1.17470074,1.27943897,1.36427259,1.43594599,1.4953928,10
0.3622759373101404,2.401064959159285,31.819415097910767,2.301749481000015,2.0531075934410823,1.0589697360992432,3.353249311447144,5.667381286621094,7.299753189086914,7.955087661743164,7.9880876541137695,7.98835277557373,7.988617897033691,14
0.47764757,43.66927971,245.30693737,2.3,2.2,0.44341326,1.0350316,1.3438256,1.4027357,1.4202206,1.4358633,1.4492748,1.4611273,1
0.3062779722049348,122.13500319926835,0.0174246146100397,2.1755424879687486,2.654074428410964,0.6308538913726807,1.769407033920288,2.498772382736206,2.768963575363159,2.87227749824524,2.949167013168335,3.0142571926116943,3.0724055767059326,22
0.33936709,190.37623596,15.39644814,2.49339914,2.61926079,0.44535971,1.0253942,1.3906641,1.57723904,1.70347643,1.80174398,1.88673687,1.96099043,19
0.956722228716122,1.1736696106178082,0.1869042883905708,2.687149008242723,2.768361575593687,1.193993330001831,3.629411458969116,5.65131950378418,6.797174453735352,7.394499778747559,7.807621002197266,8.175137519836426,8.453171730041504,5
0.7171309,231.27233887,75.71659851,2.0174365,2.64146566,0.15458584,0.25907421,0.3610971,0.45664835,0.5463202,0.6304543,0.71009517,0.78486371,16
0.60908574,45.11447144,386.47491455,2.13585019,2.52916098,0.30402422,0.54920673,0.66870117,0.72697783,0.76468158,0.79256511,0.81689191,0.83552289,21
0.67830372,57.30493947,178.38419607,2.49289142,2.03450388,0.32835317,0.65066171,0.86531067,1.00911427,1.11287093,1.19544268,1.26022816,1.31415772,10
0.3007,194.95510521,0.400999,2.01163627,2.05961551,0.38182592,0.81043768,1.05155897,1.17865872,1.27297282,1.34853244,1.41229129,1.46864247,8
0.72867998,152.1606125,46.15020725,2.5,2.8,0.26366234,0.4838555,0.6790726,0.85168195,1.0039163,1.1402199,1.2612782,1.3700886,9
0.93135348,81.14092768,2.34165132,2.8,2.3,0.3210528,0.64262486,0.9227617,1.1654038,1.3740704,1.5542512,1.7114944,1.8498724,8
0.34809462,137.0902532,29.98570704,2.7,2.4,0.5496557,1.4248214,1.9746454,2.1912568,2.3004286,2.3861878,2.460508,2.5221403,0
0.3133921431350066,167.68636886551116,400.0,2.0,2.0,0.1281375885009765,0.1356160640716552,0.1414005756378173,0.1430749893188476,0.147599458694458,0.1516876220703125,0.1550536155700683,0.1587762832641601,11
0.30714679,209.01101685,7.80605078,2.51395321,2.00929141,0.35414124,0.71253633,0.93029976,1.06219912,1.15994692,1.24143767,1.30849099,1.36800408,9
0.85426587,31.62144447,256.91159199,2.3,2.8,0.35365677,0.7230315,0.96750355,1.1199243,1.2202902,1.2935576,1.3502212,1.3929963,10
0.75031786,152.56727783,148.71365734,2.1,2.5,0.1692543,0.27375984,0.37497354,0.4662919,0.5494187,0.6256654,0.6955404,0.759917,17
0.65468466,142.57843018,219.82969666,2.44541168,2.86850858,0.24826145,0.42551303,0.57303786,0.70120025,0.81304932,0.91182852,0.99894786,1.07636738,17
0.72983412,2.78456835,324.27011257,2.6,2.3,0.57057714,1.5293102,2.1705306,2.2522852,2.2545865,2.2548153,2.2566488,2.2570364,1
0.38678989,108.34225246,134.57194763,2.58748713,2.12357991,0.40815139,0.89148331,1.16516256,1.28612256,1.36306047,1.42586255,1.47737241,1.52294326,21
0.3468080362423908,11.10240479484978,0.0706309077825375,2.755581634078685,2.298104951793338,1.1333370208740234,3.554526329040528,5.893034934997559,7.404317855834961,7.95343017578125,8.05376148223877,8.113597869873047,8.176030158996582,12
0.9164310525142152,6.875147261478476,0.5453042674075639,2.612221822185785,2.0222200635115506,0.8231947422027588,2.1313230991363525,2.954057455062866,3.4284141063690186,3.742122411727905,3.9690582752227774,4.146283149719238,4.28094482421875,22
0.6703517959362856,5.714482755620661,1.6410828625640026,2.48999972,2.68374681,1.1009366512298584,3.348560333251953,5.195458889007568,6.159438610076904,6.582109928131104,6.822543621063232,7.01226282119751,7.151597499847412,5
0.62140481,194.72290343,226.49600038,2.3,2.8,0.16420674,0.23744655,0.311826,0.37565804,0.434314,0.4891429,0.5396154,0.5865874,3
0.625037370258607,4.809906619627088,0.0293948020487311,2.8318068550683826,2.100152418064813,1.0826537609100342,3.1977784633636475,4.860240936279297,5.720270156860352,6.137021064758301,6.451188087463379,6.713208198547363,6.900238037109375,5
0.89509213,246.23031544,84.55473937,2.2,2.4,0.11721969,0.19503355,0.2656288,0.3328445,0.39979315,0.46550846,0.5272021,0.5870261,2
0.59372318,116.54690552,366.3024292,2.54369307,2.04179931,0.14706635,0.176543,0.20498538,0.22822881,0.25055194,0.27069283,0.28895855,0.30544662,11
0.52085701,181.05694527,32.44069196,2.0,2.53747438,0.28102303,0.52943134,0.72774577,0.89104223,1.02890253,1.14637876,1.24794817,1.3367548,9
0.3442981547664312,2.6718432160125185,0.0060353640794991,2.810132019808912,2.0822205888855416,1.1957063674926758,3.8724231719970703,6.79984188079834,9.200567245483398,10.685958862304688,10.781248092651367,10.78878402709961,10.79522705078125,12
0.59974463,44.0606464,311.64435801,2.2,2.8,0.34415436,0.66382456,0.82778835,0.89843726,0.9408817,0.9721546,0.99620414,1.0151224,21
0.58588849015555,5.9623059719544615,0.1513184547518317,2.2739402708187813,2.708115874654009,1.129134178161621,3.539437055587769,5.706070899963379,6.936234474182129,7.40830135345459,7.5920562744140625,7.706770896911621,7.790292739868164,5
0.6387524,280.50158691,158.76870728,2.55539989,2.2886014,0.12655687,0.18748164,0.24612141,0.2996974,0.35139155,0.40124631,0.44847965,0.49276996,2
0.84230021,115.90520111,336.35612166,2.3,2.5,0.14805722,0.20722938,0.2691946,0.32258916,0.37081814,0.4151783,0.45565844,0.493078,4
0.5140761982003526,42.4356815970224,0.2310260047304312,2.4079938979122057,2.7730985109930337,0.7966527938842773,2.304872274398804,3.3458025455474854,3.8227379322052,4.035661697387695,4.164472579956055,4.260210990905762,4.348140716552734,22
0.56898402,25.02381006,185.25589861,2.9,2.6,0.6692295,1.8807266,2.745549,3.0752714,3.1388333,3.1498535,3.1601555,3.1701458,0
0.7029027,127.52795727,32.07804701,2.1,2.9,0.2649877,0.5012579,0.7015953,0.8737483,1.0219398,1.151185,1.2639651,1.3634343,9
0.9128017689126624,1.338682568351201,5.472379088511024,2.3012646894290847,2.019791692239989,1.0583891868591309,3.052337408065796,4.497262954711914,5.252961158752441,5.689043998718262,6.02034854888916,6.262717247009277,6.428461074829102,6
0.6671831245259227,29.3740153018494,3.503742512466956,2.98537878478964,2.7723513375546487,0.7918224334716797,2.216551780700684,3.185832023620605,3.6900553703308105,3.970363140106201,4.1661577224731445,4.315487384796143,4.441050052642822,22
0.43563522,294.49016908,267.68305643,2.2,2.5,0.12087226,0.14941311,0.17894554,0.1992507,0.22077942,0.24234724,0.26370716,0.28351998,11
0.5562873907021421,4.983100108748801,0.2037018440525482,2.074829646014749,2.503279969414929,1.1273257732391355,3.5691726207733154,5.826116561889648,7.160961151123047,7.663261413574219,7.810879707336426,7.886372566223144,7.943448066711426,5
0.69757769,214.84176563,57.11626924,2.18527853,2.70114513,0.19280529,0.3286109,0.45959091,0.58004212,0.69103122,0.79350615,0.88893342,0.9773674,16
0.8040571553556721,0.9186341146703756,24.072786149804656,2.9213376,2.84819651,1.201568603515625,3.82621431350708,6.418471813201904,8.107894897460938,8.881368637084961,9.115348815917969,9.235599517822266,9.34967803955078,14
0.76885792,77.60596138,236.66680783,2.3,2.9,0.26024652,0.4610467,0.6151533,0.741791,0.8471105,0.93612957,1.012075,1.0776308,17
0.39145351,63.13812685,107.91972768,2.6,2.3,0.63127804,1.7200668,2.4175737,2.6452262,2.704303,2.74146,2.7737372,2.803044,0
0.73728319,90.79727675,32.30507471,2.4,2.7,0.36202455,0.75148606,1.0549321,1.2922375,1.4825203,1.6392906,1.7720234,1.8873532,9
0.37018788,70.98055267,347.62246704,2.66454124,2.21370602,0.32184434,0.56337833,0.63667297,0.65853071,0.6778276,0.693959,0.70753479,0.7194488,21
0.8841649473518189,6.628709306119489,1.696313430103434,2.5734870994330854,2.23822952874924,0.8867161273956299,2.382476568222046,3.346437692642212,3.8661491870880127,4.196048736572266,4.43418025970459,4.612266540527344,4.758913993835449,22
0.30509463,129.52363586,189.38375854,2.51181769,2.21445704,0.3744607,0.76768041,0.96403193,1.03483748,1.08479571,1.12504554,1.15822577,1.1887188,21
0.45107164,251.91341106,400.0,2.55213015,2.94507778,0.16357112,0.19229794,0.22672367,0.26143503,0.28834438,0.31476831,0.339113,0.36227894,4
0.60123682,18.40026943,264.87501139,2.1406332,2.24001702,0.47546506,1.14950538,1.49828458,1.52872276,1.52948117,1.52991414,1.53023314,1.53038216,1
0.84688181,261.24697876,86.54711151,2.02797675,2.68502808,0.11935353,0.20291495,0.28010583,0.3543613,0.4272213,0.49734473,0.56512785,0.62980556,2
0.7652938459345872,2.083023543331547,0.2446825560951148,2.85879216720647,2.5629349703099065,1.1973392963409424,3.6880905628204346,5.884014129638672,7.143718719482422,7.729676246643066,8.07728385925293,8.38529109954834,8.652961730957031,13
0.58568217,241.10172314,278.93147508,2.6,2.4,0.14384055,0.19562364,0.24940944,0.29852152,0.34480333,0.38748932,0.42707038,0.46475267,4
0.79101771,123.54582214,197.02270508,2.53579092,2.53235197,0.21592331,0.36464095,0.50093675,0.62100291,0.72803903,0.824476,0.91143703,0.99040318,17
0.8657775,265.64291547,125.55335667,2.7,2.9,0.16663575,0.23468351,0.3139274,0.40323877,0.48337722,0.5583525,0.63105416,0.70001006,2
0.4413986809114878,2.7078133418069674,0.5035665613015146,2.978835004104067,2.3016849744988743,1.2190403938293457,3.938712596893311,6.846932411193848,9.069509506225586,10.181633949279783,10.222712516784668,10.23019790649414,10.236924171447754,13
0.72569507,93.1839447,178.55963135,2.5612669,2.07750463,0.23918176,0.41896939,0.56589317,0.68846869,0.79284787,0.88243198,0.9591105,1.02672815,17
0.93888716,32.90706758,182.5267704,2.22410301,2.82598398,0.40211463,0.89285707,1.24871445,1.49606824,1.67623234,1.81470156,1.92675018,2.01794052,20
0.69571894,33.20276656,157.05089601,2.39641451,2.75124442,0.55117297,1.41898894,1.97866654,2.23003745,2.35364032,2.44010615,2.50850701,2.56428933,20
0.87413453,175.82187688,4.61837054,2.4,2.5,0.19059777,0.33636785,0.47813582,0.6107676,0.73409057,0.84996223,0.95725584,1.0577526,15
0.7297686864635896,1.143222826816783,0.1499136449564982,2.4986514444136945,2.563782285340093,1.2300066947937012,3.950403690338135,6.662362098693848,8.451922416687012,9.25196933746338,9.486787796020508,9.618253707885742,9.75341510772705,12
0.70301651,250.53631255,260.1132067,2.7,2.1,0.11615753,0.17141604,0.22448897,0.27318192,0.320513,0.36600304,0.40896702,0.44987822,4
0.94529932,165.84744049,209.512689,2.40517445,2.33832128,0.13216972,0.21043968,0.28610229,0.35720825,0.42469859,0.48867297,0.54889488,0.60598493,3
0.65497479,69.51146144,382.95813476,2.7,2.3,0.26459432,0.4426837,0.552304,0.6353855,0.70151186,0.7547951,0.7985797,0.8366978,17
0.94046151,99.49165526,21.71259476,2.3,2.4,0.24068809,0.45187497,0.6469326,0.8223088,0.9797766,1.1213632,1.2478566,1.3622897,9
0.53701483,122.71366812,40.46478632,2.3,2.9,0.3829186,0.8117204,1.1154561,1.3252883,1.4843307,1.6111383,1.7188249,1.8122425,9
0.8100825955830372,42.13417725395174,0.0072157777881142,2.86742112793229,2.920565455023961,0.5965769290924072,1.4996297359466553,2.1281654834747314,2.515433549880981,2.784077405929565,2.9943411350250244,3.168553590774536,3.3185694217681885,18
0.86613969,209.56425339,46.64898712,2.27202046,2.99886095,0.17541242,0.30256271,0.42524838,0.54544783,0.65864682,0.76554871,0.86584139,0.9613564,16
0.9298087220176434,6.570149496862894,0.0234834579172471,2.920293042796848,2.9084423376264525,0.962425947189331,2.736629009246826,3.9911975860595694,4.665039539337158,5.070664882659912,5.361414432525635,5.587504863739014,5.7638983726501465,5
0.563030926498252,30.62373444818579,41.07937124399706,2.7218900041860543,2.3358892312091584,0.7374823093414307,2.0413200855255127,2.88835072517395,3.290590047836304,3.490990400314331,3.6138756275177,3.701092958450317,3.782668352127075,23
0.7200392927542619,129.26284888523531,0.055145333329415,2.6753422644581075,2.1541476576659093,0.2739031314849853,0.525766134262085,0.7433071136474609,0.9306659698486328,1.0920557975769043,1.2328996658325195,1.356703281402588,1.4669289588928225,8
0.64663331,252.33704328,131.96378169,2.9,2.3,0.17336345,0.27570152,0.37654567,0.4716921,0.5596287,0.6414101,0.71820784,0.79021263,17
0.69419167,30.28493401,4.0042622,2.88156299,2.76137118,0.76711464,2.08501816,2.9652071,3.41656351,3.67771578,3.85992098,4.0073638,4.12355185,22
0.7289127855574921,1.049894724549447,0.2361206976340077,2.457000647475219,2.2874976967433254,1.1936414241790771,3.785551071166992,6.282619953155518,7.899230480194092,8.593090057373047,8.827299118041992,8.975727081298828,9.113077163696287,13
0.8268293224169214,24.30885679559088,2.342688631311013,2.711649497034625,2.02558066509002,0.5878102779388428,1.4446160793304443,1.9980781078338623,2.333581686019897,2.563735246658325,2.744269609451294,2.8947579860687256,3.020991086959839,18
0.30017776,174.81929355,154.65857911,2.57298018,2.38282895,0.36518693,0.73566699,0.93764567,1.04050016,1.11280107,1.17235255,1.2209661,1.26452708,21
0.60694894,132.4988997,86.09857072,2.2,2.5,0.2788701,0.5185087,0.70934176,0.8658595,0.9972482,1.1097176,1.2054458,1.2878406,10
0.45979608,88.23509426,337.09919244,2.76174459,2.5570403,0.32378197,0.5857234,0.71398115,0.7851932,0.8391428,0.88190985,0.91572022,0.94615459,21
0.45893225,12.40047741,18.74595261,2.69797516,2.43200111,1.07743001,3.15845752,4.83732033,5.70584011,5.99309349,6.12907982,6.22982788,6.27681923,6
0.76391269,100.08442546,355.81051532,2.69074183,2.61280358,0.20887733,0.31368232,0.40365219,0.48048019,0.54770947,0.6069541,0.65976667,0.70705676,17
0.8354403118845057,233.3548278904683,392.2426077408471,2.0,2.0,0.0592846870422363,0.0842571258544921,0.1047489643096923,0.1086819171905517,0.1208832263946533,0.1308166980743408,0.1401858329772949,0.1499996185302734,11
0.6571818,8.60268593,13.15759087,2.75931311,2.15167379,0.9932096,2.74030352,3.91537571,4.49191999,4.81541538,5.0262332,5.17799282,5.25736427,6
0.30206341,28.64221635,244.43932846,2.04653508,2.86174849,0.62805009,1.79743695,2.6619854,2.87326431,2.87330055,2.87377024,2.87423992,2.87518358,1
0.63201785,141.5135498,248.33831787,2.35610414,2.25702262,0.18600273,0.27937889,0.36609387,0.44096899,0.50736976,0.56664658,0.62074709,0.67005825,17
0.4860674107059411,76.40290112761132,18.203871343680728,2.3795700465772374,2.6228284702184625,0.6115214824676514,1.6467387676239014,2.302173376083374,2.6015121936798096,2.7667667865753174,2.889897108078003,2.989369630813598,3.0777409076690674,23
0.9049030010162368,234.22767893797075,0.0407027456468225,2.1382692397926304,2.7651503956705303,0.1490166187286377,0.2606780529022217,0.3652904033660888,0.4696784019470215,0.5698282718658447,0.6662602424621582,0.7578566074371338,0.8459208011627197,15
0.57757785,158.18070968,262.54005505,2.5,2.2,0.19664812,0.29741645,0.3882203,0.46569228,0.53438187,0.59614587,0.65188956,0.70242214,17
0.81227807,82.34782533,362.85858695,2.1,2.5,0.15673685,0.20820785,0.2592597,0.3019688,0.33950973,0.37260485,0.40178967,0.427675,4
0.85094321,14.87438869,36.4012413,2.02740979,2.20741224,0.66138554,1.67072463,2.26327419,2.56417847,2.74964333,2.87851286,2.98995447,3.07905483,19
0.30360948,283.78368366,71.70008973,2.5,2.6,0.29568243,0.5168624,0.6605103,0.7742698,0.8671918,0.9466326,1.0155706,1.076175,10
0.466656,231.59679917,228.16743749,2.5,2.0,0.16462803,0.23187256,0.29928207,0.35838938,0.41167498,0.46046662,0.50548124,0.5470977,3
0.3635645223092203,2.854810984158101,0.0214616805791068,2.416165749282709,2.381876050182014,1.2226016521453855,4.035418510437012,7.189464569091797,9.84518337249756,11.367853164672852,11.44111442565918,11.448431015014648,11.454712867736816,12
0.79590074,157.65048147,135.96642869,2.1,2.0,0.13953805,0.23209691,0.32007504,0.40160203,0.47716212,0.5472448,0.6125095,0.6731746,2
0.61689332,106.35540267,383.68726254,2.4,2.3,0.18384385,0.24387527,0.297796,0.34199166,0.38059163,0.41427946,0.44489622,0.47222042,4
0.53291771,125.64314745,3.85489329,2.7,2.9,0.46818447,1.0784156,1.5050464,1.7761283,1.9718213,2.1253586,2.253806,2.3652468,18
0.4955978257382192,1.4166701943699695,5.732151039406818,2.6538172534767988,2.6671883485111847,1.252960443496704,4.143592834472656,7.411433696746826,10.087032318115234,11.504484176635742,11.573497772216797,11.577455520629885,11.580949783325195,14
0.95875064,70.55520234,330.59871163,2.59598485,2.83008068,0.23469377,0.39445758,0.5326488,0.65295863,0.75772381,0.84984469,0.93103123,1.00299501,17
0.33096352,7.6758461,49.16327286,2.42125654,2.72663689,1.11780477,3.44740272,5.73202991,7.31571484,7.80191803,7.80831528,7.80956078,7.81009102,7
0.79662036,104.60603647,44.6000969,2.8,2.4,0.31796265,0.629025,0.89046025,1.1129661,1.3018286,1.4642823,1.6045458,1.7277143,9
0.30616337,299.05422974,192.36801147,2.23901033,2.10328555,0.14515305,0.17613316,0.2077024,0.23403192,0.26031733,0.28486419,0.30783224,0.32918191,11
0.6987509195563427,0.7734109083300705,9.178333439487568,2.1735869566749564,2.628825677139263,1.1967439651489258,3.943639516830444,6.893299102783203,9.057657241821287,10.13789176940918,10.3860502243042,10.392684936523438,10.39639663696289,14
0.34882498,175.3571167,344.86251831,2.02604675,2.79931521,0.22365785,0.32027745,0.37823534,0.42621875,0.46818638,0.50515079,0.53730226,0.56835961,4
0.85448113,82.05032199,228.7978749,2.5,2.4,0.24213243,0.42780685,0.5863869,0.7221134,0.8393049,0.94093776,1.0295572,1.1082973,17
0.65116668,292.53727989,356.54331761,2.3,2.0,0.07023048,0.09832001,0.12312555,0.12737846,0.13994145,0.1539824,0.16847324,0.18074799,11
0.8374401453986052,64.0786450595174,0.1878394078903026,2.219156555817444,2.707262201805057,0.4135777950286865,0.9089977741241456,1.2878656387329102,1.5776536464691162,1.806602954864502,1.995342254638672,2.1546363830566406,2.291644096374512,18
0.33598357,78.50024935,0.13931058,2.1818746,2.06784541,0.68131065,1.80506134,2.46083355,2.70377064,2.79950476,2.86768913,2.92564011,2.97387743,0
0.52416858,250.04382927,193.93284425,2.0,2.4,0.12349653,0.16998792,0.21389341,0.25386667,0.2938342,0.33050275,0.3647933,0.39677048,3
0.3032890761713291,6.251841737461678,85.86920734801143,2.34591079,2.15102792,0.904594659805298,2.758634090423584,4.3719587326049805,5.21973180770874,5.332773208618164,5.34083890914917,5.342498302459717,5.343218326568604,7
0.3754200669454156,285.9705537585084,367.1034777582617,2.00366743,2.33125966,0.1005566120147705,0.1165306568145752,0.1326513290405273,0.1371130943298339,0.1458048820495605,0.1538848876953125,0.1635000705718994,0.1720376014709472,11
0.63384911,235.47549821,65.56343,2.4,2.2,0.17169094,0.28115082,0.38733363,0.48497057,0.57407117,0.6576264,0.7350731,0.8073957,16
0.82475791,294.68141552,54.79261896,2.4,2.1,0.10715961,0.18221807,0.25054002,0.31257772,0.37547326,0.43704677,0.49676132,0.55366397,2
0.31163047,111.80243994,378.88672985,2.32792248,2.41944626,0.27102661,0.40547776,0.44112587,0.46596384,0.48741293,0.50611115,0.52198243,0.53656888,21
0.85376603,219.27861724,356.2380302,2.7,2.7,0.14662147,0.17078376,0.21003437,0.26054215,0.30340266,0.34214997,0.38028455,0.41569066,4
0.9315555519604666,270.94901476031555,0.0257397300806742,2.68293668596351,2.047019593486784,0.1169619560241699,0.1981024742126464,0.2699675559997558,0.3418982028961181,0.4147820472717285,0.4854757785797119,0.5535147190093994,0.6187191009521484,2
0.64953922,93.79498768,384.01394412,2.8,2.3,0.2293675,0.35461903,0.44498372,0.51976085,0.58447075,0.63923097,0.6872525,0.72869086,17
0.76257406,215.70824112,171.58265964,2.1,2.1,0.10696363,0.1686778,0.2249968,0.27620745,0.32758355,0.37567782,0.42128253,0.46487427,3
0.6126076,15.06308176,26.66162794,2.4,2.3,0.9000299,2.5334113,3.637966,4.134445,4.3402042,4.446912,4.5066957,4.555064,23
0.8183884,110.57369235,221.57203854,2.2,2.6,0.18858147,0.3038504,0.4125018,0.5073023,0.5922177,0.66895485,0.7382791,0.80151653,17
0.589278131783385,1.594551053871346,0.0896857451072295,2.904774412563949,2.1892748336783456,1.2058939933776855,3.844723701477051,6.526281833648682,8.42979621887207,9.412355422973633,9.63626480102539,9.655111312866213,9.67990493774414,12
0.9257997113573916,1.1859117171182572,4.354707751819578,2.1,2.7,1.1350440979003906,3.51957631111145,5.536462783813477,6.656842231750488,7.185207366943359,7.474336624145508,7.683451652526855,7.849124908447266,6
0.30771492,253.09893777,175.3044308,2.6,2.8,0.28157878,0.45777988,0.5624552,0.6470351,0.71905684,0.7808144,0.8361738,0.8848772,17
0.90788949,8.01008598,202.75110273,2.15325401,2.6156302,0.59446692,1.57530808,2.18847156,2.39686894,2.4352057,2.43899846,2.44423079,2.44919991,1
0.44461342,83.1082769,245.20702708,2.5,2.8,0.41029596,0.89579415,1.1742744,1.2892127,1.3540211,1.4037967,1.4455237,1.4806442,21
0.33908352,54.17541506,92.21254573,2.005,2.005,0.61398768,1.59740233,2.13490248,2.26274157,2.29313564,2.31875658,2.34164333,2.36145544,0
0.31441042,114.15171249,280.81915751,2.19760595,2.08330194,0.28038883,0.45197392,0.5171926,0.55712819,0.58867931,0.61596847,0.63932657,0.65940094,21
0.99999952,112.09106759,269.16457141,2.0,2.35892061,0.13012218,0.20804667,0.28379035,0.35328007,0.41848588,0.47876382,0.53482389,0.58701301,4
0.43622062,71.55706223,26.7741036,2.2,2.6,0.6172273,1.5980556,2.1858284,2.438782,2.5698402,2.6666873,2.7479289,2.817344,19
0.80865987,215.14221696,130.80074637,2.1,2.3,0.1174717,0.1895163,0.25597548,0.31919646,0.38127518,0.43989897,0.4950664,0.54770255,2
0.95973352,202.00320151,107.97922689,2.1,2.7,0.12594533,0.20695543,0.2820511,0.35480523,0.42654753,0.495193,0.55988646,0.6222403,2
0.42530572,203.31030185,255.99283846,2.5,2.7,0.2273283,0.33293986,0.412992,0.48104978,0.5412431,0.59459376,0.6429689,0.6866882,17
0.32419807,12.42987156,18.26984596,2.51587605,2.8980031,1.19125414,3.69854021,6.23588276,7.9935503,8.63856602,8.70773792,8.71915245,8.72505569,14
0.73023462,243.87362671,245.68415833,2.009094,2.71282554,0.11444378,0.1724472,0.22844219,0.28107095,0.33165765,0.37969232,0.42579246,0.46971893,3
0.85824077,251.48187369,174.35227946,2.4,2.7,0.13388205,0.19361925,0.25615335,0.31778574,0.3785627,0.43569946,0.48982763,0.54225445,3
0.51135992,209.77419001,10.19063604,2.0,2.6,0.22912908,0.39805365,0.54395413,0.6704502,0.78235555,0.88165045,0.9694252,1.0488482,15
0.8729270601961794,29.43600035184282,0.0566381391766339,2.5960585112843515,2.345526487664736,0.5632596015930176,1.369328498840332,1.9106833934783936,2.2523677349090576,2.497667074203491,2.690556287765503,2.8507072925567627,2.9874136447906494,18
0.7216060995383377,6.218491658671522,17.545401466198136,2.15314054,2.19771719,0.9486293792724608,2.719696283340454,3.943910837173462,4.511155128479004,4.781833648681641,4.939239501953125,5.057887077331543,5.128033638000488,22
0.84681517,13.80357394,265.07716268,2.0,2.9,0.41276598,0.9130113,1.1808534,1.2568312,1.2697697,1.2768812,1.2824926,1.2867694,21
0.8742439,250.68776935,15.44107747,2.3,2.6,0.13816738,0.23444414,0.32447028,0.41185904,0.49697804,0.5785191,0.6567936,0.7311449,15
0.88122664,91.80401444,200.33163456,2.7,2.9,0.2675879,0.48370767,0.6700618,0.83296514,0.9745197,1.099114,1.209095,1.3056808,10
0.33117887,67.64010311,297.96304447,2.8,2.8,0.49235106,1.210048,1.6565161,1.7443023,1.7466612,1.7503529,1.7542515,1.7580924,1
0.80559123,212.61563449,298.867478,2.5,2.8,0.14148283,0.18554974,0.2357974,0.28890347,0.33904076,0.38365316,0.42602682,0.46692348,4
0.4805445400125361,266.41094117733746,361.1696107023973,2.93990827,2.25485444,0.1303622722625732,0.1462140083312988,0.1684553623199463,0.1820130348205566,0.2025351524353027,0.2148284912109375,0.2261602878570556,0.2401380538940429,11
0.82428239,268.58915573,370.01762543,2.5,2.1,0.07700205,0.11283851,0.14263844,0.1599307,0.18068433,0.2016046,0.22337747,0.24344397,11
0.43217954,2.83228475,2.01209409,2.73361963,2.45876824,1.23205924,4.02038574,7.07776642,9.46056557,10.71118164,10.77191925,10.77809048,10.78339767,13
0.71596968,294.0670166,200.13916016,2.02144027,2.64333725,0.10327053,0.15896368,0.21044493,0.25737858,0.30429935,0.34971142,0.39335704,0.43590975,3
0.82246721,285.74502563,293.61743164,2.4283545,2.02702498,0.07258368,0.10756683,0.13119435,0.1416049,0.16390181,0.18505979,0.20401025,0.22211671,11
0.3570582328807803,1.3149218119145876,0.091821502017543,2.304603000517802,2.6745415847034693,1.254788875579834,4.242435455322266,7.778836250305176,11.00699520111084,13.156670570373535,13.220263481140137,13.225810050964355,13.230430603027344,12
0.57491311,93.69669796,30.51793932,2.2,2.9,0.42874336,0.95931315,1.321773,1.5523753,1.7227416,1.8601723,1.9705834,2.0643911,19
1.0,210.51103635,210.01615329,2.09761132,2.0,0.08162332,0.13308406,0.17736411,0.21638632,0.25726628,0.29592228,0.33385968,0.37045145,3
0.5394812001240511,1.2648288076499865,0.0155470275566139,2.4238233868925976,2.0778789583999657,1.183192014694214,3.816633462905884,6.603102684020996,8.72168254852295,9.776686668395996,9.866839408874512,9.872556686401367,9.877084732055664,12
0.6054268255569495,279.13377702501646,0.8915462496585413,2.6722091364610128,2.048241665532637,0.1539905071258545,0.2480177879333496,0.3409276008605957,0.4283735752105713,0.5099406242370605,0.5869224071502686,0.6593058109283447,0.7271599769592285,15
0.88670617,251.87236089,69.50818033,2.30703628,2.30847919,0.12287688,0.20631909,0.28266358,0.35507894,0.42730355,0.49715519,0.56388474,0.62771559,2
0.8819435019639383,2.0374144609554112,0.1192687141446345,2.400315326308125,2.189221544366117,1.077833890914917,3.123329401016236,4.598824501037598,5.374477386474609,5.821066856384277,6.155673980712891,6.420031547546387,6.610561370849609,5
0.3499745753807001,5.438418321157096,0.5609080665024638,2.098654119412564,2.059702958971831,1.1295135021209717,3.632660627365112,6.203350067138672,8.079360961914062,8.991827964782715,9.113298416137695,9.118213653564451,9.122589111328123,13
0.4610150905599292,6.193515779330552,3.5539981453474603,2.76247072,2.35018325,1.1518223285675049,3.60044002532959,5.943747520446777,7.428930282592773,7.990744590759277,8.132753372192383,8.238330841064453,8.334572792053223,14
0.70598169,275.6037516,374.12070064,2.0000008,2.85161731,0.08971214,0.12554812,0.15440655,0.17934442,0.20553541,0.23145962,0.25586295,0.27932143,11
0.64422049,128.46723574,400.0,2.0,2.97975469,0.17558694,0.24861908,0.31700206,0.37582612,0.42827845,0.4760592,0.51891732,0.55897546,4
0.5685543283904326,7.163986236237082,39.32490132488384,2.3,2.2,0.9552693367004396,2.8415629863739014,4.293879508972168,4.963406562805176,5.178544998168945,5.277524948120117,5.3285417556762695,5.35493278503418,7
0.75329015,69.08467438,379.32220714,2.5,2.3,0.22097039,0.3395939,0.4281838,0.5001435,0.5605631,0.61151004,0.654336,0.69194293,17
0.67200785,205.66933792,266.08999906,2.3,2.0,0.11168957,0.1598165,0.20610166,0.24623585,0.2873807,0.3252225,0.36102533,0.39453912,4
0.71198452,164.50738525,26.79046059,2.30828691,2.02962756,0.19398475,0.3400414,0.47635174,0.5987339,0.70985794,0.81110835,0.90301776,0.98722529,15
0.3624884391902996,13.425107619905123,35.39534714587419,2.89899311,2.78775575,1.083513259887695,3.393399238586426,5.617929935455322,7.026143550872803,7.489857196807861,7.540490627288818,7.570086002349853,7.589131832122803,7
0.68328518,105.07833862,73.52484894,2.55879521,2.73107958,0.36080956,0.74319744,1.03573918,1.2638948,1.44690776,1.59899187,1.72636223,1.83617353,10
0.71339482,159.86805946,199.3641228,2.3,2.5,0.17373848,0.27035093,0.36539316,0.4495771,0.5254173,0.59561896,0.66002107,0.7191124,17
0.33764246,130.18225847,321.64333603,2.3,2.5,0.26438498,0.39653492,0.44945312,0.4889078,0.52253985,0.5508659,0.5755105,0.5969274,21
0.36514194,59.06334594,206.88302352,2.4,2.7,0.5292444,1.3452737,1.8347104,1.9409463,1.9535158,1.9660027,1.9776213,1.9886982,1
0.37975002,234.53838651,315.69961292,2.8,2.8,0.22097588,0.29426312,0.35177088,0.40171385,0.44522977,0.48551893,0.5219486,0.555763,4
0.3047426006167681,6.200999386827581,0.0201774823182913,2.871702931027819,2.947770789265634,1.2791240215301514,4.253426551818848,7.665913581848144,10.531780242919922,12.2543363571167,12.4300537109375,12.435070991516112,12.439510345458984,12
0.41260782,276.04779053,2.12946963,2.18489051,2.3605628,0.23600912,0.40029454,0.53798866,0.65637302,0.76007223,0.85159802,0.93379188,1.00740433,15
0.39618431,95.72606137,391.77016504,2.1,2.6,0.214041,0.2561884,0.2742381,0.28796506,0.30008245,0.3113494,0.32199216,0.33157325,11
0.39498811,116.29660704,318.58432453,2.3,2.7,0.27101707,0.4218955,0.4896102,0.53975034,0.5810633,0.6161957,0.64679,0.67315793,21
0.72128661,54.78765943,22.18367985,2.8,2.3,0.5253136,1.2805588,1.7817523,2.0862653,2.2974298,2.4628298,2.600642,2.716684,19
0.91767862,95.65594899,208.74126111,2.48303726,2.43362689,0.20960116,0.35827947,0.49666977,0.61930037,0.72869849,0.8277483,0.9172647,0.99814034,17
0.3,191.82661535566007,145.81119115090706,2.3,2.3,0.3119270801544189,0.5860934257507324,0.7434287071228027,0.8451416492462158,0.9219348430633544,0.985935926437378,1.0391864776611328,1.085608959197998,21
0.4172688370029443,11.032107039465254,35.867858816342284,2.37124282,2.97078531,1.0679776668548584,3.396867513656616,5.648483276367188,7.083690643310547,7.57978630065918,7.624042510986328,7.637681007385254,7.645455360412598,7
0.8444841,16.33811512,399.36584472,2.66792137,2.17948168,0.30325246,0.5239687,0.59998345,0.61368656,0.61961341,0.62420845,0.62755942,0.63005733,21
0.6296114069618475,206.96292277262305,0.2727721835433209,2.0424133687809447,2.5499378501544263,0.2143006324768066,0.3819029331207275,0.5379323959350586,0.6781613826751709,0.8043394088745117,0.919391632080078,1.0242259502410889,1.1194679737091064,15
0.5333457175701757,137.2960481268898,227.7634179768165,2.049046135278764,2.2760713474468863,0.2128622531890869,0.3422837257385254,0.4469196796417236,0.534940242767334,0.6111979484558105,0.6777317523956299,0.7362575531005859,0.7882170677185059,17
0.67356963,171.78546476,108.7673889,2.88915297,2.92497346,0.27688599,0.49296999,0.68161845,0.84842587,0.99488115,1.12611008,1.24233055,1.34743738,10
0.70178472,245.11695668,316.85986929,2.4,2.6,0.11363101,0.1538217,0.19023442,0.22169971,0.25368428,0.28428078,0.3120799,0.3398173,11
0.53626214,137.30289746,206.54090738,2.4,2.1,0.2399199,0.4029317,0.5283301,0.6325393,0.72102,0.7979922,0.86258554,0.9205656,17
0.69534181,46.45665251,204.72673884,2.2,2.7,0.3801787,0.8057027,1.078151,1.2349951,1.3382466,1.4184463,1.4791882,1.5291398,10
0.77794574,237.71243446,18.19576767,2.4,2.3,0.15351248,0.26117754,0.36459565,0.4630823,0.55618334,0.64483905,0.72790456,0.80702376,15
0.46942747,66.48925203,91.97301978,2.1,2.2,0.4943707,1.1892076,1.5707121,1.7184112,1.80619,1.8753762,1.93296,1.9827061,0
0.6544888,118.88185883,39.81598663,2.15563679,2.02856469,0.26284814,0.49487591,0.68522644,0.8443892,0.97853541,1.09461069,1.19319892,1.28023028,9
0.506941284249201,32.00851444244937,0.0049156991337881,2.3822049514940025,2.1121824376424665,0.7811610698699951,2.1333706378936768,2.9847333431243896,3.372321367263794,3.577781915664673,3.7086832523345934,3.806776285171509,3.883857488632202,22
0.85758949,98.52299837,265.68712118,2.7,2.4,0.21772528,0.3655293,0.49908686,0.61620736,0.7198434,0.81239605,0.894794,0.9693389,17
0.98778641,13.74832344,220.47839355,2.56037116,2.10530186,0.41382313,0.91842651,1.23490095,1.39180136,1.47728515,1.52958322,1.56520391,1.59101224,1
0.7947011915003184,15.01221708438544,0.0427390761892806,2.275952971815517,2.4089632509513965,0.784792423248291,2.1157901287078857,2.951063394546509,3.3797056674957275,3.634105443954468,3.812910318374634,3.953130006790161,4.075373649597168,22
0.92686019,30.84485233,13.72667078,2.6,2.5,0.5357659,1.2722192,1.7817068,2.1162162,2.359046,2.5506473,2.7100272,2.8468337,18
0.74777201,22.99440971,137.44810813,2.4,2.9,0.5838914,1.4883227,2.064958,2.3349495,2.4739022,2.5643253,2.6346574,2.693976,20
0.8725917110112779,1.4223691183853475,0.044439138355688,2.641560625154312,2.141070110189515,1.121467113494873,3.298863887786865,4.9696807861328125,5.880650043487549,6.390293598175049,6.789113521575928,7.132094860076904,7.408559322357178,5
0.69352242,153.27242516,7.05420148,2.0,2.8,0.23171711,0.423033,0.5948906,0.7461672,0.8810351,1.0011542,1.1086438,1.2057276,15
0.4678015596169543,156.780406080561,0.0067666582528615,2.0363381239847365,2.7429495286629653,0.3940842151641845,0.882819414138794,1.2164325714111328,1.4380271434783936,1.605508804321289,1.7412631511688232,1.855036973953247,1.951613426208496,18
0.77710361,180.43732775,226.68413146,2.4,2.0,0.12727427,0.19735885,0.26584697,0.32832646,0.3880682,0.4441886,0.4960251,0.54507875,3
0.681438445056954,70.34443524403994,1.0414014740870456,2.556991330501779,2.062719250705136,0.4255468845367431,0.9550693035125732,1.328629493713379,1.5831575393676758,1.7745585441589355,1.9291887283325195,2.059885025024414,2.170403957366944,18
0.63099045,239.18772888,243.87748718,2.30838394,2.34030128,0.12632227,0.17802739,0.2295239,0.27451158,0.31776452,0.35906029,0.39816308,0.43482304,3
0.49650467,274.81944791,393.69738796,2.7,2.3,0.11620808,0.14070272,0.16239476,0.18097234,0.20202398,0.22046256,0.23632741,0.2530203,11
0.46822125,43.95410446,226.1344732,2.6,2.0,0.4998994,1.275579,1.7317593,1.8286345,1.842092,1.8551216,1.8670368,1.8779335,1
0.4660083133304053,21.34692965568897,0.0048108703513599,2.4621168639878537,2.363036154050172,0.9591872692108154,2.810497283935547,4.174139499664307,4.792689800262451,5.050292491912842,5.20877742767334,5.3065185546875,5.377549648284912,5
0.76511923,41.92730779,232.39946497,2.51203583,2.44818817,0.38104033,0.81071639,1.09723401,1.26948261,1.38583565,1.47005963,1.53390026,1.58832264,10
0.6324780013665692,18.17444911377463,0.9482190826569552,2.52307734529276,2.269934080921925,0.8594882488250732,2.384437084197998,3.389228343963623,3.878971576690674,4.144826889038086,4.320484638214111,4.446806907653809,4.550082206726074,22
0.70649308,14.32318878,39.44451904,2.15794587,2.4547286,0.81464648,2.25530744,3.18340707,3.58861327,3.76833797,3.87262177,3.94199109,3.99200416,23
0.64308107,104.59335327,357.81283569,2.0835886,2.02346563,0.13908386,0.17461538,0.20800185,0.23586702,0.26214194,0.28584051,0.30743146,0.32709551,11
0.8639746,60.38082846,320.84086187,2.4,2.1,0.21345544,0.3488357,0.45960093,0.55175996,0.6299083,0.69656014,0.7550719,0.804441,17
0.67755802,98.06280808,323.72792596,2.9,2.9,0.28823662,0.49959278,0.65045786,0.773638,0.8760021,0.96308994,1.0367894,1.1011138,17
0.30836322,296.24331058,18.93137991,2.16412092,2.81141599,0.31621265,0.60850739,0.80393696,0.95000553,1.06738019,1.16430855,1.24797535,1.32141042,9
0.67174542,9.8859663,23.34127998,2.71683383,2.05728126,0.91577339,2.48370433,3.49714875,3.98916984,4.26508331,4.43489647,4.54875851,4.6261282,23
0.4882147300761604,3.948574940558564,34.507413899729336,2.32722783,2.30744982,1.0665035247802734,3.342569828033448,5.500308513641357,6.86250114440918,7.297779083251953,7.324530601501465,7.32988166809082,7.333369255065918,7
0.85571166,211.35672342,50.32163457,2.1,2.1,0.12081146,0.20855594,0.289721,0.36746383,0.44286847,0.5140929,0.5820532,0.64665794,2
0.3939382,6.18802062,9.43157455,2.47170653,2.20574465,1.12095809,3.5504384,5.92796087,7.53453779,8.17744637,8.25667763,8.2731781,8.29279518,14
0.67266645,145.15758201,182.31946136,2.9,2.9,0.28166962,0.49943018,0.6800468,0.8362613,0.9715805,1.0911233,1.1957417,1.2881737,10
0.67245221,100.50778961,118.08699036,2.20697236,2.65290546,0.3251431,0.64975357,0.89746094,1.09152627,1.24728727,1.37682319,1.484097,1.57682776,10
0.33568099,10.8708868,35.58236694,2.00503659,2.41228867,1.05292606,3.20145226,5.13928413,6.27236319,6.48494005,6.49426508,6.4971118,6.49856329,7
0.61985062,244.10660786,133.77107738,2.3,2.2,0.1417749,0.21798539,0.2918141,0.35967302,0.42408895,0.48394322,0.5395868,0.59241724,2
0.34540731,206.67004332,0.66695865,2.7,2.2,0.41889167,0.9506042,1.2878375,1.4779155,1.6065083,1.7131817,1.8029041,1.8774719,18
0.33937235,201.72610103,340.75266217,2.4,2.5,0.194772,0.23451638,0.26868296,0.29373646,0.31788683,0.34000015,0.36003804,0.3784473,4
0.99397491,86.40018971,276.22320428,2.20067532,2.82112046,0.19697118,0.33335018,0.46269178,0.57848454,0.6829524,0.77797389,0.86375761,0.9418931,17
0.93964178,208.98408965,326.58673134,2.42433228,2.30793334,0.09575176,0.14128494,0.17984653,0.21052408,0.24339533,0.27698302,0.3087337,0.33894181,11
0.4537948592613961,127.766436844074,0.0033033600751272,2.497713580880282,2.651059684228068,0.5016772747039795,1.2388198375701904,1.719609260559082,1.9790992736816408,2.1493029594421387,2.2856931686401367,2.396644592285156,2.495989799499512,18
0.72111156,71.62735138,13.74574857,2.7,2.3,0.45482874,1.0376961,1.4496667,1.7326291,1.9433405,2.1124465,2.2524536,2.3737662,18
0.9189005724525384,0.8824951402741762,0.0054139599762932,2.465960065144554,2.5879791345932888,1.198206663131714,3.713925361633301,5.896085262298584,7.161719799041748,7.792160511016846,8.163446426391602,8.465600967407227,8.726459503173828,12
0.69211598,22.50841535,159.75361139,2.2,2.3,0.54036593,1.3441415,1.8079045,1.9768178,2.0461323,2.0923746,2.129349,2.1601026,0
0.69642117,22.98668895,13.34468821,2.22247857,2.82452493,0.77771711,2.2200222,3.17295313,3.62678385,3.85792875,4.0130291,4.13270521,4.23245096,22
0.60287082,300.0,315.38626099,2.0,2.0,0.06396699,0.09009171,0.10835481,0.11548758,0.1289618,0.13986731,0.14967823,0.16149426,11
0.81051911,144.02273017,310.4458987,2.2,2.9,0.14239573,0.19847226,0.2566564,0.30606246,0.35265827,0.39629698,0.4360597,0.47303534,4
0.6082449876910868,57.07457381440864,0.0035957889299331,2.7793322451324496,2.0932966756691904,0.5416193008422852,1.335308074951172,1.841623306274414,2.1303296089172363,2.327077865600586,2.476811408996582,2.6062774658203125,2.7142882347106934,18
0.5359724004666655,61.13880635722085,373.7627563087776,2.44640732,2.13722253,0.2543983459472656,0.3957333564758301,0.4575984477996826,0.5005660057067871,0.5343248844146729,0.5618617534637451,0.584273099899292,0.6038599014282227,21
0.95685506,201.30529785,389.92407227,2.56423998,2.01478243,0.07741833,0.10863256,0.12747478,0.13327193,0.15027261,0.16582775,0.17965722,0.19178176,11
0.5566644,159.3759879,319.09433026,2.9,2.0,0.19277644,0.28930187,0.37429547,0.44797254,0.51339006,0.5727401,0.62622905,0.674335,17
0.6947500908087515,187.7761530670627,0.1280828646330723,2.3615570810328963,2.8561063282138743,0.254894495010376,0.4660325050354004,0.6607394218444824,0.8349919319152832,0.9912445545196532,1.1327524185180664,1.2605960369110107,1.376115083694458,8
0.47153342,16.77093506,9.73558521,2.35030746,2.18132854,0.98959231,2.8204875,4.12309694,4.70635366,4.92425203,5.05125189,5.12529039,5.16202307,22
0.36100859,82.75921465,127.49517286,2.5,2.1,0.5389612,1.4034839,1.9160626,2.0572627,2.1023633,2.1412833,2.1754897,2.2053654,0
0.52591073,47.94815468,13.57427167,2.4,2.1,0.6778395,1.8130162,2.4891503,2.7738054,2.913277,3.0223444,3.1057785,3.1747935,22
1.0,236.3134316359859,273.95946184794974,2.03163195,2.07580352,0.0695118904113769,0.1100528240203857,0.1453800201416015,0.1699693202972412,0.2001180648803711,0.2291927337646484,0.2576026916503906,0.2848634719848633,11
0.50646174,69.42571987,211.68147924,2.0,2.7,0.34928012,0.69657135,0.8883698,0.9862044,1.055013,1.1061814,1.1486728,1.1829937,21
0.4660503,274.58658395,42.95965932,2.5,2.4,0.22381353,0.36928773,0.49892044,0.6127305,0.71405244,0.8052614,0.88866735,0.9649141,15
0.92531675,90.78274675,60.94071408,2.82005382,2.20326323,0.25448823,0.48104239,0.68474889,0.86379814,1.02221155,1.16192651,1.28514171,1.39540267,10
0.7823223,207.71907996,227.2540316,2.7,2.4,0.14916134,0.22813106,0.30551338,0.38077402,0.45134544,0.5162432,0.57783985,0.63583946,3
0.69870319,81.0787893,400.0,2.0,2.0,0.13374901,0.15893531,0.18225002,0.20095277,0.21903133,0.23546505,0.25045633,0.26437163,11
0.56040227,96.31957245,23.62396622,2.9407711,2.74516392,0.51468349,1.24077797,1.73957109,2.02917814,2.22216034,2.37420082,2.49944448,2.60477829,19
0.34213185,8.48559666,19.46525955,2.06722307,2.21847129,1.09853816,3.33818316,5.41504383,6.62284756,6.94408798,6.98048687,6.98551178,6.98776245,6
0.47592826,54.55215006,191.95919101,2.27491691,2.08002926,0.42904711,0.97135139,1.24826717,1.33410001,1.37881303,1.41358089,1.442873,1.46769524,21
0.6853185539585632,1.5195775202951367,0.1296372670916012,2.506036752124043,2.499052460872472,1.2176463603973389,3.891244888305664,6.530402183532715,8.259359359741211,8.99988079071045,9.223470687866213,9.358430862426758,9.493510246276855,12
0.80218832,63.46048881,54.72413911,2.6,2.5,0.41219378,0.89952207,1.2633517,1.529911,1.7355704,1.9005995,2.037343,2.1546402,19
0.45990828,282.79446947,42.62766223,2.4,2.6,0.21525359,0.34566545,0.4651761,0.5698707,0.6641722,0.7501693,0.82833385,0.9006071,15
0.3,110.42762409,221.23495924,2.0,2.0,0.32243204,0.60141015,0.71529412,0.76101398,0.79582691,0.82656097,0.85198212,0.873528,21
0.32141179,155.23683563,86.20819654,2.5,2.7,0.46735787,1.1093407,1.4995077,1.6569564,1.7461584,1.8190663,1.8809621,1.9342196,20
0.7675728785452983,58.88387439546461,0.084040687457639,2.1882384644411395,2.0082570000699027,0.3949189186096191,0.8590295314788818,1.1956377029418943,1.4398274421691897,1.6284844875335691,1.7839727401733398,1.9147934913635247,2.025726795196533,8
0.3069385248954979,282.7674660363319,284.5213831403637,2.2,2.6,0.1768479347229004,0.2167787551879882,0.2564337253570556,0.2898392677307129,0.3202536106109619,0.348477840423584,0.3750243186950683,0.3995513916015625,4
0.75464237,57.76663971,350.62371826,2.96627712,2.62600946,0.30337024,0.54530668,0.70067406,0.81527925,0.90324092,0.97209406,1.02853942,1.07480431,10
0.64950769,30.16439289,152.32416191,2.7,2.1,0.57061744,1.5143299,2.1015904,2.3218143,2.4108574,2.469568,2.517978,2.5601637,0
0.55957013,125.40821786,223.3701758,2.3,2.9,0.2562437,0.43151236,0.55779624,0.6610646,0.7480395,0.82272434,0.8868487,0.9435487,17
0.7940243942548653,1.454936335857773,58.66177919605672,2.435792724980533,2.268515502625611,0.990842342376709,2.9939422607421875,4.636170864105225,5.483665943145752,5.747706890106201,5.839449405670166,5.875421047210693,5.8862080574035645,7
0.3759401,294.183867,280.40559747,2.7,2.7,0.18562508,0.2317617,0.2794671,0.3226521,0.36040568,0.3954599,0.42803144,0.45827007,4
0.37452715,8.39432984,31.66432085,2.7,2.5,1.1553495,3.5471601,5.893284,7.430916,7.934372,7.966283,7.9781713,7.983507,7
0.50629206,255.28630361,243.77017105,2.8,2.5,0.18189669,0.25483346,0.32800913,0.39471793,0.45492005,0.50988865,0.5612631,0.6089597,3
0.57518744,8.60897446,18.07361031,2.58432007,2.61629725,1.08888078,3.21484733,4.91803837,5.79986477,6.11940002,6.28766918,6.38153934,6.44857788,6
0.9287017633731636,254.98390222898595,262.9956337070935,2.0,2.0,0.0670409202575683,0.1046836376190185,0.1374921798706054,0.1602873802185058,0.1880695819854736,0.2141544818878173,0.2402467727661132,0.2657415866851806,11
0.4136805383601304,11.625319952390182,4.391304816750392,2.87662029,2.59063268,1.136702537536621,3.5429725646972656,5.798305988311768,7.168888568878174,7.66070032119751,7.796091556549072,7.8969950675964355,7.97643232345581,6
0.94432151,216.21987915,138.36743164,2.1069684,2.43920302,0.11327076,0.19155836,0.2636528,0.33035326,0.396878,0.46140099,0.5232451,0.58196545,2
0.92673358,85.94325076,308.61378524,2.6,2.2,0.18583202,0.29825377,0.40443492,0.4975419,0.5800171,0.6541729,0.72084856,0.78164315,17
0.8760681,140.77027363,50.86613327,2.1,2.8,0.18984437,0.33432508,0.4735489,0.60184693,0.71933436,0.82781863,0.92743444,1.0197377,16
0.65260688,197.42741495,144.34514917,2.2,2.6,0.1702919,0.26580143,0.35916758,0.44343305,0.5202496,0.5915382,0.65727997,0.7186227,17
0.6235611518518324,24.91827485924143,0.0051491313407026,2.541715954778561,2.5132099642813777,0.8269929885864258,2.3220114707946777,3.319901943206787,3.800722599029541,4.053020000457764,4.223386287689209,4.340293884277344,4.4492387771606445,22
0.60811579,130.40505981,111.918396,2.58573174,2.53680897,0.31024051,0.59466004,0.81229615,0.98775339,1.13187289,1.25356936,1.35572338,1.44554496,10
0.90492946,154.24760437,11.12064838,2.04054308,2.45415878,0.1763761,0.31983352,0.45647478,0.58545637,0.70556831,0.81818795,0.92312193,1.02106571,15
0.7516829,132.79150663,159.20052292,2.61086703,2.1600769,0.19313455,0.31876183,0.43684077,0.54124618,0.63479567,0.71960855,0.79667544,0.86664629,17
0.9814881030540232,3.460244121378059,0.4244914746803861,2.8924894927155016,2.467694526169102,0.9984092712402344,2.776278495788574,3.992605209350586,4.657388210296631,5.090895652770996,5.425393581390381,5.683427333831787,5.88580846786499,5
0.56777188,141.41987185,66.9282274,2.58198502,2.45654154,0.328686,0.6469276,0.88636684,1.07338905,1.22586632,1.35139155,1.45883632,1.55206037,10
0.30962278,267.02297426,82.7690728,2.18272344,2.33399493,0.25954008,0.43085384,0.54862475,0.64458537,0.7248168,0.79421163,0.8528161,0.90605855,16
0.7331578,264.15275129,331.18939421,2.2,2.4,0.08634758,0.12016773,0.14777875,0.1618805,0.18183231,0.20236444,0.2234335,0.24271011,11
0.900187371224471,115.65117974407012,0.1214835137765672,2.265340062057268,2.809616678357839,0.2660751342773437,0.5056326389312744,0.7276415824890137,0.9271671772003174,1.1059291362762451,1.2666893005371094,1.4109435081481934,1.540637493133545,8
0.927050846583857,53.92854724500611,0.0186734346281756,2.16479208618945,2.148281124512606,0.3440942764282226,0.7139863967895508,1.01483416557312,1.2579405307769775,1.456404447555542,1.6237380504608154,1.7667343616485596,1.8923661708831787,8
0.64579637,220.84871735,276.04516036,2.7,2.5,0.15924668,0.2246275,0.29166603,0.3556559,0.41371918,0.46728206,0.51743627,0.56454873,4
0.51209206,188.44370097,29.9340237,2.3,2.9,0.28916025,0.5385635,0.7345197,0.89739895,1.0349069,1.152679,1.2544188,1.3454013,9
0.64083471,107.42796814,317.9682917,2.9,2.3,0.25172377,0.42558646,0.55544853,0.66423416,0.755564,0.8345263,0.9022827,0.96192074,17
0.907208707178197,2.13607447088331,0.6303122262104425,2.7678201409756182,2.600496035983143,1.1296205520629885,3.334158420562744,5.025087833404541,5.931055068969727,6.432635307312012,6.824597358703613,7.149741172790527,7.391611099243164,5
0.53337491,55.30406948,367.60488628,2.2,2.3,0.27444887,0.44012308,0.5077398,0.54687333,0.576493,0.5999603,0.61910844,0.6346111,21
0.37294951,54.96625542,159.84692123,2.1,2.6,0.5290468,1.3224795,1.7576659,1.8558934,1.8787563,1.898485,1.9169724,1.9342024,0
0.78888813,207.01473103,187.87615972,2.2,2.5,0.12969851,0.19828796,0.26497746,0.32721376,0.3863206,0.4426949,0.49571443,0.5459628,3
0.6240567228742238,1.303043124103237,6.947885455327941,2.678907283184806,2.0776037873605926,1.156013011932373,3.653234004974365,6.109704494476318,7.794822216033935,8.559764862060547,8.701723098754883,8.745292663574219,8.809415817260742,14
0.92097243,146.76922975,132.11087745,2.2537675,2.12399729,0.14568973,0.24466991,0.34021688,0.42987847,0.51378727,0.5927918,0.6661737,0.73470974,17
0.31462336,190.63946533,369.07028198,2.64159203,2.01980686,0.14499998,0.15455103,0.16517639,0.16985345,0.17645907,0.1809566,0.18609619,0.19005823,11
0.66289513,126.96851319,125.9609513,2.3,2.1,0.23204398,0.40961862,0.56065106,0.6912205,0.804616,0.9042058,0.99054146,1.0674901,16
0.5912097670001459,34.86434034386412,1.7444265808894834,2.0399856702224954,2.9488287096875787,0.7593426704406738,2.2170557975769043,3.1969618797302246,3.635636329650879,3.841096878051758,3.969215869903565,4.0764923095703125,4.159941673278809,22
0.6655848250618672,18.34505686635561,0.0097531407589363,2.825723376371372,2.8005821175266314,0.915015459060669,2.640568971633911,3.8693597316741934,4.484757423400879,4.812189102172852,5.023104667663574,5.180678367614746,5.304854393005371,5
0.50436316,45.3265397,77.27638011,2.5,2.1,0.64330244,1.7465148,2.4211957,2.669782,2.7665937,2.8294094,2.8818371,2.930155,0
0.59616181,238.29123903,302.93616846,2.5,2.3,0.12686133,0.1698215,0.2139256,0.2523353,0.28969407,0.3247862,0.35775518,0.38890576,4
0.39112123,224.00232923,58.78094319,2.5,2.6,0.3192048,0.6014185,0.7983382,0.9497156,1.0724533,1.1758091,1.2622106,1.3384411,10
0.52774555,93.71367925,45.90435912,2.8,2.6,0.5213382,1.2876422,1.7951458,2.0628932,2.2374423,2.3670409,2.4780114,2.572234,19
0.7250871574047841,2.850574775670573,0.0176523936133272,2.9642362604215737,2.6864443492512566,1.2010178565979004,3.7042465209960938,5.91368293762207,7.201122283935547,7.778959274291992,8.11734676361084,8.418424606323242,8.680790901184082,12
0.3160142771500693,18.11801073478363,55.57948623449538,2.3979094,2.82979107,0.9935941696166992,3.1315529346466064,5.140580177307129,6.364237785339356,6.686361312866211,6.7064208984375,6.7160749435424805,6.719882011413574,7
0.51582128,257.96804522,151.52333855,2.5,2.9,0.19904733,0.29891324,0.3948815,0.4802065,0.55815125,0.62881565,0.694185,0.7545748,17
0.46961737,18.24355316,16.11579895,2.65249825,2.40934682,1.00815463,2.9021678,4.3206625,4.98857641,5.24646807,5.39046812,5.46755362,5.50871611,6
0.90185707,106.67050464,361.45580949,2.9,2.1,0.16090322,0.24503183,0.32882428,0.40454268,0.47319007,0.5360935,0.5938108,0.64705086,4
0.92361059,169.81201813,133.84130351,2.4,2.2,0.14346647,0.24071717,0.3341143,0.42249966,0.5065634,0.5855024,0.6605506,0.73112106,17
0.94551206,285.99384335,336.18869923,2.0,2.7,0.07208371,0.1072948,0.12573361,0.13272738,0.15059471,0.17057586,0.18888736,0.20366311,11
0.3419475367742114,0.7637886427992436,70.05146461853538,2.7745484364446367,2.0712465157350253,0.9849536418914796,3.066673755645752,5.053722381591797,6.385226249694824,6.772861480712891,6.773403167724609,6.773425102233887,6.773425102233887,7
0.5803018,104.49339203,368.06660297,2.2,2.6,0.19100165,0.24845123,0.29539227,0.333313,0.36632514,0.39595413,0.42180586,0.44528985,4
0.31401563,1.66166818,11.7914114,2.21602106,2.39437103,1.23878837,3.94369316,6.95118284,9.36097908,10.97503281,12.03621674,12.68760872,13.00451088,14
0.78011029,227.1035424,215.81838368,2.7,2.5,0.14780283,0.22411871,0.2978363,0.37275863,0.44229698,0.5064099,0.56751204,0.6249502,3
0.4126441645717056,12.188144741792652,0.6399762002161188,2.8148886750103044,2.8622770622168128,1.1677753925323486,3.696305990219116,6.142003059387207,7.699399948120117,8.288787841796875,8.428025245666504,8.508687973022461,8.578697204589844,13
0.6219106799648941,72.67262384728538,0.0124798931043464,2.2531267931534056,2.2029911198168453,0.4689474105834961,1.0962605476379397,1.5044686794281006,1.759505033493042,1.942023038864136,2.0882136821746826,2.2141716480255127,2.316007375717163,18
0.33350841,210.59350021,292.33737199,2.6,2.6,0.23998523,0.3401804,0.39920712,0.4496448,0.4946971,0.53424764,0.5697689,0.60134816,4
0.61884786,249.5287551,305.65674049,2.53988021,2.0,0.09206009,0.12219238,0.14407158,0.15709805,0.1783092,0.19675612,0.21384835,0.22993684,11
0.79809394,226.19985425,357.94117788,2.7,2.6,0.13420558,0.166332,0.20243311,0.24811864,0.2889037,0.32454872,0.35955167,0.39262128,4
0.97682137,46.79512221,269.84167114,2.84527937,2.37450181,0.27200365,0.49799681,0.67442107,0.81908488,0.93809438,1.03667307,1.11842513,1.18836904,10
0.45098293,278.3493042,240.15190125,2.08743739,2.63433838,0.14855981,0.19981074,0.25379229,0.30106091,0.34555006,0.3865819,0.42503929,0.46094155,3
0.76527626,44.41991355,307.80919597,2.3,2.9,0.3044021,0.5620415,0.72158575,0.8283837,0.9049034,0.96415377,1.0097141,1.0452712,21
0.65783894,146.03211975,129.64909363,2.87947845,2.84570479,0.30224609,0.55989003,0.77009702,0.94921231,1.10239029,1.23478937,1.35026455,1.45207977,10
0.94799304,3.25095582,32.19490051,2.15905738,2.34906697,0.93380928,2.5818913,3.65455556,4.1704483,4.42805672,4.58249092,4.66277504,4.73156643,23
0.9092552921108752,2.6145973117299364,0.0340394858780725,2.041036148158116,2.726844037237593,1.0534653663635254,3.1614718437194824,4.759139537811279,5.566790580749512,5.959152221679688,6.207916736602783,6.3918070793151855,6.531449794769287,5
0.8512640583426189,1.3829271635292488,84.31058552787968,2.3174210280824776,2.1189480512647543,0.8903319835662842,2.6235947608947754,3.925943374633789,4.490167617797852,4.657981872558594,4.708368301391602,4.716353893280029,4.717953205108643,23
0.32319266,75.07674609,182.2291271,2.81783526,2.87125127,0.60987997,1.66271853,2.40294957,2.63986278,2.66687655,2.68087077,2.69482064,2.70822501,0
0.64740994,132.23982516,113.475278,2.9,2.6,0.3260522,0.6348543,0.8784218,1.0793502,1.2458827,1.3878193,1.5084727,1.6134522,10
0.35239637,47.19578934,7.24903679,2.45662832,2.01151943,0.80696726,2.19420338,3.07474279,3.43849277,3.58932114,3.66004181,3.70541,3.74618101,22
0.78973648,177.10898516,75.78769085,2.3,2.7,0.18580866,0.31434155,0.43922567,0.55359435,0.6594045,0.75712967,0.8472848,0.9317229,16
0.41470713,251.5767941,57.561196,2.7,2.1,0.26053,0.46039557,0.6173153,0.7508397,0.8648834,0.96422124,1.0512702,1.1279836,16
0.53227878,158.03287206,51.47929986,2.8,2.3,0.3434534,0.69648194,0.95844793,1.1610692,1.3219578,1.4576449,1.5708902,1.6686835,9
0.50619568,21.81140896,110.76879096,2.8,2.1,0.7725282,2.2607815,3.355563,3.7856624,3.8606937,3.8728426,3.8829591,3.8922975,23
0.30968946,2.61054325,0.29754844,2.81706834,2.1114459,1.25976443,3.90496373,6.71567822,8.91015339,10.44421959,11.51200676,12.20758533,12.64490128,13
0.3,117.11645053,400.0,2.0,2.0,0.17064166,0.17850757,0.18298268,0.18636703,0.19095278,0.19488358,0.19806767,0.20140362,11
0.5359047447884436,3.2386462192525545,0.1899696515362275,2.880941459260203,2.0213195282450616,1.1398639678955078,3.529394149780273,5.7541117668151855,7.150393009185791,7.7404351234436035,7.933202266693115,8.083477020263672,8.236133575439453,12
0.30913977,236.03884145,113.3042281,2.8,2.3,0.33444166,0.65086293,0.8454211,0.9755614,1.0749972,1.1558192,1.2251434,1.2832017,10
0.91301149,85.79378597,328.77347241,2.82268117,2.7483058,0.2269702,0.36828089,0.49319339,0.60303664,0.69897318,0.78431273,0.86006308,0.9279952,17
0.67538538,129.12586668,351.48578674,2.3,2.6,0.16075754,0.21199965,0.26359344,0.30586553,0.34478164,0.38031006,0.41269135,0.44202638,4
0.6845144,165.86117554,108.12368774,2.06241703,2.44847226,0.2001617,0.34303045,0.47597027,0.59359956,0.70007253,0.7971344,0.88495541,0.96460104,16
0.3533264869893703,1.723444504983984,93.1247991102465,2.3457279299694944,2.4831794015741613,0.9649085998535156,3.0354199409484863,5.021820068359375,6.345072746276856,6.688298225402832,6.688318252563477,6.688348770141602,6.688348770141602,7
0.6865972945354777,6.799585264315394,0.6793985932015084,2.830739583147052,2.380478635760326,1.0552852153778076,3.0745604038238525,4.584235191345215,5.343417167663574,5.7386884689331055,6.040907859802246,6.274216651916504,6.440533638000488,5
0.78119816,299.700001,380.13642324,2.57031172,2.16997446,0.07310128,0.10438013,0.12530255,0.12576938,0.13553619,0.15017462,0.16546273,0.1765697,11
0.78061819,141.22388342,374.60784633,2.1,2.6,0.11369991,0.1454854,0.1743207,0.19681954,0.2198863,0.2395947,0.25928807,0.27764392,11
0.55659842,249.45419532,288.80056009,2.6,2.6,0.14986753,0.19882989,0.24828315,0.29480457,0.3386643,0.37812185,0.41491604,0.45001888,4
0.9209424,270.20778373,273.29145885,2.8,2.1,0.09041357,0.14469004,0.18719554,0.22772956,0.27029777,0.31201315,0.35179734,0.39012122,4
0.50180113,75.09043788,303.81770803,2.50465411,2.9519168,0.40229058,0.88520622,1.1849339,1.32042575,1.39345551,1.44868112,1.49334335,1.52986813,21
0.85934737,203.16823026,234.63142481,2.6,2.1,0.11714792,0.18445206,0.24813724,0.3071549,0.3648994,0.4201107,0.47266316,0.5221522,3
0.30753443,184.3257839,200.17805398,2.33175494,2.67908992,0.33478117,0.64332533,0.81345987,0.91022968,0.98140907,1.04192472,1.09133673,1.13535333,21
0.90778427,247.75656475,81.05655352,2.7,2.5,0.14611197,0.24175882,0.32862425,0.42098546,0.5089834,0.59141684,0.6695447,0.74541783,16
0.57204589,203.2828044,280.81303245,2.2,2.7,0.14578462,0.19276166,0.24148655,0.28191876,0.31973124,0.35565925,0.3894031,0.42070007,4
0.59438932,288.07489562,331.01127506,2.7,2.8,0.1471498,0.16772652,0.20143104,0.24395299,0.2788396,0.3093021,0.3394673,0.36795783,4
0.48611428,44.49338236,209.07381523,2.8,2.2,0.54422235,1.4456573,2.021451,2.1843696,2.2099204,2.2288575,2.2462835,2.262241,1
0.72016495,197.41981822,229.55316077,2.3,2.4,0.13465834,0.19812441,0.2616489,0.31921244,0.3730147,0.4241326,0.4717753,0.5165794,3
0.9200686132492376,0.9257453845122304,0.2725477056158516,2.035109065005882,2.388436730611239,1.136641263961792,3.4976134300231934,5.462594985961914,6.551206111907959,7.075832843780518,7.384579181671143,7.607985019683838,7.773597240447998,5
0.4612758089974178,7.4192733605530385,11.924781259953727,2.03513861,2.11568308,1.0320332050323486,3.159393310546875,4.98287296295166,5.971968173980713,6.288232326507568,6.35736608505249,6.394325733184815,6.415465831756592,6
0.6760325203268213,0.95894181655639,0.0828691609637211,2.5161447593582498,2.595311688023201,1.246626377105713,4.074657440185547,7.079434394836426,9.27268409729004,10.344883918762209,10.518524169921877,10.534358024597168,10.548110008239746,12
0.35754662,147.8925882,82.99675376,2.8,2.7,0.49203825,1.2016101,1.6598547,1.8595049,1.9695985,2.0547984,2.1275852,2.1887429,20
0.3461699957519244,2.3819866716489355,4.211584726729448,2.431861113059324,2.948917114808556,1.2638800144195557,4.2618913650512695,7.832512855529785,11.004133224487305,13.093256950378418,13.158370971679688,13.163873672485352,13.168648719787598,14
0.93001195,99.75907768,94.94874934,2.6,2.8,0.26178145,0.48665953,0.6900768,0.871645,1.032963,1.1768277,1.3056121,1.4205251,10
0.37291315,290.34780884,307.31414795,2.52903008,2.21473622,0.12185073,0.14249969,0.16385865,0.17465162,0.18772078,0.20077085,0.21439457,0.22653103,11
0.83626569,103.48669393,292.39887216,2.9,2.7,0.23780036,0.39582324,0.53518605,0.6571772,0.7649176,0.8609421,0.94659805,1.023299,17
0.41350122,198.02093089,196.41893761,2.12352465,2.96862483,0.27689385,0.49391842,0.64495325,0.76520944,0.86559725,0.95092034,1.02401423,1.08872175,17
0.5869373,52.26261154,364.49533318,2.3,2.9,0.30034685,0.5147469,0.6082139,0.6582103,0.695673,0.72396135,0.7469561,0.7655349,21
0.717570301397114,148.1727098602223,0.5141850671471143,2.50320733156342,2.4445209589518804,0.2768192291259765,0.5241467952728271,0.7413389682769775,0.9306249618530272,1.0955960750579834,1.2417314052581787,1.370572566986084,1.4858174324035645,8
0.50387282,225.06025431,310.14238141,2.68276456,2.16619483,0.12681222,0.15652919,0.18704438,0.20931077,0.23141098,0.25359178,0.2752645,0.29425025,11
0.60156227,44.02611156,317.39179351,2.8,2.5,0.4165628,0.9363849,1.2525663,1.3748925,1.4261701,1.4629304,1.4913645,1.51443,1
0.81683441,288.34143473,197.74216893,2.5,2.2,0.1014123,0.15947461,0.20984674,0.25560474,0.30253935,0.34906173,0.39346433,0.43599653,3
0.6556509154768941,0.9003457323043246,0.4837438588636212,2.9469559274706705,2.6048343858275245,1.2720098495483398,4.156525611877441,7.267299652099609,9.605792045593262,10.772311210632324,10.86691951751709,10.878292083740234,10.88874626159668,13
0.39250309,263.20826505,12.52015811,2.1,2.7,0.23914385,0.40175653,0.5328469,0.6443703,0.741374,0.8269372,0.9029896,0.9698882,15
0.3463027759034974,1.5228251552038772,15.143429931607397,2.49492796,2.40026663,1.1934306621551514,3.929720878601074,7.0114827156066895,9.619407653808594,11.242792129516602,11.29546356201172,11.297462463378906,11.299318313598633,14
0.3565409013590113,4.343929858850149,0.8179100235410026,2.16157127873167,2.5530851382285897,1.1961874961853027,3.957143545150757,7.028810501098633,9.50714111328125,10.800203323364258,10.893776893615724,10.90023708343506,10.905776023864746,13
0.84593909,43.2024518,355.7775119,2.18589257,2.18479844,0.22696757,0.35915995,0.45004535,0.52083826,0.57531762,0.61987519,0.65560603,0.68523908,17
0.67034662,94.90265656,153.84584045,2.04854321,2.15472054,0.25118923,0.45514083,0.61620736,0.74747968,0.85674453,0.94847751,1.02741647,1.09669209,17
0.9084986097824436,195.0750975120077,335.9315601416144,2.04369831,2.00918531,0.0715577602386474,0.1048200130462646,0.1315176486968994,0.1498494148254394,0.17301607131958,0.1941790580749511,0.2152245044708252,0.2357552051544189,11
0.77902417,164.03751007,298.00340999,2.9,2.2,0.15983868,0.2419014,0.32392216,0.40064812,0.47107792,0.53561616,0.5954921,0.65163326,4
0.43946296,131.58399963,10.87834358,2.23011923,2.20159888,0.42168784,0.93625736,1.25777292,1.44849133,1.58270407,1.69039845,1.78378677,1.86137486,18
0.30535587,92.49412594,374.12900478,2.87421883,2.54693517,0.35042596,0.64688158,0.7492466,0.76931787,0.78586125,0.80084753,0.81525612,0.82718921,21
0.83988726,19.99388695,14.13733959,2.51368117,2.03052902,0.61670637,1.49993563,2.05223274,2.37078142,2.58729935,2.74659157,2.87822104,2.99328279,18
0.85639882,168.00416565,305.43457031,2.19967794,2.49940825,0.12540722,0.18502474,0.24405193,0.29772615,0.34911084,0.39755106,0.44295812,0.48535919,4
0.9831317894331328,3.263696322663315,0.4325375444446112,2.993166377835736,2.257617106257344,0.9809210300445556,2.681503772735596,3.816521167755127,4.45087480545044,4.88482666015625,5.230340957641602,5.494611740112305,5.701428413391113,5
0.98622478,160.79144768,216.57259872,2.4,2.5,0.13723588,0.21863961,0.29741287,0.3722775,0.44295216,0.510077,0.5736377,0.6332073,3
0.78773936,103.8090995,224.89412971,2.1,2.1,0.1687324,0.27002025,0.3633139,0.4454322,0.5183389,0.5833087,0.6428046,0.69613695,17
0.55148051,297.15116825,162.89810386,2.2,2.9,0.13590217,0.19127703,0.24706602,0.2957437,0.3428669,0.3880949,0.43017244,0.47038817,2
0.3325631582799055,0.8052838007911854,1.716384111029348,2.3629660235881738,2.230521754185274,1.215281963348389,4.038008689880371,7.26031494140625,10.125917434692385,11.914713859558104,11.969976425170898,11.974553108215332,11.978370666503906,13
0.87093014,165.37383757,221.16483613,2.8667781,2.0143542,0.1259582,0.1885612,0.24860668,0.30493855,0.35843444,0.4093399,0.45716214,0.50177383,3
0.72272278,186.45841751,340.17395368,2.2,2.4,0.11058235,0.1464777,0.18149757,0.20812607,0.23611593,0.26334906,0.289325,0.31334043,11
0.62253877,254.91896935,296.77319053,2.0,2.0,0.07578468,0.10558558,0.12717819,0.14210534,0.16129303,0.17834592,0.19418764,0.21071529,11
0.79209721,92.17668152,216.23291016,2.54788232,2.56452394,0.26006031,0.46645188,0.63669896,0.78143954,0.90510058,1.01244617,1.10605073,1.18790221,10
0.7410117704067509,1.5513932411675262,0.0208795408323056,2.3481278795188185,2.523655169309996,1.1918840408325195,3.770675182342529,6.177496910095215,7.648835182189941,8.292034149169922,8.56359577178955,8.74140453338623,8.878795623779297,12
0.9993,12.85585814,399.600001,2.87048322,2.05230961,0.27092433,0.43521047,0.48701191,0.50074863,0.50654888,0.511168,0.51496339,0.51792049,21
0.4138533973561454,18.54836234410418,0.642777299250903,2.9163359804085047,2.357484582359368,1.0391976833343506,3.1110076904296875,4.784260749816895,5.639273166656494,5.959387302398682,6.143236637115479,6.294158458709717,6.38445520401001,5
0.37242354,133.26667971,319.43875805,2.4,2.7,0.27593136,0.43276167,0.5032413,0.55590916,0.59930944,0.6380546,0.670825,0.69876885,21
0.47151291,170.34723808,48.46683714,2.9,2.3,0.3740213,0.7929566,1.0893662,1.2984347,1.4598157,1.5898011,1.6966927,1.7911847,9
0.9637008230860524,170.74487522664913,0.0122197726112641,2.255211943660869,2.5204668917059143,0.1750004291534423,0.3114409446716308,0.4429962635040283,0.5696895122528076,0.6895937919616699,0.8030145168304443,0.9094681739807128,1.0102975368499756,15
0.30562603,210.95258306,37.21579853,2.36332398,2.52744661,0.40470052,0.88624239,1.17953753,1.33282757,1.440027,1.52625299,1.59869695,1.66183424,19
0.64778861,48.14959719,65.58588634,2.9,2.3,0.5862775,1.5385654,2.151582,2.453921,2.630442,2.7603953,2.8662593,2.954469,19
0.55201856,60.5541494,55.34900597,2.07808438,2.46824806,0.54756975,1.38434911,1.87635779,2.10218787,2.23460317,2.33830476,2.4210422,2.49257827,19
0.52775878,169.51202117,53.34784834,2.0,2.1,0.2306068,0.40482306,0.54870677,0.6720362,0.77882147,0.87103033,0.9518831,1.0235481,16
0.5941134071198207,14.443821972113565,0.0042912768340848,2.286394543676937,2.096412828885766,0.8999769687652588,2.5118730068206787,3.564515829086304,4.060338020324707,4.318284034729004,4.486151695251465,4.59895133972168,4.685964584350586,22
0.34430691,212.82001305,246.69714868,2.96000721,2.29328853,0.22501183,0.31119466,0.37029862,0.41940737,0.46315122,0.50199342,0.53675008,0.56852746,3
0.4366801207598052,2.2770516000255787,0.0520356718554188,2.506718983917356,2.6912949769261427,1.2597100734710691,4.185807704925537,7.51307487487793,10.294658660888672,11.64992904663086,11.68031883239746,11.68765640258789,11.693626403808594,12
0.3796106,240.74421329,58.90484466,2.4,2.3,0.27344775,0.4805975,0.6328907,0.75667906,0.860862,0.9508109,1.0274506,1.0958717,16
0.68845341,219.16909824,374.55113956,2.6,2.6,0.1274271,0.16229224,0.19544029,0.22978783,0.26339555,0.29179287,0.31890082,0.345196,11
0.47443923,60.02116394,395.20840454,2.27849412,2.23884249,0.26005149,0.38568068,0.42274857,0.4470253,0.46642184,0.48303246,0.49696112,0.50869751,21
0.39193016,18.98957253,22.37689781,2.48398733,2.11645937,0.96910119,2.75546217,4.04527807,4.59564734,4.79000139,4.89226151,4.95085478,4.97968245,23
0.82959348,189.22787116,212.32128864,2.6,2.2,0.13968587,0.22008681,0.29869485,0.37270617,0.4423933,0.5078089,0.5693095,0.6275346,3
0.51393482,245.72966517,253.59211499,2.5,2.8,0.1707511,0.23132825,0.29379344,0.34893394,0.3998947,0.4459486,0.48918295,0.5297301,4
0.4285103629265797,1.3914891812543386,8.463558039373936,2.029474560815625,2.9441449438654,1.2117197513580322,4.11961841583252,7.576656818389893,10.62739372253418,12.49787139892578,12.571205139160156,12.573707580566406,12.576358795166016,14
0.79164585,19.16806814,127.63424187,2.2,2.1,0.5413549,1.3386092,1.7999704,2.0045683,2.110031,2.1839082,2.2418573,2.2893589,0
0.45959336,60.2021887,121.08298073,2.8,2.9,0.63404775,1.7161198,2.4551473,2.7540302,2.8634386,2.924931,2.9777389,3.0240426,23
0.40501117,235.78019968,121.47102429,2.2,2.4,0.2152605,0.33315015,0.43165135,0.5157497,0.58963704,0.6546812,0.7138665,0.7668259,16
0.55665747,206.97040501,161.57358375,2.76146339,2.23346216,0.18526387,0.28106141,0.37288928,0.4523809,0.52454543,0.5907433,0.65109658,0.70689917,17
0.4961957280229819,2.0298071286000177,0.0057445075668259,2.9773342744147886,2.624744749533042,1.2748727798461914,4.19187593460083,7.420605659484863,9.974820137023926,11.262444496154783,11.305304527282717,11.31455421447754,11.322494506835938,12
0.56071,3.26632251,75.50876256,2.60746736,2.65319103,1.05549335,3.18580794,5.10318851,6.26131821,6.52766705,6.56713963,6.5763092,6.57699776,7
0.80877099,206.50539879,113.05833639,2.7,2.8,0.18683124,0.30539083,0.42316294,0.53619146,0.6399679,0.7368705,0.8275068,0.9129672,16
0.81202753,198.30517042,152.5222792,2.1,2.2,0.11892891,0.19061756,0.25696468,0.3189702,0.38061953,0.4376824,0.49136472,0.54234457,2
0.86719992,76.95496194,21.27462262,2.3,2.7,0.32654095,0.66152024,0.9391749,1.1703024,1.36179,1.5247209,1.6643555,1.785847,9
0.31381768,159.33568446,301.69039071,2.73843069,2.73439368,0.3250246,0.57513165,0.69125843,0.75885773,0.81069231,0.85292864,0.89160347,0.92420864,21
0.55882239,276.64764404,0.91189384,2.97733092,2.40474939,0.21088815,0.34934282,0.48117328,0.6004622,0.70947194,0.81000662,0.90282917,0.9885428,15
0.7232322409094532,50.85665055199791,0.0106795584153506,2.580781041231945,2.7145525361853227,0.5743176937103271,1.445152997970581,2.024569272994995,2.366004705429077,2.601951360702514,2.785572290420532,2.936067819595337,3.068639039993286,18
0.8426267475859003,0.8807268609119753,0.0051759817763698,2.5778044635675643,2.140939971030496,1.165778636932373,3.571872472763061,5.6449174880981445,6.854056358337402,7.4363908767700195,7.788975715637207,8.066869735717773,8.293012619018555,5
0.3007,237.49396947,16.4758022,2.005,2.005,0.28692341,0.5194664,0.66865039,0.77815485,0.86723471,0.94151592,1.00448418,1.05787873,9
0.75188175,56.83522506,351.97754724,2.9,2.3,0.29758334,0.5537081,0.7265854,0.853971,0.95162153,1.0285864,1.0912127,1.1421521,10
0.47411658,76.84932251,93.15556031,2.6,2.1,0.51921177,1.3170626,1.7934413,1.9887908,2.092663,2.1743968,2.240008,2.2967718,0
0.32033533,30.82964845,50.99317698,2.6609573,2.45320232,0.93407488,2.71948624,4.12526655,4.7790556,4.95275307,5.00218868,5.01678276,5.02650642,23
0.66609086,146.87280517,68.73603238,2.2,2.8,0.24858761,0.44959188,0.6225891,0.77262473,0.9036763,1.0196962,1.1222248,1.2133694,16
0.3490973759495731,12.792645324650325,53.46620774457679,2.33896184,2.26020336,0.9498233795166016,2.9028611183166504,4.579668521881104,5.446396827697754,5.617873668670654,5.646035194396973,5.657379150390625,5.662270545959473,7
0.3735073523550126,6.551106293409653,0.0303519511984769,2.097961214856662,2.3501446073222487,1.145366907119751,3.7069709300994873,6.333418846130371,8.230938911437988,9.09070110321045,9.198196411132812,9.206924438476562,9.21468448638916,12
0.4991603397067208,16.876189675042273,0.0152561233401632,2.74670018318259,2.2561050602355546,0.9865827560424804,2.873644590377808,4.261408805847168,4.928147315979004,5.238572120666504,5.43914794921875,5.584469795227051,5.682748794555664,5
0.75310432,296.574676,213.23167994,2.9,2.9,0.16659021,0.21110916,0.27585077,0.34793854,0.4094994,0.46928144,0.52620316,0.58122396,3
0.6009290058691081,3.9086033439500896,0.0135836578946613,2.921439192537742,2.055832318809159,1.1173453330993652,3.3778223991394043,5.278699398040772,6.342850208282471,6.80968713760376,7.101823329925537,7.3356499671936035,7.53641939163208,5
0.39000737,58.69081608,51.86684102,2.5,2.8,0.74520326,2.0737233,2.9854298,3.3648868,3.5039387,3.572031,3.6214442,3.6653862,23
0.95932501,220.2689646,69.75420784,2.1,2.1,0.10335851,0.17983079,0.24947405,0.31483245,0.3804481,0.44306993,0.5035732,0.56166124,2
0.5712987896771368,5.730884154870895,64.59966091489143,2.2,2.4,0.9381535053253174,2.850971221923828,4.416494369506836,5.16734790802002,5.341473579406738,5.383594989776611,5.398124694824219,5.404503345489502,7
0.3321470984006018,10.332734049956432,31.679093448123066,2.6,2.0,0.999242067337036,3.047217607498169,4.848989486694336,5.881437301635742,6.160309791564941,6.200313568115234,6.222272872924805,6.233169555664063,7
0.89940006,18.74180603,1.06190443,2.14160466,2.43237281,0.64346075,1.60540247,2.19563556,2.53511548,2.76462817,2.94289517,3.08637595,3.20916343,18
0.8945811728819483,1.170870810562964,28.1323345080928,2.87340524,2.76810974,1.1459193229675293,3.5459649562835693,5.653446197509766,6.874818801879883,7.428677558898926,7.713112831115723,7.932138442993164,8.087728500366211,7
0.57645732,3.09877825,2.44440532,2.76938367,2.60759139,1.26970673,3.86962986,6.39282227,8.01895618,8.69470692,8.93321419,9.16517544,9.34449577,14
0.31947082,87.94557953,1.31181729,2.39554691,2.83444667,0.78048825,2.26431727,3.34097266,3.78865075,3.91769099,3.97797942,4.02513981,4.06696606,22
0.75549944,293.63843948,216.49518868,2.6,2.4,0.11404443,0.16992617,0.21770287,0.26657414,0.31681228,0.36339545,0.40650582,0.44907546,3
0.716321,39.50689425,363.97198281,2.0,2.1,0.22634435,0.33483553,0.39134026,0.43070698,0.4611876,0.48452377,0.50350547,0.5184128,21
0.42603202,97.30941356,192.05266724,2.3,2.1,0.35982442,0.73909855,0.95051503,1.0563262,1.1290574,1.1866951,1.2317717,1.2719839,21
0.57976773,118.70969395,61.2713931,2.2,2.5,0.33241343,0.6639619,0.90860224,1.0944746,1.2401066,1.3605065,1.4633367,1.5488324,10
0.57795013,58.47451975,388.6210466,2.2,2.3,0.24062991,0.35115886,0.4004686,0.4373889,0.4660592,0.49016404,0.5100298,0.52622104,4
0.33094126,298.72253418,108.91075134,2.42141557,2.81616592,0.26840067,0.4478519,0.57450557,0.68061471,0.77188659,0.85207343,0.92224717,0.98609734,16
0.6000630230852635,68.3803801778391,23.367771720450303,2.517339527129069,2.9305383019284497,0.5798201560974121,1.5152411460876465,2.135746479034424,2.4639105796813965,2.6702656745910645,2.8299856185913086,2.9572982788085938,3.069979667663574,19
0.7784349266605854,7.932774796267466,0.5495807446187724,2.2669829741191934,2.535076452273105,0.9540300369262696,2.732531309127808,3.96526837348938,4.561737060546875,4.876250267028809,5.081098556518555,5.232304573059082,5.357021331787109,5
0.30517915,267.35769653,371.08441162,2.70104074,2.41092825,0.15494967,0.16905904,0.18572187,0.19336247,0.20586753,0.21492243,0.22123694,0.22905684,11
0.3533938154246551,0.9370757126067564,0.0663577212474414,2.486790887889498,2.497143392794076,1.263451337814331,4.249117851257324,7.769107341766357,10.979524612426758,12.955514907836914,12.993576049804688,12.99947738647461,13.00446891784668,12
0.92889438,88.94284988,292.2360671,2.1,2.9,0.16364026,0.24380374,0.32435083,0.39282513,0.454046,0.50930715,0.5594692,0.6047218,4
0.4119810862887601,209.25911273148787,400.0,2.5,2.2,0.1302006244659423,0.1452002525329589,0.1620843410491943,0.1689903736114502,0.1781494617462158,0.1878154277801513,0.1968612670898437,0.2050127983093261,11
0.89724449,20.64925887,38.8257966,2.8,2.8,0.66380143,1.7169046,2.4177418,2.8144884,3.0730686,3.264635,3.4205089,3.554305,19
0.51174925,282.33185413,324.8754021,2.0952761,2.48218429,0.10287404,0.13153458,0.16032743,0.17924929,0.19992518,0.21978283,0.23908257,0.25796747,11
0.41767254,276.11171275,282.05927746,2.8,2.6,0.1835506,0.23669434,0.29071784,0.3402481,0.3838346,0.42389035,0.46124816,0.49627995,4
0.506824706155175,39.1735137866456,0.5015337451004849,2.5126266782696467,2.816373404030606,0.8389749526977539,2.4587974548339844,3.620909214019776,4.162252426147461,4.4008564949035645,4.535339832305908,4.639553546905518,4.718039035797119,22
0.34517115,61.50019836,389.03433228,2.87097192,2.99499011,0.44680405,1.02761912,1.36727357,1.42265773,1.42473626,1.42610812,1.42775416,1.42955804,1
0.75103938,9.07413219,28.00453969,2.7,2.8,0.9723499,2.7755198,4.084097,4.7352395,5.0500617,5.243373,5.371829,5.4636765,7
0.67323845,213.39362172,40.91315055,2.8,2.8,0.24114347,0.41730976,0.58301926,0.7328651,0.8678906,0.99195623,1.1048205,1.2088249,15
0.34492905,125.02502066,273.33271878,2.3,2.4,0.29901195,0.51143956,0.60810995,0.66560435,0.7127733,0.75030684,0.781801,0.81062555,21
0.5672084,171.37598341,99.14894556,2.5,2.8,0.280663,0.5089872,0.6914451,0.84632206,0.9787352,1.0937445,1.194215,1.2823296,10
0.38223938,192.73608322,61.17618144,2.5,2.6,0.36920667,0.7577882,1.0127401,1.1824491,1.3087656,1.4136226,1.5009382,1.5741861,10
0.8290644950106274,78.8111331734717,0.1316766270075856,2.784186114137116,2.103871932051615,0.3256475925445556,0.6701695919036865,0.953972339630127,1.1863980293273926,1.377885341644287,1.539785385131836,1.6798157691955566,1.8016138076782229,8
0.32049713,16.90063858,1.18147361,2.33024764,2.25962996,1.11356497,3.33470917,5.29735184,6.38742161,6.68397331,6.75753307,6.8017931,6.82074547,5
0.64181002,195.10316241,167.71112103,2.8,2.5,0.21444869,0.3489673,0.47434282,0.5870707,0.6883211,0.7807114,0.865273,0.943084,17
0.7773112227684341,1.790608136652095,0.0503159899934239,2.22241303686132,2.1025877752101585,1.1039812564849854,3.317275047302246,5.086979389190674,6.04295015335083,6.502818584442139,6.788693904876709,6.997366428375244,7.159117221832275,5
0.65410333,274.23387504,184.58433379,2.78459829,2.70855079,0.16100812,0.23542643,0.3112092,0.38722515,0.45572472,0.51919198,0.57992411,0.63672233,3
0.5022606978745504,46.09076945855009,0.0321383961823018,2.230151108281172,2.3742122346736942,0.7275354862213135,2.016843795776367,2.823158264160156,3.1828746795654297,3.35695219039917,3.477613925933838,3.5707015991210938,3.649445056915283,22
0.6372530165427678,231.4033017059517,0.0104274889832827,2.156677780935865,2.727966056156288,0.2109508514404297,0.3694915771484375,0.520118236541748,0.6572351455688477,0.782555103302002,0.8975880146026611,1.0035748481750488,1.1011173725128174,15
0.6493778403202063,3.338924348777423,0.0957634066461489,2.10943993418251,2.739379709072177,1.1486401557922363,3.655324697494507,5.996800422668457,7.379937171936035,7.949942588806152,8.149189949035645,8.250340461730957,8.339716911315918,12
0.3176667882030399,12.72677174763772,23.80854324596553,2.25596142,2.72571874,1.0881526470184326,3.491375684738159,5.905117034912109,7.543160438537598,8.149675369262695,8.1770601272583,8.179444313049316,8.181565284729004,14
0.9479529123319776,16.423661062395155,0.0053711864587864,2.048982618809186,2.801421382873757,0.6591646671295166,1.7222321033477783,2.389210700988769,2.775010108947754,3.036388397216797,3.236417770385742,3.4001612663269043,3.5389723777771,18
0.63959752,32.14881683,78.67019015,2.8,2.6,0.68926907,1.8891852,2.6837213,3.0469205,3.2163184,3.3259037,3.411555,3.479293,23
0.6171932377150744,17.24442199905323,18.927160985826568,2.0853064649286632,2.093991076326458,0.7958261966705322,2.1771814823150635,3.034306764602661,3.417614221572876,3.600371599197388,3.7221992015838623,3.804938077926636,3.8710954189300537,23
0.62688279,174.28005981,89.11521149,2.06487346,2.10137081,0.1819098,0.30484271,0.41726017,0.51776099,0.6075058,0.68931389,0.76418567,0.83226204,16
0.9583903206203616,13.711556644288232,0.0380785529113432,2.1381778600225103,2.0226047618321203,0.6177651882171631,1.50036883354187,2.04963755607605,2.3827059268951416,2.6164543628692627,2.799196481704712,2.947629690170288,3.0725104808807373,18
0.40338048,265.90093994,281.59994507,2.18500495,2.13564682,0.11884594,0.14366317,0.16779542,0.18528724,0.20557714,0.22430253,0.24115491,0.25735378,11
0.56926249,130.43262338,122.50116969,2.37157842,2.55596127,0.31466436,0.60711789,0.82301974,0.9924109,1.12931895,1.24174237,1.33736563,1.42084551,10
0.5580726,191.24565918,111.20881775,2.29998347,2.56366427,0.23805499,0.40964079,0.55775046,0.68519068,0.79718304,0.89728832,0.98649049,1.06684446,16
0.67084359,247.25785142,307.59449716,2.3,2.4,0.10286903,0.13974595,0.17365313,0.19846344,0.22498965,0.25195146,0.2784853,0.30257583,11
0.6352594112970931,13.410836098643571,0.0106856207959742,2.488219702228063,2.348487649079749,0.9378647804260254,2.669696807861328,3.865335464477539,4.437800884246826,4.733599662780762,4.928604602813721,5.059718608856201,5.172821044921875,5
0.83806308,277.76898428,118.13376997,2.2,2.0,0.09141874,0.15229821,0.20749688,0.25521803,0.30578828,0.35471463,0.4016235,0.44747925,2
0.80273279,158.49477372,342.50099101,2.9,2.6,0.16992688,0.24450684,0.3205397,0.39370513,0.45839715,0.51841545,0.5739732,0.6257365,4
0.55567416,15.89299266,33.19391191,2.4,2.1,0.8976624,2.5681922,3.723851,4.2114744,4.375662,4.445445,4.490178,4.52197,23
0.5401807,299.98995639,254.91675925,2.66347269,2.31798403,0.12021279,0.1598146,0.19742179,0.22796321,0.25967884,0.29031682,0.31839347,0.34560847,11
0.95259341,42.55104568,184.72764223,2.9,2.4,0.36848617,0.7802465,1.0957863,1.3363795,1.5232608,1.6733396,1.7961748,1.8986399,10
0.51428526,298.04061214,165.06377568,2.20439258,2.58794712,0.14862084,0.2146399,0.281461,0.3420074,0.39896107,0.45215154,0.50168657,0.54828858,2
0.6511948,197.33694159,34.07971539,2.9,2.3,0.24702883,0.44443226,0.62410045,0.7841933,0.9277487,1.0572407,1.1740458,1.2797117,9
0.6513770142600598,0.9768790088133202,0.0232118147850021,2.0696240261526926,2.4527471231224,1.202112913131714,3.954299211502075,6.879711151123047,9.043198585510254,10.155595779418944,10.319427490234377,10.33332347869873,10.344289779663086,12
0.63723879,167.89931612,331.50529024,2.5,2.8,0.17329955,0.23576331,0.29878712,0.35367537,0.40379143,0.44872952,0.49024105,0.52877235,4
0.7614557922785838,1.6729179443849822,33.1693235453068,2.833746668223017,2.3474680516145376,1.083956003189087,3.2990496158599854,5.206518173217773,6.255064010620117,6.66609001159668,6.861138343811035,7.002199172973633,7.097479820251465,7
0.68367375,180.25982859,399.24907798,2.8,2.6,0.15253305,0.19578004,0.24119067,0.2866199,0.32565427,0.36114573,0.3949628,0.4261849,4
0.79806231,298.4705773,260.17481755,2.3,2.3,0.08317113,0.12606335,0.16147208,0.18504763,0.21311998,0.24280715,0.27292752,0.30035377,11
0.3012573674401051,16.572239293567804,0.03711100149442,2.4441618035493025,2.32179235737282,1.1016321182250977,3.458446979522705,5.705136775970459,7.120606899261475,7.606606006622314,7.666131496429443,7.690313816070557,7.710153102874756,5
0.4412262591470831,33.71408777336167,0.0426011717257513,2.0970304542421863,2.474725535276416,0.862762451171875,2.529036283493042,3.709392786026001,4.206838607788086,4.3873796463012695,4.482906341552734,4.556884765625,4.61563777923584,22
0.52427694,13.05237509,76.43183904,2.4,2.0,0.8548753,2.469602,3.6264167,4.075954,4.1606865,4.175937,4.182287,4.1882553,23
0.9273974433361056,1.0473548461913629,0.027716615371913,2.6567851368325366,2.22815859296683,1.1418063640594482,3.382265090942383,5.130429267883301,6.080427646636963,6.633923053741455,7.050560474395752,7.423542499542236,7.727284908294678,5
0.60780644,27.68279839,368.55203247,2.95222902,2.19294715,0.35351777,0.68169045,0.81054282,0.8248117,0.83136797,0.83721447,0.84211421,0.8462739,21
0.34100997,76.91369444,332.9576894,2.4,2.4,0.35813308,0.70419574,0.84926915,0.87628794,0.894191,0.9092219,0.92310643,0.93522906,21
0.7262641972115363,14.00840406349086,0.0896882502565386,2.5275994549925977,2.830823361678213,0.9198048114776612,2.6694722175598145,3.913906097412109,4.533395767211914,4.842185974121094,5.052106380462647,5.205409049987793,5.325840950012207,5
0.31276117,131.19875636,84.24637504,2.47414037,2.29019233,0.47767925,1.14381051,1.5202899,1.65217733,1.72266817,1.78120184,1.83157349,1.87620831,0
0.523724645968784,186.5888783240873,0.0031642933936434,2.7001068599734683,2.8692929246296943,0.3641891479492187,0.7483129501342773,1.0395054817199707,1.2671923637390137,1.4507286548614502,1.6054513454437256,1.7374536991119385,1.851787805557251,8
0.6676116993312013,15.617338402485396,0.235948641630967,2.0300899937130765,2.1850260654580884,0.8325786590576172,2.28970718383789,3.204530715942383,3.624577045440674,3.844963550567627,3.991886615753174,4.099259853363037,4.184075355529785,22
0.98630184,282.03311157,168.65785217,2.14874029,2.41602945,0.08823967,0.1478622,0.19924402,0.24183226,0.28767419,0.33455491,0.38007283,0.42408562,2
0.9643955028599174,1.7383014359431472,0.0137216015867469,2.0881204775888675,2.748359827537617,1.0929958820343018,3.30157208442688,5.029542922973633,5.934757232666016,6.378986358642578,6.665317535400391,6.878316879272461,7.053616523742676,5
0.8833065750726334,273.61981115381855,381.7598912746126,2.12315494,2.29678369,0.0678105354309082,0.099510908126831,0.1263825893402099,0.1342298984527588,0.1478147506713867,0.1634902954101562,0.1809659004211425,0.1970505714416504,11
0.69254598,191.75578758,344.30397228,2.4,2.9,0.13931918,0.18109584,0.22444844,0.263237,0.30143213,0.33457065,0.3658433,0.3957727,4
0.62084338,263.86747327,257.86586971,2.1,2.6,0.10308766,0.1405077,0.17255902,0.19773436,0.22604895,0.25242257,0.2781124,0.3024013,11
0.908156782034476,1.123882960452632,123.25264825553978,2.20346808,2.59346867,0.8669488430023193,2.6276650428771973,4.0653910636901855,4.730783939361572,4.862608432769775,4.874782085418701,4.874935150146484,4.874980449676514,23
0.49871933,1.0428468,1.321141,2.83571863,2.03994608,1.2481854,3.84343362,6.51352787,8.50707436,9.74173832,10.53508186,11.03556633,11.55423737,13
0.5978177009056234,136.28998254213718,400.0,2.19955516,2.74990797,0.1835205554962158,0.2507970333099365,0.3125345706939697,0.3652701377868652,0.4128589630126953,0.4554543495178222,0.4946098327636719,0.5304186344146729,4
0.55937308,256.67203263,327.0573774,2.6,2.9,0.1498568,0.18309093,0.22306252,0.26498723,0.3010757,0.33250165,0.3635087,0.39204454,4
0.46477965,130.70748901,9.1545763,2.03421497,2.22058845,0.39291048,0.84792256,1.13945794,1.32233572,1.45925808,1.56646705,1.66009045,1.74188685,9
0.33313984,4.36216164,16.40886688,2.03368139,2.11894703,1.14400125,3.53148508,5.92497826,7.52085161,8.10733986,8.30132484,8.36947441,8.37369347,14
0.63733403,102.81979299,76.96436061,2.3,2.9,0.34618688,0.7053087,0.97355175,1.1761036,1.3359995,1.4676566,1.5778732,1.6704006,10
0.61965231,273.11873776,44.16653632,2.4,2.0,0.1452434,0.23751307,0.32720518,0.41024518,0.48907256,0.56274056,0.6315479,0.696856,16
0.60354209,134.59268188,379.3449707,2.23410988,2.50422335,0.16882014,0.22119689,0.27238965,0.31520796,0.35407877,0.38939428,0.42129421,0.45042086,4
0.8844463816265502,252.0544355987116,345.8398402838637,2.3,2.7,0.1052424907684326,0.1436569690704345,0.1748754978179931,0.2107882499694824,0.2494094371795654,0.2848603725433349,0.3168873786926269,0.3485803604125976,4
0.6409568799386874,2.4602893969699453,0.009174781911756,2.9678672845399308,2.769177605325529,1.247812271118164,3.979316234588623,6.674698829650879,8.444382667541504,9.211853981018066,9.46352195739746,9.630172729492188,9.806743621826172,12
0.9377560555222082,1.414740320512897,0.016511248179881,2.451192484794145,2.2152410379714853,1.0997214317321775,3.190122604370117,4.717277526855469,5.5365071296691895,6.019163608551025,6.393681049346924,6.689663410186768,6.911304950714111,5
0.63828773,225.86683853,125.55162031,2.7,2.0,0.1669836,0.27161503,0.37411714,0.4686165,0.5546398,0.63528514,0.7100315,0.77975345,16
0.60623081,42.05987469,264.57154248,2.1,2.1,0.3387637,0.668946,0.84160185,0.9165864,0.9621196,0.9979367,1.0254972,1.0476229,21
0.78115569,88.24376349,382.98428022,2.2,2.4,0.15879297,0.20786834,0.2578225,0.29886723,0.33540797,0.3678372,0.39650178,0.4219687,4
1.0,88.26732133,125.76883499,2.79037416,2.0,0.1947937,0.34470367,0.48630142,0.61455297,0.73027301,0.83534217,0.92975283,1.01654029,16
0.31504685,69.45546546,42.14640108,2.6,2.5,0.7735021,2.2034311,3.2221904,3.6300983,3.7395844,3.7793636,3.8100476,3.8379045,23
0.94271654,90.29699142,286.77891694,2.2,2.6,0.1681788,0.25848508,0.34666705,0.42407584,0.49327183,0.55585957,0.6124151,0.66437197,4
0.61125903,210.02325434,18.96693412,2.49725918,2.19700816,0.21019411,0.36149716,0.50211215,0.62711596,0.74000597,0.84253788,0.93603611,1.02162075,15
0.34261193,193.45992776,331.69234411,2.00590036,2.3853277,0.17708635,0.21361065,0.24840188,0.27757549,0.30296326,0.32631564,0.34773803,0.36736488,4
0.34547403,10.51491451,376.51177979,2.03352165,2.81075001,0.5028224,1.3339467,1.88391519,1.93607926,1.93694234,1.93830967,1.93846655,1.93901515,1
0.75031829,17.8476162,23.28368568,2.1478076,2.17295074,0.70951796,1.82361627,2.48071647,2.80096221,2.98201776,3.11493802,3.20810437,3.29508519,23
0.58817474,44.55447619,7.98894814,2.35494216,2.33061604,0.65110326,1.72152424,2.37591457,2.69591761,2.88289738,3.0246768,3.13502598,3.2355938,22
0.9893349186078152,20.31970859145461,0.0555656480718238,2.674475585846244,2.754423155769108,0.6317269802093506,1.588151931762695,2.2370076179504395,2.6437129974365234,2.931454658508301,3.1562323570251465,3.343435764312744,3.5040712356567383,18
0.7456271051915936,269.95235288680334,395.4562997077446,2.2,2.4,0.080378770828247,0.1106328964233398,0.1347646713256836,0.1466741561889648,0.1619124412536621,0.1784510612487793,0.1948423385620117,0.2101838588714599,11
0.8052786,253.9656847,43.35069113,2.0,2.9,0.13057113,0.21191001,0.28902984,0.36477017,0.43816257,0.5082965,0.5749855,0.63869214,2
0.31502759,76.10998977,303.70016843,2.9,2.9,0.49740458,1.2297664,1.7026796,1.8088851,1.8113847,1.8157835,1.8204246,1.8248935,1
0.7707917429427635,1.83157436720376,77.30689729672294,2.0810761218305096,2.68235983154099,0.9582548141479492,2.979728937149048,4.723836898803711,5.654546737670898,5.883400917053223,5.908940315246582,5.914203643798828,5.915619850158691,7
0.60111418,258.02525763,238.74408518,2.4,2.0,0.11146903,0.15859699,0.20446348,0.24403286,0.28444624,0.3222456,0.3582275,0.39214396,3
0.8512649054069681,0.7883867206045276,0.6618947929471355,2.5215857881850248,2.093953332355339,1.1543946266174316,3.528198719024658,5.587917327880859,6.784911155700684,7.362039566040039,7.691186904907227,7.959258079528809,8.170080184936523,5
0.30516268,33.38777455,275.51115528,2.09936173,2.69561843,0.56257892,1.54334855,2.20536447,2.3044188,2.30668473,2.30744529,2.30849242,2.3094933,1
0.51631059,65.84811125,213.55118233,2.1,2.4,0.3585844,0.7271106,0.93398595,1.0342469,1.0996888,1.1488101,1.1890905,1.2229967,21
0.81167547,43.39027507,30.60688383,2.2,2.9,0.47305775,1.0898018,1.5253205,1.8096175,2.019167,2.1844883,2.322793,2.4406452,19
0.8861127093271702,1.1677409547488633,1.231536415836653,2.32798624,2.30767536,1.1449873447418213,3.471393585205078,5.360708236694336,6.400547981262207,6.921884536743164,7.253738403320312,7.523042678833008,7.727270126342773,5
0.67086626,101.71497867,272.22862054,2.9,2.2,0.26644158,0.47828102,0.6396246,0.7731471,0.8847387,0.9784937,1.0591495,1.1291358,10
0.84263562,86.5767373,347.02603399,2.7,2.9,0.23171282,0.36929703,0.484766,0.58425665,0.6701338,0.7453666,0.81179976,0.870662,17
0.78316852,299.26923058,233.2067484,2.6,2.9,0.15354347,0.17596412,0.21846294,0.27581382,0.32772088,0.37193632,0.41645885,0.45877552,3
0.860855065190657,145.45583281603018,0.0125114501391556,2.79405148360906,2.3112252846014707,0.2297594547271728,0.4195585250854492,0.6000115871429443,0.7644855976104736,0.9141807556152344,1.0511348247528076,1.1756327152252195,1.289858341217041,15
0.6004703334072302,4.331728164942506,0.4842812754625358,2.140257823902023,2.1843080337845726,1.094285249710083,3.354797601699829,5.269045829772949,6.305075645446777,6.716258049011231,6.895049095153809,7.024515151977539,7.108221054077148,5
0.4323343085566564,5.993659925278825,0.7624703017903668,2.297279358036221,2.3779880208830337,1.1555237770080566,3.700277090072632,6.243697166442871,7.968729019165039,8.664836883544922,8.76919937133789,8.794832229614258,8.824213981628418,13
0.7033673371306081,2.352443840269848,0.0031603616940542,2.6334048940583146,2.73270612574426,1.210242748260498,3.806319713592529,6.222766399383545,7.691717624664307,8.334171295166016,8.617103576660156,8.827264785766602,9.008584976196287,12
0.90395221,76.2652596,331.61599339,2.5,2.5,0.2064321,0.32794833,0.43649936,0.52861166,0.6093886,0.6802149,0.74244547,0.7974696,17
0.4248276969552247,138.44349424493686,0.1121350945859112,2.118361373832282,2.9544647935337025,0.5010192394256592,1.2889761924743652,1.798337697982788,2.0547783374786377,2.22072434425354,2.3464372158050537,2.455318689346313,2.548632860183716,18
0.37238767,34.07477653,199.99110014,2.1,2.4,0.5493152,1.3955967,1.8546293,1.9068282,1.9077318,1.9085262,1.9093935,1.9102266,1
0.59950565,123.24353605,40.96678285,2.2,2.9,0.33473372,0.6737294,0.9308455,1.1300268,1.2895331,1.4219809,1.5350442,1.6316609,9
0.7802516426900038,36.22718799121793,0.0224608774100501,2.4086689529036915,2.019210141546241,0.5158157348632812,1.2240407466888428,1.6862728595733645,1.974877119064331,2.1834237575531006,2.348475694656372,2.4858663082122803,2.6045100688934326,18
0.42337754,265.35387527,294.71033009,2.06474151,2.16711037,0.10647702,0.13062549,0.15196276,0.16605163,0.18423104,0.20137215,0.21726346,0.23140931,11
0.51115438,30.84532354,114.69892798,2.4,2.7,0.6901214,1.8801787,2.6597593,2.962918,3.0621755,3.1034558,3.1342275,3.1615036,23
0.6612654881345945,12.93055464167415,0.0341308651615782,2.8061175447587186,2.2314722965663973,0.9164352416992188,2.54755973815918,3.643662452697754,4.196434497833252,4.517541408538818,4.742686748504639,4.914806842803955,5.031580924987793,22
1.0,62.06537624,106.29108016,2.0,2.0,0.21958089,0.41049194,0.58113909,0.7304244,0.86072946,0.97656369,1.07850981,1.16767335,16
0.4774925,297.51419323,304.02021636,2.7,2.2,0.12843251,0.16376877,0.20021248,0.23210073,0.26401806,0.29361987,0.32128978,0.34777927,11
0.95640355,165.55670996,223.06529976,2.1,2.2,0.10666847,0.168859,0.22537136,0.27703118,0.32926655,0.3788402,0.42518735,0.4692073,3
0.764394017254073,4.90638744383695,1.299222324427601,2.096039556831597,2.582624272749968,1.036146879196167,3.0997865200042725,4.657004356384277,5.424885749816895,5.7682390213012695,5.982847213745117,6.132646560668945,6.250273704528809,5
0.72966743,266.2923584,337.92404175,2.90811157,2.33107781,0.12558198,0.14034057,0.16830802,0.19146943,0.22140026,0.24454451,0.26479435,0.2879765,11
0.87776448,176.25519398,122.01755215,2.69710064,2.76626924,0.19475484,0.3251133,0.45340109,0.57595992,0.68824577,0.79355907,0.89142108,0.9831171,16
1.0,113.99218845,400.0,2.0,2.0,0.08190632,0.11227918,0.13366508,0.14930701,0.16857624,0.18519521,0.200629,0.2154355,11
0.42963924491014,3.2932407707838456,0.0745056577171454,2.798406707024097,2.1344662579513383,1.185993194580078,3.789494514465332,6.496431350708008,8.533233642578125,9.588153839111328,9.712414741516112,9.721726417541504,9.730172157287598,12
0.35427371,3.19466853,46.46546936,2.76247072,2.35018325,1.13589048,3.44622135,5.71802711,7.22814655,7.69304752,7.73111343,7.73994541,7.74219227,7
0.50001717,39.06235846,82.20248024,2.1,2.2,0.61402917,1.5862589,2.1360965,2.3321877,2.413704,2.4675107,2.5170093,2.5624723,0
0.5101736962655868,104.2795431642433,0.0153468435339051,2.8623984120236527,2.9064344395431,0.5654280185699463,1.453716516494751,2.0590569972991943,2.386326551437378,2.5934245586395264,2.7523372173309326,2.884174108505249,2.9965860843658447,18
0.92827896,79.08586953,357.45154932,2.1,2.1,0.1300199,0.18114114,0.22934914,0.2708001,0.30922484,0.3439784,0.37488317,0.40285707,4
0.5382669034143518,6.683591657402329,1.0576570681395856,2.164902862009121,2.8549526139117987,1.130134344100952,3.6061413288116455,5.9569091796875,7.368402481079102,7.912668228149414,8.050639152526855,8.120370864868164,8.177188873291016,13
0.8680195913286368,1.377266432063224,33.531049375435906,2.4327448592691434,2.186976762060872,1.0321063995361328,3.0720436573028564,4.658404350280762,5.462271690368652,5.8149003982543945,6.023490905761719,6.145768165588379,6.212681770324707,7
0.36155907,97.83526296,337.73250736,2.8,2.7,0.37925506,0.77449965,0.9758854,1.043571,1.0809088,1.1121478,1.1389096,1.1614656,21
0.8552560895154038,22.53457925084076,0.005106738215609,2.591845440297865,2.9764882676734734,0.7138593196868896,1.924143552780152,2.7227604389190674,3.1688873767852783,3.451558828353882,3.665879011154175,3.838989973068237,3.985453367233277,22
0.8037477963507726,2.6162691544698387,0.1162109779341737,2.0673698921265578,2.782308997556245,1.1158406734466553,3.45085883140564,5.4202880859375,6.482135772705078,6.951104164123535,7.1926984786987305,7.3777360916137695,7.505934715270996,5
0.47675988,4.93115819,358.01838574,2.8,2.4,0.5680227,1.5390439,2.2295296,2.333804,2.3380778,2.3381197,2.3392603,2.339709,1
0.3036370815842762,4.326756898677906,0.0338775858454386,2.9044822352120194,2.452119344346314,1.2468156814575195,4.088881969451904,7.293979167938232,9.985418319702148,11.50710105895996,11.55906867980957,11.56329345703125,11.566892623901367,12
0.55687748,47.99381946,25.45521937,2.1,2.4,0.602458,1.5111656,2.0421126,2.295756,2.4430354,2.5557072,2.6471584,2.7268322,19
0.48355407,16.18806076,2.43264079,2.94623852,2.14963865,1.01907325,2.86283684,4.16147375,4.78283072,5.09866333,5.32157898,5.46023655,5.56431389,6
0.7604413391462141,6.825440148057497,0.0077388901628863,2.351553068323767,2.83386728082962,1.0300803184509275,3.0830230712890625,4.65399169921875,5.439265727996826,5.798413276672363,6.030732154846191,6.204652786254883,6.3253278732299805,5
0.9991586,296.31928041,399.99932218,2.0,2.09881813,0.04907537,0.07556438,0.09880233,0.0996244,0.11005926,0.11948395,0.12707901,0.1362915,11
0.31736639,234.91078006,24.10574816,2.11377239,2.00839492,0.27686095,0.49005747,0.63443422,0.7452054,0.83348608,0.9079361,0.97057486,1.02751207,15
1.0,200.66884655,119.45222566,2.0,2.0,0.09398866,0.16099167,0.22273564,0.28071904,0.33823347,0.39312339,0.44678688,0.49750304,2
0.63069033,296.72271658,269.78177649,2.6,2.8,0.14325404,0.17347813,0.21313787,0.25984025,0.30291796,0.3400991,0.37642407,0.4108925,4
0.6869352,158.84541048,310.76774816,2.7,2.6,0.18720436,0.27303886,0.3559649,0.43042183,0.4972155,0.55802774,0.6137657,0.6653838,4
0.3872489253268737,9.868382215717894,37.90899868031762,2.15607572,2.05253077,0.949899435043335,2.86928391456604,4.456389427185059,5.257257461547852,5.4204816818237305,5.44627857208252,5.459980010986328,5.467674255371094,7
0.5539781382077639,20.09592512746073,0.0589508583704223,2.921488841508938,2.562154112737159,0.9628889560699464,2.808839797973633,4.173969268798828,4.837872505187988,5.170603275299072,5.37805700302124,5.536295413970947,5.6408772468566895,5
0.3964358634462049,58.21683512239657,0.1079374219265374,2.024614452040713,2.432205706223639,0.7411396503448486,2.100915908813477,2.973526954650879,3.320096492767334,3.450554847717285,3.533384323120117,3.604835987091065,3.663558006286621,22
0.6565022318828369,0.7471048778964187,0.0141240919361704,2.8899654586237373,2.572364140413866,1.2758803367614746,4.1908721923828125,7.389190196990967,9.867191314697266,11.13760757446289,11.19752311706543,11.208290100097656,11.21733856201172,12
0.9356860339035246,1.5954699498064175,0.4896222928189929,2.2348695034536634,2.515740951749343,1.109365463256836,3.3177924156188965,5.010190010070801,5.903526782989502,6.378991603851318,6.6951422691345215,6.941287517547607,7.125973224639893,5
0.3,149.45532188,189.13613493,2.0,2.0,0.28267264,0.48426175,0.58313441,0.64560628,0.69522142,0.73512769,0.76775432,0.79734516,21
0.63877818,285.55958755,236.27685619,2.4,2.4,0.11416483,0.16127634,0.20603251,0.2447524,0.28419352,0.321815,0.35744882,0.39156985,3
0.33822565,150.40566544,38.87369305,2.2,2.9,0.4588971,1.0636878,1.4255304,1.5924554,1.699935,1.7839284,1.8569303,1.9211826,19
0.8315350860327538,1.8908782375287,4.013008123198009,2.9800554635197605,2.4216855492143967,1.1499857902526855,3.4435276985168457,5.290197372436523,6.296568870544434,6.8298540115356445,7.220880508422852,7.58070182800293,7.863168716430664,6
0.31276307,91.16374576,53.00477631,2.39505627,2.92868488,0.70984626,2.04148078,2.9966538,3.36391521,3.45069957,3.49068379,3.52629304,3.55952382,23
0.9433166761702628,238.43906744062,0.0050121321603613,2.092062387617787,2.2784938121459315,0.1184461116790771,0.2097940444946289,0.2939338684082031,0.3741288185119629,0.4536223411560058,0.530935525894165,0.6056473255157471,0.6772289276123047,2
0.3365391293339778,8.370964976545805,0.1348378303019248,2.4561702267848053,2.049113498957224,1.109614610671997,3.479818344116211,5.781939029693604,7.340976238250732,7.947734355926514,8.021812438964844,8.043516159057617,8.066574096679688,12
0.95252397006695,3.598251108832505,0.4241599206079777,2.615594728502556,2.2166259324667807,0.9624958038330078,2.622070550918579,3.714830636978149,4.3141679763793945,4.696758270263672,4.990983009338379,5.210697174072266,5.381121635437012,5
0.95094501,103.22574158,248.867562,2.6,2.4,0.18777704,0.30956292,0.42739868,0.53318787,0.62922573,0.7164719,0.79636884,0.8696954,17
0.3392278747220526,1.6108021015824767,0.0072901269640289,2.3695600523265865,2.3989221210479728,1.2351877689361572,4.12053918838501,7.45523738861084,10.432775497436523,12.271533966064451,12.308025360107422,12.314724922180176,12.320499420166016,12
0.60288619,80.02339344,83.6895096,2.09130643,2.21674396,0.38076234,0.8114326,1.09807301,1.28669453,1.42426014,1.53681827,1.63002467,1.70558858,10
0.7502421314019252,77.25106568912202,11.137168318875476,2.8,2.4,0.4091584682464599,0.8956012725830078,1.2636094093322754,1.5371432304382324,1.7490758895874023,1.9225916862487795,2.069638252258301,2.1957664489746094,18
0.50023383,271.65957227,382.34111596,2.5,2.1,0.09940696,0.12211371,0.14519,0.15697885,0.1711719,0.1843102,0.19857001,0.21202302,11
0.83278905,77.6753508,221.6183334,2.7,2.8,0.29620385,0.55490685,0.76102924,0.9329252,1.0763972,1.1983557,1.3013339,1.3911572,10
0.88756311,191.50824714,48.59239749,2.903926,2.31052736,0.17350006,0.29515648,0.41548991,0.52916384,0.63606334,0.73628545,0.8308692,0.91933274,16
0.4534157868718298,11.478995729040786,59.75832145017317,2.28739119,2.27496958,0.906926155090332,2.7169454097747803,4.141843795776367,4.774786949157715,4.928406715393066,4.979336738586426,4.997201919555664,5.007994651794434,23
0.69319604,239.28619248,340.49704485,2.9,2.6,0.14189601,0.1899054,0.23747087,0.29113197,0.33610582,0.3789358,0.41919208,0.45767665,4
0.8537564650560199,3.968157163237644,4.141592918418598,2.5552679571889523,2.0594679624841974,0.9739251136779784,2.6837778091430664,3.818255424499512,4.413506031036377,4.79066276550293,5.07180118560791,5.274112224578857,5.426534175872803,6
0.80345296,124.07670985,212.54347546,2.3,2.6,0.18621516,0.29912353,0.40724134,0.50255585,0.5883703,0.6664381,0.7374623,0.80268955,17
0.4184727858392402,27.653114455155063,0.0091177072400764,2.03292795343211,2.06499998675396,0.8706386089324951,2.489378929138184,3.587714195251465,4.028022766113281,4.198344230651856,4.282229423522949,4.354461193084717,4.409677028656006,22
0.50305361,37.45357359,134.85335383,2.6,2.7,0.6594846,1.8015144,2.561754,2.850959,2.9401,2.980509,3.0134413,3.042806,0
0.8821263115851011,3.7027992952061473,0.2692017579280817,2.95288984155532,2.41447487400612,1.0426025390625,2.955601692199707,4.305667400360107,5.019778251647949,5.46882438659668,5.821541786193848,6.106867790222168,6.319701194763184,5
0.46260032,269.34416145,283.30871606,2.2,2.8,0.12922788,0.16058493,0.19304013,0.2152853,0.23820901,0.26228833,0.28412604,0.30421376,11
0.51102344,145.56230967,185.28646262,2.2,2.8,0.25388455,0.42708492,0.55459046,0.6587899,0.74699426,0.8231435,0.88878584,0.94717,17
0.7751414764751481,6.700434014375624,0.0679323365770175,2.884803432064482,2.5616814411363023,1.0314116477966309,2.979635715484619,4.400950908660889,5.128797054290772,5.547719478607178,5.8484625816345215,6.083813190460205,6.261834621429443,5
0.79354117,160.88843867,340.92228759,2.3,2.9,0.13268948,0.17864227,0.22527742,0.26407814,0.30253863,0.33824682,0.3708954,0.40199447,4
0.5919914403451912,27.409295864524253,0.2403401235015076,2.495869316889784,2.781192967460585,0.8540184497833252,2.4777212142944336,3.611565589904785,4.154611110687256,4.409986972808838,4.56475830078125,4.683696746826172,4.77912187576294,22
0.8287745,286.57996324,18.20869021,2.94610852,2.13610299,0.13210177,0.21470237,0.29330969,0.36929703,0.44468737,0.51771832,0.58629346,0.65282679,2
0.6832628941574033,58.61088940759742,1.9806057330859896,2.7411695913460346,2.88313304784864,0.5915699005126953,1.5153210163116455,2.1426031589508057,2.505932092666626,2.747978925704956,2.935203790664673,3.090611696243286,3.221404790878296,18
0.71619451,277.21175321,274.86483773,2.26905209,2.66380635,0.10996151,0.15833235,0.20062351,0.24173641,0.28415155,0.32394338,0.36052752,0.39607835,4
0.44102082,281.29020044,317.53819172,2.2,2.0,0.09349251,0.1161716,0.1357665,0.1442914,0.15885997,0.17303371,0.18589258,0.19782495,11
0.57002699,3.22782493,22.35359383,2.34695339,2.20140815,1.12213778,3.35024691,5.30691576,6.39755917,6.73389435,6.84952736,6.91008759,6.92952442,7
0.458229590441103,287.25905092861547,395.48781348653455,2.69386148,2.25674915,0.1118311882019043,0.1262977123260498,0.1421353816986084,0.1468455791473388,0.1578056812286377,0.1687958240509033,0.1722862720489502,0.1793930530548095,11
0.8243936264831541,255.1515452023216,256.61934819169625,2.4,2.2,0.0955903530120849,0.1420254707336425,0.1811010837554931,0.2134847640991211,0.248866319656372,0.2844538688659668,0.3186969757080078,0.3511073589324951,11
0.6254117869351146,8.419852300106985,0.3440896172217119,2.90884848,2.66998849,1.0935935974121094,3.284335136413574,5.04348087310791,5.958840847015381,6.3743109703063965,6.657555103302002,6.888472080230713,7.061179637908936,5
0.54445956,233.89421041,166.85391099,2.734586,2.35612427,0.17880201,0.26493478,0.3494339,0.42345524,0.49149609,0.55417371,0.61198997,0.66609478,2
0.53278165,107.35065129,275.78661272,2.7,2.7,0.32196188,0.5996256,0.7754376,0.90033865,0.99570346,1.0731652,1.1382332,1.1919038,10
0.791653842571703,2.1076267822551107,0.5316486230944157,2.724634671887839,2.5343546366679512,1.172433614730835,3.5714480876922607,5.595644950866699,6.726728439331055,7.275652885437012,7.618259429931641,7.923063278198242,8.174357414245605,5
0.78044428,145.35613478,327.49694839,2.20328336,2.04334376,0.10596204,0.14471745,0.17867398,0.20801282,0.23799133,0.26552916,0.2911222,0.31510305,11
0.5071069009233644,1.86705759495276,0.134488391424962,2.104306072398568,2.03808453805013,1.1460251808166504,3.685012102127075,6.286068916320801,8.206075668334961,9.16579532623291,9.242180824279783,9.251338958740234,9.259159088134766,12
1.0,296.33847681,400.0,2.03225398,2.0,0.04688025,0.0717454,0.09160757,0.09513068,0.10548162,0.11231899,0.1172564,0.12602139,11
0.36284143,255.40370669,208.88190197,2.4,2.3,0.19077134,0.2602291,0.3237896,0.37749553,0.4251461,0.46897244,0.50892067,0.54567623,3
0.9431720109248536,1.5694296681120066,1.788758987865472,2.072864301769493,2.1001915774096176,1.039419651031494,2.959984064102173,4.289488792419434,4.974505424499512,5.381053924560547,5.669930458068848,5.880738258361816,6.036689758300781,5
0.35887874,45.48819475,56.64389767,2.6,2.1,0.7905743,2.2880547,3.3616378,3.7710378,3.855367,3.8798568,3.898914,3.916302,23
0.61656332,289.03778076,30.91876221,2.05172086,2.10676003,0.12000084,0.19617081,0.26727962,0.33408403,0.39863038,0.45918179,0.51629877,0.57095718,2
0.62586584,69.00728446,35.81635846,2.58938243,2.34060448,0.48221445,1.14891529,1.58967328,1.85262132,2.03757119,2.18136001,2.30363822,2.40464282,19
0.53362728,90.08188875,41.41810124,2.6,2.9,0.5215509,1.2712245,1.7687979,2.0391512,2.2110043,2.346785,2.4578686,2.551515,19
0.87511754,254.61401367,368.3671875,2.08096981,2.88882017,0.09069467,0.1336267,0.16516709,0.19777107,0.23188066,0.26526856,0.29511452,0.32479167,11
0.96555911,206.95485131,233.22872341,2.4,2.3,0.10671687,0.169482,0.22574162,0.2772119,0.32930374,0.37983966,0.42860723,0.47470427,3
0.65396137,240.44001485,52.39037896,2.18072087,2.39152466,0.16249228,0.26905441,0.37251329,0.46854591,0.55694771,0.64019299,0.71743608,0.78975391,16
0.30301747,261.840271,73.39972687,2.22170043,2.36230397,0.27544928,0.47165418,0.60173488,0.70517683,0.79021215,0.86072993,0.92298293,0.97616172,16
0.73249941,111.06102488,78.71932837,2.5,2.4,0.29600668,0.57013345,0.7963648,0.9866049,1.1477711,1.2851279,1.4040732,1.5080154,10
0.44771479,209.5133598,367.29243745,2.1,2.6,0.11969614,0.13797641,0.15462351,0.16162395,0.17289495,0.18224978,0.1923902,0.20106459,11
0.56709956,92.99408484,322.16406089,2.7,2.5,0.29817176,0.5320239,0.6763768,0.7817428,0.86465526,0.93168473,0.9880254,1.0341516,10
0.39881094,250.4798198,235.77815254,2.8,2.5,0.22259879,0.32468748,0.40627527,0.47785044,0.5416782,0.599143,0.6509044,0.6983676,17
0.47706914,285.79452515,139.86158752,2.534163,2.31202221,0.16478992,0.23666191,0.31017947,0.37431717,0.43311381,0.48831391,0.53968811,0.5877676,2
0.64643753,223.67997742,377.73535156,2.26980639,2.07877326,0.08305335,0.10792303,0.12742043,0.13097167,0.14430904,0.15642333,0.16769505,0.17732382,11
0.83720166,17.16164877,280.97222489,2.8,2.2,0.46894884,1.1492832,1.5786085,1.7426655,1.7906756,1.8144274,1.8326993,1.8476362,1
0.6429880241224902,1.5505949196646458,97.44607790374,2.807349765897353,2.919096115004209,1.0161516666412354,3.20448637008667,5.32396125793457,6.715377807617188,7.157447814941406,7.173110961914063,7.180761337280273,7.181942939758301,7
0.95889001,152.54009035,142.70409973,2.01739687,2.74848417,0.15260863,0.26401806,0.37167954,0.47469068,0.5718534,0.66330028,0.74940991,0.83093834,17
0.74276435,29.07854271,391.72457886,2.00209308,2.5741117,0.31203747,0.59265089,0.7419908,0.80923009,0.84725404,0.87377858,0.89339995,0.90855908,21
0.9133541972107844,2.006643196861629,0.8322207919502556,2.4830592841270462,2.3656163789243374,1.0865371227264404,3.157156467437744,4.67133903503418,5.460683345794678,5.918931484222412,6.262740612030029,6.535508632659912,6.737727642059326,5
0.3345266008146072,40.85754688190868,0.0137666143992096,2.830453717789754,2.524730784146651,0.9522509574890136,2.839970827102661,4.33944034576416,5.053004264831543,5.304587364196777,5.436322212219238,5.518527030944824,5.582914352416992,5
0.5311429947520223,102.52067022957732,0.0402836084150106,2.573128495679656,2.331176558632849,0.4686241149902344,1.1063110828399658,1.5267975330352783,1.77803635597229,1.9568989276885984,2.099747896194458,2.2176334857940674,2.3220345973968506,18
0.77635124,253.52681413,213.99729719,2.9,2.9,0.16717339,0.2371006,0.31674266,0.39777207,0.470006,0.5386722,0.6040101,0.6659758,3
0.30080775,107.11984611,42.79908985,2.6631801,2.81753408,0.69568133,1.9602375,2.85909033,3.2124052,3.31087589,3.36073589,3.40357924,3.44317961,23
0.3003688420449862,5.741874177026093,1.7854569686249406,2.87015676,2.48570728,1.2273714542388916,4.007326126098633,7.080462455749512,9.55845546722412,10.95366382598877,11.05694580078125,11.06035041809082,11.06337547302246,13
0.91362008,237.94231362,115.41666224,2.4,2.2,0.11556053,0.19313574,0.26412272,0.33028245,0.3964901,0.46089935,0.5224371,0.58128,2
0.4629224723931284,91.86345636164477,107.41995487447387,2.12215623994558,2.797769584969249,0.4867727756500244,1.2371304035186768,1.7090539932250977,1.9238030910491943,2.045827627182007,2.1375768184661865,2.2170779705047607,2.285374402999878,20
0.3616908959569028,277.0613413543877,267.90928452579044,2.4,2.1,0.1269395351409912,0.149782657623291,0.1735379695892334,0.1917459964752197,0.2118360996246338,0.229954719543457,0.2473182678222656,0.2634580135345459,11
0.41123389,287.99563469,27.9704764,2.4,2.9,0.24757743,0.41277933,0.54848194,0.6664479,0.76991105,0.86269236,0.9460747,1.0209203,15
0.75147809,17.15992184,361.59108945,2.0,2.5,0.32009625,0.5832565,0.67213273,0.67898655,0.68152165,0.6838088,0.68569326,0.68723106,21
0.7316829757267859,75.17608116113497,0.0123318283357296,2.345648015394364,2.83332631573296,0.459153413772583,1.058882713317871,1.491934299468994,1.7962608337402344,2.026496410369873,2.2129783630371094,2.3684792518615723,2.501148223876953,18
1.0,294.82762713,1.79958331,2.0,2.0,0.08325267,0.14809704,0.20791411,0.26263952,0.31826448,0.37178183,0.42476106,0.47682691,2
0.38192441,102.81101241,39.73825009,2.9,2.8,0.649456,1.7781754,2.553619,2.8811326,3.0151443,3.0997033,3.1741543,3.239613,23
0.51964447,190.07487009,222.74720013,2.17790905,2.46255547,0.18839598,0.28224325,0.36883569,0.44342232,0.50951409,0.56998587,0.62447691,0.67385697,17
0.3,85.0940119786527,396.02212637276017,2.7410774,2.68881666,0.3689713478088379,0.7515428066253662,0.9175913333892822,0.9441409111022948,0.9594054222106934,0.9730191230773926,0.9853289127349854,0.9962754249572754,21
0.3487188205468847,1.7202034361769534,0.9859939600179548,2.5141182396072552,2.24965390781552,1.2243444919586182,4.040522575378418,7.223855972290039,9.99134349822998,11.747310638427734,11.815768241882324,11.822877883911133,11.828989028930664,13
0.4767044717665863,1.1964283757999643,0.2291388368728503,2.260357743641017,2.383696580657864,1.2245075702667236,4.059897422790527,7.269147872924805,9.989263534545898,11.564547538757324,11.63133430480957,11.639678955078123,11.646748542785645,13
0.50947905,29.4772106,396.21148958,2.16688819,2.72134379,0.39605117,0.88101673,1.13128614,1.15234923,1.15310693,1.1534512,1.15383959,1.15414739,21
0.93794358,7.4074955,86.27285004,2.32864475,2.94426703,0.78343534,2.2193141,3.19765186,3.66602802,3.87907648,4.00297022,4.07818985,4.12995911,23
0.3722733859359318,3.670788788318365,0.0172054876532347,2.054297994699828,2.580462816848573,1.194937229156494,3.991515636444092,7.139905452728272,9.716449737548828,11.075471878051758,11.13393783569336,11.13839340209961,11.142168045043944,12
0.931118706379342,20.88484647912354,0.0521450500357932,2.723850298761897,2.5239329715854515,0.6387367248535156,1.609104871749878,2.254650354385376,2.649247884750366,2.921947240829468,3.135544538497925,3.311279535293579,3.4618852138519287,18
0.6192745713997496,3.4259954341907366,0.0052563097062087,2.340367929053751,2.4256801491740374,1.1519412994384766,3.5982260704040527,5.799449920654297,7.1044921875,7.62955379486084,7.828686714172363,7.966562271118164,8.079323768615723,5
0.4425484607858534,95.47082759538787,0.1451691374999824,2.861499824037288,2.470756508950366,0.5934171676635742,1.5592715740203855,2.179246187210083,2.4782660007476807,2.6536223888397217,2.7839601039886475,2.8918845653533936,2.9876654148101807,18
0.80938644,108.33466988,299.95729085,2.6,2.3,0.18783498,0.29413223,0.39484644,0.48219085,0.5603082,0.6306827,0.69377446,0.75100136,17
0.87655722,270.74358956,184.65452855,2.2,2.7,0.10938358,0.16344953,0.21292639,0.25779152,0.3035071,0.35049152,0.39504385,0.43721294,3
0.58599256,31.62823206,121.7555214,2.6,2.0,0.6152215,1.6586716,2.2973647,2.5186539,2.5951295,2.6446157,2.6868958,2.72474,0
0.96396712,74.31758619,96.30855245,2.3,2.1,0.23573685,0.4418149,0.62671065,0.790817,0.93472385,1.0631368,1.1756055,1.2772169,10
0.3060952953320118,9.53157834901462,6.941601592884155,2.73898958,2.98724393,1.221426486968994,4.001827239990234,7.069573402404785,9.461353302001951,10.648252487182615,10.77112102508545,10.773478507995604,10.776129722595217,14
0.41200272,295.0325052,97.28233875,2.5,2.2,0.19761491,0.30119205,0.39690423,0.48056674,0.55540633,0.6238885,0.6866019,0.7447405,16
0.9193770198385912,2.911650913059157,0.4159377044016182,2.0025558506921444,2.009518295917116,0.9584896564483644,2.615053653717041,3.67722225189209,4.224533557891846,4.556240558624268,4.78944730758667,4.9564409255981445,5.088508129119873,5
0.42935692,216.71948719,139.08932655,2.3,2.4,0.22360969,0.35297847,0.45878148,0.5486479,0.6267264,0.69633627,0.7578511,0.81343365,17
0.99813449,31.87976456,203.96417236,2.1479249,2.90253639,0.36819363,0.79380631,1.11360216,1.34918022,1.5269556,1.66685104,1.7781589,1.87082458,10
0.6108100479086019,0.7996357555533287,0.0088313747720529,2.852401048589676,2.594552722083581,1.2772338390350342,4.220868110656738,7.509294509887695,10.157333374023438,11.465638160705566,11.51860237121582,11.524611473083496,11.529542922973633,12
0.6633980423876774,5.768290138916564,0.6276932648931143,2.6406022408409093,2.83477554860531,1.135847806930542,3.490394115447998,5.498526096343994,6.602088451385498,7.071519374847412,7.337116718292236,7.551426410675049,7.713317394256592,5
0.92315894,26.63265992,312.53223112,2.0,2.3,0.2605455,0.45402098,0.5766239,0.65828085,0.7158716,0.75724006,0.7866545,0.8112848,21
0.38834877,14.58866422,31.11987357,2.71132857,2.39511563,1.05832171,3.11983037,4.84038353,5.73766041,5.97685623,6.08008766,6.1328764,6.15589237,7
0.4698007517765811,100.18516163819412,0.0272634066312385,2.1307554528981143,2.920515026691591,0.5623993873596191,1.505960464477539,2.105424165725708,2.390446424484253,2.558662176132202,2.690654993057251,2.7981088161468506,2.891824960708618,18
0.77830426,39.52674556,301.3207082,2.41671778,2.33097738,0.31554365,0.6003437,0.77930498,0.89349866,0.97384667,1.03227139,1.07847118,1.11460066,21
0.40116977,295.73025225,346.60887617,2.2,2.8,0.11189389,0.13294601,0.15224147,0.15610981,0.16503072,0.17679262,0.18385339,0.19062114,11
0.76412772,176.33790667,202.63980138,2.9,2.8,0.20921683,0.33469558,0.4584303,0.5719552,0.6745429,0.76906633,0.8566499,0.9377234,17
0.6197537,46.21030858,142.02180428,2.3,2.8,0.4867034,1.1567357,1.5758381,1.774754,1.8919582,1.9761686,2.0454774,2.1046038,20
0.4676685095607655,18.62789413184306,0.1940206153267061,2.892945207066231,2.6164855053796146,1.041325330734253,3.1257715225219727,4.80726432800293,5.65435266494751,5.989328861236572,6.202316761016846,6.354996204376221,6.463846683502197,5
0.57028932,51.17059688,228.00044408,2.90086349,2.96417383,0.5205524,1.30466747,1.83951092,2.06730127,2.15874863,2.21960974,2.26959419,2.31249666,1
0.55646431,13.06022263,47.59563065,2.89165854,2.04015684,0.87346625,2.38740492,3.38072586,3.83759356,4.06837463,4.18554783,4.26053429,4.30004501,23
1.0,218.50524902,214.71325684,2.0,2.0,0.07647562,0.1248672,0.16672301,0.20314026,0.24165058,0.27876067,0.31434464,0.34890985,11
0.3866768603974578,5.487619899938118,0.056660545324788,2.165140778138888,2.6705162372363005,1.189141035079956,3.916142225265503,6.888741493225098,9.136117935180664,10.235922813415527,10.383753776550291,10.389552116394045,10.394682884216309,12
0.99644795,182.90632986,176.6569669,2.4,2.6,0.13404489,0.21819234,0.29674459,0.3727417,0.44606924,0.5159991,0.58215594,0.6456051,3
0.32470116,11.74987602,35.41068649,2.35720801,2.65792656,1.10623288,3.40261555,5.58778095,7.00106621,7.37607193,7.38613129,7.38964748,7.39095306,7
0.30837425,294.74882446,211.77284941,2.78932665,2.54913064,0.21620679,0.29072213,0.34818792,0.39774871,0.44282126,0.48376322,0.52098751,0.55548787,3
0.45727282,230.02883416,43.20417329,2.6,2.4,0.27932644,0.5044992,0.6815553,0.82908297,0.95586705,1.0657232,1.1607957,1.2448921,9
0.40725138,155.62552167,48.05563562,2.5,2.2,0.40582395,0.8971584,1.2084992,1.3891928,1.5190928,1.6181769,1.7038126,1.7787929,19
0.3172681924723622,11.979294800858844,34.04214011018096,2.04958296,2.09245062,0.9693689346313475,2.981508731842041,4.747311592102051,5.724590301513672,5.938902378082275,5.946616172790527,5.951445579528809,5.95450496673584,7
0.42173925,126.46946276,70.67450628,2.1,2.2,0.3740604,0.7854681,1.0330443,1.1804154,1.2855315,1.3712134,1.4433019,1.5021858,10
0.95292809,199.82187538,307.71393327,2.8,2.5,0.13534927,0.18825912,0.24119878,0.3037119,0.36089468,0.41242385,0.46265078,0.50999784,4
0.93372135,99.80731472,302.31639921,2.0447335,2.36885237,0.14106393,0.21792889,0.29328227,0.36039591,0.42178798,0.47808194,0.52944636,0.57689524,4
0.8505622191669957,178.67006394390168,0.060895227075449,2.868090291772975,2.641237196461787,0.2278885841369629,0.4031405448913574,0.5740272998809814,0.7336714267730713,0.8801279067993164,1.0160090923309326,1.1420338153839111,1.2581932544708252,15
0.36594382,56.8501358,74.70401001,2.37000799,2.7111361,0.74343038,2.12738967,3.11020398,3.49092889,3.58162236,3.61564612,3.64467931,3.67161632,23
0.37494151,125.53986071,11.09749644,2.5,2.7,0.5640731,1.4465992,1.9987042,2.2365334,2.368892,2.4682324,2.553767,2.6282976,18
0.43530919,226.0762278,393.88986268,2.1,2.7,0.11090541,0.12750626,0.14131355,0.1426456,0.14917588,0.15647125,0.16462278,0.16860771,11
1.0,241.27821194,400.0,2.0,2.0,0.05242419,0.07879281,0.09902382,0.10334468,0.11506939,0.12377477,0.13117599,0.14141965,11
0.78213166,182.09375185,90.62100651,2.4,2.5,0.1834197,0.30813026,0.4298246,0.54170203,0.645308,0.7413132,0.8300228,0.91291046,16
0.7032135586637531,5.555136914485369,0.0159617078406841,2.488715501321776,2.9508641934175053,1.1185107231140137,3.4497828483581543,5.42649507522583,6.495167255401611,6.9602532386779785,7.217542171478271,7.411553859710693,7.551117420196533,5
0.30629831,214.52433144,218.70581992,2.2269804,2.62059497,0.26912355,0.43799472,0.53486347,0.60993886,0.67411375,0.72776532,0.77562666,0.81601882,17
0.4123368,71.50994689,172.30421474,2.60757734,2.74582464,0.54806018,1.42460608,1.99085212,2.17767644,2.23215699,2.27240682,2.30874658,2.34112287,0
0.41888139,168.24805339,215.45352179,2.7,2.1,0.27548337,0.4848044,0.62433386,0.7341492,0.8241706,0.89850163,0.9610021,1.0167043,17
0.33914246,62.36613251,12.37036033,2.5,2.9,0.8421626,2.38691,3.5048904,4.0059648,4.1992087,4.280758,4.3306446,4.3782597,22
0.3811833961384551,7.874926728454127,0.0164762420163922,2.594783567851526,2.5103284108958395,1.1861250400543213,3.807804822921753,6.4874267578125,8.371813774108887,9.200220108032228,9.309356689453123,9.325310707092283,9.349098205566406,12
0.45463014,131.90178223,254.28537717,2.3,2.3,0.24814701,0.3963101,0.49330163,0.5712929,0.6343889,0.6884539,0.7346034,0.7741642,17
0.48939198,151.60066223,124.77333069,2.13988209,2.3314414,0.28147531,0.51395297,0.68349552,0.81715393,0.92576885,1.01756215,1.0952177,1.16186976,10
0.44095358,154.18450928,23.31929779,2.00320649,2.03752875,0.31835246,0.62546611,0.83419347,0.98701382,1.10501003,1.19995308,1.2811265,1.35236454,9
0.6951331798030779,1.481304155262751,0.103988714287352,2.8728492590678254,2.706145983819593,1.2553484439849854,4.0345306396484375,6.831854820251465,8.71467399597168,9.557540893554688,9.812576293945312,9.957395553588867,10.122321128845217,12
0.6595505607918839,8.343734797708086,0.6846238255040584,2.30428168712536,2.458326315357937,1.0171077251434326,2.99845814704895,4.472840309143066,5.178193092346191,5.5048017501831055,5.701563835144043,5.849521636962891,5.952178001403809,5
0.92327935,51.11756613,372.56798692,2.3,2.9,0.21426702,0.32680178,0.41305494,0.48183012,0.53944564,0.58771324,0.6277647,0.66124296,17
0.9369867781632072,10.993330461209602,0.0692974181279865,2.8013749338164646,2.459603349066998,0.7824316024780273,2.065201759338379,2.899702548980713,3.3758602142333984,3.688870906829834,3.918992519378662,4.10396671295166,4.2618513107299805,22
0.73724342,286.885908,133.9103983,2.7,2.0,0.11623335,0.18696189,0.25345635,0.31692743,0.37842512,0.43790603,0.49425125,0.5489323,2
0.5340005978890635,3.0103299248139423,32.822750718000826,2.823326228955114,2.5081286429039804,1.1270346641540527,3.5620386600494385,5.948162078857422,7.531564712524414,8.135762214660645,8.206523895263672,8.225354194641113,8.243045806884766,14
0.70746934,15.40009689,4.90066624,2.95496702,2.20727897,0.85377407,2.27178288,3.17863989,3.65789127,3.94796562,4.14296246,4.28081799,4.39622688,22
0.30926293,208.42253023,337.08055168,2.06504863,2.76976589,0.21629786,0.29312038,0.34093714,0.38129401,0.41697574,0.44885135,0.47715282,0.5041616,4
0.709896386983045,41.316365115076415,9.281824117317669,2.284419013790924,2.411447906828286,0.577934741973877,1.4529914855957031,2.000200033187866,2.3077547550201416,2.5155484676361084,2.674121618270874,2.8095943927764893,2.922404527664185,18
0.9491921733519156,5.330046528410899,0.087466169318494,2.8013190714980354,2.119266441775006,0.8831863403320312,2.333221435546875,3.268587112426758,3.802450180053711,4.165176868438721,4.431116104125977,4.638655185699463,4.801928520202637,22
0.73514825,295.87404848,352.99696019,2.1,2.3,0.06664562,0.09546494,0.1174612,0.11804748,0.13101101,0.14424443,0.15665483,0.16742134,11
0.37430689,69.47672272,382.82113647,2.38714671,2.80216455,0.37454748,0.77649927,0.97348499,1.0101943,1.0249536,1.0380373,1.05102229,1.06172609,21
0.3717285,253.89962109,99.04008445,2.5,2.8,0.27906275,0.476475,0.61670566,0.7326913,0.8317182,0.9170704,0.9925661,1.0585597,16
0.31107516,74.61551566,213.7585517,2.12921342,2.19869633,0.44753218,1.04710531,1.34583473,1.37961793,1.39169192,1.40308881,1.4134798,1.42356229,1
0.7085859303396987,7.54505870427855,0.1192815655004312,2.28722284339421,2.998202196592532,1.0467240810394287,3.1945340633392334,4.923776626586914,5.805075645446777,6.177517890930176,6.383294105529785,6.543280601501465,6.64891242980957,5
0.5384735041623223,6.230511048122399,35.675547193482096,2.04958296,2.09245062,0.9549407958984376,2.8595662117004395,4.35219669342041,5.0499186515808105,5.244939804077148,5.298891544342041,5.323153018951416,5.339622020721436,7
0.7162083085510083,55.3030495797703,0.0196806213126063,2.0279531479932014,2.2487569218444,0.469801664352417,1.0893452167510986,1.4966168403625488,1.7625882625579834,1.9586398601531985,2.114530086517334,2.247359275817871,2.359248638153076,18
0.6025051344393112,7.142191609714681,9.20361281664783,2.40051866,2.10613394,1.003140211105347,2.9128825664520264,4.3158111572265625,4.987245559692383,5.30001163482666,5.509071350097656,5.640534400939941,5.73897647857666,6
0.42743824,126.86032155,207.74623342,2.60938903,2.38038735,0.33109951,0.64631701,0.83845758,0.9621675,1.05522203,1.13001561,1.19303799,1.24632645,10
0.76757784,122.52114851,334.45216475,2.84471056,2.04970235,0.13569045,0.17843461,0.22126436,0.25678277,0.28941441,0.32043576,0.34913301,0.37509108,4
0.86632787,125.86016887,136.25225636,2.9,2.6,0.24524426,0.4360988,0.6136637,0.7740958,0.91911626,1.0503898,1.1694703,1.2770762,17
0.41355285,140.59441806,186.39053656,2.3,2.2,0.2942803,0.5285289,0.67433715,0.7782726,0.85716105,0.9229233,0.97661304,1.0248222,10
0.51105952,71.37175166,1.59707169,2.6,2.9,0.65265703,1.7204561,2.4162931,2.7529612,2.943387,3.0818086,3.1929636,3.291873,22
0.58128095,13.68836308,22.47504234,2.27810693,2.11844206,0.91214132,2.52229285,3.58014894,4.03859615,4.24374866,4.35364819,4.4227972,4.46304321,23
0.30243224,117.38631439,292.19326782,2.95513844,2.11120701,0.29333401,0.47186565,0.52792311,0.56249261,0.59034991,0.61473775,0.63661385,0.65505767,21
0.40352784,51.16993854,166.1281755,2.9,2.6,0.6551635,1.8406937,2.6879175,2.9960353,3.0436842,3.0587041,3.0737503,3.0881445,0
0.64541928,240.80942351,260.62184264,2.2,2.7,0.12166619,0.16702294,0.21127701,0.24794841,0.28341675,0.31917715,0.35290694,0.38439703,4
0.62088847,175.18203735,6.30110359,2.40391111,2.14314485,0.23657894,0.42634034,0.5943799,0.74077582,0.8699789,0.98522449,1.08827877,1.1795752,15
0.47224899,61.76491897,58.9277218,2.0,2.6,0.55012417,1.3626602,1.8335836,2.0349495,2.149649,2.2352512,2.3073661,2.3645227,19
0.86381525,21.15759438,42.31384969,2.7,2.6,0.6603687,1.7169712,2.4050677,2.7806509,3.0208437,3.1946304,3.3388965,3.4572098,23
0.49254917,229.08345438,46.67030121,2.8,2.0,0.24770689,0.44366288,0.60888124,0.75106597,0.87530804,0.984812,1.0819569,1.1683843,16
0.3696011394554389,0.9839958922221472,0.0342613056863159,2.608059751709609,2.3222580164028868,1.247542142868042,4.147808074951172,7.502178192138672,10.49517822265625,12.204266548156738,12.23468017578125,12.239384651184082,12.243318557739258,12
0.44262517,54.35228649,104.67944271,2.0966271,2.25341079,0.57478571,1.48929381,2.01088595,2.16928697,2.22944045,2.274019,2.31308055,2.34866738,0
0.3160182250286726,1.5883402398077409,0.080184638223435,2.686445029155241,2.928966324101083,1.3055460453033447,4.407697677612305,8.121428489685059,11.558923721313477,13.785235404968262,13.829434394836426,13.83401584625244,13.837870597839355,12
0.4379039589136878,9.654297108525885,0.0037906149067364,2.7451255603898925,2.1741113174679905,1.0899183750152588,3.318168878555298,5.2575225830078125,6.339071273803711,6.742575645446777,6.904721260070801,7.050762176513672,7.145818710327148,5
0.92825849,250.74177358,197.99829387,2.6,2.6,0.13424492,0.19026852,0.24720287,0.3106196,0.3736422,0.4308505,0.4850936,0.5383506,3
0.81646432,8.07524628,180.21412526,2.6,2.0,0.64634657,1.7747259,2.4923406,2.7192054,2.7385836,2.7393632,2.7408395,2.7426262,0
0.8364994444057168,2.7484675409685804,0.016369003962926,2.9290866325118445,2.7285717386348782,1.1544232368469238,3.4588565826416016,5.316774845123291,6.322418689727783,6.844157695770264,7.235842227935791,7.569041728973389,7.81766939163208,5
0.75539137,252.13978956,336.50650698,2.6,2.8,0.14195728,0.16059518,0.192904,0.2351923,0.27496052,0.30730343,0.33949685,0.37034798,4
0.82906016,35.29197675,50.50503501,2.4,2.0,0.4813981,1.1211631,1.538435,1.8002691,1.9902711,2.1384344,2.2590785,2.360385,19
0.38907079,159.89445368,253.37153003,2.7,2.0,0.27287173,0.47362423,0.59786415,0.6902895,0.76430106,0.82680345,0.87911105,0.9244416,17
0.31625911,249.14307306,372.26341363,2.8,2.1,0.1653893,0.18917084,0.21646428,0.23630881,0.25565767,0.27390337,0.2912526,0.3071823,11
0.3133571781991544,3.8084553958864538,136.131368781155,2.7,2.5,0.8842649459838867,2.702427625656128,4.330538749694824,5.200438499450684,5.323461532592773,5.339674949645996,5.340179443359375,5.34034538269043,7
0.974294389725856,66.24413380891086,0.0030921448967041,2.1123437963937084,2.1829199234397203,0.2857437133789062,0.5663127899169922,0.8137884140014648,1.0277862548828125,1.2119081020355225,1.372380018234253,1.513575315475464,1.6381456851959229,8
0.66243994,51.10724574,259.51169642,2.0,2.0,0.27668643,0.49623346,0.6309514,0.72015977,0.78361106,0.83434606,0.873528,0.905056,21
0.84366628,113.48065431,124.2411262,2.6,2.3,0.23200035,0.41739988,0.58739567,0.7384944,0.8728888,0.99402237,1.1022794,1.2003651,16
0.50137223,6.93520022,161.84542025,2.8,2.8,0.86758304,2.5567455,3.9728084,4.6643004,4.8093095,4.813065,4.813233,4.813308,23
0.7539368106754925,13.760853262646345,0.0984494305321377,2.7131945259799743,2.6040113153668627,0.88494873046875,2.483185052871704,3.56384539604187,4.114097595214844,4.432550430297852,4.649899482727051,4.811325073242188,4.950051307678223,22
0.51646585,127.8012903,118.3957014,2.8,2.9,0.4039774,0.8668313,1.1882277,1.4009752,1.5535135,1.6776032,1.7815619,1.868042,10
0.74136114,107.33189392,258.72177124,2.19224787,2.2222023,0.18246007,0.28390193,0.37645507,0.45633626,0.52667499,0.58893871,0.64556003,0.69591904,17
0.59176527,93.29227394,107.10500818,2.0,2.0,0.30026817,0.58100414,0.7795577,0.92791772,1.04361224,1.13790441,1.21611953,1.28186607,10
0.72706951,250.20109158,127.5054865,2.38675195,2.2117596,0.12620091,0.19720006,0.26480722,0.32822442,0.38954926,0.44867468,0.50376892,0.55634761,2
0.30930514,139.91037038,14.32524845,2.76217104,2.24566648,0.54598022,1.37162685,1.86549664,2.05755663,2.15941429,2.23815727,2.30746126,2.36854601,0
0.98623526,79.49668758,232.038416,2.76803166,2.48031299,0.22140694,0.3824532,0.52922988,0.65812755,0.77283978,0.87503695,0.96620059,1.04735684,17
0.93698221,117.81530064,157.36185242,2.4,2.6,0.19354033,0.3307848,0.46299052,0.5831723,0.6933565,0.794436,0.8872402,0.97323227,17
0.68915596,219.93431454,145.7277813,2.00165126,2.8378394,0.15983391,0.2600112,0.35926223,0.45155358,0.53671002,0.61673927,0.6913321,0.76164246,17
0.6979507,96.84953843,151.70688517,2.9,2.5,0.34677267,0.7027283,0.9727535,1.1838639,1.3518143,1.4912472,1.6076145,1.7082586,10
0.9607799947128174,12.823425988916634,0.8733631407809022,2.1573066267522814,2.5846945880967023,0.7056386470794678,1.844559669494629,2.5541799068450928,2.953962564468384,3.2205989360809326,3.421278715133667,3.583736181259156,3.7206971645355225,22
0.4221886193579429,0.8824133182697127,0.1342589583460336,2.3883461385840814,2.428008237355782,1.2423884868621826,4.139076232910156,7.491081237792969,10.491833686828612,12.26219367980957,12.28664779663086,12.29483413696289,12.301691055297852,12
0.61400109,146.80143469,132.92819203,2.7,2.8,0.29996085,0.5568352,0.7589483,0.9288738,1.0720639,1.1945577,1.3005147,1.3947816,10
0.8574020778671039,56.72725269430085,0.0158848330023541,2.304735490019025,2.6495081046712574,0.4313807487487793,0.9590117931365968,1.3560779094696045,1.6525394916534424,1.8841707706451416,2.073895215988159,2.23422646522522,2.372555017471313,18
0.6505964375823506,0.7313568275134222,116.30547384554636,2.448054642533327,2.439475504415316,0.9148674011230468,2.820530891418457,4.542930603027344,5.503496646881104,5.666323184967041,5.675817012786865,5.676747798919678,5.6770453453063965,7
0.76857903,24.75371635,184.42923377,2.1165458,2.51470298,0.49275184,1.2079885,1.6440382,1.83561468,1.93018079,1.99727798,2.04928756,2.08992839,0
0.8774142077749547,18.042689153582167,0.0272376431835745,2.3685260548646765,2.38212922549596,0.6794188022613525,1.7477469444274902,2.4175100326538086,2.7980785369873047,3.050010204315185,3.242509365081787,3.399561882019043,3.530447483062744,18
0.49939779,38.00967433,206.84884761,2.3,2.1,0.49089217,1.2082846,1.5983572,1.6799142,1.6974502,1.7128584,1.7263036,1.7382276,1
0.80761117,235.04487514,127.60060961,2.14033793,2.33324542,0.11979628,0.19505429,0.26595592,0.33239913,0.39716458,0.45962191,0.51793885,0.57420945,2
0.8564588427141714,0.8783285066905202,2.731563659110069,2.082950293539645,2.6228204817136964,1.1767172813415527,3.755849123001098,6.154506683349609,7.604640007019043,8.2735013961792,8.554705619812012,8.728248596191406,8.855147361755371,14
0.53070891,268.67997244,177.57808161,2.2,2.9,0.14913535,0.20836902,0.26990652,0.32254887,0.37250423,0.41968346,0.46310425,0.5047951,3
0.95756655,28.5863402,22.44080637,2.42083423,2.91268698,0.54951787,1.33146381,1.87435842,2.2311604,2.48863721,2.69133401,2.8581059,3.00097537,19
0.8333022,201.1386134,0.90571976,2.3583356,2.70349138,0.19115138,0.33547449,0.47516537,0.60780692,0.73171806,0.84814715,0.95698833,1.0591135,15
0.7966974504689924,2.956185723662381,15.052628248494674,2.43173651270921,2.3839723948290903,1.06034517288208,3.152026891708374,4.754878044128418,5.5738935470581055,5.954832077026367,6.207314491271973,6.390129089355469,6.505180358886719,6
0.7232167728207536,0.7423154863279279,0.03199621722489,2.6216231451772134,2.6455824033975466,1.2603466510772705,4.129606246948242,7.188491821289063,9.40734577178955,10.54347801208496,10.755277633666992,10.771382331848145,10.782546997070312,12
0.90353184,89.93903947,170.84794534,2.9,2.2,0.2507813,0.46291852,0.65307,0.8203492,0.9677427,1.098928,1.2140205,1.3174415,10
0.6783852,4.1773386,47.29730988,2.42158532,2.13943338,0.98786092,2.80637002,4.12845707,4.72459602,4.95043755,5.04802036,5.0959053,5.11212444,23
0.5846117214272614,2.0185304143339384,0.0502776635616613,2.051962370427828,2.400443075592795,1.1704397201538086,3.803596019744873,6.48816442489624,8.35628890991211,9.21641731262207,9.377185821533203,9.401300430297852,9.42569351196289,12
0.96633687,198.93701997,292.82882914,2.5,2.9,0.15035558,0.18500137,0.23657966,0.29578567,0.35151505,0.40000224,0.44783592,0.49263167,4
0.6469951065547646,0.8372159122494119,0.1452187587573042,2.1096874454486825,2.7185506382385745,1.2258095741271973,4.102324485778809,7.314337730407715,9.82182788848877,11.213380813598633,11.324201583862305,11.335671424865724,11.34512424468994,12
0.4308494377632852,0.9763510542786518,0.0077319680602226,2.764277623320389,2.6735585454395694,1.288591384887695,4.314897537231445,7.856244087219238,11.0487642288208,13.071946144104004,13.127469062805176,13.133298873901367,13.138072967529297,12
0.62634741,221.27546295,175.27206532,2.5,2.6,0.178406,0.27197433,0.36437225,0.44843078,0.52556515,0.59647584,0.6620352,0.72356176,17
0.81101413,101.23113313,247.57813589,2.4,2.7,0.21639204,0.35705376,0.48257685,0.5901041,0.68476486,0.7691188,0.8436775,0.91095686,17
0.3699589500136643,7.328220253715508,0.0121362019203806,2.296164734152245,2.0954286519521084,1.114880084991455,3.520203351974488,5.860564231872559,7.416786193847656,8.0736665725708,8.160223960876465,8.183148384094238,8.205227851867676,12
0.36100859,82.75921465,127.49517286,2.5,2.9,0.5804095,1.517076,2.1180053,2.325108,2.3908997,2.4360795,2.47677,2.5127892,0
0.986976716272443,3.1205147665083564,0.1986784845842073,2.4317479962137503,2.8798385006084093,1.033074140548706,3.0222833156585693,4.486856460571289,5.247777938842773,5.659541130065918,5.951939582824707,6.176118850708008,6.349916458129883,5
0.9847854623511106,1.556169729254031,0.0262311133966741,2.0618817036869217,2.1904582867698683,1.0435259342193604,2.981574773788452,4.31852912902832,5.002215385437012,5.414772987365723,5.705681800842285,5.923022270202637,6.083677291870117,5
0.7451173335524597,3.129574355909989,7.49535970781082,2.27088958,2.40347761,1.0851874351501465,3.275198221206665,5.025413513183594,5.9312896728515625,6.336950302124023,6.568432807922363,6.740245819091797,6.861752510070801,6
0.64574064,155.92349122,311.86992127,2.85697951,2.05519197,0.14279151,0.1864059,0.23062611,0.26690197,0.30044746,0.33291721,0.36233163,0.38986182,4
0.34229168,106.17824597,279.19940938,2.5,2.2,0.356179,0.7200639,0.8981993,0.9611726,1.0038221,1.0393896,1.0688336,1.0933218,21
0.44055304,45.02178197,96.96838557,2.7,2.6,0.7248275,2.0462582,2.9702194,3.3434799,3.452111,3.4964297,3.5312397,3.5637543,23
0.31536757,178.66637299,294.44315497,2.1,2.0,0.17700076,0.2123344,0.24210072,0.26762128,0.29081082,0.3115542,0.33046103,0.3478167,11
0.3815939949381629,17.625619389660454,0.2930619233555824,2.50961260955167,2.4765132113659662,1.0710272789001465,3.2914628982543945,5.236482620239258,6.316762924194336,6.656853675842285,6.759613037109375,6.824156761169434,6.880291938781738,5
0.35452602,261.15003932,123.3229752,2.53680552,2.89830371,0.29955173,0.53251719,0.68937111,0.81565237,0.92104793,1.01179361,1.09019303,1.15825701,10
0.92331845,163.31376385,238.96246363,2.3,2.0,0.10940957,0.17413354,0.23460245,0.29017305,0.34478188,0.39651608,0.44516182,0.49060202,3
0.7228927,299.49197041,355.07980482,2.3,2.8,0.10536623,0.12165022,0.14485621,0.15552616,0.17380238,0.19329643,0.20530653,0.22011948,11
0.31363272,251.15533902,256.41200505,2.30076535,2.85644556,0.23752713,0.35025764,0.4228301,0.48533726,0.53967953,0.58859563,0.63164425,0.670434,17
0.30157965,296.25308228,54.11236191,2.96410465,2.14708471,0.24687672,0.39179802,0.49491644,0.58188987,0.65726876,0.7229712,0.7817533,0.83378053,16
0.8337913791237258,2.2910841597073426,68.89945607153808,2.869826985991341,2.7189234085423486,1.0071032047271729,3.0470964908599854,4.748231887817383,5.638218879699707,5.968814849853516,6.132322311401367,6.21998405456543,6.254830360412598,7
1.0,289.55058038606376,344.2665176413247,2.0,2.0,0.0528340339660644,0.0810694694519043,0.106163740158081,0.1143207550048828,0.1302950382232666,0.1441123485565185,0.157958984375,0.1724588871002197,11
0.8349211317953311,4.162831490361223,0.155156353632385,2.9340247277261664,2.441023593526921,1.0600895881652832,3.0550460815429688,4.499446868896484,5.250621318817139,5.698784351348877,6.053930759429932,6.33007287979126,6.536280155181885,5
0.77768355,126.22050535,202.07542693,2.6,2.1,0.19501305,0.32761908,0.4520104,0.5619385,0.66048384,0.75053287,0.83210945,0.9067023,17
0.45203876,15.95020485,13.19231415,2.78789663,2.06821203,1.00173712,2.81684256,4.11528778,4.71005917,4.97893333,5.15494394,5.25791359,5.31639385,6
1.0,179.35031165,175.58566457,2.0,2.0,0.09335923,0.1556077,0.21220374,0.26517725,0.31789327,0.36802411,0.41588044,0.46160722,3
0.3730073251167516,1.3319255269709134,0.8148737105335114,2.797126202925333,2.11391967560856,1.206789493560791,3.932425975799561,6.973301887512207,9.546175956726074,10.853976249694824,10.876535415649414,10.884428977966309,10.891172409057615,13
0.4892495661400035,40.94644319320239,2.0003326328370377,2.8533135521944484,2.845681365058905,0.8599178791046143,2.5177924633026123,3.7333619594573975,4.325142860412598,4.59108829498291,4.746891021728516,4.847044944763184,4.940627098083496,22
0.8744833078136871,17.8075479662217,0.2439561547080471,2.225961206720158,2.6936968301741047,0.7081797122955322,1.890854835510254,2.6342973709106445,3.039602756500244,3.30159854888916,3.496365547180176,3.653497219085693,3.78825044631958,22
0.93864655,175.81384277,92.06372833,2.34999394,2.54947138,0.15852857,0.27115464,0.37931609,0.48355389,0.58180976,0.67495847,0.76279211,0.84559512,16
0.30575576,13.98516273,45.96500778,2.03484321,2.70640802,1.04212332,3.22199583,5.26658583,6.55235529,6.82970285,6.83379126,6.83556414,6.83683538,7
0.5992994403392046,4.167621355018328,36.07668205927994,2.6,2.0,0.9853293895721436,2.92409348487854,4.446181297302246,5.197867393493652,5.473385810852051,5.6072492599487305,5.693173408508301,5.731661796569824,7
0.5127563630242904,8.174874728313004,4.9841752905455925,2.93104315,2.54045773,1.1281943321228027,3.4717698097229004,5.551191806793213,6.731560230255127,7.173698902130127,7.378866672515869,7.540462017059326,7.675588130950928,6
0.5876143761244472,39.46910798725179,172.80207119943285,2.347156536099366,2.8926435004758533,0.5670769214630127,1.5392158031463623,2.1867270469665527,2.4488253593444824,2.550680160522461,2.615930557250977,2.66958236694336,2.7148919105529785,0
0.88905197,70.08589874,20.20878375,2.7,2.9,0.39470816,0.8355582,1.191165,1.4765038,1.7083712,1.9002576,2.0620527,2.2024236,9
0.6770196500510556,18.785542992837605,5.893759749697124,2.5833856953813044,2.074422008541573,0.77423095703125,2.0630338191986084,2.870986223220825,3.286705732345581,3.533076524734497,3.699113130569458,3.831667184829712,3.930665254592896,22
0.7755563923007839,2.6910938986356787,5.68541484152014,2.87184739,2.02307391,1.0576624870300293,3.0518643856048584,4.512228965759277,5.277608871459961,5.718452453613281,6.090170860290527,6.372244834899902,6.595295906066895,6
0.70413633,98.02160211,85.49008638,2.9,2.9,0.39703012,0.8408096,1.1795187,1.4363141,1.6389518,1.8030553,1.9404817,2.0582361,10
0.33486361,285.99200817,13.25510926,2.16666976,2.13610072,0.23429537,0.38553238,0.50413823,0.60434651,0.69029021,0.76537538,0.83219004,0.89123464,15
0.542826215285865,6.989889554316956,0.0761665805562871,2.8546222454185965,2.574019773599196,1.155463933944702,3.576021432876587,5.744315147399902,6.987041473388672,7.477389335632324,7.703901290893555,7.885351181030273,8.03695297241211,5
0.74254228,298.17431128,282.36065877,2.2,2.8,0.10227179,0.13355541,0.16441298,0.18576217,0.20975971,0.23755646,0.26246953,0.2864535,11
0.46699241,207.06762067,104.32436769,2.79148254,2.65524798,0.29554701,0.5328021,0.71024418,0.85691452,0.98112774,1.08823156,1.18019056,1.26206303,10
0.56268684,205.87881608,181.90777512,2.8,2.5,0.22440577,0.36106873,0.48297644,0.59016323,0.6856563,0.7720616,0.85052896,0.92189026,17
0.96348791,239.49308781,247.67382649,2.8,2.6,0.14118767,0.18953681,0.24118328,0.3073988,0.3685634,0.4239025,0.47775698,0.5295193,3
1.0,115.9788148,259.993445,2.0,2.0,0.10856652,0.17081094,0.22844887,0.28316712,0.33480644,0.3825469,0.4267869,0.46811748,4
0.42970145,33.3458842,16.48650493,2.52661338,2.9254581,0.92248797,2.7983532,4.30594254,5.03842688,5.28726101,5.40254784,5.46811724,5.5134449,6
0.83208525,166.48866272,282.00817871,2.13081932,2.18946481,0.11138034,0.16415286,0.21412969,0.2587204,0.30341268,0.34518409,0.3840766,0.42034507,4
0.79289126,211.75761614,243.21188645,2.3,2.1,0.10335684,0.1575222,0.20719099,0.24973106,0.2937858,0.33618045,0.3757739,0.41331887,3
0.7482089718898662,63.21612670257929,0.0154697002936356,2.646553810571467,2.503866973312456,0.4802391529083252,1.115893840789795,1.5686149597167969,1.8743586540222168,2.101686954498291,2.284130096435547,2.4358606338500977,2.565469264984131,18
0.39945472,106.54132112,217.99633866,2.02402137,2.71723224,0.38168383,0.86339426,1.15102124,1.2800889,1.36138868,1.42531109,1.47815681,1.52266955,21
1.0,129.69795722,400.0,2.0,2.0,0.07576871,0.10553479,0.12576032,0.13902187,0.15675235,0.1724093,0.1864965,0.20052123,11
0.611335229084464,206.4338012036453,0.750731199287411,2.215636953965976,2.908012279223553,0.2622489929199219,0.4841253757476806,0.6818952560424805,0.8564760684967041,1.0111069679260254,1.148916721343994,1.2729887962341309,1.3840081691741943,8
0.5624919867417658,142.09982636145344,111.00213236975814,2.7882806818872723,2.68874807076054,0.3437509536743164,0.6871521472930908,0.94230318069458,1.1394946575164795,1.298137664794922,1.4300856590270996,1.541989803314209,1.639413356781006,10
0.53500015,139.50176019,291.51515218,2.7,2.3,0.23969531,0.38481212,0.4925232,0.5830791,0.6599977,0.726825,0.78495884,0.8374176,17
0.89186865,60.7822876,155.48187256,2.04121208,2.04747415,0.23304296,0.42879844,0.59308577,0.73162413,0.84874058,0.94862771,1.03350806,1.10870647,17
0.8550960873212068,1.0200066367546732,0.4908046028563232,2.9745249894178,2.342181698998859,1.1956043243408203,3.6602864265441895,5.792634963989258,7.023983955383301,7.64759635925293,8.042923927307129,8.413323402404785,8.763882637023926,13
0.96426233,241.70547162,192.81976464,2.7,2.7,0.15374064,0.20761609,0.27089858,0.3470626,0.41730857,0.4814012,0.54365635,0.6031246,3
1.0,1.4909930707123162,7.588669262460707,2.9213376,2.84819651,1.147395133972168,3.4174633026123047,5.230146884918213,6.21270227432251,6.754551410675049,7.1626458168029785,7.507936954498291,7.759166240692139,6
0.61812833,55.24560289,18.31312477,2.90474745,2.9025869,0.6578021,1.74610567,2.47998047,2.85649347,3.07899332,3.24112082,3.36966133,3.4861269,23
0.43882645,256.82426892,318.01909212,2.5,2.7,0.16088271,0.19671679,0.23439479,0.26739955,0.2989967,0.32725096,0.35329747,0.37861085,4
0.7469229621463456,31.483086323495915,0.024576719620273,2.06169614677917,2.8164799744764792,0.6566925048828125,1.7705721855163574,2.4658758640289307,2.830472230911255,3.0589869022369385,3.2315385341644287,3.3689305782318115,3.4912469387054443,22
0.9278558406186296,2.94220884745383,0.1519164609995887,2.683124788728551,2.7960039117043527,1.0878841876983645,3.196819305419922,4.788481712341309,5.624545574188232,6.086343288421631,6.4220147132873535,6.690564632415772,6.890613079071045,5
0.73344061,148.41475979,272.15236004,2.9,2.1,0.17906189,0.2832458,0.38386846,0.47473383,0.55656195,0.6317489,0.70073843,0.7651069,17
0.3918187,96.62381065,178.00681088,2.6,2.2,0.4458704,1.056529,1.4155643,1.5424159,1.6058297,1.6570466,1.6996543,1.7358646,0
0.69325578,125.61161667,210.51465402,2.1,2.3,0.17809868,0.2801299,0.37438345,0.4561398,0.52849364,0.5939231,0.6518581,0.70552707,17
0.42751036,105.69963231,31.94147106,2.73822945,2.22065652,0.49438095,1.21556473,1.66086125,1.88133502,2.02434087,2.13623786,2.22580552,2.30801511,19
0.56162021,108.91400544,302.66613583,2.5,2.7,0.26883817,0.4480672,0.5642655,0.6577127,0.7342603,0.79897857,0.8526993,0.9004271,17
0.66920573,19.71068573,37.75744629,2.41738153,2.19493866,0.75198579,1.99193358,2.7610147,3.11648726,3.29716802,3.41298127,3.48838687,3.56346107,23
0.33482623,187.48791504,367.90185547,2.24763966,2.94869328,0.24388576,0.35566354,0.4115274,0.46058631,0.50301027,0.53981018,0.57458711,0.60452437,4
0.7083978326290625,4.394900557490304,14.092325204401568,2.87184739,2.02307391,1.0054702758789062,2.8712894916534424,4.212230682373047,4.881341934204102,5.256160736083984,5.550361633300781,5.765633583068848,5.912722587585449,6
0.92569309,200.52661133,157.51597595,2.46489835,2.66135359,0.14620876,0.23843765,0.32522249,0.41218996,0.49502969,0.57244301,0.64560127,0.71567059,17
0.3317418024558922,2.831107130802648,98.5391498463316,2.63151443,2.42097568,0.9490468502044678,2.9407296180725098,4.805087089538574,5.944322109222412,6.181015491485596,6.184610843658447,6.18607759475708,6.186436176300049,7
0.6964087205477744,74.87919573563178,0.0219313473631798,2.921646273720296,2.582594998656764,0.4876959323883056,1.1407155990600586,1.609769344329834,1.922372817993164,2.1515817642211914,2.334242343902588,2.48648452758789,2.6163010597229004,18
0.49438461,244.50486688,294.9300302,2.6,2.9,0.17427325,0.22484207,0.27951407,0.3283832,0.3721876,0.41156435,0.44863272,0.4832685,4
0.8063718762985976,32.58371830785375,377.47847698948055,2.00000011,2.00000047,0.2160007953643798,0.3267765045166015,0.39058518409729,0.4371476173400879,0.4720466136932373,0.4989078044891357,0.5195193290710449,0.5364434719085693,4
0.99376983,38.19613119,22.80263054,2.6,2.8,0.45480704,1.0151947,1.4449921,1.7649059,2.0109472,2.2089486,2.3752904,2.518242,19
0.97055335,157.86697281,57.34121547,2.7,2.2,0.17522764,0.30982924,0.4398508,0.563987,0.68080854,0.7912924,0.8942292,0.99165034,16
0.5851622,92.75823914,112.9166014,2.8,2.4,0.4209845,0.94664526,1.3051579,1.5293081,1.6871679,1.8145406,1.9177907,2.002701,20
0.366615574197585,0.951568688227958,0.010564954179571,2.631063838852871,2.192960802753872,1.2315285205841064,4.066451549530029,7.274171352386475,10.119953155517578,11.974985122680664,12.032459259033203,12.038976669311523,12.044448852539062,12
0.31044178,271.19099611,129.64689769,2.15108879,2.877648,0.28262329,0.49993896,0.64191294,0.75251842,0.84474492,0.92235255,0.99091482,1.0490694,17
0.53023517,76.94124671,179.23098122,2.6,2.9,0.4483273,1.0306852,1.4042358,1.5927839,1.7030482,1.7884531,1.8593307,1.9171014,20
0.87182088,297.06599569,71.28778686,2.6,2.3,0.116256,0.19532013,0.2643454,0.33250237,0.40085864,0.46784568,0.5309143,0.5921817,2
0.7743584181364118,274.7306504104064,0.1627345980092719,2.7519557058601247,2.9691955794311102,0.1968526840209961,0.3226268291473388,0.450423002243042,0.5764524936676025,0.6923706531524658,0.8023524284362793,0.906862735748291,1.005195379257202,15
0.42335284,15.91296005,89.31664276,2.17947912,2.67662048,0.89147568,2.65574431,4.07723141,4.72370911,4.83302879,4.8397131,4.84100246,4.84206295,23
0.55573727,262.65787028,105.97450391,2.99923928,2.26066115,0.17511821,0.26585674,0.35613871,0.43630242,0.51138592,0.58076167,0.64507294,0.70555425,16
0.69941637,20.53368386,196.06517318,2.6,2.6,0.58327127,1.5334103,2.1417148,2.3678038,2.4350855,2.4658358,2.490383,2.5122712,1
0.46578464,256.19625353,346.44290905,2.1,2.6,0.10314632,0.12464619,0.14186025,0.14671183,0.15862274,0.16917801,0.18031955,0.18926239,11
0.87890307,285.88717544,204.37422041,2.51927525,2.17152823,0.09073257,0.14118767,0.18119001,0.21349883,0.25137424,0.29026723,0.32747507,0.36223507,3
0.5779612551730127,5.48831643588007,0.702553667816922,2.05888128,2.08419657,1.055363655090332,3.1654555797576904,4.868640899658203,5.7371931076049805,6.073976516723633,6.236594200134277,6.351485252380371,6.430712699890137,5
0.3208827441095979,9.949178919657614,0.2076326521757604,2.668438139925285,2.2010998099990777,1.1403415203094482,3.610139846801758,6.067038059234619,7.757065296173096,8.461828231811523,8.538854598999023,8.559253692626953,8.589099884033203,13
0.47205216,36.75223541,221.21951294,2.16618085,2.40612268,0.51758528,1.30973911,1.76588058,1.84804797,1.85444999,1.86191916,1.86909032,1.87585902,1
0.7249649437250175,76.37224717294238,0.3175818414780946,2.148526547480732,2.3615095201693004,0.3952155113220215,0.8584861755371094,1.1985721588134766,1.4496147632598877,1.6455988883972168,1.8054509162902832,1.940033197402954,2.0586955547332764,8
0.87739687,174.86083254,101.5413499,2.7,2.7,0.19682813,0.33261442,0.46549892,0.59174514,0.7078295,0.8162873,0.91675425,1.01137,16
0.8772725411147918,25.017922627498933,1.71983139285138,2.9186846829243627,2.3125518752825034,0.6078927516937256,1.511807918548584,2.1167306900024414,2.489299297332764,2.7504143714904785,2.9527463912963867,3.120055675506592,3.262770175933838,18
0.40109685,58.4391956,345.23213523,2.9077612,2.73052438,0.4373908,0.9857564,1.29390049,1.35293198,1.36101484,1.36976767,1.37777615,1.38512897,1
0.5444316,260.09427722,168.16131356,2.7,2.9,0.20294023,0.30327177,0.40236807,0.49207616,0.5726123,0.64678097,0.71544266,0.7792816,17
0.59839142,259.56357366,32.13715872,2.5,2.6,0.20136857,0.33217573,0.45815492,0.5730617,0.67818093,0.77580786,0.8658254,0.94953537,15
0.95917189,179.19641113,26.99353027,2.06558084,2.51431608,0.15150881,0.26917505,0.38090086,0.48864961,0.59131479,0.68956304,0.78202653,0.87015843,15
0.47497342,52.64429394,332.30909235,2.9,2.9,0.46174145,1.0870037,1.4805436,1.5959616,1.6147923,1.6299162,1.6431775,1.6550512,1
0.75416299,291.07926798,75.98750463,2.7,2.6,0.15234017,0.24296308,0.32788897,0.4169314,0.50041723,0.5777886,0.6520779,0.7229996,16
0.48826945,159.15019226,193.46691895,2.14932537,2.35976124,0.23338294,0.38174248,0.49627495,0.59208536,0.67248988,0.74325466,0.80422759,0.85897183,17
0.98774653,121.0630103,140.63309702,2.6,2.6,0.1988585,0.34469223,0.48609614,0.616832,0.7373922,0.8489907,0.9521332,1.047466,17
0.9809071614160104,1.69885100993767,0.0376880212402384,2.970503292934974,2.112458863876423,1.04923677444458,2.913719654083252,4.184305667877197,4.8943047523498535,5.3984785079956055,5.816762924194336,6.161077499389648,6.404860496520996,5
0.36624591,192.17893364,141.49144663,2.2,2.1,0.25607824,0.42737746,0.5435066,0.6372154,0.71423435,0.7801254,0.8346083,0.88302827,17
0.6955720862788147,34.18545680917179,1.1523120665387478,2.078104061177967,2.1194946012425464,0.6012773513793945,1.5103659629821775,2.046130418777466,2.337198495864868,2.529693365097046,2.675257921218872,2.802674055099488,2.904042959213257,18
0.37054346,21.98406078,112.45123749,2.7,2.2,0.8377049,2.4911041,3.8078132,4.380904,4.4551296,4.45559,4.456028,4.4566946,23
0.30522395,282.64414856,271.03100494,2.98374246,2.3611397,0.18156385,0.21488929,0.24674964,0.26963615,0.29510069,0.31637692,0.33647799,0.35540438,4
0.931618611305602,1.9395473953142683,1.11026187009454,2.8902153893421154,2.16077899446475,1.0636494159698486,3.002389430999756,4.356388568878174,5.090681076049805,5.585596561431885,5.999875545501709,6.315361499786377,6.575450420379639,5
0.7474407,186.03096008,67.73868561,2.19756651,2.12185597,0.16090727,0.27141905,0.37669611,0.47535181,0.56573272,0.65013242,0.72860336,0.80173779,16
0.71831585,174.38877431,344.33021595,2.7,2.5,0.15765524,0.21718788,0.2789986,0.33699226,0.38968706,0.43771076,0.48215628,0.52384305,4
0.66937995,243.34625059,124.85627118,2.1,2.8,0.13724661,0.20890927,0.27931,0.3449738,0.40692163,0.4655087,0.5206742,0.57296395,2
0.84160695,235.95007074,395.10017989,2.3,2.3,0.07738543,0.10885,0.13512254,0.14327669,0.15755749,0.1731503,0.19005394,0.20478463,11
0.39915378,226.4166892,395.66049875,2.1,2.7,0.11483693,0.12964845,0.14219618,0.14266467,0.1484468,0.15491462,0.16228676,0.16513586,11
0.5460333206530997,0.9670337523104772,0.8879094004066284,2.59713483,2.69773722,1.2747948169708252,4.253727912902832,7.668428421020508,10.566400527954102,12.207207679748535,12.251076698303224,12.259539604187012,12.266423225402832,13
0.79390234,297.89535522,375.17608643,2.46899462,2.22183418,0.0728631,0.10545778,0.12960148,0.13190866,0.14318466,0.15860295,0.17502236,0.18802643,11
0.84379118,48.29319832,201.32014702,2.1,2.4,0.28705812,0.54630756,0.7380178,0.884249,0.999475,1.0920477,1.1656518,1.2279212,10
0.33850999334194,4.028433431036447,0.0176060723384998,2.4510362387294005,2.591684142623038,1.2369422912597656,4.093188762664795,7.317420482635498,10.018672943115234,11.52127456665039,11.60650634765625,11.613061904907228,11.618759155273438,12
0.7692861840294575,3.766789539183365,41.29710754746457,2.01024485,2.15126824,0.9176242351531982,2.6514248847961426,3.867351055145264,4.4053239822387695,4.617990493774414,4.721734046936035,4.767294406890869,4.796048164367676,23
0.7299034,102.18465818,136.96101087,2.82047946,2.86982964,0.33990788,0.67234898,0.93292761,1.14482546,1.31868291,1.46448112,1.58801103,1.69443059,10
0.5706553217476253,0.8267520417531241,0.0036050109255353,2.5542983742980034,2.5483237507210434,1.2566843032836914,4.170568943023682,7.451338768005371,10.22002124786377,11.61350154876709,11.644272804260254,11.653322219848633,11.660908699035645,12
0.56548911,277.27895865,337.25083388,2.1,2.3,0.08055162,0.10625243,0.12585783,0.12932324,0.1430645,0.15579414,0.16751647,0.17782688,11
0.5980939997936935,22.265479308895312,5.772057662217708,2.353838288729194,2.4811588061408125,0.8481721878051758,2.409208297729492,3.4585394859313965,3.944162845611572,4.181277751922607,4.330350875854492,4.4360785484313965,4.517491817474365,22
0.97697258,173.12657166,388.57965088,2.50739431,2.26417804,0.09589171,0.13347912,0.16466022,0.18745279,0.21104217,0.23567057,0.2598269,0.28258514,11
0.88533779,222.68163126,377.12295673,2.2,2.3,0.07802081,0.11119962,0.1379652,0.14882565,0.16668582,0.18511724,0.2036655,0.2203834,11
0.55160781,140.95176168,56.04178942,2.3,2.5,0.3169856,0.61756754,0.84341025,1.0203857,1.1636388,1.2812774,1.3840506,1.4729681,9
0.8628411888978303,5.123904420082798,0.0351845186697642,2.7658906525634364,2.445683618803776,1.0014619827270508,2.829864025115967,4.0981879234313965,4.757804393768311,5.166755199432373,5.462301254272461,5.693432807922363,5.872285842895508,5
0.45200779,220.88958169,312.93800185,2.0,2.0,0.10120726,0.12407279,0.14123225,0.15490007,0.17111206,0.18529487,0.19858074,0.21177936,11
0.74797532,240.30153196,265.52300723,2.3,2.1,0.09348988,0.13848233,0.17871976,0.21018028,0.24440432,0.2779677,0.31006622,0.3406551,11
0.5218516000311166,3.1224601907215,6.625107760670365,2.08333755,2.68578482,1.1697087287902832,3.829158544540405,6.622454643249512,8.626299858093262,9.527583122253418,9.668888092041016,9.67911148071289,9.6889009475708,14
0.65597756,76.37884804,330.68021076,2.1,2.4,0.20595884,0.29897594,0.36733437,0.42205834,0.467793,0.5065348,0.5390544,0.5683937,4
0.63555169,6.49093103,42.93848419,2.29726911,2.48175216,1.00413942,2.93566728,4.40603828,5.11700916,5.33244896,5.42414474,5.45956326,5.47365761,7
0.46215659,262.7230835,190.0561676,2.00092363,2.56770205,0.16218901,0.23298931,0.30474019,0.36791301,0.4252429,0.47815466,0.52737427,0.57355952,3
0.73047905,152.94180027,38.87264247,2.3,2.1,0.20846629,0.37244487,0.52398276,0.6597929,0.7822244,0.8938446,0.99432206,1.0857718,15
0.30433181,167.52036043,85.93868315,2.82315907,2.38900009,0.44097805,1.00623798,1.34075618,1.48122764,1.56825185,1.63768363,1.69629359,1.74794316,20
0.5010067923155712,19.93677954308601,6.642781245008672,2.2257847796816983,2.100102130307804,0.8788137435913086,2.488500595092773,3.568065643310547,4.036056518554688,4.241289138793945,4.373915672302246,4.452413082122803,4.51220703125,22
0.44293478,169.25792357,81.14509327,2.8,2.8,0.39363956,0.83101535,1.1306429,1.3308487,1.4786515,1.5982375,1.6993027,1.7859945,10
0.79697445,75.58617499,10.88521537,2.8,2.8,0.4329176,0.9482105,1.3442159,1.6433024,1.8760896,2.0651155,2.2237124,2.3607821,18
0.32557386,191.16193593,318.44861726,2.5,2.6,0.23994875,0.3322897,0.3814838,0.4231212,0.4602282,0.4930098,0.522321,0.54913425,4
0.99330127,294.36413574,158.30506897,2.6235559,2.04331636,0.0868969,0.1404295,0.17898107,0.21319795,0.25548959,0.29779315,0.33730865,0.37493825,2
0.72887859,67.90673571,289.69193373,2.9,2.5,0.32795954,0.6409006,0.86038136,1.0228641,1.1472151,1.2455156,1.326127,1.3944004,10
0.40623734,237.33950313,152.96766645,2.6,2.4,0.24315977,0.39211273,0.5065844,0.6042726,0.68878865,0.7633076,0.8301034,0.8896353,17
0.3762075505433034,9.01662428942574,22.38653317914991,2.9317867,2.82185772,1.1587305068969729,3.708059310913086,6.320536136627197,8.147197723388672,8.894460678100586,8.970165252685547,8.978273391723633,8.989311218261719,14
0.7819362025389128,132.4044560275114,0.0780372386031982,2.390365678583536,2.9719602666169456,0.3062605857849121,0.5964326858520508,0.8519406318664551,1.075009822845459,1.2690105438232422,1.4394192695617676,1.5894782543182373,1.7234976291656494,8
0.8317655248070045,1.3969784465533506,0.8125192579802071,2.7880639648967778,2.1843672923209567,1.150681972503662,3.4555487632751465,5.341872215270996,6.384725570678711,6.919939041137695,7.309603691101074,7.654221534729004,7.951964378356934,5
0.48341399,220.8803259,89.73948492,2.4,2.3,0.22809672,0.37998295,0.51008344,0.6223321,0.7206657,0.808455,0.887002,0.95837045,16
0.47207468,111.25945907,326.52291395,2.1,2.2,0.19864511,0.26438212,0.31150246,0.35124397,0.38487387,0.41373777,0.4393103,0.46176744,4
0.98309213,222.09487915,367.65744019,2.04369831,2.00918531,0.05853248,0.08820724,0.10902667,0.11925888,0.13542318,0.14911127,0.16201377,0.17651463,11
0.4292264,8.7119379,47.4259491,2.94448185,2.82194686,1.13132524,3.4378047,5.59903622,6.98267174,7.39523983,7.45454979,7.49551964,7.51157856,7
0.61109614,121.12650866,75.23046754,2.3,2.1,0.2895348,0.5516751,0.75702524,0.92344093,1.0595698,1.1745677,1.272809,1.3571367,10
0.3745438360955317,1.0203272295355867,0.0997436128548646,2.8257690247083205,2.861726381129509,1.311061143875122,4.420815467834473,8.130824089050293,11.566335678100586,13.53842830657959,13.565592765808104,13.573176383972168,13.57978343963623,12
0.97475234,96.21245372,114.55283178,2.7,2.1,0.21809578,0.39955783,0.5705161,0.7259605,0.86701584,0.99598074,1.1123586,1.2190988,16
0.73854639,93.23642733,279.38956168,2.2,2.9,0.21484065,0.33954263,0.44236732,0.528013,0.6024082,0.66669106,0.72384477,0.7737088,17
0.9549800370769737,0.7405723353396669,0.2938492133932326,2.2257189888593274,2.249011266535524,1.1463439464569092,3.4835963249206543,5.372636318206787,6.439744472503662,6.980711460113525,7.33914041519165,7.621510982513428,7.838975429534912,5
0.4588053506210737,5.496708400935925,46.6715753783487,2.9,2.5,1.070962905883789,3.339412212371826,5.492310047149658,6.8367438316345215,7.2762274742126465,7.316945552825928,7.340148448944092,7.353935718536377,7
0.53523165,117.96348572,186.27893066,2.36053038,2.58767128,0.32132173,0.61851883,0.82328892,0.97332335,1.09049344,1.18643212,1.2650609,1.33105874,10
0.80062395,110.92007087,176.49682104,2.5,2.3,0.22447944,0.39249444,0.54333067,0.67607236,0.79271436,0.8971932,0.9906528,1.0747058,17
0.71871215,22.74478149,100.11463165,2.39663124,2.94593,0.69195986,1.92802978,2.76109481,3.13637519,3.29956937,3.39843392,3.47098756,3.53234887,23
0.96608144,220.57406616,191.00918579,2.34082007,2.28296423,0.10498762,0.16990066,0.2271626,0.27890539,0.33223176,0.38482738,0.43471503,0.48232365,3
0.6586442098545674,1.1441140854110925,0.0065624139387779,2.2522376096708867,2.343921547879121,1.198408126831055,3.871717691421509,6.606651306152344,8.515974044799805,9.461703300476074,9.65243434906006,9.671270370483398,9.69071102142334,12
0.99111477,221.38254777,367.65978473,2.3,2.4,0.0820539,0.12033105,0.14994812,0.16735506,0.18921566,0.21251369,0.23603535,0.25832748,11
0.9342905,26.43460929,199.79015254,2.1,2.4,0.3492782,0.7227838,0.98022294,1.149003,1.2649901,1.3530276,1.4210222,1.4757643,10
0.4729381,208.16550397,392.2292114,2.3,2.1,0.10950112,0.12783766,0.14566422,0.15334845,0.16490078,0.17571807,0.18655086,0.19631457,11
0.95980059,283.29109419,123.05485272,2.6,2.0,0.09419012,0.16177845,0.22143698,0.274709,0.3296945,0.38418984,0.43808818,0.48974824,2
0.44451354,211.22238129,50.20076528,2.3,2.7,0.27922297,0.5021424,0.67121553,0.8103049,0.9279368,1.0283704,1.1146412,1.1918716,9
0.8866628,283.85672763,310.22566163,2.5,2.7,0.13321424,0.14635968,0.17411542,0.21235228,0.25327086,0.28581285,0.3163433,0.3481288,4
0.8361673201260834,0.785789915632822,0.9292748254818154,2.3850454894579265,2.743898957641636,1.2276580333709717,3.93735146522522,6.586173057556152,8.263374328613281,9.03919506072998,9.356067657470703,9.55791187286377,9.725770950317385,13
0.38990589,25.98113517,114.27368562,2.3,2.0,0.7305496,2.0400515,2.9100776,3.1674848,3.1857986,3.1894145,3.1936488,3.197884,0
0.360272878535422,11.67929987113796,0.0090649793443858,2.543268251437336,2.35166745180626,1.1224031448364258,3.527468204498291,5.818875312805176,7.263529777526855,7.802144050598144,7.890409469604492,7.934831619262695,7.973842620849609,5
0.67152586,105.91281177,309.12028519,2.4,2.1,0.19232655,0.28991127,0.37536097,0.44770288,0.51076365,0.5660019,0.615253,0.6595006,17
0.80529545,144.72636014,398.7509547,2.6,2.5,0.14186025,0.18766737,0.23480105,0.2790923,0.3196571,0.35630274,0.39001417,0.42169142,4
0.9569474548017745,1.99920172577558,0.5067412824255714,2.66643047,2.08928752,1.0317199230194092,2.8637828826904297,4.10001277923584,4.768945693969727,5.235100746154785,5.603942394256592,5.875298023223877,6.08491849899292,5
0.89596826,231.49459839,161.75404358,2.54682112,2.64154863,0.1370995,0.21957779,0.29423022,0.37297153,0.44809723,0.51789761,0.58439541,0.64788866,2
0.62066644,57.53909621,163.01893861,2.6,2.5,0.45912242,1.0771992,1.4730868,1.6803255,1.8034396,1.8991923,1.9770236,2.0392108,20
0.7418958,201.00587333,374.879581,2.9,2.5,0.14332223,0.1915791,0.24048042,0.29389358,0.3394115,0.38165665,0.4219513,0.45934772,4
0.34026155,159.20425415,297.24591064,2.82865953,2.26145649,0.25201058,0.36527967,0.41995478,0.46423125,0.50310493,0.53594422,0.56526828,0.59056568,4
0.97011988,252.63931388,374.85035792,2.4,2.4,0.08612514,0.12004542,0.14725518,0.16451049,0.18760514,0.21174979,0.2333057,0.25460076,11
0.718804851402542,3.887258174637561,12.123769762557302,2.23260975,2.52544045,1.0701212882995603,3.25797176361084,5.026569366455078,5.945092678070068,6.320586681365967,6.5218024253845215,6.648579120635986,6.747626781463623,6
0.54786847,294.30560769,234.56472822,2.6,2.7,0.14839768,0.20050383,0.25314975,0.30514526,0.35373807,0.3975513,0.43900728,0.47825766,3
0.94306587,150.83253388,142.55888468,2.4,2.5,0.16457176,0.27537227,0.3841393,0.48607612,0.5811267,0.6702237,0.75302577,0.8313844,17
0.36616498,6.0149765,2.9523325,2.9702127,2.56306744,1.28653193,3.98566103,6.8378067,8.80794525,9.71751404,10.12496758,10.41967964,10.53901577,14
0.99932741,300.0,397.6531978,2.0,2.0,0.04674029,0.07161093,0.09246683,0.09533644,0.10583878,0.11281705,0.11789298,0.12672281,11
0.83520959,161.28196385,143.25229321,2.72910693,2.97221436,0.22406578,0.37853479,0.529212,0.66827464,0.79495311,0.91213036,1.02000976,1.12007451,17
0.84087924,259.09764412,297.04033172,2.23606313,2.61728064,0.09580016,0.14430404,0.18444371,0.22028375,0.25758123,0.29393291,0.32865906,0.36207843,4
0.8261585462303379,291.3817015445701,331.2345325775889,2.02179408,2.0254066,0.0571048259735107,0.0849778652191162,0.10866379737854,0.1168007850646972,0.1326973438262939,0.1462185382843017,0.1595485210418701,0.1735303401947021,11
0.31337391,92.98768149,376.61782093,2.03677465,2.41471377,0.27892137,0.44369745,0.48969603,0.51367497,0.53272843,0.5494976,0.56448317,0.57723069,21
0.9767121761327234,6.232471886573235,62.76796747852117,2.029990719447027,2.012939912604324,0.678814172744751,1.7442877292633057,2.373598098754883,2.693455219268799,2.873563289642334,2.9966959953308105,3.0843052864074707,3.1595993041992188,23
0.9485111011244948,79.07807935337405,0.008218917061856,2.8307755011319093,2.0589887237182176,0.2809071540832519,0.5565600395202637,0.801182746887207,1.013095140457153,1.1959307193756104,1.3555033206939695,1.4956562519073486,1.6197373867034912,8
0.34358677,168.69833058,121.72515496,2.4,2.2,0.35373378,0.7167125,0.92986965,1.0511467,1.1413813,1.2131047,1.2736058,1.3252249,10
0.3141396477918022,9.632641303578046,7.166458302566197,2.03818583,2.73434329,1.1332247257232666,3.734830379486084,6.517798900604248,8.592422485351562,9.534948348999023,9.626602172851562,9.63102912902832,9.63494110107422,14
0.6829858,99.12692956,85.45893518,2.01554598,2.94912363,0.34532738,0.72771692,1.02001452,1.24731207,1.42742467,1.57673836,1.70206404,1.80861592,10
0.3749305397395369,14.477731052009162,12.64331643980256,2.24965548,2.38344375,1.0474064350128174,3.2422478199005127,5.209257125854492,6.312652587890625,6.641108512878418,6.690370559692383,6.71755313873291,6.737499237060547,6
0.58982217,281.97191846,151.04721908,2.4,2.6,0.14720273,0.2162509,0.28503346,0.34824347,0.40779352,0.46407485,0.5167713,0.56675386,2
0.35136117,61.408601,203.34304593,2.8,2.2,0.56274486,1.5279982,2.1607475,2.3068743,2.3122172,2.3195596,2.3268647,2.3340697,1
0.4562157619219525,3.968116996096628,0.1511360454353401,2.611762762546288,2.3398098614331326,1.193272352218628,3.829078435897827,6.53077507019043,8.454120635986328,9.373164176940918,9.530956268310549,9.540263175964355,9.552061080932615,12
0.39889125,210.84558616,93.95500259,2.75974137,2.7299406,0.34291077,0.66482067,0.88360047,1.04485416,1.17138577,1.27761745,1.36727858,1.44299507,10
0.33267236,64.19091797,48.44897842,2.15762949,2.01745415,0.6533308,1.71248674,2.32249618,2.51235652,2.57138276,2.61199641,2.64761519,2.67942882,0
0.88595419,113.0679023,189.09656935,2.5,2.8,0.21703196,0.37130666,0.5153928,0.64413214,0.75989676,0.86436915,0.9592974,1.0457642,17
0.80123279,15.09284064,29.58147177,2.23369829,2.05752801,0.69347167,1.7614646,2.39422607,2.71569777,2.90414429,3.04258823,3.1404171,3.23105717,23
0.34694931,129.78065491,114.98110962,2.8696332,2.14083242,0.41111541,0.8963325,1.17534709,1.29978347,1.38066268,1.44663548,1.5020678,1.55010533,21
0.4934195,150.53045072,174.91525604,2.5,2.0,0.26375985,0.4686892,0.6199446,0.74102235,0.84151936,0.9256182,0.9987862,1.0619657,17
0.50570881,299.13540649,382.77011108,2.87433982,2.64906645,0.14892006,0.14903569,0.16922617,0.19977617,0.22126532,0.2369144,0.25547433,0.27223468,11
0.5899270229547188,1.100833556415575,0.0270832311476177,2.710456302069084,2.0600280412745287,1.1927900314331057,3.814514398574829,6.546412467956543,8.552054405212402,9.57972526550293,9.67367935180664,9.684279441833496,9.694130897521973,12
0.60493409,42.07647612,290.6011342,2.4048629,2.27897957,0.36559486,0.74621463,0.95480275,1.03638625,1.08148289,1.11428499,1.13953829,1.15988874,21
0.59986335,52.84119415,8.99556637,2.39234447,2.78167582,0.65322447,1.74559951,2.44044614,2.77506757,2.97103715,3.10962653,3.22582269,3.32497287,22
0.89348382,9.7813406,18.25226212,2.09298325,2.93271852,0.82067513,2.30961156,3.28142667,3.75116515,4.00172615,4.16169357,4.28439522,4.38997078,23
0.5670003796073503,231.5274889004548,0.0127699927539058,2.34933772311107,2.6942463118275555,0.2517368793487549,0.4510250091552734,0.6291611194610596,0.785820722579956,0.9259600639343262,1.0511572360992432,1.1643712520599363,1.2665519714355469,8
0.55675084,72.93039802,292.94477292,2.86620309,2.59324219,0.36015892,0.71623874,0.92917991,1.04926157,1.13098669,1.19336629,1.24307275,1.28540397,21
0.9404916,289.65456324,243.69265663,2.0,2.5,0.07711935,0.11952829,0.14784384,0.16754937,0.1978538,0.22749043,0.2549615,0.28129578,11
0.93188108,159.16190854,14.4047016,2.0,2.9,0.17070985,0.2991848,0.42569518,0.54571486,0.65804744,0.76303864,0.8616836,0.9532099,15
0.58112712,172.39720375,51.08019407,2.59077491,2.05254752,0.22585821,0.39355683,0.53953838,0.66621399,0.77767825,0.87621593,0.96339798,1.04178429,16
0.73945701,97.80538177,279.78900146,2.94094968,2.82638931,0.28429627,0.50034738,0.66758919,0.80762672,0.92606926,1.02714682,1.11384916,1.1904521,10
0.990800575933772,167.83925337419987,389.2571862377226,2.2,2.2,0.0857825279235839,0.1208517551422119,0.1506097316741943,0.1708788871765136,0.1945846080780029,0.2176151275634765,0.2401373386383056,0.2614812850952148,11
0.3695230047867338,4.012035934832937,62.30757110820343,2.782372,2.112077,0.9758543968200684,3.0029611587524414,4.843918800354004,5.950233459472656,6.228623390197754,6.234658241271973,6.239993095397949,6.241626739501953,7
0.43492751,7.69948487,49.6984661,2.51755551,2.57713441,1.03479886,3.23268032,5.2709198,6.50141621,6.85951614,6.8876133,6.90290833,6.90915585,7
0.79004646,181.11399735,243.00620468,2.1,2.7,0.12551093,0.18212914,0.23684931,0.28731632,0.33513236,0.38038373,0.42258477,0.46231294,3
0.63299231,243.75945957,37.81361757,2.9,2.7,0.23629522,0.40083766,0.55721307,0.6991286,0.8276918,0.94629,1.0548565,1.1547132,15
0.6225832586890446,81.14239464413143,73.77856523231378,2.407173763395082,2.6527855419181217,0.4451828002929687,1.033637285232544,1.4350242614746094,1.687706708908081,1.868539571762085,2.01112961769104,2.128204107284546,2.2302610874176025,20
0.6373555615082734,255.81928613135497,0.1366195190537757,2.871451589849473,2.0237961351155582,0.1650669574737548,0.2704970836639404,0.3747010231018066,0.4721219539642334,0.5627090930938721,0.6477580070495605,0.7277438640594482,0.8027169704437256,15
0.3118656678201325,3.8314989985295496,0.7949907752615823,2.047396901220044,2.4614548479960483,1.189969778060913,3.972379684448242,7.129119396209717,9.781011581420898,11.27102279663086,11.326326370239258,11.330230712890623,11.333580017089844,13
0.66861701,27.82918167,118.7802887,2.11128259,2.41282558,0.57649994,1.48678517,2.02216935,2.23829293,2.3362639,2.40688348,2.46610951,2.51635432,0
0.94923407,218.94160707,360.89019599,2.58787984,2.9572645,0.14589977,0.17556381,0.21808672,0.27560496,0.322824,0.36819577,0.41153431,0.45301461,4
0.7383938982246493,244.86583366682805,363.43458940596815,2.3,2.3,0.0867879390716552,0.1186912059783935,0.1453974246978759,0.1599364280700683,0.1781806945800781,0.1978094577789306,0.218043565750122,0.2367231845855713,11
0.817015546404301,1.6631451927508116,2.160586598767655,2.76442242,2.1426003,1.123905897140503,3.336905002593994,5.088409900665283,6.032888412475586,6.540813446044922,6.920173645019531,7.255824089050293,7.526874542236328,6
0.91828658,185.59092367,133.32082413,2.1,2.9,0.13582373,0.21814656,0.29858327,0.37500405,0.44797063,0.5175357,0.5835874,0.64548135,2
0.5727835248791823,48.93469510724237,95.93115572009756,2.374875393202892,2.56666518627895,0.5758085250854492,1.5233895778656006,2.121258497238159,2.38713812828064,2.524002313613892,2.62674880027771,2.7109920978546143,2.781803846359253,20
0.33113101,254.88461891,205.53952963,2.5,2.2,0.21639252,0.3108008,0.3839841,0.44538212,0.499753,0.54806376,0.59145164,0.63230515,3
0.30059163,35.91798077,283.42725709,2.05663315,2.80945299,0.55281806,1.51862741,2.17368913,2.27316403,2.27551198,2.27617526,2.27731776,2.27814889,1
0.52636445,264.86911011,377.70620728,2.27995872,2.50844669,0.10867286,0.13380051,0.15818739,0.17362165,0.19194484,0.20931101,0.22507119,0.24063993,11
0.51320077,246.19058058,308.99957732,2.3,2.3,0.11570454,0.14603615,0.17691302,0.1989541,0.22246933,0.24542117,0.26807904,0.28885174,11
0.31589258,204.58648682,51.86529541,2.0155611,2.44271064,0.36405778,0.76313448,1.00350118,1.14122558,1.2412591,1.32081366,1.38654876,1.44509554,9
0.50062042,1.7725358,0.44033784,2.21602154,2.11720705,1.21518588,3.75677013,6.30048323,8.02721024,8.93572235,9.42084694,9.76338196,10.07878494,13
0.7802547717506235,2.0015962271055794,0.1077394016838256,2.17324220409082,2.0018291299116933,1.0773046016693115,3.189717531204224,4.807893753051758,5.658914566040039,6.080077171325684,6.367495536804199,6.576201438903809,6.720528602600098,5
0.7055231009985776,2.837438202013057,0.1390277365263472,2.294284317130753,2.8924677199043867,1.1766901016235352,3.73547101020813,6.12623405456543,7.555218696594238,8.170126914978027,8.419758796691895,8.580183029174805,8.705599784851074,12
0.9996535384040106,29.195687927325285,0.0082314861147224,2.954107532349975,2.0131688778517107,0.4444310665130615,1.008988618850708,1.434681415557861,1.7413978576660156,1.976773738861084,2.168260097503662,2.3301749229431152,2.4695382118225098,18
0.84631427,228.32465053,250.99428713,2.5,2.9,0.15135789,0.19446445,0.2511859,0.31372142,0.3718512,0.42360926,0.4738872,0.5212848,4
0.3042215715716155,221.507858068552,361.741917130473,2.2,2.1,0.1306993961334228,0.1412348747253418,0.1518769264221191,0.1566331386566162,0.1646554470062255,0.1714918613433838,0.1782467365264892,0.1843099594116211,11
0.50954208,272.63853125,239.6102883,2.9,2.7,0.19095302,0.2659607,0.34352756,0.41420674,0.47739458,0.53597355,0.59034157,0.64101934,3
0.9549752,66.12607175,75.21459594,2.3,2.8,0.29729676,0.5875566,0.83524776,1.0457008,1.2248783,1.3772273,1.5092821,1.6244607,10
0.564645342491449,3.066464551303314,0.3289707595507365,2.606773602802397,2.5408119190528016,1.2071599960327148,3.8509600162506095,6.499900817871094,8.25571060180664,9.006814002990723,9.17759895324707,9.269219398498535,9.36940860748291,13
0.3637251603822899,5.7041959339281565,9.827958912715076,2.49492796,2.40026663,1.1612224578857422,3.7423949241638175,6.441214084625244,8.424816131591797,9.311323165893556,9.401031494140623,9.404813766479492,9.408254623413086,14
0.71624182,264.90441464,250.71759094,2.9,2.8,0.15780497,0.2167089,0.28325915,0.3528583,0.41299915,0.4713657,0.5259495,0.57833457,4
0.66089384,221.52406122,395.72450491,2.69928945,2.52376466,0.13321733,0.15405297,0.18132854,0.20985913,0.23718524,0.2595892,0.28053188,0.30180717,11
0.31506515,19.96076584,41.23138809,2.07541037,2.46013522,0.98716569,2.96342635,4.618186,5.4632225,5.591506,5.60999584,5.61641026,5.62097073,7
0.9689381998216996,0.8011752447834553,0.0174644652859921,2.6906622187488143,2.35982539415366,1.1723616123199463,3.5135672092437744,5.397487640380859,6.448382377624512,7.026714324951172,7.465876579284668,7.8683271408081055,8.192416191101074,5
0.85519905,28.95238005,335.83993273,2.29293697,2.08220991,0.26465201,0.45237541,0.56182909,0.63126063,0.67903709,0.71339369,0.73908353,0.75830388,21
0.32292662,280.26513556,182.5447939,2.1,2.2,0.15713596,0.19849539,0.23936987,0.27490473,0.30864954,0.3393829,0.3673029,0.3937111,3
0.54343477,285.82406933,288.54460507,2.4,2.7,0.12661219,0.16240025,0.19783401,0.22799468,0.25909305,0.28759336,0.3133011,0.3395164,11
0.48737862,84.33670896,381.62594594,2.09773047,2.17300892,0.20279622,0.25876045,0.29067731,0.31796479,0.34179258,0.3614974,0.37888527,0.39418101,4
0.70424557,163.42658997,59.84636307,2.58791327,2.35065603,0.22829461,0.40303063,0.56226897,0.70328212,0.82975531,0.94364834,1.04643512,1.13943172,16
0.5657478975082202,15.831070738338148,4.381090594521798,2.115049924111198,2.693437878571131,0.9565680027008056,2.880913019180298,4.361257553100586,5.042049407958984,5.292860984802246,5.42733097076416,5.51674747467041,5.575359344482422,6
0.84230214,217.30225223,261.18467375,2.1,2.2,0.09012318,0.13496327,0.17307663,0.20436239,0.2395494,0.27294827,0.30440903,0.33508992,11
0.5037185880276088,1.1718442022077515,23.989109803273248,2.5964470610694184,2.302903829364096,1.145249366760254,3.695539712905884,6.385642051696777,8.440752983093262,9.374573707580566,9.41358470916748,9.414380073547363,9.415175437927246,14
0.50661258,123.6057863,104.59554413,2.7,2.4,0.39581728,0.8595269,1.1724439,1.3730671,1.5173409,1.631707,1.7293098,1.8117912,10
0.6525166689953684,1.052936174312163,0.119562596371669,2.9203951904893968,2.1116218747866458,1.1905126571655271,3.768232345581055,6.346322536468506,8.173851013183594,9.041067123413086,9.18194580078125,9.22768783569336,9.307374954223633,12
0.81022579,297.02245564,389.37427173,2.5,2.3,0.08166003,0.11192012,0.13542223,0.14773512,0.16746998,0.18763638,0.2042234,0.22047949,11
0.4041607970942005,5.457516678335144,0.0102257544982466,2.758934370666235,2.843674348798293,1.249661922454834,4.08524751663208,7.173709869384766,9.510475158691406,10.640246391296388,10.77686595916748,10.783320426940918,10.78941822052002,12
0.9990840651724586,1.5875698653787762,21.030145746880454,2.898046676785228,2.2192626316722577,1.0196692943572998,2.879992961883545,4.176644325256348,4.861316204071045,5.298614025115967,5.647632122039795,5.911345958709717,6.094936847686768,7
0.71966383,218.63823788,35.61394022,2.6,2.9,0.21340108,0.36265898,0.5075486,0.64091945,0.7632086,0.8762753,0.9809768,1.0780115,15
0.59803044,189.04617819,146.67941351,2.2,2.2,0.17565918,0.2767458,0.3717556,0.45671463,0.53318024,0.6028745,0.66676474,0.7252393,17
0.64739168,296.70190743,156.71991838,2.2,2.2,0.10591769,0.15984607,0.2090733,0.25160527,0.29599643,0.3389411,0.3794124,0.4180298,2
0.3034277004097047,27.06284246177453,0.0047427514783352,2.76331551938408,2.701268912940949,1.087109088897705,3.3882956504821777,5.525033950805664,6.800922393798828,7.20357608795166,7.282591819763184,7.336203575134277,7.377371788024902,5
0.54530641,143.01922153,172.8112604,2.6,2.0,0.25864673,0.46217728,0.61918116,0.7477243,0.856117,0.94866323,1.0281835,1.0981281,17
0.316884022805986,60.882838989023824,0.1238161447069103,2.0182545682043145,2.862337969997921,0.8396430015563965,2.564085006713867,3.9109139442443848,4.500554084777832,4.649266242980957,4.701132774353027,4.736980438232422,4.767860889434815,22
0.3055575,79.60793687,170.4011854,2.64123276,2.85054749,0.6141665,1.68388605,2.43731594,2.66926765,2.69111013,2.7038126,2.71625423,2.72804928,0
0.3676396922158211,0.9242514315805372,0.01281575719663,2.259668319777348,2.6629967188314443,1.2581894397735596,4.258431434631348,7.824898719787598,11.115511894226074,13.284120559692385,13.340704917907717,13.3461332321167,13.350598335266112,12
0.3,266.33703303,229.1888872,2.0,2.93551485,0.22722602,0.3424952,0.4207375,0.4873898,0.54519773,0.5975101,0.64320278,0.68518376,17
0.82407448,215.31055937,157.51426363,2.5,2.7,0.1548338,0.24403429,0.33119583,0.41655612,0.4962566,0.5705731,0.64100003,0.7074616,17
0.450522685948285,0.7648460639376189,15.817902562909282,2.7197109459642834,2.8014594795450347,1.2513024806976318,4.162189483642578,7.549359321594238,10.501315116882324,12.510590553283691,12.643709182739258,12.645654678344728,12.647507667541504,14
0.55539996,25.72372102,45.69899914,2.58535847,2.50884089,0.8211453,2.30200744,3.31489873,3.76892638,3.95073152,4.05391788,4.11901855,4.16779137,23
0.99196148,192.90744019,113.0871048,2.54846072,2.22368908,0.12802792,0.21455622,0.29478121,0.37220073,0.44791675,0.52035236,0.58974671,0.65530586,2
0.95100075,254.7961731,196.95954895,2.0168283,2.88050222,0.10178971,0.16991282,0.22736716,0.28468204,0.34260535,0.39911079,0.45337415,0.50523829,3
0.9968201,76.63578245,34.44500402,2.2,2.8,0.26856732,0.52162814,0.7484603,0.9484334,1.1240358,1.2788744,1.4153461,1.5359712,9
0.98099059,86.76354218,253.68663025,2.06501412,2.88948894,0.19889712,0.34463644,0.48258305,0.60635996,0.7184236,0.81998754,0.91178775,0.99491215,17
0.6852763290584372,3.356327092116036,0.0632268866524677,2.994107450048808,2.3130225098822152,1.1490554809570312,3.4721240997314453,5.419156074523926,6.486307144165039,6.984697341918945,7.319187164306641,7.627686500549316,7.885972023010254,5
0.3028948,156.37611994,48.24884878,2.1,2.8,0.43858075,0.9919512,1.3024578,1.4369869,1.5244851,1.5960703,1.654913,1.7072163,19
0.6118084273710899,29.932797111966927,0.003938260161173,2.1736405166311115,2.309396194561763,0.7411344051361084,2.017541646957397,2.805190324783325,3.169452428817749,3.367704153060913,3.507944345474243,3.61562705039978,3.709140539169312,22
0.60750757,141.90670649,22.14166171,2.50755994,2.68983665,0.35483408,0.72379994,1.00785422,1.23247123,1.4146955,1.56724977,1.6968255,1.80870199,9
0.84818639,223.95351148,3.6321173,2.5,2.2,0.15568829,0.27001,0.3792677,0.48472238,0.5847137,0.68015146,0.77006173,0.85563755,15
0.80130388,71.38612887,231.08363121,2.8,2.5,0.31090736,0.6002941,0.82094,0.998276,1.14151,1.2592187,1.3582051,1.4430349,10
0.45057281,34.4110078,54.28932281,2.556358,2.58768787,0.82674003,2.35935545,3.45777607,3.93030596,4.09076309,4.14976549,4.18765736,4.21846533,23
0.4456281346850298,1.1832480454414158,1.0539333801762838,2.128925682766757,2.5055096633731213,1.2250986099243164,4.108660697937012,7.43072509765625,10.34090805053711,12.155244827270508,12.207932472229004,12.214716911315918,12.220415115356444,13
0.87110238,245.22178258,323.12522861,2.88475431,2.26034858,0.11946392,0.14091659,0.17298031,0.19920635,0.23077941,0.25961709,0.28450751,0.31144261,11
0.65469729,140.3229756,248.26954907,2.84474584,2.36440927,0.20506096,0.3163259,0.41547871,0.50024796,0.57552266,0.64318085,0.70383859,0.75934958,17
0.78562713,47.67650839,174.07541736,2.6,2.5,0.40456128,0.8870001,1.2240345,1.4446902,1.6003585,1.7179923,1.8137417,1.895124,20
0.6101921337390583,105.9577308382866,139.0282036751905,2.7406793218123005,2.459535870532908,0.3381149768829345,0.6797301769256592,0.9291648864746094,1.1158413887023926,1.2639110088348389,1.3860037326812744,1.4895412921905518,1.5769693851470947,10
0.4407803068885895,286.0939281405347,0.0286140639785098,2.202694070241928,2.0165079698642034,0.1804776191711425,0.2900841236114502,0.3922581672668457,0.4839274883270263,0.5665411949157715,0.6421463489532471,0.7109715938568115,0.7749707698822021,15
0.4239794039136504,1.198677267982621,172.67938167103162,2.8832736425735783,2.6728265942489617,0.85019850730896,2.5849924087524414,4.119277000427246,4.914499282836914,5.041563510894775,5.053318500518799,5.053422927856445,5.053603649139404,23
0.67990994,27.70013046,70.27389526,2.65340233,2.19581938,0.62470174,1.59779978,2.19174147,2.47734928,2.64214563,2.75204039,2.83928394,2.9178772,20
0.48766279,14.23764515,45.80368042,2.11880898,2.94511509,0.99152732,3.02857471,4.76537228,5.68752575,5.91786671,5.95763588,5.97135925,5.97898293,7
0.88026271,46.99078381,72.9927717,2.8,2.0,0.4030466,0.89204264,1.255671,1.5230806,1.7292013,1.894357,2.0301967,2.1461701,20
0.97360003,206.60891724,197.89489746,2.05687261,2.35875535,0.10067248,0.16600084,0.22516632,0.27759695,0.33165503,0.38451123,0.43469715,0.48264122,3
0.3818629701717916,87.42864520878538,305.5546303431474,2.1,2.8,0.3731391429901123,0.8278484344482422,1.0829746723175049,1.1741786003112793,1.2218153476715088,1.260448694229126,1.2928128242492676,1.3200929164886477,21
0.64358592,3.1197691,1.98705184,2.15314054,2.19771719,1.15432286,3.42174363,5.29871273,6.27663326,6.64973927,6.87046909,7.03605556,7.11664009,6
0.35920037,253.49151219,67.16553515,2.6,2.4,0.29576635,0.5350728,0.7011914,0.83284426,0.94193363,1.0336542,1.1140349,1.1834164,10
0.52751857,100.00710297,135.04232788,2.64891672,2.02474284,0.32181311,0.62807107,0.83122563,0.97189736,1.07831621,1.16210437,1.23286462,1.29151845,10
0.66398867,186.98655673,170.83820968,2.45267804,2.60529531,0.19702053,0.31626987,0.43038917,0.53173375,0.62339568,0.70770097,0.78495145,0.85596514,17
0.5346648712996419,73.45684381329494,0.0500967285157768,2.54397671831967,2.057487602089964,0.5217440128326416,1.2794978618621826,1.747309684753418,2.002999782562256,2.173520088195801,2.311001300811768,2.4207024574279785,2.522162914276123,18
0.78483409,114.40959167,375.2243042,2.75853682,2.08878994,0.13360977,0.16901064,0.20524931,0.2340188,0.26093531,0.28676343,0.30954838,0.33068466,11
0.38929415,144.76601156,276.80323943,2.4,2.5,0.27314663,0.4423797,0.53498673,0.60475516,0.66129947,0.71063066,0.751796,0.7869756,17
0.5318674778197144,16.01182111372658,5.842677932704135,2.54497886,2.25070691,0.9531853199005128,2.758505821228028,4.057166576385498,4.657886981964111,4.938002109527588,5.111518859863281,5.229739665985107,5.3065385818481445,6
0.86104985,296.14491439,23.03932544,2.3,2.3,0.11106968,0.18956304,0.25981212,0.32533336,0.39195156,0.45784664,0.52062654,0.5815563,2
0.8319089411641758,151.46250100170386,0.1083854279035102,2.780773134267952,2.062047877121424,0.2061669826507568,0.3713526725769043,0.5296998023986816,0.6749942302703857,0.8073811531066895,0.9290716648101808,1.0407335758209229,1.1428871154785156,15
0.67826223,70.52405593,202.19949843,2.7,2.8,0.38707852,0.8178513,1.1189537,1.320507,1.466227,1.5771351,1.6682224,1.7461267,10
0.5213690992858994,71.52907759357929,249.4410137224772,2.314333362481481,2.394085336845197,0.3601901531219482,0.7583117485046387,0.9942035675048828,1.1181023120880127,1.1998603343963623,1.2617881298065186,1.311694622039795,1.3525381088256836,21
0.34596127,248.55368042,28.76989555,2.97489452,2.26887989,0.30937839,0.56915474,0.74683833,0.88428712,0.99564743,1.08996582,1.17089939,1.2409215,9
0.82234971,220.88762394,328.85955047,2.1,2.5,0.08861184,0.12386942,0.15016007,0.16769552,0.1916666,0.21429563,0.23623991,0.25696063,11
0.50512608,197.42266394,106.2359515,2.4,2.5,0.24879313,0.4256239,0.5701909,0.69354224,0.7999642,0.8942156,0.97764444,1.0512395,16
0.9953243428138824,1.955822995785179,246.7699303680029,2.611321398530321,2.764644652239865,0.6797475814819336,1.958165407180786,2.901172876358032,3.262376546859741,3.2920258045196533,3.2927486896514893,3.293293237686157,3.2936007976531982,23
0.56639675,298.56409067,396.84008736,2.4650769,2.8523634,0.12434626,0.14258957,0.16095996,0.19071102,0.21647573,0.236063,0.25630665,0.27509713,11
0.70309854,6.84559679,22.73869514,2.86521029,2.1276083,0.98121476,2.70725513,3.87240338,4.44621277,4.76931381,4.98748207,5.13039494,5.21713352,7
0.3845094004088102,9.254156275885606,0.0099253204626893,2.4755527525291487,2.521254830590511,1.1610698699951172,3.7095556259155273,6.247087001800537,7.962552547454834,8.63810920715332,8.739452362060547,8.766223907470703,8.799703598022461,12
0.7792030069820444,6.370042823295326,0.90542512476823,2.6002952796789165,2.6272873273194577,1.0302684307098389,3.0119550228118896,4.479129791259766,5.217329978942871,5.59885311126709,5.864667892456055,6.069707870483398,6.225440979003906,5
0.46367897,271.28633546,282.30312812,2.4,2.5,0.1397531,0.1751957,0.21346307,0.2449913,0.27609587,0.30473495,0.33136988,0.3571005,4
0.7481583126291681,107.29139969747624,0.2732761085107841,2.4699633867000537,2.113861141771033,0.2872231006622314,0.5632123947143555,0.7971291542053223,0.9945616722106934,1.162039041519165,1.306809902191162,1.4331529140472412,1.5448241233825684,8
0.6832663,204.35915191,44.08909184,2.40430651,2.4857386,0.20282912,0.3475256,0.48514748,0.60994577,0.72421956,0.8290534,0.92497897,1.01428199,16
0.8589237259379404,0.8543649849046349,0.1390522835407922,2.615217585211848,2.268766013046052,1.1842691898345947,3.657538652420044,5.820765495300293,7.092433929443359,7.71282958984375,8.065945625305176,8.354047775268555,8.588497161865234,12
0.95914483,43.89371872,364.62475586,2.26694703,2.61603975,0.23948359,0.40526152,0.53218269,0.63477659,0.71811652,0.78628016,0.84367895,0.89091301,17
0.63396983,10.26866656,22.55196337,2.5,2.1,0.9644685,2.804653,4.1286287,4.733161,4.938836,5.04169,5.1078596,5.145109,23
0.98208261,115.0177002,3.97141147,2.55548286,2.14330792,0.206846,0.38126206,0.54739976,0.70140004,0.8429997,0.97269893,1.09140158,1.20109296,15
0.6606898004009041,50.67259228756334,0.0236278972137401,2.700013604049312,2.687049921500975,0.6296982765197754,1.6511375904083252,2.3206307888031006,2.6837246417999268,2.9151527881622314,3.090900659561157,3.233149290084839,3.35918402671814,18
0.5608627,33.57542915,278.40458415,2.6,2.6,0.48482823,1.185014,1.6120799,1.7229159,1.735719,1.7458875,1.7551558,1.7635062,1
0.46424122,183.10675767,86.83281458,2.89722997,2.34158198,0.29994631,0.55475688,0.73915243,0.88744187,1.00998831,1.11324167,1.20066786,1.2778616,10
0.5843949703017784,65.39990085201514,0.5385919549930278,2.9690096782142,2.5426456441880045,0.6016561985015869,1.5558996200561523,2.1838269233703613,2.5230584144592285,2.7384495735168457,2.9031286239624023,3.035144329071045,3.153721809387207,18
0.99858415,21.58356285,38.30666351,2.76449132,2.75189996,0.58662271,1.44185495,2.03366375,2.40910578,2.67158318,2.8767128,3.04595375,3.19069624,19
0.919576514542142,75.47018842165008,0.8383126335580408,2.089376876417629,2.5195936568763986,0.3093602657318115,0.6199057102203369,0.890533447265625,1.1214163303375244,1.3189256191253662,1.489962100982666,1.6395065784454346,1.7710011005401611,8
0.69717725,100.85131796,263.39655721,2.3,2.2,0.20656371,0.3292067,0.43341494,0.521142,0.59634495,0.6629374,0.72107506,0.7737763,17
0.3,71.28468574,69.33976822,2.0,2.0,0.61130953,1.58769035,2.11838055,2.24899292,2.28570318,2.31708765,2.34528208,2.36962891,0
0.4405353944476267,285.8780936292224,378.4281258284767,2.9,2.3,0.1241910457611084,0.1350846290588379,0.1519992351531982,0.1584346294403076,0.1755175590515136,0.1845424175262451,0.1888620853424072,0.199437141418457,11
0.3,1.88233415511076,35.218821211991994,2.59336352,2.63749409,1.1635212898254397,3.8106629848480233,6.772762298583984,9.182395935058594,10.54723072052002,10.733211517333984,10.733253479003906,10.733253479003906,14
0.7626730530375845,5.629512998854117,1.0901000012530335,2.4322270896274003,2.343368128338188,1.0129375457763672,2.9111039638519287,4.246509552001953,4.916793823242188,5.270788192749023,5.5231475830078125,5.710768699645996,5.845168113708496,5
0.93017811,62.67989149,378.11162445,2.2,2.7,0.17944455,0.25328207,0.32054877,0.3755784,0.42300057,0.46415782,0.49988604,0.5310197,4
0.33832822,59.79267539,1.14223009,2.9,2.6,0.9080112,2.686704,4.0854187,4.757696,4.970043,5.0434847,5.089308,5.1276913,22
0.99727166,211.20239258,188.11787415,2.86391354,2.61213398,0.15634418,0.21891212,0.29055381,0.37064242,0.44588804,0.51467562,0.58051252,0.6441946,3
0.47914369,265.22924202,249.22118302,2.5,2.5,0.16020298,0.21255875,0.26822424,0.31682873,0.36226988,0.40401506,0.44249368,0.47902346,3
0.82048376,169.01731954,365.44687738,2.4,2.3,0.11121559,0.15226793,0.19216633,0.22468662,0.2574532,0.28877902,0.31844068,0.346478,11
0.79442066,199.71371012,127.24795065,2.5,2.8,0.17645359,0.28649855,0.39539576,0.49772668,0.59298515,0.68117213,0.7633054,0.8411825,16
0.6873615784690961,6.683723263832656,0.1094109767980145,2.7635519760264784,2.9925347777295928,1.1202573776245115,3.419322967529297,5.335857391357422,6.372626304626465,6.841425895690918,7.125981330871582,7.34979248046875,7.516731262207031,5
0.57045233,92.32672536,289.8386133,2.0,2.0,0.19780421,0.29135084,0.36101604,0.41735077,0.46536779,0.50651097,0.54099274,0.57252216,4
0.31059644,299.67969115,150.73614643,2.0311476,2.02653317,0.14128327,0.18110108,0.21860194,0.25359678,0.28676462,0.31617141,0.34381342,0.36932564,2
0.99138175,122.15558198,382.35075767,2.6,2.7,0.14506364,0.20437741,0.26363206,0.3204689,0.3732624,0.42041183,0.46446657,0.5052531,4
0.50809345,251.56599418,223.07693308,2.9,2.9,0.21912718,0.3201747,0.41726756,0.5026963,0.5791657,0.64935327,0.7135353,0.773087,17
0.963229062511108,74.70812666576406,0.6341797555212988,2.725623401085011,2.9943146871379542,0.3713498115539551,0.7615780830383301,1.0967445373535156,1.3814871311187744,1.6217434406280518,1.828271627426148,2.006231546401977,2.1620051860809326,8
0.8051182,15.49408054,23.91007996,2.16046214,2.06210256,0.69028139,1.74312925,2.36232686,2.67783093,2.87018943,3.0032208,3.11242843,3.20531106,23
0.91017273,189.63412893,215.00039369,2.5,2.4,0.13369322,0.21080208,0.28448582,0.35563946,0.4231906,0.48733068,0.5478308,0.60521054,3
0.6107566079454314,11.989831258728858,0.2115252221386006,2.346748462782314,2.7869841963918587,1.019075870513916,3.072874069213867,4.691566467285156,5.485703945159912,5.807061195373535,5.996655464172363,6.116523742675781,6.225314140319824,5
0.7282464719617974,31.77338669400198,0.0665858108876894,2.671579895618892,2.828057293207628,0.7167165279388428,1.951103687286377,2.764636993408203,3.194580554962158,3.4545226097106934,3.644342422485352,3.799332618713379,3.930395126342773,22
0.43333567,37.76058329,13.86943421,2.9036329,2.58040454,0.87623191,2.56007051,3.80978966,4.39972162,4.65720892,4.78908777,4.88798141,4.95769501,22
0.9207000026513744,110.93248440821311,0.3235882787830447,2.592999370110708,2.282484654570213,0.2453904151916504,0.461273193359375,0.6628177165985107,0.8439924716949463,1.006242275238037,1.1526429653167725,1.2842729091644287,1.4026241302490234,8
0.8844024238428579,1.0120823476488674,73.54719316202757,2.1967882731670474,2.764561628428908,1.0004258155822754,3.1281180381774902,5.010538578033447,6.086109638214111,6.417521953582764,6.457066059112549,6.467653751373291,6.469659328460693,7
0.700051277785889,28.80653561472532,0.1049545107053188,2.841580027904965,2.2245091016627985,0.6837480068206787,1.7820661067962646,2.474107027053833,2.855611085891724,3.0959508419036865,3.2753236293792725,3.4200685024261475,3.538207769393921,22
0.5102627,104.70283043,356.58336235,2.3,2.4,0.21615148,0.29933357,0.35402536,0.39811563,0.43537617,0.46786785,0.4965136,0.5217354,4
0.7917288722234139,8.685133159744804,0.004244636787442,2.152100559232095,2.1748049558399507,0.8704333305358887,2.358711004257202,3.2922279834747314,3.760233163833618,4.027469635009766,4.215620994567871,4.354619979858398,4.465309143066406,22
0.64189309,97.54380035,266.16738892,2.85266471,2.14731932,0.22952509,0.36462259,0.46751547,0.5519402,0.6234796,0.6851089,0.73809958,0.78464437,17
0.32395035,293.37207031,18.28089905,2.39501715,2.29744625,0.26079583,0.44089985,0.57343078,0.68223977,0.77495337,0.85585475,0.92584825,0.98976159,15
0.71734985,58.40924495,338.05302835,2.5,2.6,0.29029822,0.5150707,0.6580417,0.76305985,0.84199977,0.9048321,0.9548049,0.9967575,21
0.9111933035332552,233.81563441295205,293.19274414040126,2.24952221,2.12423015,0.0838062763214111,0.1253547668457031,0.1594269275665283,0.1840200424194336,0.2141673564910888,0.2447192668914795,0.2737748622894287,0.300886869430542,11
0.62980115,51.27029903,350.01010749,2.4,2.2,0.29370022,0.5210812,0.64493537,0.71889067,0.771595,0.811038,0.8409221,0.86561894,21
0.8255984277117518,35.42734807889791,0.03639729779588,2.7660018645771105,2.5897374585271047,0.590576171875,1.4697480201721191,2.065708637237549,2.4301233291625977,2.685633659362793,2.884741306304932,3.049934864044189,3.1923933029174805,18
0.48487768,104.51806641,240.87089539,2.34116578,2.52050209,0.32836008,0.63053966,0.8169148,0.93514609,1.02232695,1.09136701,1.1498034,1.19813704,10
0.8529737322413771,49.682023405141344,0.0639775257442733,2.477643852410071,2.315040699434751,0.4436204433441162,0.9948391914367676,1.4008169174194336,1.694624900817871,1.920155048370361,2.103078365325928,2.256364822387696,2.3880510330200195,18
0.5116991,24.63978312,150.12173411,2.53887712,2.10187525,0.61190915,1.59051132,2.16407537,2.33243561,2.36297321,2.37646008,2.38917637,2.4006834,0
0.975172896791762,3.121911963831169,0.9424389850584144,2.548334235319367,2.5658371583140043,1.0198869705200195,2.9075093269348145,4.231744289398193,4.923946857452393,5.332510471343994,5.6393232345581055,5.873490333557129,6.050301551818848,5
0.57793087,100.55807457,161.36853381,2.7,2.2,0.35423493,0.73456025,0.99696875,1.1791329,1.3143673,1.4214921,1.5117285,1.5883715,10
0.59492454,113.3441097,210.71137975,2.5,2.4,0.2845564,0.516274,0.6850631,0.81938124,0.9292555,1.0216551,1.099823,1.1657286,10
0.59577805,202.71392796,226.40102656,2.5,2.9,0.19354868,0.28669834,0.3765254,0.45611644,0.52839804,0.59407926,0.65460134,0.7101977,17
0.853088090401083,2.3974067848293683,0.0055795221195673,2.1411271900008524,2.578381727851067,1.097503900527954,3.313524007797241,5.046158790588379,5.94796085357666,6.388242721557617,6.6615190505981445,6.865328788757324,7.019332885742188,5
0.87081026,273.2315585,215.76038468,2.38172653,2.35570862,0.09838986,0.15327954,0.19951892,0.23951173,0.28213739,0.32493711,0.36608267,0.40533686,3
0.36992068,48.80714139,168.26295088,2.7,2.9,0.66986775,1.8651109,2.7165904,3.0175095,3.0627775,3.072084,3.0819721,3.0914764,0
0.39674935,7.2206459,79.02581024,2.16071439,2.04002833,0.90160918,2.59985185,3.86822343,4.35757065,4.41941357,4.42479706,4.42524147,4.42550659,23
0.36317857,213.15298098,65.50978425,2.0,2.8,0.27167273,0.4731028,0.6131263,0.7245574,0.8173964,0.89626527,0.96449304,1.0228152,16
0.4548862755390489,5.923472760668898,2.150579166477514,2.9808734,2.41049929,1.1800436973571775,3.7200498580932617,6.210359573364258,7.847935676574707,8.51819133758545,8.663742065429688,8.759553909301758,8.864374160766602,13
0.9488008,150.41651917,196.12194824,2.40552402,2.47417378,0.15140486,0.24671125,0.34027934,0.42737269,0.50935793,0.58647275,0.65836811,0.72613096,17
0.4630508362582273,8.755761133923658,0.2128291975533516,2.9911650402747405,2.5861266933875777,1.1676697731018066,3.650811672210693,5.979618072509766,7.399965286254883,7.953662872314453,8.1306734085083,8.266732215881348,8.393392562866211,13
0.39860303,262.70901575,111.19937683,2.2,2.3,0.19260669,0.28764176,0.3731115,0.4475503,0.5138595,0.57416964,0.62828827,0.6780832,16
0.82949012,180.77582182,298.62141007,2.84744755,2.45459198,0.14391446,0.20166039,0.26130056,0.31794453,0.37245584,0.42123246,0.46739149,0.51120305,4
0.88887417,278.26936062,179.27261567,2.59088682,2.53412873,0.12949824,0.18160772,0.23567533,0.29362059,0.35229683,0.40675306,0.45754337,0.50761366,3
0.91004706,218.74411907,323.54310554,2.7,2.3,0.10665131,0.15970969,0.20301795,0.24758172,0.29329228,0.3359456,0.37511015,0.41345954,4
0.59554761,124.86786696,400.0,2.0,2.0,0.10999727,0.128824,0.14270115,0.15301323,0.16530609,0.17585373,0.18518209,0.194556,11
0.8337994649238282,2.127159733822494,0.0955625312476569,2.874275144979161,2.072280162633868,1.0880861282348633,3.1392364501953125,4.636156558990479,5.4416680335998535,5.927891254425049,6.345068454742432,6.69617223739624,6.954748630523682,5
0.39320856,151.18181154,131.43624245,2.1,2.2,0.29632235,0.539269,0.6925647,0.80021,0.8832624,0.95100975,1.0088596,1.0579023,10
0.71776954,221.81155321,90.74965984,2.9,2.4,0.19539285,0.32545042,0.45255375,0.5720358,0.6813977,0.7836306,0.87826324,0.9670689,16
0.8063846538778205,267.43947680745,0.1227404763477943,2.295299705096824,2.131617792791812,0.1255426406860351,0.2130446434020996,0.2949674129486084,0.3731844425201416,0.4502758979797363,0.5247292518615723,0.5955021381378174,0.6631062030792236,2
0.753685,215.00428772,145.6934967,2.14675379,2.54820299,0.14373136,0.23082328,0.31672621,0.39692807,0.47264457,0.54338622,0.610425,0.67364311,2
0.3993488535115529,3.7206328510714015,0.0187534856120689,2.0293234722679445,2.185499336444648,1.15445876121521,3.76004695892334,6.514443874359131,8.60013198852539,9.593635559082031,9.66623306274414,9.671545028686523,9.67607879638672,12
0.54704905,199.52120972,267.2460022,2.24719834,2.0653019,0.12863326,0.17016482,0.21091032,0.24648333,0.2820859,0.31372714,0.34354472,0.3714788,4
0.7862496875600538,53.24202677901963,0.3238744556875836,2.7279889615630712,2.644164626335482,0.5183587074279785,1.2357490062713623,1.7436192035675049,2.077553987503052,2.322166204452514,2.5166847705841064,2.678269147872925,2.816336870193481,18
0.49796777,44.76000253,94.40285351,2.8,2.1,0.65528464,1.8376424,2.606621,2.885547,2.9760506,3.0328414,3.081127,3.1228359,23
0.39670165,240.80512049,235.26608546,2.2461455,2.40272806,0.18014741,0.24092174,0.30056334,0.35091925,0.3960011,0.43704557,0.47522497,0.51023602,3
0.49725455,298.55097561,231.65547968,2.0,2.0,0.08522797,0.11638165,0.14043736,0.15951943,0.18168926,0.20149779,0.22059274,0.24018884,11
0.5317222929420908,102.13125418857015,197.2835352346078,2.370378700222361,2.0220433640323656,0.2669925689697265,0.4768276214599609,0.6208903789520264,0.730731725692749,0.818579912185669,0.8915667533874512,0.9525802135467528,1.0043449401855469,17
0.49706303,282.46783154,114.25593739,2.3,2.6,0.1658423,0.24349976,0.32154322,0.39092684,0.45473838,0.51434135,0.5697515,0.6216943,2
0.43908431,41.77186676,298.38852985,2.8,2.9,0.52272034,1.3245907,1.8498721,1.975296,1.9756899,1.9765072,1.9777703,1.979085,1
0.39157644,143.91613572,194.84258,2.5,2.4,0.34030318,0.66430616,0.857018,0.97560453,1.0619602,1.1314948,1.189704,1.2392116,10
1.0,266.8888612,400.0,2.0,2.0,0.04958248,0.07519293,0.09571099,0.09917855,0.11024737,0.11799908,0.12416887,0.13361382,11
0.59809059,113.41895242,77.72645429,2.6,2.0,0.33820105,0.6928463,0.9533038,1.1491833,1.3028641,1.4284132,1.5361037,1.6270893,10
0.55438185,149.41689585,176.52723536,2.7,2.3,0.27420735,0.49274564,0.6611345,0.799129,0.9156065,1.0156956,1.1022546,1.1773274,10
0.54325991,193.96511856,220.13177257,2.9,2.3,0.22150898,0.35588026,0.47233057,0.5742407,0.66468954,0.7454817,0.8186207,0.8848059,17
0.63232162672694,4.311979483141789,95.3123214273538,2.782372,2.112077,0.8419857025146484,2.4427413940429688,3.617268562316896,4.108206272125244,4.271207809448242,4.3448638916015625,4.362905025482178,4.366708755493164,23
0.3750601211990332,266.45879181947,0.0099859167639937,2.767320519813749,2.4734621822438587,0.3096489906311035,0.5836217403411865,0.7825930118560791,0.9417128562927246,1.0729007720947266,1.1846880912780762,1.281440258026123,1.3670239448547363,8
0.70007396,2.24702621,35.53544235,2.45921063,2.26550555,1.08915091,3.21107817,4.94481468,5.86473036,6.14605665,6.27662325,6.340487,6.36534166,7
0.81111003,120.31930646,104.02148406,2.4,2.0,0.20746231,0.37156916,0.52214456,0.65734553,0.7779646,0.88763976,0.98631024,1.0756524,16
0.5869839281929199,3.2871912141307984,0.3562130394025165,2.1577509580444203,2.4842325192820187,1.1555423736572266,3.6794941425323486,6.087589263916016,7.594761848449707,8.194615364074707,8.353128433227539,8.435262680053711,8.504066467285156,13
0.68096132,75.06600833,237.27978385,2.7,2.6,0.34378743,0.6855235,0.92435884,1.0959475,1.2265608,1.3285995,1.4119208,1.4830062,10
0.4019126343677202,1.3868494829445788,3.88474257483893,2.0311523318588574,2.3685951900338407,1.187037229537964,3.960813045501709,7.093873500823975,9.756080627441406,11.285270690917969,11.338027954101562,11.342538833618164,11.346460342407228,14
0.9318398811219468,2.558257107073302,4.2118199315410925,2.92438610078888,2.1432001003943943,1.019068717956543,2.830716609954834,4.058358192443848,4.720547199249268,5.181058406829834,5.550251483917236,5.829627513885498,6.024900913238525,6
0.79874909,280.33889771,164.07177734,2.08966017,2.9729495,0.11833477,0.19186926,0.25640106,0.32172561,0.38673472,0.44872308,0.5074358,0.56398821,2
0.32869628,253.73132128,304.03987438,2.7,2.3,0.19471788,0.24813151,0.29400826,0.3321619,0.3679142,0.3996477,0.428859,0.45621705,4
0.90266605,160.57376729,36.13180291,2.2,2.2,0.16284513,0.2867682,0.40459204,0.5163479,0.62131906,0.7192707,0.811043,0.89716625,15
0.65136683,145.69979858,298.54016113,2.0,2.0,0.11944699,0.16275358,0.20254993,0.23849678,0.27378535,0.30487895,0.33378506,0.36030078,4
0.39356838,104.24003931,397.26895239,2.78599272,2.43536276,0.27232695,0.41693401,0.46752334,0.50597572,0.53844333,0.56624413,0.59026527,0.61131382,21
0.475716794544896,2.9473930749099675,5.08055897096378,2.3426127,2.9434531,1.231053590774536,4.087335586547852,7.28159236907959,9.769221305847168,11.070406913757324,11.258033752441406,11.262989044189451,11.267391204833984,14
0.7610920769085192,17.490275431435887,0.0037273795577736,2.1917971188632506,2.0638652597101137,0.7221224308013916,1.8697624206542969,2.555574893951416,2.918684482574463,3.143016815185547,3.3065128326416016,3.4330430030822754,3.545501708984375,22
0.77178139,29.65363206,306.05445147,2.4,2.0,0.3407278,0.6906235,0.8974135,1.0027795,1.0644264,1.1074295,1.1383197,1.1616318,21
0.973760072527922,1.5762193801173623,95.49411464232,2.0981198651523405,2.861278345319441,0.8993580341339111,2.746578931808472,4.239543914794922,4.968339920043945,5.168975830078125,5.220118522644043,5.226268768310547,5.227811813354492,7
0.74963188,19.50938416,14.08660221,2.48256731,2.41271472,0.7566843,2.00641251,2.78479671,3.17920113,3.4080224,3.56612968,3.68731117,3.78511858,22
0.66837042,246.1493204,147.07073854,2.93523129,2.16489347,0.13877344,0.20758343,0.27623367,0.33849359,0.39777827,0.45450783,0.50745702,0.55795479,2
0.8294014758855621,48.71807865054746,0.0097134690578197,2.2270706827827187,2.6670317723310424,0.4816224575042724,1.121572971343994,1.5730493068695068,1.8851900100708008,2.119865894317627,2.308877468109131,2.466217041015625,2.600809097290039,18
0.3878399519447995,8.279700766830413,27.82347314595887,2.0293448,2.36792684,1.0347824096679688,3.2566399574279785,5.332516670227051,6.621252536773682,6.99478006362915,7.007544040679932,7.011443614959717,7.014378070831299,7
0.4497845780310016,1.6348058750225185,0.0102129616844481,2.320856128225107,2.5741845693833465,1.2437880039215088,4.1493964195251465,7.46491813659668,10.283099174499512,11.94532871246338,12.029364585876465,12.03667449951172,12.042838096618652,12
0.450715161981694,90.938164369095,0.0126624676013352,2.5123184157525067,2.1057678438202405,0.524939775466919,1.3072788715362549,1.7770051956176758,2.011783599853516,2.161844253540039,2.283233165740967,2.380535125732422,2.4673285484313965,18
0.84488712,67.08154217,268.60980174,2.1,2.8,0.21616387,0.3547423,0.4683814,0.5626695,0.6421273,0.7110121,0.76956606,0.82079005,17
0.87824523,70.93503402,332.01344404,2.2,2.6,0.18920779,0.28329945,0.36774445,0.4384446,0.49934888,0.5523317,0.59892416,0.64069104,4
0.9310904261577916,13.38553074410386,400.0,2.0,2.0,0.253880500793457,0.4152913093566894,0.4766361713409424,0.4987342357635498,0.5102806091308594,0.5177149772644043,0.5230364799499512,0.5271944999694824,21
0.4167011396510735,17.40832532561595,45.78572901542027,2.9,2.4,0.9450452327728271,2.8275346755981445,4.345855236053467,5.056755065917969,5.29619836807251,5.413145542144775,5.483121395111084,5.518803119659424,7
0.381883,3.115681,54.891415,2.5,2.5,1.12341595,3.43798876,5.72839642,7.30934048,7.78661919,7.79267979,7.79352379,7.79405403,7
0.6061335994318409,12.291504051222468,0.1372062047939739,2.75361474000065,2.9340227457280523,1.0581424236297607,3.195920467376709,4.9275383949279785,5.813313484191895,6.2055511474609375,6.43968391418457,6.608323097229004,6.74130916595459,5
0.66606489,294.69205516,70.6668495,2.9,2.4,0.16763687,0.26779485,0.3660648,0.4629755,0.5530107,0.63718367,0.71683526,0.7924204,16
0.5132801587434668,56.18327984232176,0.0204489276680901,2.827696813800044,2.3530298794407543,0.6746089458465576,1.812061548233032,2.5353033542633057,2.8911116123199463,3.093700170516968,3.232067823410034,3.3506648540496826,3.447540521621704,22
0.88415105,56.91588003,257.02314737,2.5,2.4,0.27530718,0.5087609,0.69078517,0.8388941,0.9601834,1.0610619,1.1454954,1.2166555,10
0.8227366826795064,11.812941990012998,0.305627729669593,2.6455307697940524,2.08541664996808,0.7839925289154053,2.045427799224853,2.837697505950928,3.281888008117676,3.5641121864318848,3.769100189208984,3.930823802947998,4.054605960845947,22
0.9349559,266.94443745,70.8735152,2.81463247,2.53877686,0.15760446,0.22696829,0.30527997,0.39135575,0.47372627,0.54982138,0.62287617,0.69420171,2
0.39278394,283.78492174,105.55606123,2.9,2.6,0.2683189,0.44925547,0.58792305,0.7077894,0.8120637,0.9044535,0.98568773,1.0594265,16
0.5635416307788753,1.013619291992694,43.39418517711913,2.4928715758616886,2.2335387026070106,1.0690646171569824,3.380913257598877,5.680116176605225,7.254589557647705,7.857868671417236,7.876823902130127,7.876874446868896,7.876874446868896,7
0.48767437,37.13853162,153.80473767,2.46269586,2.91246574,0.67271805,1.90613031,2.77720404,3.10291004,3.16875458,3.19023037,3.20981073,3.22819138,23
0.69535665,265.04700108,375.44349993,2.5,2.5,0.11389375,0.13547778,0.15858364,0.18162084,0.20874953,0.23148775,0.25070333,0.27154946,11
0.71006783,104.89195773,366.41732723,2.8,2.4,0.21354604,0.32521605,0.418108,0.49752998,0.5670867,0.62813616,0.68195176,0.7300966,17
0.49030364,170.38336266,233.48602459,2.9,2.7,0.29012585,0.5045004,0.6548724,0.77886343,0.88253164,0.9710176,1.0477428,1.1148448,10
0.36118615,220.86000877,258.54053885,2.58095245,2.95486755,0.27777314,0.45204496,0.55816078,0.64614034,0.72061706,0.78593898,0.84182477,0.89239454,17
0.7949534253216431,1.1931992889468594,0.1366987947370588,2.3584002276702174,2.751470019977149,1.2162339687347412,3.8914542198181152,6.474979400634766,8.072303771972656,8.813944816589355,9.125495910644531,9.317909240722656,9.470041275024414,12
0.37696096,110.75557773,167.62997667,2.7,2.2,0.44610858,1.0661385,1.4398892,1.5792425,1.6513443,1.7077942,1.7553489,1.7959352,0
0.3496349614917389,121.76909824187872,310.6454265145692,2.4319694,2.08215928,0.2413272857666015,0.3530693054199219,0.4047939777374267,0.4463443756103515,0.4803924560546875,0.5093841552734375,0.534721851348877,0.5573859214782715,4
0.34803002,139.30015621,205.97209476,2.7,2.4,0.38928032,0.8376534,1.0978897,1.2141199,1.2867918,1.3464181,1.3955846,1.4386902,21
0.84976161,269.29544456,204.67263151,2.25493286,2.23200219,0.09174681,0.14364719,0.18831468,0.22440886,0.2652173,0.30566025,0.34448099,0.3811574,3
0.57881411,89.51940803,51.11644177,2.6,2.3,0.45240068,1.0441935,1.4353976,1.6708343,1.8414681,1.9718382,2.0798423,2.1737616,19
0.50347076,163.72211538,347.28145241,2.11133772,2.38239301,0.15816498,0.19967556,0.24210072,0.27744317,0.30997491,0.3398726,0.36722159,0.39257097,4
0.84581154,196.36272884,242.32766928,2.8,2.4,0.14606047,0.22501206,0.30109954,0.3772161,0.44859433,0.51441,0.57683945,0.63557553,3
0.3780441322783597,45.96289364064834,0.7631044977398612,2.694529847041825,2.243201628474953,0.8259830474853516,2.340116262435913,3.378828763961792,3.837557077407837,4.043299674987793,4.170520782470703,4.252022743225098,4.3113861083984375,22
0.34182453,34.87239838,62.01151276,2.80208087,2.20876741,0.8311398,2.33072233,3.38972759,3.82410622,3.97155094,4.02416468,4.04528284,4.06140804,23
0.8006727363708115,3.389008249072049,0.0640984480004879,2.057493377246713,2.2007093967586484,1.0329415798187256,2.989642381668091,4.383420944213867,5.071941375732422,5.426800727844238,5.668621063232422,5.837520599365234,5.966521263122559,5
0.36674029,111.49963772,206.80762552,2.1,2.0,0.31247783,0.57979083,0.71435857,0.78731537,0.84362316,0.8883848,0.9251642,0.95777965,21
0.3258244856097743,19.91355966441089,78.22533621262998,2.2,2.0,0.8002724647521973,2.3210787773132324,3.4144506454467773,3.7992429733276367,3.8786826133728014,3.8946127891540527,3.901556015014648,3.908168315887451,23
0.89864787,69.12086389,85.16871384,2.8,2.6,0.35256624,0.7210758,1.0222483,1.270757,1.4760711,1.6489198,1.7956655,1.9220927,10
0.70926415,238.93285408,256.16372085,2.4,2.3,0.11430836,0.16541195,0.21440339,0.25740004,0.29976988,0.34047413,0.37922382,0.416178,4
0.3200083794453127,195.60266553290617,0.0245940742331604,2.289073330258581,2.001847193584175,0.3625082969665527,0.7680685520172119,1.0152413845062256,1.1635146141052246,1.2728886604309082,1.3624653816223145,1.4392433166503906,1.5048301219940186,8
0.58996848,257.98262572,44.09037583,2.0,2.8,0.1576047,0.24910665,0.33944988,0.42295003,0.49999547,0.5725794,0.63966465,0.7026162,16
0.3748818921798478,266.37845165288195,332.22659750845577,2.5,2.1,0.1147775650024414,0.1319766044616699,0.147871732711792,0.1541638374328613,0.1651480197906494,0.1756210327148437,0.1865091323852539,0.1957182884216308,11
0.4906807204281092,5.506953698522719,25.880410725892617,2.9,2.7,1.1422810554504397,3.606239318847656,6.019093036651611,7.586488246917725,8.191665649414062,8.294855117797852,8.338560104370117,8.377893447875977,14
0.6104673607100426,29.03198672488513,0.0090396397511027,2.194364852049747,2.553077299195881,0.7766952514648438,2.17279052734375,3.064084053039551,3.477158069610596,3.687266826629639,3.824975490570069,3.938518047332764,4.030020236968994,22
0.91691214,11.5382843,47.2414093,2.44569254,2.39051914,0.70847178,1.84328699,2.5493722,2.92325068,3.14567184,3.30905294,3.42453051,3.52487516,23
0.951919,2.222488,5.854956,2.5,2.0,1.02406287,2.7327528,3.82475519,4.41813993,4.81173897,5.09488153,5.2901268,5.40987921,6
0.56259884,218.78347029,68.57152329,2.7,2.3,0.23446488,0.40549374,0.5578444,0.69200873,0.8112047,0.9190247,1.0158579,1.10391,16
0.9829719,199.40253161,78.32968216,2.9,2.7,0.17792869,0.2971666,0.4130664,0.5325055,0.64225173,0.74657965,0.84530735,0.93967366,16
0.9439946,273.02723955,158.42428722,2.5,2.7,0.14256573,0.1904676,0.24751091,0.3126204,0.37765646,0.43641686,0.49246,0.547451,2
0.7911477963327727,3.6239617791399503,0.0489123259082221,2.400703225526557,2.282308997456245,1.0567307472229004,3.0680291652679443,4.525872230529785,5.261698722839356,5.668503761291504,5.958272933959961,6.175754547119141,6.336605072021484,5
0.4250168712829722,0.8899586758842088,19.41523916550883,2.770653360153264,2.0414440698921466,1.1294419765472412,3.6189026832580566,6.280146598815918,8.342395782470703,9.378171920776367,9.46156406402588,9.46249771118164,9.463293075561523,14
0.88087696,2.23253775,16.63926697,2.12031698,2.83082151,1.10714173,3.30216718,5.07168007,6.01009655,6.38655376,6.56782913,6.67314243,6.74479198,6
0.5757140302575805,7.918421536871175,0.5292170940064731,2.650536373433912,2.8815610389798776,1.1411302089691162,3.5518174171447754,5.6973748207092285,6.9259114265441895,7.414002895355225,7.629708766937256,7.800236225128174,7.9197821617126465,5
0.938042768646102,0.9767686867692944,0.0048984007325144,2.7058422500495016,2.1498852236137007,1.1350703239440918,3.33655047416687,5.029980659484863,5.971711158752441,6.505003929138184,6.945937156677246,7.334244728088379,7.637205123901367,5
0.49366357,127.51393123,203.90892409,2.8,2.2,0.32365084,0.63342094,0.8405485,0.98610497,1.098146,1.1892681,1.2635491,1.3256991,10
0.917114238360172,80.97295081090819,0.5962742100966923,2.8990354595404795,2.814748615758472,0.3734805583953857,0.7694549560546875,1.1037468910217283,1.38454008102417,1.619823932647705,1.8197650909423828,1.9920907020568848,2.142725944519043,8
0.6183308063668959,17.773503308110673,0.0437975813226993,2.4653291404798243,2.807846154972019,0.939769983291626,2.768324851989746,4.110661029815674,4.756892681121826,5.049589157104492,5.225474834442139,5.3546671867370605,5.448775768280029,5
0.7651982502661212,121.96119852841946,0.0336398454065588,2.934008624704365,2.735529846749253,0.3405365943908691,0.6807491779327393,0.9670205116271972,1.2097563743591309,1.4154338836669922,1.592763900756836,1.746462345123291,1.880885124206543,8
0.96119036,122.84746355,43.80646087,2.17479178,2.8239868,0.21597552,0.39706802,0.5702343,0.73161578,0.87976217,1.01696467,1.14287186,1.25865293,15
0.4924197,4.67605186,90.78163041,2.28122903,2.0,0.88457847,2.53351951,3.73599744,4.18911171,4.26927662,4.27489281,4.27494526,4.27494526,23
0.6645766,49.35294498,199.26649876,2.9,2.9,0.49426055,1.1928906,1.6723418,1.9170718,2.0573702,2.1540747,2.2328334,2.2980127,20
0.3,172.63761903255505,382.02927679749865,2.0,2.0,0.1352899074554443,0.1431407928466797,0.1499471664428711,0.1537351608276367,0.1599364280700683,0.165687084197998,0.1707096099853515,0.1757936477661132,11
0.61018785,68.43481717,300.90567022,2.55519085,2.44533256,0.3146019,0.5840168,0.74660707,0.85396242,0.93277001,0.99501038,1.04330444,1.08523226,21
0.6442430775962543,1.5491525666317416,1.81613346589245,2.10475113041994,2.872459384772976,1.205479383468628,3.9823215007781982,6.94204044342041,9.066020965576172,10.074121475219728,10.284897804260254,10.309322357177734,10.335590362548828,13
0.74064156,271.55437275,76.96727412,2.9,2.6,0.17368984,0.27875185,0.38152623,0.48561025,0.5807915,0.6708758,0.75581574,0.83691764,16
0.84762326,29.84126336,69.60190701,2.2,2.1,0.4742067,1.0928752,1.4950433,1.7451906,1.9166,2.0526469,2.1635768,2.257891,20
0.80869467,155.22740201,14.7197219,2.5,2.0,0.20266485,0.36800647,0.5237839,0.6676531,0.798785,0.91966534,1.0302055,1.1321356,15
0.92313516,254.15429688,9.15690422,2.00629878,2.24014926,0.1061914,0.18811107,0.26385689,0.33436942,0.40433645,0.47313309,0.53857875,0.60277367,2
0.88092446,18.63035011,293.17080688,2.81575751,2.27803278,0.39080524,0.83765411,1.10799551,1.22413898,1.2767179,1.30855727,1.33071876,1.34714103,21
0.71628828,156.18903084,292.49049796,2.7,2.9,0.20094037,0.29996014,0.39602208,0.4821434,0.55857277,0.62803864,0.6916733,0.75002265,17
0.64549788,24.76161903,232.1091739,2.0,2.0,0.41546702,0.93174028,1.18191457,1.23959899,1.25918603,1.27432084,1.2865088,1.29703784,21
1.0,285.86843649,400.0,2.0,2.0,0.04777169,0.07287312,0.09356332,0.09651852,0.10718131,0.11434793,0.11969805,0.12864256,11
0.9006531012015766,1.1059797284658677,0.0040003997187066,2.4284050994309445,2.522685708814588,1.1749835014343262,3.604340314865112,5.659870147705078,6.8143463134765625,7.385106086730957,7.743825912475586,8.036561012268066,8.275238037109375,5
0.6318398341142737,1.5393285834920778,13.388546613445008,2.20814061,2.51634955,1.1624643802642822,3.7606124877929688,6.395171642303467,8.226842880249023,9.019630432128906,9.156551361083984,9.163814544677734,9.175359725952148,14
0.60550873,122.96453929,226.4512664,2.00217541,2.29142965,0.2072556,0.33471131,0.44132781,0.53105426,0.60922265,0.67677307,0.73656201,0.78850102,17
0.89797174,36.54048106,142.95156029,2.4,2.2,0.3835504,0.82468987,1.1410859,1.3625805,1.5246179,1.652441,1.7555542,1.84231,10
0.34761959,110.00585464,159.98959497,2.1,2.3,0.38184237,0.8015425,1.0149956,1.0993104,1.1557426,1.2020214,1.2406328,1.2732136,21
0.6216121,253.9140937,338.9411567,2.9,2.1,0.11765242,0.16019368,0.20061278,0.23855996,0.27559137,0.310637,0.34331584,0.37443876,4
0.575781450799304,258.8281507849832,0.0120628019834949,2.775431623461973,2.353425971190473,0.2098526954650879,0.3530831336975097,0.4895637035369873,0.6120150089263916,0.7240293025970459,0.8268463611602783,0.921663761138916,1.0093445777893066,15
0.95944189,238.60445672,58.38111424,2.5,2.1,0.11696529,0.20457959,0.28423953,0.35980773,0.43511772,0.5090313,0.579556,0.64737034,2
0.56402566,87.97848518,173.70032785,2.5,2.5,0.3811443,0.8069248,1.0891705,1.2619214,1.3852901,1.4790316,1.5560989,1.6233106,10
0.63461461340706,38.79035261856585,96.84892512801896,2.038478914622725,2.212436831033739,0.5138363838195801,1.2778208255767822,1.7217330932617188,1.9294078350067136,2.0539236068725586,2.1463403701782227,2.2259068489074707,2.2937326431274414,20
0.6304944,182.27554041,256.49539467,2.6,2.8,0.19355488,0.287287,0.37693834,0.4563713,0.52820706,0.59344745,0.65333414,0.7082186,17
0.9858491707009248,3.1745640324156787,0.1393468884078758,2.8839923957104627,2.8155396577661524,1.058480978012085,3.050591468811035,4.510111331939697,5.296611309051514,5.764625072479248,6.1144633293151855,6.3967156410217285,6.608862400054932,5
0.8807132911610761,112.58803591665225,0.0051045046882967,2.183470354569938,2.677931810091196,0.265514612197876,0.5060651302337646,0.7274453639984131,0.9245843887329102,1.099341630935669,1.2554326057434082,1.3948991298675537,1.5205602645874023,8
0.6460410547201378,0.8223374513991802,0.1530866732211604,2.3598792552067005,2.8910781921644912,1.2648708820343018,4.232828140258789,7.605501174926758,10.302639961242676,11.8955717086792,12.071025848388672,12.082374572753906,12.09166431427002,12
0.5811401,68.87691116,223.83123495,2.98883538,2.05043355,0.31310248,0.58722138,0.75575709,0.86279655,0.94145846,1.00276661,1.05317974,1.09442806,21
0.9511348973323768,1.1293013879409672,0.2571655700326469,2.5001543099838672,2.5135985421837974,1.1621918678283691,3.490062713623047,5.365453720092773,6.391085624694824,6.937882423400879,7.328412055969238,7.655339241027832,7.913066864013672,5
0.98249874,234.93405833,137.39988491,2.0,2.5,0.10005474,0.16291428,0.2155385,0.26566005,0.32059288,0.37258363,0.421973,0.46964455,2
0.98145547,64.09699929,318.47281978,2.26823303,2.27584723,0.18091893,0.28398347,0.37948632,0.46108317,0.53215194,0.59506512,0.65006065,0.69879103,17
0.4719924,180.18194004,389.2917413,2.3,2.3,0.13391209,0.15378785,0.17613316,0.1900847,0.20483112,0.21849155,0.23266053,0.2459724,11
0.7125256537698711,4.695579862016327,20.04302364798007,2.03906536,2.40275574,1.0008480548858645,2.9937191009521484,4.512722492218018,5.235189914703369,5.51876163482666,5.657562255859375,5.754923343658447,5.814767837524414,6
0.9734444302748628,0.7538391590314494,2.0973859799425143,2.710427491916288,2.835344243468186,1.22641921043396,3.8013103008270255,6.093620300292969,7.441329956054687,8.131843566894531,8.554909706115723,8.904129028320312,9.214337348937988,13
0.7222607862586398,25.60624950431901,0.094244402316542,2.432428919665684,2.987710201218245,0.7721586227416992,2.1845858097076416,3.126681089401245,3.5976650714874268,3.8598997592926025,4.038898468017578,4.183762550354004,4.304741859436035,22
0.78914963,65.07741961,181.62068659,2.5,2.7,0.33941627,0.6831758,0.9391241,1.134428,1.2866929,1.410073,1.5109475,1.5956438,10
0.93813817,198.32140472,196.74480477,2.1,2.7,0.11403608,0.17657089,0.23332834,0.28747416,0.3410275,0.39294505,0.4420364,0.48872495,3
0.4892209168924856,20.568366400632154,0.1596294163800404,2.155099765423121,2.274357519615103,0.9226582050323486,2.6777517795562744,3.922640085220337,4.465973854064941,4.685040473937988,4.810385704040527,4.8981475830078125,4.962164878845215,22
0.49296867,43.04398219,157.94718903,2.3,2.9,0.55997014,1.4271731,1.9513664,2.1336098,2.195436,2.2352128,2.2696013,2.2998056,0
0.83299762,209.6769104,225.90611267,2.05030942,2.99639678,0.12834406,0.20562649,0.27931476,0.35118127,0.41943979,0.48466945,0.54631138,0.60479856,3
0.69590262,192.72219458,96.06474059,2.9,2.9,0.25126266,0.43155813,0.5995643,0.75063586,0.88631177,1.0101929,1.1225014,1.2257304,16
0.30488169,41.02193823,8.73458227,2.5,2.5,0.97996879,2.87402773,4.3724494,5.08118677,5.28096437,5.35393333,5.38679075,5.40881872,6
0.32715234,88.88329315,272.45428467,2.68731451,2.18364549,0.37024021,0.74297023,0.90641785,0.94660425,0.97303247,0.99658942,1.0159936,1.03263879,21
0.61534721,101.9566803,88.76773834,2.92017317,2.78768682,0.42219138,0.92388821,1.28672075,1.53651333,1.7201643,1.86874962,1.99148226,2.09567833,20
0.54669422,148.08590698,188.31208801,2.00445294,2.36053061,0.21904135,0.36189628,0.47864819,0.57770514,0.66280389,0.73726606,0.80251527,0.8611877,17
0.5123615782190961,136.54589672595677,0.1094109767980145,2.7635519760264784,2.9925347777295928,0.481431245803833,1.1453933715820312,1.6129779815673828,1.903741836547852,2.108717441558838,2.2731680870056152,2.406564235687256,2.524646282196045,18
0.4727705,147.2977358,339.97431368,2.5,2.4,0.21577024,0.30334473,0.3677981,0.42072392,0.46775675,0.50919414,0.5462012,0.57972217,4
0.45318585,33.71952016,358.70592187,2.7,2.2,0.43686032,1.0416136,1.3817892,1.4168551,1.4180622,1.4180837,1.4185236,1.4188502,1
0.73841872,258.26574463,113.80481605,2.9,2.1,0.14267182,0.23348713,0.32017827,0.404891,0.48540592,0.5615487,0.6342728,0.7031791,16
0.69165851,43.06623084,336.20028674,2.39526074,2.64052834,0.35071325,0.70675302,0.92104197,1.03533792,1.10597515,1.1561861,1.19594145,1.22692108,21
0.72198373,91.30820768,315.16107201,2.5,2.8,0.24230337,0.39429665,0.5104902,0.60773563,0.69009805,0.76070905,0.82245636,0.87603235,17
0.9488005,292.66140747,32.63682938,2.24351621,2.15170169,0.09593582,0.16702294,0.229491,0.28529954,0.34426475,0.4025681,0.4589324,0.51372218,2
0.9265053165019724,9.332217437181754,0.4365972735758588,2.252904173466901,2.7599384102229303,0.831010103225708,2.308500051498413,3.270049810409546,3.7726433277130127,4.070293426513672,4.283123016357422,4.449063301086426,4.592582702636719,22
0.8280870336016607,0.7934684302904859,0.0131232830417074,2.6927525832094337,2.245360788840068,1.2000372409820557,3.743995904922485,6.070209503173828,7.484299659729004,8.145695686340332,8.459389686584473,8.728938102722168,8.93701171875,12
0.86734366,189.65653992,388.86795044,2.07319283,2.01823282,0.0687573,0.09688115,0.11600757,0.12391591,0.13892317,0.15155244,0.16308212,0.17520237,11
0.34077233,255.45188904,379.88363647,2.40674806,2.74548268,0.16712141,0.18930459,0.21347308,0.23441529,0.2551434,0.27232361,0.28851342,0.30423474,11
0.97965982,258.46448146,114.06946778,2.46967347,2.41638348,0.11277008,0.18902922,0.25430608,0.3170836,0.38154864,0.44461632,0.50498986,0.56280756,2
0.34109509,284.0189209,75.53868866,2.06347466,2.82813692,0.26913333,0.47499704,0.62292337,0.74506474,0.84752798,0.93572783,1.01231027,1.08003116,16
0.72345409,47.84079347,246.37282514,2.2,2.0,0.30422854,0.5829847,0.7639251,0.8844819,0.9721544,1.0388253,1.0924647,1.1345508,21
0.54462934,151.19405016,18.39035817,2.8,2.1,0.35053086,0.7280381,1.0104036,1.2253277,1.3973219,1.5377634,1.6579301,1.7625015,9
0.4892515733791767,39.536990227429904,0.4250064862319336,2.552112476426725,2.375969251819976,0.7985532283782959,2.251054286956787,3.2209768295288086,3.6660170555114746,3.874958515167236,4.012962818145752,4.105841159820557,4.18369722366333,22
0.66885038,157.80059358,397.3646089,2.69053584,2.12741816,0.12024689,0.14655566,0.17241025,0.18874717,0.20437455,0.22094011,0.23577046,0.2494514,11
0.81651091,244.28396096,217.86108142,2.7,2.7,0.15218568,0.2136631,0.28002286,0.35286617,0.4191563,0.48026252,0.5386989,0.5944133,3
0.60558993,173.42079163,332.98007202,2.54401946,2.55480933,0.16620445,0.22321963,0.28205514,0.33211112,0.3784306,0.42032647,0.45862198,0.49464393,4
0.43851574,294.93233346,23.51835899,2.6,2.5,0.23869467,0.3981123,0.5361552,0.6565254,0.76311946,0.8597269,0.94681096,1.0256734,15
0.37767714,245.42484062,211.67353387,2.1,2.0,0.14244223,0.18406773,0.22417021,0.26080894,0.29475093,0.325917,0.35433936,0.38046908,3
0.88820072,282.49471325,216.30452977,2.50841629,2.45095792,0.11586714,0.16260934,0.20821786,0.25407982,0.30304456,0.34923983,0.39140916,0.43354869,3
0.3,158.2475044,400.0,2.0,2.0,0.13300133,0.13989592,0.14375591,0.14437985,0.14750576,0.15022278,0.15191412,0.15468001,11
0.895693224329185,20.85464114921085,0.0140541380258749,2.0456918316079062,2.0224775922266973,0.5555486679077148,1.321857452392578,1.804039478302002,2.102476119995117,2.3173646926879883,2.486366271972656,2.628340244293213,2.749365329742432,18
0.612560642454119,78.24853956888848,0.0722410799127193,2.439713206850202,2.6193663278332044,0.5147414207458496,1.2573704719543457,1.7474589347839355,2.038779258728028,2.2407588958740234,2.400679111480713,2.535945415496826,2.6488513946533203,18
0.38517273,164.27922195,149.05005629,2.9,2.0,0.35176086,0.74372673,0.9964318,1.1491311,1.2590399,1.3471162,1.417371,1.4782488,10
0.8378187310530388,100.75731524181448,0.0820545893568401,2.6528987234988763,2.1615938920439888,0.2781364917755127,0.5427052974700928,0.7745649814605713,0.9753947257995604,1.1488807201385498,1.3001112937927246,1.4326858520507812,1.5511045455932615,8
0.4508763,115.20415497,8.45515633,2.39522123,2.39473844,0.49548149,1.18746018,1.61389232,1.8324306,1.98124814,2.09393239,2.19235158,2.27647853,18
0.81989567,109.79951506,10.13858125,2.6,2.4,0.29747748,0.57809997,0.8224504,1.0341866,1.2181418,1.3779349,1.5175655,1.6410673,9
0.33616445,108.47631855,347.59040047,2.6,2.7,0.33738017,0.61662173,0.72992396,0.7749529,0.80825734,0.8354056,0.8593545,0.8814914,21
0.84583865,192.01402361,243.2311695,2.1,2.9,0.11846709,0.17228913,0.22383189,0.2705989,0.31587434,0.36026144,0.4017036,0.44100785,3
0.3940879614161741,1.512946363340426,0.0071548377763018,2.05465896751432,2.993491713156429,1.2385685443878174,4.237263202667236,7.862947940826416,11.170730590820312,13.391393661499023,13.479410171508787,13.485416412353516,13.490318298339844,12
0.76899982,291.37138081,38.63994709,2.2,2.4,0.12160444,0.19991279,0.2720542,0.34075832,0.40849257,0.47464275,0.5369818,0.59680986,2
0.78803366,9.17352336,38.4854043,2.6,2.7,0.9010742,2.5224798,3.634817,4.187377,4.4672365,4.633048,4.7471323,4.8279533,23
0.4228676097183959,282.37924186347965,306.803027466629,2.5,2.1,0.1082031726837158,0.1300499439239502,0.1493165493011474,0.1594104766845703,0.1740081310272216,0.1882505416870117,0.2026278972625732,0.2153606414794922,11
0.7854529,139.13443484,191.79495735,2.2,2.5,0.17374873,0.27752638,0.37908053,0.46944356,0.5515175,0.62654066,0.69515395,0.7581918,17
0.87223518,77.23680115,27.915802,2.05455041,2.13528442,0.27192736,0.53003097,0.75151491,0.94162035,1.10482574,1.24503994,1.36746597,1.47467661,9
0.7554562957153371,4.180612444925188,0.010400900650255,2.1502939042380005,2.13610573290066,1.0234084129333496,2.946943521499634,4.305478096008301,4.969662666320801,5.32152271270752,5.561413764953613,5.738953590393066,5.857123374938965,5
0.5672717337486874,1.6099998763230874,0.0155952310015095,2.8005094252786056,2.366291629691034,1.226065158843994,3.958146095275879,6.8296613693237305,8.939661026000977,10.010353088378906,10.133538246154783,10.145840644836426,10.158689498901367,12
0.81946107,145.49691806,216.54065365,2.04317918,2.01163696,0.11882639,0.18659115,0.24913812,0.30860949,0.36413217,0.41517758,0.46243906,0.50650358,3
0.9475452473153804,1.7686693683195287,5.3388628098067885,2.15314054,2.19771719,1.037410020828247,2.975484609603882,4.335239410400391,5.02883243560791,5.422149658203125,5.703129768371582,5.904328346252441,6.059758186340332,6
0.7830706759753713,2.1068625274511623,1.505935073175821,2.86896896,2.43573475,1.1699926853179932,3.555359601974488,5.5618896484375,6.681423187255859,7.215747833251953,7.577178955078125,7.900222778320312,8.170494079589844,5
0.9594375835936552,33.2575101166496,0.1231890444676523,2.699093741771445,2.363319282246006,0.4837090969085693,1.1130001544952393,1.5732452869415283,1.8972322940826416,2.14221453666687,2.3403918743133545,2.505935907363892,2.6487810611724854,18
0.80929817,15.36946997,186.24052112,2.1,2.2,0.48951006,1.1731217,1.5517628,1.6887963,1.7371106,1.7669196,1.7906103,1.8104653,0
0.9938570290391936,0.9132759140738674,0.0041394704853568,2.864910124534691,2.778994765854174,1.212261438369751,3.689487218856812,5.770281791687012,6.957525253295898,7.598414421081543,8.066726684570312,8.481172561645508,8.810789108276367,12
0.62511387,154.4492964,357.00227078,2.18718705,2.30573765,0.13450098,0.17116547,0.21011639,0.24127316,0.27119303,0.29897666,0.32517433,0.34953403,11
0.89225681,165.72702967,36.0704562,2.3,2.4,0.17333698,0.30293107,0.42837095,0.5465839,0.6570456,0.7605977,0.8566971,0.9472914,15
0.4901374612909883,1.757708852883904,0.0152552672345062,2.221673673295087,2.619982927622718,1.226850986480713,4.086309909820557,7.294970989227295,9.885961532592772,11.185131072998049,11.240503311157228,11.246076583862305,11.250732421875,12
0.6367299049944817,4.509569598596739,0.0062358375157278,2.825887304738695,2.5048565742739606,1.1586220264434814,3.5483558177948,5.61393928527832,6.76420783996582,7.252884864807129,7.533539772033691,7.776679039001465,7.975339889526367,5
0.929381671814377,1.0075467210025286,0.3223476799148914,2.320664898332984,2.6774411096784974,1.178877353668213,3.6388907432556152,5.734983444213867,6.921724319458008,7.509158134460449,7.863370895385742,8.141840934753418,8.36879825592041,5
0.9466676492602925,2.80667442629748,0.2586683548798797,2.4407729235038684,2.843180808449706,1.0751121044158936,3.175137519836426,4.7621588706970215,5.578978061676025,6.0206685066223145,6.324608325958252,6.56488847732544,6.753445148468018,5
0.94678068,104.54476929,16.63079834,2.05653548,2.10234165,0.19946861,0.36991835,0.52915978,0.67502689,0.8071363,0.92842245,1.0382452,1.13910985,15
0.3613142700336613,1.775606087439069,0.3583370621817719,2.9520192580277715,2.715849629535505,1.2969069480895996,4.335704326629639,7.88441276550293,11.04702854156494,12.94009017944336,12.978570938110352,12.984217643737791,12.989053726196287,13
0.96635443,24.52946854,155.00543213,2.01658201,2.05528498,0.36245632,0.76486921,1.04495215,1.23520851,1.36910748,1.47398138,1.5562017,1.62155676,10
0.99720423,149.03272858,350.16720379,2.7,2.3,0.12352943,0.18417358,0.24128222,0.29716396,0.3509183,0.40066314,0.4475205,0.4914422,4
0.70783651,250.20384216,396.24291992,2.17508173,2.73083973,0.09548044,0.12867832,0.15622759,0.17865252,0.20326424,0.22699881,0.24872088,0.26981568,11
0.4138603626972154,24.23566259927184,0.1070278134914977,2.524102031260464,2.5481286419215343,0.9986348152160645,2.9995079040527344,4.602990627288818,5.379608154296875,5.649953842163086,5.783641815185547,5.881211280822754,5.9489336013793945,5
0.35836884,250.78642273,201.47189331,2.37429595,2.22948241,0.18260431,0.24246216,0.29926109,0.34728169,0.39041233,0.42919135,0.46508503,0.49816275,3
0.5966997098710695,1.5124412340108029,0.0100471510196937,2.2814884792069616,2.05952181652357,1.1624629497528076,3.702794313430786,6.232090950012207,8.009907722473145,8.858503341674805,8.997730255126953,9.02327823638916,9.054727554321287,12
0.89302706,3.96088936,134.10200322,2.3,2.4,0.74713707,2.043443,2.8855464,3.2176998,3.3115156,3.3192723,3.31934,3.3206165,23
0.59475094,167.73104014,392.40058513,2.1,2.7,0.11845517,0.14113235,0.16218758,0.17429781,0.18681908,0.19928145,0.21226788,0.22328615,11
0.6213904310594551,4.718373968288015,0.0058737844212976,2.152002816554069,2.539869851966289,1.114689588546753,3.4689414501190186,5.518819808959961,6.647717475891113,7.092267036437988,7.2686872482299805,7.398747444152832,7.490352630615234,5
0.86296528,6.55134433,41.00888335,2.5,2.0,0.81111646,2.11197329,2.91264629,3.32167006,3.55607796,3.70013618,3.7992692,3.86541033,23
0.4608969100779136,4.9845423330574885,0.009475686154135,2.85477834746037,2.769902640920885,1.2407386302947998,4.016081809997559,6.93227481842041,9.021907806396484,9.982525825500488,10.136296272277832,10.157489776611328,10.202778816223145,12
0.675158195096018,18.541314194214312,0.5181353399647174,2.0224819771740377,2.793570145250561,0.8410649299621582,2.443978309631348,3.5337815284729004,4.028144836425781,4.258893489837647,4.40220832824707,4.518518447875977,4.607635498046875,22
0.87416466,3.89446798,44.86562775,2.7,2.9,1.0158055,2.9145017,4.3292637,5.056904,5.4075465,5.622071,5.761745,5.847135,7
0.46556155,104.8329688,10.43987019,2.2,2.2,0.4727292,1.1062596,1.4862268,1.6858003,1.8240056,1.9290729,2.0234575,2.1040516,18
0.37462641,144.39391343,244.59594734,2.4,2.3,0.28939247,0.49733067,0.6135583,0.6948159,0.7585015,0.8117924,0.8571658,0.8957274,21
0.39067618,88.0254271,254.10872449,2.2,2.1,0.3346541,0.6447189,0.7955694,0.85711074,0.90161085,0.936198,0.9647536,0.9899285,21
0.8650362470166694,2.187683645089788,64.79412912738681,2.449470233617785,2.558667526186226,0.965724229812622,2.88706922531128,4.387279033660889,5.114214420318604,5.383551597595215,5.515442371368408,5.568445682525635,5.589221477508545,7
0.855949409294841,4.384474054950957,5.158507771733447,2.3326871213142213,2.2973341659794464,0.9762015342712402,2.7406716346740723,3.932379722595215,4.531973838806152,4.871394157409668,5.114734172821045,5.294717788696289,5.426463127136231,6
0.42620018,38.65378447,320.45651795,2.76277178,2.15760164,0.39477849,0.83268166,1.01135254,1.01687121,1.0177772,1.01918864,1.0205698,1.0217998,21
0.3080297089808114,0.9830198570738806,2.3094069560642976,2.5521312386526893,2.8581774294633715,1.2882344722747805,4.364279270172119,8.072324752807617,11.533485412597656,13.498985290527344,13.52077865600586,13.527185440063477,13.53271484375,13
0.749498515972181,8.204451192347637,0.0366704931621363,2.193180986507833,2.7804671632429323,0.9851627349853516,2.917898178100586,4.345276832580566,5.031610012054443,5.352270603179932,5.548938274383545,5.693214416503906,5.809288501739502,5
0.40042775,154.86967697,326.38222159,2.1,2.9,0.18990612,0.23144388,0.2670722,0.2927332,0.31647325,0.33834457,0.35828948,0.37625694,4
0.99006987,293.31091309,172.83215332,2.84871173,2.56986475,0.15266657,0.18292975,0.22962594,0.29483604,0.35810018,0.41243434,0.46620917,0.51865458,3
0.98507226,295.53899523,320.02861158,2.4,2.6,0.10532188,0.12917471,0.15570283,0.1790607,0.21032667,0.23969746,0.2638147,0.2891779,11
0.6560757741026458,1.6324403026987746,0.0038742099095157,2.306974326341471,2.3514174218050714,1.1829140186309814,3.777807474136353,6.311624526977539,7.971401214599609,8.686195373535156,8.871479034423828,8.969196319580078,9.06460952758789,12
0.6416342875515785,7.467120947984573,0.370347801450572,2.768311791986955,2.207370344178652,1.034057378768921,2.9902119636535645,4.415322780609131,5.121790885925293,5.5111236572265625,5.797751426696777,6.012670516967773,6.166464805603027,5
0.79368935,291.2841385,145.14937816,2.6,2.3,0.11509442,0.18398929,0.24496889,0.3041618,0.363415,0.42017055,0.47435403,0.52622366,2
0.45808359,161.14068294,325.89747832,2.8,2.4,0.23848724,0.36171246,0.44479203,0.51527643,0.57692313,0.62994885,0.67708516,0.71932006,17
0.7950291504427448,80.067055156945,20.18699385927497,2.46919963,2.89137219,0.4076039791107178,0.8866024017333984,1.2589809894561768,1.5471959114074707,1.7765989303588867,1.9667201042175293,2.126869201660156,2.264578342437744,19
0.84914161,233.04694612,192.25683679,2.75071436,2.01780963,0.10581493,0.15957141,0.20607877,0.25047255,0.29639149,0.3407104,0.38258553,0.4223876,3
0.3807543,130.20001899,222.82974137,2.7,2.1,0.35005856,0.7199497,0.9364326,1.0493152,1.127984,1.1915894,1.2434862,1.2879343,21
0.634822086878619,185.7569544445548,0.228388318695314,2.104408909521084,2.8855873850441087,0.2649130821228027,0.4989907741546631,0.7065198421478271,0.8887548446655273,1.0492584705352783,1.1913251876831057,1.3185369968414309,1.43176531791687,8
0.66939341,148.79894128,19.7646535,2.43611863,2.63352677,0.30217004,0.58087969,0.81397724,1.01307297,1.18296766,1.3296001,1.45804548,1.57091045,9
0.89364001,39.54929971,83.22300272,2.3,2.3,0.39830232,0.86214733,1.2008638,1.4437504,1.627388,1.7740238,1.8930604,1.9943979,10
0.39908472,170.35993036,178.62194359,2.70588775,2.94347505,0.37417793,0.76545286,1.01823068,1.17731977,1.29220223,1.38687587,1.46508145,1.53156829,10
0.3040693506153332,176.9722336281573,400.0,2.37904191,2.53681457,0.2110884189605713,0.2571475505828857,0.2819271087646484,0.3018314838409424,0.3214664459228515,0.3386845588684082,0.3541877269744873,0.3688862323760986,4
0.45477349,106.70341385,247.07786211,2.35759431,2.35538676,0.30785394,0.55857468,0.70607734,0.80171132,0.87238646,0.929708,0.97635245,1.01793647,21
0.52299644,127.62733287,35.79644217,2.5,2.6,0.41204214,0.8995638,1.2380345,1.4646676,1.6356356,1.7687132,1.8793476,1.9758394,19
0.47546065,191.32717896,145.86395264,2.09638739,2.82888365,0.26520848,0.47395205,0.6343627,0.76915574,0.88325763,0.98058987,1.06594133,1.14058256,17
0.76505263,95.01988324,18.41715787,2.9,2.6,0.39141226,0.82773185,1.1727421,1.4471118,1.6690476,1.8531797,2.0092247,2.1441805,9
0.81476027,222.44592916,105.55783883,2.6,2.3,0.14791346,0.2448082,0.33811784,0.42730188,0.5117309,0.5923724,0.66798735,0.7394202,16
0.77361539,281.39593201,47.86975452,2.26577069,2.03943428,0.10681391,0.17650986,0.23901415,0.29846144,0.35891938,0.4164269,0.47176456,0.52424669,2
0.83484325,120.36345838,278.51326038,2.8,2.3,0.18863606,0.30274367,0.41266918,0.51068044,0.59904647,0.6796417,0.75294924,0.82037926,17
0.91520895,10.72344235,284.96897046,2.91472469,2.22096563,0.4408288,1.00804257,1.33255863,1.42623711,1.43261385,1.43399715,1.43561029,1.43687439,1
1.0,59.90103563,248.37250729,2.0,2.97397973,0.24192142,0.4490757,0.63154769,0.79028177,0.92793679,1.04853988,1.15379405,1.24611187,10
0.83584493,62.60465622,122.62206268,2.16308761,2.00928664,0.2705965,0.51678848,0.71536589,0.87644768,1.00983381,1.12215114,1.21601439,1.29515791,10
0.69455662,212.22391531,256.56850669,2.5,2.5,0.14730787,0.21160555,0.27722168,0.33806276,0.39484906,0.44764972,0.49650764,0.54316306,4
0.65429393,268.48196111,279.94576588,2.5,2.9,0.14759469,0.17887712,0.22205305,0.270046,0.31427908,0.35213208,0.38972712,0.42489982,4
0.7534629270327594,300.0,351.75343502745733,2.1,2.2,0.0656771659851074,0.0956089496612548,0.1221764087677002,0.1281416416168213,0.1421186923980713,0.1570007801055908,0.1729347705841064,0.1868031024932861,11
0.9849796,128.42609362,183.7533939,2.3,2.7,0.16293478,0.26748967,0.37043142,0.4656117,0.5537627,0.63606143,0.7127099,0.7841599,17
0.75690891,18.11122231,158.04050108,2.18136224,2.98547196,0.6309247,1.749228,2.49088049,2.7919693,2.89944267,2.95249081,2.99247217,3.02723789,23
0.32047838,262.54218489,248.3383122,2.5,2.6,0.21295142,0.28236485,0.3366878,0.38263035,0.4244933,0.4619758,0.4964211,0.5282166,3
0.98906928,18.89582634,35.11893082,2.31736898,2.07420158,0.51251698,1.18853974,1.64130521,1.93311739,2.14106226,2.30510807,2.43904638,2.55403948,19
0.55454453783138,6.663505941177259,10.546178382869762,2.21602106,2.39437103,1.0677759647369385,3.281142234802246,5.151721954345703,6.163755893707275,6.513791561126709,6.639854907989502,6.7174811363220215,6.777010440826416,6
0.5737074004415582,2.5335041666209666,1.4033322088762152,2.348213154446076,2.9876054840859654,1.23057222366333,4.042441368103027,7.071037292480469,9.250706672668455,10.279374122619627,10.480881690979004,10.495142936706545,10.516960144042969,13
0.61840573,256.60147082,167.41292935,2.99265661,2.50392147,0.17190528,0.25383019,0.33669662,0.41524076,0.48722386,0.55294657,0.61497068,0.67350054,2
0.67675283,156.36404168,138.94092176,2.3,2.2,0.19340253,0.3209324,0.43954635,0.5443523,0.6383133,0.72334933,0.80064774,0.87091565,17
0.5894970455055837,1.125887503266444,35.31491372455779,2.5398940492894324,2.036276594846996,1.055980205535889,3.294626235961914,5.444796562194824,6.824206352233887,7.33695125579834,7.368982315063477,7.37185001373291,7.373173713684082,7
0.41833349,202.46255653,124.06087479,2.1,2.6,0.23035717,0.3680892,0.47609162,0.5671363,0.6460333,0.71491194,0.77617407,0.8298578,16
0.37352501,245.93440972,153.5091797,2.3,2.9,0.22701049,0.3412361,0.42998338,0.50525975,0.571959,0.63092494,0.6841965,0.732363,17
0.55908869,72.32562087,208.9131377,2.2,2.1,0.33123708,0.6528039,0.8501885,0.96866703,1.0532656,1.1190491,1.1728377,1.2166626,21
0.57687796,131.47492641,232.24633311,2.5,2.6,0.26086903,0.44321394,0.5801194,0.69405484,0.7909503,0.87391114,0.9455013,1.0081103,17
0.33118951,268.1663934,19.5782481,2.5,2.9,0.33838916,0.6499076,0.8570733,1.0096669,1.1310596,1.2326641,1.3185277,1.3910809,9
0.74890022,91.28431322,399.600001,2.005,2.005,0.11695051,0.14248824,0.16435242,0.18243599,0.20049047,0.216465,0.23134971,0.24528551,11
0.4509074768244641,17.59603702965929,15.205427722144377,2.23260975,2.52544045,0.9814558029174804,2.9758596420288086,4.5885090827941895,5.371993064880371,5.607618808746338,5.700353622436523,5.758397579193115,5.796115398406982,6
0.7531440035337762,2.025613061366517,0.8237026138844552,2.08222810171632,2.964046483066053,1.1687772274017334,3.7461578845977774,6.207949638366699,7.690648078918457,8.33736515045166,8.601861953735352,8.738667488098145,8.848464965820312,13
0.3162086192352272,1.1361403263023404,4.772486505535506,2.0347893057211603,2.5168377457571967,1.208247423171997,4.082568645477295,7.4675984382629395,10.514520645141602,12.42458724975586,12.46885871887207,12.473045349121094,12.476707458496094,14
0.3633265616689338,19.682733297566884,25.33701511919437,2.20346808,2.59346867,0.9930524826049804,3.074950218200684,4.8941426277160645,5.861616611480713,6.099877834320068,6.139760494232178,6.167142391204834,6.187009334564209,7
0.6844170737637238,2.337510515710059,0.0064041654557302,2.3047025135213626,2.3954535445801626,1.1588003635406494,3.625361204147339,5.850795745849609,7.159415245056152,7.707571983337402,7.935057640075684,8.101568222045898,8.220142364501953,5
0.4108787243087712,0.9690269445295898,2.5778889683042827,2.839067610637447,2.7382576852218428,1.291449785232544,4.326730728149414,7.891870498657227,11.101284980773926,13.085725784301758,13.12551212310791,13.130125045776367,13.13408660888672,14
0.86124438,13.99241066,4.11852169,2.01671696,2.73138928,0.76031709,2.06035185,2.85971308,3.26003838,3.49163389,3.66165066,3.79029608,3.89527559,22
0.40841407,142.45953783,127.18474949,2.0,2.5,0.3049221,0.5649214,0.7275758,0.842628,0.9316869,1.0042627,1.0639412,1.1153312,10
0.6475944874019015,44.84759760629005,117.6454473595364,2.6782966776338832,2.710760725173817,0.556006669998169,1.4379138946533203,2.0199904441833496,2.307239532470703,2.472517967224121,2.5900654792785645,2.6844253540039062,2.767327785491944,20
0.46440571,137.43308511,213.52859665,2.60175182,2.61005828,0.31840277,0.59232879,0.76909947,0.89669251,0.99570537,1.07706809,1.14603496,1.20358181,10
0.61793866,79.85717429,66.55505159,2.2,2.5,0.40551186,0.8859825,1.2128515,1.4246767,1.5767288,1.7001853,1.803329,1.8915443,20
0.90167546,17.5151329,42.11341095,2.668571,2.23407984,0.6110208,1.50905037,2.08377743,2.41362381,2.63409376,2.79902935,2.92872095,3.04350281,19
0.3,138.14653575181742,272.1333892723697,2.0,2.0,0.2362701892852783,0.3523592948913574,0.4069819450378418,0.4500589370727539,0.4851784706115722,0.514789342880249,0.5407774448394775,0.56369948387146,4
0.4267098273214416,1.111746820617464,15.642106153488768,2.4884420686113606,2.340515039641266,1.183793544769287,3.877252578735352,6.877823352813721,9.347047805786133,10.80682373046875,10.925046920776367,10.926637649536133,10.927982330322266,14
0.5391429142909839,251.82420246410464,0.2558052768334758,2.396515760114206,2.756167009581887,0.2525269985198974,0.4481387138366699,0.6215903759002686,0.7747776508331299,0.9115562438964844,1.034017562866211,1.144559621810913,1.2445721626281738,15
0.44650182,129.22017941,32.77966921,2.2,2.4,0.4115703,0.90475607,1.2153656,1.3965244,1.5288699,1.637284,1.7240388,1.7985303,19
0.3013741547437725,12.343787520170691,6.564415247205808,2.08337069,2.52567291,1.1091580390930176,3.5819337368011475,6.1144304275512695,7.873945236206055,8.581621170043945,8.632949829101562,8.637605667114258,8.641921043395996,14
0.73885098,71.81717879,84.31036184,2.3,2.1,0.33791065,0.6883817,0.9522104,1.1525626,1.3115292,1.4400437,1.5469439,1.6382308,10
0.51041744,163.9079582,293.45834649,2.5,2.1,0.18908715,0.27022958,0.3425243,0.40460277,0.45918107,0.5083008,0.55247164,0.592587,4
0.7404410501079066,4.422437350671641,0.0067215540772616,2.819597581395056,2.996211641364805,1.1584851741790771,3.5385539531707764,5.568513870239258,6.687032699584961,7.206676483154297,7.531092643737793,7.796018600463867,7.999832153320312,5
0.8308639107134145,71.96438562054557,0.0039580940634246,2.1587587376504573,2.803005415510872,0.3880558013916015,0.8357818126678467,1.1882474422454834,1.465327262878418,1.688259840011597,1.8735897541046145,2.0310637950897217,2.1681697368621826,8
0.89409339,18.90789986,26.51613426,2.28541756,2.67916536,0.65526199,1.686903,2.33789277,2.69721389,2.93025565,3.10427022,3.24781108,3.36512017,19
0.3683518,192.74930722,53.74478237,2.9,2.9,0.4461484,1.0138326,1.3929143,1.6074677,1.748601,1.862206,1.9578128,2.0369062,19
0.67218643,164.43078536,129.89502437,2.6,2.2,0.21594906,0.36958838,0.5102706,0.63399434,0.74488974,0.8449421,0.93543243,1.0179172,17
0.39744812,144.04341125,270.46905518,2.47047663,2.84031534,0.32825279,0.61726928,0.78590345,0.89340305,0.97342467,1.04012179,1.09463406,1.14291334,10
0.32343892,229.0309664,132.88783658,2.6,2.4,0.30812383,0.5597906,0.7138877,0.8266127,0.9163923,0.99249077,1.0555587,1.111819,10
0.58896002,271.5942553,195.82326401,2.2,2.3,0.1161387,0.16595411,0.2133596,0.25508785,0.29736686,0.33738136,0.3751173,0.4104998,3
0.93381512,1.93546474,5.19798326,2.67903805,2.00986218,1.06269646,2.87594128,4.05770111,4.7089467,5.13835239,5.46854067,5.69442225,5.83373404,6
0.611468892112071,202.63726215333529,0.9564482481843644,2.1702163349981625,2.87197782047984,0.2567853927612304,0.474621057510376,0.6684725284576416,0.8396072387695312,0.9905846118927002,1.1257786750793457,1.245903253555298,1.3546955585479736,8
0.76660277,193.54204731,227.67817452,2.3,2.8,0.14113426,0.20883489,0.27716494,0.338619,0.39640784,0.45134354,0.5021541,0.5506387,3
0.84825778,4.73800516,1.52636492,2.66114688,2.25171113,1.02225208,2.79184103,3.96011829,4.58261251,4.95712423,5.22625494,5.40853643,5.55281782,5
0.48466509,67.17818249,258.64881165,2.8,2.3,0.4283743,0.9954381,1.3370073,1.4672489,1.5265656,1.5719278,1.6093097,1.6402097,1
0.31711075,64.52823169,354.23245877,2.29739775,2.55686478,0.38511968,0.81567717,1.00734901,1.01744771,1.0220437,1.02647781,1.03057718,1.0343821,21
0.9359420600586754,19.89295515046718,0.0551080137277875,2.551128694770677,2.693538366907801,0.6599535942077637,1.6925225257873535,2.371243953704834,2.777473926544189,3.053070545196533,3.267932891845703,3.4442710876464844,3.5947751998901367,18
0.50762024,72.39444727,388.24889586,2.4,2.7,0.28129148,0.44899082,0.5164621,0.56038976,0.5952256,0.62508893,0.64984393,0.6709058,21
0.9069142856523535,60.07927930904821,0.0038385849035515,2.413296670955107,2.340367495928298,0.3672990798950195,0.7730259895324707,1.100158929824829,1.3620171546936035,1.5744926929473877,1.7531449794769287,1.9055445194244385,2.037805318832397,8
0.96347135,7.12724876,2.39431167,2.89749122,2.27652669,0.84581637,2.18961,3.04679728,3.54414797,3.87231779,4.11195421,4.29502726,4.45092297,22
0.51537507,293.33181027,127.83581113,2.6,2.5,0.17637825,0.26226306,0.34873128,0.42680168,0.49906492,0.56605077,0.627846,0.6858647,17
0.82298111,183.67735589,44.64453235,2.76384159,2.91287447,0.23220086,0.40312171,0.57006502,0.72543192,0.86740851,0.99861574,1.1201365,1.23251963,16
0.47933855,113.31595137,240.52048031,2.07386282,2.17370671,0.24745822,0.40507936,0.50810075,0.58758879,0.65323901,0.70746875,0.75380707,0.79335594,17
0.3066444418452797,22.940406799898096,0.3064041734061136,2.557217618753169,2.099920714775262,1.0093753337860107,3.0308241844177246,4.727118968963623,5.604397773742676,5.855360984802246,5.9567413330078125,6.016919136047363,6.053650856018066,5
0.3331392459349518,12.09787659799045,36.15906268818796,2.35655959,2.1308133,0.9865603446960448,3.022425651550293,4.810282707214356,5.802702903747559,6.02437686920166,6.043371200561523,6.055747032165527,6.062138557434082,7
0.45020324,51.22807693,7.24040556,2.33117485,2.17568541,0.71328807,1.89263821,2.60066843,2.8957634,3.04309511,3.13277626,3.20112038,3.27250576,22
0.47263807,231.13233931,263.21506059,2.7,2.8,0.20762563,0.29293633,0.36962962,0.43749666,0.4979062,0.5530708,0.60329866,0.6495991,4
0.4733233145724825,1.9302989767782848,0.0202693732279647,2.840332744981132,2.428066878140508,1.2432711124420166,4.055108070373535,7.145859718322754,9.599708557128906,10.852420806884766,10.909228324890137,10.91458797454834,10.919057846069336,12
0.98887347,278.07671437,85.86205219,2.0,2.6,0.09694242,0.16222095,0.2145431,0.26390386,0.31905484,0.37263918,0.4235878,0.47323132,2
0.77577836,178.0179714,252.40982959,2.88690946,2.81477931,0.19309402,0.29244256,0.39495945,0.48974299,0.57471943,0.65405035,0.72743893,0.79576993,17
0.7850913322540232,5.030059306787921,0.0073694945192733,2.0164739528730373,2.9268599909663533,1.0339806079864502,3.152995586395264,4.83709716796875,5.673879623413086,6.0297017097473145,6.233215808868408,6.382543087005615,6.49235200881958,5
0.80397597,280.40368528,216.82017718,2.5,2.3,0.10412502,0.16079783,0.20975494,0.25471878,0.30136514,0.34694266,0.38982248,0.43150616,3
0.8326975998835826,1.232244080351614,16.902267920440796,2.5,2.0,1.0662274360656738,3.167006015777588,4.832397937774658,5.716034889221191,6.131755828857422,6.402466773986816,6.604909896850586,6.744687080383301,6
0.7199207688660044,3.407903595713515,0.1715809584196255,2.1497294037016865,2.961413968189897,1.140411138534546,3.603475332260132,5.827474594116211,7.109053611755371,7.658734321594238,7.896639823913574,8.038230895996094,8.157486915588379,5
1.0,300.0,117.49195862,2.0,2.0,0.07082796,0.12134266,0.16640735,0.20450258,0.24492121,0.28391647,0.32261562,0.36054778,2
0.976601,299.39337158,1.59569168,2.5889802,2.48244691,0.1355021,0.21184778,0.28653336,0.36413765,0.44318557,0.51832318,0.5897789,0.65982175,2
0.849723667862474,7.647650879287854,0.6557699757907243,2.769885682641572,2.986830297629477,0.9852964878082277,2.865621566772461,4.239692211151123,4.955452919006348,5.345678329467773,5.616808891296387,5.824344635009766,5.9875593185424805,5
0.72017439,2.26549332,103.00378247,2.8,2.2,0.95855236,2.9002528,4.568496,5.45847,5.632583,5.640903,5.6409545,5.6409645,7
0.997603,167.34907532,169.70329285,2.86255789,2.2647779,0.14129829,0.22939777,0.31432819,0.39454079,0.47137833,0.54450536,0.61365771,0.67931318,3
0.8252036073812945,24.01454241022468,0.0127318904168168,2.282354078185141,2.382261169113928,0.6426117420196533,1.6380667686462402,2.2593696117401123,2.611783266067505,2.8473875522613525,3.029162645339966,3.1769769191741943,3.300426721572876,18
0.35470602,57.4419385,357.71132989,2.9,2.2,0.42827487,1.0207257,1.3672571,1.416615,1.4190087,1.421107,1.4232783,1.4254701,1
0.4268302830014093,2.254081982075078,0.4860628438372428,2.879476504475448,2.3678010775548097,1.2348604202270508,4.023400783538818,7.074645519256592,9.578001022338867,10.822992324829102,10.848983764648438,10.85696029663086,10.863784790039062,13
0.3289366610426297,4.554527638193565,0.0474013537421651,2.890096342536451,2.352304997310074,1.222557544708252,3.9742918014526367,6.978996753692627,9.428552627563477,10.596891403198242,10.616344451904297,10.622430801391602,10.62775421142578,12
0.30569915,210.8105832,246.21346928,2.92495371,2.83502309,0.32651949,0.57339001,0.70177007,0.78878713,0.86046147,0.9191587,0.97104263,1.01517963,21
0.8567617309436913,18.39947508918296,0.0144956477908842,2.882311888854532,2.802560256016869,0.7613530158996582,2.053785800933838,2.913010597229004,3.3941144943237305,3.6988425254821777,3.925034523010254,4.106596946716309,4.257053375244141,22
0.74782533,296.57838423,197.67705429,2.6,2.9,0.1553247,0.19234967,0.24584103,0.30981922,0.3676648,0.4189787,0.46995974,0.5179055,3
0.74058906,250.10538235,13.43936614,2.3,2.9,0.16700983,0.2773838,0.38689852,0.489434,0.58622956,0.6769798,0.7628498,0.8437891,15
0.5722547,39.57597326,88.08181701,2.9,2.3,0.66840434,1.864126,2.6587956,2.9865763,3.1174572,3.1975095,3.2610495,3.3171527,23
1.0,276.72735898,400.0,2.0,2.0,0.04861617,0.07395267,0.09456635,0.09775376,0.10861182,0.11604786,0.12178278,0.13097095,11
0.38855524,240.3259976,231.57960006,2.28557868,2.61880281,0.20389247,0.28989935,0.36293006,0.42503166,0.48071051,0.53081369,0.57684541,0.61831689,3
0.49864579,134.96454215,325.16862895,2.1,2.5,0.17587733,0.2224226,0.26626587,0.30187702,0.33335352,0.3613174,0.3864336,0.4088962,4
0.5757852303458248,0.9924208676747605,0.0198211295023516,2.2836391649092938,2.012754844410781,1.1693532466888428,3.770146131515503,6.482177734375,8.551246643066406,9.706902503967283,9.846019744873049,9.855920791625977,9.86390209197998,12
0.53074109,46.88473807,19.29138567,2.1,2.8,0.65135145,1.6675577,2.2889676,2.5872583,2.7567124,2.8763742,2.9682374,3.0558085,19
0.3,60.0,300.0,2.0,2.0,0.34603667,0.66935873,0.76535082,0.76914954,0.77389455,0.77831125,0.78231955,0.78599119,21
0.5404590971213015,3.00167438080865,0.2152354168517178,2.2519383006321148,2.4020399161211583,1.1783483028411863,3.780254602432251,6.381569862365723,8.146584510803223,8.906530380249023,9.043065071105955,9.081769943237305,9.130263328552246,13
0.95364064,298.38851929,57.32494736,2.86216927,2.09567595,0.10594678,0.17638206,0.23471451,0.2908566,0.35035086,0.41019273,0.4668541,0.52131104,2
0.9011231846458329,38.19659789782584,0.0039202600561238,2.594514616798428,2.168070998887203,0.4541704654693603,1.0297880172729492,1.4500300884246826,1.7486445903778076,1.975582838058472,2.15940260887146,2.313715696334839,2.4463679790496826,18
0.77027908,95.23117415,321.2039613,2.93637351,2.86907907,0.25948286,0.43297744,0.57099199,0.68862224,0.78941154,0.87738037,0.95400071,1.02142048,17
0.52912515,150.66897583,297.85275269,2.96993971,2.35056376,0.21089888,0.3008821,0.37348294,0.43415809,0.48820639,0.53573108,0.57840419,0.61696601,4
0.7778065689596442,12.0656314197406,0.0498925207182006,2.9429545658516263,2.0959173634764383,0.8204138278961182,2.1700000762939453,3.030149459838867,3.5087809562683105,3.825532913208008,4.0519118309021,4.223223209381104,4.364182949066162,22
0.90707184,236.60769489,5.77228251,2.3,2.9,0.15058064,0.25541353,0.3568995,0.45541334,0.5502019,0.64079213,0.7271435,0.809088,15
0.53717005,261.28640747,113.94796753,2.36697817,2.84447765,0.20432115,0.32610488,0.44200444,0.54572701,0.64054894,0.72745514,0.80755544,0.88189149,16
0.58385347,293.89238653,118.9089599,2.8,2.4,0.16825819,0.25735807,0.34648967,0.43079042,0.5084336,0.5814333,0.6493404,0.71325254,16
0.8894150056955531,101.18035721030856,0.013359133384812,2.3267725981104825,2.1630365283587185,0.2479546070098877,0.471294641494751,0.6752476692199707,0.8559939861297607,1.0152413845062256,1.1575851440429688,1.2844059467315674,1.397610425949097,8
0.58150752,141.22699404,16.7774612,2.9,2.2,0.36727428,0.77611923,1.0828025,1.3163311,1.5013204,1.6541567,1.7827909,1.8953385,9
0.44939345,32.82924271,263.21252441,2.55327964,2.0389173,0.43402147,0.97852421,1.22447085,1.2376287,1.23868513,1.24009228,1.24146032,1.24274278,21
0.56272209,183.61707147,133.24185755,2.1,2.3,0.18307447,0.29054594,0.38921857,0.47558284,0.55297565,0.62300396,0.6863146,0.74429774,17
0.85908805,249.3692366,358.2894794,2.33116629,2.26826059,0.08122897,0.11695361,0.1455605,0.16043878,0.18033767,0.20158744,0.22338796,0.24251461,11
0.81051011,266.35776401,64.46793396,2.45130424,2.06544837,0.11646843,0.19051647,0.25730801,0.32133436,0.38648701,0.44814849,0.50681949,0.56298327,2
0.34451979,67.6424942,390.900177,2.30411506,2.08007407,0.25969386,0.3607583,0.37271738,0.3827939,0.39129949,0.39857292,0.40492582,0.41052508,21
0.5544335073945511,28.356718031663576,0.0131037447043615,2.978505653003345,2.423226636424414,0.849177360534668,2.3861656188964844,3.435365676879883,3.957314968109131,4.237519264221191,4.422995567321777,4.54848051071167,4.659850120544434,22
0.8548895413850327,189.0821279597106,0.0184507616399676,2.212331111188997,2.285080771110547,0.1647629737854004,0.2891793251037597,0.4089469909667969,0.5229532718658447,0.6302082538604736,0.7312426567077637,0.826016902923584,0.9150702953338624,15
0.49086281,219.7085004,121.57162291,2.0,2.0,0.15730357,0.23999095,0.31769586,0.38645577,0.44879055,0.5056491,0.55779004,0.605798,2
0.82405558,265.4655788,41.85061229,2.3,2.5,0.13191414,0.21890497,0.3001635,0.3785379,0.45499992,0.5284877,0.5989814,0.66562724,2
0.8341500193416646,4.089490676628519,0.0750051540626567,2.320073528885105,2.014335816009398,0.9710164070129396,2.6659483909606934,3.7719759941101074,4.348638534545898,4.704685211181641,4.964341640472412,5.155979633331299,5.292842388153076,5
0.76835114,188.26651672,390.38215932,2.3,2.5,0.10387564,0.13545656,0.1641221,0.18290138,0.20220566,0.22225976,0.24192762,0.2605815,11
0.76402769,251.54469765,124.72705412,2.8,2.2,0.14315009,0.23167825,0.3159623,0.39852643,0.47705388,0.55107427,0.62135744,0.6880932,2
0.6375010027227094,1.357182131582517,0.2061588103356685,2.397372314370403,2.4882369415336294,1.217294692993164,3.94243836402893,6.770907402038574,8.757734298706055,9.72824764251709,9.92780303955078,9.953147888183594,9.979483604431152,13
0.9217097527808434,0.944878542204328,0.0171303509449566,2.1032980362017826,2.200182958813022,1.1208195686340332,3.381255388259888,5.176634788513184,6.147885322570801,6.646669387817383,6.968865394592285,7.218918800354004,7.404374122619629,5
0.94613801,18.36644384,95.63083112,2.60609895,2.22643749,0.51851583,1.23497057,1.70991206,1.9869144,2.17340636,2.31102538,2.41987538,2.5132935,20
0.37974153,294.75969463,219.83861643,2.0,2.4,0.11943126,0.1476934,0.1735053,0.19365716,0.21699643,0.23867822,0.25898933,0.27830458,11
0.5245482554602275,26.5488139645023,0.0792191061480113,2.226925908914352,2.711210611200822,0.8918046951293945,2.6409568786621094,3.919193744659424,4.491928577423096,4.725730419158936,4.852226734161377,4.945528984069824,5.0167083740234375,22
0.6960546,149.45236748,74.02415926,2.88686613,2.005,0.21185803,0.36896992,0.51233268,0.63864326,0.75130248,0.85301375,0.94427395,1.02662826,16
0.45571752,22.40234908,134.77831575,2.95519326,2.5491712,0.77491736,2.19490671,3.23229933,3.66822052,3.78773403,3.80684376,3.81197071,3.81796122,23
0.4269553,148.60327552,328.51935659,2.5,2.1,0.21541691,0.3056271,0.3691342,0.42206764,0.4673493,0.50785327,0.5428736,0.57440567,4
0.955358037835576,0.8769199526371259,9.90599909559788,2.9213376,2.84819651,1.2098851203918457,3.7410635948181152,5.96602201461792,7.284637928009033,7.939320087432861,8.337078094482422,8.685184478759766,8.972772598266602,14
0.9689509331276328,4.01821030167199,0.1543883315281285,2.3847184053450827,2.5257006053048814,0.96378755569458,2.7013700008392334,3.871534585952759,4.478829383850098,4.849145889282227,5.110774993896484,5.313601493835449,5.474215507507324,5
0.92330053,17.83314781,1.65116592,2.5,2.5,0.6756084,1.71260262,2.37581015,2.75890255,3.01768541,3.21466827,3.37645245,3.51686859,18
0.48218834,47.85733032,42.33029556,2.31019139,2.97521234,0.75686097,2.19066,3.19749212,3.62892342,3.77369261,3.84892654,3.91131639,3.96398878,23
0.73308206,267.55247267,168.99061038,2.20645645,2.29981627,0.10791874,0.16707778,0.22136664,0.26912403,0.31800318,0.36578918,0.41085744,0.45372725,2
0.62269204,252.2397306,28.74709775,2.6,2.3,0.18959284,0.31747985,0.4410181,0.5542648,0.6582532,0.7550914,0.8446274,0.9274862,15
0.83572453,297.48105429,9.35152058,2.2,2.7,0.12655973,0.21061349,0.2872789,0.36173558,0.4356897,0.50777984,0.57579756,0.6415875,2
0.47676554,249.3168335,3.06308722,2.01665258,2.05190063,0.18397117,0.30596805,0.41669655,0.5142765,0.60264826,0.68202734,0.75441217,0.82083249,15
0.96117043,26.67872047,243.83551025,2.63969707,2.13333344,0.32637095,0.65225005,0.87765527,1.03142476,1.13910842,1.21770859,1.27699995,1.32531548,10
0.3438809720189016,13.203743192388092,16.69423704860534,2.0553205,2.36219883,1.039473533630371,3.2511918544769287,5.284336090087891,6.504911422729492,6.843049049377441,6.864524841308594,6.873935699462891,6.881956100463867,6
0.43788497,185.90198202,224.4022553,2.7,2.1,0.23979521,0.39110708,0.503057,0.5967035,0.67788625,0.74962425,0.81166863,0.86564636,17
0.59339178,190.04257031,341.85505494,2.1,2.4,0.11133599,0.13903594,0.16446424,0.18261456,0.20346355,0.22242951,0.24102378,0.25841355,11
0.3820877604139608,0.8025387232221147,0.0552584839232468,2.555826881960669,2.367431164417857,1.245880365371704,4.148064136505127,7.510043144226074,10.527963638305664,12.207268714904783,12.240506172180176,12.245110511779783,12.24890422821045,12
0.4222444,279.49768066,16.52499771,2.29306221,2.02939248,0.18571568,0.29434896,0.393399,0.48091507,0.55966401,0.63060021,0.6959374,0.75550199,15
0.54121776,162.44315348,362.17388459,2.9,2.3,0.19782782,0.27965975,0.3501289,0.4110825,0.46581173,0.51475644,0.5597203,0.60067034,4
0.5081712708550846,0.9362642276059338,0.6938675126461563,2.6680173988015623,2.9740802807835505,1.3012492656707764,4.388017177581787,8.039106369018555,11.2755126953125,13.212007522583008,13.271942138671877,13.279598236083984,13.286178588867188,13
0.7643514903235085,114.1094414904124,0.3981536733362952,2.985627044384979,2.945303074218737,0.3839726448059082,0.7922265529632568,1.1280465126037598,1.405573844909668,1.635490894317627,1.8302392959594729,1.996839046478272,2.141874313354492,8
0.8743652491968052,1.162190853598319,0.8612713852017397,2.015085956125009,2.9739043686171645,1.1664795875549316,3.722489356994629,6.110658168792725,7.5277276039123535,8.185407638549805,8.490455627441406,8.670679092407227,8.813720703125,13
0.83689642,26.01260037,355.52795801,2.2,2.7,0.3045044,0.5517771,0.6839576,0.7524297,0.7933185,0.82104826,0.8405304,0.85494137,21
0.3354733826264285,24.718940590147696,0.4756185671186767,2.595804649247312,2.1720403406665625,0.9915540218353271,2.9551141262054443,4.524722099304199,5.286138534545898,5.531761169433594,5.652942657470703,5.723590850830078,5.783278465270996,5
0.94000888,15.12219334,0.87765831,2.10257959,2.43519688,0.66831422,1.68799615,2.31396127,2.67059636,2.90728354,3.0903585,3.23814797,3.36147523,18
0.41532284,84.21323395,201.7068634,2.06215072,2.12252474,0.36685371,0.76135349,0.9615922,1.04746509,1.1030705,1.14798975,1.1836431,1.21321225,21
0.63036597,77.82668821,334.36818453,2.1,2.9,0.22073913,0.32301617,0.38985562,0.4425707,0.48646402,0.52377725,0.5556538,0.58288336,4
0.31912011,99.55134789,363.87401996,2.32701483,2.93767098,0.37277102,0.78616524,0.9952476,1.05047846,1.07620287,1.09857607,1.11921835,1.13677096,21
0.8451942015437762,19.79178586675373,5.569022153733937,2.532573879765068,2.117819855599243,0.63079833984375,1.5741753578186035,2.1691460609436035,2.517003059387207,2.752629280090332,2.934032440185547,3.0797972679138184,3.203580379486084,18
0.40794621,143.31760181,394.34880305,2.1428754,2.97838023,0.24025917,0.36098552,0.42627788,0.48069596,0.52706265,0.56883955,0.60441923,0.63599062,17
0.51648331479476,7.484278828330904,0.1094214828647021,2.723802967252733,2.402450024971201,1.127214431762695,3.463114023208618,5.522116661071777,6.666620254516602,7.114352226257324,7.320216178894043,7.478355407714844,7.6047868728637695,5
0.94559605,58.49497093,174.60793201,2.2,2.6,0.26260495,0.49109197,0.6818845,0.84243846,0.97829413,1.0941722,1.1933851,1.2795742,10
0.34494114,171.1747444,202.91920676,2.8287056,2.9571258,0.3962326,0.83288074,1.10340381,1.24367833,1.33847785,1.41378474,1.47518182,1.52941775,10
0.30912613,68.703512,364.07646321,2.7,2.1,0.3821931,0.83516264,1.0543258,1.0730944,1.0779951,1.0826879,1.0870576,1.0911937,21
0.5900853886870885,129.4765893786686,0.0647322251773563,2.252097273015277,2.9621749799880144,0.406365156173706,0.9052178859710692,1.2707643508911133,1.5348973274230957,1.7386844158172607,1.9055836200714111,2.047088861465454,2.166923761367798,18
0.97144997,151.44674683,63.85176468,2.62080765,2.49017525,0.18412471,0.32195759,0.4560833,0.58271289,0.70095897,0.81237411,0.91595697,1.01348615,16
0.9468335887583432,249.77754484713284,280.34948753964545,2.36349149,2.12886824,0.0818736553192138,0.1254501342773437,0.1598944664001464,0.1842896938323974,0.214165449142456,0.244985818862915,0.2748210430145263,0.3031520843505859,11
1.0,279.20372368,323.92089105,2.80847705,2.0,0.07331181,0.11102247,0.1306026,0.14047837,0.15902305,0.18158746,0.20225334,0.21890402,11
0.79583684,184.25222727,53.27779128,2.4,2.8,0.19647884,0.33770394,0.47495794,0.60119677,0.71753216,0.82552385,0.92551875,1.0188177,16
0.95865321,109.13679714,354.04167637,2.6,2.9,0.17066717,0.24866748,0.32843924,0.40117025,0.46718884,0.52632546,0.5809481,0.6309891,4
0.38924099,212.34096077,84.33614737,2.2,2.9,0.2832389,0.5008433,0.65215015,0.77336836,0.8745365,0.96060777,1.0341308,1.0994167,10
0.3914747662141731,1.7414812662356252,0.1576984009810307,2.102938824184897,2.0313973736104227,1.161684513092041,3.79472279548645,6.640039443969727,8.97318172454834,10.415474891662598,10.505794525146484,10.511577606201172,10.516399383544922,12
0.82992328,53.95145781,127.49487267,2.5,2.3,0.36776638,0.77468157,1.0775905,1.3019624,1.4748905,1.6140366,1.7283885,1.8242519,10
0.36793152,225.32747855,216.71828118,2.27756314,2.62038042,0.23310852,0.35440326,0.44287348,0.51708317,0.58221364,0.63884926,0.68972516,0.73512936,17
0.58264554,43.54493726,391.21731707,2.4,2.6,0.31750178,0.5643058,0.6686163,0.70990014,0.73595,0.7577379,0.7737987,0.78702354,21
0.6866079959849621,15.297722957824456,0.0073402602699155,2.6243431933841914,2.3588609279803943,0.8750576972961426,2.426097869873047,3.4510531425476074,3.971251964569092,4.26475191116333,4.463287353515625,4.604568004608154,4.729067802429199,22
0.59923792,251.91195032,298.30146107,2.7,2.9,0.15958953,0.20904446,0.26518607,0.32084942,0.3681333,0.41235662,0.45428634,0.4933343,4
0.47780192,275.26861302,27.41085066,2.7385943,2.63348865,0.25100708,0.42641187,0.57760954,0.71128988,0.82987714,0.93664885,1.033113,1.12021923,15
0.3310211,6.57608461,32.56563568,2.49192643,2.61187243,1.16233683,3.59436703,6.05943251,7.7365346,8.32785988,8.375494,8.37847328,8.37901688,14
0.6634999585299001,166.15594053007416,0.2618901844315406,2.3683647397654912,2.0245173572162787,0.2182743549346923,0.3932564258575439,0.552448034286499,0.6942839622497559,0.8201296329498291,0.9339933395385742,1.036041021347046,1.1282880306243896,15
0.3356243,149.1044025,5.65646406,2.3,2.9,0.50955105,1.2409139,1.6847095,1.881587,2.0018306,2.096305,2.1774473,2.2472668,18
0.61614174,70.01542829,255.18024923,2.1,2.8,0.28411174,0.5040767,0.64177346,0.739465,0.8146789,0.874732,0.9235172,0.9652772,21
0.6273219,134.70426098,152.14891635,2.3,2.3,0.23236895,0.39942932,0.54047394,0.6604414,0.7641089,0.85518384,0.93524194,1.0065572,17
0.32431822,119.99481098,209.53235248,2.5,2.3,0.40401936,0.8902917,1.1530056,1.2409842,1.2905273,1.3332868,1.3680794,1.3969698,21
0.4210416829941641,1.1235540638942052,0.0128442121527876,2.19244098909924,2.238443688710797,1.2040770053863523,3.986001491546631,7.101550579071045,9.77448272705078,11.387678146362305,11.423259735107422,11.430774688720703,11.437118530273438,12
0.30954698,243.21493883,305.97188622,2.45396304,2.82602242,0.23492885,0.32694912,0.3818996,0.43059778,0.47330379,0.51180959,0.54624557,0.57776403,4
0.5667928214355138,37.895585740978575,0.3820160346918061,2.9770760275206896,2.76750957451732,0.8130688667297363,2.314513683319092,3.361201763153076,3.888264179229736,4.159945487976074,4.331195831298828,4.466955661773682,4.570908069610596,22
0.54111284,19.99492836,248.55006409,2.46288204,2.28415751,0.53015184,1.34844017,1.81656599,1.87957811,1.87999058,1.88009548,1.88051939,1.88074875,1
0.68683589,268.23324585,111.34287262,2.09110832,2.18138695,0.11382413,0.1815474,0.24394989,0.30099058,0.358428,0.41279817,0.4639585,0.51283145,2
0.44478655,95.30414581,3.9986856,2.08397293,2.80763245,0.58667207,1.5683341,2.16896701,2.42237115,2.56482911,2.66848493,2.75467086,2.83317733,18
0.5273991401856664,50.131790698820055,0.0078903119351112,2.204722150924572,2.563583614793937,0.70267653465271,1.952627182006836,2.738062858581543,3.09060287475586,3.270864486694336,3.395939826965332,3.4973998069763184,3.586411476135254,22
0.862056,145.71457179,67.03201378,2.8,2.7,0.24135661,0.43082333,0.61017394,0.7741473,0.9230046,1.0586338,1.182539,1.2955415,16
0.90930639,99.66873354,199.87656983,2.9,2.7,0.2554307,0.45451903,0.6339364,0.7934575,0.93487763,1.0614717,1.1741476,1.2756522,10
0.63537221,135.29411279,321.83885221,2.6,2.0,0.1742363,0.25378108,0.32973814,0.39479685,0.45256305,0.50456667,0.5518,0.59529877,4
0.81873769,70.54302618,296.81475495,2.83763222,2.64332409,0.27713156,0.49342513,0.65597105,0.78990293,0.90101194,0.9938333,1.07210302,1.13966274,10
0.972844706709472,29.936344399094235,0.8466585726774671,2.244574666047187,2.1565807417784946,0.454179048538208,1.0210587978363037,1.4309720993041992,1.7249715328216553,1.9496934413909912,2.1330387592315674,2.2864091396331787,2.4182283878326416,18
0.6889084,153.57157995,296.01419896,2.2,2.8,0.15418053,0.21273255,0.27341676,0.32454062,0.37142587,0.4150648,0.45471978,0.49178314,4
0.31274438,281.02582597,235.96869435,2.23687284,2.27406379,0.16025829,0.19284058,0.22796702,0.25648999,0.28360653,0.3089397,0.33264756,0.3543694,3
0.88519444,207.53595453,141.95518294,2.4,2.5,0.13907456,0.22532582,0.30792785,0.3868587,0.46272302,0.53423667,0.60273623,0.66759276,2
0.79690633,93.27604615,206.43218253,2.5,2.5,0.25443316,0.45492315,0.6225295,0.7654371,0.8879862,0.994715,1.0881166,1.1693692,17
0.48504265,264.79763649,64.78048234,2.8,2.4,0.2376132,0.39949393,0.5410979,0.66577816,0.7765548,0.876349,0.96644235,1.0483656,16
0.4684284357799253,14.88521317280044,0.0075226765579427,2.7145022559932874,2.4946212566039403,1.0589981079101562,3.1863834857940674,4.929193496704102,5.818759918212891,6.155467033386231,6.340704917907715,6.482662200927734,6.580425262451172,5
0.85126548,57.3498371,373.01089029,2.6,2.7,0.25023842,0.4134853,0.5293851,0.62322855,0.7004802,0.7651923,0.81841063,0.86339307,17
0.68838404,144.75000181,69.01067773,2.1,2.3,0.21195269,0.37306023,0.5175214,0.64533186,0.7578604,0.8592806,0.95032096,1.0318866,16
0.94045609,126.56616974,165.41871643,2.0100255,2.98203564,0.18052506,0.31629729,0.44834876,0.57188582,0.68554926,0.79196692,0.89005733,0.98159242,17
0.5022351089672729,15.01792992178352,0.9649965864169676,2.106592703531116,2.773462524582615,1.020762920379639,3.155008554458618,4.942357063293457,5.847849845886231,6.146790504455566,6.267465591430664,6.342652320861816,6.398489952087402,5
0.86186767,288.4048837,97.84625447,2.2,2.9,0.12667847,0.18776417,0.2504294,0.31050754,0.3713081,0.4308443,0.4868915,0.541451,2
0.92230415,141.58250427,249.5191803,2.180758,2.00774789,0.10846424,0.16713667,0.22072077,0.27136874,0.32081461,0.36640739,0.40887928,0.44871593,4
0.438625265871312,44.73863675453384,225.3833972513933,2.1905532695706853,2.1721465838619807,0.4487204551696777,1.0884182453155518,1.423292875289917,1.4904913902282717,1.5125110149383545,1.531703233718872,1.5482966899871826,1.5627827644348145,1
0.92699173,237.85805915,190.64872756,2.38575686,2.19950846,0.10170984,0.16153431,0.2137177,0.26029539,0.30968022,0.35823083,0.4043951,0.44879079,3
0.34289506,131.65338975,134.08063349,2.4,2.0,0.40020084,0.8893087,1.1591015,1.2704735,1.3425636,1.4009511,1.4506269,1.4921057,21
0.55403619,299.16494732,254.98796198,2.79119362,2.5728467,0.14393377,0.18700814,0.23246813,0.28077197,0.32425404,0.36281776,0.40027308,0.43572879,4
0.72275651,185.4466095,346.36325073,2.44676828,2.24619389,0.11680722,0.15477562,0.19248152,0.22252941,0.25107384,0.27912283,0.30631757,0.33185029,11
0.38154659,64.34632883,337.87789211,2.50665279,2.74824608,0.42823219,0.98044682,1.29105163,1.35247993,1.36189842,1.37154841,1.38033986,1.38829017,1
0.66457523,31.60366329,181.1204837,2.2,2.2,0.46658158,1.1036763,1.4663103,1.6077902,1.6784222,1.7269585,1.7661681,1.7993078,0
0.7315538517127247,0.879495627829321,93.13325902816553,2.4035116000725494,2.2553289928858824,0.9273641109466552,2.835925340652466,4.484838485717773,5.362624168395996,5.515580177307129,5.533007621765137,5.535820007324219,5.5364837646484375,7
0.3183558870667551,300.0,328.9245093552938,2.4,2.2,0.1204249858856201,0.1350147724151611,0.1506464481353759,0.1556904315948486,0.1648178100585937,0.1740880012512207,0.1840684413909912,0.1923751831054687,11
0.8027808650835035,1.397957659109557,0.0054551334277477,2.8210309419129613,2.5584300503815083,1.2104895114898682,3.748243570327759,6.016382217407227,7.345973968505859,7.972176551818848,8.32626724243164,8.632840156555176,8.916701316833496,12
0.776110746152945,41.41020263445669,0.0167722405209977,2.999039622099314,2.091394778348023,0.5098066329956055,1.2144222259521484,1.7022051811218262,2.0135269165039062,2.239464282989502,2.417700290679932,2.565681934356689,2.695199966430664,18
0.7527775768518689,3.625596427435282,0.0052891830854129,2.3309600949702176,2.5581228987988363,1.1034491062164309,3.325856685638428,5.091178894042969,6.0064191818237305,6.431493759155273,6.699559211730957,6.90622615814209,7.057826995849609,5
0.4320754456692379,2.188401302847216,0.3961852187162942,2.2144667426897224,2.6891225941215744,1.234956979751587,4.140360355377197,7.470337390899658,10.280471801757812,11.753543853759766,11.788022994995115,11.795207977294922,11.801362991333008,13
1.0,244.7840821942929,336.8211892178677,2.52194977,2.13386297,0.080085277557373,0.1192803382873535,0.1458997726440429,0.1627106666564941,0.1847555637359619,0.2100765705108642,0.2348458766937255,0.2574594020843506,11
0.30960929,243.09081416,199.74646287,2.4,2.9,0.25316882,0.38067508,0.45721412,0.5222261,0.5787618,0.62744045,0.6709776,0.7114208,17
0.4808533383021797,0.7540422808017222,0.8443195314570626,2.661891704109552,2.608070860259677,1.275212049484253,4.265947341918945,7.738368511199951,10.870050430297852,12.748262405395508,12.784080505371094,12.791784286499023,12.798284530639648,13
0.8792572477038701,0.8905460780568376,0.0105996714998155,2.5318906037268243,2.5538614494533056,1.2054665088653564,3.758253574371338,6.039273262023926,7.37867546081543,8.021842002868652,8.387927055358887,8.680289268493652,8.925753593444824,12
0.88855148,26.27079444,121.2961445,2.57849468,2.57694006,0.5106535,1.2298739,1.71601033,1.99916339,2.1860044,2.32686639,2.4362762,2.52779508,20
0.42613807,62.21383977,389.34240313,2.4,2.3,0.30578947,0.5235927,0.5967312,0.62276983,0.64254403,0.6584847,0.672688,0.68635607,21
0.6286029296271841,3.9395496138405375,0.2016410121230503,2.9540122091156507,2.4668480401872777,1.172499656677246,3.605174064636232,5.7543792724609375,6.979619026184082,7.509930610656738,7.7833662033081055,8.034208297729492,8.25609016418457,5
0.8839976130349573,1.625474487774525,0.5581069488244921,2.561267637525513,2.143002323899541,1.0998473167419434,3.2007358074188232,4.753032684326172,5.577553749084473,6.069232940673828,6.44728946685791,6.762050628662109,6.992857933044434,5
0.8588775,256.23577769,19.21270707,2.9,2.9,0.1863749,0.30471134,0.4246614,0.54637027,0.6573851,0.763551,0.86432433,0.96035933,15
0.8267336782938154,3.964902037145022,0.9455838262409716,2.577566629438508,2.025273997873855,0.9865109920501708,2.716010332107544,3.866012334823608,4.471631050109863,4.862457275390625,5.163923263549805,5.3810224533081055,5.536316871643066,5
0.43799964,143.95222473,316.23257446,2.77405691,2.34665322,0.23265171,0.33338356,0.3965168,0.44815516,0.49330997,0.53275561,0.56766534,0.59808469,4
0.5049841599664608,7.209288669195494,102.2807137687392,2.00503659,2.41228867,0.8438611030578613,2.543537139892578,3.8977980613708496,4.466097831726074,4.545712471008301,4.552631855010986,4.553816318511963,4.5551371574401855,23
0.8344497107943978,1.8093822011135483,0.2097214418763098,2.1708156215092287,2.21960074154666,1.0963308811187744,3.266080141067505,4.939542770385742,5.827579498291016,6.268250465393066,6.562970161437988,6.782580375671387,6.941401481628418,5
0.77511032,66.71600482,53.07800435,2.8,2.0,0.3940754,0.86537695,1.2141571,1.4713066,1.6700389,1.8312609,1.9647279,2.077773,19
0.6312528818999479,68.38226119594046,0.0075665926994892,2.10431960929787,2.1808290962096697,0.4599409103393554,1.0649104118347168,1.454404592514038,1.698936939239502,1.8798916339874268,2.0249412059783936,2.14133095741272,2.248168706893921,18
0.73030732,234.4292256,68.9637942,2.4,2.5,0.16398263,0.2681589,0.37090087,0.4669721,0.55642366,0.6409967,0.7203851,0.79478717,16
0.6275941164015463,19.757721315006304,0.3525364567354088,2.2626855225145235,2.830507126029791,0.8948531150817871,2.638456583023072,3.891169309616089,4.476534843444824,4.73705005645752,4.898992538452148,5.009187698364258,5.104720115661621,22
0.3261819280867599,2.2119104064695967,0.2679341768405469,2.2823236,2.10927129,1.182323694229126,3.869110822677612,6.843334197998047,9.331314086914062,10.590107917785645,10.614445686340332,10.622124671936035,10.628718376159668,13
0.88748415,159.46743056,303.6242666,2.8,2.3,0.14177561,0.21512103,0.28729057,0.3565402,0.42142487,0.48164225,0.53747106,0.59018636,4
0.70103655,26.24557538,38.80641164,2.7,2.1,0.6944363,1.8958755,2.6445777,2.984554,3.161122,3.2845728,3.3839962,3.4598253,23
0.37157991,229.52332113,206.32257221,2.6,2.6,0.24942827,0.38711643,0.48215818,0.5630274,0.6338961,0.6961508,0.7516475,0.800663,17
0.37752637,150.99780099,63.80231416,2.7,2.3,0.45315742,1.0715868,1.45503,1.6424997,1.7609384,1.857753,1.9358819,2.0022352,19
0.91425068,65.68646685,138.24023034,2.1,2.0,0.23003459,0.425241,0.5939069,0.7378018,0.86172104,0.9694586,1.0626917,1.1443238,17
0.70275499,68.81486174,158.51983372,2.38151833,2.53941685,0.36749148,0.76919341,1.05423784,1.25227928,1.40124941,1.51800346,1.61255813,1.69088483,10
0.7051526866943545,6.089950520949091,0.0700956974378418,2.6846342371583543,2.281767419093731,1.0384271144866943,2.9978842735290527,4.4134135246276855,5.128557205200195,5.513457775115967,5.805830478668213,6.020426273345947,6.179968357086182,5
0.45903623,27.89288485,156.30722888,2.6,2.9,0.7153292,2.004593,2.921792,3.2751832,3.3486013,3.3584533,3.3662715,3.3739634,23
0.34296332,130.83350992,377.58933519,2.4,2.5,0.24573016,0.33695173,0.37006593,0.39741063,0.42149973,0.4433508,0.46211386,0.47932625,4
0.39734595,88.67835236,242.58275935,2.0,2.0,0.30063057,0.54127836,0.65346766,0.714113,0.757303,0.7916472,0.82284856,0.8479903,21
0.72343898,19.89389038,392.54266357,2.36481833,2.67189336,0.38819695,0.83487797,1.07532907,1.12515974,1.12674046,1.12931585,1.1315341,1.13337469,21
0.6777928671783504,2.3895746734417123,0.0682447134731099,2.296785045323858,2.797521067207975,1.1928458213806152,3.819555521011353,6.358576774597168,7.939388275146484,8.616070747375488,8.852849006652832,8.985452651977539,9.09189510345459,12
0.39589368,189.09295834,372.06614532,2.16417133,2.57742935,0.1751771,0.21169496,0.24858379,0.27842212,0.30483675,0.32950306,0.35243702,0.37346625,4
0.38597994,175.57974508,161.45386427,2.4,2.4,0.29956245,0.5399096,0.6917975,0.8033302,0.89323187,0.96807075,1.0297837,1.0843921,10
0.30026297,53.33780408,74.2207434,2.40042186,2.46199162,0.77344584,2.20286059,3.2203815,3.60417485,3.67962623,3.69646239,3.71076703,3.72449422,23
0.3281702398261942,6.45024863561942,0.0076611897489007,2.850314683061112,2.9772591667961943,1.272038221359253,4.212297439575195,7.540672302246094,10.25971794128418,11.729543685913086,11.809691429138184,11.812359809875488,11.814677238464355,12
0.8623959,35.19702679,104.62555008,2.6,2.8,0.4873271,1.1411364,1.5999804,1.8904514,2.0938096,2.248857,2.3746328,2.4783792,20
0.36145088,278.02118892,30.78691565,2.4,2.4,0.26428747,0.45434093,0.5977752,0.71700215,0.8187556,0.9073243,0.9856827,1.0535052,15
0.7002235115303392,1.642827175128804,0.0673583678422853,2.360110145895621,2.4822637959280955,1.1917674541473389,3.782835960388184,6.267627716064453,7.809785842895508,8.479625701904297,8.707788467407227,8.865774154663086,8.999004364013672,12
0.69924695,1.88098247,8.01391414,2.5,2.5,1.23021913,3.71717691,5.99482441,7.34808826,7.88316059,8.13843918,8.34797859,8.48583126,14
0.6800258106947971,19.979902325442023,0.005434180922846,2.966838897526647,2.9027525038521813,0.900688886642456,2.6033830642700195,3.8225274085998535,4.448335647583008,4.7802252769470215,5.00169038772583,5.166197776794434,5.29338264465332,5
0.5447678874319167,15.92229445630702,3.350741423930085,2.06115174,2.22353959,0.9162898063659668,2.6289966106414795,3.810688734054565,4.324794769287109,4.544571876525879,4.667416572570801,4.75742244720459,4.831127166748047,22
0.39926075,101.19004869,383.30020271,2.6,2.2,0.27290106,0.4344766,0.50122523,0.545228,0.5813525,0.61179876,0.6389117,0.66175723,21
0.85074012,89.05446796,73.59255646,2.4,2.5,0.2879424,0.555573,0.7843802,0.9802933,1.1478219,1.2920666,1.4175627,1.527328,10
0.856683385037213,8.21056223301278,0.0052431989452423,2.7258542437618507,2.8356487277547124,0.9525551795959472,2.7317612171173096,3.985185384750366,4.6386260986328125,5.012581825256348,5.271056175231934,5.470667839050293,5.624341011047363,5
0.924414118797349,0.8199056160412184,91.17122088926456,2.072067365699371,2.618418979682764,0.9326486587524414,2.879286050796509,4.531628608703613,5.377942085266113,5.562676429748535,5.582146644592285,5.583904266357422,5.584316253662109,7
0.75561117,27.23709995,373.94553503,2.5,2.9,0.36584663,0.7367997,0.94130874,1.0197895,1.0531754,1.0761852,1.0931039,1.1060181,21
0.9265053165019724,2.0646895139681845,8.042170057274856,2.252904173466901,2.7599384102229303,1.0887022018432615,3.285649061203003,5.017029762268066,5.911381721496582,6.356941223144531,6.634126663208008,6.843550682067871,6.992135047912598,6
0.91990093,116.93890238,127.31456496,2.5,2.0,0.18468165,0.32739735,0.46287632,0.587497,0.7019062,0.8068242,0.90316844,0.99235964,16
0.4304605575902923,33.38971955803004,0.5915471269189916,2.4523052685800564,2.124807553295702,0.8465890884399414,2.3926897048950195,3.424851894378662,3.884273052215576,4.095673084259033,4.215193748474121,4.297890663146973,4.367251873016357,22
0.43572145,8.93698893,94.77275269,2.28736552,2.11304278,0.85674262,2.43640637,3.57374501,3.98895335,4.06393337,4.06677532,4.06686878,4.06686878,23
0.56329182,253.66823662,256.9753451,2.1,2.7,0.11643004,0.15321064,0.1882422,0.21725106,0.24529147,0.27298927,0.29988098,0.32508826,11
0.686090088060358,15.756940384788104,0.2037349159428684,2.4834191817186424,2.975489188819964,0.9299511909484864,2.747073173522949,4.08746862411499,4.745047092437744,5.056221961975098,5.245521545410156,5.386200428009033,5.496067047119141,5
0.88565183,57.94375992,196.71688843,2.10147572,2.22352147,0.25000787,0.4585104,0.62857175,0.77060747,0.88897872,0.98800349,1.07208538,1.14385414,10
0.9384855865008116,1.111320611867111,0.007768983174996,2.710470138282372,2.774415098736253,1.2063791751861572,3.695424318313599,5.814295768737793,7.031522750854492,7.655315399169922,8.065812110900879,8.429126739501953,8.71943187713623,12
0.75040495,186.44589233,16.94299316,2.3829217,2.07721686,0.17603946,0.30454874,0.42783356,0.54177308,0.64714932,0.74471545,0.83511615,0.91853595,15
0.44856852,175.88752747,394.55151367,2.56447959,2.98719716,0.22589564,0.30863333,0.36728597,0.41865301,0.46284199,0.50339842,0.53956842,0.57272077,4
0.9400867465710484,75.28801620350193,0.0080870738354459,2.463806883043272,2.216098858873677,0.2961044311523437,0.5879838466644287,0.843630313873291,1.062840700149536,1.2501823902130127,1.4131677150726318,1.5553536415100098,1.6805715560913086,8
0.7967372819850906,6.199482936643501,0.0425526616998199,2.694513387535835,2.969021000941993,1.0615899562835691,3.163119077682495,4.793682098388672,5.641222953796387,6.066286087036133,6.352402687072754,6.569292068481445,6.72853946685791,5
0.42542383,7.15865993,46.20173264,2.06830072,2.67602301,1.0619843,3.27249742,5.309618,6.5696497,6.84546661,6.85311985,6.85509682,6.85602474,7
0.95693743,150.16822103,256.23569352,2.3,2.9,0.13931775,0.21069717,0.28266597,0.34817672,0.41042042,0.4694097,0.5237844,0.5754359,4
0.5374173682022633,116.14429238608524,2.6644218491670824,2.00739384,2.03290153,0.3500018119812011,0.7330076694488525,1.0018093585968018,1.19364333152771,1.3422307968139648,1.4633443355560305,1.5656092166900637,1.6540143489837646,8
0.59636914,24.09960232,152.55799282,2.9,2.5,0.6966789,1.9704576,2.8730316,3.232489,3.3278518,3.358685,3.3809352,3.4014225,23
0.7297653029629586,2.195183365390804,0.0199991364258529,2.486586686008206,2.4471362391712206,1.170562744140625,3.625925540924072,5.794091701507568,7.0353169441223145,7.584720134735107,7.869714260101318,8.084907531738281,8.261194229125977,5
0.93161242,170.89257264,243.76392877,2.6,2.7,0.15131807,0.23329353,0.31338692,0.3927486,0.46664786,0.53470445,0.5986242,0.65956306,3
0.3,1.7676712208312777,3.0227154948665653,2.85262377,2.72387573,1.288182020187378,4.3202972412109375,7.892714500427246,11.134923934936523,13.27717113494873,13.33385181427002,13.337882041931152,13.34134578704834,14
0.50509537,137.14104238,354.04759681,2.8,2.1,0.21440172,0.31584525,0.3921585,0.45577955,0.5113609,0.5601127,0.6030164,0.64324164,4
0.580889,289.85056175,166.12129247,2.5,2.7,0.15582347,0.22520447,0.2947185,0.36084676,0.42290473,0.48036432,0.53365517,0.5845556,2
0.89090474,164.71340091,155.29421111,2.13383859,2.00285891,0.11861253,0.19479513,0.265872,0.33357739,0.39839149,0.45904279,0.51606536,0.57014108,2
0.80245948,233.13075256,3.74003172,2.36430645,2.70578885,0.1754086,0.30180836,0.42390156,0.54157615,0.65251064,0.75688052,0.85548043,0.94844556,15
0.93602246,106.58685938,58.5283546,2.3,2.9,0.23506308,0.4343078,0.6194806,0.7856586,0.9354999,1.0709233,1.1923308,1.3027339,10
0.5989569412484479,95.27775174308594,0.019137485944768,2.5103621782669268,2.137811276285272,0.4092001914978027,0.9082424640655518,1.257286787033081,1.495319366455078,1.674203395843506,1.8204517364501955,1.9432106018066408,2.045241355895996,18
0.48837692,265.94616699,269.42398071,2.17595053,2.59172893,0.1379292,0.18211603,0.22933197,0.27114344,0.31000042,0.34650064,0.38103747,0.41312432,4
0.3616945573066579,6.345302904568159,0.171025656234335,2.152373849921043,2.1176802732382423,1.1210930347442627,3.5747668743133545,6.0255126953125,7.727742195129394,8.501168251037598,8.575658798217773,8.584293365478516,8.59296989440918,12
0.4223779738062082,9.597546697176108,0.5701011965400037,2.747733561817948,2.772785538202452,1.182469606399536,3.766737699508667,6.3262224197387695,8.013729095458984,8.68986988067627,8.825629234313965,8.886191368103027,8.94669246673584,13
0.31155522,169.62470313,72.41084315,2.68335657,2.59764131,0.46816802,1.10618401,1.49905396,1.66299152,1.75816011,1.83469439,1.89989281,1.95778751,20
0.37296056,112.46762182,126.84344513,2.6,2.8,0.498142,1.2154627,1.6633339,1.8390784,1.9269404,1.995482,2.0514493,2.101327,0
0.8186643,122.09081498,72.90141188,2.3,2.4,0.22502661,0.40636802,0.5724807,0.72068834,0.8528309,0.97176194,1.0788441,1.1746302,16
0.5960714045021956,4.7910648396420665,93.86989859667952,2.2,2.9,0.9345061779022216,2.9299750328063965,4.7147216796875,5.7124857902526855,5.9350199699401855,5.957313060760498,5.960346698760986,5.961013317108154,7
0.4978580677621578,147.28987938549324,39.466426406299306,2.580760006251556,2.952057533861085,0.431272029876709,0.9843912124633788,1.3721065521240234,1.6254265308380127,1.8090169429779053,1.9587914943695068,2.080229997634888,2.1862633228302,19
0.53499876,124.07980798,314.37762004,2.5,2.3,0.22935033,0.3519807,0.44153428,0.51519585,0.57852983,0.6325512,0.6799419,0.72152996,17
0.30000001,74.85934448,206.0226593,2.0,2.0,0.41506243,0.93206978,1.14640141,1.16620231,1.18053603,1.19201803,1.2022655,1.21143961,21
0.91684579,183.75405745,123.12943344,2.7,2.9,0.18496084,0.30408597,0.42297983,0.5397191,0.6462312,0.7467191,0.8408396,0.9296174,16
0.96237135,264.18862606,363.03351503,2.8,2.1,0.08238292,0.1233294,0.15417027,0.18137336,0.21253204,0.24274945,0.270926,0.2978542,11
0.9693094204492276,6.835498006311938,0.0412020813086407,2.797704279433051,2.928365271495817,0.9176435470581056,2.57584285736084,3.719191551208496,4.343288421630859,4.722153663635254,4.998426914215088,5.213916778564453,5.383321762084961,5
0.6382109283703113,1.6338101649485586,0.0047331000976179,2.820097127003374,2.730685896873552,1.2610595226287842,4.083163261413574,7.02020263671875,9.074378967285156,10.05254077911377,10.263328552246094,10.310338020324709,10.392915725708008,12
0.3520046262478767,2.9585133195043123,13.879896689663514,2.233746292194913,2.0921624312643488,1.1194067001342771,3.611308097839356,6.225590229034424,8.229915618896484,9.32518196105957,9.487977981567385,9.490676879882812,9.493099212646484,14
0.9934588858744584,291.3327155436979,385.40995999506976,2.0,2.0,0.0494515895843505,0.0745728015899658,0.0979554653167724,0.1011650562286377,0.113086462020874,0.1224350929260253,0.1313884258270263,0.1416339874267578,11
0.81699371,171.51204785,142.20836852,2.5,2.9,0.19272089,0.317039,0.4394741,0.5526042,0.65651584,0.7519481,0.8411217,0.92383146,17
0.43797471,13.12077923,34.13158815,2.24965548,2.38344375,1.01616716,2.99737573,4.57775497,5.35100842,5.53487492,5.59461689,5.62011623,5.63536167,7
0.62800971,79.80988791,149.80998261,2.88287899,2.81080949,0.43108821,0.97703862,1.36123562,1.60241652,1.77338457,1.90447807,2.01194859,2.10489178,20
0.9365105802261616,1.1148731299144796,1.2020632688622626,2.87184739,2.02307391,1.098658800125122,3.1693575382232666,4.676642417907715,5.520644187927246,6.047616958618164,6.507693290710449,6.904458045959473,7.18718147277832,5
0.39355871,193.63117789,92.00570527,2.9,2.7,0.390862,0.82469344,1.1153362,1.3023431,1.4410627,1.5524266,1.6432927,1.7213767,10
0.8797621637615067,0.8623837788084872,2.1727799962011205,2.809566175006402,2.869010840669352,1.2464203834533691,3.935770511627197,6.475166320800781,8.041449546813965,8.807433128356934,9.198356628417969,9.497896194458008,9.768497467041016,13
0.3525491058717567,8.733284251366408,52.45602278883493,2.02389693,2.91160059,1.0241308212280271,3.316277503967285,5.635180473327637,7.239552974700928,7.829771518707275,7.8417582511901855,7.842019557952881,7.842284679412842,7
0.42409369,244.25434557,306.97566864,2.9,2.4,0.19409776,0.26079512,0.32186437,0.3760214,0.42441273,0.46847725,0.50937986,0.54729986,4
0.43422992,171.76384771,39.10623,2.0,2.7,0.3065958,0.5841379,0.780313,0.92870307,1.0459299,1.1439121,1.2264638,1.2987173,9
0.3556280905756982,6.3841949476116335,0.065253546491437,2.6470504208892764,2.593138789052763,1.2195982933044434,3.9620280265808105,6.93610143661499,9.174650192260742,10.26531219482422,10.349323272705078,10.356271743774414,10.36240005493164,12
0.3074992,156.98281189,142.09272005,2.90421338,2.22097574,0.3751545,0.76793504,0.98040223,1.07916069,1.14873409,1.20587492,1.25346804,1.29403496,21
0.3904598626067648,3.3691256746850486,0.0851411668382774,2.820390790966348,2.7397447640140453,1.2704923152923584,4.195483207702637,7.490355491638184,10.200592041015623,11.494275093078612,11.522675514221191,11.528928756713867,11.534297943115234,12
0.84128362,258.03477176,205.78083283,2.22028528,2.41524645,0.10118222,0.15959597,0.21163654,0.25670624,0.30299067,0.34913707,0.39359379,0.43604016,3
0.68076629,67.51425474,92.78747025,2.7,2.0,0.4172094,0.94727445,1.3084617,1.5434022,1.7111464,1.8427956,1.9543073,2.046514,20
0.49289087,121.37539087,194.75076087,2.8,2.8,0.37612295,0.77191615,1.0345678,1.2028518,1.3253798,1.4206672,1.5007944,1.5692201,10
0.30914584,58.12143303,74.49449636,2.57535838,2.9973813,0.82313395,2.43663907,3.7183826,4.3162756,4.45061493,4.47490597,4.48799515,4.50018883,23
0.99618866,43.67936313,256.88933922,2.4,2.9,0.28329515,0.5318835,0.7258065,0.8824134,1.0094204,1.1143765,1.2013435,1.2736354,10
0.4982836978661547,1.1102289253482465,1.3751798900098495,2.66880655,2.48979902,1.251791000366211,4.134222507476807,7.399268627166748,10.136438369750977,11.630298614501951,11.677532196044922,11.683023452758787,11.687686920166016,13
0.50075367,29.89582298,201.09170957,2.28857265,2.38478901,0.56814241,1.48579383,2.03733468,2.16264796,2.1702292,2.1772387,2.18416476,2.19076514,1
0.73388033,182.72568608,167.85829462,2.1,2.2,0.13455796,0.21081948,0.28302312,0.34997892,0.41322446,0.47204208,0.5261898,0.57709455,2
0.7723713822537287,2.272906119834215,0.0077052439087771,2.755399383635835,2.2352482879147524,1.1277639865875244,3.350172519683838,5.115869998931885,6.071422576904297,6.554458618164063,6.920075416564941,7.244068145751953,7.496808052062988,5
0.88639003,169.65386963,391.79760742,2.75587416,2.09231448,0.09525132,0.12681913,0.15065956,0.1647563,0.1807313,0.19844007,0.21540928,0.23019481,11
0.57006163,99.61831823,160.6849416,2.2,2.6,0.31660867,0.60713124,0.8090093,0.9557829,1.0683355,1.1608503,1.2362623,1.301162,10
0.40249521,111.42486923,0.5124112,2.12783649,2.16231366,0.50501609,1.21408796,1.61150312,1.79597878,1.9118197,2.00984168,2.09340405,2.16028237,18
0.95159219,133.07591449,191.32691187,2.82559332,2.42452792,0.17536664,0.28735161,0.39743495,0.49880219,0.59255052,0.67963076,0.75999928,0.83470106,17
0.3411068,180.5455346,379.57499874,2.4,2.2,0.17894125,0.20444489,0.22919655,0.2472651,0.2638924,0.27970505,0.2953019,0.3094039,11
0.5953397880378831,1.0943814986087934,0.3178222498204235,2.678077705795675,2.802478788227809,1.2775354385375977,4.234224796295166,7.558639049530029,10.182561874389648,11.65651512145996,11.766885757446287,11.777490615844728,11.786277770996094,13
0.7322853204272638,238.0677857699947,0.1011091390495153,2.649992615693443,2.0365134741584288,0.1535158157348632,0.2560675144195556,0.3566100597381592,0.4527473449707031,0.5430479049682617,0.6284377574920654,0.7087550163269043,0.7845404148101807,15
0.7241249579846373,7.934988081395825,0.1304373956460289,2.8887331134992977,2.596968686802673,1.033775806427002,3.005614757537842,4.461463451385498,5.201685428619385,5.6094651222229,5.902263164520264,6.126773357391357,6.293763637542725,5
0.7807759,229.11769057,216.89612204,2.40555593,2.77178931,0.14325428,0.21959996,0.29229593,0.36573887,0.43464398,0.49850464,0.55916333,0.61641479,3
0.74524232,54.07912768,172.61729041,2.6,2.1,0.37216425,0.79647684,1.0916779,1.2910976,1.4350028,1.5469499,1.6397369,1.7171919,10
0.3980214999342997,5.407687174308001,0.0694872067881392,2.5261979947966835,2.571885395334084,1.2128777503967283,3.937142848968506,6.866085052490234,9.024984359741213,10.063032150268556,10.180054664611816,10.187668800354004,10.194297790527344,12
0.4695234764462491,1.0868029356928242,0.0045803401519834,2.3433241610737143,2.4358598945997905,1.2401177883148191,4.134903907775879,7.453598976135254,10.304616928100586,12.007908821105955,12.058805465698242,12.06507968902588,12.070247650146484,12
0.7664476995682077,38.99817015002375,1.0445804268123522,2.3760346966897843,2.1615897047126857,0.5278513431549072,1.2647786140441897,1.7437102794647217,2.039726972579956,2.2513844966888428,2.4186389446258545,2.556165933609009,2.6746160984039307,18
0.40449319,130.43208447,19.63105506,2.55637428,2.4115814,0.49089313,1.17240047,1.59383869,1.80115843,1.93343353,2.03846264,2.12974215,2.20457029,19
0.74622973,249.73739455,100.74081242,2.62399035,2.64181964,0.16691947,0.2663281,0.36448073,0.46050406,0.54976606,0.63314342,0.71159792,0.78620934,16
0.83463867,177.51338811,167.91995618,2.7,2.8,0.18875599,0.30553555,0.42137623,0.5313256,0.63144875,0.7244842,0.8112118,0.89210296,17
0.5997501089528542,7.792035841343947,0.4117195634072913,2.560742169488393,2.320481974633144,1.0647122859954834,3.1585137844085693,4.786995887756348,5.601122856140137,5.972801208496094,6.212517738342285,6.391323089599609,6.528220176696777,5
0.94659386,33.27482832,10.93951593,2.79216055,2.01916018,0.43474102,0.97169113,1.37078524,1.65666199,1.8726902,2.04666281,2.19366407,2.32018328,18
0.61798477,270.71975708,27.49042892,2.85294914,2.70135069,0.21445584,0.35282898,0.48794818,0.61287618,0.72665954,0.83244276,0.93031335,1.02211499,15
0.76832001,211.63656218,387.39275244,2.9,2.1,0.10840106,0.15081906,0.1885922,0.22541046,0.26092124,0.2945826,0.32611704,0.35614133,4
0.9541350505633472,14.851399139487368,0.0044759665834666,2.393734260906106,2.7303521434174347,0.7063686847686768,1.8557536602020264,2.59299111366272,3.015070676803589,3.2972514629364014,3.510575532913208,3.685547590255737,3.835052251815796,22
0.64519032,211.81583525,153.78140582,2.5,2.1,0.16137743,0.25525498,0.34732604,0.43115115,0.5088539,0.58052707,0.6471739,0.7095971,17
0.89176444,114.2758691,52.24298982,2.6,2.5,0.25483465,0.4736066,0.6743417,0.8543234,1.0150294,1.1594791,1.289357,1.4058123,9
0.4080919527306106,11.002960975576814,0.8343252066840654,2.524043377701334,2.151243125926785,1.077098369598389,3.2842159271240234,5.22553300857544,6.312057495117188,6.688342094421387,6.819303512573242,6.907706260681152,6.965080261230469,5
0.70351154,4.23734379,6.17032719,2.52812457,2.06667161,1.08022022,3.03724289,4.41441536,5.0976758,5.46461773,5.72917271,5.90027332,6.00012302,6
0.44826117,92.00525197,104.85303292,2.0,2.1,0.39417338,0.85078406,1.1086042,1.2416306,1.3330336,1.4039581,1.4599116,1.5095017,21
0.9444830392411696,55.72748028341349,0.0706327516595336,2.08724385698782,2.8183259330170034,0.3830654621124267,0.8216116428375244,1.176147222518921,1.4613926410675049,1.694361925125122,1.8896596431732176,2.056253671646118,2.2006843090057373,8
0.8081125814590762,4.9544393444122825,0.1351336698909485,2.6807629161644058,2.168048602293265,0.989366054534912,2.7474803924560547,3.933697700500488,4.556829452514648,4.948122501373291,5.237767219543457,5.456686496734619,5.624622821807861,5
0.9705471685521116,124.67022514132906,0.212247395793678,2.027609727308852,2.5641930192390783,0.201646089553833,0.3740420341491699,0.5391139984130859,0.69392991065979,0.8369472026824951,0.9701948165893556,1.0931077003479004,1.2061333656311035,15
0.6186195501457559,36.43365615567086,0.1003654571438722,2.7068653622675787,2.43941031466065,0.7256069183349609,1.9687530994415283,2.7674715518951416,3.1719677448272705,3.4044864177703857,3.568715333938598,3.6964075565338135,3.8075435161590576,22
0.83498031,14.99346352,45.41714478,2.65541506,2.04810023,0.65201902,1.62829399,2.23163319,2.55757141,2.75909042,2.91046906,3.01613474,3.11040878,19
0.73600605681638,2.195384178841711,0.1002069575835463,2.884716017249165,2.961996335808728,1.2412724494934082,3.9132375717163086,6.457346439361572,8.02743911743164,8.743997573852539,9.080665588378906,9.33969497680664,9.578824996948242,12
0.4163662442113063,81.98127100845034,17.946847628842075,2.147205434914117,2.6862091055720065,0.6397066116333008,1.7917332649230957,2.524354219436645,2.821492910385132,2.9560701847076416,3.054154634475708,3.134424924850464,3.201587438583374,23
0.8355554333834122,61.0865859859053,0.0092494880957347,2.675365852601541,2.4297640189294243,0.4201054573059082,0.924201488494873,1.3087613582611084,1.5971717834472656,1.821463108062744,2.0055718421936035,2.1606431007385254,2.2942323684692383,18
0.9750322,127.93443205,277.7063629,2.4,2.2,0.13417792,0.20870495,0.28180742,0.34913683,0.41220713,0.47152686,0.5263705,0.5776844,4
0.6189010532459013,7.2239983145313,0.0209232940285952,2.84898075438426,2.604860378274336,1.1119930744171145,3.358024835586548,5.202892303466797,6.176989555358887,6.608850479125977,6.890202522277832,7.12333869934082,7.296017646789551,5
0.74675017,268.64106993,152.44185122,2.7,2.1,0.12265468,0.19591093,0.26475382,0.33042598,0.39441466,0.45521665,0.51321316,0.5686641,2
1.0,107.85182194,241.87301167,2.0,2.0,0.11803341,0.18947434,0.25664783,0.31982589,0.3783977,0.43234086,0.48233962,0.52905655,3
0.7364110913402623,2.3223284258968806,60.732288281780285,2.227197530436732,2.4841908138301823,0.9829354286193848,3.0068588256835938,4.706070423126221,5.583104610443115,5.832760334014893,5.8927388191223145,5.913955211639404,5.920609951019287,7
0.5961951348954695,29.02639737888569,0.0371410330974776,2.4786248274556937,2.497718446916814,0.8066964149475098,2.2666501998901367,3.232213020324707,3.692654609680176,3.927140235900879,4.08340311050415,4.197391510009766,4.2988104820251465,22
0.8500082768443941,5.537853019307067,0.4213360137248415,2.306884039478826,2.9116728500600884,1.0065908432006836,2.990861177444458,4.4704999923706055,5.208181381225586,5.569039344787598,5.803356170654297,5.983203887939453,6.123263359069824,5
0.67095199,215.99162075,143.27934062,2.43059485,2.17400082,0.14235973,0.2197485,0.29547787,0.36489344,0.43081474,0.49158168,0.54850388,0.60208106,2
0.32169361,78.45519655,100.15984364,2.46967938,2.30288051,0.59554768,1.56890249,2.15321779,2.3206811,2.3640275,2.39743185,2.42819309,2.45639944,0
0.72152884,54.73175129,115.50034072,2.5,2.7,0.45017862,1.0287795,1.42752,1.6773441,1.8465545,1.9786856,2.0871246,2.1773002,20
0.74885564,223.13892357,16.80831165,2.5,2.7,0.19658113,0.33462214,0.46956873,0.5948944,0.7114241,0.8196595,0.92065454,1.0147314,15
0.71950541,146.64795138,109.70933917,2.2,2.6,0.21092486,0.36117816,0.50022554,0.62207675,0.7319777,0.8312545,0.92107224,1.002604,16
0.35607558,111.44681549,307.32897949,2.76685858,2.71675301,0.3754518,0.75750923,0.95792389,1.03266382,1.07991195,1.11865187,1.15043807,1.17848468,21
0.98354179,88.12478638,85.71361542,2.03387189,2.12536836,0.19389415,0.3558495,0.50588274,0.64265656,0.76642919,0.87896228,0.98057699,1.07376981,16
0.38671463,131.05895052,97.47261736,2.3,2.6,0.41376138,0.910537,1.2108419,1.3609016,1.4624717,1.5447538,1.6119778,1.6698544,20
0.83291501,94.71924585,180.08886067,2.4,2.5,0.2391491,0.4249215,0.5872061,0.72726035,0.8493073,0.95721316,1.0517426,1.1362569,17
0.78944723,150.21233488,125.64041401,2.63320164,2.55541881,0.21523356,0.3691504,0.51446581,0.64541435,0.76362777,0.87143922,0.97011304,1.06015396,16
0.48776745,115.32532026,184.40302181,2.6,2.1,0.33389497,0.666785,0.8849795,1.0284159,1.1349068,1.2200611,1.290551,1.349339,10
0.7877573864558399,3.173605879080049,0.006939194754435,2.049975173793388,2.010842910242515,1.0166072845458984,2.905384063720703,4.210926532745361,4.861742496490479,5.213860511779785,5.44979190826416,5.626231670379639,5.748562335968018,5
0.70268173,282.3038792,334.12269111,2.5,2.5,0.115098,0.1414063,0.16866374,0.19695663,0.22883749,0.25668478,0.2809322,0.30574656,11
0.3028564898178799,88.67808414450325,0.0172482820270624,2.3294504757152383,2.93910003672594,0.7833371162414551,2.35983943939209,3.5520386695861816,4.080304145812988,4.236815929412842,4.299331188201904,4.345849990844727,4.386544227600098,22
0.8419998,155.77472927,33.11332327,2.0,2.2,0.16418624,0.2884109,0.4066801,0.516809,0.61910963,0.7139189,0.8023443,0.8844211,15
0.30669442,153.24538486,98.27787653,2.44332334,2.60052908,0.47044802,1.1342268,1.53233814,1.67607498,1.75208998,1.81430387,1.86607075,1.91336727,0
0.76600046,23.43290621,271.08720657,2.6,2.3,0.446038,1.0474174,1.4110959,1.5549049,1.6097882,1.6428564,1.6680462,1.6890047,1
0.5700819,30.11579018,279.35708777,2.5,2.6,0.48547864,1.1855018,1.6064684,1.7054527,1.7112777,1.7167342,1.7218082,1.7264516,1
0.80622166,109.17744789,345.35990542,2.2,2.1,0.13325024,0.18480086,0.23494029,0.2782538,0.31920004,0.35610867,0.39012146,0.42086864,4
0.31022422,275.12554208,145.60171027,2.2,2.6,0.2142992,0.3023231,0.37288594,0.43208218,0.48425007,0.5315709,0.5742707,0.6134975,2
0.91066043,8.86930807,229.5101763,2.6,2.7,0.5797987,1.5122597,2.1177247,2.3425043,2.3966234,2.4017017,2.4063294,2.4111345,1
0.35295275,85.13825989,344.77444458,2.32595968,2.0236063,0.25436687,0.36247396,0.39143848,0.41334963,0.43206096,0.44772744,0.4608252,0.47203517,21
0.40826097,230.96384646,0.63342903,2.5,2.7,0.3384056,0.66212535,0.8941593,1.0711718,1.2142,1.3319623,1.4347079,1.5246041,8
0.74012268,74.86556244,160.69094849,2.55371809,2.93055344,0.37684417,0.79439354,1.10398793,1.33224607,1.50937128,1.65116596,1.76763248,1.86443949,10
0.36112301,11.67443211,15.87613778,2.6,2.6,1.1617079,3.540107,5.7939434,7.1875534,7.6379356,7.7039633,7.7470493,7.7663555,6
0.53901704,293.16497476,222.45085962,2.5,2.9,0.15310216,0.2058506,0.26149726,0.3155341,0.36522174,0.40978265,0.452554,0.4926362,3
0.66544712,259.82192993,6.85192633,2.28583574,2.11230969,0.14300585,0.23769689,0.3282578,0.41340804,0.49467969,0.57049918,0.64173317,0.7089839,15
0.6786541495200445,1.3823440416047357,62.093750603973966,2.9872485068621413,2.327849296419552,1.0325531959533691,3.1791434288024902,5.140918731689453,6.297171592712402,6.659964561462402,6.70665454864502,6.73555850982666,6.747562408447266,7
0.60147462,117.96024676,222.46584221,2.5,2.1,0.24844861,0.42979336,0.5709038,0.68795943,0.7872093,0.8714118,0.94366026,1.0063314,17
1.0,15.88415439,172.60391101,2.0,2.0,0.3954494,0.86112309,1.16027546,1.33265257,1.44441915,1.52090931,1.57610536,1.61920428,20
0.54721912,97.56606011,29.61578146,2.5,2.3,0.46047568,1.0687373,1.4636788,1.6993711,1.8665054,1.9955356,2.1054742,2.1994798,19
0.8975592232518209,4.340350646908338,148.97712193553704,2.293029820991068,2.203271993070007,0.6796033382415771,1.8658602237701416,2.6139237880706787,2.8986737728118896,2.9751808643341064,2.9849636554718018,2.990997076034546,2.99711012840271,0
0.47641442,216.51457707,311.02627159,2.4,2.2,0.1464827,0.18454957,0.22636843,0.26022887,0.2922194,0.32244444,0.35080123,0.3769424,4
0.91943131,197.05375406,351.72819264,2.13313092,2.15186504,0.07869792,0.11382079,0.14245701,0.1590786,0.18302917,0.20556164,0.22712612,0.24763036,11
0.99977076,151.15214539,119.16894531,2.12936831,2.07921362,0.12560487,0.21559715,0.30034852,0.38116002,0.4590826,0.53178644,0.60104942,0.66632175,2
0.8938259,112.01615834,365.6504766,2.6,2.6,0.16463828,0.23572254,0.30741262,0.3718567,0.4303155,0.4832754,0.5313394,0.5758693,4
0.39755971,31.28588793,119.43282592,2.2,2.2,0.6891999,1.8855796,2.6360917,2.8599725,2.8852305,2.893517,2.9022064,2.9103045,0
0.3216399287029543,47.77541612984334,0.0259829508436539,2.282866316576268,2.5768621152764988,0.9008443355560304,2.716294527053833,4.134600639343262,4.767843246459961,4.952491760253906,5.028840065002441,5.074670791625977,5.108345031738281,22
0.98470118,244.74192246,239.68466778,2.9,2.8,0.16097832,0.20241165,0.26107,0.33569407,0.40009475,0.4616773,0.5205929,0.578027,3
0.8245106685539993,5.055979109724359,5.015565213104719,2.239617121791209,2.562526808236275,1.0001304149627686,2.922769069671631,4.308647155761719,4.991840839385986,5.32314395904541,5.5476155281066895,5.714519500732422,5.830019474029541,6
0.3380504741985753,9.411042834441302,2.3780917916840205,2.91223573,2.71087334,1.2132506370544434,3.915347099304199,6.780174732208252,8.867647171020508,9.81258773803711,9.911890029907228,9.917295455932615,9.927824020385742,14
0.60249701,39.42556675,165.91497638,2.2,2.8,0.49326682,1.1831257,1.5955396,1.768549,1.8528175,1.9142299,1.966999,2.0095496,0
0.94220632,72.55173492,40.33012772,2.36560154,2.12322879,0.27071786,0.5249455,0.74820971,0.94208217,1.10965443,1.25527096,1.38308764,1.49540973,9
0.74222059,195.47046154,128.16931704,2.7,2.3,0.18083858,0.29970574,0.4152987,0.52263856,0.6216202,0.71370506,0.7986903,0.8779626,17
0.63489819,8.57678986,48.96384048,2.01619911,2.59921646,0.93861151,2.75920534,4.12382412,4.72844648,4.89448166,4.94676161,4.96642065,4.97977161,23
0.6111630310775166,1.5139159517131244,0.9129589273798304,2.475065654741758,2.971305006628366,1.2621757984161377,4.176132678985596,7.399633884429932,9.823572158813477,11.09286880493164,11.368064880371094,11.381052017211914,11.38911247253418,13
0.3226517807727788,84.61195224543461,0.0130212752017621,2.446572000086108,2.978077537467999,0.7884275913238525,2.363402366638184,3.547903060913086,4.082148551940918,4.252096652984619,4.323397159576416,4.381916522979736,4.433274745941162,22
0.6429771746211859,5.895120148313725,0.0952781861864831,2.260003252526875,2.163076144790552,1.0391483306884766,3.0417182445526123,4.531391143798828,5.2588605880737305,5.60505485534668,5.839054107666016,6.003307342529297,6.115508079528809,5
0.53219032,194.57940674,187.50236511,2.09489751,2.69497895,0.21032715,0.33903694,0.45321798,0.55187678,0.63995194,0.71947122,0.79156733,0.85620093,17
0.46084497,112.88365836,140.99000977,2.4,2.6,0.39023066,0.8301492,1.1089001,1.2690191,1.3826203,1.4695055,1.5410378,1.6010997,10
0.5588392096684082,83.4207627067915,46.416409910887054,2.695719522242532,2.9619161529726603,0.5526401996612549,1.4230396747589111,2.0139501094818115,2.329249620437622,2.524985074996948,2.6756160259246826,2.7961537837982178,2.902817487716675,19
0.66275875,128.58644175,194.00863031,2.7,2.3,0.25270557,0.44648576,0.6066668,0.74303603,0.8610656,0.96394587,1.0536237,1.1334221,17
0.9233986766822933,98.81107141655812,0.0045049640656363,2.647803131931824,2.739294202563497,0.3072974681854248,0.5999972820281982,0.8619678020477295,1.0927345752716064,1.2942731380462646,1.4718894958496094,1.6285638809204102,1.767627239227295,8
0.837791067087761,5.784415958690285,3.702329313951497,2.394375463414187,2.657305652408072,0.9899637699127196,2.867670774459839,4.206543922424316,4.876049041748047,5.226494789123535,5.464473724365234,5.644594192504883,5.784903526306152,6
0.74704045,64.45705046,243.93023613,2.52639666,2.9217962,0.35520387,0.72916436,0.99589944,1.18865943,1.33317947,1.44813967,1.54139328,1.61852312,10
0.79801365,96.25534963,136.15365417,2.7,2.7,0.3061893,0.58762336,0.8188269,1.0140877,1.179333,1.3199804,1.4421928,1.5486538,10
0.6778464844863977,1.545830209244148,0.0561660920080449,2.4316230991313192,2.88042931892421,1.2416348457336426,4.050620079040527,6.998773574829102,9.030789375305176,9.96662712097168,10.211294174194336,10.283979415893556,10.362366676330566,12
0.98665109,119.30991056,316.55375267,2.62159583,2.37400615,0.14422774,0.21452308,0.28505373,0.34886432,0.4081893,0.46342587,0.51416206,0.56167507,4
0.32267105,229.05930456,115.63559758,2.5,2.7,0.3255415,0.6047163,0.77540827,0.8950591,0.98827696,1.0679269,1.1351798,1.1929848,10
1.0,210.5053167,400.0,2.00333283,2.0,0.0566783,0.08397698,0.10382676,0.10954404,0.12230659,0.13245797,0.14153361,0.15279603,11
0.9411503063339208,21.09096589029076,45.88101747007133,2.47687602,2.89310145,0.6133992671966553,1.5793676376342771,2.226560592651367,2.610037326812744,2.868459224700928,3.0657758712768555,3.2272491455078125,3.3635196685791016,19
0.80424505,130.35679626,189.15042114,2.33185339,2.08030844,0.16105676,0.25792289,0.350209,0.434165,0.51041865,0.57957339,0.6431098,0.70180726,17
0.74373431,228.61400011,381.1553543,2.1,2.1,0.06907272,0.09629798,0.11658001,0.12089801,0.13446903,0.14664721,0.15723205,0.16786385,11
0.99474214,245.95407167,296.2609601,2.645932,2.496565,0.12941217,0.15609169,0.19197154,0.23606801,0.28318524,0.32353854,0.36083031,0.39840388,4
0.4080368,3.83725905,31.75869751,2.02126145,2.29936743,1.10156846,3.38704491,5.5845027,6.93461847,7.31935167,7.34013891,7.34059286,7.34059286,7
0.89618799,89.20011712,281.39343064,2.6,2.1,0.1878879,0.30865097,0.4215305,0.5211158,0.609319,0.68885756,0.76086926,0.825629,17
0.3109661747645666,1.316598155332377,0.0470389003155519,2.63737671382969,2.416251982277943,1.2565679550170898,4.177491664886475,7.572253704071045,10.655292510986328,12.586580276489258,12.620845794677734,12.627460479736328,12.633136749267578,12
0.84807092,48.93611412,259.10325252,2.1,2.2,0.24446917,0.42834997,0.5652759,0.67362094,0.7613392,0.8310392,0.8881812,0.9352305,17
0.536895285242638,8.56138060306462,0.387331815020666,2.55202063164026,2.078489643967313,1.0401363372802734,3.064239978790283,4.619451522827148,5.396929740905762,5.735212326049805,5.953393936157227,6.123960494995117,6.235613822937012,5
0.54507015,283.93575309,226.46065206,2.0,2.4,0.09975267,0.13521385,0.16486096,0.1879394,0.21601796,0.24226904,0.26710868,0.29037905,11
0.64101672,135.26623535,393.56970215,2.62861204,2.41671848,0.16281819,0.20469832,0.24850965,0.2836864,0.31585169,0.34551287,0.37219691,0.39680672,4
0.8884930645978025,5.1822076718211125,5.6296499611299415,2.6134396148820462,2.5289036783674126,0.9720418453216552,2.7520453929901123,3.975536108016968,4.61496639251709,4.983457565307617,5.24685001373291,5.443794250488281,5.597993850708008,6
0.44454875,232.59021528,262.09060058,2.1,2.5,0.13757181,0.17146516,0.2062602,0.23553324,0.26464796,0.29081392,0.315449,0.33855796,11
0.95663297,116.50406228,98.09619004,2.0,2.8,0.17840528,0.3100176,0.43751693,0.55545855,0.6638148,0.76357913,0.855037,0.9399235,16
0.70108214,77.4667352,70.6497814,2.0569147,2.20049714,0.34100246,0.69688272,0.95939732,1.15548801,1.30965519,1.4329958,1.53662372,1.62516451,10
0.33210006,146.56251526,380.20150757,2.14399934,2.23739839,0.18259478,0.20510173,0.22373128,0.23841,0.25179768,0.26427698,0.27601576,0.28670692,11
0.3760238914365327,2.471831017259725,0.1388772426104537,2.434305064688643,2.253359873802101,1.212587833404541,3.976771831512451,7.036827564239502,9.554096221923828,11.032527923583984,11.100234985351562,11.106607437133787,11.112010955810549,12
0.54701869,216.5470676,39.82707119,2.8,2.2,0.25475836,0.45783305,0.6321881,0.78380084,0.91765594,1.036051,1.1404998,1.2347066,9
0.66079665,227.54073554,381.15510977,2.8,2.2,0.11773729,0.15477657,0.18989444,0.22321796,0.25554132,0.28557658,0.31332254,0.34028125,11
0.67339221,35.89280576,274.3340434,2.7,2.9,0.4622693,1.0849454,1.4869633,1.6566482,1.73031,1.7779994,1.8155942,1.8458552,1
0.7636656,164.00468392,255.42632389,2.45286396,2.49479534,0.15992069,0.23991394,0.3205924,0.39349318,0.45999169,0.52172565,0.5787046,0.6316936,4
0.51870388,288.93916462,237.11929685,2.2,2.2,0.10821295,0.14545012,0.18078971,0.20847106,0.23791504,0.26621246,0.29324985,0.3190124,11
0.8040957242205513,1.019396300381579,71.47586703220549,2.316702031103864,2.412908818609256,0.9849894046783448,3.032334804534912,4.809825420379639,5.77152156829834,6.0399580001831055,6.070911407470703,6.07974910736084,6.0811614990234375,7
0.745762,144.71654613,251.2881916,2.6,2.8,0.20146132,0.31572485,0.4239347,0.5197966,0.6059642,0.6838248,0.7550144,0.8203831,17
0.7359376672642248,2.927805012888276,0.0613539198381938,2.853187254135712,2.952853348081748,1.2124760150909424,3.785499811172485,6.12486457824707,7.517030715942383,8.151094436645508,8.487212181091309,8.75540828704834,8.987593650817871,12
0.93942739,174.42270933,248.14067906,2.4,2.0,0.10754848,0.17100191,0.23066711,0.285017,0.33897352,0.39027548,0.43910074,0.48516488,3
0.93943512,236.28375244,4.04051828,2.71772933,2.08864498,0.13127089,0.22467661,0.31055951,0.39573979,0.47967792,0.55998802,0.63663745,0.70984221,15
0.95775032,11.78724289,381.79751587,2.55764627,2.09141588,0.30524278,0.54224873,0.6338408,0.64915109,0.65184355,0.65463662,0.65662837,0.65802979,21
0.7343947,202.96336235,286.86302849,2.3,2.9,0.13045716,0.1803906,0.230438,0.27376175,0.31647062,0.3563161,0.39302206,0.42831874,4
0.70432371,59.55539239,297.10092175,2.1,2.8,0.2539823,0.4229288,0.53183436,0.61377954,0.6782973,0.73035145,0.7723608,0.80819106,17
0.93324917,192.63199582,383.91395387,2.36624472,2.77864165,0.11283231,0.15788865,0.19523597,0.23720384,0.27907586,0.31635618,0.35145664,0.38552523,4
0.46005255,27.658294,197.50603293,2.3,2.2,0.57412577,1.5113316,2.055262,2.1517668,2.1524243,2.1539726,2.1557908,2.1576467,1
0.32526706,297.03711347,163.32079762,2.9,2.3,0.24218583,0.3785622,0.47687197,0.5622754,0.63661504,0.7024665,0.7613909,0.81522226,17
0.94741441,66.08307531,283.25939588,2.8363863,2.43530339,0.23691607,0.40692592,0.54970288,0.67098403,0.77573252,0.86644983,0.9453609,1.01458311,17
0.704963,235.79855151,159.40985073,2.7,2.3,0.15463638,0.24322271,0.33069515,0.4128585,0.49008703,0.5626931,0.6302469,0.69411635,17
0.4933506,47.4979758,394.14222297,2.2,2.8,0.30122352,0.49427128,0.5438554,0.56126547,0.5752735,0.5873003,0.59751034,0.6061697,21
0.9548199633364908,16.7169687527528,0.705439678998197,2.604048785592466,2.666091511219766,0.6841583251953125,1.765925645828247,2.474273443222046,2.8940441608428955,3.1775171756744385,3.396375894546509,3.5759284496307373,3.7292206287384033,22
0.3148151,32.49553315,13.88974898,2.30905833,2.65676326,1.01270866,3.03538084,4.72206402,5.58298063,5.77958584,5.83794308,5.8672657,5.88467407,6
0.75174287,190.13728274,175.79052024,2.2,2.7,0.15216327,0.23407698,0.31607223,0.39096332,0.46028495,0.525434,0.5860126,0.6425085,3
0.7813666595354885,7.091917451715008,0.0302683000993496,2.717665656262548,2.9215005730942307,1.0421571731567385,3.090050458908081,4.651958465576172,5.45054817199707,5.861220359802246,6.136648178100586,6.346383094787598,6.498048782348633,5
0.6563133814412279,22.860862078341302,0.0087550902306279,2.196754776075532,2.310419082780581,0.7779998779296875,2.126923084259033,2.9673848152160645,3.364558696746826,3.581855297088623,3.7347373962402335,3.849496841430664,3.949426651000977,22
0.83565792,203.78169593,231.47716189,2.4,2.4,0.12542987,0.19048905,0.25329828,0.31193304,0.36793065,0.42180705,0.47270894,0.52068615,3
0.3148010892879541,2.302315240580036,0.0874702714815242,2.2899716277656443,2.6093605156146347,1.2425131797790527,4.177587509155273,7.600350379943848,10.694897651672363,12.608003616333008,12.648523330688477,12.655467987060549,12.661428451538086,12
0.420493491412071,280.33419921440543,331.63519466316075,2.5,2.3,0.1211230754852294,0.1429557800292968,0.1654322147369384,0.1788859367370605,0.194814920425415,0.2110109329223632,0.2254517078399658,0.2392714023590088,11
0.5890444016825582,27.795999216228623,0.0073058430062615,2.338965457814429,2.082001515704876,0.7479767799377441,2.002833843231201,2.76809024810791,3.141749382019043,3.346889019012451,3.4852609634399414,3.5955371856689453,3.69038724899292,22
0.37186165,235.25454272,275.4347332,2.35430493,2.95895801,0.23407006,0.34770107,0.42784762,0.49805593,0.55948353,0.61463475,0.66503334,0.71048141,17
0.32259759,285.54888916,27.21125221,2.67772222,2.10431767,0.24320889,0.39598846,0.51097941,0.60745931,0.69044614,0.76313353,0.82818913,0.88603592,15
0.85327994397868,6.600121604094018,0.0989430890309438,2.265038351300801,2.871244715254328,0.9654223918914796,2.8198182582855225,4.150529861450195,4.806872367858887,5.143703460693359,5.368317604064941,5.536516189575195,5.668968200683594,5
0.5165551575522263,27.86706462833938,0.0047015313976476,2.9995114684187048,2.0218022226737986,0.8096652030944824,2.2070412635803223,3.111574172973633,3.56966495513916,3.832915782928467,4.006943225860596,4.132321357727051,4.2273030281066895,22
0.3191645418376214,60.68372730384029,0.0070514856221512,2.6954574621629708,2.84183346490272,0.8947830200195312,2.7008745670318604,4.139739990234375,4.829095840454102,5.067306518554688,5.166461944580078,5.229125022888184,5.276421546936035,5
0.50782621,120.26602048,196.65759566,2.4,2.6,0.31135535,0.5789497,0.7575743,0.88840747,0.9897475,1.0732439,1.1436512,1.2020595,10
0.74189627,18.0026226,14.77583122,2.96554327,2.22634077,0.76683736,2.00365496,2.78843594,3.21041584,3.4669261,3.64017296,3.77856684,3.88813114,22
0.9630664292364992,259.98754946339784,364.3793695039083,2.03163195,2.07580352,0.0575284957885742,0.0867564678192138,0.1120710372924804,0.1192653179168701,0.1353671550750732,0.1502370834350586,0.1648690700531005,0.1789824962615966,11
0.55238935,96.56736686,263.52440369,2.5,2.7,0.31623888,0.5874052,0.759444,0.88038707,0.9721842,1.0466137,1.1073306,1.1600187,10
0.66297308,130.903206,70.54115479,2.2,2.5,0.26510787,0.49102974,0.67856836,0.83829737,0.97446084,1.0928645,1.1957862,1.2851,10
1.0,225.86969353920827,400.0,2.47074723,2.0614028,0.0713372230529785,0.1031098365783691,0.125471830368042,0.1291942596435547,0.1429898738861084,0.158869981765747,0.174070119857788,0.1866278648376464,11
0.520558,139.85960388,168.84657288,2.32349014,2.6256206,0.30676174,0.57795644,0.77146959,0.92073345,1.0401907,1.13885188,1.22222257,1.29417849,10
0.50410121,138.13716932,58.6475973,2.7,2.3,0.38980103,0.8405206,1.151917,1.3630383,1.5195355,1.6448519,1.7504876,1.842385,10
0.43569414,113.69252303,47.80748472,2.5,2.4,0.4935751,1.195255,1.6283629,1.8388593,1.967489,2.0711982,2.158357,2.2299626,19
0.61717212,107.73939065,329.92770832,2.5,2.1,0.20732093,0.31305838,0.3991735,0.4707501,0.5324731,0.58619833,0.63421655,0.6761074,17
0.5584990117409923,2.409835902408949,8.195036372163452,2.4353544381268875,2.551061448930915,1.189962387084961,3.8307347297668457,6.531576633453369,8.420318603515625,9.247745513916016,9.390228271484377,9.401905059814451,9.425481796264648,14
0.41424173,37.67495728,397.47061157,2.1176126,2.24440551,0.32343745,0.58557725,0.65492749,0.65612006,0.65802979,0.6600852,0.66195869,0.66370106,21
0.5960595805412905,53.2392870750921,0.0033044677018821,2.4253601694463263,2.005118317631507,0.5505120754241943,1.3590147495269775,1.850369215011597,2.117684125900269,2.301245927810669,2.441901445388794,2.5589306354522705,2.659202337265014,18
0.92909378,114.27605633,150.60938946,2.7,2.1,0.1948185,0.3439083,0.48624396,0.6169236,0.73617935,0.8460698,0.9470513,1.0398242,17
0.7040683771708822,50.13843369696973,0.4221347332445692,2.8928921017850864,2.370386709988624,0.5628643035888672,1.396012783050537,1.953819274902344,2.285399913787842,2.513832092285156,2.692455291748047,2.842050552368164,2.9690957069396973,18
0.61996602,107.55342072,376.35051191,2.8,2.5,0.23702526,0.363976,0.45339394,0.5294061,0.59463835,0.65053105,0.70007324,0.74321556,17
0.5829904029520461,60.988580346944325,0.400977870926874,2.31484613675658,2.9364601955068856,0.6338152885437012,1.7237682342529297,2.4264817237854004,2.772204875946045,2.978386878967285,3.1318483352661133,3.254930019378662,3.3646798133850098,22
0.680797,16.325951,41.395207,2.5,2.5,0.83437562,2.3184557,3.31217623,3.7716589,3.98389626,4.11379337,4.19570827,4.25127745,23
0.3109350014320854,7.953012004732638,47.77106928673763,2.89112234,2.149266,1.0100033283233645,3.113771915435791,5.06678581237793,6.266059398651123,6.579247951507568,6.591335773468018,6.6026291847229,6.608492374420166,7
0.74031806,159.15982056,3.76932573,2.47629571,2.10343862,0.21089482,0.37813544,0.53358674,0.67380524,0.80116582,0.91654897,1.02141595,1.11654329,15
0.35865858,126.50971575,26.60745811,2.2,2.1,0.48124576,1.1526978,1.52461,1.6802661,1.7785716,1.8596907,1.9279335,1.9863894,19
0.67236256,289.78942911,110.17960161,2.6,2.4,0.14407086,0.22411203,0.30182576,0.3768022,0.44809103,0.51498437,0.5784972,0.63855004,2
0.8116466,50.59100779,370.94665336,2.63141901,2.32264257,0.24244785,0.3877306,0.48273301,0.55632257,0.61442089,0.66099,0.700418,0.73246026,17
0.38242978,55.88685235,203.17127995,2.3,2.9,0.5157566,1.2820153,1.7249422,1.8230438,1.840519,1.8561883,1.8706269,1.8839846,1
0.3270873417975541,135.92977886386905,0.0076904739264753,2.558500805057632,2.7755200223411154,0.6123301982879639,1.688607692718506,2.399319648742676,2.6924071311950684,2.8238778114318848,2.919222831726074,2.999918937683105,3.0682759284973145,22
0.55286942,38.74890888,171.43590719,2.5,2.6,0.56568503,1.4680994,2.0369146,2.2377603,2.3072832,2.3502443,2.3875034,2.4200919,0
0.97573524,6.6469174,112.93338262,2.30063915,2.10804771,0.63344407,1.60042882,2.17375827,2.43835759,2.5631969,2.63707376,2.68550897,2.7215569,0
0.3564686006839113,5.081143843023764,0.1974846855045154,2.2088464107428183,2.4221570473855465,1.1832218170166016,3.8723278045654297,6.768856525421143,8.99582290649414,10.135360717773438,10.235891342163086,10.23961067199707,10.24289894104004,13
0.4922978027989261,82.75347593916177,0.4744473614177714,2.286043574551876,2.387953664390971,0.5621776580810547,1.4415082931518557,1.976327657699585,2.238178014755249,2.403322458267212,2.5308878421783447,2.6385958194732666,2.728225946426392,18
0.3105872898233872,0.7426051570940612,0.0181973344014152,2.2360354728766527,2.943094873419187,1.2752676010131836,4.377033233642578,8.17934799194336,11.775808334350586,14.29361343383789,14.35207176208496,14.359575271606444,14.366006851196287,12
0.34158372,201.40876686,160.75323718,2.5,2.4,0.3065207,0.5545733,0.7044127,0.812134,0.8982904,0.97037864,1.0300066,1.0830061,10
0.59045462,187.29248959,191.72342302,2.4,2.5,0.1946106,0.30071354,0.4004705,0.48732686,0.5655236,0.63642025,0.700928,0.76018405,17
1.0,49.51448774,400.0,2.0,2.0,0.13336182,0.17368937,0.20969296,0.24038982,0.26924777,0.29324222,0.31367588,0.3313067,11
0.83597334,36.77052249,239.37629411,2.3,2.1,0.32159972,0.63656473,0.85212135,0.9972327,1.10028,1.1797833,1.2408528,1.29003,10
0.48643098,126.52979599,219.58772688,2.83465394,2.84184184,0.36413503,0.72896147,0.96822739,1.12553978,1.24018264,1.3339355,1.41283345,1.47839665,10
0.7130502078457619,1.648397791726039,0.0075930132888119,2.893497460499609,2.576195938499085,1.2329325675964355,3.8961100578308105,6.450864315032959,8.058456420898438,8.764060974121094,9.057111740112305,9.276023864746094,9.48082160949707,12
0.39087877,220.04083741,128.68588819,2.7,2.2,0.2828226,0.50610566,0.66253304,0.7878494,0.8911321,0.9775443,1.0531921,1.1191242,10
0.48804321,84.03103144,352.30382383,2.1,2.1,0.21122122,0.28497648,0.3268783,0.3612442,0.39010692,0.41411853,0.43508816,0.45314574,4
0.4118091255303288,2.653191359685441,0.029865108789886,2.047459465686173,2.9898048140379974,1.2218024730682373,4.138773918151856,7.574917316436768,10.510061264038086,12.205669403076172,12.276678085327148,12.28205108642578,12.286663055419922,12
0.30275779,75.07483656,291.63373858,2.43158866,2.12968492,0.36724925,0.73069859,0.86973834,0.88466191,0.89660501,0.90697694,0.91603065,0.92642117,21
0.58878458,13.82576942,17.08245277,2.06011701,2.99773693,0.98038673,2.96217561,4.53217316,5.2967701,5.53722382,5.6227951,5.68879414,5.73027992,6
0.67447528,34.14952729,73.49530782,2.94155527,2.04334213,0.5421834,1.32575369,1.80874443,2.06315947,2.21592712,2.33493614,2.42536497,2.50366688,20
0.5888533976061454,0.9079153887289246,0.642777299250903,2.9163359804085047,2.357484582359368,1.2437987327575684,4.0547943115234375,7.11289644241333,9.557025909423828,10.824012756347656,10.904949188232422,10.913751602172852,10.92099380493164,13
0.38600025,219.42810681,363.40161725,2.3,2.2,0.13375664,0.15055966,0.17011619,0.18250823,0.1958592,0.2083385,0.22105408,0.2317369,11
0.8712351783663425,1.5302762849581582,0.1936158090702875,2.012104866271306,2.8144155582092925,1.1400737762451172,3.5772299766540527,5.703465938568115,6.904689311981201,7.456868648529053,7.736439228057861,7.922167301177978,8.07790756225586,5
0.90007597,135.00296021,205.24476624,2.7818048,2.21203685,0.16037798,0.25452352,0.34919786,0.43451619,0.51289558,0.58610296,0.65342522,0.71617341,17
0.96060641,157.86499878,346.07434964,2.2,2.3,0.09751654,0.14016771,0.17776108,0.20777702,0.24053001,0.27243447,0.30176735,0.32974625,11
0.33265349,149.05970764,144.23748779,2.16040802,2.12256217,0.33388019,0.6441412,0.81314254,0.90993881,0.98199296,1.03760266,1.08551025,1.12532234,21
0.85246564,293.78827557,286.40794223,2.5,2.2,0.08644247,0.13193941,0.1682744,0.19779372,0.23015285,0.2632227,0.29439902,0.32484412,11
0.81788579,104.6652325,34.93381138,2.8,2.2,0.2985704,0.5839555,0.83063745,1.0437274,1.227011,1.3859954,1.524607,1.6477015,9
0.35398328,76.11843912,337.75704151,2.8,2.8,0.4274974,0.9533391,1.2439361,1.3037982,1.3186703,1.333024,1.345686,1.3570089,21
0.73906374,261.37963867,233.68431091,2.49284458,2.05818605,0.0955658,0.1397953,0.17615509,0.20577574,0.23979902,0.27254105,0.30348969,0.33330679,11
0.50558871,43.08547424,57.29312702,2.54648432,2.46818812,0.68826532,1.91130114,2.70383072,3.04986525,3.20091295,3.29752588,3.37424326,3.43953037,23
0.31490761,52.87271979,112.73759157,2.8459265,2.91677917,0.7907691,2.30571294,3.49687552,4.04278183,4.16537952,4.18277645,4.19153214,4.20031452,23
0.42563494,200.7396397,32.57780672,2.8,2.1,0.338552,0.68827057,0.9373462,1.1196733,1.2644517,1.3816552,1.4814951,1.569931,9
0.53518148,296.55279921,75.0957601,2.7,2.8,0.20488787,0.3208177,0.4336028,0.5369687,0.6308749,0.7176876,0.79826355,0.8733573,16
0.43594683,7.50365729,75.31424927,2.72025164,2.60893637,0.98355436,3.04379249,4.90450096,5.97093582,6.233675,6.27320194,6.29220772,6.29603672,7
0.4067645,272.7727693,281.39730362,2.9,2.8,0.20944905,0.27915883,0.34497404,0.40174437,0.4521947,0.49953532,0.54254293,0.5827162,4
0.95931813,251.48356685,80.84492988,2.2,2.4,0.11069345,0.18680167,0.25394797,0.31742954,0.38245177,0.44652224,0.50735235,0.56611323,2
0.974233544070198,1.7093524172333725,0.2468015426716786,2.1433823974071453,2.1669789402226605,1.032052993774414,2.91011643409729,4.187108039855957,4.861326217651367,5.261799812316895,5.556426048278809,5.779193878173828,5.950870513916016,5
0.69820315,68.60740068,296.89258556,2.3,2.9,0.2694702,0.46417618,0.5930948,0.6918583,0.77017355,0.8345394,0.8874874,0.93236184,17
0.92078589,263.0715688,257.66188656,2.2,2.8,0.1053977,0.14447284,0.18300152,0.21451044,0.24868155,0.28575444,0.31987214,0.35255313,4
0.7414592,179.50355943,251.82477252,2.8,2.9,0.19365764,0.29257846,0.3926394,0.48476505,0.5674999,0.64382243,0.71425486,0.77992606,17
0.30290264,279.63809285,129.83412329,2.4,2.5,0.24682927,0.38122988,0.47339344,0.5511031,0.6176288,0.6763835,0.7287874,0.7754781,17
1.0,111.2413559,197.95713806,2.0,2.0,0.12541556,0.20889878,0.28805399,0.36160374,0.43070579,0.49422598,0.5532918,0.608639,3
0.5246590357663526,230.8357243182552,345.0912905089804,2.2594396,2.22636949,0.1099061965942382,0.1348915100097656,0.1599195003509521,0.1763641834259033,0.1955749988555908,0.2141327857971191,0.232234239578247,0.248884916305542,11
0.31045606,246.34640659,325.95596458,2.3,2.2,0.14784288,0.16403389,0.18381214,0.19802737,0.21243,0.22514343,0.23759842,0.24947262,11
0.499884880901027,1.7059737327745237,0.0166887471159507,2.190938310014251,2.403251490045289,1.2086422443389893,3.9788155555725098,7.020055294036865,9.398063659667969,10.57292938232422,10.6297607421875,10.634880065917969,10.63899040222168,12
0.37120546,283.54109413,49.75646335,2.39017041,2.37948626,0.24351025,0.40158749,0.52670002,0.63352299,0.72616744,0.80797386,0.88119435,0.94736934,16
0.77465544,219.96625088,156.83521911,2.1,2.1,0.10669017,0.17042422,0.22836685,0.28162408,0.33480668,0.3849318,0.432539,0.47776866,2
0.94107482,33.14275929,119.90316255,2.47806151,2.13330094,0.37574339,0.80042481,1.1132617,1.33837032,1.5060153,1.63923693,1.74656057,1.83981848,10
0.60449368,115.65771484,209.21737671,2.3208704,2.78999329,0.29893422,0.56104231,0.75324392,0.90597963,1.02989697,1.13305163,1.22024918,1.29527855,10
0.87603681,56.39144681,358.94024896,2.25647164,2.05656809,0.17606449,0.24996686,0.31514621,0.36827588,0.41264844,0.45056915,0.48297548,0.51107001,4
0.3412289,294.21234131,110.07074738,2.0329206,2.12794948,0.16797185,0.23626828,0.30039096,0.35701394,0.40769219,0.45384479,0.49596334,0.53460813,2
0.91515925,174.33744353,114.05425295,2.7,2.7,0.18710017,0.3136847,0.43771076,0.55768037,0.6680894,0.77168155,0.86829925,0.95939255,16
0.3828756419212117,7.7604294671507805,0.6228400521667402,2.4164283973455976,2.186768476491358,1.1308388710021973,3.573524713516236,5.954882621765137,7.525173187255859,8.169008255004883,8.26205825805664,8.292414665222168,8.323577880859375,13
0.65655708,168.02961761,138.6885539,2.45205186,2.84152348,0.24853587,0.4342258,0.59698129,0.74025679,0.86704707,0.98004842,1.0813787,1.17254043,17
0.3276244745758318,1.0674466721615825,166.09259269323312,2.447899894628935,2.828406201832665,0.8702249526977539,2.702871799468994,4.396116733551025,5.391558170318604,5.534912109375,5.536244869232178,5.536306858062744,5.536327838897705,7
0.5993516300130051,2.219221319551792,79.10837118246145,2.1864838276775185,2.7688969392526444,0.9972138404846193,3.1639227867126465,5.236710548400879,6.55268144607544,6.941293239593506,6.945106983184815,6.946057796478272,6.946370601654053,7
0.75588996,120.93476383,191.20906598,2.10398261,2.24450424,0.18591666,0.30762124,0.41985774,0.51886797,0.60718298,0.68734574,0.76005435,0.8258214,17
0.72491959,168.21391354,10.78443212,2.1,2.5,0.20530033,0.3641963,0.51207876,0.64642453,0.76784587,0.8783674,0.978698,1.0711336,15
0.94718267,161.17051365,317.42676633,2.7,2.0,0.11446452,0.17532969,0.23428297,0.28996444,0.34309602,0.39317918,0.44120193,0.48623586,4
0.4801096413733391,27.9751925720497,0.1330409659956804,2.185935944782309,2.40109470365778,0.8786501884460449,2.54818058013916,3.712655067443848,4.217618465423584,4.420340538024902,4.540141582489014,4.622010707855225,4.679577827453613,22
0.9046918751294164,1.4613412730370614,94.4652872852269,2.09201527,2.47892976,0.8877754211425781,2.668799638748169,4.053444862365723,4.688204765319824,4.8354034423828125,4.863874435424805,4.864923477172852,4.865528106689453,23
0.6539762,22.77150917,400.0,2.0,2.0,0.2624979,0.40068078,0.42521381,0.43035007,0.4346714,0.43824625,0.44125462,0.44385028,21
0.85345882,130.22126164,117.0213808,2.1,2.7,0.18432975,0.31352282,0.4376936,0.54992795,0.65232897,0.745749,0.8317442,0.9110062,16
0.52092498,239.84873945,20.95274131,2.5,2.8,0.25714254,0.45101428,0.6170533,0.76196456,0.8905108,1.0051234,1.1074662,1.199312,15
0.45013012,217.97264967,54.88387187,2.2,2.1,0.2308631,0.3922379,0.5250411,0.6387832,0.73757195,0.8248143,0.9016974,0.9690602,16
0.75390512,197.25869751,122.92884064,2.04111576,2.14425397,0.12794447,0.21019983,0.28810024,0.36070466,0.42983055,0.49402261,0.55491352,0.61200881,2
0.67416264,203.62976334,52.28679233,2.0,2.8,0.1729343,0.28581238,0.39573836,0.49686503,0.5893221,0.6744726,0.7536526,0.8273468,16
0.8152653,282.40338135,276.47680664,2.52222776,2.0196774,0.07871103,0.11582685,0.1405344,0.15487432,0.18051267,0.20474529,0.22676277,0.24763417,11
0.75944251,205.55360047,225.59687871,2.1,2.0,0.09814096,0.1491394,0.19532824,0.23635006,0.27910113,0.31852508,0.35588622,0.39139915,3
0.445868860064681,0.9378173453752376,0.248705752820192,2.0325240078225444,2.576364720537372,1.223348617553711,4.147820949554443,7.567989826202393,10.64911651611328,12.52765655517578,12.574869155883787,12.58213233947754,12.58827781677246,13
0.7116779047397862,1.2253867093738036,0.0520590377905052,2.833228163420969,2.4971099326190966,1.2403643131256104,3.960902452468872,6.660261154174805,8.458578109741211,9.255335807800291,9.507609367370604,9.670405387878418,9.844999313354492,12
0.82639431,143.68995303,259.06186276,2.1,2.2,0.12386727,0.1849277,0.24260306,0.2953248,0.34655762,0.3931954,0.43627262,0.4761982,4
0.3007372270911981,0.9148807926126292,0.8838572140323865,2.25188919189164,2.966821194340284,1.2769660949707031,4.361541748046875,8.125612258911133,11.653569221496582,14.124350547790527,14.186938285827637,14.194157600402832,14.200282096862791,13
0.7379806,297.95788574,76.24782562,2.04330397,2.52014828,0.1139946,0.18840599,0.25804567,0.32285285,0.38645411,0.44844174,0.50725555,0.56427002,2
0.56115352,170.69773862,30.92601044,2.3,2.1,0.2558899,0.46698427,0.6427803,0.7929392,0.9214604,1.033659,1.1311915,1.2170751,9
0.33715549,12.26605415,30.78002548,2.31350565,2.35165882,1.07099652,3.21145105,5.10758448,6.18164921,6.39219761,6.41899872,6.4330101,6.43862534,7
0.476392,122.90247345,366.40002441,2.25684834,2.01182175,0.15541601,0.17884541,0.20120645,0.21904635,0.23671246,0.25264406,0.26739311,0.28102374,11
0.65941846,11.72455883,31.11305428,2.00877643,2.34995699,0.87871099,2.46123743,3.49862242,3.93039465,4.09706211,4.17748165,4.23891258,4.28561497,23
0.93916528,185.81512206,303.25317027,2.4,2.4,0.11069393,0.16409445,0.21317482,0.2578609,0.30202246,0.34505987,0.38554335,0.42405248,4
0.7074134275381643,45.58696985697877,3.676675989062399,2.00878656406275,2.785101334784804,0.5734357833862305,1.4800212383270264,2.049321174621582,2.367917060852051,2.58259391784668,2.749041557312012,2.8864617347717285,3.004680633544922,18
0.31565735,19.30619049,32.38603592,2.62250805,2.37187886,1.05084729,3.11150026,4.86047983,5.79538584,6.0195632,6.08495665,6.11078215,6.12041807,7
0.96779704,286.49612427,123.36763,2.41006804,2.01581645,0.08685184,0.14378929,0.18966579,0.22951984,0.27620125,0.32172275,0.36495948,0.40707469,2
0.52423835,164.49105835,251.06524658,2.62728214,2.19436383,0.19363475,0.27831912,0.35374904,0.41714096,0.47321224,0.52394509,0.56960106,0.61069655,4
0.65888547,80.49276421,130.94966183,2.38248585,2.01106418,0.30125093,0.58203316,0.78612781,0.94047928,1.0618577,1.16000175,1.24127555,1.30988121,10
0.5083124619508245,2.6079280783586425,0.0126402628670728,2.392656695676876,2.122308732018882,1.1683294773101809,3.7210214138031006,6.301308631896973,8.125289916992188,8.97774887084961,9.163639068603516,9.17784595489502,9.19040298461914,12
0.6550313800400753,1.293304273995118,0.0246286143572898,2.3303634417466825,2.40119672059496,1.2061398029327393,3.88981294631958,6.625805854797363,8.523419380187988,9.415791511535645,9.59205436706543,9.625792503356934,9.670530319213867,12
0.58624346,218.10605701,233.30582199,2.30335617,2.6398882,0.16700721,0.24485779,0.32334685,0.39336228,0.45770741,0.51673436,0.57157397,0.6228745,3
0.58116976,114.37151864,41.51281369,2.8,2.5,0.42444324,0.94444966,1.312777,1.562809,1.7472806,1.8962994,2.0213604,2.1267285,19
0.7561133039865902,202.63412032714484,0.123804878647385,2.9582443474927897,2.426283410201268,0.2142784595489502,0.3735895156860351,0.5281119346618652,0.6701278686523438,0.8005249500274658,0.9210765361785888,1.032400608062744,1.1353459358215332,15
0.66358633,71.54878634,199.58235196,2.4,2.1,0.31744862,0.62215185,0.83498764,0.9867203,1.1021183,1.1944435,1.2694488,1.3299351,10
0.4732622522401569,21.81462758178448,0.0559828727572182,2.261094984561228,2.821843497068436,0.9913938045501708,3.0373189449310303,4.707545280456543,5.532392501831055,5.809014320373535,5.930248260498047,6.009596824645996,6.074188232421875,5
0.3,23.522028192683923,39.34400854523263,2.5,2.5,0.976923942565918,3.010678291320801,4.796253681182861,5.758196830749512,5.972132682800293,6.020509719848633,6.044086456298828,6.055585861206055,7
0.3866024445700128,0.9033034130002852,0.0063583610623737,2.2470028274887963,2.5013589926755424,1.2472333908081057,4.198941230773926,7.66535472869873,10.807483673095703,12.750056266784668,12.78809642791748,12.794809341430664,12.800490379333496,12
0.6282064,261.55818052,213.00449351,2.4,2.5,0.13410163,0.1911974,0.24832058,0.30060363,0.3500533,0.39740038,0.44164133,0.48334336,3
0.70693242,127.57665806,239.3210801,2.6,2.9,0.23874736,0.3965361,0.53019476,0.6459904,0.74742293,0.8374126,0.91743755,0.9891901,17
0.83701103,155.96881556,88.31334377,2.4,2.1,0.17158127,0.29785657,0.41857028,0.5306554,0.63415766,0.7311406,0.820894,0.90440893,16
0.52928327,90.94149572,21.58314817,2.72891891,2.86772922,0.56396008,1.43262601,2.01110625,2.31400418,2.50150561,2.64476132,2.76058555,2.86292768,19
0.51365173,100.03469849,277.54766846,2.02936101,2.93778706,0.31761241,0.63210368,0.83490014,0.96847081,1.06668973,1.14355183,1.20705009,1.26074457,10
0.49716797,2.76584959,42.63049316,2.01024485,2.15126824,1.05311489,3.16431093,5.05815744,6.10189104,6.31061029,6.31732321,6.31849623,6.31926298,7
0.4426594901676605,36.334015633048764,0.2206176085817856,2.768201963086757,2.0471009554583417,0.7973349094390869,2.191422939300537,3.0927700996398926,3.515930652618408,3.737551212310791,3.8865842819213854,3.9799962043762207,4.059682846069336,22
0.69333655,235.04475589,243.54561983,2.2,2.2,0.10693765,0.1548059,0.19915462,0.2364726,0.27592826,0.31325102,0.34886098,0.3820796,3
0.3428856151237476,21.000665185085527,21.50120648198364,2.5,2.5,1.017298936843872,3.1293601989746094,4.979419231414795,5.980441093444824,6.259736061096191,6.3191633224487305,6.357768058776856,6.386032104492188,7
1.0,88.25635529,127.40956116,2.0,2.0,0.16678476,0.29712939,0.41922426,0.53132582,0.63245893,0.72533679,0.80995321,0.8872304,16
0.37127867,87.32620869,310.0625037,2.1,2.8,0.2984419,0.49524474,0.563638,0.5990882,0.62774086,0.6507025,0.67018986,0.6890855,21
0.97259903,24.89051056,276.0065918,2.72788525,2.12145638,0.31319165,0.60657239,0.80495977,0.93732405,1.02754354,1.09262133,1.14256835,1.18075538,21
0.68474433,203.50130956,119.40614468,2.3,2.8,0.17664719,0.28251553,0.38718557,0.4815488,0.567857,0.64815116,0.72254515,0.7918806,16
0.94573468,4.29901857,67.44863079,2.1,2.4,0.7942693,2.0922854,2.8939092,3.2825696,3.4810555,3.595978,3.6628425,3.7000148,23
0.7662845480425494,62.48821091995839,0.0185417813180385,2.05517452344622,2.362562429546548,0.4159169197082519,0.9197909832000732,1.2815797328948977,1.5424981117248535,1.7439613342285156,1.9076595306396484,2.0462467670440674,2.165222406387329,18
0.44087872,241.4025116,147.36288452,2.20360923,2.05940342,0.1634562,0.23443532,0.3020432,0.36196065,0.41655183,0.46601892,0.51135874,0.55312848,2
0.75204037,53.27283269,78.415631,2.5,2.2,0.4395206,0.99707556,1.3789482,1.6283424,1.8104596,1.9502296,2.0646267,2.1619558,20
0.4019902978742778,3.884462987590924,0.011976882642827,2.157208505930708,2.6187256927113243,1.201272964477539,3.975295305252075,7.042064666748047,9.431857109069824,10.712213516235352,10.811745643615724,10.817100524902344,10.821711540222168,12
0.574266325876489,25.213882667238444,68.60103572516212,2.6895707628526107,2.083407391686534,0.6823766231536865,1.838009595870972,2.5549070835113525,2.8821499347686768,3.0368964672088623,3.1386635303497314,3.211576700210572,3.2715837955474854,23
0.69875312,29.46474821,160.94306031,2.4,2.7,0.5331571,1.3290074,1.8249443,2.0446851,2.1521585,2.226641,2.2851546,2.3330586,0
0.5787059894740675,73.45809314512583,0.0046734579385639,2.277950147608603,2.5240474417185474,0.5421640872955322,1.3614747524261477,1.8762099742889404,2.158663034439087,2.3493082523345947,2.4991629123687744,2.6198408603668213,2.729536771774292,18
0.3310743166521369,59.211531473182205,395.02234392757566,2.4,2.6,0.3693559169769287,0.7832987308502197,0.9659945964813232,0.9804174900054932,0.9864556789398192,0.9918882846832277,0.9968674182891846,1.0014660358428955,21
0.30615492,53.68609949,160.3718441,2.94321262,2.21387634,0.6049521,1.59866905,2.21062565,2.36604929,2.3806076,2.38910866,2.39744473,2.40542936,0
0.63652524,23.35089815,398.58990054,2.16206604,2.60326627,0.36875415,0.76797295,0.96393633,0.98898435,0.99090815,0.99339795,0.99567485,0.99763584,21
0.80085605,278.62950949,214.890743,2.47669047,2.27929353,0.09976768,0.1524806,0.19710207,0.23429418,0.27406979,0.31406641,0.35318589,0.39006495,3
0.87147218,1.18447399,1.70249391,2.87184739,2.02307391,1.16280246,3.29112649,4.8827076,5.72699451,6.24025917,6.71741676,7.08991241,7.35958862,5
0.56241414,94.42058551,25.87616667,2.3,2.8,0.44744968,1.0158153,1.398274,1.6352668,1.807374,1.9417596,2.0520406,2.1518316,19
0.56013973,80.34027615,168.56845802,2.73246987,2.35547293,0.38671017,0.82034039,1.10131717,1.26829982,1.38594794,1.47561097,1.54795909,1.60802913,10
0.38084214,101.92106228,25.90813077,2.2,2.5,0.5545492,1.3899732,1.8789401,2.0796132,2.1945825,2.276661,2.3483028,2.4155707,19
0.65362191,32.45445251,21.67998123,2.00820279,2.31604743,0.65370822,1.69436765,2.29982901,2.57974577,2.74358654,2.86045456,2.9556036,3.0408597,23
0.70532315,248.87600993,184.03657649,2.1,2.6,0.11427093,0.16904831,0.21905875,0.26425242,0.31030178,0.35426402,0.3954594,0.4348688,3
0.70397512,131.05660028,297.98104194,2.9,2.6,0.22998977,0.36781287,0.48770547,0.5925026,0.6848779,0.7680466,0.8423431,0.9096596,17
0.52058506,82.33564022,400.0,2.0,2.0,0.1632092,0.18530846,0.20279241,0.2167418,0.23042822,0.24283624,0.25402665,0.26435184,11
0.81837287,210.55869558,114.23619949,2.2,2.8,0.14560771,0.23453379,0.32209682,0.40324545,0.4806087,0.5543337,0.6233151,0.68894887,16
0.53638816,126.16832971,139.05775245,2.78671571,2.49200178,0.33756685,0.66287112,0.89147758,1.06044579,1.19122887,1.29924488,1.38996363,1.46568489,10
0.88008982,17.77825928,31.97248268,2.07033467,2.08417439,0.58785987,1.42217493,1.92397523,2.20407271,2.39499021,2.53696704,2.64984822,2.75200343,19
0.78321233,149.90938015,400.0,2.0,2.85325439,0.12822104,0.17603064,0.22616005,0.27208376,0.31393504,0.35324216,0.38979411,0.42382789,4
0.6910978,296.20706177,270.71353149,2.53984833,2.26002979,0.09617376,0.13702869,0.17104125,0.19532204,0.22240806,0.25125551,0.27928972,0.30519128,11
0.6581372,209.43295288,117.78826904,2.0,2.0,0.12824488,0.20498061,0.27776623,0.34535503,0.40831876,0.46684909,0.52180624,0.57340169,2
0.30721878,23.21351884,101.1215467,2.60411684,2.56007255,0.89129186,2.62972474,4.05211353,4.71560955,4.84305,4.8550148,4.85576057,4.85655594,23
0.3109478936872325,161.74669921778695,278.17126043170697,2.3,2.4,0.2727541923522949,0.4465618133544922,0.531815767288208,0.5940501689910889,0.6449456214904785,0.6876490116119385,0.7242612838745117,0.7558012008666992,21
0.94726259,12.73674393,1.35598004,2.11710358,2.28227949,0.68254256,1.70752835,2.32680345,2.67704511,2.91174388,3.08572221,3.22901082,3.34964108,18
0.4255091881486922,1.6365155310184964,0.7158750430298184,2.857869174256358,2.3174487861066955,1.2428076267242432,4.081087112426758,7.258247375488281,9.926620483398438,11.568235397338867,11.64012050628662,11.64654541015625,11.652027130126951,13
0.47460716,247.90015623,51.2712952,2.6,2.3,0.23995614,0.41013956,0.5561042,0.6821351,0.79262066,0.8921695,0.9811795,1.0614197,16
0.30031684,101.8159256,111.10270691,2.11224985,2.03397393,0.46185756,1.09164476,1.39693022,1.47290707,1.51516485,1.55123329,1.58217359,1.6101017,0
0.76095286,190.88781529,158.01920807,2.8,2.3,0.17564034,0.28743196,0.39671302,0.49904656,0.5932224,0.6811216,0.7625747,0.83882046,17
0.60370464,150.08156516,277.64098333,2.3,2.3,0.16986775,0.24157166,0.31144094,0.3713653,0.42498016,0.473387,0.51734066,0.5577955,4
0.39394073,147.03603277,9.51911115,2.8,2.0,0.4758582,1.1746147,1.6055527,1.8111312,1.949096,2.0525045,2.1397848,2.2177434,18
0.3658467898801532,237.2896840153188,343.78268954511003,2.0,2.1,0.1066412925720214,0.1222681999206543,0.1354398727416992,0.1415119171142578,0.1522305011749267,0.1621356010437011,0.1714935302734375,0.1804559230804443,11
0.72337485,105.71837833,10.30844514,2.36653082,2.8591826,0.3698566,0.77235031,1.09126115,1.34645939,1.55441856,1.72768879,1.87469864,2.00210381,9
0.51124097,224.19414207,264.44722564,2.2,2.5,0.14323401,0.18644595,0.23205113,0.27124786,0.30726266,0.3411708,0.3731773,0.402663,4
0.74390216,87.81299202,85.04732622,2.5,2.9,0.35876846,0.7395284,1.0337644,1.2639146,1.4473901,1.6003714,1.7282166,1.8380861,10
0.75651795,41.28358774,299.77221479,2.5,2.2,0.33192015,0.6594167,0.8689184,0.99668336,1.0830643,1.1477556,1.1970448,1.2353759,21
0.95355695,296.73892212,382.11932373,2.19236088,2.6214416,0.08137965,0.11198449,0.13672662,0.15394258,0.17780447,0.20209241,0.22308326,0.24276161,11
0.71705737,129.22555813,317.62796247,2.7,2.2,0.18560457,0.2816496,0.37185287,0.4506476,0.5206051,0.5837996,0.6412356,0.69361377,17
0.30261374,53.54822519,338.1763719,2.81735674,2.52780766,0.45345211,1.06143117,1.3847692,1.40559459,1.40614629,1.40632319,1.40689254,1.40763545,1
0.60022763,243.71716287,328.91087439,2.22507884,2.14933294,0.09115624,0.12002945,0.14451957,0.15715313,0.17625284,0.19420338,0.21136332,0.2264502,11
0.949291997422893,4.793867551422407,0.1039778497582134,2.251037591172816,2.488752889663453,0.9282224178314208,2.574310541152954,3.660034418106079,4.215425491333008,4.551860809326172,4.787018775939941,4.966448783874512,5.1106719970703125,5
0.3589625812991531,17.428460397939208,14.736121257410629,2.0,2.0,0.9482877254486084,2.8324012756347656,4.308667182922363,5.000258922576904,5.154838562011719,5.210913181304932,5.241407871246338,5.263006687164307,6
0.32449743,221.12324907,180.86992905,2.77993378,2.62649519,0.31307387,0.55374575,0.69263768,0.79489684,0.87910366,0.94909573,1.00867653,1.06082678,10
0.35360855,248.76867676,359.90457153,2.16251659,2.27108955,0.12011957,0.13483739,0.15055847,0.15698123,0.16663504,0.1755147,0.1847136,0.19320393,11
0.4741494,222.84929342,1.1684532,2.9,2.4,0.32818127,0.6448543,0.88605857,1.0816927,1.2427073,1.379664,1.497896,1.6016691,8
0.6169304298569579,1.7238416922732884,0.152194745348936,2.698548028713898,2.9179853535786924,1.2713210582733154,4.1561784744262695,7.260666847229004,9.512575149536133,10.632967948913574,10.86277198791504,10.880754470825195,10.900453567504885,12
0.8860390040428088,25.13323368327681,139.92922113517187,2.9,2.8,0.5395498275756836,1.345503330230713,1.9059009552001955,2.227489471435547,2.434142589569092,2.5839829444885254,2.704780101776123,2.80216121673584,20
0.65192735,130.93554688,367.98825073,2.78571415,2.08892202,0.14020753,0.17278528,0.20576262,0.23106217,0.25478959,0.27770853,0.29817986,0.31716108,11
0.45011545,143.50568003,355.7080051,2.4,2.9,0.22205973,0.2995584,0.34940267,0.3906262,0.4275279,0.45964503,0.48850465,0.514673,4
0.5696120231401024,168.5067749677658,0.0259745412861938,2.8441072608625184,2.8744147811676712,0.3779678344726562,0.7832777500152588,1.0958168506622314,1.3413941860198977,1.5397512912750244,1.7059834003448486,1.8478810787200928,1.9710628986358645,8
0.9053825853803178,5.286250337451288,0.3264344200647487,2.4867864888355014,2.232992150285789,0.9171044826507568,2.484169006347656,3.4924840927124023,4.041833877563477,4.380175590515137,4.625771522521973,4.814571857452393,4.9593706130981445,22
0.98762673,29.39753342,160.45144653,2.01027608,2.84764767,0.39487386,0.87939382,1.2343781,1.48693538,1.6743629,1.82081985,1.93654132,2.03348684,20
0.74088752,16.67853546,10.10637665,2.37445331,2.30849457,0.79708076,2.12597251,2.95347285,3.36218858,3.5909512,3.74534488,3.85715413,3.95827603,22
0.94611603,6.70409298,49.551548,2.08704686,2.60395026,0.79436874,2.17589974,3.05090547,3.46399283,3.67504382,3.80881858,3.89463735,3.96507907,23
0.79145229,3.27664065,25.38656616,2.15242195,2.44791484,1.04753065,3.05798364,4.55696774,5.28687477,5.56949139,5.71388912,5.78350639,5.82270527,7
0.5677115601311495,1.5289799937602249,0.6852880471253556,2.94102974547211,2.0479685722290952,1.1747331619262695,3.715940475463867,6.275097846984863,8.087889671325684,8.93831729888916,9.095873832702637,9.111567497253418,9.142833709716797,13
0.94099417,122.25854635,111.50280968,2.4,2.7,0.20508194,0.35947323,0.50808716,0.64284563,0.7666452,0.8800833,0.9843812,1.0799019,16
0.56521034,144.43276978,279.86837769,2.12865329,2.64811039,0.21447635,0.33549547,0.43550181,0.52079034,0.59558892,0.66106153,0.71928096,0.77115726,17
1.0,210.40159402,400.0,2.0,2.0,0.05669522,0.08399582,0.10384345,0.10956621,0.12233591,0.13249254,0.14157367,0.15283918,11
0.8552901609032804,4.439289497807538,0.0360335288733519,2.8641531493555488,2.4863902528292874,1.0355961322784424,2.9538886547088623,4.320199966430664,5.035190582275391,5.466713905334473,5.793405532836914,6.0467681884765625,6.242240905761719,5
0.62909943,144.66450575,368.08022153,2.1,2.2,0.11907053,0.1471119,0.17316985,0.19328332,0.21525192,0.23409939,0.25192142,0.2684703,11
0.48229479,51.91596046,282.30942807,2.54332687,2.1696298,0.36810231,0.74544263,0.92621827,0.97847605,1.00653481,1.02863884,1.0474658,1.06373763,21
0.61138864,123.03877731,119.85994186,2.8,2.5,0.3413303,0.68382907,0.93944335,1.1383815,1.2968607,1.4291077,1.5401378,1.6366949,10
0.56054378,41.88258743,379.02655029,2.02561975,2.19632006,0.27696013,0.45495605,0.52102542,0.55127382,0.57316566,0.59052062,0.60454917,0.61600566,21
0.31024682,265.41488523,0.63443817,2.54705347,2.27725756,0.31928706,0.60034919,0.78445125,0.92015028,1.02856421,1.11858439,1.19508147,1.26122403,8
0.9092506802883809,1.96758447275067,6.113253069800728,2.4856942248152265,2.720624375737509,1.1203172206878662,3.3752694129943848,5.170085906982422,6.1178975105285645,6.605506420135498,6.924971103668213,7.180450916290283,7.373188495635986,6
0.3,252.81438296,302.69938026,2.0,2.0,0.11313605,0.12790513,0.13801098,0.1446197,0.15400481,0.16252303,0.1700933,0.17788506,11
0.56477067,272.44143393,284.07905784,2.4,2.8,0.13021779,0.16916513,0.20788884,0.24192262,0.27744055,0.3087654,0.33721614,0.3661182,4
0.38741918,83.205596,33.12005735,2.1,2.4,0.5754626,1.4513602,1.9472325,2.1421978,2.244058,2.3245947,2.3878973,2.4399116,0
0.5909080985668087,246.0278874143656,365.7105672729463,2.5,2.5,0.1236207485198974,0.1548221111297607,0.1826682090759277,0.2119226455688476,0.2407915592193603,0.2656443119049072,0.2881031036376953,0.3107497692108154,11
0.92525877,63.70652163,330.13416898,2.06306571,2.49919184,0.20023203,0.32582355,0.43637776,0.52986407,0.61027145,0.68067884,0.7425909,0.79697418,17
0.95325613,183.80241394,114.62763214,2.68216896,2.226197,0.13955164,0.23203421,0.3206203,0.40487289,0.48586774,0.56318069,0.63626814,0.7054193,16
0.5848150820084099,0.9009201191669692,3.5225991483115418,2.222263052692821,2.188313624042028,1.1845815181732178,3.8687710762023926,6.744913578033447,8.971294403076172,10.147632598876951,10.256429672241213,10.263338088989258,10.269231796264648,14
0.7783389325335746,4.3969541249010105,0.003058630491726,2.8910353648667217,2.659602269691497,1.1094822883605957,3.2870144844055176,4.986447811126709,5.868244647979736,6.338938236236572,6.68811559677124,6.976602077484131,7.186447620391846,5
0.68189939,177.91591957,239.60314393,2.8,2.7,0.2048719,0.31728673,0.42449832,0.5210769,0.60786223,0.6871333,0.75989914,0.82679677,17
0.81918814,69.17824316,185.27749168,2.5,2.7,0.31473184,0.6139078,0.84491706,1.0307987,1.1800649,1.3046925,1.4088118,1.496423,10
0.30385008,3.31014919,20.10599136,2.90526962,2.42942643,1.24370575,3.84402847,6.63674402,8.69178581,9.67970657,10.10759544,10.2665081,10.27200127,14
0.86451453,197.07657379,1.84761426,2.2,2.7,0.17051172,0.2951374,0.41657043,0.5320275,0.6401408,0.74191356,0.83804584,0.9278786,15
0.4109925475971839,0.8772202097838393,0.0275705943847271,2.150774587350232,2.746681877164616,1.249307632446289,4.247707366943359,7.830048561096191,11.12689208984375,13.255574226379396,13.295302391052246,13.302756309509276,13.308993339538574,12
0.77049557,148.90801397,136.10260487,2.8,2.1,0.20364237,0.3541584,0.49626756,0.62455726,0.74176955,0.84871435,0.9459982,1.0359046,17
0.31748291,294.8405868,134.55625308,2.2,2.5,0.19811821,0.27421236,0.34103656,0.39766383,0.4478593,0.49374127,0.5355122,0.5746076,2
0.7652138678464186,2.458385622128436,0.0134691801446576,2.6149526424103926,2.326875055514813,1.1368086338043213,3.422205209732056,5.272739410400391,6.279244422912598,6.763731002807617,7.090351104736328,7.368764877319336,7.588434219360352,5
0.45320803,196.88304138,59.48250198,2.63381386,2.54098988,0.32050395,0.6121614,0.82391167,0.99019694,1.12571716,1.23896885,1.33633566,1.42017555,10
0.33170947,15.34351635,42.83921051,2.13711643,2.14107084,0.97345948,2.84473014,4.31947899,4.98434544,5.09465885,5.12586403,5.13496017,5.14078331,23
0.71279961,224.08563111,78.06382263,2.2673467,2.97277991,0.1932497,0.32585216,0.45510244,0.57642627,0.68795538,0.79213357,0.88850284,0.97927213,16
0.8448164609051578,0.893541041866963,0.2121375819843406,2.9058581692115943,2.850629332010441,1.2646260261535645,4.022117137908936,6.679389476776123,8.36886215209961,9.185428619384766,9.584272384643556,9.864723205566406,10.124731063842772,13
0.8260505273207415,1.4699055451951395,0.0497230161399061,2.800331000854625,2.1836978639343743,1.15061616897583,3.451716423034668,5.3291120529174805,6.364170074462891,6.899355888366699,7.290421485900879,7.638812065124512,7.938505172729492,5
0.35593933,75.89090689,327.6429346,2.6,2.9,0.4105587,0.88740253,1.1272626,1.1724615,1.1897926,1.2050033,1.2184052,1.2303119,21
0.3326553465091798,1.3936331731779503,0.0190190490638616,2.147189172275661,2.802762519363148,1.250091314315796,4.252899169921875,7.861048698425293,11.208393096923828,13.301263809204102,13.341734886169434,13.34912109375,13.355499267578123,12
0.67673191,12.35489622,126.91915956,2.9,2.8,0.8179183,2.362702,3.5284686,4.0705895,4.252333,4.3046517,4.3207636,4.332623,23
0.32452534,50.15547372,275.61299056,2.27862465,2.58395349,0.50653553,1.29250026,1.76689315,1.82184434,1.82320046,1.82328916,1.82407403,1.82407975,1
0.84485704,297.24280662,202.04708195,2.2,2.4,0.09004307,0.14047289,0.18195248,0.21422577,0.25167966,0.29025316,0.32752585,0.36237502,3
0.5449181731610075,2.674742783465934,32.34876076749013,2.7,2.9,1.1661975383758545,3.768394708633423,6.469290733337402,8.392989158630371,9.220866203308104,9.320636749267578,9.321951866149902,9.323843955993652,14
0.4188640926922525,43.09658516877569,0.0794039369679432,2.5638970605003744,2.114388491281292,0.7814621925354004,2.1594502925872803,3.045447587966919,3.4435808658599854,3.64191460609436,3.755922079086304,3.842402219772339,3.9175426959991455,22
0.8378967,4.75126017,75.58434618,2.1,2.1,0.8042109,2.1723707,3.019254,3.3655813,3.500758,3.5521238,3.5723665,3.5869277,23
0.50552064,16.45647049,14.79223537,2.48489022,2.50124764,1.01142263,2.94813776,4.41591311,5.12251949,5.37865114,5.4940486,5.57492971,5.62766218,6
0.89467487,191.66955715,71.3606996,2.5,2.5,0.16827703,0.2853949,0.39960718,0.5095568,0.6123946,0.7093687,0.8004682,0.88686943,16
0.36243512,107.23479293,173.64224263,2.3,2.3,0.40131783,0.8723519,1.1243951,1.219902,1.2796128,1.3288486,1.368897,1.403131,21
0.3,126.72178276,259.43896242,2.0,2.0,0.26051545,0.40535688,0.46487904,0.50647688,0.53871751,0.56711388,0.59066439,0.6111176,21
0.6209972030910712,40.81529746967489,0.0030149899260358,2.341821917520308,2.4424533654968346,0.6754293441772461,1.806969165802002,2.506520748138428,2.8562631607055664,3.06227970123291,3.210036277770996,3.3371706008911133,3.438541412353516,22
0.90403975,283.48276478,127.64785453,2.52770408,2.88224498,0.1438086,0.21508241,0.28232312,0.36400604,0.43943024,0.50953269,0.57765341,0.64288855,2
0.65996062,292.87619026,388.71062172,2.3,2.4,0.07913017,0.10702872,0.13022828,0.13217568,0.14151835,0.15408969,0.16727233,0.1780138,11
0.94505152,61.47877029,278.13190802,2.6,2.3,0.23718834,0.416687,0.56962967,0.69868255,0.80942273,0.90474844,0.98724484,1.0591421,17
0.62418471,268.55037336,42.58861336,2.005,2.59346656,0.15803266,0.26133776,0.36236668,0.4564755,0.54350233,0.62570167,0.70241308,0.77465296,15
0.42811949,235.85526808,287.98369355,2.9,2.3,0.19738555,0.27594137,0.34529042,0.40581346,0.46053958,0.5102079,0.55596113,0.5980983,4
0.90720513,255.77711616,68.12622166,2.24731199,2.59346767,0.12756848,0.21580768,0.29580212,0.37526083,0.45368695,0.52856326,0.60011315,0.6689291,2
0.52661896,27.63819201,205.18948906,2.97468507,2.005,0.50428677,1.23238516,1.63037777,1.71947718,1.73064041,1.73964214,1.74792004,1.75526285,1
0.8744911894104255,115.69896692341558,0.0058585363887792,2.9149010640138395,2.44832558062967,0.2816736698150635,0.5404813289642334,0.7744853496551514,0.981856107711792,1.164722919464111,1.327235221862793,1.4714627265930176,1.6008920669555664,8
0.4448967471339839,138.0459551900372,17.361138809761332,2.2550635774579018,2.076521092975067,0.3761229515075683,0.8119950294494629,1.097048282623291,1.2789268493652344,1.4160032272338867,1.526918649673462,1.6181256771087646,1.6992287635803225,9
0.62094882,196.92396578,235.42051635,2.2,2.6,0.15020108,0.21241736,0.27527428,0.3306687,0.38189554,0.42946053,0.47359204,0.514801,3
0.56791131,289.47751733,342.86251775,2.3,2.2,0.08678961,0.11371732,0.13803363,0.14715576,0.16131568,0.17603827,0.19181085,0.20600653,11
0.7361356670680832,84.90659666527503,399.5007316955299,2.09756923,2.04092383,0.1307089328765869,0.1601119041442871,0.1877055168151855,0.2100183963775634,0.2314209938049316,0.2512159347534179,0.2691915035247803,0.2854750156402588,11
0.9500922209225476,3.3260143926272887,0.0960702698245491,2.271533427196516,2.9863007542303563,1.0357117652893066,3.076397657394409,4.617620468139648,5.395089149475098,5.802158355712891,6.0702972412109375,6.277554512023926,6.435657501220703,5
0.89072771,17.06365539,311.16322664,2.4,2.5,0.39599085,0.8596275,1.1381893,1.2488332,1.2899313,1.3135247,1.3297577,1.3416755,21
0.40218131,3.84686627,122.40545338,2.9,2.2,0.9526694,2.939426,4.7753086,5.9130826,6.118385,6.1185784,6.1185784,6.1185784,7
0.8728801837876781,2.9791564276167635,3.702679716537623,2.3910443902131315,2.2640862014826464,1.0329830646514893,2.9481375217437744,4.297889709472656,4.9818878173828125,5.382226943969727,5.672876358032227,5.887428283691406,6.042746543884277,6
0.7683065115480103,12.4786811770956,1.065311817883802,2.518655077573462,2.862126179294404,0.9105136394500732,2.625293731689453,3.82950210571289,4.433434009552002,4.746153354644775,4.958143711090088,5.123522758483887,5.243078708648682,5
0.80234785,282.52095887,188.39004277,2.0,2.4,0.08759642,0.13458538,0.17216611,0.20285583,0.24051285,0.2769096,0.31055093,0.34311986,11
0.4237506987924174,295.4103556824999,335.0920173002163,2.1,2.5,0.1134376525878906,0.1369261741638183,0.1616890430450439,0.1794455051422119,0.1977460384368896,0.2147774696350097,0.2320666313171386,0.2488777637481689,11
0.4158161763435534,35.69075362987826,15.521808059016744,2.9050959127577327,2.9660095073934154,0.9482972621917723,2.874819278717041,4.452136039733887,5.250818729400635,5.550290584564209,5.702176570892334,5.786560535430908,5.842979907989502,6
0.43331329,53.85219399,60.69861243,2.2,2.0,0.62835884,1.6500137,2.2306314,2.420401,2.497376,2.5552573,2.6063013,2.651791,0
0.5628947,187.53731291,60.44705227,2.4,2.2,0.24092078,0.42463207,0.58241534,0.71838856,0.8375912,0.943233,1.0367451,1.1192353,16
0.47755569,19.01238915,98.25622455,2.7,2.6,0.8650174,2.5309484,3.828449,4.4236603,4.5853243,4.619172,4.627673,4.634899,23
0.6706617386490025,1.0399289493623325,0.2632967393414371,2.430536720413836,2.8171608089254585,1.2558083534240725,4.144397735595703,7.302104949951172,9.647494316101074,10.837491035461426,11.061236381530762,11.076089859008787,11.08643627166748,13
0.43334684,95.96940947,252.55441469,2.8,2.8,0.41820502,0.92127395,1.2262831,1.359446,1.435133,1.4933558,1.540587,1.5818286,21
0.9405076768346852,1.034516640730042,68.68702682247826,2.356148547288252,2.594498697356867,0.9926366806030272,3.0240912437438965,4.715129852294922,5.593217372894287,5.8865814208984375,5.984036445617676,6.017597198486328,6.024200439453125,7
0.9280758380582572,1.3509985933234974,2.1357560074558744,2.78170824,2.27695012,1.125744104385376,3.295353412628174,4.94554615020752,5.835352897644043,6.354669570922852,6.782950401306152,7.146108627319336,7.417474746704102,6
0.74110705,128.95915652,387.82711584,2.9,2.8,0.2019248,0.2869761,0.368783,0.44036508,0.5031929,0.5608852,0.6127789,0.6603031,4
0.69509321,162.4984436,351.14614868,2.12108779,2.06473088,0.10242009,0.13348722,0.16087914,0.18140912,0.20492458,0.22654033,0.24713278,0.26659966,11
0.91680713,7.10580441,156.76930338,2.3,2.3,0.6272931,1.6294184,2.2374313,2.4677656,2.540589,2.5625226,2.5765965,2.5890558,0
0.7477175562282268,13.919303082696548,0.0095805395402744,2.2577038928866657,2.240859814780105,0.8128771781921387,2.187058210372925,3.0431969165802,3.476519823074341,3.725532770156861,3.903033971786499,4.034777641296387,4.148017883300781,22
0.72043931,10.71047306,27.70103455,2.05367255,2.39422607,0.86950421,2.42612505,3.43361187,3.87531614,4.05831671,4.16772699,4.22712517,4.27016306,23
0.30395573,225.29051967,205.31912898,2.6,2.3,0.27046752,0.44045162,0.53916836,0.61678386,0.6814625,0.7369194,0.783921,0.8279743,17
0.89752275,75.33180259,215.43944948,2.3,2.8,0.2346077,0.41250372,0.56601906,0.6964319,0.8098867,0.90873504,0.9951906,1.0718055,17
0.35898066,165.47781372,146.31892395,2.51617312,2.01986527,0.28056502,0.48475599,0.60805774,0.69916821,0.77127194,0.8327949,0.88476562,0.92922401,17
0.3870383235002417,60.39380870184565,0.0087887809730464,2.83181275158602,2.982671408363045,0.8553545475006104,2.550196409225464,3.8524863719940186,4.484466552734375,4.727861404418945,4.854571342468262,4.934667587280273,4.998040199279785,22
0.4762898610754504,1.1342930779935754,0.01701698268754,2.319782634088132,2.0386827819176934,1.17828369140625,3.824843883514404,6.673343658447266,8.968280792236328,10.3262357711792,10.39586067199707,10.402738571166992,10.408437728881836,12
0.99828523,63.30421451,40.64778826,2.9,2.3,0.33416724,0.67881536,0.976238,1.2301593,1.4465461,1.6322379,1.7922947,1.9320343,9
0.403248351294486,3.386591797496139,0.017054428396782,2.6071620854860504,2.8008341020071126,1.260637283325195,4.182036399841309,7.480714797973633,10.18641471862793,11.533732414245604,11.576748847961426,11.580442428588867,11.583537101745604,12
0.45009842,103.00997809,142.93555139,2.4,2.1,0.39130402,0.8523121,1.1281328,1.2716923,1.3701811,1.4473941,1.5089767,1.5621991,10
0.80676672,32.67419556,390.0383049,2.6,2.4,0.30807686,0.568069,0.71596265,0.80161786,0.8584094,0.89878774,0.92957616,0.9539125,21
0.34850798,197.4020971,301.36523113,2.9,2.5,0.27538276,0.4404056,0.5299654,0.6034136,0.66407347,0.71781445,0.76425505,0.80577826,17
0.66778981,113.48965194,43.14449981,2.5,2.7,0.35488844,0.72548246,1.0120375,1.2371454,1.4194067,1.5698454,1.6965954,1.8078368,9
0.42213271,82.52649346,266.92304006,2.10164464,2.67949235,0.38339019,0.83743334,1.09144378,1.18783212,1.24073577,1.28257465,1.31603456,1.34397125,21
0.86845674,109.23041276,285.2234707,2.3,2.8,0.17095304,0.25887752,0.3462782,0.4216373,0.48972654,0.55202794,0.6083381,0.6597979,4
0.66694734,77.85991634,323.41081044,2.40051905,2.70672252,0.28420472,0.50602388,0.65537906,0.76912141,0.86006069,0.93416548,0.9959693,1.04678655,10
0.550889058786172,33.235470438434845,4.113446924227365,2.635225878428189,2.3021677871515136,0.769967794418335,2.1149158477783203,2.982025623321533,3.4018239974975586,3.625107288360596,3.770358085632324,3.8831381797790527,3.976652622222901,22
0.8064266293402589,2.207911000701745,0.0178045233570053,2.534263109438536,2.482329833527487,1.1449532508850098,3.459202766418457,5.339525699615479,6.360246658325195,6.856078147888184,7.19115161895752,7.4701337814331055,7.685529708862305,5
0.98408685,94.68523021,323.93466743,2.4,2.1,0.1416986,0.21651506,0.2897606,0.3553307,0.415596,0.47099257,0.5213189,0.56779265,4
0.7294832683312161,2.140746103184,3.515852359485266,2.223672464633146,2.1936444717757086,1.1126315593719482,3.398032188415528,5.313382625579834,6.368862628936768,6.826879024505615,7.06908655166626,7.245499134063721,7.365719318389893,6
0.9006297755564657,21.90251322582967,0.3508828823580156,2.2700106341062094,2.6169615515958062,0.6297416687011719,1.5996291637420654,2.219568967819214,2.5873501300811768,2.8381025791168213,3.0356009006500244,3.196301221847534,3.334559679031372,18
0.30000001,64.2807312,307.09121704,2.0,2.0,0.32947063,0.6105392,0.68751097,0.69506168,0.70266795,0.7094214,0.71542978,0.72083044,21
0.64357116,289.09066989,233.16689792,2.9,2.3,0.13259768,0.19279313,0.24883437,0.3070271,0.3625121,0.41369152,0.4621935,0.50819707,3
0.891320448090868,0.8179227358033462,0.0825433692816035,2.1786511142174496,2.784268281586824,1.196101427078247,3.8137729167938232,6.268281936645508,7.749101638793945,8.444742202758789,8.78242301940918,9.001500129699707,9.17159652709961,12
0.30351635,259.32577306,68.74862872,2.08922786,2.79389589,0.32188678,0.62607551,0.82256651,0.95775247,1.06286025,1.14995384,1.22173882,1.285707,10
0.3091532279665984,274.9266580576429,299.03968192117685,2.8,2.8,0.2247402667999267,0.2939250469207763,0.3436198234558105,0.3876399993896484,0.4256470203399658,0.4618837833404541,0.4945650100708008,0.5249629020690918,4
0.9168479222282364,14.818248976608338,0.0321844928387739,2.564519272564199,2.5139408951830227,0.7250609397888184,1.897809267044068,2.648063898086548,3.0762174129486084,3.3579261302948,3.5681655406951904,3.740929365158081,3.888564348220825,22
0.81534323,230.50602301,359.6896272,2.5,2.1,0.088171,0.1266501,0.16066146,0.18529463,0.21225333,0.23767996,0.26340842,0.28802562,11
0.73533076,168.20542908,156.20413208,2.07610035,2.98731279,0.19745159,0.33688116,0.4698689,0.59038687,0.70084977,0.80216503,0.89493918,0.98060012,17
0.93960023,216.85686368,265.21327007,2.5,2.9,0.15099764,0.1873126,0.24032831,0.30177927,0.35954356,0.4099331,0.45974016,0.50686216,4
0.42062138,189.37305362,358.55843077,2.1,2.4,0.13169241,0.14893818,0.16633224,0.17738652,0.19044328,0.20189476,0.21296191,0.22333884,11
0.6674975465339443,3.130128524158732,0.2043419782847466,2.5366162573961955,2.340226848920105,1.145552396774292,3.5125856399536133,5.554181098937988,6.694409370422363,7.190926551818848,7.4454240798950195,7.659601211547852,7.821063995361328,5
1.0,240.4743690756196,392.7800297322727,2.4,2.2,0.0743002891540527,0.1087024211883544,0.1336312294006347,0.1426103115081787,0.1578230857849121,0.1764266490936279,0.1949250698089599,0.2120568752288818,11
0.9671919086028586,2.7866067070364777,0.6958921617446505,2.317172556097841,2.437733319628642,1.0168516635894775,2.8927760124206543,4.185301303863525,4.856771945953369,5.246187210083008,5.530773639678955,5.74626350402832,5.908773422241211,5
0.96632712,192.61795471,217.40410811,2.1,2.7,0.11067033,0.17001438,0.22343755,0.27358365,0.32363057,0.37268233,0.4185834,0.46277094,3
0.92112081,112.62109346,87.4012671,2.5,2.5,0.23186946,0.42035294,0.59721136,0.7567456,0.9006617,1.0309052,1.1495888,1.2565873,16
0.72117907,7.38085753,101.13070503,2.6,2.6,0.8607366,2.4637458,3.6410973,4.172085,4.3569193,4.4133844,4.4269085,4.433486,23
1.0,97.53962899,274.40627028,2.0,2.0,0.11834908,0.18464851,0.2463901,0.30427933,0.35826802,0.40737915,0.45232821,0.4939003,4
0.8955655430541631,16.335117593019955,0.6841115259500249,2.07590547061751,2.471253506738112,0.6774625778198242,1.7515299320220947,2.40812087059021,2.7747952938079834,3.017850637435913,3.202723741531372,3.3541481494903564,3.478459596633911,18
0.43221144,42.67840574,376.89274144,2.1,2.3,0.30013537,0.49430537,0.5332041,0.5398843,0.54690623,0.5530555,0.5586326,0.56340194,21
0.3591917365953604,6.596432123376208,0.0062373948267703,2.658285614242354,2.7385213075060526,1.2303121089935305,4.01801872253418,7.0598464012146,9.381437301635742,10.53692626953125,10.725175857543944,10.731412887573242,10.7366943359375,12
0.82547571,207.75978449,185.75211144,2.8,2.9,0.17574143,0.27161074,0.37014055,0.46738267,0.5546329,0.6368351,0.7144537,0.78745866,17
0.46041441,152.12250696,62.21121749,2.829127,2.61206508,0.40337038,0.86801147,1.1851027,1.39124417,1.54460073,1.66392493,1.76394916,1.85089135,10
0.3337661597891165,113.24950635946398,0.025877571985851,2.4154765098803006,2.1744638336700297,0.5684890747070312,1.479644775390625,2.0115349292755127,2.2292797565460205,2.344285726547241,2.431092500686645,2.5102427005767822,2.5802133083343506,18
0.94737195,193.89544016,395.245516,2.2,2.3,0.07979894,0.11276698,0.13946557,0.15115547,0.16930413,0.18763113,0.20587087,0.22238445,11
0.58783216,167.7913294,385.90778434,2.4,2.4,0.14173317,0.17301631,0.20824313,0.23539114,0.2619357,0.28693175,0.30932307,0.33049273,11
0.92089341,119.51769501,84.12683986,2.70140827,2.09227991,0.19182134,0.33734584,0.47642398,0.6036787,0.71995592,0.82599068,0.92372751,1.01327848,16
0.5599283,111.0167567,308.05572695,2.6,2.6,0.2664492,0.44171858,0.55710363,0.6508572,0.7282469,0.79412365,0.8489661,0.8976002,17
0.40134655,84.82725237,301.62095951,2.2,2.1,0.29696202,0.51553464,0.6116774,0.6643529,0.70323706,0.7335286,0.76091075,0.7822752,21
0.71606385,167.00271456,357.53759382,2.6153983,2.51166989,0.14750481,0.19729042,0.24778652,0.29299068,0.33577394,0.37458134,0.41018987,0.44388127,4
0.37935805,123.51199577,278.99816393,2.4,2.1,0.28373504,0.48271012,0.5865972,0.6575208,0.71254253,0.7582216,0.79561925,0.8268423,21
0.8635923537028762,0.7268385640043923,0.0839854732353703,2.207371439024369,2.4351735250351387,1.1908776760101318,3.772991180419922,6.15432596206665,7.6067585945129395,8.277416229248047,8.582660675048828,8.78779411315918,8.942384719848633,12
0.62012608,177.09654087,395.0438059,2.6,2.5,0.14897323,0.18626761,0.2254765,0.26123762,0.29416943,0.3237388,0.35109806,0.37719488,4
0.84333347,57.04136623,92.82810084,2.70584313,2.3214182,0.36785603,0.77368569,1.08378601,1.3183291,1.50104785,1.64985347,1.77292895,1.87846446,10
0.3918540327386616,6.8517414978797175,0.1592439531099123,2.371177729944942,2.5158769151030578,1.1807589530944824,3.808154344558716,6.518614768981934,8.441576957702637,9.30411148071289,9.403448104858398,9.41453742980957,9.428993225097656,12
0.36207629,121.50575572,378.35966231,2.94831379,2.04664632,0.19620395,0.22415304,0.24178743,0.2512064,0.26060891,0.27005315,0.27881742,0.28686047,11
0.78490847,224.08665466,292.40545654,2.11632967,2.00937796,0.07731438,0.11375046,0.14164758,0.16276336,0.18825722,0.21143031,0.23300195,0.25464845,11
0.52286,230.92384377,346.05238565,2.3,2.7,0.12735724,0.15587258,0.18540883,0.20506167,0.22496605,0.24483347,0.26259136,0.2800405,11
0.52012286,142.57143961,396.16192162,2.5,2.5,0.18905568,0.23964453,0.2847581,0.32029533,0.35364103,0.38320184,0.40944386,0.43392682,4
0.94882698,257.8415504,52.20977924,2.6,2.5,0.1378758,0.22907639,0.31133318,0.39817405,0.48307395,0.56285,0.63887525,0.71287155,16
0.9060330932252576,172.70122853008496,0.0388795341190072,2.1595255306843173,2.7325378023752047,0.1856217384338379,0.3331620693206787,0.4756104946136474,0.6115012168884277,0.7389965057373047,0.858985424041748,0.970954179763794,1.0763936042785645,15
0.392694552105128,114.72011542302658,0.0088524661970145,2.892227585270292,2.077704022026017,0.507577657699585,1.261289119720459,1.7211284637451172,1.9462733268737795,2.093733310699463,2.2053427696228027,2.302159309387207,2.3864989280700684,18
0.32510349,39.87284851,211.15629578,2.28878164,2.24083543,0.55398822,1.42601466,1.92094731,1.97191358,1.97304273,1.97367406,1.97393441,1.9740541,1
0.6178265,200.72954272,168.42902779,2.59585717,2.82166238,0.22499871,0.36617398,0.49573183,0.61193633,0.71597266,0.81084657,0.89764333,0.9772234,17
0.8862147201472715,28.565864812283003,0.009510180395583,2.396854873118932,2.4267614216545264,0.561267614364624,1.3623509407043457,1.893959283828736,2.229489088058472,2.471798181533813,2.6633388996124268,2.821764707565308,2.9566686153411865,18
0.3293303411651049,145.49545062659857,376.2056185925717,2.17145562,2.0190711,0.1594719886779785,0.1726717948913574,0.1859896183013916,0.1962463855743408,0.2067470550537109,0.2161660194396972,0.2247140407562255,0.2326974868774414,11
0.37858307,225.10756637,281.68406519,2.0,2.3,0.13165092,0.15580034,0.17877364,0.19719672,0.2170775,0.2354219,0.25224805,0.26842427,11
0.33457496,59.33691609,46.61797855,2.67240074,2.59943122,0.80197501,2.28800058,3.36821318,3.82624626,3.96621037,4.01292753,4.04446459,4.07252645,23
0.8436113,189.31222534,367.3918457,2.30327988,2.85168052,0.12192822,0.17300296,0.21954179,0.26782322,0.3141737,0.35650849,0.3958869,0.43377352,4
0.3303594064939346,1.7351398904215998,0.0062494890875422,2.082220171714704,2.0718639401511,1.176025629043579,3.868619680404663,6.8777360916137695,9.415937423706056,10.487956047058104,10.498586654663086,10.50446319580078,10.50943374633789,12
0.53372156,88.97972115,94.14393378,2.73028574,2.13765289,0.40345716,0.87817073,1.18815827,1.37307715,1.50618196,1.60647416,1.69162011,1.76499724,20
0.79831925,234.65696001,100.81198781,2.9,2.0,0.14201903,0.23893547,0.33188677,0.42212868,0.5080948,0.59047604,0.6679151,0.741585,16
0.4672545519491199,26.752495445289817,69.79169554169411,2.2327953671857568,2.7369034376714034,0.8107709884643555,2.4195055961608887,3.624434947967529,4.144022941589356,4.2886061668396,4.336538791656494,4.365413188934326,4.391994953155518,23
0.6035436830217711,3.105518017418881,0.0972770476795438,2.059818476859949,2.782023215211237,1.172679424285889,3.798331022262573,6.401819229125977,8.092552185058594,8.788092613220215,8.969286918640137,9.035454750061035,9.092945098876951,12
0.80757217,248.80902284,115.9469397,2.5,2.6,0.14442539,0.23140001,0.3133304,0.39497232,0.47256875,0.5458088,0.61498094,0.68118906,2
0.44922477,160.50299072,188.59292603,2.0516994,2.49657822,0.26272726,0.45731544,0.59538436,0.70514297,0.79450011,0.8713975,0.93738174,0.99485803,17
0.31269589,164.02386475,133.38667297,2.0727911,2.05770564,0.3147676,0.58603358,0.73468947,0.82295442,0.88882732,0.94185472,0.98726511,1.02688551,21
0.7662154893254551,2.623440992628174,0.0082356238907692,2.9390209560720826,2.3089590380829508,1.1421208381652832,3.405487060546875,5.217487335205078,6.200294494628906,6.69388484954834,7.080199241638184,7.426473617553711,7.696354866027832,5
0.77950093,79.77132081,101.73310063,2.7,2.7,0.36848402,0.76530266,1.071415,1.310653,1.5015571,1.6580579,1.788605,1.9019663,10
0.3154146597793515,273.7319475695559,340.5318278068924,2.1,2.8,0.1643776893615722,0.1936321258544922,0.2248988151550293,0.2507336139678955,0.2755575180053711,0.2987534999847412,0.3197205066680908,0.3395020961761474,11
0.4179582089517131,207.43339611641585,382.7920493931044,2.4,2.0,0.1100270748138427,0.1252052783966064,0.1371026039123535,0.1390881538391113,0.1477632522583007,0.1547551155090332,0.1619544029235839,0.1678290367126464,11
0.8458827448595979,44.96942536469944,0.2076326521757604,2.668438139925285,2.2010998099990777,0.4600589275360107,1.049853801727295,1.4764890670776367,1.7740230560302734,1.9988040924072263,2.180259227752685,2.3317737579345703,2.4615917205810547,18
0.75050692,28.42582262,74.51626254,2.7,2.8,0.6472094,1.6979299,2.393611,2.7479782,2.951571,3.0987968,3.2111769,3.3054037,23
0.45107066,84.92026092,317.19391426,2.67305647,2.65776778,0.36164498,0.71784091,0.91097116,0.9997344,1.05570698,1.1000936,1.1359036,1.165663,21
0.82041153,45.61495547,353.22647537,2.6,2.4,0.28388453,0.50886536,0.65817595,0.7665403,0.8493426,0.913522,0.9655254,1.0074766,10
0.3304558619340035,5.260092856533363,4.029396934482324,2.9702127,2.56306744,1.239769458770752,4.04617977142334,7.14805793762207,9.64922332763672,10.947911262512209,11.024944305419922,11.028494834899902,11.031573295593262,14
0.6530619,236.4905686,291.11816962,2.9,2.2,0.1398375,0.19888091,0.25753546,0.31388426,0.36752462,0.4168613,0.46340704,0.50729084,4
0.6521615751192651,2.7401561216373627,0.0477443785984797,2.1267292812920884,2.701105864943385,1.1709792613983154,3.7473294734954834,6.215597152709961,7.73493480682373,8.366211891174316,8.578742980957031,8.682162284851074,8.765253067016602,12
0.3,2.1736400756621994,0.2191017867273424,2.78827691,2.97677898,1.3096117973327637,4.427482604980469,8.165160179138184,11.587797164916992,13.84476375579834,13.898247718811035,13.90398120880127,13.908953666687012,13
0.88835073,298.55858148,333.8321242,2.7,2.6,0.1325624,0.14401484,0.16477227,0.20602179,0.24605751,0.27703786,0.30784845,0.338094,11
0.792462969960408,4.285654354545138,0.0296489934727904,2.891713988297248,2.722063718483774,1.1128835678100586,3.305105209350586,5.018010139465332,5.924668788909912,6.39362382888794,6.745205402374268,7.027402400970459,7.238782405853271,5
0.49048078,112.090271,326.48086548,2.15464163,2.09871626,0.18829799,0.24851918,0.29601049,0.3351593,0.36874247,0.39775538,0.42340112,0.44671559,4
0.5857761638824067,2.842670184366712,0.0094099919208879,2.117825239916169,2.6762767428277723,1.177349090576172,3.822882890701294,6.489947319030762,8.26479434967041,9.02012538909912,9.174386024475098,9.224587440490724,9.275975227355955,12
0.4056629028247521,297.8729458779917,289.8609777268001,2.8,2.3,0.1331651210784912,0.1598293781280517,0.1876821517944336,0.2080738544464111,0.2303061485290527,0.2510087490081787,0.2683115005493164,0.2865769863128662,11
0.50214999,148.37612676,347.762177,2.2,2.2,0.15886092,0.19612432,0.23342443,0.2640314,0.292511,0.31830072,0.34208488,0.36330318,4
0.48088937,227.22815158,380.49915343,2.3,2.7,0.12616539,0.14844084,0.17163539,0.18320417,0.19670057,0.21096063,0.22247863,0.23295379,11
0.7776284755181287,88.81272218219054,0.9972707323381836,2.016997885294936,2.594018217662371,0.3403971195220947,0.7045445442199707,0.9989972114562988,1.2382433414459229,1.4343667030334473,1.6007797718048096,1.743577241897583,1.8674821853637693,8
1.0,25.80841413454801,375.5738939933382,2.3,2.7,0.2987899780273437,0.5699563026428223,0.7551298141479492,0.8854572772979736,0.9803531169891356,1.0523743629455566,1.1079468727111816,1.1508357524871826,10
0.34814359,231.49005825,81.65847912,2.9,2.8,0.37888694,0.7734375,1.0343156,1.2048743,1.3327022,1.4354534,1.523674,1.6009293,10
0.33261836,8.57721329,49.58821487,2.89112234,2.149266,1.04745984,3.07838821,4.83467054,5.78274584,5.96478605,6.03538561,6.07453012,6.08158445,7
0.31559819,180.01683044,148.76875305,2.37766719,2.70112348,0.3865149,0.82599044,1.08717084,1.2146306,1.29869199,1.36817956,1.42597723,1.47609258,21
1.0,163.14475914515043,400.0,2.005,2.005,0.0675001144409179,0.0956165790557861,0.1173431873321533,0.1270725727081298,0.143913984298706,0.1583783626556396,0.1723330020904541,0.1861703395843505,11
0.54969828,94.95927718,15.72160743,2.3,2.8,0.46350718,1.0676003,1.4680543,1.7130909,1.8842592,2.0188255,2.1351638,2.2324047,19
0.74623712,281.98883693,340.41813649,2.0,2.8,0.07789254,0.10968113,0.12714267,0.13189387,0.14558387,0.16237903,0.17842269,0.18946195,11
0.4049551113653225,16.101834376236837,0.0225808253240472,2.806752722945536,2.143634129303922,1.0336906909942627,3.0816845893859863,4.731876373291016,5.5712432861328125,5.873218536376953,6.052804946899414,6.186306953430176,6.2790632247924805,5
0.33401651,120.98069662,18.8611921,2.1,2.7,0.52693176,1.2990859,1.7418649,1.9209082,2.0245926,2.1028736,2.1684973,2.2310808,0
0.7398260495962794,3.679767530830433,0.0420924359022229,2.1849522119852325,2.486214124364752,1.0906178951263428,3.2874979972839355,5.022872447967529,5.915304660797119,6.323510646820068,6.5638346672058105,6.750820636749268,6.8791584968566895,5
0.87866008,13.37210751,7.64024115,2.07162118,2.32015848,0.72272682,1.86252475,2.54057956,2.89794278,3.11810994,3.28123021,3.40941978,3.51432538,22
0.5667425800641099,16.06022643198393,0.6141597224268982,2.9534887808473287,2.156845634088474,0.9281659126281738,2.608585357666016,3.758477210998535,4.321516036987305,4.642804145812988,4.875189781188965,5.040065765380859,5.156719207763672,5
0.81969893,268.57557776,303.01097787,2.2,2.4,0.08457875,0.12365532,0.15469861,0.1740222,0.19850469,0.22429538,0.25036907,0.2745509,11
0.45361611,126.84886932,188.83781433,2.69352293,2.10253096,0.28253841,0.49461174,0.62935996,0.72930503,0.80823469,0.87249899,0.92719841,0.97314453,17
0.80210541,129.17503229,44.70309592,2.8,2.8,0.29328942,0.55413604,0.78461075,0.98779964,1.1656723,1.3234076,1.4628358,1.5865788,9
0.7695879075859714,1.3385140664607411,0.0035293899053319,2.096375222611038,2.470810045727779,1.1658146381378174,3.690740823745728,6.022638320922852,7.415940284729004,8.028339385986328,8.278543472290039,8.435815811157227,8.56037425994873,12
0.34212655,165.63860664,102.32353291,2.80202527,2.0961607,0.34291339,0.66862226,0.86175513,0.97979355,1.06676221,1.13668704,1.19575143,1.24564934,10
0.8805185,52.84950429,178.28820726,2.8,2.7,0.3700347,0.7728512,1.0786364,1.3114374,1.4918945,1.6367509,1.7556379,1.8565433,10
0.31639032,282.84381289,185.43661375,2.9,2.3,0.2483859,0.39042115,0.486701,0.5692637,0.6404674,0.7038448,0.759768,0.8103974,17
0.95433551,85.89865875,277.8918457,2.09865999,2.0479579,0.13690591,0.21178198,0.28117681,0.34434128,0.40195727,0.45369959,0.5005641,0.54321146,4
0.6926761429144719,3.036276632434997,0.014334533412598,2.064116119244282,2.684093594871979,1.1369850635528564,3.570985078811645,5.7600202560424805,6.999613761901856,7.503127098083496,7.720883369445801,7.844409942626953,7.947283744812012,5
0.648303478837046,4.180994409638227,0.2103364627167082,2.014316975459158,2.771100609154656,1.1197960376739502,3.54236364364624,5.747431755065918,7.0129170417785645,7.511868000030518,7.689418315887451,7.797353267669678,7.8723883628845215,5
0.6264372569015896,0.8542303554677643,0.1783902173540972,2.5067368411852686,2.954819100747655,1.2846338748931885,4.294029235839844,7.732941627502441,10.527645111083984,12.148404121398926,12.255502700805664,12.26555347442627,12.273889541625977,12
0.8834177,136.9641171,169.94572418,2.8,2.3,0.19151759,0.3267455,0.4577148,0.5783284,0.6887622,0.79069495,0.884835,0.9719024,17
0.5708752462574604,214.76756715889755,0.139070750408405,2.5681545033232283,2.6865274858911783,0.2828371524810791,0.5228936672210693,0.7272369861602783,0.904693603515625,1.0591742992401123,1.1954448223114014,1.316143035888672,1.4242589473724363,8
0.72586392,299.49502677,159.44245603,2.1,2.7,0.10408163,0.15625453,0.20080566,0.24092078,0.28287172,0.32443404,0.3643968,0.40206194,2
0.56168615,294.03421472,229.14546568,2.4,2.7,0.13257933,0.18041992,0.22763681,0.26982045,0.31125307,0.35019922,0.38576984,0.4204743,3
0.87237713,138.46060848,144.24800213,2.57190098,2.87784815,0.22645307,0.3924396,0.55085325,0.69591427,0.82765317,0.94825935,1.05888987,1.16034865,17
0.78624456,75.69847105,363.01083298,2.7,2.3,0.22611117,0.36360526,0.47273755,0.56345725,0.6407018,0.7068305,0.76353717,0.813638,17
0.4531546640464229,6.854427451187142,0.5058360717023025,2.5451799059141487,2.001485699431812,1.0902576446533203,3.3351945877075195,5.339598178863525,6.500912666320801,6.9530229568481445,7.111233711242676,7.220629692077637,7.305455207824707,5
0.39114073,282.12177043,119.93526815,2.3,2.5,0.19404602,0.28255606,0.3644712,0.4349053,0.4980812,0.5560515,0.6086209,0.65678406,2
0.950183515165677,3.9589186836783705,0.1856034183844832,2.2452797984288853,2.5717640515118068,0.9762494564056396,2.7753055095672607,4.011175155639648,4.63967227935791,4.9888916015625,5.240727424621582,5.435024261474609,5.588576316833496,5
0.9654177,63.47345568,162.87875464,2.6,2.3,0.27328253,0.51995564,0.7318733,0.91303325,1.0682151,1.2026572,1.3185194,1.4185655,10
0.72551754,9.29902032,62.65420722,2.4,2.6,0.86510754,2.4098203,3.465401,3.9523442,4.1734285,4.284981,4.3502197,4.3868113,23
1.0,153.02843733,373.40568378,2.25924403,2.48171214,0.10645366,0.15223503,0.19535995,0.23281646,0.27032995,0.30592704,0.3397522,0.37171578,4
0.30510954,295.47983284,161.88416055,2.5,2.1,0.20521331,0.29073405,0.36155725,0.42222214,0.47557306,0.5244167,0.56801534,0.60811234,2
0.60734689,213.10133836,173.62120149,2.2,2.1,0.14032507,0.2120378,0.2809484,0.3437724,0.40254617,0.4566772,0.50687623,0.55407953,3
0.73655519,116.12359852,33.45348982,2.2,2.9,0.2874763,0.556144,0.78179884,0.9736457,1.1369076,1.2779436,1.3996944,1.5079379,9
0.3597321006126975,4.877190868708733,0.0521725844137999,2.8501474562937297,2.39801674917423,1.2216875553131104,3.964340925216675,6.92734432220459,9.230326652526855,10.438604354858398,10.547739028930664,10.551717758178713,10.555060386657717,12
0.3768799,1.03039859,72.08815376,2.02959936,2.16926878,1.00256014,3.02065516,4.86329889,5.94440174,6.07990694,6.07990694,6.07990694,6.07990694,7
0.68771873,129.90533425,286.574252,2.0,2.6,0.1504128,0.20745683,0.26253295,0.3111534,0.35563612,0.3958974,0.4321766,0.46541166,4
0.94919163,58.15676498,56.2313385,2.6814003,2.04226351,0.29376388,0.58751011,0.83418059,1.04072118,1.2141695,1.36069202,1.48644066,1.59571886,9
0.8366371926500815,0.7362528187979364,106.62791964594749,2.3671722718735224,2.293077404533411,0.8886866569519043,2.679976463317871,4.168134689331055,4.864832878112793,4.97333288192749,4.99375057220459,4.99428653717041,4.994434833526611,23
0.75235361,13.36007404,29.22428322,2.28365326,2.42712235,0.8137579,2.21365857,3.09879804,3.51276088,3.72496009,3.85640454,3.9489553,4.02456474,23
0.95694435,59.8463974,71.59916687,2.64222479,2.10470819,0.28773332,0.56945467,0.8075161,1.00838494,1.17755246,1.32147932,1.44575644,1.55229092,10
0.72100934,276.32543747,332.20713227,2.48346276,2.840154,0.12702751,0.1615212,0.19458532,0.23920298,0.27979684,0.31495261,0.34983134,0.38275075,4
0.7912750575507225,2.8417138587654382,141.47244983933737,2.965086472888463,2.4120994213832603,0.8100168704986572,2.3640336990356445,3.5325608253479004,4.041576385498047,4.217159271240234,4.262824058532715,4.264449596405029,4.264464855194092,23
0.41247046,43.31161118,10.40029812,2.337852,2.42412972,0.83520985,2.35104465,3.38011885,3.80177879,3.96629286,4.03989983,4.0875144,4.12890291,22
0.32516145,194.48658296,392.76387455,2.2,2.7,0.16249013,0.17537236,0.19163084,0.19766617,0.20428014,0.21196938,0.2187593,0.2241695,11
0.87232405,176.04924001,384.00980752,2.1,2.4,0.08688951,0.11731744,0.14071584,0.15233684,0.17158341,0.18904805,0.20536351,0.22025204,11
0.59401703,61.69665851,169.56072937,2.7,2.0,0.43164062,1.015445,1.3832271,1.565886,1.6833017,1.7697039,1.8378096,1.8964002,20
0.7402688102583427,1.788329530575312,0.0376981294165771,2.75426034592579,2.1310247160073263,1.1494135856628418,3.48228120803833,5.471514701843262,6.587936401367188,7.113511085510254,7.448171615600586,7.724647521972656,7.977609634399414,5
0.64980549,288.54953003,2.41932273,2.22579575,2.07851863,0.13025832,0.2149291,0.29391313,0.36908889,0.44185185,0.51060677,0.57496309,0.63618279,2
0.6,60.0,300.0,2.0187624,2.0,0.24501109,0.39651155,0.48450041,0.54747081,0.59571099,0.6335566,0.66258478,0.68935585,21
0.7562089,254.62012254,211.01216496,2.9,2.7,0.15828633,0.23408341,0.3106768,0.3908689,0.46159863,0.52933216,0.5931113,0.6538346,3
0.6698225382358773,7.781210736812655,0.0244243289243517,2.7334679678681115,2.5846965072365387,1.0657992362976074,3.1632182598114014,4.782203674316406,5.600368499755859,5.991630554199219,6.265420913696289,6.470964431762695,6.632304191589356,5
0.57716018,15.46869559,98.5592537,2.2,2.5,0.7600372,2.0851417,2.9527812,3.2976818,3.406363,3.44072,3.458107,3.473981,23
0.73062268,282.36222866,263.02446238,2.4,2.0,0.08603025,0.12875128,0.16707277,0.1946454,0.22579646,0.25734258,0.28827596,0.31719232,11
0.41582812,197.27662862,243.61899208,2.4,2.6,0.22181654,0.32199025,0.39942908,0.46443105,0.5218904,0.57313824,0.61905813,0.6613085,17
0.4785711491784718,234.6832034363673,351.0766850937963,2.0,2.8,0.1393134593963623,0.1753878593444824,0.2158682346343994,0.2520244121551513,0.2844669818878174,0.3155384063720703,0.3449640274047851,0.372272253036499,4
0.65194412,240.83022028,240.22634829,2.4,2.5,0.13398266,0.18946362,0.24524808,0.29604602,0.34385943,0.38948274,0.432168,0.4724269,3
0.39303267,48.29117584,399.78424072,2.10541129,2.73101401,0.36752343,0.77694654,0.96244717,0.9764452,0.98046422,0.98434639,0.98812914,0.99144173,21
0.79881768,3.50363486,92.69691111,2.0,2.5,0.88105512,2.56594753,3.80355024,4.3207407,4.44385529,4.45864058,4.45885754,4.45988464,23
0.49641644,64.61897077,224.05796919,2.8,2.2,0.45351362,1.0981317,1.493422,1.6433153,1.7090495,1.7585926,1.7998099,1.8345995,1
0.59139339,73.6470595,84.97106185,2.52681697,2.90242095,0.51468968,1.29372597,1.81796503,2.10168457,2.28284168,2.420012,2.53441048,2.62995338,20
0.68329582,199.32538514,264.43036364,2.8,2.8,0.18281984,0.26735878,0.35377145,0.43391752,0.5053985,0.57185364,0.6332331,0.69064474,17
0.6171367227540645,30.29233154689316,38.14577554404202,2.664824874819312,2.791910144315385,0.76371169090271,2.1698899269104004,3.1289029121398926,3.5878920555114746,3.81264591217041,3.955892562866211,4.05980920791626,4.14331579208374,23
0.55233693,191.16477966,280.79071045,2.78479648,2.1168642,0.14245081,0.1845715,0.22783542,0.26499987,0.29855657,0.33067989,0.36076093,0.38824654,4
0.37578808,156.12230123,355.86485974,2.0,2.6,0.1623497,0.17977428,0.19789004,0.21129775,0.22352958,0.23312783,0.24314189,0.2523942,11
0.75268729,218.3842019,296.05483213,2.6,2.8,0.14581394,0.19530201,0.24899578,0.30540347,0.3571005,0.40342593,0.44791365,0.48977566,4
0.74456405,116.11997265,359.76829295,2.4,2.7,0.1746974,0.24126816,0.3060944,0.36027575,0.40965772,0.45381737,0.49356222,0.52969456,4
0.8253254253700963,1.0610834368226885,0.0276204423282984,2.723263654372317,2.153493150342448,1.1631078720092771,3.543153524398804,5.571490287780762,6.742959976196289,7.322361946105957,7.682050704956055,7.993808746337891,8.255460739135742,5
0.933577421211268,39.57908441692021,0.945288295679606,2.5998476613373205,2.175635924763428,0.4273672103881836,0.950064182281494,1.344379425048828,1.635443925857544,1.861088514328003,2.045685052871704,2.201108694076538,2.3349997997283936,18
0.5001438484261199,3.5845260545383035,0.0099782530938871,2.177774281963007,2.898721651328944,1.2053260803222656,3.984185934066773,6.996396064758301,9.218143463134766,10.283966064453123,10.48735523223877,10.494359970092772,10.500782012939451,12
0.8039937108667108,2.4775175482306646,0.0331113015295671,2.952232817584533,2.845339181491401,1.1970009803771973,3.664036750793457,5.776764869689941,6.980892181396484,7.563093185424805,7.940953254699707,8.282719612121582,8.554370880126953,12
0.62408246,37.40445367,154.42629107,2.29137265,2.63706142,0.55037332,1.41681194,1.95619369,2.17432475,2.27257991,2.34068274,2.39397025,2.44204307,0
0.49193156,53.27072906,397.38314819,2.6792922,2.82289982,0.38291979,0.79055333,1.00580597,1.0649333,1.088485,1.10834312,1.12476397,1.13862228,21
0.61954322,294.11610938,228.1837015,2.00357632,2.44885252,0.10119224,0.14711118,0.19038844,0.22608304,0.26369739,0.2994988,0.33425832,0.36721444,3
0.9420412661556063,245.6560535873309,381.2702611728595,2.3,2.1,0.0668337345123291,0.0971345901489257,0.1209795475006103,0.1254103183746338,0.1398906707763672,0.1549949645996093,0.1700499057769775,0.1830842494964599,11
0.4475099371610757,2.166998051858257,0.0167396134076677,2.8287932929804054,2.9279537733116774,1.2953178882598877,4.312688827514648,7.787408828735352,10.704503059387209,12.390034675598145,12.456296920776367,12.463438034057615,12.469655990600586,12
1.0,300.0,170.24972255,2.0,2.0,0.06585813,0.11063886,0.14938879,0.18055034,0.21469688,0.24694252,0.2796998,0.31202483,11
0.4870257922755928,0.93612397121931,0.7440057222555644,2.892257905997857,2.830379322824866,1.3068013191223145,4.380805015563965,7.981343746185303,11.188558578491213,13.15178108215332,13.211275100708008,13.217384338378906,13.22243881225586,13
0.5789503379636806,22.215706771559127,0.0138456159515038,2.511346459027475,2.7890615162723407,0.9208414554595948,2.709954738616944,4.021919250488281,4.646693706512451,4.928242206573486,5.1022233963012695,5.2172040939331055,5.316800117492676,5
0.76221569,91.202343,302.6168926,2.5,2.9,0.24100494,0.39661217,0.5194521,0.6239407,0.7130227,0.78979445,0.8572128,0.9160197,17
0.32205779,69.35353281,195.72562017,2.29400239,2.00212645,0.44364452,1.01672864,1.28403378,1.31809902,1.33395386,1.34807944,1.36071134,1.37184715,1
0.31289045,64.70517339,67.84055961,2.0,2.3,0.6418829,1.6819417,2.2837746,2.4597895,2.506326,2.538881,2.568689,2.5956361,0
0.93851764,78.29882933,247.77924433,2.6,2.8,0.24097323,0.4204576,0.5782907,0.7148886,0.8346832,0.939945,1.0326128,1.1151125,17
0.64923257,293.79061929,206.97683085,2.35565022,2.60380978,0.12364221,0.18068337,0.23390484,0.28440452,0.33439445,0.38165188,0.42546725,0.46832395,3
0.4989884,274.50829404,205.65329515,2.61101206,2.82331344,0.19181204,0.275424,0.35805154,0.43373322,0.50213575,0.56497049,0.62334156,0.67787766,17
0.82034257,38.37896539,295.34556008,2.59924959,2.77168436,0.37361574,0.78344369,1.06136155,1.23698378,1.35301423,1.43968749,1.50744081,1.56178403,10
0.46744776,236.03678217,147.13381838,2.6,2.9,0.24208403,0.38848042,0.5082483,0.6132207,0.70549345,0.7876103,0.86218405,0.92968845,17
0.5805718524938005,36.57985799763001,0.0057934340359079,2.18121774573981,2.887411794743899,0.7732024192810059,2.2382125854492188,3.2262425422668457,3.675639152526856,3.890123844146729,4.024059772491455,4.134210109710693,4.221472263336182,22
0.6175058462193258,147.38504171626272,0.0100144641956541,2.000873374377317,2.240457507524437,0.2679901123046875,0.5110068321228027,0.7141151428222656,0.8850197792053223,1.031365156173706,1.1577870845794678,1.2679524421691897,1.3665292263031006,8
0.7984763136445402,1.3667647950920756,0.2464094315546467,2.3095846724525604,2.194271687323796,1.145092487335205,3.500669479370117,5.492831230163574,6.614254951477051,7.13720703125,7.437857627868652,7.662546157836914,7.839388847351074,5
0.82160899,55.42526096,91.15601869,2.4,2.5,0.38678813,0.8278024,1.1561949,1.3956246,1.5791616,1.7276635,1.8485236,1.9513135,10
0.9364461019530176,29.616561185959696,370.4309693723889,2.4319694,2.08215928,0.2283289432525634,0.3635814189910888,0.4511110782623291,0.5151960849761963,0.5640566349029541,0.601806640625,0.6318836212158203,0.6549749374389648,17
0.80490943,177.2776884,4.94342608,2.92467124,2.03938099,0.18196034,0.3175056,0.44964838,0.57260489,0.6863234,0.79183674,0.88949609,0.98041177,15
0.32335539,97.5742101,370.78712008,2.8,2.2,0.33767033,0.6542058,0.7946565,0.83282495,0.85812855,0.8817098,0.90032554,0.9166181,21
0.3168748,87.99367438,302.41294338,2.7,2.2,0.40752697,0.92028165,1.2012615,1.2528739,1.2700543,1.2859044,1.2997642,1.3121295,21
0.6224830019225165,247.8357518698777,331.4380249080145,2.77730846,2.05666804,0.1003661155700683,0.1299419403076172,0.1534478664398193,0.1682667732238769,0.1845541000366211,0.2047078609466552,0.2230963706970214,0.2392621040344238,11
0.3,188.00525066281577,276.3249723811967,2.38175011,2.12169814,0.2146949768066406,0.286867618560791,0.332327127456665,0.3698883056640625,0.4025647640228271,0.4326529502868652,0.4591803550720215,0.4830183982849121,4
0.67305866,41.15182398,46.46272379,2.07438921,2.54715111,0.57378221,1.45975971,1.99239659,2.25857806,2.4224751,2.55075765,2.65114045,2.7381146,19
0.54348974,235.25606486,367.04429746,2.6,2.7,0.14432001,0.17677236,0.21046543,0.24310637,0.27324653,0.29911447,0.32443142,0.34827566,11
0.5045253690517122,81.33505728597127,20.584867046388503,2.5453164477763,2.7803932743884965,0.5969722270965576,1.591768741607666,2.2404680252075195,2.5520834922790527,2.734082221984864,2.866490364074707,2.9790658950805664,3.074071884155273,19
0.86790478,287.11761475,212.31864929,2.71925688,2.02006435,0.0873239,0.13352585,0.16605735,0.19417143,0.22810364,0.26209188,0.29380941,0.32382083,11
0.9171483,293.1042006,104.17259332,2.9,2.7,0.16160798,0.2250638,0.29676533,0.38411236,0.46264696,0.5368364,0.6086545,0.6784942,2
0.70111029,264.49570844,11.65080871,2.8,2.7,0.20000648,0.3322041,0.46267653,0.5868709,0.7010021,0.8081579,0.9079995,1.0018222,15
0.87610087,229.25729594,396.8055977,2.83174323,2.27010207,0.11302543,0.12637115,0.1512115,0.16566014,0.1866529,0.20636702,0.21985054,0.23615146,11
0.9289907991571223,5.133796986925585,4.09541786352862,2.7489407056161728,2.989310849846699,1.003861904144287,2.912546157836914,4.306828498840332,5.039230823516846,5.453920364379883,5.743402481079102,5.966700553894043,6.142512321472168,6
0.50712295,47.03978071,34.42147862,2.60381566,2.40408168,0.68839431,1.89000821,2.65943551,3.00977397,3.17966008,3.2971499,3.38696885,3.46164966,23
0.7465733853309379,277.73595068043085,302.4341877892649,2.4,2.0,0.0775258541107177,0.1100778579711914,0.1336572170257568,0.1447701454162597,0.1654860973358154,0.1857016086578369,0.2049884796142578,0.2229785919189453,11
0.46635703,252.77278067,201.8101942,2.9,2.6,0.22419786,0.33941698,0.4408126,0.5310104,0.61117077,0.68429065,0.75119114,0.81243515,17
0.33903489,53.46051098,5.19609209,2.97392714,2.66736891,0.9240427,2.67276239,4.01584053,4.66261339,4.90051889,5.01659822,5.07469082,5.11582088,22
0.66078424,158.79213978,394.24657674,2.6,2.2,0.14031124,0.1801951,0.22424126,0.25987005,0.29352283,0.3252523,0.3543446,0.3816371,4
0.5532942230240708,50.24783048415328,3.2272269367100272,2.4369788901568192,2.381689075549989,0.6659994125366211,1.7847514152526855,2.478992462158203,2.81298303604126,3.002068996429444,3.138444900512696,3.251988887786865,3.3478074073791504,22
0.6222000158747609,1.4971429603387796,0.0751555431179176,2.668841811264671,2.6135668750628,1.2458128929138184,4.048443794250488,6.994349956512451,9.108320236206056,10.144439697265623,10.398696899414062,10.422311782836914,10.436006546020508,12
0.3659124497000035,1.5019921118623538,2.248445949023358,2.2823236,2.10927129,1.180546522140503,3.8651540279388414,6.837606430053711,9.328875541687012,10.545287132263184,10.564276695251465,10.570578575134276,10.575830459594728,13
0.9956233107577016,208.87773385478005,393.481068058646,2.1,2.3,0.0716886520385742,0.1054317951202392,0.1340517997741699,0.1472244262695312,0.1660842895507812,0.1855342388153076,0.205280065536499,0.2231507301330566,11
0.49254972,154.00384521,68.83335876,2.0442059,2.67223215,0.33259106,0.67273235,0.9161036,1.09773397,1.23951125,1.35550523,1.45532584,1.53888106,10
0.7164583631443147,34.8885190499929,0.0548433204480187,2.427936130070374,2.7046183422917105,0.6724832057952881,1.7968456745147705,2.5146024227142334,2.8933804035186768,3.128783941268921,3.304505586624145,3.4456593990325928,3.570782423019409,22
0.3,165.82901867,145.21869582,2.0,2.0,0.29332662,0.5219357,0.64211202,0.71963525,0.7784667,0.82896876,0.87103009,0.90669203,21
0.61715162,5.6814537,28.09755516,2.00688481,2.03828168,0.98026133,2.77075148,4.00959587,4.53347778,4.71098757,4.79624653,4.83475924,4.85419083,23
0.91658104,89.62579451,184.94971854,2.8,2.1,0.22544551,0.40678573,0.57283354,0.7207105,0.8522093,0.9703553,1.075892,1.1703279,17
0.98479095,69.76943503,190.75351246,2.45213436,2.18108322,0.21764421,0.38513279,0.53599072,0.66731715,0.78276205,0.88457036,0.97453928,1.05491877,17
0.7276749123022058,5.724454206183289,0.0313518959208212,2.50281114132448,2.8001251378053413,1.088242769241333,3.2786965370178223,5.025919437408447,5.932632446289063,6.342947006225586,6.607465744018555,6.8150787353515625,6.966829299926758,5
0.619898,179.13859376,237.06365876,2.2,2.9,0.16931605,0.2430532,0.31771255,0.38051414,0.43833327,0.49137855,0.5400703,0.585515,3
0.66491924,275.81410138,302.71641788,2.1,2.8,0.09232736,0.12598276,0.15035677,0.16542554,0.18356466,0.2048707,0.22540879,0.24304509,11
0.97520144,200.2498655,161.31193296,2.3,2.3,0.11325931,0.18711877,0.25456214,0.31774163,0.3805635,0.44159746,0.4992051,0.5546925,2
0.68316293,38.86923113,93.27767658,2.3,2.5,0.5259931,1.2790253,1.7446208,1.9848266,2.1289334,2.241303,2.3299093,2.4031692,20
0.70340949,127.11033544,376.00617339,2.9,2.7,0.21363616,0.3127129,0.40097213,0.47793365,0.5452421,0.60605264,0.6605754,0.71036243,17
0.7758107963152787,48.300290024615215,122.92408350840653,2.6,2.1,0.369983434677124,0.7955570220947266,1.0981450080871582,1.307093620300293,1.4622881412506104,1.5848753452301023,1.68578839302063,1.7689669132232666,10
0.99145306,145.0959114,378.30077364,2.89309914,2.42430417,0.13801265,0.17035127,0.21360588,0.25525522,0.29677963,0.33269548,0.36646867,0.39887071,4
0.39344314,263.75025714,261.8520104,2.20533702,2.34638799,0.14713645,0.182657,0.22197342,0.25344419,0.28355169,0.31210804,0.33912373,0.36402702,4
0.333404,175.07891846,12.93408012,2.43398762,2.22181344,0.42356873,0.94438338,1.25459719,1.41355181,1.52273369,1.61145639,1.68431425,1.74806786,18
0.9960753763118224,1.4305449547649358,0.0035253407671295,2.1983671395524187,2.506460634301153,1.0951766967773438,3.230587959289551,4.8153839111328125,5.644042491912842,6.101243495941162,6.4219841957092285,6.672379970550537,6.862959384918213,5
0.70374652,5.16886624,48.44331547,2.74848607,2.3845505,0.96870518,2.85605812,4.28837109,4.98499107,5.27875519,5.44856453,5.55969524,5.61343002,7
0.6317614169033193,20.86958423571385,0.3636840433959457,2.857630218591394,2.243835954307608,0.8263368606567383,2.258760690689087,3.189863920211792,3.6688601970672607,3.946280241012573,4.1401777267456055,4.28414249420166,4.395323753356934,22
0.87270832,235.53538649,354.10255301,2.23719748,2.38729885,0.08459115,0.12345886,0.15632939,0.1776228,0.20223522,0.2267158,0.25160336,0.27509093,11
0.63259697,250.05786133,357.03076172,2.12688875,2.26293039,0.08722281,0.11515832,0.14058614,0.15185523,0.16839767,0.18481278,0.20141721,0.21658754,11
0.7761483,121.61266948,370.78372507,2.9,2.9,0.21295428,0.3132267,0.40793657,0.4905691,0.56342006,0.6293895,0.68886685,0.74305844,17
0.7405067020395416,56.65941063395387,0.1245899744766794,2.155890994164012,2.2567693861232514,0.4556105136871338,1.0406243801116943,1.4404902458190918,1.7099065780639648,1.912666082382202,2.074891328811645,2.2091314792633057,2.327115774154663,18
0.72498512,210.36585999,123.68787384,2.29882717,2.19000053,0.14192057,0.22716045,0.30990696,0.38660073,0.45946288,0.52725363,0.59058952,0.65024686,2
0.83657092,76.97525024,126.01747894,2.13908482,2.03434849,0.23410606,0.42985201,0.59654331,0.73845077,0.85937738,0.9644115,1.05557656,1.13610792,16
0.45092661,87.86731689,35.17773538,2.8,2.4,0.6028969,1.6068428,2.2481515,2.521901,2.6610067,2.7605526,2.844525,2.9212282,19
0.55874276,196.03934019,330.9754229,2.2,2.3,0.12255788,0.15416098,0.18651104,0.21116996,0.23693895,0.26136947,0.2846861,0.30552626,11
0.35384135,17.13163578,55.24239476,2.4,2.8,0.9968679,2.9230766,4.495873,5.2905235,5.486511,5.563941,5.5871706,5.5920916,7
0.9957108,104.9976455,218.00180734,2.15129085,2.13173821,0.14206314,0.23320675,0.32109499,0.40190077,0.47681332,0.54601431,0.60971713,0.66877079,3
1.0,107.76939577,400.0,2.0,2.0,0.08472204,0.11536837,0.13741183,0.15409088,0.17402124,0.19107509,0.20705318,0.22231722,11
0.71837617,234.43507648,217.29395197,2.0,2.5,0.10562706,0.15281463,0.19396305,0.23095036,0.27165818,0.30916882,0.34428787,0.3778391,3
0.501014739281487,42.77760589306083,383.6301674665227,2.95513844,2.11120701,0.2953603267669678,0.502988338470459,0.5631303787231445,0.5835328102111816,0.6001062393188477,0.6137499809265137,0.6249399185180664,0.6343798637390137,21
0.45308153,224.81995081,299.49870339,2.6,2.8,0.19187951,0.2526188,0.31043196,0.36034393,0.4057057,0.4462371,0.4840436,0.51896644,4
1.0,246.14488594,169.78909332,2.0,2.0,0.07550764,0.12635922,0.17108822,0.20997119,0.25092316,0.29026556,0.32903552,0.36664462,3
0.48954535,264.04364014,169.8943634,2.07858038,2.39221668,0.1514461,0.21831846,0.28486061,0.34486294,0.40004158,0.45093775,0.49826503,0.54246306,3
0.74773519,88.03803955,350.49282344,2.4,2.3,0.19184017,0.28186464,0.36140537,0.4274993,0.48477483,0.53473926,0.5795095,0.61851144,4
0.778710824806956,6.224636191096533,0.2306432990156424,2.277951861779306,2.374939753950322,0.9876697063446044,2.8312089443206787,4.110054016113281,4.742033004760742,5.074450492858887,5.301149368286133,5.462061882019043,5.590163230895996,5
0.68672431,80.14716339,123.52304077,2.61595821,2.00167513,0.30006313,0.58010077,0.79008675,0.9527688,1.08131981,1.18677878,1.27609944,1.35037494,10
0.7406129945885173,178.81354104060912,0.083553988560593,2.563217015124457,2.9921764370525663,0.2726180553436279,0.5001263618469238,0.7103731632232666,0.8990092277526855,1.0679192543029783,1.2204327583312988,1.3574845790863037,1.482245683670044,8
0.92939105,144.03512045,343.98403944,2.2,2.5,0.11429191,0.15961862,0.20292425,0.24015832,0.27701378,0.31186748,0.34497523,0.37591887,4
0.58605775,204.86867075,237.88566708,2.30205889,2.19114096,0.13946342,0.19541192,0.25151682,0.30123615,0.34837389,0.39191794,0.43203807,0.46937799,3
0.76831046,174.39641107,367.1730078,2.8,2.3,0.13535166,0.18693304,0.23908424,0.28891873,0.3351233,0.3778684,0.41750932,0.45512128,4
0.55754703,58.31698158,300.0,2.0,2.13913947,0.28526402,0.50105357,0.6149509,0.68206835,0.73002052,0.76634145,0.79470325,0.8209784,21
0.4250183331228239,3.2945667017223115,0.0129681122231879,2.928958990068632,2.020562770942505,1.1654257774353027,3.7009177207946777,6.285804271697998,8.188913345336914,9.091300964355469,9.155075073242188,9.165035247802734,9.18086051940918,12
0.37249472,252.75783819,175.40276064,2.9,2.4,0.26329255,0.43563128,0.55704117,0.6597316,0.7478316,0.8253238,0.8933077,0.95465636,17
0.5943509271304392,5.057220869903986,0.0049903595612786,2.380884359433887,2.797973999850499,1.162353515625,3.657602548599243,5.981088638305664,7.349015235900879,7.902965545654297,8.098973274230957,8.229750633239746,8.327739715576172,12
0.68994585119005,53.98771497754037,0.0194512051932433,2.884341979741315,2.2540290193805634,0.5329251289367676,1.297379493713379,1.8123555183410645,2.122725486755371,2.3418188095092773,2.513767719268799,2.658964157104492,2.7819175720214844,18
0.62262167,6.32221747,63.09524064,2.57298406,2.75689194,1.02386355,3.05280137,4.740798,5.63084507,5.89454079,5.987854,6.01914024,6.02677536,7
0.3127330664330748,1.4941832994884678,91.20717066369852,2.001912284588621,2.091376705423101,0.8939597606658936,2.751856803894043,4.407634258270264,5.3272385597229,5.45028018951416,5.45048713684082,5.450619697570801,5.450752258300781,7
0.6303163627015962,29.160237195190405,42.81664602893225,2.766107829152042,2.609257221370504,0.7377114295959473,2.049981117248535,2.923701286315918,3.347166061401367,3.5692105293273926,3.709988594055176,3.819941520690918,3.90730619430542,23
0.809822087128619,9.092533042801868,0.228388318695314,2.104408909521084,2.8855873850441087,0.916090488433838,2.694480657577514,3.9531538486480713,4.555182456970215,4.848445892333984,5.039583206176758,5.172964096069336,5.297065734863281,5
0.3,208.14762388,395.78903345,2.53333065,2.93839705,0.24171662,0.32168722,0.35798478,0.39095879,0.41906714,0.44610953,0.46995378,0.49209023,4
0.3028696269663685,270.3147946809232,264.4569753912844,2.3,2.4,0.178229808807373,0.2191865444183349,0.2595677375793457,0.2918293476104736,0.3220014572143554,0.3500247001647949,0.3756811618804931,0.3996028900146484,4
0.8834511768291672,4.419376049057249,117.56108487465632,2.757793616945427,2.5189051329769616,0.800562858581543,2.2960500717163086,3.3567886352539062,3.8522324562072754,4.065139293670654,4.155718803405762,4.188889026641846,4.204970359802246,23
0.9673266,36.75007423,179.89603823,2.8,2.9,0.40629816,0.8819771,1.2402592,1.5003219,1.6961937,1.8490872,1.9727378,2.0747972,20
0.77202611,94.4250648,249.63714076,2.6,2.7,0.25631356,0.44744158,0.60172534,0.73273945,0.84502006,0.94208956,1.0263152,1.0993257,17
0.70255074,262.66992635,149.42348763,2.0,2.4,0.10645699,0.16176367,0.21078396,0.25609303,0.30404162,0.34857178,0.39042854,0.4308412,2
0.55324042,178.33686191,290.73179504,2.71117718,2.16668844,0.15485477,0.20243812,0.25100327,0.29131961,0.32872438,0.36331415,0.39554143,0.42499185,4
0.7312349272073225,25.64926867045511,0.0070472109773646,2.618819018810136,2.1423313937817525,0.6735250949859619,1.7344839572906494,2.395214319229126,2.758289098739624,2.990802049636841,3.1650712490081787,3.302006959915161,3.424387216567993,18
0.95980675,29.65796284,61.20161333,2.0,2.3,0.40156698,0.8713012,1.2135658,1.4583752,1.6430554,1.790056,1.9110448,2.0145028,19
0.75467806,161.3967527,298.92254094,2.0,2.6,0.1173749,0.15986657,0.19938421,0.2336886,0.26846075,0.3002317,0.33040357,0.35817528,4
0.3971413055623131,5.717129812670675,29.071183749334622,2.37443233,2.04049349,1.0290935039520264,3.168879270553589,5.137825012207031,6.313456535339356,6.680605888366699,6.70953369140625,6.720455169677734,6.725861549377441,7
0.4638666407065557,129.767736410138,0.7851457989910219,2.7687973575305427,2.3283136071379475,0.4529438018798828,1.059556484222412,1.461033821105957,1.6992926597595217,1.865396976470948,2.0022668838500977,2.111330032348633,2.2096476554870605,18
0.44435929,158.04089338,78.13670002,2.29318262,2.21637446,0.31529188,0.60405111,0.80168581,0.94949293,1.06440353,1.15743065,1.23778892,1.30650496,10
0.89461819,17.23316531,234.14582332,2.18368374,2.85090747,0.49077582,1.22122049,1.69627166,1.91393995,2.01341963,2.07384396,2.1174159,2.15176392,1
0.38718762,105.91375271,392.34831217,2.9,2.4,0.3136084,0.559752,0.6684828,0.72725105,0.77049613,0.8072007,0.8380339,0.8646784,21
0.6077714000935077,212.8862535685525,0.0672687032082189,2.224073396694421,2.154805939141431,0.1974055767059326,0.3415031433105469,0.4765193462371826,0.5983963012695312,0.708622932434082,0.8092296123504639,0.9015581607818604,0.9859051704406738,15
1.0,23.1462822,400.0,2.0,2.0,0.19501758,0.27501678,0.32271051,0.35643888,0.38127398,0.39944673,0.41206121,0.42213321,4
0.74243945,14.92481136,7.63573742,2.2704947,2.67944384,0.85771275,2.39313245,3.39830089,3.8735683,4.11039734,4.27065086,4.37478638,4.47314167,22
0.60024139,127.69143611,4.821761,2.8,2.2,0.38089752,0.8143921,1.1354423,1.3753955,1.5632796,1.7179916,1.8491287,1.961154,9
0.96481726,97.8677305,122.76516184,2.1729348,2.41255082,0.20040727,0.35986042,0.50944662,0.64572072,0.76921678,0.88161874,0.98429561,1.07752299,16
0.9420280705954316,105.1678176588782,0.0176058076206582,2.8862660538713967,2.9082660562135825,0.3162763118743896,0.6106078624725342,0.8785140514373779,1.116546630859375,1.3261537551879885,1.5121221542358398,1.677039623260498,1.8240995407104488,8
0.88806524,68.57398287,397.62949069,2.8,2.4,0.21373487,0.3331561,0.43295336,0.51727605,0.59037256,0.6535032,0.7085192,0.75652456,17
0.96731755,54.15470769,98.97820184,2.07022482,2.63759007,0.31722856,0.64144301,0.911412,1.13531947,1.32135272,1.47774005,1.61110878,1.72651362,10
0.8023217559650162,1.361567987074781,0.0561960810239998,2.0043796692500533,2.840794387686864,1.1721642017364502,3.7616991996765137,6.221787929534912,7.715539455413818,8.379190444946289,8.657299041748047,8.812005996704102,8.931463241577148,12
0.6754297268837145,1.189465893229772,0.5369813995731906,2.5826714802226216,2.979243645848204,1.2720279693603516,4.183538436889648,7.332855224609375,9.631444931030272,10.77999496459961,11.030451774597168,11.049782752990724,11.066805839538574,13
0.5572857663850574,1.5250282776468107,56.62037082599049,2.5639122304579085,2.055459108738693,0.9990711212158204,3.08139443397522,4.985904693603516,6.134745597839356,6.4548749923706055,6.460709571838379,6.463859558105469,6.464841842651367,7
0.3186442830468106,2.150175696579988,5.47165493663825,2.6226230038287075,2.31601309292729,1.2212185859680176,4.015791416168213,7.169264316558838,9.86861801147461,11.474153518676758,11.534255981445312,11.537729263305664,11.540782928466797,14
0.69408223,294.26267565,261.94328837,2.1,2.3,0.08031082,0.11628699,0.14451742,0.1610012,0.18596888,0.20946932,0.23176575,0.25338435,11
0.5475461606066412,19.52748076732972,0.0089894098823716,2.2260478428912465,2.8212767014989684,0.9564285278320312,2.8885598182678223,4.393014430999756,5.105014801025391,5.372776508331299,5.507724285125732,5.605916500091553,5.682547569274902,5
0.6843000613407135,1.725578748668128,0.0072766751523969,2.569874932056813,2.268662570076223,1.182368278503418,3.701737642288208,6.045027732849121,7.496835708618164,8.10707950592041,8.350686073303223,8.530484199523926,8.677407264709473,12
0.35709634,76.65722656,140.23773193,2.56578922,2.31613827,0.54263425,1.385113,1.88155437,2.02159238,2.06358886,2.09757781,2.12832761,2.15624881,0
0.3054343194720443,177.1723127405714,366.1156947532312,2.5924771,2.22766944,0.1909675598144531,0.2189669609069824,0.2417829036712646,0.2575545310974121,0.2724795341491699,0.2866528034210205,0.29962158203125,0.3114726543426513,11
0.82020982,117.70607629,37.4455425,2.6,2.4,0.2725277,0.515362,0.73176837,0.9214773,1.0885472,1.2370601,1.3675241,1.4841695,9
0.5543517931244231,11.02641625282942,2.848247921398236,2.9297297,2.66079378,1.0851004123687744,3.279018878936768,5.078880310058594,6.017448902130127,6.41912317276001,6.66348123550415,6.854049205780029,6.997486591339111,6
0.8894103704382116,1.645127739507963,50.81149897612468,2.8883260152973245,2.667201543460972,1.0526201725006104,3.1770410537719727,4.928697109222412,5.860363483428955,6.248012065887451,6.472289562225342,6.618546962738037,6.702188968658447,7
0.3021102779735541,77.20821749564298,0.0054840522975513,2.7847459421772607,2.322502697958171,0.7707934379577637,2.193613052368164,3.177245616912842,3.6018943786621094,3.778912544250488,3.869063854217529,3.930872440338135,3.97994327545166,22
0.9203645449051052,5.402124276543894,0.0467443673182578,2.973926400583278,2.0880656976446,0.8923962116241455,2.359917163848877,3.305807113647461,3.856752872467041,4.233785629272461,4.518086910247803,4.736052513122559,4.907934665679932,22
0.502211004206526,128.53947886668007,0.0036108903750502,2.08164345394711,2.1545025960143964,0.3704290390014648,0.792752742767334,1.0784461498260498,1.2766070365905762,1.4271667003631592,1.5512747764587402,1.6516108512878418,1.7424228191375732,8
0.72131985,89.2373379,153.6506047,2.9,2.8,0.366987,0.7528093,1.0444441,1.2689133,1.4467673,1.5931296,1.7149477,1.816813,10
0.95252929,39.40133407,319.44072619,2.2,2.3,0.23295188,0.392843,0.51313305,0.60865045,0.6844857,0.74558616,0.79450727,0.8361521,17
0.7617327,115.4532658,230.89440235,2.13570073,2.14318263,0.16801214,0.26456714,0.35591555,0.43557978,0.50670624,0.57140422,0.62959313,0.68220425,17
0.56487146,109.93322446,86.81099227,2.6,2.4,0.38851142,0.8324399,1.1409876,1.350914,1.5064762,1.6302478,1.7332623,1.8227007,10
0.6178808771339397,151.69905807259465,0.244328704236389,2.128430281470451,2.2663384956956087,0.2763140201568603,0.5274982452392578,0.7374582290649414,0.9147777557373048,1.0652527809143066,1.1960482597351074,1.3101680278778076,1.411306381225586,8
0.54071461,246.13671998,365.45786063,2.4,2.4,0.114048,0.1400578,0.1667862,0.18357897,0.20224285,0.22064257,0.23782659,0.2545054,11
0.4357823191929009,3.60135860484334,11.406315550336895,2.54436898,2.19566965,1.142777442932129,3.64513635635376,6.178646087646484,7.978427886962891,8.765849113464355,8.861406326293945,8.866752624511719,8.874418258666992,14
0.5873944595757907,1.3231619421423315,0.3257987882643788,2.918690653677161,2.9748012871489298,1.3014483451843262,4.319092750549316,7.700734615325928,10.37408447265625,11.82223129272461,11.952718734741213,11.960933685302734,11.967823028564451,13
0.3431000069440255,79.7697876046014,3.791183468456031,2.1361886213329884,2.1394193818294527,0.6585779190063477,1.7867822647094729,2.460866689682007,2.715199708938598,2.826483964920044,2.9018595218658447,2.966261625289917,3.0266425609588623,22
0.50651216,216.77132754,65.37143829,2.0,2.7,0.20309973,0.3304875,0.44489813,0.5450325,0.6342201,0.7143686,0.7872076,0.85256195,16
0.64459805,157.71259367,50.77534343,2.22279724,2.99688164,0.29233551,0.56081581,0.78642941,0.98041296,1.14682627,1.29191399,1.4185257,1.53097224,9
0.8733714361277554,2.533057021482803,0.0241347808773129,2.165104146027537,2.072535993053484,1.0224182605743408,2.891589403152466,4.16878604888916,4.8202409744262695,5.1983747482299805,5.475293159484863,5.676641464233398,5.829261779785156,5
0.6682562,16.76968507,159.27736236,2.5,2.2,0.64388466,1.7542264,2.4581738,2.6920314,2.7399082,2.7558527,2.7708163,2.784781,0
0.69851761,157.74437539,52.445478,2.9,2.1,0.25247693,0.46830773,0.6619704,0.83296704,0.9853568,1.1209142,1.2416105,1.3508475,9
0.48765922,207.50013054,258.14696964,2.67281482,2.52181175,0.19942546,0.28336215,0.35895324,0.42370224,0.48218489,0.53516865,0.58361483,0.62775016,4
0.67046366,144.90067119,36.0504381,2.5,2.3,0.27765393,0.52318287,0.7322414,0.9115498,1.0663099,1.2011502,1.3184378,1.4223771,9
0.90000704,200.17506671,326.27819771,2.4,2.1,0.09147477,0.13655019,0.17690516,0.20848465,0.24189663,0.27475715,0.30658865,0.3370905,11
0.81620377,32.57708653,169.73329991,2.8,2.2,0.4648137,1.1085656,1.5376034,1.7790606,1.9298992,2.0446143,2.132584,2.2031226,20
0.80493054,216.82472112,81.10094395,2.6,2.2,0.1550622,0.26013422,0.36116576,0.4581933,0.5492792,0.6354923,0.71618414,0.79299736,16
0.60499517,70.98105897,334.36387659,2.2,2.6,0.25356555,0.40154338,0.48663092,0.5507798,0.60151887,0.6444781,0.68020463,0.7095344,17
0.9200742015019172,56.93340888669123,0.0090549087374878,2.263405821983244,2.2206988869824045,0.35091233253479,0.7307641506195068,1.039513349533081,1.2880709171295166,1.4912641048431396,1.662425518035889,1.809110403060913,1.936694383621216,8
0.62362957,298.96220687,0.95906043,2.00034429,2.00920285,0.11647248,0.19295335,0.26417446,0.3318615,0.39689994,0.45828462,0.516505,0.57213831,2
0.60403229,221.98339302,269.68486113,2.9,2.9,0.19928145,0.28415704,0.37279272,0.45177436,0.5220957,0.58780384,0.6483369,0.704772,17
0.5732360523767744,5.978518901210476,303.65836149986075,2.4453787079771323,2.340942370455591,0.5395374298095703,1.4490878582000732,2.0116286277771,2.0734667778015137,2.0738344192504883,2.0742883682250977,2.0756993293762207,2.076171875,1
0.75793837,56.55205368,400.0,2.0,2.83446996,0.24485517,0.41239214,0.52586675,0.61568737,0.68736625,0.74544787,0.79246259,0.83349657,17
0.6156932534696038,15.536979527810352,0.0275558793071092,2.6533158073698617,2.9328234945874128,0.9953618049621582,2.9748096466064453,4.505543231964111,5.272238731384277,5.612279415130615,5.821348667144775,5.961202144622803,6.080301761627197,5
0.6587074491752232,0.9223718509013094,0.2530886432375964,2.77713883944855,2.56256515974517,1.2635269165039062,4.1315741539001465,7.220932960510254,9.533434867858888,10.688429832458496,10.841948509216309,10.854909896850586,10.865423202514648,13
0.99318873,122.94279268,143.25205406,2.3,2.7,0.17607903,0.29909182,0.41950202,0.5306461,0.6334636,0.7286589,0.8172462,0.89962316,17
0.32014316,256.05093186,114.59046157,2.4,2.2,0.25456905,0.41581917,0.5272219,0.61798716,0.695323,0.76242495,0.8197124,0.8701663,16
0.86652209,178.56434727,33.36471967,2.8,2.6,0.21108341,0.3688991,0.522352,0.66763806,0.8017125,0.9269011,1.0429406,1.1515467,15
0.84977841,253.24723816,210.47692871,2.91182375,2.3221488,0.1351552,0.17929268,0.23269463,0.28518438,0.33881569,0.38742971,0.43358517,0.47904372,3
0.30682573,10.4533987,15.1030407,2.28285217,2.35938287,1.14374638,3.49214864,5.76829052,7.17653084,7.61827469,7.69874477,7.71494675,7.71939659,6
0.4013548909839993,19.73489980882389,48.02497920385226,2.6,2.0,0.8487148284912109,2.4416286945343018,3.569842576980591,4.036561965942383,4.201272964477539,4.292987823486328,4.336917877197266,4.364389419555664,23
0.4866182301917894,28.72191312171073,160.44963619574415,2.365271721013088,2.279152457162247,0.6033761501312256,1.6391730308532717,2.2798867225646973,2.474092483520508,2.5129685401916504,2.533067226409912,2.5516152381896973,2.568789005279541,0
0.6554875883527217,1.3542822720531318,1.047057392948333,2.82734714149343,2.5241925939836367,1.2428600788116455,3.99871563911438,6.832693099975586,8.806388854980469,9.745777130126951,9.946948051452637,9.995087623596191,10.088915824890137,13
0.689935502011684,33.67844113177098,2.665484428912423,2.1426202074024245,2.7520415295273413,0.6833822727203369,1.873295545578003,2.618781805038452,2.9884016513824463,3.206828355789185,3.365697145462036,3.4992926120758057,3.6052496433258057,22
0.6290926903200019,4.4692938407765,0.8776592435453314,2.40410877746122,2.60624233193734,1.1432104110717771,3.5520031452178955,5.6770524978637695,6.875107765197754,7.363842964172363,7.583656311035156,7.741449356079102,7.861994743347168,5
0.3600239,151.43508463,17.37000379,2.22923075,2.84986633,0.51511002,1.31719065,1.82089186,2.0390749,2.16291237,2.25893974,2.33695507,2.4102335,19
0.66872348,262.15120935,274.87478058,2.6,2.3,0.11707234,0.16538835,0.21133661,0.2534523,0.29527617,0.33475137,0.37178802,0.407346,4
0.8460672118532545,3.190885253797944,41.506769258771776,2.71198606,2.21050096,0.9485011100769044,2.707321882247925,3.9418656826019287,4.5455322265625,4.865775108337402,5.077779769897461,5.207350730895996,5.294048309326172,7
0.6711344201480636,7.915626287152722,0.1853153340190782,2.507951789908598,2.164139226046615,0.9875690937042236,2.7953643798828125,4.049204349517822,4.660569667816162,5.012030124664307,5.2564568519592285,5.425995826721191,5.55943775177002,5
0.5084045352604125,1.7920663764246942,11.270737492866289,2.501805046747124,2.50439006150502,1.2046139240264893,3.9278883934021,6.876773834228516,9.147019386291504,10.231144905090332,10.319042205810549,10.322429656982422,10.325464248657228,14
0.31861977,135.08430256,196.50995524,2.5,2.6,0.40680647,0.88377905,1.1537514,1.2536352,1.3129826,1.3606434,1.4027481,1.4385126,21
0.33837573,176.47638085,162.05076779,2.28376739,2.27713947,0.2997551,0.53443265,0.67079878,0.76610208,0.8415668,0.90323091,0.95671964,1.00151348,21
0.41642976,154.099355,328.72676651,2.5,2.3,0.22471356,0.3201146,0.383569,0.43591118,0.48143816,0.5213487,0.5572045,0.5885124,4
0.3661079210428782,6.307118414379099,0.023596541860583,2.024311885326006,2.7420134339278057,1.174133062362671,3.8911733627319336,6.867217540740967,9.138542175292969,10.290607452392578,10.439775466918944,10.447345733642578,10.453948974609377,12
0.5411406390064035,227.08597857578093,0.9218784427012052,2.4849009669198594,2.0178935103504494,0.2024147510528564,0.3446574211120605,0.4758973121643066,0.5931432247161865,0.6978974342346191,0.793137788772583,0.8803329467773438,0.9596216678619384,15
0.71414649,93.13707409,100.77731137,2.9,2.4,0.3656478,0.76601624,1.070555,1.3053906,1.492132,1.6457236,1.7745073,1.883393,10
0.89935871,110.05999666,163.16742857,2.6,2.6,0.22502875,0.39433408,0.55204415,0.69307685,0.8200166,0.93521833,1.0393353,1.1339669,17
0.92734509,167.42775806,53.00196813,2.0,2.2,0.13680387,0.23784828,0.3334577,0.4250362,0.5121815,0.5940409,0.6714225,0.744781,16
0.30238843,25.2198155,40.11644692,2.8,2.1,0.9928758,3.0442183,4.844864,5.854616,6.0429792,6.0577974,6.0626554,6.065772,7
0.3564153,153.0839386,45.27391434,2.08070421,2.2389586,0.4018569,0.88016462,1.15612936,1.29861546,1.39900088,1.47855759,1.54628658,1.6046083,9
0.33387225,156.87150968,330.71478097,2.3,2.9,0.23856783,0.32187724,0.35972786,0.39093208,0.4188347,0.44394755,0.46576047,0.485775,4
0.34647597,36.48985885,86.34081102,2.9,2.9,0.89101195,2.63416,4.065936,4.7798634,4.9853563,5.0281024,5.039206,5.0469146,23
0.85197796,212.44927481,89.49723229,2.7,2.2,0.1534009,0.25899553,0.3600738,0.45826268,0.55132437,0.63885355,0.72194076,0.80066514,16
0.37065649,244.25611375,113.10557905,2.9,2.0,0.27305627,0.4931333,0.65151143,0.77818847,0.8842757,0.97524786,1.0533805,1.1225207,10
0.54137649,206.44172253,162.37041166,2.3,2.5,0.1894741,0.28965425,0.3840015,0.4661436,0.5401633,0.60765266,0.6688132,0.72545457,17
0.50773321,161.73006064,348.46326992,2.1,2.4,0.13798976,0.16388154,0.19052577,0.211272,0.23219776,0.25162172,0.27001286,0.28704762,11
0.4199436174365308,44.669406358232045,0.4065728899549307,2.937058881002205,2.5045973193674644,0.8595771789550781,2.487633228302002,3.657923698425293,4.209128379821777,4.464420318603516,4.6161041259765625,4.714264869689941,4.786155700683594,22
0.89244326,25.4830735,354.21389459,2.8,2.9,0.38220787,0.7989893,1.0704808,1.2193527,1.3051581,1.3621807,1.4013381,1.431108,21
0.9390697330036826,182.99785720564,0.0052378980908572,2.7765536244859605,2.532243361847546,0.193488597869873,0.3379979133605957,0.4796068668365478,0.6165802478790283,0.7442319393157959,0.864454984664917,0.9771857261657716,1.0832746028900146,15
0.7948466258086877,12.339186201462558,0.0038180234355055,2.259899153975167,2.280321607695152,0.8142528533935547,2.1889326572418213,3.050800085067749,3.4914796352386475,3.7514922618865967,3.934714555740357,4.073076248168945,4.193459510803223,22
0.48258173,260.44735718,114.34312439,2.64807487,2.7563436,0.2370038,0.38405752,0.51213026,0.62491584,0.7256248,0.81662679,0.89907694,0.97428393,16
0.8259344155721565,285.27286768959533,0.0067987865411685,2.7359727866548207,2.9255403021821165,0.1750667095184326,0.287283182144165,0.3956184387207031,0.5102040767669678,0.6151294708251953,0.7153971195220947,0.8112199306488037,0.9027836322784424,15
0.9655989,283.18511099,109.33542603,2.3,2.8,0.12319994,0.1813116,0.24076748,0.29845715,0.3586135,0.417207,0.47320652,0.5272877,2
0.3687422,296.20007324,33.82761002,2.02894139,2.20224237,0.19731236,0.30984688,0.40882373,0.49464417,0.57126856,0.63950682,0.70182395,0.75795698,15
0.80131202,260.25008541,93.4878095,2.5,2.9,0.15976334,0.24494171,0.3327763,0.4225304,0.5068042,0.5844445,0.6587014,0.72994065,16
0.42037848,143.32029477,41.9024599,2.3,2.9,0.41721892,0.921469,1.2461734,1.4328017,1.5702157,1.6761107,1.7649217,1.8434892,19
0.5770508460838568,53.92854724500611,0.0186734346281756,2.16479208618945,2.148281124512606,0.5751104354858398,1.4480760097503662,1.9622652530670168,2.228175401687622,2.397778272628784,2.5356948375701904,2.642437696456909,2.742223024368286,18
0.57877143,4.94922363,0.74976356,2.8,2.3,1.2061014,3.697902,6.001664,7.385603,7.910161,8.09009,8.189819,8.276172,13
0.82546336,27.16263089,120.83356057,2.6,2.2,0.51713634,1.2691269,1.7494867,2.0077257,2.1668653,2.2847838,2.3802204,2.4589882,20
0.7342732,20.61865234,118.47878265,2.04137349,2.65446544,0.62112832,1.66513824,2.30727482,2.5677824,2.6825285,2.75301886,2.80638838,2.85490322,0
0.79746364,205.10773068,219.24620268,2.00412782,2.50356628,0.1198051,0.18728352,0.25273156,0.31345487,0.37173486,0.42733097,0.47983623,0.52959943,3
0.80397242,4.90120506,7.33009386,2.66891623,2.47448874,1.06172824,2.99536514,4.35970736,5.06024837,5.44260454,5.69986677,5.88123846,6.00306273,6
0.7804027,114.89616521,134.94855255,2.4,2.2,0.2263546,0.4019084,0.55845594,0.6958964,0.81714296,0.9251237,1.0215266,1.1066744,17
0.7197716236932348,0.9935115360415748,0.0034781563693293,2.714222486726664,2.281259071840093,1.2095823287963867,3.840497255325317,6.419517517089844,8.130533218383789,8.908034324645996,9.128179550170898,9.266621589660645,9.426481246948242,12
0.44385862,37.77314785,358.70102181,2.2,2.7,0.36770272,0.7279413,0.8551986,0.8592608,0.8621526,0.86541224,0.86839795,0.87111855,21
0.7331956765162334,80.35639908184935,0.0663021812991969,2.1164620192331247,2.7957398853862907,0.4130120277404785,0.920682430267334,1.2965412139892578,1.5749762058258057,1.7924590110778809,1.9700891971588133,2.119697332382202,2.248986005783081,18
0.51667098,50.88463522,275.20359441,2.0,2.0,0.31754851,0.59669924,0.72619009,0.77983809,0.81690693,0.84566975,0.86863542,0.88712215,21
0.8600704,101.96917632,73.87632425,2.9,2.9,0.32276058,0.62726736,0.8894837,1.1167021,1.3124089,1.4822865,1.630611,1.7615347,10
0.31253384,56.22824379,129.63459209,2.3,2.2,0.6243706,1.6828372,2.326809,2.4704866,2.4827223,2.493764,2.5044608,2.5146484,0
0.47209222,79.60881448,88.69418653,2.6,2.6,0.54816866,1.3955112,1.9316466,2.162667,2.282242,2.3739412,2.450505,2.5170553,20
0.3228976604567696,1.6733100137553605,2.457684811354321,2.059650955976653,2.8491783814780693,1.2363011837005615,4.208486557006836,7.766550064086914,11.03166389465332,13.174840927124023,13.244569778442385,13.248224258422852,13.25128936767578,14
0.72909361,128.61661826,54.89723224,2.2,2.2,0.23667622,0.43232918,0.6042502,0.75507116,0.8871162,1.0044289,1.1072121,1.1992593,16
0.44401679,98.97890037,78.35985402,2.5,2.2,0.48774266,1.1904521,1.6146235,1.8006387,1.9151521,2.0043974,2.0747018,2.1358042,20
0.5739730777644929,1.3024524336868075,0.3394571984899087,2.4495451487784723,2.990508942939553,1.273345708847046,4.249443531036377,7.637538433074951,10.366113662719728,11.830066680908203,11.91649055480957,11.925008773803713,11.932291030883787,13
0.35528028,116.88438416,180.19032288,2.0612433,2.62554693,0.41815495,0.96749949,1.28753328,1.402349,1.46596026,1.51858068,1.56207418,1.59874392,0
0.68847241,58.69346786,67.23282196,2.6,2.2,0.47088504,1.1059804,1.5260506,1.7792103,1.953927,2.091641,2.204979,2.299306,20
0.94881649,213.52840393,239.85663331,2.8,2.6,0.14308,0.20852518,0.27287292,0.346622,0.4146049,0.4770496,0.53750086,0.5948036,3
0.30992988,207.88242754,243.47104577,2.2,2.9,0.23348689,0.32538486,0.37933183,0.42394805,0.46409106,0.4994371,0.530874,0.5595851,3
0.6705244520187534,200.67037657011485,379.3068736287629,2.0,2.0,0.0760130882263183,0.0998275279998779,0.117539644241333,0.1249287128448486,0.1386680603027343,0.1501276493072509,0.1609504222869873,0.1723251342773437,11
0.42209509,53.31579746,317.05422936,2.6,2.1,0.40483427,0.91140604,1.1851568,1.2308822,1.2429955,1.2541955,1.264003,1.272681,21
0.53701973,47.59725189,307.2421875,2.19789124,2.37515044,0.36892295,0.76727128,0.97285891,1.04239488,1.07874155,1.10608578,1.12948322,1.14793086,21
0.48995338,62.91198287,231.22702509,2.2,2.2,0.3789301,0.7988136,1.0229919,1.1123667,1.1671264,1.2078412,1.2414155,1.2694082,21
0.3633023591277244,9.208848704390276,20.37166729843967,2.36503029,2.13855767,1.0491414070129397,3.254192352294922,5.280190944671631,6.501916885375977,6.892234802246094,6.930132865905762,6.944268226623535,6.953171730041504,7
0.77581167,51.5102005,285.03866577,2.41426039,2.33833838,0.28766727,0.52596331,0.68963909,0.80910254,0.90060258,0.9732461,1.0308609,1.07899117,10
0.98162996,107.82506269,214.89481974,2.84928621,2.005,0.15251279,0.24084759,0.32872868,0.40962672,0.48330331,0.55151439,0.61427784,0.67265177,3
0.72818169,218.71921303,108.21728743,2.6,2.6,0.18060231,0.29347706,0.40395856,0.50747395,0.6032834,0.6925936,0.77577686,0.85357213,16
0.59271,264.39878901,199.14389436,2.3,2.6,0.13325286,0.18900442,0.24403071,0.2926755,0.33913636,0.38362098,0.4254148,0.46518874,3
0.34689176,278.44558716,361.24221802,2.64250708,2.27921295,0.12697458,0.14281845,0.16006303,0.16417694,0.17292738,0.18188977,0.18787861,0.19382,11
0.89551806,101.45101929,19.82513046,2.00996566,2.08808279,0.21276188,0.39806461,0.56764936,0.72052956,0.85779667,0.98136163,1.09267879,1.1934135,15
0.4771180605896097,28.758937849932924,140.0032166364548,2.229699601353075,2.046378519586149,0.5796618461608887,1.5368058681488037,2.078792095184326,2.2335429191589355,2.27253532409668,2.297614097595215,2.320136547088623,2.340468406677246,0
0.73210816,8.11740173,84.15691031,2.2,2.0,0.77931356,2.134328,2.9907265,3.3082771,3.412262,3.4436302,3.4599032,3.473442,23
0.3136560747603059,1.71206648700908,90.59754614585484,2.6204616573210693,2.3366331821167163,0.9658687114715576,3.010432481765747,4.962518692016602,6.210657119750977,6.536379814147949,6.536600112915039,6.536865234375,6.537006378173828,7
0.80582416,288.90716553,383.02017212,2.62969279,2.20401883,0.08482504,0.11063743,0.1330955,0.13757825,0.14864755,0.16503119,0.17952847,0.19114184,11
0.83167318,27.84551464,41.69112139,2.4,2.8,0.585845,1.445632,2.0118637,2.3429809,2.5618858,2.7309504,2.869524,2.985066,19
0.6865796986511651,0.8612020898271263,8.817557433715498,2.686221421166862,2.7274963602646656,1.2456347942352295,4.06251335144043,7.067614555358887,9.283209800720217,10.377593994140623,10.575518608093262,10.58147144317627,10.586613655090332,14
0.88961887,158.18893433,382.58050537,2.06283116,2.10850191,0.08174181,0.11317253,0.13717413,0.1522789,0.17310023,0.19184637,0.2092433,0.22556233,11
0.80030355,41.52752011,71.92815645,2.18461042,2.8588781,0.50112844,1.21438956,1.69564104,1.98740578,2.19039011,2.34856176,2.47662401,2.58458376,20
0.33419213,60.5184571,270.84820755,2.0,2.3,0.37624645,0.7709193,0.9223137,0.93474746,0.94431734,0.9527161,0.96012306,0.96671486,21
0.8170166834080219,0.8351740363538611,0.0114340129994648,2.1722660486964576,2.9869204320878,1.2214326858520508,3.997797727584839,6.841650009155273,8.713462829589844,9.580404281616213,9.905957221984863,10.043338775634766,10.15759563446045,12
0.82606822,27.81858826,274.12750244,2.01909375,2.11385608,0.3089602,0.59453201,0.76617932,0.8657918,0.92998767,0.97716784,1.01126671,1.03667164,21
0.99164286,114.17547979,345.93270213,2.5,2.5,0.1475718,0.21631742,0.28672552,0.35116005,0.41030788,0.46499205,0.51519704,0.5620942,4
0.81868806,43.45318049,2.21597769,2.0,2.8,0.45545697,1.0303717,1.4413376,1.7213564,1.9270945,2.0959105,2.2361503,2.356102,18
0.43160702,194.03384291,3.46543027,2.5,2.1,0.33991647,0.68662286,0.9332013,1.113136,1.2573245,1.3725681,1.4729445,1.5618138,8
0.95278661,118.90455408,360.24729001,2.42053533,2.65360964,0.14794374,0.21592355,0.28503275,0.34875822,0.407341,0.46122575,0.51062322,0.5568831,4
0.65043765,11.85453224,27.74179649,2.03585982,2.90257692,0.93906593,2.80225229,4.21790075,4.87788534,5.08728504,5.17737293,5.22532701,5.26469946,7
0.495784542807294,1.2616410680565018,0.0114295750285594,2.9245585128598472,2.674538080373037,1.2859349250793457,4.2710957527160645,7.68009614944458,10.562019348144531,12.16141128540039,12.208610534667969,12.215211868286133,12.220802307128906,12
0.50251295,214.88691712,145.21706561,2.0,2.1,0.1529491,0.2280488,0.297549,0.36061978,0.41812968,0.47055292,0.5187459,0.5630779,2
0.8420065,147.36964943,359.70319252,2.9,2.6,0.16734743,0.23967552,0.31376243,0.3852682,0.44820642,0.50683904,0.5609565,0.61132145,4
0.5964115095886633,2.8306963335709687,9.148278147256292,2.04970026,2.83934903,1.1503496170043943,3.754974842071533,6.412912845611572,8.200569152832031,8.948419570922852,9.086549758911133,9.107976913452148,9.12784194946289,14
0.36262315,117.79888586,12.80654581,2.87595888,2.35714119,0.57160783,1.45555449,2.00268793,2.23642969,2.36434078,2.46189022,2.5408802,2.61137438,18
0.39586468,4.75905885,138.00225192,2.74667251,2.85597887,0.91407728,2.83329082,4.61352062,5.66437912,5.87717438,5.89561081,5.89633751,5.89656067,7
0.9772243720284411,2.402056125067479,0.2020048659776433,2.500401713602048,2.88241740672436,1.0913503170013428,3.229630947113037,4.861409187316895,5.724501609802246,6.188958168029785,6.514121055603027,6.774294853210449,6.970975875854492,5
0.7624135,9.28201199,41.91496277,2.2468493,2.5234139,0.87765002,2.46384835,3.53397775,4.02019787,4.23093605,4.34829998,4.42489052,4.47173786,23
0.5564416299162198,68.02875344491333,20.675721708386547,2.87518716,2.24478126,0.5486936569213867,1.3802175521850586,1.915323257446289,2.2018256187438965,2.3854122161865234,2.5296401977539062,2.6468663215637207,2.749082565307617,19
0.3452672189614361,4.078981396883916,0.0258068165211911,2.2712593514490784,2.3750769370335147,1.2016494274139404,3.9547536373138414,6.993644714355469,9.461386680603027,10.88389015197754,10.99203109741211,10.997359275817873,11.001896858215332,12
0.4781618008142588,29.968729624359288,82.34493982048404,2.1685294030646007,2.410309803662747,0.7220189571380615,2.052479982376098,2.9363338947296143,3.269519567489624,3.3665664196014404,3.411769151687622,3.450056791305542,3.483833074569702,23
0.69986633,270.20126399,150.59957547,2.14527428,2.0,0.09530711,0.14739633,0.19342995,0.23454094,0.27860451,0.31926489,0.3581779,0.39544034,2
0.51917091,166.59698273,237.87888771,2.6,2.8,0.24946666,0.4019351,0.5178447,0.6164706,0.70150304,0.77573776,0.8420689,0.9009476,17
0.934553321327738,147.59122277740593,0.0219860181964489,2.248890581475953,2.832161155838484,0.2175812721252441,0.3957819938659668,0.5681114196777344,0.7304489612579346,0.8802299499511719,1.019423246383667,1.1486783027648926,1.2679595947265625,15
0.69186237,78.61154347,43.01845578,2.7,2.9,0.4635961,1.057966,1.4870954,1.7757192,1.9877548,2.1559892,2.2947602,2.4137182,19
0.50902808,140.83995056,116.95098877,2.14069295,2.17333198,0.2680831,0.48323989,0.64217997,0.76917744,0.8739171,0.96248531,1.03672481,1.10237527,10
0.64414787,211.65715027,140.36911011,2.62119985,2.72010684,0.20700336,0.33444643,0.45600009,0.56653595,0.66654277,0.75867963,0.84349942,0.92218852,17
0.63809276,5.88859029,85.36058077,2.97209559,2.23233686,0.90209222,2.5492034,3.73366022,4.26716042,4.48804188,4.58244848,4.60992479,4.61275291,23
0.68760348,114.50188021,163.92755847,2.02202435,2.39946703,0.23290896,0.41192794,0.56304145,0.69223094,0.80295038,0.89974403,0.98450327,1.05929947,17
0.7769949275182636,170.6891651018508,0.0481339799350209,2.741041107402635,2.1854134569315766,0.2123863697052002,0.3783786296844482,0.5375852584838867,0.6827948093414307,0.8149676322937012,0.9370112419128418,1.0484912395477295,1.15130877494812,15
0.41330956,113.9577986,300.05493047,2.6,2.7,0.32966518,0.6079898,0.75361323,0.8370242,0.89964914,0.9493096,0.9911909,1.0278413,21
0.7300536145360388,58.02148925994199,0.0408749343595956,2.448185464014249,2.59241471706567,0.5129354000091553,1.231297254562378,1.720019817352295,2.0296573638916016,2.2541465759277344,2.4324450492858887,2.580373287200928,2.706188201904297,18
0.8153976272766179,1.2090203436521747,0.0047513242533502,2.7374668954419903,2.398871326525087,1.196640968322754,3.696892023086548,5.918147087097168,7.213112831115723,7.834621429443359,8.182979583740234,8.478543281555176,8.736820220947266,12
0.62996444,102.5306428,150.44920296,2.54661647,2.39578572,0.31367517,0.60416842,0.81842232,0.98476481,1.11823249,1.22754693,1.31898117,1.39841437,10
0.90795857,291.99645996,18.51729584,2.5877316,2.05094147,0.10745025,0.18082237,0.24301291,0.3040154,0.36867929,0.43103361,0.49053979,0.54826713,2
0.5993003812018641,7.135492497230218,19.3153362349186,2.560781,2.24488544,1.018892765045166,3.0164244174957275,4.558701515197754,5.301990509033203,5.615680694580078,5.81444263458252,5.93936824798584,6.027812004089356,6
0.58470264,81.31477548,1.34711022,2.9,2.0,0.5176861,1.3009791,1.8015649,2.0781603,2.2681036,2.4153004,2.5357533,2.641501,18
0.67290861,182.17413893,398.51614967,2.8,2.6,0.15325022,0.1961863,0.24133492,0.28637314,0.32507515,0.36027026,0.39379382,0.42475104,4
0.30518431,219.58902506,298.21846075,2.74118624,2.16967556,0.18025303,0.20814824,0.2349894,0.2538023,0.27139688,0.28852487,0.30534577,0.32042909,11
0.89208699,230.81997804,392.3409784,2.6,2.3,0.09236383,0.12837219,0.1569407,0.18073773,0.20852041,0.23534036,0.25925732,0.28280783,11
0.65141232,217.09621282,229.0110261,2.8,2.2,0.15958714,0.23985767,0.32046294,0.394984,0.46395993,0.52753305,0.5865414,0.6419525,3
0.40202894,229.65448762,2.54304275,2.36546015,2.46895324,0.31855822,0.61017132,0.82112789,0.98511863,1.11745811,1.22931433,1.32409024,1.40709186,8
0.5729059817222337,0.930512235372996,110.17312493893677,2.297999432196947,2.559391453450393,0.935056209564209,2.928955316543579,4.798518180847168,5.962109565734863,6.208181381225586,6.209321022033691,6.209602355957031,6.209774971008301,7
0.54144357,255.29856918,158.47973666,2.1,2.1,0.12172175,0.17842078,0.23082018,0.2785895,0.32525826,0.36853528,0.40923595,0.4474318,2
0.9830177327826694,5.242345921758573,0.1439847465282832,2.858617163005255,2.2476323788281296,0.8857409954071045,2.360257387161255,3.314748525619507,3.868393659591675,4.237126350402832,4.509857177734375,4.724042892456055,4.899446487426758,22
0.7854838241051796,2.92695365284641,4.785895848336429,2.68811059,2.1955061,1.077779769897461,3.147995710372925,4.691632270812988,5.481681823730469,5.93009090423584,6.264049530029297,6.527545928955078,6.72310733795166,6
0.91206223,101.72195924,81.46520118,2.69272431,2.74168584,0.27751088,0.52135301,0.74063873,0.93510675,1.10647225,1.25904632,1.39426589,1.51467299,10
0.82633242,276.11284908,62.9532877,2.38324892,2.78089643,0.1445663,0.23833752,0.32402802,0.41371584,0.49989009,0.58042789,0.65709162,0.730762,16
0.62422903,246.26238286,250.31535547,2.6,2.6,0.14937282,0.20951319,0.2693801,0.32674146,0.3808949,0.42988873,0.47595668,0.5195737,4
0.61198469,188.08464131,181.81785278,2.8,2.2,0.20589042,0.33537745,0.45564842,0.5610647,0.6557503,0.7423036,0.8209636,0.89305544,17
0.30483919,229.20665218,307.41461664,2.94341718,2.80624486,0.26683235,0.38529062,0.44455981,0.49565744,0.53940177,0.5790925,0.61470461,0.64731097,17
0.31189817,124.22648546,388.51790359,2.1,2.3,0.1918211,0.21054268,0.22234583,0.2313497,0.23939085,0.24698353,0.2539611,0.2606945,11
0.3548289,118.92601232,154.31652241,2.5,2.7,0.4569199,1.0721426,1.4401762,1.5790074,1.6509035,1.7078459,1.7574589,1.8008239,0
0.34330469,252.47735827,57.42961176,2.9,2.7,0.36570406,0.7358117,0.98216367,1.1514173,1.2815866,1.3896587,1.4807842,1.5592382,9
0.3616883,140.21421513,44.44504554,2.3,2.6,0.46053052,1.0742614,1.4422319,1.6134493,1.7213795,1.8101633,1.8855569,1.9490545,19
0.50605352,191.73814345,299.68995731,2.7,2.3,0.19078851,0.2701571,0.3430767,0.40549302,0.46173358,0.5127032,0.5594497,0.6022687,4
0.8474212068038274,1.3827083546896848,0.0041203000661677,2.742770271657088,2.430216095375116,1.1765127182006836,3.574716329574585,5.5860700607299805,6.715167045593262,7.2761030197143555,7.657282829284668,8.000361442565918,8.291021347045898,5
0.7661964945848134,53.48162468767104,0.0040961845212589,2.802921245233207,2.736598376955537,0.5411393642425537,1.312638759613037,1.852797508239746,2.1983351707458496,2.445216655731201,2.640714645385742,2.802964210510254,2.9416894912719727,18
0.5018257792652292,0.7874989747942834,4.818724154343362,2.089417553746612,2.2007665610113065,1.1796057224273682,3.896284341812134,6.898494720458984,9.411667823791504,10.823317527770996,10.85346221923828,10.85928726196289,10.864264488220217,14
0.98947871,50.88599014,395.73135376,2.96693516,2.20770931,0.18811607,0.26568675,0.33114195,0.38358808,0.42840409,0.46626973,0.49888611,0.5264442,4
0.969515045648628,63.95382289151239,1.116535131783719,2.1840718358262943,2.495342680208335,0.325798749923706,0.6603713035583496,0.9474568367004396,1.1898536682128906,1.3941307067871094,1.5698065757751465,1.7220580577850342,1.8557863235473635,8
0.31878287,117.3654951,73.63258292,2.0,2.2,0.45740676,1.0693238,1.3817942,1.4903247,1.5564444,1.6088591,1.6544676,1.6926396,0
0.7357633,103.41130893,32.21542841,2.8,2.5,0.3641944,0.7527425,1.060684,1.3081245,1.5091338,1.677309,1.8199949,1.9437509,9
0.7712152629309347,38.92577928560338,0.0062196440424073,2.372447010653636,2.8958450032896783,0.6156191825866699,1.600600004196167,2.2459909915924072,2.616341352462769,2.863116502761841,3.054129838943481,3.2123959064483643,3.3487699031829834,18
0.4757878544907233,129.10485104901687,383.7593791227693,2.08467221,2.09317327,0.146965742111206,0.1696887016296386,0.1926202774047851,0.2108712196350097,0.2287554740905761,0.2455031871795654,0.2609467506408691,0.2751772403717041,11
1.0,300.0,140.84020676,2.0,2.0,0.06861234,0.11655784,0.15868998,0.19375396,0.23135448,0.26744366,0.30341554,0.33911276,11
1.0,18.89922357,307.7913857,2.0,2.0,0.27083659,0.49065995,0.6274085,0.7124517,0.76632953,0.80131245,0.82776809,0.84575486,21
0.57477309,130.37905743,147.33906835,2.3,2.1,0.25087214,0.44315267,0.59442616,0.72016597,0.82618546,0.9166205,0.9930198,1.0610464,17
0.65163475,215.89712253,373.76433784,2.4,2.2,0.1048615,0.13505244,0.16531515,0.18625832,0.20806026,0.22846079,0.24937081,0.26890564,11
0.76721406,98.55954115,135.78477469,2.84527154,2.06964377,0.24206805,0.43535614,0.59992886,0.74023652,0.86148429,0.96786952,1.06058097,1.1424377,17
0.39433538,38.927626,237.17299735,2.4,2.7,0.5465517,1.4123056,1.9407966,2.0352137,2.035857,2.0369856,2.038215,2.0395415,1
0.6322964847052348,1.6114285834417217,5.438339234358559,2.0094851817142887,2.3415763485450487,1.1485207080841064,3.700822353363037,6.233880519866943,7.938632488250732,8.663480758666992,8.811899185180664,8.842475891113281,8.874977111816406,14
0.81754468,95.02218471,156.05523543,2.1,2.6,0.21916175,0.38296652,0.5281167,0.6538677,0.7640772,0.8610432,0.94760203,1.0252087,17
0.82357895,208.07866321,367.39522719,2.5,2.6,0.12269783,0.15533304,0.18942785,0.22508025,0.26055002,0.29169846,0.32046056,0.3491273,4
0.8822500169387598,4.249434021247599,0.1219251731214419,2.372550306301702,2.300831233069231,0.9794323444366456,2.727267026901245,3.89703631401062,4.498404502868652,4.863994598388672,5.12777042388916,5.321272850036621,5.472304344177246,5
0.5609792,183.67459128,154.43943603,2.7,2.4,0.24609995,0.42036152,0.5668721,0.69243956,0.8028827,0.900759,0.9877145,1.0659285,17
0.94335866,114.2983017,126.03460693,2.07330012,2.44201612,0.18429518,0.3256464,0.45972729,0.58301973,0.69667387,0.80094767,0.89674973,0.98519349,16
0.4467102348672113,134.2851979439119,28.87760925662251,2.1087545998216672,2.2162166447549607,0.3852741718292236,0.8421297073364258,1.13539457321167,1.3200507164001465,1.4583079814910889,1.5663907527923584,1.6597917079925537,1.7406089305877686,9
0.30279829,77.63577325,392.28361845,2.10162609,2.58932533,0.327106,0.60990047,0.71010351,0.72348619,0.73545575,0.74795556,0.75753045,0.76592779,21
0.8211237076583682,9.55309257581188,0.4128221670344165,2.9632853454825883,2.8164998931333285,0.9564988613128662,2.740436553955078,4.007524967193604,4.674373149871826,5.061087608337402,5.332475662231445,5.538712501525879,5.699048042297363,5
0.6201120555995581,55.76688215206369,21.64611624719804,2.641842585676448,2.4866165768413744,0.5779550075531006,1.4762606620788574,2.0548906326293945,2.36307954788208,2.5619430541992188,2.715672016143799,2.8387370109558105,2.947824478149414,19
0.7496971785880705,1.0228660036648671,47.63716140379674,2.9411590615218337,2.24318306026616,1.0511317253112793,3.22310209274292,5.160247802734375,6.28734016418457,6.667473793029785,6.773639678955078,6.839859962463379,6.867310523986816,7
0.91192933,156.99802774,303.7931304,2.2,2.5,0.11749411,0.16960287,0.21978784,0.2649598,0.3083992,0.34982443,0.38887525,0.42524672,4
0.46878232,77.70345288,246.46359575,2.4,2.0,0.3531375,0.72266364,0.9295912,1.026959,1.0897789,1.1372585,1.1758993,1.2087307,21
0.99424663,228.68818521,173.41202046,2.38214861,2.83124783,0.13136673,0.21146631,0.2805624,0.35905313,0.43473172,0.50453258,0.57141304,0.63597798,3
0.38362968,260.63257862,75.61591154,2.7,2.7,0.29884243,0.5336132,0.70102286,0.8387623,0.954062,1.0526819,1.1388178,1.2145176,10
0.58878358,133.66703385,104.97842149,2.8,2.4,0.33351135,0.66478753,0.91282964,1.108017,1.2639053,1.3950722,1.5058181,1.6012394,10
0.49377462,218.54870839,56.74277776,2.2,2.2,0.21736121,0.36452627,0.49233723,0.603148,0.7007537,0.78850293,0.866236,0.9371047,16
0.90006835,168.21626019,158.04421967,2.0,2.2,0.11840558,0.19327378,0.26235914,0.32798195,0.39221263,0.45166087,0.507977,0.56101346,2
0.5393555174351672,51.34857156611481,0.4538206593496244,2.765100979919352,2.677697410349776,0.7234249114990234,2.005614757537842,2.855081081390381,3.2695469856262207,3.4905710220336914,3.640305519104004,3.7603721618652335,3.857186317443848,22
0.47379227,97.29988058,12.00469526,2.6,2.4,0.55200624,1.3943808,1.9204686,2.1726167,2.3238828,2.4465497,2.5466063,2.6294343,18
0.77909186,17.88633174,229.2347691,2.0,2.7,0.43624187,0.99158335,1.3043139,1.4074357,1.443075,1.4647925,1.4814837,1.495702,1
0.8075587839731911,1.3204960032028,357.2629095581156,2.079800814129304,2.772168633720445,0.5402560234069824,1.51153302192688,2.1957900524139404,2.305307626724243,2.3098084926605225,2.3112289905548096,2.31287693977356,2.313551664352417,1
0.4823019754080999,2.230905702970119,0.086564693711216,2.233875341434308,2.567063051945289,1.2193090915679932,4.041967868804932,7.166601657867432,9.603496551513672,10.941335678100586,11.039026260375977,11.045791625976562,11.051488876342772,12
0.96539453,98.41996588,216.61944054,2.12373648,2.34095144,0.16842246,0.28197289,0.39104009,0.49045587,0.58014703,0.6620822,0.7371397,0.80614972,17
0.78271494,184.60307839,252.5976394,2.76165556,2.23875651,0.1337502,0.1935246,0.25381422,0.30773997,0.35804129,0.40669322,0.45205355,0.49436212,4
0.3030142821581127,3.598063646456156,55.29042008016008,2.60684597,2.75511876,1.1081414222717283,3.581648588180542,6.222039222717285,8.288414001464844,9.279444694519045,9.352453231811523,9.352545738220217,9.352545738220217,14
0.9566638426020456,124.8302219167757,0.0113865804230952,2.5516363888462643,2.844250669307326,0.2557814121246338,0.4742860794067383,0.682680606842041,0.874453067779541,1.0485663414001465,1.2081677913665771,1.3533356189727783,1.485520839691162,8
0.88014397,32.04289593,321.76176849,2.1,2.0,0.2431016,0.41229486,0.5223088,0.6020248,0.65909433,0.702935,0.7358401,0.76091146,21
0.45528605,298.9497941,284.54116144,2.9,2.1,0.13855338,0.18075013,0.22541285,0.26526403,0.3032875,0.33941197,0.37270236,0.4043908,4
0.62191864,75.16348608,17.81052855,2.32641165,2.88718037,0.52657843,1.32579589,1.85552025,2.16174746,2.3696847,2.53278971,2.66797876,2.78083324,19
0.93661021,39.2335776,176.04354267,2.4,2.6,0.3527794,0.7301128,1.0142531,1.2256191,1.3887172,1.5162804,1.6203897,1.7074735,10
0.64476728,19.56341362,33.45441437,2.0010879,2.75219822,0.81519365,2.34733438,3.38205051,3.81604481,3.99262381,4.07773113,4.13869238,4.19655514,23
0.87606401,277.14965379,106.48863575,2.18214533,2.4061824,0.10730767,0.17845416,0.24205923,0.30047917,0.35957718,0.41804147,0.47445059,0.52821279,2
0.72661443,127.8323647,103.87062517,2.8,2.7,0.29828715,0.56229854,0.7829044,0.9722407,1.1351013,1.2758129,1.3993299,1.5079458,10
0.83102714,149.05227442,177.94026278,2.5,2.2,0.17152023,0.28299546,0.3917451,0.4910295,0.58241177,0.666852,0.744858,0.81777835,17
0.3027375568547122,3.134482659960058,0.0193235120204963,2.644007510978014,2.2258079488828555,1.2126822471618652,3.966982841491699,7.018931865692139,9.62599754333496,11.058792114257812,11.081087112426758,11.087984085083008,11.093931198120115,12
0.9137896340821344,65.36098926218027,0.9075784333858564,2.882556351560213,2.355932238206507,0.3644182682037353,0.7680368423461914,1.0987696647644043,1.3670907020568848,1.585641384124756,1.7697091102600098,1.927238941192627,2.064709186553955,8
0.7626629,15.38538916,187.36612033,2.9,2.2,0.6177485,1.7075038,2.4292102,2.700759,2.7699003,2.7957826,2.816968,2.8362122,0
0.9803781415042656,1.461894975749458,38.531138457222255,2.8535504163640346,2.6314121720763883,1.0603842735290527,3.153570413589477,4.804898262023926,5.66746711730957,6.094796180725098,6.380152702331543,6.589043617248535,6.720026969909668,7
0.73787099,204.76837003,27.21210887,2.5,2.7,0.21062875,0.3628497,0.5100162,0.6442735,0.76800656,0.8820262,0.9874606,1.0846634,15
0.51483454,131.61555954,281.40001132,2.5,2.3,0.24282098,0.3891759,0.49355745,0.5794296,0.6509001,0.7129414,0.766376,0.8137741,17
0.83040524,127.67059504,166.40647478,2.1,2.7,0.17636299,0.2883315,0.39651632,0.49387145,0.5818107,0.6620271,0.73531055,0.8029523,17
0.9450948,167.79368076,206.25522109,2.30808678,2.85086053,0.15565991,0.25380373,0.34811664,0.44116426,0.52859402,0.60972738,0.68612361,0.75896716,17
0.7337012506347589,2.431558168941645,0.0216840336833551,2.4207363614941526,2.610646866631006,1.1685657501220703,3.6263716220855713,5.807296752929688,7.045116424560547,7.588296890258789,7.86802864074707,8.072709083557129,8.23918342590332,5
0.9698791251857256,27.033851164614315,0.4131989341598502,2.026988095886905,2.8402860770568,0.5283334255218506,1.2765522003173828,1.789154052734375,2.1370248794555664,2.3946847915649414,2.600379467010498,2.771639823913574,2.917631149291992,18
0.60676891,210.58500967,1.70897109,2.1,2.4,0.19913459,0.3431151,0.47684574,0.5968745,0.70472,0.8035307,0.8932848,0.97584605,15
0.58173621,24.24419403,266.94006348,2.83151674,2.98584056,0.59497261,1.61361432,2.33124423,2.57810807,2.59449792,2.59581494,2.59705901,2.59844613,1
0.74766966,249.9715598,390.34366029,2.6,2.2,0.0921278,0.1257348,0.15348697,0.17435789,0.19820237,0.22128391,0.2414515,0.2614529,11
0.3019633028652206,0.8769248942570137,0.0530919322918564,2.3596681776636554,2.4046442790164915,1.2443158626556396,4.1738457679748535,7.604066848754883,10.724769592285156,12.725666999816896,12.769563674926758,12.776381492614746,12.782135009765623,12
0.86255483,299.99729036,399.99984584,2.00000737,2.00006453,0.04815435,0.07208037,0.09180236,0.09322047,0.10289431,0.10859036,0.11181951,0.11903691,11
0.40630614,19.88262557,149.76398877,2.67535933,2.67278073,0.77174544,2.28421593,3.46395493,3.97247171,4.08195257,4.09057617,4.09244776,4.09480953,23
0.8322028231232256,1.962040914992581,1.7907112197705115,2.15314054,2.19771719,1.0838899612426758,3.219066381454468,4.837346076965332,5.688582420349121,6.115965843200684,6.398526191711426,6.603188514709473,6.756787300109863,5
0.4568496166408183,7.130443269330823,0.0194885736096168,2.2923425884066866,2.917643550512937,1.176694393157959,3.817317247390747,6.520991325378418,8.366927146911621,9.1279935836792,9.263392448425291,9.289855003356934,9.319552421569824,12
0.77070491,42.6672337,116.92230722,2.8,2.5,0.4964683,1.1945863,1.667479,1.9461565,2.1308126,2.2702756,2.3840704,2.4787822,20
0.57491762,120.5772249,40.76407057,2.9,2.0,0.38228965,0.839988,1.168467,1.4012628,1.5802808,1.7222412,1.8408892,1.942455,9
0.83633719,56.983048,22.26172591,2.34615647,2.52623767,0.42131448,0.92344689,1.29898739,1.57718658,1.79289722,1.96742725,2.11225557,2.23659515,19
0.593377171419546,108.34953948650124,122.5976294008987,2.441132475234592,2.469611317912037,0.3408896923065185,0.6940820217132568,0.9490768909454346,1.136077880859375,1.2826783657073977,1.4031734466552734,1.5048706531524658,1.5897421836853027,10
0.62930232,290.03317261,197.63465881,2.24332929,2.01262569,0.08961463,0.13121271,0.16559219,0.1934185,0.22584128,0.25514412,0.28329468,0.31108928,11
0.90741509,90.12651645,123.23464233,2.8,2.2,0.25874424,0.485209,0.6881623,0.86689734,1.0244739,1.163194,1.2863448,1.3952854,10
0.38036477,48.75602774,99.23914324,2.5,2.9,0.7299516,2.0367079,2.9569936,3.3241544,3.4315448,3.468812,3.4948235,3.519168,23
0.58019531,192.011917,385.11233945,2.9,2.4,0.16587114,0.2153256,0.26729822,0.31521034,0.35779,0.396358,0.43256783,0.46603513,4
0.52542037,2.68818235,27.75757599,2.03729844,2.04330063,1.074193,3.21252537,5.09364891,6.11041212,6.3701663,6.42819929,6.44113016,6.44649553,7
0.99581363,7.26875185,153.11848366,2.0,2.9,0.55977654,1.3800826,1.8793473,2.1164842,2.2285104,2.288693,2.3279042,2.3575463,0
0.71973916,52.20871152,56.68944959,2.8,2.1,0.49384117,1.1967585,1.6621611,1.9375222,2.131121,2.281634,2.402095,2.5046952,19
0.74506152,83.95467377,175.61448669,2.20733261,2.21260786,0.2542181,0.46028733,0.62498832,0.76224017,0.87665844,0.97303462,1.0554812,1.12576175,17
0.9500725,269.00149124,147.10593899,2.9,2.2,0.11498594,0.19216108,0.2546563,0.3224435,0.39140868,0.45664048,0.5182247,0.5776684,2
0.6471686069787815,2.812590859631565,0.253603794284367,2.2300014439718927,2.796954103703474,1.1826021671295166,3.796266078948975,6.327389240264893,7.917150974273682,8.585662841796875,8.795768737792969,8.905220031738281,8.997489929199219,13
0.9235974735284808,7.269360565246934,0.062016894503047,2.416398633412825,2.772600439939384,0.9011001586914062,2.543786764144897,3.649585008621216,4.222209930419922,4.558419227600098,4.7909345626831055,4.973913192749023,5.11440372467041,5
0.81817288,282.78009402,164.59789982,2.1,2.5,0.09689093,0.1504631,0.19478488,0.23374176,0.27805233,0.32108068,0.36148334,0.3999958,2
0.8107519763462321,7.521333179638272,0.0049743088522682,2.3233627572083573,2.258127275335936,0.9159226417541504,2.5261263847351074,3.572242259979248,4.10484790802002,4.413120269775391,4.626185417175293,4.782107830047607,4.910957336425781,22
0.95022702,117.84664154,263.67523193,2.06049228,2.55956268,0.15207696,0.24514651,0.33661485,0.42130423,0.49885774,0.57020998,0.6365993,0.69852352,17
0.93430008,88.44430873,220.40061024,2.4,2.4,0.20356941,0.3465531,0.4799714,0.5969057,0.7012763,0.7948737,0.87874246,0.95485425,17
0.5275508128364239,2.5939818596133177,0.3043856693919533,2.113174761426393,2.179156409624904,1.145193576812744,3.6575658321380615,6.158323287963867,7.874225616455078,8.643929481506348,8.773835182189941,8.794540405273438,8.81849479675293,13
0.43769336,118.62184906,194.41976929,2.26144218,2.04010344,0.27476883,0.47563553,0.59870243,0.68730664,0.75681448,0.81419468,0.86266685,0.90343285,17
0.3985089221086502,270.81808170229294,0.0153156604971054,2.6961383661092926,2.636771443599451,0.3113653659820556,0.5863430500030518,0.7911713123321533,0.9572391510009766,1.0955560207366943,1.21482515335083,1.318812608718872,1.4112727642059326,8
0.53813779,61.97606721,358.45986208,2.2,2.8,0.28224182,0.45740128,0.53157115,0.5771353,0.6116984,0.6391833,0.66098857,0.6814997,21
0.66176658,296.55775487,266.20721857,2.6,2.3,0.10750103,0.15301752,0.19334984,0.22966194,0.26809835,0.3040738,0.33757734,0.3702879,4
0.5812466403549754,11.741258046609492,1.0400265729346982,2.9297297,2.66079378,1.061732292175293,3.169616222381592,4.851925849914551,5.702976703643799,6.081532955169678,6.3376898765563965,6.536880970001221,6.681967258453369,5
0.6038152636386671,88.31581695368064,0.0445555164625434,2.400445919679514,2.327728599984689,0.4513943195343017,1.0398976802825928,1.43822979927063,1.6949336528778076,1.8845832347869875,2.033381223678589,2.162147283554077,2.270465135574341,18
0.97153622,140.58532715,281.61224365,2.01118064,2.01998019,0.09357643,0.1434474,0.18779016,0.22795725,0.26901984,0.30643535,0.34213972,0.37598372,4
0.91097983,181.56426332,37.98728408,2.2,2.5,0.15875173,0.2739799,0.38560987,0.49209332,0.5926249,0.6873441,0.7765658,0.8606396,15
0.37581949,247.63399659,140.2870509,2.1,2.5,0.19328618,0.27739644,0.35189748,0.4154744,0.471771,0.5227318,0.56936216,0.6110859,2
0.5725621480543356,22.57415519035352,0.0044825175613853,2.912740954496162,2.1481657213778727,0.843350887298584,2.322479248046875,3.2909798622131348,3.781737804412842,4.062968254089356,4.256598472595215,4.393187522888184,4.501377105712891,22
0.6861294682733768,2.5611704008991354,0.5604726333077854,2.1332526648517174,2.701729362793763,1.164620876312256,3.706907987594605,6.089420318603516,7.518310546875,8.12505054473877,8.338957786560059,8.469023704528809,8.569914817810059,13
0.51892832,16.64950694,151.03802243,2.5,2.3,0.7313652,2.0697834,3.0146701,3.340009,3.3784864,3.379276,3.3814414,3.384055,23
0.3531346,202.35038158,32.21984098,2.7,2.1,0.38557577,0.84230566,1.1351304,1.3087039,1.4371293,1.5397573,1.6225481,1.6953056,9
0.6129232984177522,4.45251950591418,0.0111994322811218,2.140665532524282,2.2256128412935947,1.0876729488372805,3.3162100315093994,5.16400146484375,6.141879081726074,6.536984443664551,6.731319427490234,6.864391326904297,6.949841499328613,5
0.98278596,164.58656123,258.88195025,2.3538059,2.81165905,0.14231992,0.22639227,0.30505466,0.38484478,0.46016026,0.53003883,0.59619594,0.65918136,4
0.9734444302748628,3.4072875835083667,0.113863919061347,2.710427491916288,2.835344243468186,1.044010877609253,3.0167601108551025,4.45810604095459,5.214748382568359,5.652125358581543,5.981311798095703,6.234432220458984,6.429706573486328,5
0.76654828,5.19883633,13.88900185,2.18006396,2.49900079,1.02798438,2.97671056,4.38047409,5.0599947,5.34165764,5.49792862,5.58899212,5.64617538,6
0.42759358,207.68214533,85.31694586,2.4,2.5,0.28431225,0.5096803,0.6749189,0.80809784,0.9194901,1.0150218,1.0975907,1.1684222,10
0.51499182,130.45136458,143.94648497,2.59438584,2.22920084,0.29450154,0.54170203,0.71650815,0.85170865,0.96031809,1.04988503,1.12570739,1.19100881,10
0.65085222,96.70792438,51.41072853,2.2,2.4,0.34501648,0.70425487,0.9719014,1.1737611,1.3328109,1.4643655,1.5746372,1.6675727,9
0.35827425,139.37054589,60.79003832,2.2,2.7,0.4416933,1.0075028,1.3431804,1.5008309,1.6038835,1.6844757,1.7508028,1.8105347,19
0.63846825,16.65674126,27.03375997,2.3,2.9,0.86387706,2.3482537,3.331469,3.818468,4.078665,4.239274,4.3439875,4.4135847,23
0.70948444,104.17070815,301.1325373,2.3,2.6,0.19806814,0.29646468,0.38353014,0.45619106,0.5199406,0.5761397,0.6265733,0.671551,17
0.5067617304436913,18.39947508918296,0.0144956477908842,2.882311888854532,2.802560256016869,1.0402982234954834,3.1330466270446777,4.831290245056152,5.693052768707275,6.041218280792236,6.259907245635986,6.418762683868408,6.526138782501221,5
0.34236733,3.87293462,64.94472382,2.35655959,2.1308133,1.0178566,3.0346241,4.83185196,5.8497324,5.97925568,5.98477173,5.98518753,5.98518753,7
0.4248279064268856,247.3979902644664,0.0518258691766904,2.805555623969438,2.747311400898362,0.332413911819458,0.6464569568634033,0.8800055980682373,1.0671727657318115,1.2206883430480957,1.350982666015625,1.463244915008545,1.5625591278076172,8
0.64149981,10.02315438,142.69981013,2.7,2.7,0.8080058,2.32419,3.4704163,3.9715517,4.1063156,4.123535,4.1240177,4.1259203,23
0.80046719,3.1309607,329.92120361,2.13796496,2.92679596,0.57838535,1.61375666,2.35712647,2.50564408,2.50824428,2.5085094,2.50985599,2.51004338,1
0.7580269448500578,3.984055852998957,0.0966719679793663,2.920200719679389,2.023555484224635,1.0327692031860352,2.9175572395324707,4.224217414855957,4.919727802276611,5.358786106109619,5.728250980377197,5.996442317962647,6.2127299308776855,5
0.70216809,192.55797733,158.70261749,2.8,2.9,0.21924949,0.35597038,0.4874344,0.6071093,0.7149973,0.8136895,0.9049132,0.9889877,17
0.65244276,182.18618132,51.87529986,2.9,2.5,0.27467132,0.5020001,0.7009373,0.8762791,1.03052,1.1679363,1.2898912,1.3991666,9
0.70268223,208.29285752,146.00491068,2.3,2.9,0.1659143,0.25780916,0.35081768,0.4342444,0.51185036,0.58441854,0.6515715,0.71468186,17
0.78713351,234.03452976,242.35147529,2.6,2.3,0.12041235,0.18173862,0.23923564,0.2938671,0.34728694,0.39798284,0.44608712,0.49142385,3
0.9368237247683668,2.859268799042024,92.53492859426107,2.5879896515568896,2.9208079827896,0.9098658561706544,2.7196285724639893,4.136139869689941,4.84035587310791,5.118417739868164,5.246303558349609,5.295260429382324,5.313716888427734,7
0.6463514012578553,15.529971831250569,0.0672783792475817,2.9028798024612774,2.653270240905812,0.9578254222869872,2.769904613494873,4.083237648010254,4.741497039794922,5.085361480712891,5.31870698928833,5.486478328704834,5.616270542144775,5
0.98950708,37.64170074,242.114151,2.76928329,2.13325763,0.27510548,0.51455808,0.6980176,0.84186959,0.95616579,1.04783535,1.1231761,1.18398595,10
0.97545899,103.42189824,38.3177342,2.3,2.9,0.23615265,0.44044852,0.631418,0.8041978,0.96043015,1.101623,1.2291594,1.3451304,9
0.4405186848683001,30.3149514745356,1.1033938171742368,2.1985528575254305,2.6507802740002315,0.9173157215118408,2.747747898101806,4.138083457946777,4.769924163818359,4.979844093322754,5.08819055557251,5.155957221984863,5.203369140625,5
0.93711927,254.14235003,313.69055806,2.7,2.6,0.13505173,0.16099024,0.19472814,0.24467206,0.29172206,0.3316691,0.37119794,0.40890718,4
1.0,144.5835327439494,400.0,2.0,2.5,0.0977718830108642,0.1395142078399658,0.1783323287963867,0.2122435569763183,0.2463870048522949,0.2785873413085937,0.309391975402832,0.3389415740966797,11
0.37379823,120.3429116,11.74963019,2.51911324,2.99420535,0.6239984,1.7062521,2.43225479,2.73440647,2.86764336,2.96128178,3.04224873,3.1129384,22
0.33292507,87.74484541,158.13776884,2.7,2.8,0.5780804,1.524509,2.152842,2.354331,2.3969479,2.4274726,2.45584,2.4818196,0
0.33963856,296.08480342,25.83584778,2.6,2.1,0.262424,0.45560265,0.6004958,0.7213619,0.8243201,0.9132285,0.9896388,1.0588579,15
0.74657677,285.4338688,301.60416563,2.3,2.9,0.11893463,0.1388781,0.16942787,0.19288301,0.22263122,0.24928236,0.2715974,0.2966447,11
0.78878123,85.66086011,89.03290022,2.52881704,2.27874638,0.29776621,0.58000278,0.80990791,1.00077081,1.15942931,1.2932725,1.40749812,1.50785494,10
0.38071414,141.63991584,235.08566966,2.7,2.1,0.32211137,0.6216676,0.80008674,0.9067056,0.984205,1.0487087,1.1005032,1.1473081,21
0.48057109,14.80767536,9.5860157,2.02833295,2.35042334,1.00284028,2.92604256,4.35096645,4.99465895,5.17308331,5.25943422,5.30285311,5.33309031,6
0.3685020232039897,3.4696412771051923,34.839456200354,2.10331922,2.76232337,1.1132493019104004,3.664271593093872,6.452733039855957,8.623677253723145,9.677007675170898,9.775904655456545,9.775915145874023,9.775915145874023,14
0.9322632,19.46997643,163.13543701,2.07119656,2.80073571,0.49499798,1.21593261,1.68853092,1.94356656,2.10099864,2.21361184,2.29850745,2.36611867,20
0.5241125221274707,30.81709993921489,6.080558079497101,2.323526907183823,2.5791841251069414,0.8396937847137451,2.426788806915283,3.5248823165893555,4.017570018768311,4.2370219230651855,4.360852718353272,4.4570841789245605,4.528329372406006,22
0.40356702,46.48297501,377.17034912,2.48207903,2.04801846,0.29106402,0.45452428,0.47610044,0.4823041,0.48848152,0.49350548,0.49803734,0.50217557,21
0.90207017,45.16457584,387.10438971,2.80219071,2.69660453,0.27679324,0.47959971,0.6172421,0.72479033,0.80967259,0.87806463,0.9337194,0.97967505,17
0.36694771,13.3678236,30.96463203,2.54497886,2.25070691,1.0545578,3.11035013,4.82082558,5.7240324,5.93474865,6.01129341,6.04464722,6.05804539,7
0.74173399,176.60267312,52.47092916,2.4,2.5,0.2091403,0.36329722,0.5096438,0.64244103,0.76292825,0.87346005,0.97499394,1.0679018,16
0.59130748,206.79051805,237.70795744,2.6,2.0,0.15264916,0.2246747,0.29769754,0.36257648,0.42216778,0.47729158,0.52839684,0.5763066,3
0.38393072,288.24450586,324.53350959,2.6,2.1,0.1289041,0.15268111,0.1800425,0.20079756,0.22175694,0.23984838,0.25851464,0.27618885,11
0.54649154,273.31289856,242.45818406,2.31972679,2.7188633,0.14940453,0.2075057,0.26648498,0.32115293,0.37320876,0.42085791,0.46530843,0.50725365,3
0.93124936,251.16793828,261.97977492,2.4,2.9,0.13761449,0.1634984,0.20522928,0.25137568,0.300596,0.34184384,0.3812306,0.42117953,4
0.32011305,130.75037911,174.09128461,2.00500581,2.17625271,0.34137225,0.67175508,0.83781981,0.91652298,0.97438169,1.01890397,1.05628276,1.08659554,21
0.35571367,276.59707642,159.97544861,2.22389984,2.36380076,0.18858075,0.26283884,0.33145165,0.39045811,0.44284201,0.49097753,0.53474426,0.57511187,2
0.52900851,134.72940063,262.3838501,2.8680861,2.69347,0.29274392,0.50839233,0.65403795,0.77200675,0.86850882,0.9504087,1.02016139,1.08047986,10
0.43890429,5.93794107,5.85228872,2.19294024,2.05994701,1.13570285,3.39063883,5.41098642,6.55177164,6.91614199,7.07310724,7.15581656,7.18593264,6
0.4099478767297713,86.40121407565525,355.92823601931605,2.0,2.0,0.2145893573760986,0.2916295528411865,0.327592134475708,0.3565547466278076,0.380549669265747,0.401146650314331,0.4195654392242431,0.4358434677124023,4
0.92709659,7.39642966,15.45526409,2.3107346,2.9970512,0.89201188,2.5244832,3.63965368,4.19913292,4.49324608,4.68933868,4.82649088,4.94732237,22
0.30060205,269.15235502,168.50180067,2.13915616,2.3673908,0.20985985,0.29703903,0.36534071,0.42264962,0.47339964,0.51853395,0.55984974,0.59655428,2
0.7921615519308303,13.867048799246588,0.252903588294819,2.8773322714610927,2.5426741424125057,0.8503470420837402,2.3367133140563965,3.325057029724121,3.857614517211914,4.175981044769287,4.404438018798828,4.584077835083008,4.726827621459961,22
0.83769704,277.0518248,309.10758105,2.9,2.5,0.13674831,0.16681123,0.20250082,0.25672245,0.3033762,0.34542704,0.38658404,0.42606497,4
0.6651758820991571,185.7682943058658,0.8545766844696358,2.8876188990982303,2.53682082078502,0.269662857055664,0.4963016510009765,0.6975276470184326,0.8752915859222412,1.0322554111480713,1.1731534004211426,1.2982654571533203,1.4115567207336426,8
0.87576994,139.96197083,35.79282033,2.3,2.9,0.2162683,0.3893397,0.5540743,0.70430064,0.8414967,0.9668162,1.0819764,1.1869235,15
0.4877330666830748,30.525590370509693,0.2688094409907449,2.001912284588621,2.091376705423101,0.7914516925811768,2.181447982788086,3.048949718475342,3.4091858863830566,3.5768094062805176,3.678251266479492,3.762097358703613,3.826786518096924,22
0.4169470142498757,132.28420696870586,20.73455314706024,2.205896777072704,2.4948603130764493,0.462080717086792,1.1122236251831057,1.5122687816619873,1.7213237285614014,1.860167026519776,1.9742789268493648,2.065913200378418,2.1444907188415527,19
0.68619531,154.61225419,265.00111927,2.7,2.6,0.20587063,0.3189721,0.42430878,0.517781,0.60104465,0.6765294,0.7453892,0.808445,17
0.55295965,152.57704463,179.48456757,2.2,2.4,0.22090721,0.3593266,0.47370696,0.5709169,0.654794,0.72872496,0.79340506,0.8526802,17
0.53717637,7.28682137,20.37932014,2.93104315,2.54045773,1.14030266,3.37681341,5.27443552,6.33942556,6.71351767,6.88178205,7.02499819,7.09835768,7
0.3796235311614153,6.974336998433119,135.88740220836522,2.49011087,2.94302177,0.9031317234039308,2.82502555847168,4.611804008483887,5.683801174163818,5.894169330596924,5.903316020965576,5.903629779815674,5.903706073760986,7
0.7949698,175.98280003,259.65231462,2.70288406,2.11059282,0.12392855,0.17744923,0.22920561,0.27641582,0.32121325,0.36380053,0.40381956,0.44111586,4
0.406449,276.11983818,367.84050809,2.3,2.4,0.10908222,0.12674212,0.14534974,0.14907646,0.15781403,0.16690874,0.17682195,0.18427157,11
0.70034801,41.35170611,235.68783657,2.7,2.6,0.44517517,1.0296824,1.4146197,1.6078207,1.7179816,1.796921,1.8562739,1.9049823,20
0.51346942,104.35796458,161.48362481,2.27473573,2.94027658,0.40922689,0.92711544,1.27221394,1.4702599,1.60400486,1.70977736,1.79366469,1.8652246,20
0.76353738,167.3658685,225.71024236,2.1,2.8,0.14041734,0.20699239,0.27389646,0.3346231,0.39040947,0.4427595,0.49143267,0.5370407,3
0.95589328,119.36045837,31.29896736,2.46188521,2.22624135,0.20367193,0.36952996,0.52797627,0.67361617,0.8070271,0.93008852,1.04233694,1.1460824,15
0.8630492556049385,1.4056466488592754,164.41882255733069,2.799358556801986,2.7377085011342555,0.8385252952575684,2.5192737579345703,3.909484386444092,4.572176933288574,4.745615005493164,4.767680168151856,4.768006801605225,4.76810884475708,23
0.43548341,296.58217491,272.98063606,2.2,2.2,0.10857844,0.13574457,0.16174006,0.17924619,0.19992828,0.21957493,0.23774815,0.25518823,11
0.36187449,154.27419705,324.51532454,2.3,2.8,0.23151731,0.31326675,0.3574071,0.39341402,0.42524004,0.45389414,0.47883677,0.50174975,4
0.84372253,265.31642808,291.68127109,2.1,2.4,0.07941175,0.11711788,0.14507127,0.16115189,0.18682313,0.21176457,0.23531747,0.25749826,11
0.87914856,52.97319877,134.11323573,2.8,2.6,0.38861132,0.829875,1.1673701,1.4224727,1.6201279,1.7794039,1.9123423,2.0232656,10
0.42603158,281.03284392,17.46541686,2.6,2.7,0.2683313,0.46637225,0.6255088,0.7621379,0.88183093,0.98676085,1.0798051,1.163562,15
0.6008951790213581,2.332348118337296,0.1072982533991043,2.3472236827240573,2.097564043266791,1.1416511535644531,3.5679001808166504,5.817984580993652,7.252784729003906,7.83830451965332,8.033121109008789,8.156237602233887,8.249516487121582,12
0.5385531461184162,33.747515915437454,0.0100985211427701,2.083655027250493,2.395460747069976,0.7728114128112793,2.166312456130981,3.0497071743011475,3.4346683025360107,3.6186697483062735,3.734450101852417,3.825413465499878,3.9087860584259033,22
0.90203228,253.75033074,44.91406318,2.2,2.6,0.1255846,0.21154356,0.28949833,0.36488867,0.43985295,0.513016,0.58204174,0.6483109,2
0.62846053,126.74448395,8.14472485,2.01696777,2.29663706,0.30140853,0.59051919,0.82016683,1.00743294,1.16299486,1.29258728,1.4047935,1.503227,9
0.54429054,6.15945346,325.66843808,2.19200147,2.7707788,0.57917619,1.6072216,2.33369541,2.45367813,2.45721769,2.45796824,2.45962906,2.46034765,1
0.93720509,48.91022987,276.96271463,2.92376051,2.24127506,0.24980021,0.43869829,0.58493304,0.70319533,0.79993367,0.88121057,0.9489181,1.00607061,17
0.68661791,4.46331739,43.70016479,2.04534531,2.58945203,1.01287866,3.02120018,4.62253332,5.41001272,5.62717152,5.68896151,5.70937872,5.71644258,7
0.34422773,279.4859314,219.51463318,2.14226508,2.70104122,0.19734168,0.27478218,0.34195757,0.39953589,0.45114779,0.49832273,0.5408051,0.58120012,3
0.31206015,63.68957327,47.91571146,2.9,2.7,0.84175634,2.4748733,3.7562659,4.3534994,4.521988,4.5663347,4.589965,4.611972,23
0.7547566812534504,12.140625417854706,0.0142932184071019,2.7925572020762472,2.150869209029496,0.8471591472625732,2.272319793701172,3.1926465034484863,3.6895503997802734,3.995725154876709,4.214519500732422,4.382565021514893,4.505937099456787,22
0.85555311,207.21005832,123.22703067,2.69034236,2.10585986,0.13298488,0.21204305,0.2877903,0.360991,0.43087888,0.49801946,0.56101465,0.62100673,2
0.4224765,198.83521713,199.63841418,2.81511667,2.63249262,0.28069329,0.47279668,0.60280275,0.71018839,0.80070639,0.87875247,0.94645119,1.00624537,17
0.3096106917334289,16.22752814272543,0.0070046437876972,2.6050496013520785,2.0930707904052444,1.0654523372650146,3.271090269088745,5.255229949951172,6.424883842468262,6.817744255065918,6.908528327941895,6.96663761138916,7.006143569946289,5
0.78213141,100.01769459,397.94040031,2.77310787,2.10853431,0.13835025,0.17034578,0.20274925,0.22680902,0.24913192,0.27077007,0.29015684,0.30753922,11
0.31075471,201.87749601,8.48382227,2.57377058,2.50093307,0.45195007,1.04903793,1.41722989,1.59372735,1.70874667,1.80085397,1.879668,1.94574857,18
0.57175896,143.73793598,26.39548819,2.3,2.2,0.30365968,0.5866425,0.8071656,0.9845643,1.1297221,1.2524731,1.3568358,1.4472375,9
0.6792526626141548,60.84725197384385,0.0497880225184229,2.976487163774621,2.700206249506653,0.5754387378692627,1.4451017379760742,2.043368339538574,2.396671772003174,2.63846206665039,2.8251399993896484,2.980135917663574,3.1150593757629395,18
0.47437531,243.47290039,307.85787964,2.10736752,2.24561548,0.11488032,0.14357924,0.17188787,0.19274187,0.21586037,0.23655772,0.25679183,0.27570486,11
0.8285793,158.70319528,345.79769494,2.9,2.2,0.14435577,0.2113738,0.27814746,0.34150338,0.4006257,0.4555323,0.5061207,0.5536239,4
0.5275185,113.8212038,213.18960237,2.4,2.6,0.30362558,0.5565541,0.7256224,0.85121655,0.95047283,1.0313234,1.0983608,1.15733,10
0.64090208,175.97431056,81.20237342,2.0,2.0,0.16791105,0.28257203,0.38830757,0.48379016,0.57033539,0.64863729,0.72045064,0.7861588,16
0.7819092280923282,17.25044657080946,0.0057318590168342,2.7012993423562666,2.2648411382362297,0.7599160671234131,2.010658502578736,2.8030712604522705,3.235690832138061,3.504392385482788,3.700727224349976,3.8592684268951416,3.9839956760406494,22
0.98209542,80.36110687,385.1078186,2.30609846,2.86470294,0.17952824,0.27518964,0.36783338,0.44943905,0.52227879,0.58776832,0.64689517,0.7001276,17
0.9021020112309514,4.294495335565627,56.57713872361861,2.06115174,2.22353959,0.822422981262207,2.28446888923645,3.216458559036255,3.6461708545684814,3.85113787651062,3.9603755474090576,4.025724411010742,4.075741767883301,23
0.91198383,121.56375403,133.80549518,2.1,2.3,0.16222501,0.27677703,0.38614106,0.48760056,0.58009815,0.6656034,0.74434423,0.8172977,17
0.3497868951973966,23.94354134299236,0.3739608126564075,2.2740330778520224,2.385994570646278,1.0120487213134766,3.0880963802337646,4.819192886352539,5.71239185333252,5.95650577545166,6.04239559173584,6.091486930847168,6.125268936157227,5
0.53898943,242.83326354,297.7139699,2.7,2.8,0.17145467,0.22601438,0.28540587,0.34006166,0.3882661,0.4329126,0.47454643,0.5135982,4
0.97066508,14.74522756,324.25161727,2.8,2.3,0.41335654,0.9379811,1.2762344,1.4329205,1.4994874,1.5353191,1.5600755,1.5781353,1
1.0,171.52312785,325.69043067,2.0,2.0,0.073982,0.11149549,0.14084888,0.16429639,0.19124651,0.2155683,0.23951364,0.26344132,11
0.73244274,73.92342407,153.96607486,2.9,2.0,0.3434329,0.72337556,1.0068274,1.2192559,1.3839405,1.5174308,1.6286047,1.7215815,10
0.87074434,151.2305686,345.59990347,2.16207556,2.89159776,0.13841772,0.20544481,0.27268147,0.33628583,0.39536119,0.4511981,0.50237083,0.5507102,4
0.40306938,20.61008641,218.7002579,2.72314992,2.7830682,0.68962312,2.0128243,3.02230144,3.41209722,3.4474051,3.44781423,3.44806218,3.44821334,23
0.56226358,287.83408272,294.42408758,2.2,2.8,0.10726619,0.14050484,0.16994143,0.18876028,0.20901346,0.23203087,0.25260377,0.2723317,11
0.7118997431729682,1.3241537963530414,0.0175787286047967,2.4022263662007672,2.935783602727825,1.2429211139678955,4.050329208374023,6.969855308532715,8.959102630615234,9.869670867919922,10.12347412109375,10.220688819885254,10.325785636901855,12
0.48914229,248.68449458,26.59515868,2.7,2.9,0.28596568,0.51192975,0.6962364,0.8551822,0.9934592,1.114686,1.2222328,1.3186202,9
0.91086864,19.45313835,4.23768187,2.27502275,2.9149158,0.6769526,1.77796912,2.48168159,2.8759377,3.1365726,3.33373284,3.49517894,3.63225198,22
0.4654968015640296,58.71989479304959,0.0182173213763546,2.3379480195381714,2.731283147967274,0.7338144779205322,2.09412145614624,2.996665477752685,3.396277904510498,3.573682308197021,3.6903133392333984,3.778812885284424,3.854756355285645,22
0.347293222378237,11.669539957615438,31.97024718225182,2.5,2.5,1.063159465789795,3.3323240280151367,5.498496055603027,6.852841377258301,7.276707649230957,7.300121307373047,7.310644149780273,7.317506790161133,7
0.46273935,136.63726807,396.87887573,2.54035997,2.09266424,0.15035963,0.16683054,0.18427253,0.19538379,0.20660758,0.21615458,0.22606921,0.23531985,11
0.5911494387076122,5.400625440935684,0.121254168803983,2.31409202566607,2.580248383909052,1.1338598728179932,3.532282829284668,5.6587629318237305,6.8568925857543945,7.320595741271973,7.515878677368164,7.640871047973633,7.741119384765625,5
0.52940875,147.19816589,158.94178772,2.0144856,2.07801747,0.21102667,0.34670877,0.45762372,0.55118012,0.63167262,0.70211649,0.76318336,0.817662,17
0.78906846,9.3351059,8.15167809,2.06565666,2.36463165,0.87816095,2.39635158,3.34743667,3.7877419,4.01838398,4.16595078,4.26824093,4.35027885,22
0.7367952340914325,4.022708447833457,0.038018050564654,2.1222846119734973,2.567475978655144,1.085634469985962,3.302011251449585,5.077145576477051,5.989874839782715,6.384426116943359,6.618424415588379,6.785295486450195,6.906766891479492,5
0.83144024,24.56533296,383.83167119,2.9,2.9,0.40132332,0.8596711,1.1514087,1.2852302,1.3437877,1.3780456,1.4024625,1.4211612,21
0.6151286435933389,2.5539791508430025,0.0183042601265817,2.534956156432334,2.3544096167520188,1.1799023151397705,3.715508460998535,6.115860939025879,7.624018669128418,8.251289367675781,8.449853897094727,8.588399887084961,8.705182075500488,12
0.91895519,235.88529514,152.64090937,2.7,2.7,0.15623355,0.23124361,0.30915785,0.3957119,0.47528696,0.54918265,0.6203563,0.6881566,2
0.6770210302041358,7.418731541296003,0.820256423393923,2.2383221168793206,2.512482800346054,1.028245449066162,3.056258201599121,4.591319561004639,5.335771083831787,5.664126873016357,5.869511127471924,6.011269092559815,6.12128496170044,5
0.63760424,287.41056841,0.07557078,2.6,2.6,0.18605065,0.30638623,0.42439485,0.5353496,0.63830566,0.7340839,0.82428837,0.9091325,15
0.3029608,186.85756963,369.62476734,2.5,2.7,0.23051,0.29245853,0.32132435,0.34630823,0.36977506,0.39017797,0.4086852,0.42592502,4
0.99139051,177.02661822,152.54167613,2.0,2.6,0.11808205,0.1916573,0.25837183,0.3232925,0.3885827,0.4497707,0.5075588,0.5623429,2
0.38958432,280.14669525,365.49868909,2.87574381,2.21388087,0.11786485,0.13689661,0.15567207,0.15734863,0.16837096,0.17837071,0.18037772,0.18755364,11
0.61610233,98.09955559,50.22026524,2.9,2.1,0.41257644,0.9335072,1.3011005,1.5515308,1.7398355,1.8900638,2.0122035,2.1161106,19
0.62071157,229.8673734,234.21897558,2.2,2.6,0.13205647,0.18425226,0.23603296,0.28158355,0.32486033,0.36615467,0.4052329,0.4417243,3
0.69460577,204.2978052,369.80713797,2.6,2.2,0.11674476,0.15501046,0.1933024,0.22603631,0.25753188,0.28757095,0.31618762,0.34327817,11
0.38751156,47.09836757,21.09819416,2.9,2.9,0.91653085,2.6853328,4.074094,4.757623,4.996401,5.096062,5.1590924,5.2030644,7
0.6054518608761091,1.0611444937627277,0.1029739232288162,2.2212777147642915,2.479662029141774,1.2175159454345703,4.015131950378418,7.053372859954834,9.391302108764648,10.563796997070312,10.681371688842772,10.690441131591797,10.697908401489258,12
0.98400396,243.50468445,38.30166245,2.55304956,2.35622931,0.12720561,0.21839857,0.30057788,0.38165259,0.46183848,0.53911686,0.61371446,0.68479371,2
0.30000001,46.10570908,400.0,2.0,2.0,0.27314544,0.39925766,0.40228009,0.40242648,0.40300059,0.40368104,0.40412211,0.40473795,21
0.7821729467759722,1.0292510097857528,0.2576229993869992,2.49597742234435,2.01618065052989,1.1428935527801514,3.509246349334717,5.572916507720947,6.80669641494751,7.3718581199646,7.667141437530518,7.887379169464111,8.06319808959961,5
1.0,293.61198874500667,400.0,2.005,2.005,0.0480544567108154,0.0721998214721679,0.0952930450439453,0.0970220565795898,0.1077103614807128,0.1156280040740966,0.122903823852539,0.1316938400268554,11
0.50741266,282.40903305,235.07686754,2.1,2.9,0.11983013,0.15558219,0.19076347,0.21730256,0.24444556,0.27325273,0.29897356,0.32335758,11
0.53165677,83.28912306,9.7968984,2.6,2.5,0.5596118,1.4076984,1.946475,2.2211661,2.39499,2.5299568,2.6413212,2.7383547,18
0.81788151,263.00970172,215.35157421,2.4,2.5,0.11288142,0.17012715,0.22078061,0.26898193,0.317703,0.36474133,0.40882897,0.45184898,3
0.75936507,225.33267416,331.1140405,2.4,2.8,0.12800264,0.15842843,0.19542074,0.22956657,0.2658403,0.29771256,0.32666302,0.35600114,4
0.37402284,14.05892563,1.60933852,2.54432678,2.13774657,1.10558057,3.2472105,5.02393198,5.94572639,6.22948742,6.36454582,6.46709061,6.5136652,5
0.84946653,71.73767752,220.87095514,2.7,2.6,0.29584575,0.5590236,0.76848936,0.94300914,1.0875819,1.210237,1.3147917,1.4047492,10
0.7977532910124935,181.773283547534,0.0460192927090281,2.542030049431286,2.447743288264664,0.2115101814270019,0.375101089477539,0.5325298309326172,0.677607536315918,0.8112485408782959,0.934838056564331,1.0487642288208008,1.1541070938110352,15
0.83878458,278.65667725,67.79676056,2.2479775,2.09608459,0.10280871,0.17097402,0.23146129,0.28772616,0.3465786,0.40266252,0.4567399,0.50802684,2
0.3259421813555289,124.36111205881949,0.0367672665100453,2.0624526490709973,2.632078856088043,0.5982506275177002,1.651625156402588,2.3077051639556885,2.5489346981048584,2.6594760417938232,2.742021322250366,2.8124749660491943,2.8718502521514893,0
0.34835865,130.47534777,121.53073949,2.6,2.8,0.4796114,1.1462643,1.5594974,1.7240849,1.8103151,1.8798275,1.9388199,1.9901428,0
0.30808671,247.08664267,20.53333372,2.44621764,2.41827292,0.34836078,0.69089437,0.90570998,1.04803085,1.15744495,1.24499798,1.3217206,1.38938022,9
0.71818706,260.7596371,325.29898598,2.5,2.6,0.12218714,0.15330815,0.18603516,0.22081494,0.25633407,0.28724265,0.31551623,0.3441875,11
0.6003984199425298,8.241255169043026,0.053886981257736,2.041055730060351,2.1704061099568754,0.9966440200805664,2.9110093116760254,4.296913146972656,4.942057132720947,5.216881275177002,5.386537551879883,5.493406295776367,5.581116676330566,5
0.83208715,200.13082376,220.16291957,2.7,2.8,0.16267467,0.24848247,0.33421302,0.41999078,0.49781275,0.5702722,0.6387193,0.703244,17
0.9060248,201.82188547,18.66975852,2.53905744,2.68693995,0.18157625,0.31447697,0.44247961,0.56814408,0.68621755,0.79675031,0.9014554,1.00032449,15
0.47449845,153.10108948,389.30334473,2.08467221,2.09317327,0.12372351,0.14014912,0.15476036,0.16462731,0.17696857,0.18819261,0.19826889,0.20790243,11
0.5030855782332093,35.45856522602687,1.3025579442482986,2.839088081092056,2.5373901270625066,0.8457975387573242,2.4167592525482178,3.5116727352142334,4.033875465393066,4.291585922241211,4.452319145202637,4.562301635742188,4.647533416748047,22
0.78119599,292.28397355,352.87390749,2.4321838,2.55436289,0.09845328,0.12673712,0.15150237,0.17209339,0.19949841,0.22505164,0.24598336,0.26814818,11
0.53668072,184.71342271,23.56092541,2.7,2.4,0.3164668,0.61460614,0.8468859,1.0379987,1.1968589,1.3319383,1.4484181,1.5511012,9
0.395662222571976,2.2169995338956263,0.0036012937197778,2.842125855784939,2.792621776029997,1.2900779247283936,4.301693916320801,7.781378746032715,10.809409141540527,12.56179141998291,12.615493774414062,12.622995376586914,12.629362106323242,12
1.0,50.04494716,333.07171056,2.84121963,2.0,0.18425441,0.2750051,0.35448194,0.42032242,0.47559547,0.52272058,0.56266284,0.59726429,4
0.7937243,202.1842041,116.67147064,2.07822347,2.2219162,0.12910104,0.21342874,0.2927506,0.36725807,0.43900251,0.5063889,0.56915569,0.62848568,2
0.8592849080670435,1.4824819811646843,0.2079123874210546,2.532164767275784,2.6825757834437427,1.1844861507415771,3.645456314086914,5.75117301940918,6.951210021972656,7.528140068054199,7.885807991027832,8.178485870361328,8.41486930847168,5
0.66873652,39.11247839,293.74546222,2.4,2.9,0.38669968,0.81680083,1.0711105,1.183032,1.2436433,1.285202,1.3186793,1.3453393,21
0.8101327904271143,1.7995709280595884,0.1144263751740025,2.4635065683668524,2.339844872069768,1.1435060501098633,3.458197116851806,5.336920738220215,6.374078273773193,6.867369174957275,7.192899227142334,7.46445894241333,7.674232006072998,5
0.697174295148184,0.7696988059153352,0.0723601670105345,2.5383458450352427,2.706056132695569,1.2633335590362549,4.163266181945801,7.327606201171875,9.685518264770508,10.88699436187744,11.022433280944824,11.035111427307127,11.045554161071776,12
0.61789322,278.68970647,253.53148609,2.2,2.2,0.09737444,0.13624191,0.17136145,0.1977706,0.22733903,0.25581264,0.28307724,0.30902553,11
0.87663034,240.61796881,16.98055146,2.8,2.4,0.16133595,0.27521968,0.38282967,0.49156332,0.5949547,0.69248986,0.7850554,0.8737979,15
0.3268389,106.74711703,376.30155237,2.4,2.4,0.27831793,0.42654467,0.46837902,0.49544787,0.5184703,0.53736377,0.55497384,0.5700865,21
0.3243137331675627,1.939996129686908,12.725464365724132,2.6,2.9,1.2560153007507324,4.208288192749023,7.678200721740723,10.764930725097656,12.822479248046877,12.929182052612305,12.93077278137207,12.932121276855469,14
0.88823852,153.81322418,63.74230436,2.00458197,2.76081407,0.18268609,0.3263433,0.46513033,0.59589195,0.71715569,0.83016872,0.93569517,1.03369927,16
0.67977578,202.72998664,193.00032412,2.9,2.7,0.20887256,0.32918382,0.44685912,0.55388737,0.65092707,0.74016523,0.82234335,0.89864755,17
0.78952459,64.06785111,221.55249334,2.7,2.9,0.34988666,0.7046788,0.9654858,1.1616049,1.3131232,1.4357266,1.5361991,1.6205444,10
0.3553309659956711,7.48656747191617,0.003789739936391,2.0716381179381744,2.5548098301843365,1.1576006412506104,3.781593561172485,6.537899017333984,8.560535430908203,9.512468338012695,9.643556594848633,9.65028476715088,9.656460762023926,12
0.31044775,245.47485166,139.76628605,2.3,2.6,0.25555444,0.40265536,0.49836993,0.57717204,0.6453521,0.7042389,0.7555258,0.80054,17
0.6337181104586734,1.0278045216195633,0.1389070521679553,2.3147580063350306,2.6849235018306805,1.2416391372680664,4.102016448974609,7.220281600952148,9.60158634185791,10.820481300354004,10.962944984436035,10.973247528076172,10.98167610168457,12
0.59042904,140.18143486,89.90403377,2.38718052,2.09769634,0.24970102,0.44737601,0.60855675,0.74313116,0.85827303,0.95808101,1.04387832,1.12044597,16
0.31549227,46.15543694,149.51875061,2.69440327,2.69736518,0.72731686,2.07852054,3.08648753,3.4688561,3.51560712,3.51839328,3.5222466,3.52622342,23
0.98314744,223.91433716,276.99798584,2.6826489,2.85772657,0.14898229,0.19284511,0.24607015,0.31456757,0.37455368,0.43049216,0.48473978,0.5363822,4
0.39938326,151.19539884,89.14163385,2.6,2.7,0.42356348,0.94267464,1.2764237,1.4596751,1.5818589,1.6808407,1.7619507,1.8305161,20
0.73702224,180.60728599,36.08168195,2.1,2.8,0.18881607,0.32474256,0.4555006,0.5747781,0.68365335,0.78452635,0.87704563,0.9626298,15
0.4070334,156.57871538,90.02093561,2.9,2.0,0.39151144,0.8833287,1.2041166,1.3891306,1.5141261,1.616107,1.701824,1.7727289,20
0.4756740673591241,1.182580000590651,86.98505813054554,2.49132566309416,2.1134585415649174,0.9216024875640868,2.821849822998047,4.513328075408936,5.4631123542785645,5.621032238006592,5.62522554397583,5.6263203620910645,5.626701831817627,7
0.89759117,69.5108059,373.34852014,2.2,2.4,0.16655874,0.23169804,0.295331,0.34811997,0.39362645,0.43337536,0.4684968,0.49965143,4
0.99801773,48.91428757,366.3164978,2.50426054,2.0992558,0.17453718,0.24917722,0.31753755,0.37304902,0.41932249,0.45894408,0.49271655,0.52177596,4
0.9408420872890654,5.635962601092093,122.05101297569637,2.464807939928913,2.5209807802984305,0.7285656929016113,2.030844211578369,2.893840312957764,3.289757251739502,3.462465286254883,3.5388126373291016,3.585336685180664,3.6198577880859375,23
0.53787109,219.34939221,257.24932157,2.2,2.3,0.13383126,0.17930484,0.22510815,0.26549244,0.3037393,0.3393576,0.372684,0.4034381,4
0.98014474,117.89092255,32.8010788,2.20871544,2.37615919,0.20087123,0.36622906,0.52427292,0.67083812,0.80587482,0.93079066,1.04564023,1.15154409,15
0.61094965,144.47838606,287.49540614,2.7,2.2,0.20743442,0.3222046,0.42229986,0.50794697,0.58318806,0.6508472,0.71127295,0.76687,17
0.5119084731597193,45.48312942082409,0.0208558439519993,2.5087264615240352,2.764253108217936,0.786421537399292,2.262924194335937,3.2781667709350586,3.74886417388916,3.9648609161376953,4.103536128997803,4.2007269859313965,4.2905354499816895,22
0.47806062,33.37712421,67.37423291,2.7,2.1,0.76950526,2.2228534,3.2380989,3.633221,3.738191,3.7788298,3.8080404,3.833915,23
0.8888603537683106,47.88938775480166,0.0035332908727237,2.6562919597321533,2.261483841174247,0.429995059967041,0.9554574489593506,1.3530592918395996,1.6462373733520508,1.872571468353272,2.058023929595948,2.21453857421875,2.349508762359619,18
0.35076273,65.09403401,215.66420054,2.7,2.4,0.54563594,1.4369421,2.0111053,2.144829,2.1533425,2.162967,2.1722968,2.181517,1
0.57953078,144.78144836,369.28356934,2.27052665,2.10124469,0.12666988,0.1521945,0.17703629,0.19554758,0.21542549,0.23350286,0.25071979,0.26685762,11
0.5739050728648472,119.8581120811511,125.29176228918102,2.435189369857843,2.36366913944868,0.30999755859375,0.6034846305847168,0.8187079429626465,0.98394775390625,1.117056369781494,1.2278053760528564,1.321852207183838,1.402808427810669,10
0.3381902453055401,18.58196826553636,4.409188813078125,2.9,2.3,1.0610921382904053,3.233725070953369,5.134968280792236,6.193813800811768,6.524342060089111,6.64400053024292,6.738897800445557,6.79975175857544,6
0.60668381,117.72393654,385.00498265,2.6,2.1,0.18024564,0.24479938,0.30288076,0.3520193,0.3950441,0.4332528,0.46788573,0.49974275,4
0.3889985669016554,4.487467695045245,17.241265037815545,2.24595475,2.75535941,1.1678848266601562,3.83857798576355,6.7520294189453125,8.980318069458008,10.04277229309082,10.137609481811523,10.13954734802246,10.141380310058594,14
0.81434193,104.12225704,207.80143593,2.24480607,2.39694642,0.20834208,0.35323167,0.48510814,0.60008907,0.70139027,0.79170585,0.87290597,0.9460566,17
0.6498133289584369,8.399985035291142,0.1391928207441309,2.811105149792841,2.141182037933932,0.9996733665466307,2.834400415420532,4.12288761138916,4.765974044799805,5.142114639282227,5.421029090881348,5.630755424499512,5.783652305603027,5
0.8567465291365445,200.59366582333573,0.0607660645194582,2.646069774510365,2.0202744214141624,0.1549367904663086,0.2659361362457275,0.3737497329711914,0.4781756401062011,0.5767593383789062,0.6701278686523438,0.7576537132263184,0.8410649299621582,15
0.70500192,221.49768871,131.0602272,2.8,2.1,0.16101408,0.26275873,0.3624506,0.45589256,0.54289436,0.6241741,0.70047116,0.77272105,17
0.62242596,121.22924129,61.9479275,2.8,2.4,0.36304522,0.75397515,1.0471423,1.2717912,1.4505112,1.5974607,1.722028,1.8265302,10
0.66749597,268.49291992,169.18788147,2.67931223,2.67529869,0.15553784,0.23293233,0.30923533,0.38491654,0.4549346,0.51922345,0.58070779,0.6385839,3
0.95903087,216.04406738,67.27177429,2.59570169,2.38999414,0.14181399,0.23990464,0.33158565,0.42199421,0.50905561,0.59226131,0.67177725,0.74761868,16
0.6869538,66.64275439,1.93994954,2.7,2.9,0.5420675,1.3129597,1.8460546,2.1737442,2.4022927,2.5819373,2.7304869,2.8574767,18
0.7986204709207003,222.6707257387812,302.5754899501016,2.1,2.4,0.096769094467163,0.1419653892517089,0.1831073760986328,0.2167832851409912,0.251906156539917,0.2863674163818359,0.3199496269226074,0.3516421318054199,4
0.65796119,267.72074711,47.45937037,2.2,2.6,0.1520524,0.24314976,0.33238053,0.41633987,0.49492097,0.56883717,0.6389291,0.7049258,16
0.6295954,149.63970131,4.79266536,2.25009523,2.41443406,0.29176784,0.55959916,0.78086257,0.96767664,1.12514997,1.26095462,1.37779999,1.48218322,9
0.868087130129629,3.053011516521207,0.2782993143126072,2.2993524609853884,2.331926084614921,1.041896104812622,3.0057976245880127,4.39599609375,5.104779243469238,5.494524955749512,5.773245811462402,5.985356330871582,6.144060134887695,5
0.9043571,77.07134254,154.70229159,2.8,2.4,0.28768873,0.5501821,0.7742448,0.9657304,1.1305919,1.2724304,1.3952906,1.502564,10
0.8588270344535798,22.89400769376592,1.249086127240469,2.644313534432109,2.8650215743115472,0.6978836059570312,1.8511414527893064,2.6113505363464355,3.040447235107422,3.3205599784851074,3.532238483428955,3.705119609832764,3.852007389068604,22
0.78746862,2.27285832,1.956494,2.5,2.5,1.19837666,3.52345181,5.41978884,6.45354843,6.93860722,7.23920441,7.487463,7.65975761,6
0.3075233499277603,64.98097850918,0.2792216371261805,2.18726825287942,2.3615859304401026,0.7928338050842285,2.287191390991211,3.3147172927856445,3.7236008644104,3.850041389465332,3.919872760772705,3.969884395599365,4.013369083404541,22
0.89483932,262.94702194,163.84381883,2.1,2.1,0.0829289,0.13621283,0.18254375,0.22186828,0.26416135,0.30446744,0.34438992,0.3829894,2
0.95104726,236.4372463,398.06191484,2.9,2.1,0.08838606,0.1286509,0.15775442,0.18729687,0.21999574,0.2508602,0.27865195,0.3057828,11
0.36446327,5.05792522,7.08545876,2.10757351,2.01179361,1.14492416,3.4864881,5.7289257,7.09266376,7.59943485,7.85422897,7.9904747,8.02527046,6
0.37374562,9.90478708,1.35266762,2.9,2.4,1.2345698,3.8501494,6.5402145,8.41717,9.212487,9.37837,9.42264,9.459544,13
0.66980743,293.23834229,112.38258362,2.78370667,2.19518566,0.12911034,0.19630766,0.26086545,0.32077265,0.37826157,0.43483138,0.48776197,0.53809929,2
0.99559364,50.54965595,150.46089195,2.1,2.3,0.25272274,0.47744775,0.66680884,0.8273196,0.96255827,1.0789669,1.1777525,1.2636755,10
0.5208501695221156,77.04070759909446,0.1696407724428805,2.11294159340202,2.271015971069872,0.5315868854522705,1.3246521949768066,1.7956457138061523,2.040548086166382,2.1995208263397217,2.332387685775757,2.4357755184173584,2.529827356338501,18
0.90739745,231.5142991,68.85299094,2.6,2.2,0.13416982,0.2287631,0.31667614,0.4024899,0.48576474,0.5655501,0.64150953,0.71431065,16
0.448330186335747,29.61707000789414,77.76673153883148,2.522859346159972,2.628547323297928,0.8027241230010986,2.3654561042785645,3.5279908180236816,4.038860321044922,4.199985980987549,4.260800361633301,4.294723033905029,4.322849750518799,23
0.99323422,19.47315788,14.22568512,2.01138234,2.57397413,0.5615499,1.35892344,1.87641811,2.20679951,2.44367361,2.62877274,2.78116798,2.91144323,18
0.40479054,54.9155308,2.64611846,2.20032424,2.07939373,0.72439003,1.92771244,2.64479971,2.92867851,3.05240107,3.13057566,3.19808388,3.25333166,22
0.78868593,73.69134805,147.19485249,2.7,2.3,0.33127546,0.668741,0.9302747,1.137357,1.3030355,1.4404216,1.5553067,1.6539235,10
0.6224798890931851,55.34263728645816,119.1027189892428,2.70687976000145,2.034024037290842,0.4126875400543213,0.9365665912628174,1.2719783782958984,1.4639313220977783,1.5909788608551023,1.6944639682769775,1.777013063430786,1.8453099727630613,20
0.31661442,130.89247131,169.21464539,2.0794549,2.53875685,0.40956783,0.92620158,1.21360183,1.31205249,1.36761928,1.41495967,1.45422292,1.48884535,21
0.31935056,229.12429641,255.69883248,2.8,2.9,0.28544736,0.45200014,0.5419831,0.61539364,0.6771929,0.7316773,0.779155,0.8227167,17
0.6690986183074077,2.00939180722135,0.0072054053938541,2.0128514745477344,2.1528932323129744,1.122490644454956,3.498950958251953,5.641419410705566,6.906135082244873,7.412208080291748,7.614020824432373,7.738163471221924,7.822344303131103,5
0.5323480874126717,2.217374364885057,2.281067873199445,2.25224328199398,2.05063012368828,1.1364004611968994,3.5970380306243896,6.0106353759765625,7.668710708618164,8.42341136932373,8.550918579101562,8.573995590209961,8.604357719421387,13
0.3556471135076642,1.3749961230337149,0.010880343936634,2.832482903218725,2.192339537148184,1.2337019443511963,4.055553436279297,7.230472564697266,10.015294075012209,11.755517959594728,11.79338836669922,11.800267219543455,11.806108474731444,12
0.78338573,117.44431621,28.17492255,2.4,2.6,0.28247428,0.53889537,0.76212335,0.9561076,1.1248457,1.2724838,1.4019794,1.5172455,9
0.30000001,255.56881714,223.89732361,2.0,2.0,0.14328313,0.17153335,0.19849086,0.22255373,0.24602818,0.26762819,0.28774238,0.30603743,11
0.9643547,260.96763445,349.77725251,2.10412522,2.12751761,0.06217599,0.09565282,0.12256861,0.13128161,0.14992237,0.16825581,0.18574977,0.20215058,11
0.82454441,223.09190204,380.20641097,2.4,2.3,0.08914423,0.12428641,0.15442276,0.17316031,0.19489169,0.216676,0.23872638,0.25983715,11
0.8772340501541664,1.2463966177618853,0.0056282675885795,2.393533473138675,2.752449493571481,1.1942451000213623,3.722429037094116,5.963484764099121,7.26630973815918,7.890336036682129,8.238990783691406,8.5048246383667,8.720240592956543,12
0.37581518,221.57807894,288.5716523,2.7,2.5,0.22675991,0.3212316,0.38854408,0.44672537,0.49852133,0.54452896,0.5862887,0.6239028,4
0.34414757,44.09258345,307.22551696,2.20060531,2.44510701,0.45634651,1.10313725,1.44772935,1.46867108,1.46878314,1.46937799,1.46960521,1.46969557,1
0.30401463,130.5963211,236.36698015,2.38796083,2.37894661,0.36060786,0.71930003,0.89650893,0.96390152,1.00885725,1.04516697,1.07737684,1.1043365,21
0.4123177150685264,12.220144629680568,7.8898545035284435,2.71358156,2.86202836,1.1404001712799072,3.607263803482056,5.983709335327148,7.482147216796875,8.033973693847656,8.138954162597656,8.190031051635742,8.236194610595703,14
0.7246484920556979,1.4369753527852511,0.6655514888613796,2.211429973536354,2.2875810285113607,1.1602458953857422,3.6473989486694336,5.930805683135986,7.314810276031494,7.901883602142334,8.129365921020508,8.277429580688477,8.3880615234375,13
0.71833974,286.0301838,317.39689974,2.4,2.1,0.08120871,0.11740923,0.14931941,0.16742945,0.18984294,0.21258903,0.23541164,0.25718045,11
0.85343806,166.56096288,226.84186065,2.61256951,2.90442691,0.18338275,0.29080153,0.397506,0.49953747,0.5923934,0.67885232,0.75918937,0.83479977,17
0.3397477,242.4663904,285.3725977,2.4,2.0,0.15985823,0.19366026,0.22967505,0.26062512,0.28900743,0.31435895,0.33840227,0.36052084,4
0.7399056,2.16852641,35.78219223,2.09023595,2.6747818,1.09169149,3.32479072,5.26256561,6.35510731,6.6892271,6.75811195,6.78306484,6.79202271,7
0.51713261,90.79451296,201.04729388,2.1,2.1,0.2912972,0.531286,0.6831503,0.7889459,0.86650324,0.9295869,0.9799671,1.0251768,21
0.99305084,258.89920632,262.84282689,2.0,2.6,0.07978725,0.12300467,0.15161133,0.17323565,0.20437169,0.23391414,0.26172018,0.28794718,11
0.5696136112928935,29.177433954300213,21.756674215942933,2.8700652148383075,2.267338210446906,0.7669436931610107,2.113499879837036,2.9929616451263428,3.423787832260132,3.654286623001098,3.802809953689575,3.910826444625856,4.0023345947265625,23
0.4189946003158263,95.62672745107382,379.2399838253849,2.2,2.7,0.2931904792785644,0.5203425884246826,0.630335807800293,0.6956841945648193,0.7457547187805176,0.7863647937774658,0.8199748992919922,0.8480422496795654,21
0.4198062921395444,9.587585774554848,43.83735097069079,2.16813299,2.67421748,1.0138235092163086,3.1969263553619385,5.21335506439209,6.419158935546875,6.757786750793457,6.772534370422363,6.779479026794434,6.782960891723633,7
0.42762969,289.35496649,383.75721212,2.5,2.7,0.1316235,0.14813447,0.1654656,0.18230724,0.20126295,0.21350718,0.22442508,0.23630929,11
0.8918569082537643,1.2006060093002706,0.0132372966928693,2.927834398777456,2.2802977538855806,1.1606693267822266,3.4635233879089355,5.300760746002197,6.327625751495361,6.87998628616333,7.32542085647583,7.73356294631958,8.073057174682617,5
0.57638693,269.58273315,162.17251587,2.21707511,2.39656591,0.13795686,0.2038188,0.26906347,0.32796597,0.38404751,0.43690014,0.48645854,0.53304648,2
0.709357320116738,2.7469989126304406,0.2055704639687202,2.8272652188197966,2.168948611939832,1.1226601600646973,3.35564398765564,5.163996696472168,6.133755683898926,6.605799674987793,6.951411247253418,7.249772071838379,7.496938705444336,5
0.4677626,189.32146138,169.29815096,2.2,2.6,0.22124028,0.3449731,0.4471748,0.53356767,0.6087291,0.6761992,0.7359452,0.7901206,17
0.86060391,282.4494345,70.35893342,2.27116801,2.52303178,0.11998081,0.20056653,0.27308655,0.34376717,0.41362762,0.48208761,0.54700255,0.60962939,2
0.5117692601702772,19.055656426244624,11.05173802941381,2.143729353961634,2.0333387481686267,0.8556473255157471,2.395667791366577,3.3969438076019287,3.832456350326538,4.026902198791504,4.140390396118164,4.213312149047852,4.274114608764648,22
0.7628567861457113,273.1880346187384,383.7721312222223,2.0,2.0,0.0559687614440918,0.0797970294952392,0.1002595424652099,0.1023130416870117,0.1131610870361328,0.1212642192840576,0.1288909912109375,0.1374258995056152,11
0.97735735,275.27583713,0.38082075,2.2,2.1,0.09929562,0.17764091,0.24832845,0.31229258,0.37817907,0.44298983,0.50619435,0.56736183,2
0.80818886,299.9626367,116.89756114,2.4,2.7,0.13410044,0.19287658,0.25515866,0.317446,0.3796878,0.4383242,0.49364758,0.547894,2
0.30103482,87.88118465,249.12311397,2.01391009,2.71017465,0.44880557,1.10508704,1.48507357,1.54907274,1.56107521,1.57299662,1.58398938,1.59403157,1
0.9106371929633048,117.4366408115632,0.2580823694152454,2.555117786780257,2.6555407850526698,0.2678296566009521,0.5054659843444824,0.7260932922363281,0.9247944355010986,1.1027657985687256,1.262831687927246,1.406895875930786,1.5368061065673828,8
0.43580639,297.36254968,366.09614847,2.20128555,2.44656665,0.10545802,0.12577534,0.14709306,0.15663648,0.16941428,0.18164706,0.19420981,0.20555735,11
0.89774958,215.36808987,174.55114381,2.4,2.4,0.12404752,0.19836807,0.26782322,0.33408475,0.3978715,0.4597938,0.51834345,0.57455826,3
0.89289351,287.73210846,202.33995275,2.2,2.3,0.0851593,0.13617516,0.17877007,0.21090627,0.24874997,0.2874806,0.32473874,0.35989404,3
0.55857565,245.35621448,202.32327054,2.2,2.8,0.14641213,0.20452714,0.26438498,0.31631207,0.36467528,0.4107511,0.45322275,0.49334526,3
0.75787494,293.2144135,329.02056764,2.6,2.9,0.14928198,0.15031528,0.1742444,0.21636105,0.25396514,0.28225493,0.3126614,0.3407638,4
0.7162788,173.6159707,207.67085323,2.9,2.3,0.19344091,0.31376076,0.42953277,0.5344937,0.630245,0.71793723,0.79882336,0.87362766,17
0.70971177,220.94402032,208.66760076,2.0,2.9,0.12073278,0.1728456,0.22234082,0.2685969,0.3130257,0.35591316,0.3959129,0.4334345,3
0.48384747,281.20674977,357.58588174,2.85271409,2.93185798,0.16434526,0.19412351,0.23764944,0.27654004,0.30754423,0.33908248,0.36735296,0.39458847,4
0.96566585,126.94537733,304.24465467,2.3576323,2.15548241,0.11783338,0.17362642,0.22649384,0.2736671,0.32016635,0.36340666,0.40368295,0.44103837,4
0.94866252,41.19071198,277.98480225,2.18805456,2.09339929,0.23023868,0.39711118,0.52611756,0.62902403,0.71269321,0.78206134,0.83766937,0.8841064,17
0.3814961,293.02151489,203.86787415,2.24742055,2.08414245,0.12779307,0.1613307,0.19425225,0.22178459,0.25100565,0.27799988,0.30244112,0.32575536,11
0.9083236376592712,0.8929817878669519,24.90202324974096,2.0256191793299503,2.33603180818256,1.0655958652496338,3.272528648376465,5.097981452941895,6.093743801116943,6.498680591583252,6.67007303237915,6.775112628936768,6.826028347015381,7
0.94885617,60.56994283,338.24750074,2.2,2.9,0.19768548,0.3028078,0.39429402,0.46909308,0.5337343,0.5900173,0.63811207,0.6804216,17
0.40400892,96.57749612,173.75244144,2.1,2.3,0.36708856,0.752115,0.959831,1.0545895,1.119524,1.1696036,1.2124238,1.2481153,21
0.62417266,52.15735973,74.83716133,2.9,2.6,0.5971279,1.5672748,2.2122176,2.5287035,2.7080228,2.838785,2.944155,3.033458,20
0.9463224,28.63071611,49.5504625,2.3,2.3,0.46187115,1.0466061,1.4566498,1.7342794,1.9379847,2.1007931,2.23512,2.3485377,19
0.82199821,35.01162066,20.00222009,2.4,2.0,0.51357675,1.2137728,1.6623976,1.9430461,2.1443777,2.3015647,2.4316554,2.5435157,19
0.5006070894150603,43.86079346725247,31.86532241317195,2.4250679399175867,2.8591828600138705,0.7612404823303223,2.213492155075073,3.226535558700561,3.680919885635376,3.864365339279175,3.9727084636688232,4.050837516784668,4.114574432373047,23
0.60978385,295.08471141,36.22235801,2.47965359,2.05250687,0.13012171,0.20522094,0.2749052,0.34170699,0.40708494,0.4680419,0.52557015,0.58046269,2
0.60991703,215.7422965,137.15566689,2.16950128,2.20954262,0.15123868,0.23534226,0.317204,0.39079356,0.45971322,0.52302408,0.58178592,0.63646436,2
0.80142095,108.05625781,186.85023106,2.4,2.2,0.21076775,0.36165094,0.4987223,0.6178596,0.7235193,0.8183842,0.90321994,0.97867465,17
0.7691219348961539,4.617488869105379,0.1070187766359389,2.329200021280287,2.1286715933962697,1.011265993118286,2.8713202476501465,4.151480197906494,4.790002822875977,5.146375179290772,5.4047369956970215,5.5960001945495605,5.732664108276367,5
0.37053814,272.00077195,137.37074557,2.7,2.6,0.25708675,0.41459537,0.5310559,0.63132906,0.7186768,0.7959392,0.8642266,0.92631745,17
0.35757284,67.69794521,106.21385605,2.96027591,2.41801782,0.63737202,1.71201468,2.40880632,2.65724945,2.73428392,2.77519798,2.81026697,2.8422699,0
1.0,210.09366324,399.93059402,2.00493264,2.0,0.05674696,0.08406782,0.10391521,0.10966539,0.12245321,0.1326375,0.14174867,0.15302825,11
0.73740029,19.51796722,36.1647644,2.19180703,2.0176146,0.65839267,1.65957475,2.23991966,2.52360582,2.68915272,2.80766249,2.90551567,2.97716475,19
0.772035888713764,6.277798184811976,0.0202623062652934,2.2970443423049693,2.8963012885826065,1.035087823867798,3.1197164058685303,4.737192153930664,5.546935081481934,5.921334266662598,6.148238182067871,6.309015274047852,6.442601203918457,5
0.86509055,145.44037246,21.7598777,2.80640438,2.20697156,0.20827293,0.37423372,0.53298736,0.67780924,0.8105123,0.93309355,1.04474354,1.14818645,15
0.4981196765085671,219.9058609280844,0.0041497061299266,2.717752713526954,2.333075647596753,0.2760460376739502,0.5078482627868652,0.6975600719451904,0.8578763008117676,0.9957685470581056,1.116182565689087,1.222038745880127,1.316352128982544,8
0.91559037,35.53276006,137.84488295,2.4,2.3,0.3885057,0.83706784,1.1619861,1.3913109,1.5620093,1.6954467,1.8023593,1.8912203,10
0.8319426737564459,285.1604660207163,0.0352218481932967,2.550985342943224,2.0612079768116915,0.1214263439178466,0.2036128044128418,0.2783219814300537,0.3510193824768066,0.4242682456970215,0.4948441982269287,0.5623612403869629,0.6271450519561768,2
0.7430972663375559,210.1306517617577,0.0843480021680865,2.2153566216671967,2.013237027509092,0.1532094478607177,0.2638700008392334,0.3698806762695312,0.470186710357666,0.564079999923706,0.6522078514099121,0.7353501319885254,0.8129880428314209,15
0.9783777754367756,2.2663713031948203,5.520173348141372,2.81706834,2.1114459,0.9942426681518556,2.714887857437134,3.853466272354126,4.489659309387207,4.92719841003418,5.278465270996094,5.538415908813477,5.722555160522461,6
0.3,51.48015814,138.65520194,2.68872874,2.49067965,0.69241691,1.92552686,2.77918601,3.06318164,3.09523559,3.10102344,3.10763955,3.11410832,0
0.3,194.67686121,107.16475107,2.0,2.0,0.27967477,0.48804212,0.61010027,0.69670534,0.76437855,0.82180953,0.87018132,0.91158414,16
0.40302499,91.24286397,319.20057295,2.7,2.3,0.3548379,0.7128055,0.9025302,0.9808028,1.029022,1.0681691,1.0996404,1.1261773,21
0.7936621444586698,25.854442096326064,0.0338601047019698,2.394508284613627,2.387705009101616,0.6536655426025391,1.6812312602996826,2.3249294757843018,2.684725046157837,2.921555280685425,3.1021058559417725,3.248549699783325,3.3738725185394287,18
0.6958522,293.97692543,371.23592579,2.6,2.6,0.12284231,0.13449526,0.15254354,0.17935729,0.20911956,0.2301879,0.2497623,0.2698512,11
0.7399462,162.59059766,203.7591861,2.25566686,2.96571961,0.20250988,0.33534837,0.46181798,0.57634568,0.68058324,0.77585363,0.86308169,0.9433496,17
0.3364363885618008,0.779127691324633,0.1326089698729297,2.1348064830685374,2.764014709228245,1.2558565139770508,4.284242630004883,7.953042030334473,11.404043197631836,13.690558433532717,13.736817359924316,13.744535446166992,13.75118350982666,12
0.9420944289128748,1.5672910939840543,0.0255461387304482,2.7562846316614347,2.0773239689748904,1.0734176635742188,3.0386195182800293,4.4121413230896,5.167284965515137,5.666814804077148,6.081100463867188,6.4183549880981445,6.669627189636231,5
0.952380801157196,9.788618237381842,0.3995884304172147,2.7982030038358583,2.806694547863228,0.8359618186950684,2.283923625946045,3.249354362487793,3.788407802581787,4.126448154449463,4.3775506019592285,4.574092388153076,4.737515449523926,22
0.69834105,186.53170938,110.93655736,2.5,2.1,0.18000627,0.3016286,0.4185114,0.5247586,0.62184095,0.7119205,0.7951312,0.8718972,16
0.3000901812972548,5.3201973382742,30.48957907448317,2.08463907,2.71917391,1.1128709316253662,3.657421350479126,6.435177803039551,8.589401245117188,9.655742645263672,9.750364303588867,9.750600814819336,9.750865936279297,14
0.6088254097191717,10.659268917376528,0.0282421043784133,2.570856998474209,2.729397524794508,1.0543124675750732,3.1670987606048584,4.840386390686035,5.678557395935059,6.047502517700195,6.265046119689941,6.428102493286133,6.55196475982666,5
0.8491764916025792,1.6451050826847893,0.6434988205622088,2.2442257781602315,2.135113173434842,1.096949577331543,3.241248369216919,4.87235164642334,5.727573394775391,6.187772750854492,6.507740020751953,6.755613327026367,6.937457084655762,5
0.98656708,9.9031496,4.95495558,2.43227911,2.03545666,0.68613505,1.67461514,2.29253078,2.65760112,2.9041326,3.09111762,3.23398614,3.35333991,18
0.9126372852149296,2.0973633642042,0.016449249186553,2.9975038972061454,2.970564736607749,1.1800918579101562,3.567890167236328,5.53647518157959,6.6324968338012695,7.207002639770508,7.625434875488281,7.980759620666504,8.26070785522461,5
0.36289591,178.58804652,263.46837062,2.4,2.2,0.2342968,0.34748554,0.4206226,0.48039007,0.53150034,0.5755799,0.6149361,0.6501472,17
0.78102164,102.12359972,283.74011755,2.06965425,2.72060275,0.20477676,0.33785558,0.4569478,0.56002998,0.65058994,0.73130774,0.80364013,0.86815977,17
0.99696482,237.65534157,245.68495192,2.39247388,2.79977046,0.12362075,0.17964363,0.23010588,0.29046035,0.35074544,0.40503955,0.45701146,0.50731325,3
0.69881118,238.47820472,326.7310205,2.9,2.8,0.15531087,0.20317912,0.26006317,0.31852722,0.3677001,0.415411,0.46016312,0.5024214,4
0.72025621,23.28361893,1.86132193,2.2545526,2.16189146,0.70274043,1.79175544,2.44026494,2.76925397,2.96887898,3.11769843,3.23221707,3.32482982,22
0.3166651,177.49635558,285.83941603,2.4,2.9,0.27017617,0.4095137,0.47221994,0.52301216,0.5660908,0.60255814,0.6346369,0.66261363,17
0.86593765,203.57798767,310.14874268,2.15811086,2.05995274,0.0821631,0.12039018,0.15140224,0.17408013,0.2022686,0.22859645,0.25388622,0.27831769,11
0.88762534,280.46447754,51.29104233,2.91430306,2.99412942,0.17410564,0.26852179,0.3680582,0.47432113,0.57065153,0.66294384,0.75186539,0.83693099,16
0.57889855,159.88607521,309.71696769,2.1,2.4,0.14015102,0.18036962,0.22067118,0.2557826,0.28917265,0.31874824,0.34629345,0.37165833,4
0.66060833,118.46528388,364.62839914,2.7,2.8,0.22242808,0.32946062,0.4152918,0.4894991,0.55397606,0.61076856,0.6610949,0.7063291,17
0.4794014753855621,48.71807865054746,0.0097134690578197,2.2270706827827187,2.6670317723310424,0.7615666389465332,2.1842050552368164,3.13350248336792,3.5432205200195312,3.726298332214356,3.8352532386779785,3.9279818534851074,4.002658843994141,22
0.45528605,298.9497941,284.54116144,2.8,2.3,0.14309025,0.18364215,0.22594166,0.26572967,0.3032546,0.33768535,0.36969662,0.40023637,4
0.43147852,40.72262697,21.92078638,2.48297209,2.60534695,0.82613111,2.41658497,3.55764914,4.06579494,4.25568962,4.3563714,4.42571783,4.48126125,23
0.88367355,137.57428584,394.69804988,2.7,2.9,0.15962005,0.21520948,0.27645135,0.33532596,0.38591528,0.4328525,0.4761927,0.5163784,4
0.56091249,242.20175171,260.04397583,2.01004863,2.00031495,0.09185982,0.125736,0.15326262,0.17674899,0.20177841,0.22496033,0.24757123,0.26965833,11
0.3403613275590524,3.018224336978763,0.0110657932253752,2.086183410960021,2.958529681906448,1.2346093654632568,4.189599990844727,7.7179059982299805,10.844667434692385,12.85053253173828,12.954957008361816,12.959868431091309,12.964061737060549,12
0.5371729199326696,66.9551052685398,16.898920635927432,2.2901784854875067,2.0027927869524524,0.5084006786346436,1.2370595932006836,1.6720879077911377,1.9026787281036377,2.0540659427642822,2.179621458053589,2.277049779891968,2.36714243888855,19
0.917563308549426,37.04445627073809,0.4613509793710059,2.352871205943449,2.847872804307272,0.5185723304748535,1.2344214916229248,1.7417802810668943,2.090396881103516,2.349799156188965,2.557952404022217,2.731630325317383,2.8800911903381348,18
0.62572928,278.82436306,326.00289066,2.8,2.2,0.11282706,0.1529429,0.18886685,0.22405887,0.2588718,0.2912886,0.32133365,0.35052538,4
0.4778650274691088,1.07760084634286,0.0045336754364929,2.4688106929873386,2.3410064955460435,1.2334914207458496,4.077663421630859,7.280709743499756,9.980401992797852,11.533733367919922,11.585586547851562,11.592348098754885,11.598020553588867,12
0.540422592548514,22.534657994389256,1.1797975834955543,2.941267685281317,2.7485297555082795,0.9700946807861328,2.8666882514953613,4.310467720031738,5.031215190887451,5.363587379455566,5.570252418518066,5.721470832824707,5.8267107009887695,5
0.86356383,112.60072966,217.83653688,2.8,2.6,0.22786331,0.38933945,0.53803134,0.67121863,0.790071,0.89727926,0.99449944,1.0824463,17
0.9461007,65.29170847,262.13815105,2.4,2.6,0.23206687,0.40100312,0.5465267,0.6698332,0.7765634,0.86925745,0.95016,1.0212679,17
0.6353434861605841,44.20100851792325,149.4898521610422,2.6172235689203625,2.3728279750287777,0.4911701679229736,1.206308126449585,1.6600534915924072,1.879536867141724,2.0084240436553955,2.100055456161499,2.173835515975952,2.2393815517425537,20
0.45078938,203.12645868,160.94092436,2.2,2.4,0.21071267,0.3242681,0.42040706,0.5021961,0.5742121,0.63758373,0.6949496,0.746408,17
0.64553408,268.01752028,191.00309032,2.3,2.3,0.11529231,0.16988683,0.22146916,0.26745534,0.3131888,0.35680556,0.39821053,0.4377153,3
0.8877432080188115,1.689649912100549,146.7735885546753,2.057065195406458,2.868423385835416,0.8234727382659912,2.518597364425659,3.9055230617523193,4.54736328125,4.650314331054688,4.652161598205566,4.652284622192383,4.652320861816406,23
0.9564181714605116,28.24040704939433,0.2887649757881871,2.7792099146756213,2.5550751891111974,0.5511116981506348,1.3219003677368164,1.8645567893981927,2.225625991821289,2.490725040435791,2.701364040374756,2.876068592071533,3.0265698432922363,18
0.5410018,53.83693314,17.22559357,2.56595802,2.64954948,0.68860507,1.86421132,2.61834645,2.96540141,3.14782166,3.26956058,3.37177491,3.45634341,22
0.78726657,20.83444737,155.17818465,2.2,2.3,0.51024175,1.2331553,1.6604736,1.8533041,1.9498289,2.0163896,2.0700705,2.1127183,0
0.88835435,251.10080326,161.24025066,2.5,2.6,0.1325078,0.20116568,0.26671338,0.3343382,0.40160465,0.46372604,0.52285767,0.58010864,2
0.69334721,19.68753407,44.13849473,2.0,2.4,0.68638873,1.7548673,2.3884523,2.6905887,2.8594701,2.9674118,3.0574791,3.1321118,23
0.99936086,242.25198922,0.20501033,2.0035857,2.0,0.09652352,0.17285514,0.24354815,0.31078649,0.37676978,0.44126439,0.50369954,0.56436276,2
0.98059159,241.12162978,372.86303165,2.6,2.3,0.09145904,0.12810373,0.15757656,0.18327832,0.21389413,0.24370575,0.2704494,0.29628778,11
0.80316348,223.06910703,32.99646647,2.5,2.7,0.18105054,0.30482244,0.42646122,0.54217434,0.6502826,0.7512529,0.8465109,0.93589306,15
0.6666486874705257,2.412787148690505,0.0097971518225806,2.2976320446696543,2.726840554443751,1.190967321395874,3.810937643051148,6.337479591369629,7.915079116821289,8.584118843078613,8.82052993774414,8.945113182067871,9.047938346862791,12
0.41309852,281.81536188,76.35596123,2.5,2.1,0.20744705,0.32923055,0.4373281,0.5318861,0.6160338,0.69257617,0.7627528,0.82571673,16
0.5995451944116027,14.806449274525582,0.1488819021331201,2.060644418781832,2.586298921558724,0.9435572624206544,2.788494825363159,4.133687973022461,4.737545967102051,4.982638359069824,5.132656097412109,5.228035926818848,5.310358047485352,5
0.9911025856123394,1.0144930872771054,0.0049895104122074,2.138550911078235,2.793167951366156,1.1475625038146973,3.5253918170928955,5.487548828125,6.576909065246582,7.122075080871582,7.460075378417969,7.722384452819824,7.9229631423950195,5
0.88911736,287.69088745,231.5128479,2.167346,2.00715232,0.06952834,0.10974646,0.14167643,0.16439986,0.19340563,0.21980572,0.24627542,0.27341485,11
0.3638949009671967,1.4448746177923537,0.0184987949438596,2.511460900278234,2.0647657666451305,1.2001755237579346,3.9188485145568848,6.951959609985352,9.517667770385742,10.726004600524902,10.742926597595217,10.750980377197266,10.757866859436035,12
0.90821405,181.50614761,265.68845901,2.7,2.6,0.14661837,0.22311711,0.29585886,0.37086678,0.44000697,0.5040488,0.56438494,0.6214514,4
0.6619938462290785,4.126544656016335,0.0193409357618131,2.645530878354683,2.227291959638376,1.1024236679077148,3.2939186096191406,5.041439056396484,5.954925060272217,6.392459392547607,6.688478946685791,6.928657054901123,7.112961292266846,5
0.48915588,198.96820056,171.20769424,2.0000007,2.94660294,0.24003339,0.4147687,0.55633903,0.67756629,0.78215671,0.87459922,0.95626879,1.02840853,17
0.336977,227.97581806,132.17793595,2.5,2.8,0.3100443,0.5542588,0.7053964,0.820143,0.9128568,0.99122643,1.0571527,1.11586,10
0.6709766248445488,4.10340587525921,0.7233584891424102,2.4808773557835995,2.888108065655892,1.168452501296997,3.664945602416992,5.938090801239014,7.260023593902588,7.816744327545166,8.070505142211914,8.248390197753906,8.383729934692383,13
0.3853478899546505,271.64669252511845,332.2544543802845,2.52847935,2.16500212,0.1172490119934082,0.1359012126922607,0.1538450717926025,0.1621434688568115,0.1738219261169433,0.1857433319091797,0.1979665756225586,0.2086894512176513,11
0.43051624,11.68122387,33.1543045,2.27474904,2.26028466,1.02031159,2.99354625,4.55857277,5.31469727,5.49802208,5.55371761,5.5784483,5.59086704,7
0.51540164,81.7317962,374.72398985,2.0,2.8,0.20611763,0.2605524,0.29157352,0.31519818,0.33521175,0.35326552,0.3691721,0.38296676,4
0.94308549,14.26315117,49.27086639,2.36839557,2.1768024,0.59953976,1.46784067,2.00892591,2.31629944,2.52094698,2.6698761,2.79291344,2.89734268,19
0.30000001,231.8633728,180.68011475,2.0,2.0,0.18515563,0.24785471,0.30021906,0.34467506,0.38343763,0.4172945,0.44926763,0.47769499,3
0.7354190613652377,23.2028758459522,4.782665994771264,2.4207728333592136,2.475741076430481,0.7310302257537842,1.9665791988372805,2.7429420948028564,3.1417911052703857,3.3806841373443604,3.548534631729126,3.687723398208618,3.80108904838562,22
0.55854535,247.44983968,53.07093523,2.7,2.5,0.23039794,0.38877892,0.5335543,0.66281843,0.7795229,0.8852267,0.9813783,1.0695417,16
0.53606863,162.87675976,234.9835115,2.4,2.7,0.22466898,0.34888697,0.44966745,0.53505063,0.61010814,0.6766541,0.7357223,0.78935814,17
0.77895175,169.79471146,300.57383781,2.2,2.3,0.11621952,0.16427779,0.21065712,0.25103784,0.29150438,0.329175,0.36460423,0.3975737,4
0.7690569673705973,136.37120589643334,0.9774485766772272,2.0008283053930027,2.467667516429261,0.2413716316223144,0.4531786441802978,0.6457934379577637,0.817429780960083,0.9695310592651368,1.106132745742798,1.2282600402832031,1.3380475044250488,8
0.5293185237934062,227.56361353226703,352.65461207170495,2.68482428,2.07413992,0.1084871292114257,0.1322972774505615,0.1528589725494384,0.1645748615264892,0.1787075996398925,0.1936819553375244,0.2086920738220214,0.2216987609863281,11
0.7416287026530017,3.7713051645908,2.4126013417818184,2.437769243976523,2.9942254790378486,1.14552640914917,3.547811508178711,5.64252519607544,6.809193134307861,7.323418140411377,7.593723773956299,7.791069507598877,7.945112705230713,6
0.6512761032654725,1.7938141222119743,0.1224184982333993,2.616001521196112,2.171543090665796,1.1679134368896484,3.647024393081665,5.982002258300781,7.450960159301758,8.063923835754395,8.296441078186035,8.47238540649414,8.613421440124512,12
0.49031873,192.49264869,319.11605834,2.4,2.1,0.14921403,0.19009447,0.23315334,0.2692659,0.30312085,0.3344462,0.3632481,0.39032602,4
0.98404098,139.70174131,273.87083465,2.8,2.7,0.1696732,0.26405025,0.35820198,0.4504485,0.5340252,0.6115494,0.6840365,0.7516563,17
0.88296953,202.01704016,2.07978855,2.6,2.2,0.16603899,0.29169798,0.4123168,0.5283084,0.63789344,0.74154544,0.8398261,0.93207526,15
0.65402459,87.65680744,4.71340898,2.7,2.9,0.48605156,1.1284604,1.5864778,1.8870177,2.1065845,2.2809196,2.4248214,2.5477204,18
0.4213372199487851,5.747127969224702,31.13233235103801,2.06540132,2.57131195,1.075058937072754,3.452953577041626,5.815630912780762,7.403369903564453,7.989069938659668,8.015009880065918,8.016559600830078,8.017885208129883,14
0.3293411975116373,3.34399942205854,0.0896927772960316,2.426359710954881,2.684103505517592,1.2465152740478516,4.163434982299805,7.529916763305664,10.434828758239746,12.171883583068848,12.225829124450684,12.230329513549805,12.23419952392578,12
0.6325223325820024,2.437564668860072,0.16809286782916,2.7597068797721964,2.862981645808473,1.2461600303649902,3.998833656311035,6.77629280090332,8.626673698425293,9.43907356262207,9.66640853881836,9.787335395812988,9.934937477111816,12
0.70826407,87.05158964,101.33869096,2.4,2.2,0.32374716,0.645581,0.89209604,1.0836401,1.2376304,1.3638651,1.4701543,1.5608702,10
0.4715844491559839,54.54085965434059,0.3603670097491077,2.735245218061352,2.232779646136454,0.6950607299804688,1.879760980606079,2.6230828762054443,2.9796268939971924,3.1661298274993896,3.300520181655884,3.4013006687164307,3.4869472980499268,22
0.30640193,168.15040671,380.53927831,2.40730516,2.45580503,0.21793985,0.26967645,0.29575205,0.31619811,0.33588028,0.35373211,0.36968732,0.3842566,4
0.85796004,268.73192372,145.43809889,2.2,2.8,0.11644101,0.17874861,0.23638487,0.29046178,0.3448484,0.39866638,0.449965,0.4985981,2
0.658076,255.69705462,83.99642891,2.17825609,2.43217959,0.14464355,0.23299193,0.3191514,0.39902735,0.47500014,0.54577255,0.61224413,0.67544746,2
0.89426436,134.51894373,379.3653751,2.6,2.3,0.1306386,0.18273115,0.23608732,0.28447628,0.32927775,0.3710556,0.40947723,0.44562078,4
0.72379357,135.06870366,373.1715913,2.1,2.2,0.11225128,0.14302659,0.17096758,0.19265962,0.2164576,0.236938,0.25625777,0.2742536,11
0.49311154,40.83957483,122.55314809,2.0,2.0,0.53253937,1.3181026,1.72492599,1.84181547,1.88710022,1.92248559,1.95489359,1.98532867,0
0.99942729,129.37337463,178.48933824,2.9,2.7,0.2052629,0.3464887,0.48532557,0.61664295,0.73688984,0.8483813,0.9522805,1.0484774,17
0.73321348,269.08749169,360.1377826,2.07992345,2.18048995,0.06765223,0.09635115,0.11942124,0.12432718,0.13897061,0.15350986,0.16704845,0.17938137,11
0.70798606,117.64048767,89.72748566,2.0,2.0,0.21326113,0.38133192,0.52754498,0.65457606,0.7652967,0.86301565,0.94947743,1.025805,16
0.72436512,122.33594161,87.71854186,2.1,2.6,0.2339325,0.41973805,0.5826788,0.7235987,0.84786916,0.9574933,1.0542908,1.1408186,16
0.90693363,98.98893517,182.82901786,2.1,2.8,0.18771839,0.3145554,0.43515015,0.5421531,0.6378789,0.72435546,0.80278826,0.87425613,17
0.996141872338285,220.79793120608585,0.0067786883472788,2.460354410916935,2.88533368613132,0.1670320034027099,0.287745714187622,0.3996396064758301,0.5178735256195068,0.6297719478607178,0.7357733249664307,0.8371303081512451,0.9343338012695312,15
0.39313924,18.19855309,48.13523483,2.35596657,2.83046746,1.01043916,3.06843662,4.8503499,5.83493233,6.06232166,6.10571098,6.11940861,6.1249342,7
0.96598923,75.94787729,216.6195806,2.30726374,2.0,0.17754722,0.29588675,0.40538812,0.50226092,0.5878706,0.66463304,0.73326159,0.79557157,17
0.6806436301263621,1.9986271742341188,0.1613642120936622,2.1763344518700496,2.293847567610188,1.1465003490447998,3.5972564220428467,5.827312469482422,7.1607666015625,7.710590362548828,7.923728942871094,8.057181358337402,8.152755737304688,5
0.7917916785773155,2.1027860873492763,0.0775746291414228,2.764158577192556,2.787906590527806,1.2029831409454346,3.719791412353516,5.941769599914551,7.2230224609375,7.823063850402832,8.17887020111084,8.479264259338379,8.728365898132324,12
0.3593209402688111,2.529666240155456,2.6396625495192167,2.9154165761165007,2.932455469880842,1.2962512969970703,4.33779239654541,7.889461994171143,11.002920150756836,12.820566177368164,12.870243072509766,12.87419891357422,12.877660751342772,14
0.86688506,44.27150374,292.46580548,2.6,2.6,0.3162794,0.6084719,0.8158047,0.9690082,1.0844963,1.1755633,1.248414,1.3074427,10
0.51222597,177.06322614,370.61061344,2.10050143,2.42244047,0.13810468,0.16714644,0.1995821,0.22533727,0.24902558,0.27119303,0.29274702,0.31258273,11
0.3,93.96178533333664,289.74841241796406,2.17679787,2.09619808,0.3088791370391845,0.566704273223877,0.6638352870941162,0.7008512020111084,0.7296171188354492,0.7532110214233398,0.772838830947876,0.7898600101470947,21
0.52128193,227.16301633,329.98431269,2.68482428,2.07413992,0.11477542,0.14072919,0.16479015,0.18172073,0.20013595,0.21856356,0.23624945,0.25218821,11
0.7547105,178.80794906,127.61331892,2.5,2.0,0.16339016,0.2738533,0.3809731,0.47999477,0.5709815,0.65586495,0.7343099,0.8075495,17
0.4312353241617165,1.4273869866339606,0.0190463369615451,2.407743519121272,2.631712398462319,1.2593436241149902,4.224525451660156,7.675102233886719,10.698309898376465,12.579919815063477,12.631307601928713,12.63744068145752,12.642648696899414,12
0.90512239,186.03726233,334.63180858,2.9,2.4,0.13262224,0.19417214,0.2507465,0.31332636,0.37032676,0.42269444,0.47260523,0.5194626,4
0.91703737,190.1931143,174.03399544,2.6,2.5,0.14917302,0.2402165,0.32794023,0.4142146,0.4959786,0.57254076,0.6444261,0.7127564,17
0.97915864,277.09506226,81.08644867,2.05029154,2.2317028,0.08663487,0.15158224,0.21022272,0.26082301,0.31435347,0.36665154,0.41718745,0.46703172,2
0.5206437771417723,1.0719111911548542,0.0681000515163974,2.936377946247569,2.762902195184008,1.2994384765625,4.335027694702148,7.829135417938232,10.842304229736328,12.601285934448242,12.678604125976562,12.68626594543457,12.692720413208008,12
0.50584245,59.05412076,77.19537206,2.68415644,2.67456035,0.61807704,1.67722034,2.37001419,2.67627668,2.82568932,2.92514372,3.01150656,3.08573866,23
0.68276378,86.33020339,382.30183913,2.5,2.4,0.21564984,0.31792974,0.39522243,0.45820975,0.51205754,0.5588927,0.5990739,0.63406324,4
0.30721197,16.24349403,48.13233566,2.2461288,2.09547186,0.95823789,2.78229022,4.19338036,4.8112793,4.92327118,4.95109272,4.95623684,4.95938015,23
0.33626741,260.50133004,287.43186026,2.4,2.8,0.18271375,0.22037697,0.25785375,0.2869246,0.3146751,0.339931,0.36334062,0.38551974,4
0.8328693646083177,0.7518630862375384,0.0050198727926125,2.0066951793288013,2.0203205926451964,1.1254971027374268,3.481617927551269,5.528900623321533,6.753005504608154,7.30496072769165,7.570327281951904,7.739064693450928,7.862773418426514,5
0.6371652437991773,5.867941886016224,0.198030259155081,2.127344798540981,2.975323239880148,1.1091389656066897,3.4941675662994385,5.630949020385742,6.829302787780762,7.300829887390137,7.493862152099609,7.609767913818359,7.697601318359375,5
0.54937954,70.17831191,381.83260555,2.1,2.4,0.21432519,0.28476906,0.3203814,0.34910917,0.37317514,0.3932922,0.41004968,0.42508173,4
0.61780453,194.82533992,80.98537691,2.5,2.5,0.23136067,0.39810133,0.54828715,0.6810744,0.79938626,0.9065361,1.0028391,1.0905764,16
0.4130235,151.44574063,64.36375966,2.4,2.9,0.40951228,0.89299417,1.2060881,1.3877225,1.5202594,1.6259856,1.7114305,1.785429,19
0.42970851,152.97327973,158.26642034,2.4,2.4,0.3121612,0.5832584,0.7584801,0.88515353,0.98533106,1.0666883,1.1347971,1.1938856,10
0.8791930747616562,10.011850393939609,0.3481077285720872,2.878198429615612,2.4210091438189645,0.8403618335723877,2.259674072265625,3.187992572784424,3.7068099975585938,4.038629531860352,4.278746128082275,4.471327781677246,4.627087116241455,22
0.71846233,167.94621911,192.8910821,2.3,2.7,0.17418909,0.2703259,0.36504102,0.44897103,0.5258653,0.59656835,0.6614206,0.72163796,17
0.62510122,230.98003313,259.13141315,2.9,2.6,0.17718077,0.2545917,0.33358622,0.4089253,0.4762125,0.53848386,0.59674525,0.65111995,4
0.66662869,178.80998209,161.80850794,2.30075128,2.00000967,0.14555287,0.22512412,0.30179143,0.37184811,0.43630195,0.49516988,0.55020666,0.60127878,2
0.91488956,278.50158547,340.04692704,2.8,2.1,0.08310437,0.12621617,0.15850496,0.18720365,0.21974635,0.25129652,0.28063655,0.30909348,11
0.4119282350359148,15.650310405036675,41.26593096270811,2.6,2.5,0.9832804203033448,3.000616788864136,4.708983421325684,5.584470748901367,5.82071590423584,5.909380912780762,5.953557968139648,5.9775238037109375,7
0.32545112,77.86647689,304.55175585,2.6,2.2,0.40592575,0.907017,1.169558,1.2071466,1.219984,1.2321954,1.2435391,1.2539341,21
0.67985833,13.63178921,6.65929413,2.11014581,2.17558336,0.85692811,2.30348325,3.18650365,3.5915544,3.79337811,3.91787887,4.00422573,4.08129692,22
0.81307116,130.41125709,40.14106928,2.1,2.5,0.21278214,0.38418317,0.5426388,0.6856487,0.8141074,0.9298308,1.0351496,1.1304255,15
0.4708052930403594,59.25108980677451,0.0086805136139675,2.7112799545700423,2.3375203418631303,0.692882776260376,1.8878648281097408,2.647568464279175,3.004956007003784,3.1933019161224365,3.3220055103302,3.4218990802764893,3.514249086380005,22
0.5196096742260916,3.725345277860977,0.2334586482356818,2.4481981543173843,2.2367934328145687,1.1555657386779783,3.630061626434326,6.012467861175537,7.549378871917725,8.158645629882812,8.315378189086914,8.406085968017578,8.492866516113281,13
0.75645047,65.06334241,100.37415193,2.7,2.8,0.42946434,0.9520891,1.3336678,1.6006846,1.797493,1.9529686,2.0825195,2.1911135,20
0.3,253.2907930706708,248.9392385165021,2.86949372,2.1860795,0.1942238807678222,0.2424132823944091,0.2843430042266845,0.3166401386260986,0.3473663330078125,0.3762433528900146,0.4020447731018066,0.4262504577636719,3
0.57803563,17.22230014,110.0687371,2.5,2.0,0.6826911,1.80205202,2.47840595,2.73250723,2.81319475,2.84075689,2.86016607,2.8777132,0
0.88738643,198.13404323,252.00683755,2.6,2.1,0.11337328,0.17791152,0.23840141,0.29455447,0.34942842,0.40212655,0.4523766,0.49985623,4
0.6763745894167034,290.59768018187344,400.0,2.1,2.9,0.091158390045166,0.1253266334533691,0.1465866565704345,0.1691927909851074,0.1938259601593017,0.2175469398498535,0.2380025386810302,0.2582001686096191,11
0.72936032,200.26389685,366.80297595,2.3,2.2,0.09709954,0.12912989,0.15902376,0.17877269,0.20113754,0.2229178,0.24327588,0.26282358,11
0.73536968,270.92247823,152.81596227,2.4,2.9,0.14600301,0.20886397,0.27685905,0.34399605,0.40826464,0.46740985,0.5235157,0.5782254,2
0.4176481,129.29266514,342.51920277,2.9,2.6,0.31101823,0.5461166,0.671453,0.756984,0.82283854,0.87759686,0.9234705,0.96221185,21
0.30305786,182.950086,132.55157173,2.11886975,2.52708028,0.36272931,0.74952793,0.97251534,1.08504939,1.16269612,1.22691226,1.27927256,1.32534266,21
0.32242894,128.90153503,13.86115837,2.60445833,2.22543478,0.54552436,1.36956263,1.85115123,2.04006982,2.13792634,2.21885419,2.28731847,2.34534669,0
0.6069986,81.27409615,68.32837076,2.2,2.5,0.4064362,0.8891349,1.2153645,1.4242091,1.574245,1.6954522,1.7975969,1.8840756,20
0.6392079,268.92199832,285.14453463,2.8,2.5,0.13808918,0.18868709,0.2370429,0.2908423,0.33880782,0.38219976,0.423949,0.4635377,4
0.95536363,296.36242676,128.81581116,2.33019185,2.25473762,0.09398293,0.15695095,0.20926952,0.25447583,0.30337906,0.35333014,0.4014318,0.44751334,2
0.55713193,62.39496896,126.00382302,2.8,2.9,0.55251265,1.4041591,1.9731998,2.240399,2.381617,2.4830766,2.5640426,2.6339498,20
0.62538785,55.70811081,102.65104675,2.38410783,2.19644237,0.45469666,1.04714131,1.41440964,1.61487031,1.74717116,1.84627795,1.93030524,2.00314689,20
0.65441659,71.48191409,170.80101875,2.5,2.5,0.381598,0.810107,1.1040275,1.2953954,1.433748,1.5396633,1.6256213,1.6991329,10
0.66050458,210.04041431,272.34756283,2.2,2.6,0.1271522,0.17456198,0.22192836,0.26157975,0.29976153,0.33718348,0.37230825,0.4050734,4
0.83479496,256.92095256,306.40944624,2.2,2.7,0.10060453,0.13514638,0.16756606,0.19208074,0.21788335,0.24610734,0.272815,0.29773903,11
0.3569984280637489,58.217715183593,304.6185069557969,2.2,2.8,0.4582109451293945,1.1616013050079346,1.5937049388885498,1.6778948307037354,1.6825368404388428,1.6886181831359863,1.6945865154266355,1.700242280960083,1
0.6607846,222.16764481,292.47642299,2.3,2.4,0.11625314,0.15788102,0.19893146,0.23265839,0.2669952,0.29928613,0.33077192,0.36038256,4
0.74510437,72.06965637,133.35699463,2.06457567,2.7395854,0.34741545,0.72466874,1.00623465,1.21710968,1.38286257,1.51476526,1.62430382,1.71732211,10
0.3227886596850636,1.367995998316977,0.0701624874315395,2.622433817168412,2.250338914972675,1.238184928894043,4.096268177032471,7.362185955047607,10.273006439208984,12.027755737304688,12.072050094604492,12.07903289794922,12.08464813232422,12
0.85502102,252.9406139,327.19521757,2.8,2.9,0.16038322,0.17313433,0.21365523,0.26991177,0.3144245,0.35639954,0.39741445,0.43679643,4
0.76149893,16.51804352,23.41890907,2.61629891,2.26284552,0.76144862,2.00354123,2.78246999,3.18047929,3.40755057,3.56724381,3.6809423,3.7808888,23
0.48304352,153.59277528,245.76943255,2.2,2.7,0.22225499,0.33372593,0.41877747,0.48932314,0.55007887,0.60338974,0.65162873,0.69439125,17
0.91751202,117.51500556,311.0285953,2.7,2.1,0.15219378,0.2368865,0.32124758,0.39845204,0.4692421,0.53430295,0.59447265,0.65035987,4
0.8481687374295173,0.7526452495062864,0.7117170116184118,2.083776387673284,2.621778835422046,1.1884911060333252,3.817092180252075,6.322409629821777,7.869630813598633,8.58137035369873,8.865254402160645,9.033418655395508,9.162285804748535,13
0.55963324,119.91147078,117.09863373,2.0,2.3,0.26652527,0.48423648,0.64731693,0.7778597,0.8854673,0.9762454,1.0517442,1.1185641,10
0.7740384435097186,24.304980681916845,0.0195648366842833,2.937980555348229,2.577320016405765,0.733332633972168,1.9604806900024407,2.7666778564453125,3.2109289169311523,3.4907150268554688,3.696150302886963,3.860910892486572,4.003332138061523,22
0.89912406,186.98038677,19.57757359,2.06266056,2.33137782,0.14898086,0.26329899,0.37104082,0.4745822,0.57314348,0.66645432,0.75433373,0.83740401,15
0.5875392576141824,3.4487422462876047,41.41054016454549,2.782372,2.112077,1.0058889389038086,3.0256094932556152,4.717013835906982,5.609650611877441,5.891997337341309,6.013051986694336,6.083673477172852,6.111541748046875,7
0.37840687,267.54009566,174.85814968,2.5,2.1,0.19164515,0.27550316,0.35180092,0.41773748,0.47652555,0.52998805,0.5786116,0.6238375,3
0.4707411825320728,1.37757234423361,0.0064717221547689,2.280364577305697,2.281310406030012,1.2087123394012451,3.985579252243042,7.058318138122559,9.57994556427002,10.9378023147583,10.989460945129396,10.994190216064451,10.998154640197754,12
0.3508941887637424,13.82240222240986,0.0093409965987549,2.373943457909464,2.396572275163751,1.1068930625915527,3.4742701053619385,5.696457862854004,7.083494186401367,7.553711891174316,7.63434886932373,7.67219066619873,7.703575134277344,5
0.81451115,172.80632461,272.93428363,2.91931198,2.06355132,0.12542033,0.17684722,0.2282536,0.27416754,0.31753325,0.36033511,0.39991188,0.43693829,4
0.98844054,61.20945414,274.65692776,2.7,2.8,0.2635727,0.4734764,0.64895844,0.7997949,0.9285021,1.039609,1.136117,1.2200749,10
0.6663213390261185,24.077858274727767,0.1019283209657399,2.3168024292454565,2.3773719461455145,0.7721118927001953,2.110891342163086,2.954230785369873,3.364503860473633,3.593835830688477,3.745852470397949,3.876051425933838,3.97512149810791,22
0.78239689,137.40681201,353.31393824,2.42596474,2.75477791,0.16859102,0.24331236,0.31846499,0.38639998,0.44818401,0.50379586,0.55525255,0.60287881,4
0.82852133,222.62124824,92.28090896,2.7,2.1,0.14280558,0.24153018,0.33541393,0.4263854,0.5126548,0.5950885,0.6730838,0.7470901,16
0.7494156057951253,1.173023017592155,0.0295822534711801,2.734825811096623,2.4029120989079926,1.214421272277832,3.827519178390503,6.320257186889648,7.892175674438477,8.584342956542969,8.857345581054688,9.065613746643066,9.26728630065918,12
0.98889113,90.88292581,212.03903167,2.7,2.7,0.23020673,0.4017706,0.5613227,0.7039323,0.83180547,0.9469712,1.0512505,1.1451507,17
0.6127697565833153,1.8010545087868608,15.549217506176548,2.5,2.5,1.1744532585144043,3.763235092163086,6.368059158325195,8.158175468444824,8.927465438842773,9.067368507385254,9.089194297790527,9.124015808105469,14
0.4941833646033317,38.0625434185669,0.8304272612686067,2.2774608902340616,2.4979769773890546,0.806868314743042,2.3128483295440674,3.3238794803619385,3.772474527359009,3.9731638431549072,4.084238052368164,4.176863670349121,4.254544258117676,22
0.3208195651406426,11.46562990769166,25.91201087672236,2.24677277,2.84492183,1.10097336769104,3.557008981704712,6.081710815429688,7.870755195617676,8.58446216583252,8.624812126159668,8.62661075592041,8.628106117248535,14
0.76810431,152.91589355,204.31939697,2.99078727,2.28406429,0.17836952,0.27842593,0.37653136,0.46365261,0.54368854,0.61697102,0.68451357,0.74703574,17
0.81816619,145.94798692,228.89763526,2.7,2.9,0.20672965,0.33145523,0.45263147,0.56250644,0.6619942,0.7527809,0.83605623,0.9126582,17
0.32230759,271.92692661,82.65934201,2.0,2.6,0.2140212,0.31879163,0.4036758,0.47534037,0.5384433,0.59447193,0.6461034,0.6923151,16
0.30212849,4.37028933,39.14538193,2.14267993,2.5185442,1.13247013,3.5320251,6.00306702,7.73532772,8.34525394,8.4007864,8.40132427,8.40185452,14
0.69875627,238.05152058,283.31726988,2.5,2.7,0.13876057,0.18694234,0.23676085,0.28678846,0.33444142,0.37762976,0.41774988,0.45665884,4
0.821950789324624,7.476074799933391,0.0519613789195702,2.550346641600441,2.6741984494668296,0.9673361778259276,2.773024559020996,4.038071155548096,4.676523208618164,5.032179832458496,5.2761945724487305,5.457713603973389,5.59854793548584,5
0.65898097,119.63961029,126.74514008,2.23243403,2.15937662,0.23703361,0.41856337,0.5705905,0.69961762,0.81127524,0.90855885,0.99255419,1.06698871,16
0.6551183986615942,3.017291240827,0.0145719761331759,2.422181837728788,2.6038929837903404,1.176034927368164,3.691797971725464,6.021327018737793,7.400807380676269,7.983230590820312,8.212241172790527,8.366765975952148,8.497294425964355,12
0.7286499464886503,69.10304538067341,73.92584398088789,2.7,2.3,0.3860173225402832,0.8370299339294434,1.1674611568450928,1.4031751155853271,1.58418869972229,1.729670763015747,1.851579427719116,1.9530894756317136,10
0.37112256,248.31119618,95.727932,2.9,2.1,0.2842672,0.5203254,0.6891899,0.82538676,0.93787503,1.033771,1.1156778,1.1886952,10
0.85060535,274.24610714,301.97757398,2.4,2.4,0.09117317,0.1344676,0.16860414,0.19564056,0.22614264,0.25772572,0.28710055,0.31506562,11
0.3147255285612317,5.243920625286218,0.0219289772793974,2.0384077720858538,2.6631469434784334,1.1922903060913086,3.9911699295043945,7.1698994636535645,9.791414260864258,11.307785034179688,11.402997970581056,11.407964706420898,11.412298202514648,12
0.67915421,75.39763009,92.34024495,2.8,2.2,0.41420197,0.9289005,1.2894244,1.531466,1.710469,1.8532257,1.966804,2.0642433,20
0.99067251,97.92096245,300.03073257,2.82131065,2.91892999,0.21446824,0.34739518,0.47601533,0.5921576,0.69604325,0.79087496,0.87717676,0.95603538,17
0.7214428887283043,1.3850908531223756,0.0084935257912684,2.410653446404323,2.4810817160419703,1.2014141082763672,3.817713975906372,6.339900016784668,7.919208526611328,8.611430168151855,8.840389251708984,9.01121425628662,9.159923553466797,12
0.6458407839756247,23.673822319352443,0.0080161904996228,2.7126268954485044,2.696032917037089,0.8533761501312256,2.431565046310425,3.515211343765259,4.055649757385254,4.338515281677246,4.523745536804199,4.662549018859863,4.776639938354492,22
0.72650554,23.46167289,294.48502608,2.0,2.9,0.36136222,0.7318568,0.9191241,0.975476,0.9973612,1.0121257,1.0230031,1.031378,21
0.46321902,208.27922872,112.70792064,2.5,2.1,0.24067259,0.40949583,0.5464883,0.6631999,0.7646344,0.8524225,0.9306011,1.0000432,16
0.49159815,259.70585158,301.85901261,2.1,2.3,0.09899092,0.12512279,0.14684582,0.15924668,0.17759037,0.19403505,0.20947099,0.22403479,11
0.8684813715011813,1.408942708652193,13.480219674451869,2.85262377,2.72387573,1.1734888553619385,3.6065924167633057,5.719988822937012,6.928436279296875,7.498832702636719,7.838403701782227,8.127762794494629,8.35671615600586,6
0.90415627,109.71381554,241.11646672,2.5,2.8,0.20090389,0.3297925,0.4521041,0.5613365,0.65983486,0.74890137,0.83033156,0.9046562,17
0.3418635,257.64781898,73.13515675,2.1,2.5,0.23282886,0.36974072,0.47376418,0.5617862,0.6369839,0.70366263,0.7623038,0.81557107,16
0.3477053421190027,298.8521730273656,0.0085898030409495,2.8882042555856104,2.3799041223800907,0.2859961986541748,0.5117442607879639,0.6771340370178223,0.8146681785583496,0.9308862686157228,1.031437873840332,1.1198234558105469,1.198430061340332,8
0.3,45.07055566,400.0,2.0,2.0,0.27507544,0.40508342,0.40832639,0.40835929,0.40881896,0.40935826,0.40964365,0.41013479,21
0.78876126,91.26089855,353.4136364,2.9,2.3,0.21881795,0.352571,0.46585298,0.5632236,0.64828753,0.72259235,0.78800106,0.8468554,17
0.3,300.0,269.9414758972347,2.77803087,2.43537283,0.1858637332916259,0.2241299152374267,0.2605214118957519,0.290032148361206,0.3188107013702392,0.3443813323974609,0.3680419921875,0.390427827835083,4
0.6561410064925363,104.6674068135399,0.7601122990687914,2.8300140619490417,2.329634381885989,0.3859667778015136,0.8301403522491455,1.1644999980926514,1.4145119190216064,1.611152410507202,1.773174524307251,1.9093244075775144,2.0275213718414307,8
0.3929322,273.23797512,268.25292079,2.0,2.1,0.10203266,0.12577891,0.14338827,0.15657282,0.17319179,0.18815184,0.2020452,0.21602225,11
0.41243271,69.47831014,370.06860658,2.80084723,2.40646207,0.33214188,0.59549427,0.69131398,0.72347951,0.74797249,0.76777005,0.78417349,0.79927945,21
0.4985485199027967,188.2585253693094,391.35836259634175,2.4,2.0,0.1066157817840576,0.1241085529327392,0.1381614208221435,0.1422860622406005,0.152564525604248,0.1611688137054443,0.1699714660644531,0.1775627136230468,11
0.98642415,183.95690918,202.30157471,2.92987728,2.39566469,0.14740467,0.21756697,0.29339695,0.36854482,0.44055533,0.50679159,0.57034421,0.63111377,3
0.3,293.88776628,1.49627019,2.00958596,2.0,0.22781992,0.37027287,0.47857785,0.56953287,0.64613509,0.71364689,0.77220416,0.82605124,15
0.48730162,47.86840069,7.25335575,2.3,2.5,0.7308128,1.9540863,2.7177806,3.0536985,3.2264476,3.3273706,3.410326,3.488902,22
0.93152858,292.99538253,282.96107834,2.5,2.0,0.07466745,0.11957026,0.15748596,0.18362904,0.21325517,0.24402261,0.27573562,0.30598664,11
0.99135065,43.57665253,5.27842426,2.62706709,2.58777857,0.43145895,0.94444108,1.34563851,1.65460396,1.89863348,2.09677935,2.26326895,2.40771818,18
0.35529163,58.0877935,17.74140111,2.8,2.5,0.85372066,2.4853334,3.7111306,4.260093,4.424984,4.485403,4.5233164,4.560084,22
0.4203967,85.05988905,342.89206306,2.9,2.1,0.3447585,0.70738435,0.9081485,0.98892236,1.0388484,1.0774887,1.1093273,1.1378903,21
0.5201770329998092,5.162402119918205,0.0032378670738973,2.171447799317116,2.3668817185075604,1.124840259552002,3.5374886989593506,5.775019645690918,7.126811027526856,7.632596969604492,7.772407531738281,7.849050521850586,7.907195091247559,5
0.9542672047122178,33.7351821433882,18.84499888030244,2.171904940324275,2.611022394776037,0.4683766365051269,1.0733356475830078,1.5088937282562256,1.8198652267456048,2.05635142326355,2.247654676437378,2.407085657119751,2.54349684715271,19
0.32987877,235.27038707,278.71723703,2.8,2.0,0.2071352,0.2904501,0.35226893,0.40449953,0.45129585,0.49317932,0.53064823,0.5665698,4
0.31549512,217.32537901,386.34202731,2.3,2.7,0.16068554,0.17418838,0.19095826,0.1969862,0.20520973,0.21359897,0.21993303,0.22586513,11
0.49838585,9.62003899,119.35511017,2.74433661,2.16799998,0.80736709,2.26005244,3.28006434,3.68046069,3.79343152,3.80320764,3.80329823,3.80335116,23
0.62040276,222.85493601,227.99383646,2.8,2.3,0.16578531,0.24723077,0.3292961,0.40378928,0.47326446,0.53703594,0.5961528,0.65177536,3
0.65974264,111.95941292,342.88568141,2.1,2.4,0.1542356,0.20014572,0.24553132,0.2847972,0.31911492,0.34995627,0.3774736,0.40235782,4
0.68220377,24.76846462,10.07016519,2.35645718,2.66367334,0.76839972,2.14514017,3.03975582,3.47187614,3.70482397,3.86061335,3.98735619,4.0887289,22
0.80177075,255.98329163,164.37753296,2.96253848,2.05760455,0.11493206,0.17370343,0.22772574,0.27670455,0.32605171,0.3757267,0.42179871,0.46629143,2
0.6455117375103336,1.4303343373803807,0.4918764792837666,2.157409051456761,2.6101985489003217,1.2037296295166016,3.939174890518189,6.783721923828125,8.77775764465332,9.73024845123291,9.92709255218506,9.955451011657717,9.983820915222168,13
0.3036504674043636,81.28324798898183,313.4867356513861,2.55764627,2.09141588,0.3226842880249023,0.6001894474029541,0.6946578025817871,0.720923900604248,0.742081880569458,0.7596638202667236,0.7744395732879639,0.7873761653900146,21
0.96260065,1.98222518,48.3500824,2.32614923,2.03315258,0.91947365,2.48767948,3.48513126,3.95792866,4.20398092,4.34117079,4.40318727,4.42768097,23
0.7515714664369251,36.351503576498494,0.3136377720387543,2.0108769325447104,2.1186816235812698,0.5378668308258057,1.2965095043182373,1.763793706893921,2.040804862976074,2.239454746246338,2.396535396575928,2.527742385864258,2.636909008026123,18
0.66901187,26.05857354,138.79395448,2.9,2.9,0.6763723,1.8578959,2.678988,3.0493355,3.204287,3.2856593,3.3447347,3.3935146,23
0.81778129,162.47674027,33.95914552,2.0,2.9,0.18347764,0.3185439,0.44985747,0.57107306,0.6831558,0.786072,0.88156104,0.97015285,15
0.94705535,191.91205427,79.50412639,2.0,2.2,0.11656427,0.19944811,0.27568483,0.349128,0.42108035,0.48909163,0.5541842,0.61612225,2
0.96335387,259.00671347,310.28303267,2.6,2.3,0.0941484,0.13901067,0.1751728,0.2082715,0.24621582,0.28318715,0.31673074,0.3495612,11
0.365410540223009,151.3443235768117,369.51311478223096,2.0,2.0,0.1436877250671386,0.1573870182037353,0.1720185279846191,0.1841399669647216,0.1967792510986328,0.2081079483032226,0.2184314727783203,0.228095531463623,11
0.48658367,41.31214412,167.94715393,2.7,2.5,0.61907053,1.6821694,2.3899016,2.6301894,2.6817493,2.7072606,2.730095,2.751287,0
0.56495655,5.97792244,36.86202621,2.0487752,2.33468223,1.0206306,3.02076674,4.61136532,5.37569332,5.56488276,5.61025286,5.62626743,5.63643217,7
0.3370792873186151,0.7449677090345996,5.729671627000962,2.416729464459141,2.499338958540113,1.2433013916015625,4.165473937988281,7.605607032775879,10.72542667388916,12.691015243530272,12.737060546875,12.740193367004396,12.742944717407228,14
0.34214809,211.37407649,343.61766791,2.6,2.8,0.21859813,0.27858615,0.31791162,0.3519783,0.38331962,0.41064668,0.4358468,0.45934176,4
1.0,210.00480315,400.0,2.0,2.0,0.05675316,0.08407164,0.10391355,0.10965991,0.12244248,0.132622,0.14172888,0.15300417,11
0.76413567,117.28618794,284.83959342,2.3,2.8,0.18184018,0.2724073,0.35909772,0.43222237,0.49819517,0.55812573,0.6117735,0.66044354,4
0.57995792,103.24176856,27.34048791,2.1,2.8,0.37687397,0.79872394,1.1006913,1.3109794,1.4726996,1.6001549,1.7075863,1.8006315,9
0.95236021,12.82953835,21.29029655,2.09557629,2.46690917,0.67497349,1.72520852,2.36626887,2.71645474,2.9479363,3.11546779,3.25098681,3.36865878,19
0.88682415,178.7221132,194.37651131,2.1,2.8,0.12738013,0.1961627,0.26247454,0.32548976,0.385139,0.44225526,0.4957652,0.54650354,3
0.41166137,226.08775876,303.38045593,2.4,2.2,0.15777206,0.19474244,0.23472142,0.2674868,0.29797554,0.32652712,0.3530724,0.37789035,4
0.66244018,157.17286682,10.91703892,2.37964749,2.03984189,0.22601962,0.40833759,0.57112503,0.71348834,0.83993745,0.95219445,1.05268812,1.14362359,15
0.6718489266756481,2.582532956047657,5.712631216866666,2.910878866732161,2.3123454669024324,1.1593751907348633,3.5661816596984863,5.708570957183838,6.938807010650635,7.474319934844971,7.752631664276123,7.980820178985596,8.163915634155273,6
0.8503097101371064,55.57410984668688,0.0418746282486184,2.790358995964774,2.862559342516416,0.4902384281158447,1.1319580078125,1.6094970703125,1.94925594329834,2.206540107727051,2.4143528938293457,2.588027000427246,2.73763370513916,18
0.31648101,235.47107769,74.88223527,2.2,2.7,0.2988937,0.5327318,0.68113756,0.792084,0.8812039,0.9553876,1.0196908,1.075124,10
0.31106499,20.71844864,62.56154251,2.03981948,2.58774066,0.94281292,2.84887266,4.45202684,5.25138521,5.36277771,5.36981201,5.37139559,5.37247467,7
0.73667561146964,3.0953638706848987,0.4239085655693556,2.5065063575979663,2.686241506772952,1.1615948677062988,3.574831008911133,5.662818908691406,6.8308515548706055,7.351936340332031,7.638924598693848,7.867467880249023,8.04765510559082,5
0.94753343,12.28329563,45.76989365,2.50337553,2.60847378,0.70388699,1.83853102,2.56426573,2.95654249,3.19856167,3.37435198,3.51313734,3.62442446,23
0.444372327816157,5.401751727839439,0.2336292272833277,2.087801715660974,2.7933589260651086,1.176055669784546,3.864305257797241,6.714914321899414,8.759590148925781,9.694981575012209,9.827887535095217,9.8392915725708,9.850874900817873,13
0.3775944820931081,1.027147938843148,0.1315722625312268,2.97673518886728,2.212978274114308,1.240325927734375,4.083402633666992,7.297247886657715,10.132193565368652,11.94313621520996,11.98964786529541,11.996015548706056,12.00140380859375,12
0.57756687,161.05154524,192.277392,2.1,2.2,0.17583203,0.2679448,0.35230446,0.42632508,0.4921143,0.55087876,0.6039026,0.6532557,3
0.67496686,64.97101255,67.7653164,2.99240188,2.79446407,0.51643538,1.24098969,1.75007677,2.05585289,2.26230001,2.4200449,2.55041075,2.66153049,20
0.9927645592662392,34.647590018300754,0.0194976322962476,2.197080906721305,2.356910349425051,0.4318633079528808,0.9528694152832032,1.3454768657684326,1.6384241580963137,1.868492126464844,2.057358741760254,2.2161941528320312,2.352769374847412,18
0.85051825,217.31201137,156.5650806,2.6,2.6,0.14964962,0.23841596,0.32310677,0.40776944,0.48721623,0.5618038,0.6323328,0.69923854,17
1.0,299.59876628,399.89376226,2.0,2.00363802,0.04660559,0.07135296,0.09215903,0.09485197,0.10522008,0.11202049,0.11683774,0.12544465,11
0.6319852985125484,185.511573400372,0.0046756347538449,2.0430331176777545,2.413643954807756,0.2271015644073486,0.4122037887573242,0.579859733581543,0.7282803058624268,0.8606553077697754,0.9792206287384032,1.0865519046783447,1.1828327178955078,15
0.34313065,230.52792358,83.59918976,2.62446475,2.07643914,0.25944471,0.43348098,0.55421352,0.6516614,0.73380232,0.80427122,0.86687112,0.9206686,16
0.90141603,250.59466306,205.81816618,2.4,2.7,0.13081717,0.17965889,0.23420715,0.28894448,0.34386826,0.39552498,0.44346738,0.49117494,3
0.32513361,189.59706006,262.38104543,2.5,2.3,0.25794506,0.40018988,0.47940826,0.5422747,0.5955739,0.6409414,0.68080926,0.7162125,17
0.67336845,51.64608002,263.42852783,2.08546877,2.00516081,0.27235794,0.48240948,0.61279154,0.70323873,0.77004504,0.82040358,0.85822582,0.89115095,21
0.73314093,67.15581373,71.14847978,2.87637768,2.09364372,0.36616015,0.77341819,1.07571745,1.29442739,1.46293736,1.59795761,1.70994425,1.80302954,10
0.8566379346681863,32.96101270685237,0.0035432922752169,2.7241070484001786,2.8523909129494927,0.6138300895690918,1.5536305904388428,2.195183038711548,2.586775541305542,2.858540296554565,3.071021318435669,3.2464587688446045,3.397111177444458,18
0.3983681,176.08691624,382.57573109,2.7,2.2,0.19834971,0.25444674,0.29763794,0.33394313,0.36692476,0.3966174,0.42315435,0.4474759,4
0.6993523221065475,6.679152794569894,0.5745302984408188,2.327837766761398,2.157742688371412,0.9910383224487304,2.81294584274292,4.06726598739624,4.680831909179688,5.013747215270996,5.239492416381836,5.402578830718994,5.523309230804443,5
0.65998894,15.54837513,35.07035828,2.79386926,2.61483836,0.89608884,2.52112722,3.66005468,4.21284819,4.47417498,4.61827707,4.7185173,4.79719305,23
0.3551135233581115,1.0273553588517952,0.023237071784932,2.7546407358224485,2.353091296548576,1.254380226135254,4.156355857849121,7.503745079040527,10.501553535461426,12.150546073913574,12.181926727294922,12.186446189880373,12.190218925476074,12
0.42698259,55.44943933,146.34431341,2.7,2.4,0.6128905,1.6688836,2.362881,2.5920188,2.6437366,2.6744926,2.7028196,2.7283633,0
0.6471583,82.71637237,187.98856508,2.6,2.9,0.36642075,0.7526543,1.0234108,1.2120633,1.3534083,1.4651008,1.5542316,1.6301851,10
0.3376394807954463,4.047177735001061,0.0033545252568165,2.0577949789769776,2.6620730236941887,1.2074952125549316,4.0417585372924805,7.271956443786621,9.95745086669922,11.406936645507812,11.46500301361084,11.47003936767578,11.474438667297363,12
0.66152807,160.99117297,185.19101061,2.3470569,2.95498578,0.23825979,0.40889025,0.55933976,0.69190693,0.81036258,0.91666126,1.01199412,1.09733367,17
0.6723804225320983,1.3850595365007017,2.182442621859226,2.531817720014128,2.782123044226714,1.243391752243042,4.047143459320068,6.975897789001465,9.02934741973877,9.987629890441896,10.213504791259766,10.26851749420166,10.345624923706056,13
0.60879489,136.37730474,77.87525087,2.4,2.1,0.27566075,0.5153625,0.709332,0.87064624,1.0074208,1.1228654,1.2225215,1.3116643,10
0.38838494,200.76374817,184.58009338,2.11691475,2.38528419,0.23388433,0.36870885,0.46858191,0.55174398,0.62305689,0.68539786,0.7404089,0.78951502,17
0.47281826,3.60564613,44.58237839,2.90599155,2.36564875,1.12381649,3.364645,5.43441534,6.69306898,7.02897787,7.1074729,7.15486956,7.16740656,7
0.56220758,273.01786041,175.72857611,2.2,2.5,0.13301015,0.18860817,0.24420524,0.29441142,0.34190154,0.38694143,0.429214,0.4690168,3
0.36706465,81.00476496,245.4001123,2.4,2.1,0.40011883,0.88231015,1.134726,1.1977522,1.2286968,1.2558084,1.2786825,1.2982814,21
0.8200694338351644,17.245275041068492,0.0879886675792157,2.048229270515088,2.797908431590661,0.7436060905456543,2.056650161743164,2.8780980110168457,3.295289993286133,3.54194450378418,3.719215869903565,3.856977939605713,3.981828212738037,22
0.8617980277783054,1.284098595122554,0.5419119987253557,2.8139208621619964,2.472555131666334,1.1892030239105225,3.613301515579224,5.663888931274414,6.825041770935059,7.415181159973144,7.804074287414551,8.164593696594238,8.476792335510254,5
0.35596331,249.04997824,61.7201126,2.8,2.7,0.34450316,0.6685922,0.8860717,1.0446954,1.1703353,1.2739837,1.3624418,1.4418585,10
0.49420101,76.67330975,23.88696722,2.04732219,2.53123366,0.56268358,1.44058585,1.95876026,2.19076061,2.328372,2.4344449,2.52169704,2.59902143,19
0.3,84.48954270620632,394.4021223847008,2.14228852,2.31184096,0.2831959724426269,0.4639332294464111,0.5074477195739746,0.5255270004272461,0.5416629314422607,0.5556294918060303,0.5677425861358643,0.578427791595459,21
0.4495553,17.72314745,59.41395504,2.4,2.9,0.93600655,2.6858883,4.01306,4.623734,4.848302,4.936135,4.9813805,5.0026374,23
0.50475543,47.19327281,6.00324495,2.8,2.2,0.76215816,2.1643834,3.0936785,3.4912105,3.647622,3.7532105,3.8323727,3.894618,22
0.60887912,266.45336198,77.47519218,2.4971017,2.81854199,0.20070529,0.32446361,0.44541121,0.55730176,0.65992308,0.75455046,0.84243345,0.92472148,16
0.88268655,26.94703116,336.93038683,2.72318593,2.73194481,0.37433505,0.7795248,1.04394078,1.19503188,1.28435397,1.34504056,1.39090371,1.42605567,21
0.6158985505827442,292.54888497431506,0.0109143490613046,2.851106332138911,2.3413166042488505,0.178347110748291,0.2892153263092041,0.399371862411499,0.5014996528625488,0.5971508026123047,0.686586856842041,0.770867109298706,0.8502926826477051,15
0.95441067,292.46575928,272.37115479,2.5938406,2.78482103,0.13807726,0.16200519,0.19405222,0.24766016,0.29758525,0.34016705,0.38259268,0.42340279,4
0.9955918749476504,1.3458561820040145,0.008703695522527,2.619020530306255,2.771944617018823,1.1567552089691162,3.46738600730896,5.30642032623291,6.305811882019043,6.849964141845703,7.246685028076172,7.578088760375977,7.830995559692383,5
0.71828335,118.35266333,125.20964833,2.9,2.5,0.30855346,0.5932634,0.82544374,1.0209949,1.1866016,1.3277845,1.4500868,1.5567427,10
0.97135649,99.24811725,1.78987267,2.4,2.3,0.24222064,0.45749736,0.6581142,0.8403294,1.0044758,1.152765,1.286221,1.407547,8
0.56845304,53.4657168,359.95529687,2.3,2.9,0.3061521,0.5315435,0.6287415,0.6794543,0.7154546,0.7438972,0.7663119,0.78445077,21
0.3796106,240.74421329,58.90484466,2.7,2.3,0.30865026,0.58022,0.7703364,0.91934466,1.0411727,1.143332,1.2301285,1.3069866,10
0.97073226,29.36196471,319.36934849,2.67604373,2.87868246,0.36282349,0.74887323,1.02174997,1.20909929,1.34069777,1.43876123,1.51468277,1.57353973,10
1.0,55.99787074,400.0,2.0,2.0,0.12444854,0.16187048,0.19556475,0.22401094,0.25110507,0.27545857,0.29585862,0.31366324,11
0.89341573,249.81945393,293.94137423,2.3,2.4,0.08923244,0.1335249,0.16961789,0.19652534,0.22677135,0.25862432,0.2898116,0.31886244,11
0.66962431,9.10151218,77.92265026,2.8,2.2,0.8899708,2.6230226,3.9339514,4.525325,4.6999683,4.748083,4.762547,4.772132,23
0.6205671,95.22944632,350.1898406,2.22348054,2.47858693,0.2169888,0.3239727,0.40432167,0.470186,0.5263083,0.57437921,0.61699843,0.65450168,17
0.72321809,210.17976248,218.33386684,2.1,2.3,0.11158896,0.1650126,0.21411586,0.25888062,0.30452538,0.34700346,0.38662982,0.4238472,3
0.4022350487414561,4.787999687605285,0.194749529923274,2.014352593306765,2.0639651041305305,1.121070146560669,3.587021827697754,6.055639743804932,7.782392024993896,8.579172134399414,8.669431686401367,8.678728103637695,8.68699836730957,12
0.3163645760569856,102.63766006680136,0.0173102790871821,2.8757240648021245,2.9314305388900763,0.7513587474822998,2.1971077919006348,3.2583255767822266,3.743841648101807,3.926938533782959,4.01962423324585,4.085658550262451,4.143014907836914,22
0.57007855,58.07601142,0.12410951,2.0093031,2.0,0.53462005,1.27877784,1.69963169,1.9219172,2.06958294,2.19152927,2.29136562,2.37042665,18
0.70155057,285.42534374,259.25203477,2.3,2.7,0.11202812,0.14958358,0.18758631,0.21907282,0.25083852,0.28374362,0.31382656,0.34344172,11
0.84654624,168.19844232,97.9597527,2.06682827,2.68408311,0.17104673,0.29541302,0.41552901,0.5281148,0.63320684,0.73091578,0.82237434,0.90802741,16
0.30931028,127.62975026,157.035584,2.56838518,2.51042471,0.46202326,1.09807634,1.46815181,1.58411193,1.63805652,1.68261695,1.72067666,1.75510049,0
0.69357664,186.77783856,89.92418144,2.5,2.0,0.18241811,0.31100154,0.43405318,0.545213,0.64766455,0.7414849,0.8279505,0.90808916,16
0.99327016,172.66271973,235.83467102,2.1131413,2.53841305,0.11419582,0.18549752,0.25219798,0.31405973,0.37507534,0.43335748,0.48874998,0.54105544,3
0.42376193,64.22507549,121.53586724,2.4,2.1,0.5470686,1.4106247,1.9096105,2.0607817,2.1165473,2.161596,2.2002223,2.2326896,0
0.76558971,279.64187568,199.03792838,2.2,2.5,0.10339451,0.15550852,0.2010684,0.24032974,0.2819612,0.32320237,0.3629086,0.40034127,3
0.4658646154009258,110.85821442250402,0.0543680327988808,2.970105044001034,2.093460820010423,0.4591257572174072,1.0856962203979492,1.4912214279174805,1.7242918014526367,1.888071060180664,2.017033100128174,2.1272635459899902,2.218797206878662,18
0.34863994,224.8926239,166.64971924,2.67633224,2.37020206,0.26378918,0.4259069,0.53281522,0.61975527,0.69393039,0.7577877,0.81445265,0.86453462,17
0.30363393,98.34908295,141.21710205,2.06902218,2.16226578,0.45854306,1.09033275,1.40354371,1.4709363,1.50574374,1.53602409,1.56208825,1.58500171,0
0.40972653,77.2450943,150.20812988,2.30031061,2.4878087,0.5036118,1.2486949,1.68475318,1.82341886,1.88330102,1.93068862,1.97251678,2.00882077,0
0.4038675,271.79972705,254.62032074,2.4,2.7,0.16800046,0.21306205,0.25916028,0.297153,0.33411598,0.36769676,0.39854908,0.4281404,4
0.7942531650422868,0.7487312525909828,57.16551003685726,2.28576841607627,2.9949434099217496,1.0867931842803955,3.5082876682281494,5.943742752075195,7.6039886474609375,8.295757293701172,8.365303039550781,8.365814208984375,8.366079330444336,14
0.96276641,297.7137146,322.83221436,2.02103806,2.66110921,0.07197404,0.11490679,0.14837384,0.1722393,0.19964671,0.22780466,0.25630832,0.28412485,11
0.5971449748674705,58.94148474268923,0.0058018475475479,2.961819928212226,2.481498636774625,0.6118183135986328,1.5878829956054688,2.2235107421875,2.5655946731567383,2.783409118652344,2.949049949645996,3.0818920135498047,3.200997829437256,18
1.0,16.575556321401905,47.36304101342512,2.54453278,2.70201874,0.6148996353149414,1.5594501495361328,2.1900172233581543,2.56984806060791,2.8288111686706543,3.026498794555664,3.1876020431518555,3.3232903480529785,19
0.50777836,210.54691669,334.3702502,2.1,2.6,0.11969614,0.14480829,0.16833496,0.18429685,0.20233488,0.21854949,0.2337575,0.24822068,11
0.32530054,61.35071182,90.9178009,2.06292987,2.18975163,0.6352284,1.70439792,2.33802009,2.49753356,2.52956748,2.5532105,2.57499957,2.59557319,0
0.44427928,101.90311696,1.9712688,2.8,2.4,0.5949197,1.5695417,2.1887233,2.4673698,2.6200478,2.7363732,2.8332007,2.9158132,18
0.7324707,111.76666088,32.44356671,2.6,2.3,0.31480885,0.62291026,0.8762703,1.0884733,1.2664802,1.4178834,1.5481846,1.6629574,9
0.85406286,233.80124146,236.36235555,2.3,2.5,0.10809112,0.1629281,0.21202016,0.2558756,0.30029988,0.3443539,0.38627553,0.42599916,3
0.43110663,230.51939812,280.89139156,2.6,2.8,0.20097709,0.2705326,0.33264136,0.38649654,0.43502784,0.4787047,0.5190098,0.5563555,4
0.4984379398403718,1.597962510464421,0.2296599944465087,2.312322978834675,2.3451602864190213,1.212533712387085,3.976395130157471,6.982965469360352,9.378670692443848,10.441913604736328,10.46574878692627,10.47408962249756,10.48102569580078,13
0.85484191,135.28527018,94.61746197,2.4,2.7,0.21564054,0.37903833,0.5340216,0.67332625,0.80008745,0.91542625,1.021091,1.1173487,16
0.5252923195333559,1.8905600860566447,0.0084417917920167,2.0400063261254644,2.744665013605838,1.2065885066986084,4.034261226654053,7.181480884552002,9.640752792358398,10.976520538330078,11.090291976928713,11.100425720214844,11.108964920043944,12
0.30422915,37.09607741,248.69703537,2.57411356,2.22254993,0.52919292,1.34409332,1.79864383,1.83133674,1.83145165,1.8321569,1.83243871,1.83272052,1
0.52905108,30.02771819,376.68028482,2.2,2.4,0.3424101,0.6460254,0.74829984,0.75213766,0.75519943,0.7580335,0.76049304,0.7626476,21
0.95882618,5.31105757,36.30998993,2.06264734,2.29473519,0.81551361,2.16905856,2.99492955,3.39225221,3.61133122,3.74956775,3.84315181,3.91781545,23
0.57790753,18.16769972,86.27139613,2.6,2.9,0.8352635,2.3660278,3.4704528,3.9799533,4.1702704,4.2582703,4.300214,4.3282847,23
0.62385121,39.32822698,280.75767278,2.06886639,2.80386345,0.42241669,0.99164271,1.34054303,1.47177267,1.52755165,1.56645918,1.59735441,1.62404323,1
0.37208804,7.63863945,22.87869072,2.52865195,2.03298926,1.08712935,3.20726252,5.06396723,6.06038475,6.30334854,6.42210197,6.47943115,6.49442387,7
0.93150845,184.91564018,214.62774487,2.6,2.9,0.16056013,0.23941326,0.32288098,0.40808988,0.4865024,0.55890346,0.6277721,0.69265485,17
0.5366679686574608,0.981129794374533,0.0097603570147028,2.224836723653426,2.045500456975806,1.1705801486968994,3.7973365783691406,6.591817378997803,8.784698486328125,9.771902084350586,9.795860290527344,9.803316116333008,9.809551239013672,12
0.68725555,164.49606362,189.20169236,2.4,2.9,0.20205712,0.32246375,0.43582702,0.53549933,0.62538123,0.70691895,0.7811582,0.8496766,17
0.841478,138.55536656,202.70733134,2.12691145,2.75626015,0.18211126,0.30442929,0.42304444,0.53177762,0.63087726,0.72268701,0.80699635,0.88487434,17
0.98563869,207.17703362,264.54850698,2.86829092,2.99255555,0.16595054,0.2236464,0.29644632,0.37648988,0.44734144,0.51523018,0.57954216,0.64193892,4
1.0,1.350557356797432,7.422065285378227,2.5,2.5,1.1036746501922607,3.244044303894043,4.857546329498291,5.708870887756348,6.185317993164063,6.537701606750488,6.816485404968262,7.023677825927734,6
0.55099896,188.4471533,84.3452549,2.8,2.2,0.26679993,0.48565817,0.66572046,0.8196411,0.9523642,1.068398,1.1699781,1.2603118,10
0.4863192966665691,4.9259332995230425,0.0033258525738559,2.7668745390560963,2.8892490656689622,1.240553379058838,4.015193462371826,6.911376953125,8.961295127868652,9.88516616821289,10.060561180114746,10.098954200744627,10.163179397583008,12
0.93602468,256.32144687,60.59828297,2.2,2.5,0.11774731,0.19813466,0.2698114,0.339216,0.4085977,0.47720718,0.5419872,0.60444427,2
0.7690873260609064,3.323947905148525,0.0040116093979842,2.129339939639188,2.979913235427853,1.1207208633422852,3.497798204421997,5.556439399719238,6.692757606506348,7.190898895263672,7.435802459716797,7.600323677062988,7.7359619140625,5
0.53073015,167.05932023,382.49734902,2.0,2.7,0.12206554,0.14175439,0.15902734,0.16960073,0.1815362,0.19186425,0.20270038,0.21216393,11
0.6979461,147.99842185,235.8067653,2.1,2.4,0.15228057,0.2244451,0.29561257,0.35926032,0.41708922,0.4694636,0.51754856,0.5621519,3
0.3611100248248566,122.38963993704624,0.0679303691584044,2.017027092292412,2.8747665348815827,0.584514856338501,1.6329059600830078,2.300520896911621,2.566521167755127,2.6938014030456543,2.791384696960449,2.872285842895508,2.939758777618408,22
0.80479266,18.11478423,240.13485029,2.7,2.9,0.5409572,1.3678412,1.9185739,2.146998,2.2264848,2.2662277,2.2953935,2.3199196,1
0.50971092,232.56880023,357.95699606,2.95226669,2.70897884,0.17396188,0.21348071,0.26023626,0.30246449,0.33783054,0.37121654,0.40199542,0.43105531,4
0.30322361,289.47981024,2.65270914,2.01053163,2.07019866,0.23995376,0.39887309,0.51601171,0.61337495,0.6956954,0.76672006,0.82965374,0.88479877,15
0.90752056,235.29106821,99.11548269,2.2,2.8,0.12733793,0.20869327,0.28408647,0.35662675,0.42732167,0.4960935,0.56168795,0.6241157,2
0.3,111.30639888,400.0,2.0,2.0,0.17716074,0.18681431,0.19175005,0.19549584,0.20012498,0.20414138,0.20749879,0.21101689,11
0.9513361827349464,3.9767718178282543,0.9249008914087912,2.750807327852111,2.2481558939251505,0.9591357707977296,2.613450050354004,3.708479881286621,4.317681789398193,4.71706485748291,5.017977237701416,5.248464584350586,5.428962707519531,5
0.97986587,268.36312705,69.85175981,2.9,2.0,0.11050677,0.19423008,0.26624322,0.33857512,0.41127634,0.4829688,0.55093575,0.6176295,2
0.45149335,65.9830839,280.93823616,2.65212278,2.89777122,0.4668622,1.12304616,1.54069233,1.67865276,1.71909189,1.74931812,1.77532625,1.79795456,1
0.86355677,145.0971931,230.04492101,2.7,2.6,0.18583965,0.2982819,0.40804982,0.510128,0.60297394,0.68895745,0.76849055,0.8421757,17
0.30723647,251.16211157,193.34167987,2.67124272,2.08382613,0.19326448,0.25112677,0.30166888,0.34358144,0.38045311,0.4135108,0.44464564,0.47268748,3
0.74209273,84.45080566,97.82798767,2.10196519,2.02289224,0.26203752,0.49319935,0.68051314,0.83606482,0.96564746,1.0744226,1.16847682,1.24952674,10
0.67836822,298.94966675,393.70106445,2.4,2.2,0.07643342,0.10475206,0.12908936,0.1352377,0.14662957,0.15939164,0.17354178,0.1859498,11
0.7359671468091259,32.35506326907546,0.0149067024141145,2.318526197754625,2.163416276624859,0.597736120223999,1.491959810256958,2.041643619537353,2.350431442260742,2.560010433197021,2.722955703735352,2.8583664894104004,2.971364021301269,18
0.7246555313294181,7.718131214226539,5.357144336842634,2.6,2.9,1.0451884269714355,3.1407177448272705,4.790286064147949,5.62935733795166,6.019671440124512,6.260780334472656,6.43321418762207,6.573075294494629,6
0.99760209,11.29766278,100.73307366,2.13822962,2.97333851,0.63515615,1.6954329,2.37957549,2.73496747,2.94020343,3.08097863,3.19042373,3.27693534,23
0.8807384511311123,195.885737480924,0.225305886549653,2.05463097644399,2.323537571746773,0.1470625400543213,0.2616126537322998,0.3708724975585937,0.4753317832946777,0.5748558044433594,0.66963791847229,0.7590470314025879,0.8438947200775146,15
0.70273047,273.27380049,17.4669173,2.3,2.8,0.15743136,0.2576666,0.3563404,0.44880962,0.53577304,0.61941147,0.6977217,0.77138877,15
0.86725272,235.492866,33.61028937,2.7,2.8,0.1760776,0.2944734,0.40928292,0.5257175,0.6335654,0.7347958,0.831131,0.92233396,15
0.8470448,1.6283953,77.84155184,2.58433891,2.62856714,1.02526116,3.03696752,4.69732952,5.5720253,5.83555984,5.91819859,5.9368124,5.93687439,7
0.89647831,249.31588764,309.40930199,2.86346172,2.17371426,0.09712648,0.1317997,0.16236877,0.18363476,0.20764399,0.23562551,0.2610786,0.28486919,11
0.7972362,32.6190993,314.01226574,2.0398225,2.43728572,0.32158804,0.63138199,0.82324672,0.93676949,1.01119232,1.06454754,1.104707,1.13543057,21
0.6391082891990626,7.066390092097303,0.0122950808728538,2.055019295539446,2.6264428469785464,1.056631565093994,3.23162579536438,4.994668960571289,5.882692337036133,6.230695724487305,6.397459030151367,6.524218559265137,6.610424995422363,5
0.3024742231699312,2.099709978752617,0.057130187957862,2.056623157238389,2.8901914209337765,1.2438406944274902,4.240191459655762,7.860115051269531,11.181693077087402,13.37390422821045,13.426445960998535,13.43242359161377,13.43758773803711,12
0.7902330770587307,61.390035598164935,0.0212697729680154,2.333602152495968,2.2878913219867334,0.4141569137573242,0.9111533164978028,1.2771127223968506,1.5438988208770752,1.7511992454528809,1.920905590057373,2.062924861907959,2.184347629547119,18
0.89288063,61.96407327,306.84453681,2.0,2.9,0.1925435,0.29393387,0.38138795,0.4531436,0.5143161,0.5671971,0.61220837,0.6510265,17
0.6803199541083136,1.793120635309477,114.0835095084614,2.2477026911710003,2.675414492240549,0.9096930027008056,2.8177287578582764,4.504193305969238,5.407393455505371,5.569435119628906,5.582149505615234,5.582837104797363,5.583015441894531,7
0.30708601,146.75182102,322.01706449,2.5,2.6,0.2977066,0.48700428,0.56038666,0.608253,0.64938307,0.683331,0.7116382,0.73633003,21
0.5722668456138098,1.5450051356374512,74.41312435456769,2.0714200172351065,2.8085741486290225,1.01123309135437,3.2542316913604736,5.483716011047363,7.023995399475098,7.567049026489258,7.572660446166992,7.572916030883789,7.57318115234375,7
0.58234775,152.70797203,138.66060662,2.6,2.3,0.26400948,0.47310328,0.6419389,0.7831626,0.90446067,1.0097167,1.1015999,1.1816509,10
0.79950426,249.9033406,263.47897301,2.71662364,2.80914785,0.15077829,0.19824409,0.254457,0.31950307,0.37657905,0.4294796,0.48081374,0.5291698,4
0.4062421902303322,107.64301392359144,0.1371443362552368,2.1428262180740147,2.393268949785785,0.5458486080169678,1.4115486145019531,1.921999216079712,2.146919012069702,2.2860758304595947,2.3908474445343018,2.480133295059204,2.5621888637542725,18
0.9896277856816174,0.7279688681424166,0.0034475609049516,2.4831255411083744,2.083607376909059,1.1231863498687744,3.2967772483825684,4.949105739593506,5.855315685272217,6.404122829437256,6.824259281158447,7.185787677764893,7.470247745513916,5
0.90624132,159.17313542,208.68471428,2.2,2.5,0.13648415,0.21343231,0.2891376,0.35957575,0.42618322,0.4888854,0.5475092,0.6023798,3
0.85955884,202.23483448,198.13401949,2.62919415,2.15720046,0.1209743,0.18510795,0.24556947,0.30264115,0.35788536,0.41079807,0.4613595,0.50875258,3
0.9710497320015568,5.961286153654165,0.3614348362187364,2.523332036271208,2.175868062908929,0.8352324962615967,2.180282592773437,3.0281624794006348,3.512856960296631,3.83342218399048,4.065686702728272,4.248399257659912,4.395200729370117,22
0.53345955,77.068909,111.74527747,2.2,2.3,0.42097306,0.93941665,1.2541819,1.4201634,1.5354085,1.6265247,1.6981251,1.7585747,20
0.49490035,291.37782556,126.55117708,2.8783764,2.46413081,0.18483472,0.27175927,0.35855031,0.43596339,0.50732851,0.57307196,0.63382101,0.69071913,16
0.66002812,22.77063359,303.49249095,2.2,2.6,0.4106028,0.8986294,1.1550653,1.2001753,1.204467,1.2089305,1.2127304,1.2159648,21
0.62501602,8.61974319,268.74535671,2.3,2.4,0.5558655,1.4379141,1.9572494,2.0104067,2.0111244,2.0119483,2.0127814,2.013078,1
0.5375737787328905,1.7187395530831848,0.0186296645060727,2.9549438159350734,2.247286620223817,1.2236614227294922,3.941153526306152,6.796180725097656,8.93883228302002,10.061641693115234,10.202287673950195,10.21188259124756,10.22047233581543,12
0.75079391,143.56431242,106.58676322,2.2,2.1,0.18494558,0.31781816,0.44157648,0.55348253,0.6543083,0.7462027,0.83058906,0.9081178,16
0.87597629,51.72068408,57.27129856,2.2,2.5,0.37006736,0.78209114,1.0998261,1.3408363,1.5293813,1.6827664,1.8114452,1.9220581,9
0.90939019,55.69207963,153.37689997,2.5,2.6,0.3300748,0.66314626,0.9274256,1.13994,1.3121488,1.4542925,1.5736649,1.6750958,10
0.8386886925631426,62.84025845782996,0.0336594203071943,2.688509003368188,2.485526386825481,0.4212977886199951,0.9279501438140868,1.3149268627166748,1.6049697399139404,1.831969976425171,2.0183112621307373,2.175917387008667,2.3118393421173096,18
0.34577043,118.17100477,177.49292071,2.1,2.1,0.33994484,0.6658957,0.8304846,0.90881014,0.96511674,1.0125575,1.0520773,1.0847156,21
0.4322144863299065,0.8962760023336883,0.2392747803043003,2.69446754,2.33365679,1.2497458457946775,4.134178161621094,7.434840202331543,10.323002815246582,11.887621879577637,11.921123504638672,11.926436424255373,11.930853843688965,13
0.4931448614479543,58.40818980034236,0.0062969564571419,2.996065220566168,2.251637204859918,0.6733584403991699,1.807476043701172,2.529672145843506,2.8898520469665527,3.0918450355529785,3.237962245941162,3.347723960876465,3.448973655700684,22
0.67453194,6.7369697,75.47613528,2.0,2.5,0.89156723,2.60073948,3.85663176,4.38247824,4.51227283,4.54255486,4.54973936,4.55584717,23
0.83832133,235.33511353,261.05847168,2.55366945,2.46006393,0.11743903,0.17158031,0.22090077,0.26888251,0.31707382,0.36228442,0.40454769,0.44594526,4
0.6161572853396295,12.38153150350948,0.0112460738533579,2.456055050200453,2.3021383479814483,0.9576034545898438,2.7350058555603027,3.969698429107666,4.551562309265137,4.847607135772705,5.051041603088379,5.1928582191467285,5.297305107116699,5
0.34348183,163.80117368,71.83247296,2.08369466,2.67465063,0.42472601,0.98448229,1.3237083,1.4797132,1.58186674,1.66514039,1.73268414,1.79146218,20
0.55446863,145.27890015,253.45800781,2.0981276,2.59328365,0.21897411,0.34955096,0.45609164,0.54666305,0.62539601,0.69502234,0.75797987,0.81279159,17
0.3357831468530995,1.0162693971090684,0.0037959751940756,2.010249321654172,2.1093653881483445,1.1786072254180908,3.9008288383483887,6.972959995269775,9.644487380981444,10.837587356567385,10.849668502807615,10.855966567993164,10.861360549926758,12
0.4836019232515509,4.083341010639915,0.6176704311928097,2.172256599423622,2.9497550517554862,1.2020776271820068,3.9766414165496826,6.999464988708496,9.219554901123049,10.289359092712402,10.463884353637695,10.46832275390625,10.472915649414062,13
0.49197055,119.94615265,159.76629496,2.99981304,2.10417659,0.3004055,0.55354381,0.72231126,0.84641147,0.94323468,1.02230024,1.08808851,1.14660835,10
0.6890813521332494,4.878959349281418,0.6309335826873621,2.4026749721964515,2.233482491697957,1.057563066482544,3.100342035293579,4.631819725036621,5.400705337524414,5.780644416809082,6.047030448913574,6.243194580078125,6.378068923950195,5
0.48531607,155.40408956,221.88115913,2.2,2.9,0.23524523,0.3687067,0.46738362,0.5495057,0.61952233,0.68086696,0.7347114,0.78223515,17
0.49660338,269.99830143,381.63681006,2.6,2.1,0.10420275,0.12764716,0.15155435,0.16625476,0.18252301,0.19761944,0.21323514,0.22719955,11
0.32834147,6.37345252,21.44598418,2.31001303,2.98053566,1.2189517,3.85734463,6.71845245,8.9040575,9.90779209,10.14921761,10.15957165,10.1605711,14
0.5701134,129.06925323,338.63150075,2.66303644,2.98875191,0.26567817,0.43355513,0.54997325,0.6480515,0.73072577,0.80230951,0.86500835,0.91976976,17
0.3935569149137934,1.426978165368646,0.0296246031403485,2.046437382466153,2.168574352073615,1.1789100170135498,3.901072025299072,6.930545330047607,9.48845672607422,10.766464233398438,10.796619415283203,10.801258087158203,10.805166244506836,12
0.52639501,38.95123869,259.92703556,2.92423271,2.47251205,0.48618579,1.17004681,1.58024693,1.6929493,1.71465206,1.7311759,1.74564886,1.75871038,1
0.86241978,152.86855895,139.96928545,2.3792792,2.80291343,0.19694996,0.33577061,0.47055721,0.59563994,0.71033382,0.81645727,0.9145143,1.00589371,17
0.970363404450914,120.73237029829497,381.154452853489,2.14698819,2.55309747,0.1230874061584472,0.174809455871582,0.2275252342224121,0.2760488986968994,0.3207173347473144,0.3631935119628906,0.4026098251342773,0.4394764900207519,4
0.5641237545009996,197.13480653199588,0.0407483669996536,2.7211883981572647,2.2921250697988977,0.264146089553833,0.4844212532043457,0.6727988719940186,0.8354392051696777,0.9766530990600586,1.1011335849761963,1.212289810180664,1.3114616870880127,8
0.5114024307487096,6.6865173092237855,0.0042346863566249,2.827120627240882,2.1585688775796,1.1042771339416504,3.3523600101470947,5.268117904663086,6.331659317016602,6.745901107788086,6.981545448303223,7.162692070007324,7.301921844482422,5
0.70069569,5.91203425,4.4341709,2.52170333,2.90484169,1.09822583,3.36155367,5.24807978,6.24561691,6.67459869,6.92308998,7.10874748,7.23747253,6
0.99671335,298.73597603,3.34046861,2.06783918,2.0845749,0.08800173,0.15623736,0.21795821,0.27284932,0.32978106,0.38562036,0.44043541,0.49410295,2
0.66433394,136.2466178,157.61093265,2.1,2.1,0.18539739,0.30524635,0.41320586,0.5073118,0.59120274,0.6667619,0.7344613,0.7967105,17
0.5740492611464132,1.781885356862003,0.0171812613623852,2.564399384401033,2.7301419325755893,1.2542548179626465,4.11015510559082,7.195171356201172,9.485718727111816,10.634284019470217,10.784260749816896,10.795514106750488,10.80492115020752,12
0.60709972,215.1558549,208.64227357,2.4,2.2,0.15118766,0.22281742,0.29408288,0.35819626,0.41747046,0.47268105,0.52356315,0.57123876,3
0.64112381,106.30475833,176.31925223,2.3,2.3,0.25993443,0.46400118,0.623302,0.753098,0.86135554,0.95365834,1.032361,1.1013973,17
0.7941041,157.65640259,45.41450882,2.44070864,2.01276565,0.17886424,0.30996323,0.435251,0.55043697,0.65618801,0.753438,0.84335303,0.9262898,16
0.46441802,251.62770896,84.38825522,2.3,2.4,0.20164108,0.3178184,0.42345262,0.5160749,0.5990298,0.6736131,0.7418525,0.8040159,16
0.34440542,280.60471906,129.55602032,2.9,2.0,0.24146032,0.40088916,0.52012825,0.6216254,0.7086997,0.7846191,0.85289574,0.91274476,17
0.66283091,215.45291022,80.62945501,2.7,2.8,0.2247591,0.37797928,0.52269936,0.65440345,0.7733774,0.8827536,0.9828577,1.0753422,16
0.34222098,79.95212512,55.63157362,2.4,2.4,0.6543751,1.7711608,2.471883,2.7150753,2.7906063,2.8398664,2.882109,2.9200127,0
0.39973622,175.66864193,182.62824073,2.2,2.7,0.261703,0.43043542,0.5413661,0.6307998,0.70547676,0.76881886,0.82255125,0.8702526,17
0.8408159869461574,2.477745491325796,88.66810624449926,2.1587900318908697,2.900746277213757,0.9249584674835204,2.8608157634735107,4.478248596191406,5.3131303787231445,5.536775588989258,5.589531898498535,5.599325180053711,5.6009063720703125,7
0.3,100.74128296699888,357.69315114378423,2.0,2.0,0.2239778041839599,0.296471357345581,0.3180389404296875,0.3368360996246338,0.3530783653259277,0.367152452468872,0.3794407844543457,0.3902037143707275,4
0.72663927,20.24682068,64.90519013,2.4,2.6,0.7006936,1.8623507,2.5951507,2.9421995,3.1327755,3.2462409,3.3409388,3.4199417,23
0.30900621,38.16310306,41.0856996,2.4,2.8,0.91474843,2.6382203,3.9539146,4.547583,4.7232337,4.7994633,4.82713,4.844407,23
0.6958101375438047,56.79087323260006,23.82247515932196,2.93499112,2.48091912,0.5252285003662109,1.2779755592346191,1.7931504249572754,2.106243133544922,2.3250417709350586,2.494900703430176,2.637939453125,2.7588558197021484,19
0.6096302,197.67441788,390.79151386,2.9,2.0,0.13034272,0.16945481,0.21123052,0.24916363,0.28470373,0.31776047,0.3485744,0.37781978,4
0.95199269,272.293396,161.25990295,2.51129651,2.36232162,0.10755515,0.16961336,0.2236557,0.27446437,0.32740188,0.37951136,0.42977929,0.47790241,2
0.37267144,200.5680746,265.52092376,2.75880264,2.47429993,0.23932838,0.34864116,0.41908813,0.47902846,0.53190756,0.57851505,0.61917186,0.65589356,17
0.60545863,32.52566641,317.8741767,2.0,2.7,0.33466578,0.63417125,0.7604637,0.7938323,0.8121958,0.8260524,0.8368521,0.84563756,21
0.308355511807985,3.1305590728568955,4.342511597848575,2.170637089060381,2.862789838241762,1.2262024879455566,4.144283294677734,7.578155517578125,10.62335968017578,12.602852821350098,12.70821475982666,12.711780548095703,12.714856147766112,14
0.41244377,93.1537495,162.64741355,2.9,2.4,0.504977,1.2816556,1.7842042,1.9746873,2.052818,2.111325,2.1618063,2.2075527,0
0.4609579707414611,0.94558100918568,2.040086831266973,2.4064997045197147,2.4145643270624086,1.2337994575500488,4.096587181091309,7.365963935852051,10.223711013793944,11.801182746887209,11.82472801208496,11.830760955810549,11.835564613342283,13
0.68508755,248.68267453,161.80985542,2.8,2.1,0.14212775,0.22356296,0.30301046,0.3788147,0.4500239,0.5168977,0.5800803,0.6401522,2
0.46341227,68.68439695,77.01150751,2.2,2.0,0.5192187,1.278789,1.6956298,1.8546615,1.9459641,2.0166235,2.0790443,2.1344652,0
0.52615778,273.14767507,368.36054281,2.2,2.7,0.1012888,0.12592912,0.14731956,0.15410686,0.1643703,0.17762017,0.18861651,0.19806695,11
0.6751047480361405,28.603529559197547,0.0045268923657251,2.9586935125030687,2.1957603454373564,0.7088840007781982,1.8677291870117188,2.60361385345459,3.003109931945801,3.253755569458008,3.432969093322754,3.58028507232666,3.7010464668273926,22
0.43555785,279.88005997,75.98046393,2.98845572,2.23016998,0.20132947,0.3073895,0.4053154,0.48987031,0.56714821,0.63774872,0.70239472,0.76244235,16
0.52671939,284.80886301,55.65194218,2.7,2.5,0.21114874,0.3416791,0.46516347,0.57660294,0.6777084,0.77055573,0.8561418,0.9355681,16
0.89327019,14.43987846,25.59814644,2.08443332,2.49827743,0.6904068,1.80313158,2.47562337,2.82538056,3.0430634,3.20359206,3.32767415,3.43037295,23
0.61356886,155.29810691,354.13139594,2.86003226,2.7149371,0.2029314,0.28196239,0.35404658,0.41726589,0.47319436,0.5235765,0.56956577,0.61162615,4
0.80727077,191.13759747,267.49068121,2.1,2.5,0.10958171,0.1571114,0.2003994,0.23891354,0.2796378,0.31721377,0.35258746,0.3859942,4
0.55253392,19.29854965,0.96760243,2.46985292,2.25921082,0.93351078,2.59515476,3.70848703,4.22351599,4.4672904,4.62723875,4.712677,4.78873682,22
0.9968782,90.29967782,92.63376036,2.1,2.3,0.19402981,0.35157418,0.49852276,0.63259935,0.75464535,0.8651638,0.9658079,1.0573194,16
0.419738279564893,17.50049862008892,0.0333294391976318,2.542956151741476,2.2581122083627867,1.0240459442138672,3.06379508972168,4.69488525390625,5.492079734802246,5.784174919128418,5.9390974044799805,6.045202255249023,6.110326766967773,5
0.67065495,260.01948412,345.08840773,2.3,2.0,0.07816887,0.10827994,0.13442373,0.14514923,0.16276097,0.18091488,0.19827104,0.21401715,11
0.35466698,20.11079503,20.79167109,2.5,2.5,1.06410527,3.16493654,4.94339132,5.89865398,6.1506319,6.22235107,6.25521374,6.27579117,7
0.7474716575702824,2.246865127787278,0.8100054143132905,2.6815463684202365,2.585994177997797,1.1851210594177246,3.6615376472473145,5.857829570770264,7.112847805023193,7.675310611724853,7.989578723907471,8.246641159057617,8.462345123291016,13
0.4325228,210.2257403,103.40440664,2.5,2.0,0.2526369,0.4407885,0.58638453,0.7070708,0.80907965,0.8972759,0.9745028,1.0421116,16
0.31683574,69.10978692,99.12087756,2.0,2.3,0.5751016,1.4634514,1.9501317,2.0663426,2.1012685,2.1313121,2.1584294,2.181955,0
0.30436987,229.99314881,182.01219068,2.4,2.7,0.27427483,0.44198012,0.5378163,0.61461806,0.6800673,0.73462605,0.78300095,0.82473207,17
0.7960298593706118,1.5265789028429226,19.12500544639222,2.03906536,2.40275574,1.080319881439209,3.3516526222229004,5.305366039276123,6.371109485626221,6.796508312225342,6.968936443328857,7.0532965660095215,7.102391719818115,6
0.77680965,265.52160427,142.97095156,2.56499459,2.96894847,0.16096592,0.25069833,0.33754563,0.42933917,0.51199412,0.59026361,0.66501188,0.73578954,17
0.4737787921105017,132.1314788220655,0.0287165151844281,2.527581706993149,2.985725440516961,0.5075528621673584,1.2650034427642822,1.7770719528198242,2.063370704650879,2.2533626556396484,2.4018616676330566,2.5267043113708496,2.630484104156494,18
1.0,269.74926859,299.20645582,2.0,2.0,0.05807519,0.09185791,0.11839461,0.13448644,0.156358,0.17576051,0.19479847,0.214854,11
0.8633355088469714,8.566948689468186,1.1630193232081534,2.9052600713710097,2.2496056942494222,0.8668625354766846,2.328341007232666,3.280192852020264,3.8083014488220215,4.153774261474609,4.403529644012451,4.597795009613037,4.747244358062744,22
0.31630031,38.57925605,137.58552969,2.68661786,2.27151307,0.69951987,1.92397618,2.74603772,3.01765084,3.04849601,3.05159831,3.0556891,3.05966592,0
0.7974098459959522,5.11815829084423,0.1010482533760509,2.184614508553382,2.197408235424111,0.9808027744293212,2.7619218826293945,3.9604697227478014,4.555078506469727,4.884448051452637,5.113185882568359,5.274955749511719,5.401762962341309,5
0.59977037,141.33064125,152.5161945,2.81729669,2.12136788,0.23557949,0.39978838,0.53498793,0.64952898,0.7486074,0.83511066,0.91153455,0.97839761,17
0.3114422,43.73106003,54.58235931,2.08923936,2.21146369,0.78383017,2.20408511,3.15445828,3.47537208,3.53965163,3.55836368,3.5734632,3.58709168,23
0.49504989,1.72005832,41.02206421,2.19452095,2.39271307,1.12364006,3.46870422,5.80452585,7.32187986,7.79181051,7.83815432,7.83890867,7.83943892,7
0.78976722,209.22041611,43.58336833,2.2,2.1,0.14104009,0.24176359,0.33718324,0.427665,0.5131717,0.5941124,0.6698775,0.7419839,15
0.6095028740492692,1.220769872861445,0.2874254787077296,2.218845125368839,2.1275046503481465,1.174587965011597,3.7824440002441406,6.45035982131958,8.379518508911133,9.29156494140625,9.447288513183594,9.457870483398438,9.466276168823242,13
0.6311540760573437,0.8356046265975126,0.0053566787261574,2.2032440234198853,2.673694982133445,1.2367384433746338,4.119980335235596,7.330770015716553,9.8819580078125,11.22433090209961,11.348072052001951,11.356996536254885,11.364269256591797,12
0.9412805772195983,0.872758341529995,0.0608006203027245,2.435381241337456,2.1586380849195166,1.1338133811950684,3.3633041381835938,5.100077629089356,6.064589977264404,6.588546276092529,6.983421802520752,7.317361354827881,7.58638334274292,5
1.0,70.82490103,212.49894723,2.0,2.0,0.16522837,0.28148365,0.38836813,0.48408985,0.56897068,0.64473534,0.71309972,0.77373934,17
0.46098147,126.95398992,32.28716265,2.1,2.2,0.37673736,0.7948098,1.0619433,1.2333667,1.3586419,1.4642189,1.5505166,1.6215353,9
0.4078670089889108,95.3303667877572,0.0442258919885687,2.385439300001446,2.272951157924051,0.5782878398895264,1.5112853050231934,2.0681312084198,2.315805196762085,2.453113317489624,2.566126108169556,2.65785813331604,2.7366702556610107,18
0.42644572,45.32246881,338.5412415,2.1,2.9,0.34813523,0.6549418,0.7561474,0.7653482,0.7732439,0.78001666,0.7858627,0.79111767,21
0.45777783,105.20162206,221.83199214,2.7,2.0,0.35115695,0.7320006,0.9679954,1.1004169,1.1908975,1.2618644,1.319819,1.366749,21
0.36527824,298.32366943,242.32351685,2.55147648,2.61271405,0.17818356,0.22757053,0.27798057,0.32070231,0.36111045,0.39760923,0.43131566,0.46306682,3
0.92625442,199.20309861,77.49667793,2.7,2.2,0.15129328,0.26001263,0.36291242,0.46424603,0.5601914,0.6517372,0.73788977,0.8205254,16
0.6188211207352754,1.2510378579154806,0.0440245675418025,2.163717810151524,2.136918391759867,1.168250560760498,3.758328676223755,6.382476806640625,8.249797821044922,9.157055854797363,9.365031242370604,9.382051467895508,9.393635749816896,12
0.7957855772695002,210.28460282309467,372.46810019993086,2.20128555,2.44656665,0.0996937751770019,0.1368846893310547,0.170201301574707,0.1977465152740478,0.2253391742706298,0.2528159618377685,0.2792549133300781,0.3047101497650146,11
0.542848,117.84989438,133.25545981,2.2,2.6,0.31042647,0.59041643,0.78960013,0.9390876,1.0560813,1.153975,1.2343128,1.3035331,10
0.5463658,23.7041893,42.36652374,2.14530182,2.29766846,0.78921914,2.16950631,3.04991508,3.40042853,3.53028893,3.60190129,3.6562078,3.69648623,23
0.4219113334033234,145.07089486069694,134.08370763768664,2.509154899471474,2.440827504312322,0.3599920272827148,0.7489275932312012,0.9997429847717284,1.1575334072113037,1.2749342918395996,1.369102954864502,1.4462988376617432,1.5111618041992188,10
0.31839069,175.8373191,386.17656013,2.3,2.1,0.16185308,0.174716,0.18938446,0.19996071,0.21052575,0.2201345,0.22847056,0.23654795,11
0.63966776,233.34503644,290.85546337,2.6,2.6,0.14368582,0.19628811,0.24847221,0.29880834,0.34615898,0.3892963,0.4295752,0.46807456,4
0.9231066419557166,255.0591922180193,307.42930593217056,2.0,2.0,0.0624265670776367,0.0951313972473144,0.1227889060974121,0.1384532451629638,0.1602733135223388,0.1802325248718261,0.2001457214355468,0.2204279899597168,11
0.69010598,89.61477421,164.34580998,2.5,2.9,0.33541632,0.6652894,0.91006017,1.0980897,1.2468495,1.3687344,1.4711714,1.5583072,10
0.57280397419467,7.678943541158217,0.2330548719995046,2.2425585602734435,2.679628962205116,1.0920214653015137,3.3841567039489746,5.358090400695801,6.419976711273193,6.816064357757568,6.986974239349365,7.095059871673584,7.175319194793701,5
0.30084693,59.50249562,23.82880412,2.44125393,2.10930215,0.76873589,2.10161066,2.96195984,3.28803825,3.40146923,3.44652128,3.48028183,3.50960398,23
0.69655266,37.63321396,170.97351991,2.81273261,2.52355169,0.5011127,1.21641612,1.68203044,1.90837359,2.0347383,2.12358546,2.19131351,2.25041223,20
0.5475208840733008,3.2280192102509786,1.0007552827208277,2.0241370148484066,2.585320255788776,1.1629743576049805,3.777844429016113,6.438211917877197,8.23731803894043,8.994146347045898,9.12489128112793,9.156667709350586,9.19235610961914,13
0.99997425,117.40579792,242.98834565,2.12674827,2.00004601,0.11694622,0.18500924,0.24866223,0.30883741,0.36584616,0.41818333,0.46720076,0.51300526,3
0.43321645,196.85339355,0.19654252,2.28940654,2.85704708,0.38193798,0.81536579,1.11877823,1.33060241,1.49231648,1.62295556,1.73276448,1.8302238,8
0.37993795,233.61498337,313.63858611,2.3,2.4,0.15089703,0.17657208,0.20585227,0.2278409,0.2495923,0.26996017,0.28936863,0.3070252,11
0.58671888,9.7088822,61.99124035,2.1,2.1,0.852638,2.3761728,3.37514,3.7573755,3.864157,3.9015105,3.9182265,3.9307,23
0.86679375,50.62407303,75.3319397,2.05841494,2.59214258,0.38461947,0.8285377,1.16160941,1.41118956,1.60478067,1.7610333,1.89080477,2.00170016,10
0.6369211151780632,4.046048883017172,0.0165190217609348,2.89533889036772,2.1676255365927544,1.1112594604492188,3.3275270462036133,5.133982181549072,6.1029791831970215,6.547910213470459,6.862483501434326,7.138262271881104,7.354203701019287,5
0.45210324,196.86789621,388.80620646,2.4,2.9,0.16276407,0.18848228,0.21627665,0.2359426,0.2578652,0.27491927,0.2906356,0.30670524,11
0.61951103,281.52410062,115.02826451,2.8,2.2,0.15718317,0.2457695,0.3334217,0.4164214,0.4935422,0.56613684,0.63412285,0.69835496,16
0.96306929,114.50327418,398.76984478,2.3,2.8,0.1261251,0.16795945,0.20914125,0.24239135,0.2749381,0.30548167,0.33310413,0.35928464,4
0.87514044,285.41704291,134.93477384,2.5,2.4,0.11398601,0.18452358,0.24469376,0.3049755,0.36625648,0.42515445,0.48046112,0.5342767,2
0.8732965553552922,2.305141925606001,0.0111758881181811,2.653064285853876,2.742923916808584,1.1450238227844238,3.433030605316162,5.266210556030273,6.254878520965576,6.762400150299072,7.128106594085693,7.426222324371338,7.649453639984131,5
0.39341705,8.71679464,7.21390967,2.63151443,2.42097568,1.13382769,3.57223988,5.93281698,7.46240759,8.02711868,8.12031364,8.16324615,8.20633698,14
0.37547699,142.22222394,237.82128168,2.2,2.5,0.27844477,0.4613588,0.56176305,0.6336992,0.69262624,0.74114704,0.7819493,0.8190501,17
0.5550212422724885,17.061571747406287,0.7603672964718579,2.903850546892748,2.732976000739245,1.012587547302246,3.006457805633545,4.555845260620117,5.3270344734191895,5.674389362335205,5.899119853973389,6.070150852203369,6.17937707901001,5
0.8236571426164362,215.62374872719167,322.21204467404414,2.0083663,2.0226421,0.0723419189453125,0.1047496795654296,0.1312801837921142,0.1487629413604736,0.1714506149291992,0.1920571327209472,0.212597370147705,0.2326819896697998,11
0.8120182155041696,40.52570376732645,0.0136870629549813,2.841963387816893,2.9437159885054154,0.6092705726623535,1.549680471420288,2.199182271957397,2.59320330619812,2.86556077003479,3.0775697231292725,3.2528445720672607,3.403227090835572,18
0.64642817,290.4239502,0.75257468,2.09760046,2.28683472,0.13686728,0.22791862,0.31373143,0.39531112,0.47330618,0.54630041,0.61582327,0.6817739,2
0.8422465236709819,1.2303966262439825,28.228425564910903,2.3187540259448585,2.2885485128175813,1.0670266151428225,3.236130714416504,5.0312981605529785,5.985345840454102,6.372526168823242,6.564576148986816,6.680200576782227,6.7352495193481445,7
0.45850827,83.06125998,306.51823656,2.4,2.6,0.32968998,0.6124637,0.7573178,0.83078337,0.88341117,0.9248941,0.9583695,0.9869716,21
0.39200711,248.64062237,286.5729205,2.6,2.4,0.18115592,0.23246503,0.2837212,0.32575727,0.36523914,0.40111995,0.43385553,0.4646678,4
0.86946303,173.98693848,370.98327637,2.33120942,2.84383392,0.12982941,0.18438625,0.23543215,0.28827858,0.33790803,0.38311076,0.42523956,0.46579385,4
0.80626939,130.85042297,122.41237236,2.5,2.4,0.2226429,0.39152265,0.5479357,0.6878536,0.81294847,0.926126,1.0287359,1.1216967,16
0.6460775403411387,2.625822099589096,257.0769369365455,2.902140766768364,2.6645022971928785,0.6891283988952637,2.01149845123291,3.023078441619873,3.39783239364624,3.418709754943848,3.4187145233154297,3.4190688133239746,3.419696807861328,23
0.70230364,151.74643687,243.57076162,2.9,2.6,0.22670674,0.36823344,0.49637675,0.6107428,0.71243215,0.80449224,0.88792014,0.9640641,17
0.4359815988672052,6.697873488989221,0.374242601835609,2.541623381492544,2.8066286193837984,1.2026124000549316,3.882662773132324,6.662181854248047,8.590680122375488,9.426966667175291,9.55051326751709,9.569974899291992,9.602911949157717,13
0.33603799,16.95641518,0.01829024,2.2029357,2.17659092,1.07864571,3.19139099,4.95356083,5.85679293,6.08441687,6.1667552,6.20732546,6.2273221,5
0.78371438,291.17331774,218.79101725,2.03837296,2.75904636,0.09846854,0.15524149,0.20484424,0.25122643,0.2982564,0.34408498,0.38787293,0.43061304,3
0.86545518,22.23303983,268.36554012,2.2,2.7,0.37893915,0.80182695,1.0629907,1.1920507,1.2615974,1.3085139,1.3423731,1.3697269,21
0.33804523,186.63410139,264.89839042,2.7,2.2,0.27178574,0.44892263,0.5483,0.6246803,0.68822,0.7421968,0.7889805,0.82841563,17
0.7620658,173.16899935,297.61807183,2.4,2.7,0.14659739,0.20752501,0.2693751,0.3242457,0.37630677,0.424443,0.46893263,0.5106137,4
0.40577358,72.86330298,255.48355899,2.7,2.9,0.4797263,1.1532583,1.5736275,1.7000356,1.7338514,1.7608442,1.7848992,1.8071356,1
0.983560330291192,2.2183933923608112,0.3001969978072932,2.4332651637902893,2.618417276472924,1.0670623779296875,3.084662437438965,4.549447059631348,5.309840202331543,5.743638515472412,6.07301664352417,6.327880382537842,6.5209641456604,5
0.8962432744449013,30.59460691150224,0.0449535108634584,2.139692722115298,2.4776137376537046,0.528813362121582,1.2608325481414795,1.7496323585510254,2.071285009384156,2.3061649799346924,2.4931981563568115,2.6492807865142822,2.783759832382202,18
0.77605564,66.30830539,199.42673963,2.7,2.9,0.36134863,0.7397554,1.0187843,1.2263789,1.3866549,1.514842,1.6214051,1.709372,10
0.6574542250491529,2.9942079048478183,0.0047124899600031,2.7675142960137293,2.3544096167520188,1.1640942096710205,3.576479434967041,5.697068214416504,6.914943695068359,7.444485664367676,7.714068412780762,7.955286979675293,8.148676872253418,5
0.3419221112657166,130.32683724255352,371.7185502943056,2.0,2.0,0.1674494743347168,0.1871640682220459,0.2041261196136474,0.2177937030792236,0.2307984828948974,0.2425360679626464,0.2532124519348144,0.2629876136779785,11
0.40647074,203.46763121,56.61923122,2.6,2.8,0.3555827,0.7081876,0.9505954,1.124974,1.2612662,1.3734031,1.4655895,1.5458984,9
0.68395392,206.41932984,151.46055216,2.7,2.7,0.20279217,0.32569742,0.44456053,0.553349,0.65239644,0.7433059,0.827198,0.9051254,17
0.7055411880786151,1.4972368552746589,0.1658201479745341,2.7429800872656407,2.674798212281498,1.2395875453948977,3.967097043991089,6.666783332824707,8.43078899383545,9.195992469787598,9.461106300354004,9.624425888061523,9.788188934326172,12
0.9993,173.84853077,60.976199,2.02572155,2.28777929,0.12685442,0.22544265,0.31819201,0.40575695,0.49153876,0.5733285,0.65103245,0.72474694,16
0.7600031211217863,17.492789126306285,0.0865087029449397,2.8749160339524904,2.9333781534746386,0.8649442195892334,2.4550352096557617,3.5583715438842773,4.135704040527344,4.464312076568604,4.69051456451416,4.862950801849365,4.997089862823486,22
0.6895529,90.47037946,50.94042576,2.5,2.7,0.3938594,0.84247494,1.1765823,1.4223278,1.6115534,1.7659166,1.8958828,2.0058234,9
1.0,146.19899973640224,347.2388570501354,2.0,2.0,0.0800859928131103,0.1166353225708007,0.1471717357635498,0.1714699268341064,0.1991653442382812,0.2251703739166259,0.2498457431793213,0.2730343341827392,11
0.44316383,81.01208713,117.45571629,2.1,2.2,0.43580222,0.9907782,1.2973368,1.4231987,1.503267,1.5680053,1.6207001,1.6654987,0
0.87818535,174.53974223,15.36079594,2.01174923,2.11422312,0.14201283,0.25292516,0.35863042,0.45833516,0.55236459,0.64083791,0.72461629,0.8034308,15
0.6690131040359827,6.309072710349366,0.0050246054693634,2.769388265369128,2.630150514009486,1.1086461544036863,3.3344507217407227,5.1421003341674805,6.081042289733887,6.521015167236328,6.81321907043457,7.049737930297852,7.221901893615723,5
0.72201706,188.20529603,170.66352732,2.4,2.9,0.18066716,0.28355217,0.38578677,0.47797036,0.56249404,0.64070344,0.71300507,0.7803519,17
0.31128764,10.62137318,47.70816803,2.44831872,2.46923447,1.07354164,3.24006557,5.2413578,6.46343851,6.72597933,6.73920107,6.74481249,6.7465682,7
0.3973591643333826,1.890562570222909,27.351025146014408,2.579710979738712,2.7329947020033405,1.1875121593475342,3.900432348251343,6.923026084899902,9.378363609313965,10.833990097045898,11.018428802490234,11.018712997436523,11.018978118896484,14
0.45307453,50.30201541,213.50584696,2.02907661,2.28646424,0.4534142,1.07467818,1.3992753,1.46835279,1.49345946,1.51478887,1.53327155,1.54986501,1
0.46632751,179.97475443,229.37925067,2.8,2.6,0.271533,0.4554894,0.5854833,0.69471,0.7878032,0.8676834,0.93776774,0.9992633,17
0.33267657,194.31854645,178.2078281,2.9,2.7,0.37295985,0.75734496,0.9909904,1.1260996,1.2216434,1.30073,1.3664792,1.4233449,10
0.8705069311270041,24.42537611631844,0.2195317588717729,2.2374810908543403,2.167665880407481,0.5662775039672852,1.367570161819458,1.87892484664917,2.196751117706299,2.4201107025146484,2.5976386070251465,2.7448949813842773,2.8691883087158203,18
0.9948853385428452,9.573194463494836,0.787095026759677,2.912077379750853,2.042497397521294,0.6948606967926025,1.732839584350586,2.404117584228516,2.8235349655151367,3.112024307250977,3.3343610763549805,3.5136499404907227,3.660409927368164,18
0.30388632,205.68065651,353.67735401,2.0190608,2.88358467,0.21689796,0.29768205,0.34507012,0.38494301,0.41994643,0.45229053,0.48077297,0.50679922,4
0.6266359,287.5375054,242.79858769,2.5,2.9,0.14874387,0.18671417,0.23472238,0.2867415,0.33477902,0.37664652,0.41758537,0.45621657,3
0.950416139698166,1.1430439657202516,0.0063553833052851,2.8228657709344853,2.317512474545194,1.151843786239624,3.3983733654022217,5.129865646362305,6.075544357299805,6.630992889404297,7.080227851867676,7.478633880615234,7.790483474731445,5
0.80472974,151.34243789,71.33859808,2.56526259,2.7763387,0.24419737,0.43714023,0.61663818,0.77879786,0.92541575,1.0585618,1.17892361,1.28840637,10
0.30169338,177.21950631,21.54542543,2.73829975,2.97385815,0.56037307,1.46846128,2.08002639,2.33106685,2.44351315,2.5285871,2.59993005,2.66419768,19
0.4024156524300434,20.359596596869164,0.1010586335873156,2.597439928588192,2.4897277499618182,1.038304567337036,3.146734952926636,4.893620491027832,5.779502868652344,6.079475402832031,6.229239463806152,6.321475982666016,6.387118339538574,5
0.31071026,123.29075354,265.58127517,2.8,2.7,0.41598034,0.91680694,1.2009032,1.2887671,1.3301208,1.3661306,1.3965194,1.4230926,21
0.94714485,110.8182247,7.79852627,2.9053327,2.37031033,0.25548005,0.48194528,0.69226742,0.88236761,1.05295372,1.20728064,1.34538937,1.47039557,9
0.545539438291883,39.723546858307074,51.02843632505999,2.0180746534331604,2.832360444610236,0.6901767253875732,1.9892592430114744,2.843434333801269,3.1957755088806152,3.345231056213379,3.438160896301269,3.5116963386535645,3.571505069732666,23
0.8501473,168.9883605,97.81362221,2.5,2.6,0.18925309,0.32159662,0.45047593,0.5707352,0.6813972,0.7850697,0.88081884,0.9708395,16
0.30628203,146.12699024,14.58299207,2.8,2.5,0.5998039,1.6110692,2.2722845,2.5201893,2.6205282,2.694337,2.7592845,2.8179312,0
0.31583151,161.64789627,321.86604477,2.30511387,2.38737664,0.24063969,0.33857703,0.38521671,0.42374539,0.45722008,0.48637867,0.51222324,0.53451824,4
0.35499733,8.49452841,52.35323468,2.2,2.9,1.0472095,3.08042,4.833909,5.772926,5.976354,6.040237,6.0788693,6.0856395,7
0.5217638737431975,2.8886629279108664,8.580676981011488,2.615946354641355,2.1849531190298586,1.1504449844360352,3.6373050212860094,6.087541580200195,7.718375205993652,8.425625801086426,8.555316925048828,8.599923133850098,8.650177955627441,14
0.59130774,207.20339057,88.57020531,2.5,2.4,0.21965456,0.37018943,0.50791454,0.6291661,0.73803973,0.8366084,0.9255967,1.0074451,16
0.94464488,72.68487491,65.41633607,2.1,2.9,0.26810908,0.52097297,0.74112487,0.9312074,1.0955567,1.2379928,1.3622522,1.4714737,10
0.43011366,256.35822301,111.74636252,2.5,2.1,0.2074027,0.3274665,0.4332037,0.5253749,0.6072426,0.68144894,0.7491276,0.81029654,16
0.30843701,152.22176371,290.05810097,2.65699028,2.645763,0.33331609,0.60815358,0.73516536,0.80235791,0.85529709,0.89776897,0.93427372,0.96547055,21
0.39298527,136.52418879,178.57137736,2.03549378,2.01734023,0.26402354,0.44860196,0.56279111,0.64574981,0.71212959,0.76585841,0.81221676,0.85228968,17
0.37196279,143.2882341,125.71432124,2.8,2.8,0.4587958,1.0687613,1.4583149,1.6413269,1.7495999,1.833291,1.901608,1.9619813,20
0.95323694,19.76563835,32.71400833,2.14306355,2.46573377,0.56814361,1.38096094,1.90177655,2.21799302,2.43821502,2.60976863,2.75140834,2.87117219,19
0.6992721,144.04995088,308.41504528,2.7,2.6,0.19839668,0.29729366,0.3896401,0.47103882,0.5440359,0.60998034,0.67006445,0.72514224,17
0.813278884652268,1.9022132165700472,0.1081918929762216,2.6730916974129064,2.844284436754915,1.2035918235778809,3.739133834838867,5.98925256729126,7.305649280548096,7.926681041717529,8.274982452392578,8.557659149169922,8.790227890014648,12
0.4704318294640165,247.5500605732861,338.2810711086091,2.2,2.2,0.1098766326904296,0.1329164505004882,0.1560432910919189,0.1707205772399902,0.1878349781036377,0.2039771080017089,0.2197887897491455,0.2348721027374267,11
0.60955127,171.37209956,156.77659655,2.0,2.5,0.17378283,0.26940894,0.3607223,0.44090462,0.5127034,0.578357,0.6379614,0.6927583,17
0.58234775,152.70797203,138.66060662,2.0,2.3,0.19897532,0.32544374,0.4362657,0.5316608,0.6155579,0.69018054,0.7565131,0.8167765,17
0.5335076102531994,4.102981592739229,0.0154916346371807,2.265511169661914,2.4119569364241142,1.1579840183258057,3.674896478652954,6.087685585021973,7.622955322265625,8.235107421875,8.372261047363281,8.444503784179688,8.509284019470215,12
0.6557674420624541,1.7992813716959242,0.0145644190720771,2.5105877062967683,2.1257191604549543,1.1634392738342283,3.627638816833496,5.931619644165039,7.373360633850098,7.96516227722168,8.197583198547363,8.368586540222168,8.501276016235352,12
0.7328588501239551,297.4199117326056,370.07632609201534,2.0,2.0,0.0547645092010498,0.0785803794860839,0.0994048118591308,0.1014387607574462,0.1123700141906738,0.1203975677490234,0.1280148029327392,0.1366963386535644,11
0.5818309311613131,14.512274715926743,52.45199301374902,2.5,2.9,0.92222261428833,2.790278911590576,4.286622524261475,5.01952075958252,5.27685546875,5.3898539543151855,5.447708606719971,5.483477592468262,7
0.6838342928929738,19.36299431710713,0.033395477581333,2.408540913602368,2.105574327428869,0.7662594318389893,2.0297138690948486,2.8121979236602783,3.21016001701355,3.445615530014038,3.60547137260437,3.738654375076294,3.837435483932495,22
0.39129713,81.42365265,385.85021973,2.07195401,2.04685521,0.20764899,0.24977374,0.26485848,0.27795339,0.2900486,0.30114126,0.31119633,0.32039142,11
0.6116932,71.83384219,254.06224807,2.4,2.5,0.32711458,0.63069606,0.82458687,0.95302796,1.0455961,1.1186504,1.176012,1.2255294,10
0.68291577,227.2019188,26.11799243,2.86453524,2.51709277,0.21182442,0.35931349,0.50184274,0.63245463,0.75204825,0.86263371,0.9649601,1.06032562,15
0.8219909,287.6359393,255.78740876,2.9,2.9,0.16625261,0.19288826,0.2467184,0.31252408,0.36760068,0.42032456,0.4714744,0.5208819,4
0.85670124,288.35117139,165.91349062,2.2,2.4,0.09612751,0.15267372,0.20046759,0.24120188,0.28614807,0.33114314,0.37421227,0.41509676,2
0.84601837,187.74456455,256.8734016,2.1,2.7,0.11446357,0.16631126,0.21463418,0.25842428,0.30113292,0.34270453,0.3816774,0.41813755,4
0.7683042907987685,60.67632282293207,0.5649498924793994,2.759111260948531,2.4769437821445663,0.473975658416748,1.0943961143493652,1.5424742698669434,1.848450183868408,2.077377796173096,2.2618350982666016,2.4157309532165527,2.54758358001709,18
0.51244759,52.85132174,254.01305152,2.9,2.7,0.50380135,1.2620163,1.7604539,1.9377983,1.9889963,2.0241725,2.053087,2.0774796,1
0.7489804745179515,2.068673256486995,0.0394156209279588,2.9271707380625944,2.6762534330666283,1.213602066040039,3.770590305328369,6.078342914581299,7.435762882232666,8.066987991333008,8.405328750610352,8.703779220581055,8.971796035766602,12
0.73356986,194.1312561,389.54312134,2.17291451,2.27457762,0.09127402,0.12018681,0.14637542,0.16026902,0.17875838,0.19600725,0.21338558,0.22953796,11
0.85370652,113.49782254,108.96842895,2.4,2.9,0.24344206,0.44117904,0.62006044,0.77804494,0.9188936,1.0449307,1.1579337,1.2588787,10
0.9708193749343206,295.7184978620712,0.922711572079258,2.8219390423743707,2.0644981456932032,0.1183574199676513,0.1943914890289306,0.2626128196716308,0.3306977748870849,0.4010939598083496,0.4702069759368896,0.5361893177032471,0.5999546051025391,2
0.6853152183406573,5.759126184494652,6.11685731094852,2.17756128,2.31844139,1.0241923332214355,3.025256872177124,4.525964736938477,5.244465827941895,5.564208984375,5.762799263000488,5.887092590332031,5.989609718322754,6
0.93840599,74.47816569,137.96083664,2.7,2.7,0.30059886,0.5797155,0.8172159,1.0213492,1.1964145,1.3467071,1.4770639,1.5914948,10
0.375597800680887,34.08706927832637,0.0030055776611605,2.276703721424549,2.8161856762628394,0.9657528400421144,2.974939584732056,4.650773048400879,5.480328559875488,5.723844528198242,5.811251640319824,5.862906455993652,5.909080505371094,5
0.834375196221948,3.28255757500856,0.0063252524511802,2.720446290858555,2.8407011414033394,1.1342947483062744,3.413623094558716,5.244107246398926,6.229168891906738,6.724603652954102,7.062812805175781,7.345314979553223,7.555289268493652,5
0.68269481,215.6449945,208.68412625,2.7,2.6,0.17529249,0.26573634,0.35539365,0.4398873,0.51694417,0.58816457,0.6546757,0.7170918,17
0.74445569,132.96866943,128.23428451,2.9,2.9,0.29352927,0.5407572,0.7522235,0.9358938,1.0961556,1.236824,1.3603745,1.4697185,10
0.42708534,12.09181499,35.31903458,2.12151289,2.06618381,0.97100043,2.79207492,4.14322472,4.71563435,4.85216904,4.89131641,4.90974617,4.92640305,23
0.95150091,68.10864925,57.64524714,2.2,2.3,0.27467656,0.5341375,0.75964,0.9540026,1.1211798,1.2655268,1.3918312,1.5020542,9
0.42728102,4.25303698,20.82992172,2.31200242,2.58016109,1.19271398,3.70075941,6.25571918,7.98961353,8.67381096,8.82761955,8.84596062,8.84873581,14
0.9990235,138.97731018,30.85982513,2.23722029,2.24501729,0.16798854,0.30140352,0.42885923,0.55046344,0.6646297,0.77228379,0.87298322,0.96744537,15
0.98003715,117.3094101,388.99719238,2.28938818,2.0370059,0.09289193,0.12508273,0.14965773,0.16739702,0.18954968,0.2090261,0.22715569,0.24469495,11
0.70033758,38.27173693,361.65331635,2.7,2.2,0.34097457,0.6849084,0.8860409,0.9843595,1.0436556,1.0850432,1.118218,1.1447585,21
0.4291854358677359,1.6064107761462294,0.0186857198700967,2.3798325703217578,2.626107571171864,1.2558472156524658,4.201226234436035,7.608345985412598,10.556662559509276,12.311067581176758,12.355108261108398,12.361273765563965,12.366546630859377,12
0.65904662,186.56307468,65.6124803,2.0,2.1,0.16310501,0.27382374,0.3769803,0.47204065,0.5580869,0.6377702,0.71140194,0.77993035,16
0.30652779,167.35507516,248.12469706,2.40018404,2.7208953,0.33753586,0.64415526,0.8034277,0.88942266,0.95282602,1.00416541,1.04651618,1.08443308,21
0.94519579,6.94945478,12.13942432,2.0046618,2.1788063,0.78883505,2.02459383,2.75485182,3.13243914,3.36134529,3.51453352,3.63531637,3.72915554,22
0.5793448392600693,26.795325585317844,0.2109375331233961,2.9859126258748936,2.4620245071309457,0.8532886505126953,2.400021553039551,3.460058689117432,3.991209506988525,4.281054973602295,4.465155601501465,4.608532905578613,4.714967727661133,22
0.99688406,23.89005547,252.72988386,2.83378578,2.18084646,0.32860255,0.65745926,0.88501263,1.03705478,1.14194441,1.2189858,1.27664113,1.31973004,10
0.9179886426163636,37.40515440455412,0.2670501121109257,2.495015425318785,2.3182862905633543,0.4723622798919678,1.077627182006836,1.51716947555542,1.8282947540283203,2.064304828643799,2.2549939155578613,2.4150161743164062,2.552316188812256,18
0.92196168,282.09938064,57.76546006,2.92365115,2.06594865,0.1130991,0.18638444,0.25003314,0.31217289,0.37600923,0.43918371,0.49899268,0.55641747,2
0.30910924,102.60890198,398.93475342,2.53730536,2.06072855,0.22122455,0.25837374,0.26935768,0.27722859,0.28352809,0.28905964,0.29410934,0.29911804,11
0.64912651,299.700001,66.62272296,2.46932592,2.34971793,0.1394217,0.21918178,0.29600978,0.36825156,0.43725538,0.50305605,0.56511974,0.6244154,2
0.58638701,39.75183152,220.45437539,2.18256444,2.16273564,0.41415501,0.92132115,1.19749498,1.29258037,1.33959126,1.37437105,1.40273118,1.42621636,21
0.56732279,4.69801617,308.74661255,2.32817483,2.55329895,0.58113623,1.574054,2.23464775,2.31576681,2.3172431,2.31757402,2.31919718,2.31942844,1
0.71010583,11.72240118,90.26137098,2.6,2.9,0.8276434,2.3210125,3.372541,3.867865,4.085153,4.1876626,4.237629,4.269168,23
0.3676869931075916,2.2906973394377843,0.0066562334610738,2.986842101500998,2.435294720772793,1.2636361122131348,4.165624141693115,7.474891662597656,10.318544387817385,12.016274452209473,12.068034172058104,12.07313632965088,12.077353477478027,12
0.45948074,46.53058144,375.89334521,2.4,2.6,0.35708332,0.69417167,0.8276267,0.8461628,0.8574083,0.8676126,0.87610054,0.88345337,21
0.7052167,134.31644939,6.50573237,2.8,2.1,0.29617357,0.5794802,0.8207724,1.0281923,1.2056293,1.3598557,1.4937739,1.613055,9
0.54594781,26.09843428,125.22928444,2.8,2.2,0.7083905,2.0232348,2.9299436,3.2658973,3.339786,3.3638124,3.3845139,3.403943,23
0.3439323435618742,2.075836835099775,0.0052846790510283,2.769130277957374,2.282969053467788,1.2342157363891602,4.056064605712891,7.233149528503418,9.97680950164795,11.720210075378418,11.790433883666992,11.797159194946287,11.802858352661133,12
0.7864867,239.35542933,66.97318273,2.60516983,2.83094891,0.18140364,0.29917717,0.41421628,0.52768183,0.63263607,0.73107028,0.82440448,0.91228986,16
0.5640398,187.75989262,351.21750599,2.01542237,2.78831416,0.14897275,0.19827366,0.25131965,0.29759026,0.3399086,0.37916255,0.41508627,0.44891667,4
0.65399658,145.60544779,250.56498542,2.9,2.4,0.23367357,0.3876388,0.51938415,0.6342151,0.73531103,0.82555103,0.9058101,0.97813225,17
0.52537674,171.12384033,391.74923706,2.93990827,2.25485444,0.1524632,0.18022013,0.20992661,0.22729611,0.24758148,0.26440763,0.27993894,0.29601645,11
0.63130786,198.45999185,26.38094682,2.2,2.5,0.21190834,0.36644745,0.50969434,0.6372216,0.75196004,0.8561506,0.95135784,1.0375974,15
0.30423695,182.82362366,169.59165955,2.77721119,2.97878885,0.42555857,0.95001268,1.2752285,1.42090797,1.50661993,1.57444334,1.63155127,1.6813345,20
0.65527674,78.02394064,364.36881941,2.7,2.9,0.28978777,0.49566245,0.6225245,0.71904707,0.7952175,0.85908365,0.9113879,0.9571228,17
0.50847325,113.46487917,365.06884856,2.6,2.5,0.24752903,0.37547898,0.4508667,0.5125427,0.5652611,0.60930085,0.6475239,0.68173647,17
0.51772035,62.38328419,312.23320949,2.6,2.8,0.38578892,0.80371165,1.039082,1.1347208,1.1881337,1.229053,1.2618599,1.28901,21
0.8802011512974687,27.505959912387667,0.056498458408279,2.075145734777028,2.02702247149787,0.5020673274993896,1.165259838104248,1.6009206771850586,1.8851697444915767,2.0960261821746826,2.26409649848938,2.402437448501587,2.521963834762573,18
0.9271493355596394,3.029142031016735,52.25843695053828,2.1243973648319123,2.592113174583068,0.9180946350097656,2.691211938858032,3.969872713088989,4.573079109191895,4.830549240112305,4.958152770996094,5.036910057067871,5.080452919006348,23
0.9693369236635088,14.519696210419289,0.0250781217145484,2.4866370177961272,2.56784020848353,0.6934144496917725,1.792250156402588,2.4996633529663086,2.91650915145874,3.19529390335083,3.411118507385254,3.587148666381836,3.736427783966065,22
0.3012849577738725,13.727650296855629,52.89055102034566,2.12890315,2.83784175,1.0101149082183838,3.238910436630249,5.4187517166137695,6.88314151763916,7.344277381896973,7.347504615783691,7.348125457763672,7.348491668701172,7
0.56706196,300.0,240.65528536,2.0,2.0,0.0770905,0.10926819,0.13377142,0.15202427,0.17422748,0.19380164,0.21276259,0.23226333,11
0.4509942295196243,9.5784559939862,4.139104351878524,2.3366034,2.15660334,1.058300256729126,3.212045192718506,5.042261600494385,6.018427848815918,6.347990036010742,6.473798751831055,6.550372123718262,6.599687576293945,6
0.7763436,7.50722099,72.10459704,2.2,2.2,0.8029735,2.1862125,3.0559611,3.4305797,3.5833316,3.6466184,3.6762266,3.7009826,23
0.5260770253629803,51.22329305517913,19.05401803147777,2.8127026903641084,2.274416931043472,0.6544287204742432,1.7473094463348389,2.434091806411743,2.7667653560638428,2.9583580493927,3.089294672012329,3.1998531818389893,3.2909271717071533,23
0.49999905,174.87533569,270.06509399,2.51133299,2.87343359,0.24779725,0.39616275,0.50697279,0.60241461,0.68445921,0.75669026,0.82112455,0.87835455,17
0.4040718226830168,17.685438220894092,0.3961635974117417,2.163934487691917,2.634178605404238,1.0498161315917969,3.2765157222747803,5.242194175720215,6.321198463439941,6.649353981018066,6.726957321166992,6.766919136047363,6.800213813781738,5
0.5759658372728587,52.96822552017705,0.9006380891003899,2.119642019600128,2.856135639605216,0.6590633392333984,1.825098752975464,2.5648868083953857,2.9101030826568604,3.103637456893921,3.24679970741272,3.359949350357056,3.4587323665618896,22
0.65758079,129.37385532,56.13841027,2.53026305,2.52711787,0.31396842,0.61258483,0.85119963,1.04805803,1.21303773,1.35175443,1.47204709,1.576684,9
0.9231673787333056,219.6901434198674,0.9723555104548482,2.33914203943358,2.901324436218976,0.1708626747131347,0.2968416213989258,0.4159078598022461,0.536635160446167,0.650766134262085,0.7589952945709229,0.8619959354400635,0.9596011638641356,15
0.43006694,229.7495575,311.41003418,2.75224638,2.83121777,0.2169981,0.29544711,0.36230803,0.42028999,0.47122812,0.51851773,0.56140327,0.60088015,4
0.438634,229.35821881,150.89727621,2.26587253,2.41777868,0.21095014,0.32647443,0.42591786,0.51092482,0.58660817,0.65384817,0.71464586,0.76957989,17
0.63398613,45.32320447,119.60530726,2.9,2.6,0.582361,1.5273039,2.1581118,2.454036,2.6088254,2.7169397,2.8021495,2.8741953,20
0.8426168300427793,2.8711385274215173,0.2143128077750887,2.024369112990631,2.8419395613304093,1.0817217826843262,3.324491024017334,5.142727375030518,6.093108654022217,6.516221523284912,6.7529730796813965,6.934475421905518,7.060102939605713,5
0.8609940211585955,3.1636272822797005,80.62207933662053,2.029140827031137,2.289763435272596,0.8367764949798584,2.410229682922364,3.4965929985046387,3.9450855255126953,4.098687648773193,4.147974491119385,4.166815757751465,4.179946899414063,23
0.4039102,265.63744143,160.02868715,2.0,2.2,0.14410543,0.19532919,0.24404955,0.28780222,0.32934523,0.3673308,0.40258574,0.4350083,2
0.35740957,180.27685547,92.10204315,2.00364184,2.05312824,0.277215,0.49346566,0.63347769,0.73691201,0.81897783,0.88776755,0.94735599,0.99829221,16
0.53152447,248.00508287,253.53258651,2.5,2.3,0.1456871,0.19858217,0.25450635,0.3034854,0.3493681,0.39218163,0.43191504,0.46917224,4
0.67658597,7.83237076,49.29045486,2.04594922,2.06746888,0.8650949,2.37931728,3.3503499,3.73139238,3.88181829,3.94157267,3.96681643,3.98443413,23
0.66109495,129.3938288,369.96504948,2.1,2.5,0.13389468,0.16452312,0.19581485,0.22040081,0.24467945,0.26685834,0.28776765,0.30626178,11
0.80266798,166.932388,196.48326793,2.3,2.3,0.14326692,0.22534537,0.30595684,0.38012934,0.44941998,0.5139961,0.57429385,0.630538,3
0.462198011261014,0.8240081279555008,0.0071432679672177,2.194049842346777,2.686034299018683,1.254018783569336,4.245279788970947,7.787914752960205,10.993106842041016,13.03504753112793,13.078950881958008,13.087270736694336,13.094295501708984,12
0.5481483128892056,6.630354199532369,0.0111263893720124,2.2048838352474527,2.928624035615245,1.1401917934417725,3.6298694610595694,5.997002124786377,7.421956539154053,7.973372936248779,8.134733200073242,8.208635330200195,8.264398574829102,12
0.44520504,167.27165327,0.01025342,2.2428133,2.0594552,0.32937121,0.65112615,0.87817907,1.04382205,1.17572832,1.28313971,1.3734169,1.45456553,8
0.39283299,136.59370955,260.01576189,2.93754421,2.35219716,0.29805112,0.5088985,0.62023616,0.69921565,0.76121926,0.81189299,0.85377765,0.89272022,21
0.35919333,279.43139648,153.64364624,2.09334207,2.07358313,0.15155625,0.2028656,0.25178385,0.29523802,0.33578563,0.37305522,0.40748477,0.4391923,2
0.62860072,18.55939293,44.10538864,2.06835985,2.05665183,0.74407363,1.97094274,2.6970408,2.99400592,3.13088059,3.21149278,3.27029538,3.32063031,23
0.66448855,3.74741578,7.50555754,2.57786822,2.54795218,1.18080664,3.50112653,5.47011662,6.53793526,6.958354,7.20452595,7.39964962,7.52961731,6
0.8765377368164383,54.92971989980132,0.0170333200609772,2.177728330577742,2.7786605554590817,0.4267709255218506,0.9503271579742432,1.34723162651062,1.6473071575164795,1.8831284046173096,2.07678771018982,2.239924669265747,2.3801867961883545,18
0.32559008,210.35051313,333.70778978,2.94611754,2.58215344,0.23714614,0.31451559,0.35715723,0.39540815,0.42880368,0.45838261,0.48525691,0.51011848,4
0.8197897400292625,2.6192628506781865,0.0061870489806974,2.772368667971404,2.7019666923808363,1.1612484455108645,3.50425672531128,5.433363914489746,6.492031097412109,7.017239570617676,7.385700225830078,7.694746971130371,7.932778358459473,5
0.7277736550925119,16.12973706605062,0.019839969259611,2.3098413859036904,2.006077972188862,0.761481761932373,1.9922871589660645,2.742846965789795,3.129900932312012,3.365684986114502,3.533970355987549,3.6657943725585938,3.770228862762451,22
0.5291982968783192,1.7774302681888874,0.0051606108358557,2.168923549209313,2.9986804226934582,1.2372236251831057,4.154969215393066,7.504184722900391,10.202804565429688,11.702730178833008,11.865350723266602,11.87299919128418,11.879441261291504,12
0.9682438320533112,5.383889812220534,0.0757853305313882,2.5291210812593223,2.152483669482258,0.8604030609130859,2.260324478149414,3.147132873535156,3.6538472175598153,3.9784512519836426,4.220910549163818,4.408628463745117,4.5619306564331055,22
0.39820476,189.59497864,301.98239572,2.19845515,2.44402611,0.19781208,0.26493144,0.32091594,0.36782527,0.40931392,0.44620228,0.47946262,0.51056957,4
0.49098319,108.67646924,246.37526176,2.72151722,2.12174255,0.27071834,0.45386696,0.56651497,0.65313601,0.7217648,0.77853131,0.8251009,0.86487556,17
0.5795669357149716,1.895275063280888,18.57599855208258,2.759208604257,2.7884293163658564,1.210039138793945,3.913637161254883,6.768028259277344,8.8378267288208,9.783058166503906,9.918474197387695,9.923361778259276,9.937068939208984,14
0.9800674105347068,1.4128599257617944,0.3876085672338606,2.368005262663281,2.5629700270133413,1.1208655834197998,3.335343837738037,5.037583827972412,5.942126274108887,6.430994987487793,6.781396865844727,7.059177398681641,7.270526885986328,5
0.71134682,184.6730044,121.62532264,2.2,2.6,0.17395043,0.28113294,0.38554883,0.4808426,0.5674927,0.6476412,0.7221608,0.7916517,16
0.4926787,95.23075441,169.31308784,2.1,2.8,0.34049368,0.6710329,0.87658906,1.0039663,1.0950637,1.1657295,1.2259784,1.2753706,10
0.81007585,24.90698264,85.00818622,2.57339559,2.48761505,0.58334088,1.47062898,2.03556037,2.33576035,2.51788545,2.6541903,2.76132131,2.85120988,20
0.5740878844660535,1.0181745748831892,0.0056530827172105,2.7468795585813424,2.739064293073512,1.281355619430542,4.255904197692871,7.615918159484863,10.383766174316406,11.911614418029783,12.02191925048828,12.03055191040039,12.037813186645508,12
0.9461417490450322,166.90582856479827,388.6050864668056,2.1,2.6,0.0999152660369873,0.1434988975524902,0.1828644275665283,0.2176837921142578,0.2520809173583984,0.2854175567626953,0.3174717426300049,0.3476419448852539,11
0.30962884,125.39546204,346.19894409,2.76434612,2.8772788,0.37124014,0.73341537,0.91227007,0.97319365,1.00967503,1.04022861,1.06853247,1.09206367,21
0.96313908,274.96019631,281.16592596,2.45644841,2.48653026,0.10558271,0.1432929,0.17937541,0.21382833,0.25260067,0.2901969,0.3239038,0.35768461,4
0.4369017533286832,120.1574397676842,76.56599286912008,2.928729858704242,2.446127934420586,0.4575555324554443,1.0824954509735107,1.4892292022705078,1.7062082290649414,1.845975875854492,1.957850456237793,2.051243305206299,2.129246234893799,20
0.68327336,38.21482913,19.28709113,2.6975623,2.66327015,0.66181993,1.76568961,2.48233199,2.85847306,3.08665442,3.25447869,3.38941741,3.50659013,23
0.4289886279231506,7.401347661513783,0.1100480243823064,2.8908223424770285,2.483022715428281,1.179945945739746,3.723742961883545,6.215249538421631,7.848851680755615,8.507997512817383,8.638555526733398,8.729789733886719,8.830190658569336,12
0.49131669,222.11275125,87.74142013,2.9401459,2.25915255,0.2338841,0.38754249,0.51771164,0.63003874,0.72951317,0.81825757,0.89814496,0.96934128,16
0.66582476,265.75759736,154.89707668,2.1,2.6,0.11790729,0.1753869,0.22824907,0.27692628,0.32581043,0.37202787,0.4158604,0.45776582,2
0.92531352,294.07874185,14.72511757,2.50403294,2.86371292,0.14770889,0.23842692,0.3203702,0.41481709,0.50481653,0.58878303,0.66950488,0.74812651,15
0.8260799,158.28610407,111.33438599,2.3,2.7,0.18392372,0.30907154,0.43061566,0.5418608,0.64392805,0.7385988,0.82577395,0.90665245,16
0.98527147,231.77430741,156.97796576,2.1,2.9,0.10944581,0.17380834,0.22980404,0.28337288,0.3381524,0.39240074,0.4437809,0.49269128,2
0.30291427,181.29423363,61.65715809,2.91125561,2.52406813,0.46154356,1.07424164,1.45384979,1.6195302,1.71884108,1.79691935,1.86571932,1.92542744,19
0.31525845,142.10996983,80.24478461,2.2,2.0,0.42102337,0.9533191,1.2318215,1.342155,1.4152107,1.4748874,1.522923,1.5654745,21
0.59604356,105.66624459,253.10262315,2.5,2.8,0.29034638,0.5170069,0.67351294,0.79600024,0.89651155,0.980114,1.0493221,1.110117,10
0.7767962737142293,2.279348082247699,0.1982344437777516,2.625102791754821,2.28001055793786,1.1313133239746094,3.3783984184265137,5.182336807250977,6.139566898345947,6.633621692657471,6.975822925567627,7.267453670501709,7.4997782707214355,5
0.99051651,294.24985075,237.58070063,2.68529046,2.77003284,0.15234923,0.173316,0.21100712,0.27322793,0.32799149,0.37663388,0.4252677,0.47233868,3
0.85719011,73.2630926,244.93645562,2.9,2.7,0.3024764,0.5693104,0.7818718,0.9589958,1.1067197,1.2310596,1.3371308,1.4287674,10
0.97077608,11.57093455,114.14282624,2.6,2.1,0.59679747,1.5379488,2.1191928,2.410278,2.5757463,2.6913173,2.776779,2.8446214,20
0.99386263,294.59552973,267.0557701,2.1,2.6,0.07646298,0.11996961,0.14789104,0.16595721,0.19323063,0.2223823,0.24956226,0.27438974,11
0.81161296,192.65297903,383.11564862,2.4,2.8,0.12663579,0.15187097,0.18401074,0.21234822,0.2430234,0.27015638,0.29363322,0.3184557,11
0.64053028,267.33297068,231.42211001,2.6,2.9,0.15451717,0.21045208,0.27124572,0.33353066,0.3896618,0.44090986,0.48979712,0.53575826,3
0.41995136,32.80854435,272.36966696,2.4,2.8,0.52139306,1.3096409,1.7762117,1.840354,1.8413873,1.8414497,1.8414712,1.8417873,1
0.83503596,277.35451938,134.1731683,2.6,2.2,0.11475205,0.18682098,0.25151467,0.31342506,0.3751576,0.4350052,0.49210262,0.5466335,2
0.93285691,9.6824491,34.6864714,2.7,2.1,0.75829506,2.0657547,2.8827546,3.29056,3.5193827,3.6793125,3.7955816,3.8933504,23
0.8588345340673237,2.3355270901815137,4.4121901859574,2.57471895,2.125458,1.0582160949707031,3.033249616622925,4.443141937255859,5.183845520019531,5.61351203918457,5.958276748657227,6.219431877136231,6.405342102050781,6
0.6000694514275057,0.9571316461125188,0.0044510427371298,2.8031248063285816,2.965756585242968,1.3032479286193848,4.35545539855957,7.840539932250977,10.707898139953612,12.425188064575195,12.54448699951172,12.553722381591797,12.56146240234375,12
0.79845888,125.59654411,191.56201511,2.36059469,2.9707284,0.23562551,0.41258812,0.57334495,0.71690464,0.84498239,0.96089935,1.06477833,1.15823483,17
0.80261607,36.38390127,13.08256622,2.0,2.19380886,0.5006094,1.16218209,1.58299994,1.84866905,2.04198027,2.19240141,2.31871986,2.42483902,18
0.88962069,147.74235193,251.286535,2.2392045,2.18238728,0.12451649,0.19188261,0.25592852,0.31417298,0.37047982,0.42328167,0.47236562,0.5179379,4
0.41485045,208.73316002,391.6608305,2.3,2.4,0.13202524,0.14783168,0.16659403,0.17501354,0.18504333,0.19483566,0.20525956,0.21415734,11
0.3526153,292.02429199,20.77250481,2.00559282,2.13743758,0.20747232,0.33128285,0.43543172,0.52532053,0.60460114,0.67432117,0.73764062,0.79345131,15
0.8103001109074962,80.47402324929183,0.6533253261290617,2.1495668076693524,2.607885785306002,0.3581998348236084,0.7489588260650635,1.0625345706939695,1.3149492740631104,1.5212798118591309,1.6952018737792969,1.8437225818634035,1.972216844558716,8
0.73584723,13.84963608,7.84048367,2.01518059,2.17853069,0.80034804,2.10301018,2.88042593,3.23847914,3.43020201,3.55660248,3.65377378,3.72969961,22
0.79429102,98.51446533,304.79824829,2.63400078,2.07358885,0.16542292,0.23702955,0.3074131,0.36734343,0.4201777,0.46732426,0.50985622,0.5481801,4
0.40019313,189.88220667,325.72860009,2.1,2.6,0.15382886,0.17734551,0.20311213,0.22283316,0.24009132,0.25607657,0.27214336,0.2868657,11
0.91542998,104.27566138,365.50659141,2.1,2.9,0.13168955,0.1743021,0.21736789,0.25265718,0.28616,0.31724763,0.34559774,0.37170792,4
0.539712376250898,5.881734081772836,24.613903818071243,2.01600693,2.351455,1.0252110958099363,3.1607308387756348,4.995487213134766,5.98041582107544,6.268294811248779,6.333479404449463,6.360291957855225,6.373986721038818,7
0.69753444,184.14738464,21.92084122,2.20001268,2.31249332,0.20456767,0.35937381,0.50397396,0.63495827,0.75396633,0.8626616,0.96134114,1.05248523,15
0.3792952252743288,0.7669959614403832,0.0533894643317316,2.4565790932771923,2.5777750069993406,1.2697865962982178,4.2774858474731445,7.82815408706665,11.114561080932615,13.191858291625977,13.220285415649414,13.22869110107422,13.235830307006836,12
0.7762733934633275,20.773960057127454,0.0738030392408472,2.2000810420320382,2.240004038867482,0.687037467956543,1.7738008499145508,2.4271368980407715,2.77908706665039,3.001617908477783,3.1699366569519043,3.303784370422364,3.4173970222473145,22
0.56683254,6.8953414,17.14570427,2.06403065,2.47160506,1.06983566,3.195225,4.91518402,5.79581451,6.05093288,6.13823986,6.17730522,6.19788647,6
0.8511725717168874,1.4994643267450412,18.079682608362056,2.90884848,2.66998849,1.1556801795959473,3.544753074645996,5.595804691314697,6.770750522613525,7.303149700164795,7.622960567474365,7.895532131195068,8.10826301574707,6
0.94614172,94.82263792,339.01171648,2.9,2.4,0.19300056,0.30633235,0.41467524,0.5119581,0.59966874,0.6786556,0.7503257,0.81579065,17
0.78976722,209.22041611,43.58336833,2.8,2.1,0.17102242,0.29629922,0.41761374,0.5328808,0.64077187,0.74238443,0.837723,0.92759776,15
0.43992117,180.4536438,354.33312988,2.04368258,2.28361249,0.1387167,0.16352105,0.18962193,0.21030521,0.23147178,0.25146008,0.27008486,0.28725266,11
0.64360007,57.06240842,392.02966355,2.0721593,2.0,0.18639684,0.23542953,0.26590371,0.29049635,0.31240892,0.33138847,0.34721971,0.36005974,11
0.44601682,39.04962993,375.38529187,2.2,2.8,0.35042858,0.6559706,0.7511873,0.7545378,0.7586043,0.7623875,0.7657242,0.76867247,21
0.446688763313563,177.89162821430526,360.8500304367469,2.78870821,2.0867703,0.1457278728485107,0.1680102348327636,0.1928110122680664,0.2098345756530761,0.2255458831787109,0.2413229942321777,0.2557511329650879,0.2689144611358642,11
0.8415042168476132,32.76902774159943,0.0396807718604867,2.913233596258281,2.0103742517067724,0.5108363628387451,1.2096219062805176,1.6935744285583496,2.009129047393799,2.2379770278930664,2.420116901397705,2.5719704627990723,2.7020010948181152,18
0.9608099337790144,49.64704336088683,0.0035336646763466,2.193549706310287,2.305345341171483,0.3635940551757812,0.763721227645874,1.0866498947143557,1.3454124927520752,1.5555424690246582,1.7319433689117432,1.8830265998840328,2.014248371124268,8
0.87257812,221.07610414,236.3456087,2.3,2.9,0.12928367,0.17801785,0.2319982,0.28221107,0.33270288,0.38034678,0.42517328,0.46890855,3
0.31255624,48.25881958,24.41950035,2.68188477,2.79324961,0.94162488,2.78609276,4.27506638,5.00808144,5.2096777,5.28003263,5.3115139,5.33304977,7
0.8892331203063489,1.3290773649117211,0.0168500367847513,2.060572394336781,2.995239301917251,1.1618671417236328,3.663203001022339,5.9173784255981445,7.217555046081543,7.82807731628418,8.136963844299316,8.341691970825195,8.494686126708984,12
0.30251029,113.98204041,17.28038597,2.25328827,2.97692227,0.68865275,1.97987962,2.8862412,3.22795415,3.32108569,3.37314248,3.41872096,3.46037936,22
0.89610448,226.40419104,104.73608887,2.0,2.9,0.12146449,0.19463563,0.26215672,0.3290248,0.3940332,0.45722723,0.51667714,0.5741167,2
0.70751989,19.44885254,25.45373344,2.98654914,2.64655352,0.83410168,2.29877377,3.29357624,3.79978991,4.07419491,4.25130844,4.37813997,4.47781754,23
0.89088151,104.87006619,176.4564732,2.1,2.9,0.18875432,0.31565738,0.43685508,0.5440533,0.6402705,0.7275908,0.807009,0.8792064,17
0.3861924312482229,124.6692458402034,0.0260038745199965,2.940750453857575,2.805549750570129,0.6039271354675293,1.6262688636779783,2.3130674362182617,2.6299266815185547,2.795933723449707,2.91882848739624,3.021716594696045,3.1068429946899414,22
0.8339575941474653,3.493267540228542,0.1003982834432242,2.48479981769474,2.90137003602688,1.111747980117798,3.3686561584472656,5.186811923980713,6.147741794586182,6.616032123565674,6.912720203399658,7.145939350128174,7.322293758392334,5
0.681916276586603,6.879101414757722,0.0820443006432241,2.513715108091027,2.722055993325535,1.0795903205871582,3.252167224884033,4.985318183898926,5.866568565368652,6.267246246337891,6.5154314041137695,6.703208923339844,6.84788703918457,5
0.75577283,260.12097168,181.11691284,2.14280081,2.08653998,0.09285545,0.14381552,0.18882632,0.2271986,0.26971602,0.30941772,0.34709477,0.38329864,3
0.81821902,288.3935981,344.61563081,2.7,2.0,0.07943916,0.11894298,0.15037537,0.17479515,0.20162225,0.22832823,0.2547009,0.2803123,11
0.8500412303847822,43.603454080248845,0.0214749547619167,2.873712331928571,2.3043191965982945,0.4806158542633056,1.1122291088104248,1.5709526538848877,1.8857367038726809,2.1213090419769287,2.311072587966919,2.4692599773406982,2.6047255992889404,18
0.5129976526348317,11.11534093102782,0.333518130082304,2.3153773054362183,2.165754514192543,1.0160529613494873,2.991879940032959,4.486443996429443,5.202833652496338,5.494166851043701,5.669641494750977,5.789894104003906,5.8760986328125,5
1.0,78.1756599,400.0,2.0,2.0,0.1025393,0.13538289,0.16252518,0.18526649,0.20822859,0.22868919,0.24765158,0.26569009,11
0.9510521061364352,0.7544545125287901,61.1077924973492,2.726549097943508,2.0509108678780703,0.9479925632476808,2.7757437229156494,4.155089378356934,4.816638946533203,5.087536811828613,5.233633041381836,5.310184478759766,5.334272384643555,7
0.4900140654852298,1.3198295647596217,0.0059006218800652,2.2652284103175107,2.816834432811384,1.257307052612305,4.230484008789063,7.716798782348633,10.716452598571776,12.545906066894531,12.612226486206056,12.619723320007324,12.626106262207031,12
0.9251768542741317,80.02580834773897,0.0750038405729487,2.74563638661019,2.0224470938901176,0.2753691673278808,0.5438947677612305,0.7819375991821289,0.988739013671875,1.166978359222412,1.3224947452545166,1.4594604969024658,1.5806572437286377,8
0.5905163591890985,138.67021612691923,18.844943866696244,2.354695094664177,2.529548247762913,0.3431050777435303,0.7008919715881348,0.97507905960083,1.1905362606048584,1.363901138305664,1.5107204914093018,1.6361448764801023,1.7443809509277344,9
0.56963627,189.41734212,204.53677637,2.4,2.5,0.19396663,0.2948556,0.38898063,0.47098947,0.54449487,0.6113937,0.6717737,0.7276628,17
0.72867787,109.28107039,52.0800901,2.7,2.3,0.32282686,0.64416385,0.9053755,1.1216285,1.3017399,1.4549954,1.585418,1.7006967,9
0.73978698,146.21762085,363.55780029,2.26266217,2.04133487,0.10227633,0.13195968,0.15648842,0.17443585,0.19589353,0.21520281,0.23322082,0.25060797,11
0.3990847860516593,4.967616553657218,113.69002561137864,2.3979094,2.82979107,0.9375970363616944,2.950090169906616,4.853948593139648,6.030866622924805,6.282601356506348,6.288866996765137,6.289801597595215,6.290129661560059,7
0.7086019159486484,3.474513029419895,3.909969960014064,2.70325333,2.6549604,1.1562073230743408,3.546522378921509,5.5990095138549805,6.743168830871582,7.240281105041504,7.525551795959473,7.762703895568848,7.951762199401855,6
0.69211372,93.10218102,42.82721717,2.5,2.6,0.38555813,0.8170402,1.1423352,1.386801,1.5775459,1.7333262,1.8656924,1.9784243,9
0.68104433,208.54979317,194.92052468,2.9,2.4,0.18632483,0.29298162,0.39758325,0.49498057,0.58389306,0.6655612,0.7418399,0.81302214,17
0.69951388,4.43363141,36.95913944,2.91636925,2.5242597,1.04076648,3.12309122,4.8066864,5.67014074,6.02596521,6.24240065,6.38769102,6.48677015,7
1.0,250.1907197166936,400.0,2.3,2.3,0.0704069137573242,0.1043550968170166,0.1303706169128418,0.1389238834381103,0.153200626373291,0.1705060005187988,0.188636302947998,0.2054424285888672,11
0.33614876,212.86001584,111.83615126,2.44986035,2.75588281,0.36033845,0.73206162,0.9648447,1.10962772,1.21843815,1.30672312,1.38186741,1.44577575,10
0.8925299420116936,167.2456692496512,0.0042646032048462,2.2452432473495216,2.365395802618929,0.1808650493621826,0.3219754695892334,0.4582109451293945,0.587134599685669,0.7070920467376709,0.8200466632843018,0.9250993728637696,1.0233535766601562,15
0.8872610275460477,33.49334545766592,0.0277951261931366,2.805314633886199,2.5020322346902675,0.5558755397796631,1.343189716339111,1.892153263092041,2.24830961227417,2.5059518814086914,2.709310531616211,2.878551959991455,3.0244064331054688,18
0.77738398,3.93045878,46.49631882,2.51018453,2.9578352,1.06333184,3.1834383,4.94142437,5.88529778,6.23082352,6.36906242,6.42929935,6.46448326,7
0.46420288,10.1570425,27.89123726,2.32310605,2.15264392,1.01728153,2.94455338,4.41665554,5.09057188,5.28769016,5.38681889,5.42573929,5.44381046,7
0.44136819,282.29545278,284.4565828,2.6,2.0,0.1273675,0.16144562,0.19880557,0.23040843,0.26139927,0.28983426,0.317106,0.34307504,11
0.9806756998135931,8.31292154896542,0.1837998668019677,2.605313884284498,2.906815346320589,0.8537075519561768,2.368138074874878,3.382073163986206,3.936922311782837,4.277848243713379,4.529014587402344,4.726000785827637,4.885500907897949,22
0.3631414652212691,36.079441564273246,0.0295504057803227,2.0873213501288674,2.2271345039457,0.8751833438873291,2.5479276180267334,3.7306315898895264,4.214794158935547,4.370353698730469,4.453610420227051,4.507546424865723,4.5456953048706055,22
0.49583205,146.209674,276.60736234,2.6,2.2,0.23640442,0.37529135,0.47671056,0.5603807,0.6322887,0.6945176,0.7499473,0.7978256,17
0.7999784906344376,92.07318633604692,1.0030420715483557,2.651263399846504,2.921685588671402,0.3935544490814209,0.8337950706481934,1.1874666213989258,1.4714059829711914,1.7023286819458008,1.8953843116760247,2.0595507621765137,2.2023372650146484,8
0.3,73.50046762,400.0,2.0,2.91710874,0.3593595,0.76363015,0.96439457,0.98556495,0.99228787,0.99848247,1.00411248,1.00923514,21
0.47071589,131.75807755,328.02943729,2.7,2.9,0.28706598,0.47293568,0.5792465,0.66191745,0.7304127,0.7878468,0.83840346,0.8819215,17
0.3546990499241995,1.432226297440139,0.0173845754545809,2.972792156852807,2.957335122193564,1.3249282836914062,4.479888916015625,8.243422508239746,11.69978141784668,14.015470504760742,14.0693359375,14.07562255859375,14.080968856811523,12
0.30990254,109.90147544,121.7206234,2.6,2.4,0.5386529,1.3907571,1.9148486,2.0669835,2.1153858,2.1543548,2.1896794,2.2220309,0
0.62489385,74.7584099,75.3345611,2.3,2.3,0.4103546,0.9014344,1.229552,1.4382803,1.5870664,1.7073691,1.8081753,1.8922317,20
0.42414196,272.04184328,141.87294829,2.6,2.9,0.23019719,0.35313773,0.4569223,0.54773617,0.62837267,0.7011492,0.76718044,0.82819533,17
0.87839855,182.00340243,154.75725129,2.1,2.2,0.11887956,0.1935904,0.2627616,0.3279543,0.39214206,0.45207572,0.5085943,0.561882,2
0.87138716,20.36870647,77.59502665,2.0,2.0,0.50102735,1.16838455,1.56912327,1.79960346,1.94780779,2.06518507,2.15895987,2.23542023,20
0.5462170467442184,34.14929532723289,0.6213345207399776,2.582837699100433,2.533530855703385,0.8096532821655273,2.289341688156128,3.280204057693481,3.749102830886841,3.9810359477996826,4.132569313049316,4.239234924316406,4.333288192749023,22
0.9240736237231236,15.622138711462938,0.0399960909592938,2.499995188225161,2.8089844004151043,0.7305648326873779,1.9478955268859863,2.73575210571289,3.182458877563477,3.469217300415039,3.687746524810791,3.864809989929199,4.012856960296631,22
0.5702402391078952,51.51845022705904,0.0613541496858059,2.0665447195612803,2.847987226338599,0.6670567989349365,1.8590164184570312,2.6120193004608154,2.9572441577911377,3.1460702419281006,3.28403639793396,3.395434617996216,3.4897382259368896,22
0.8237332820252026,3.168563748302763,0.0074731028613412,2.372790581011702,2.386903674606476,1.0749876499176023,3.152214765548706,4.6913347244262695,5.473838806152344,5.891654968261719,6.187398910522461,6.416777610778809,6.588852882385254,5
0.7653076956591365,2.798585579809516,1.0815833408304545,2.489826198941758,2.341238187071243,1.1127617359161377,3.3265910148620605,5.084673404693604,6.009644985198975,6.466050624847412,6.769571781158447,7.011814594268799,7.194061756134033,5
0.87445161,33.65348387,238.04787782,2.1,2.0,0.291193,0.55602646,0.7381866,0.8665073,0.96014357,1.0307612,1.0868707,1.1301694,10
0.77754042,214.66642728,366.74292544,2.9,2.9,0.162467,0.19561887,0.2506683,0.30610776,0.3522663,0.39726758,0.43942666,0.47935462,4
0.3716307239628116,10.151325562466925,0.1743720978848374,2.5417880677076674,2.599135184321727,1.1660408973693848,3.7297096252441406,6.303739547729492,8.053107261657715,8.756479263305664,8.850491523742676,8.873929977416992,8.901862144470215,12
0.7424486705239567,116.83492465642854,0.1103143171205038,2.846555566355004,2.6688729312864337,0.3524556159973144,0.7170147895812988,1.0172109603881836,1.2662060260772705,1.4737188816070557,1.6503183841705322,1.8021667003631592,1.9357831478118896,8
0.9708964909823676,1.4380916479084758,8.231684248075487,2.87015676,2.48570728,1.1155989170074463,3.268909215927124,4.903266906738281,5.777934074401856,6.281259536743164,6.687605857849121,7.0235137939453125,7.270364761352539,6
0.3,300.0,344.9755215611511,2.80824119,2.57557551,0.1720728874206543,0.1910202503204345,0.2146408557891845,0.2359321117401123,0.2532422542572021,0.2677459716796875,0.2821938991546631,0.2959146499633789,11
0.35579437,6.7962966,32.56520844,2.10610414,2.22971153,1.07336783,3.25606132,5.26507473,6.4359951,6.67906475,6.69369221,6.69667816,6.69839859,7
0.37005853,26.51311481,81.59149116,2.4,2.0,0.81350136,2.3504777,3.4626708,3.862164,3.9215636,3.9282618,3.9343266,3.9400291,23
0.5244947154720354,27.99190333982717,0.0937255331210005,2.373518768903661,2.013371214972586,0.7887148857116699,2.1405017375946045,2.9877874851226807,3.3799917697906494,3.589951276779175,3.730354070663452,3.828718423843384,3.904118776321411,22
0.8432106,267.64069194,129.84295369,2.3,2.7,0.1232748,0.19047236,0.2542572,0.31466627,0.3743112,0.43265057,0.48835826,0.5415034,2
0.7804702732519727,2.6718623356881293,0.0038848958280947,2.18734251068223,2.229735442448324,1.0804228782653809,3.200057983398437,4.800224304199219,5.623753070831299,6.03851842880249,6.310627460479736,6.509236812591553,6.665221691131592,5
0.34488243,1.52468479,46.32294846,2.12276721,2.80289602,1.15573025,3.66238999,6.37026596,8.47840786,9.4429369,9.61090374,9.6116724,9.61220264,14
0.8548915965394761,1.215707280467468,17.47642457500964,2.78827691,2.97677898,1.197334051132202,3.768817901611328,6.164133071899414,7.632268905639648,8.308696746826172,8.621623992919922,8.840442657470703,9.013128280639648,14
0.9268670193518908,0.7216880054719265,118.52157846257678,2.8897021969490098,2.677951441569296,0.9347043037414552,2.852583885192871,4.509707927703857,5.385222911834717,5.618760585784912,5.685301303863525,5.698414325714111,5.698665142059326,7
0.82358577,105.32276972,210.11132939,2.9,2.2,0.23619461,0.41959667,0.58311296,0.72689795,0.85388994,0.9665079,1.0670278,1.1567206,17
0.7961970212224259,11.004582929600293,0.0155475851194777,2.55606304670842,2.145109156938437,0.8315362930297852,2.213786602020264,3.091974258422852,3.563694953918457,3.8539786338806152,4.057387828826904,4.208263397216797,4.338551044464111,22
0.6596175569395365,39.22040262243432,0.0578995093713916,2.708596172695893,2.947386574896916,0.7292242050170898,2.029505968093872,2.9028890132904053,3.348764181137085,3.604066610336304,3.7822282314300537,3.930485963821411,4.0518293380737305,22
0.4852880045477958,2.10440825237396,0.2156196032738112,2.8459458908327795,2.153061886169952,1.198660135269165,3.844670057296753,6.617982864379883,8.730674743652344,9.839925765991213,9.956296920776367,9.964576721191406,9.971650123596191,13
0.3902736581809263,16.06136198046224,0.1514008634167185,2.7661503281610886,2.5157126703305748,1.101667881011963,3.4020233154296875,5.4651079177856445,6.64017391204834,7.037578582763672,7.167903900146484,7.258922576904297,7.332144737243652,5
0.41705988,215.23732699,314.14518224,2.93120403,2.68336888,0.21563888,0.28859735,0.34741879,0.39871144,0.44370174,0.48470426,0.52201056,0.55632925,4
0.6217404063147407,51.24789366373352,285.74717211929374,2.2,2.6,0.3658831119537353,0.7866156101226807,1.0430786609649658,1.177165985107422,1.2611052989959717,1.3242082595825195,1.3737802505493164,1.4146804809570312,21
0.93684238,74.71146393,313.46890259,2.03914762,2.68264771,0.18854022,0.31014681,0.42281342,0.52098894,0.60758042,0.68460608,0.75294256,0.81453252,17
0.74110925,286.27656974,218.84942036,2.8,2.5,0.13576126,0.19263625,0.2468965,0.31019068,0.36812305,0.42083025,0.47192144,0.5204885,3
0.85494488,46.99360901,11.98267196,2.1,2.9,0.42099094,0.93427396,1.3175693,1.5932136,1.8019724,1.9711747,2.1135902,2.2368898,18
0.4750868230732997,149.12963023625858,0.0051442455598569,2.666619594752042,2.022126592114632,0.3457303047180176,0.7168264389038086,0.982696533203125,1.1728837490081787,1.3222105503082275,1.4423394203186035,1.5473718643188477,1.6378583908081057,8
0.9070612964423544,46.61011009656311,14.831550127766132,2.583216223976387,2.9642226710465023,0.4883663654327392,1.1328580379486084,1.611178636550903,1.953888177871704,2.213402032852173,2.4231626987457275,2.5983340740203857,2.7483456134796143,19
0.54619993,241.82200503,78.11146169,2.7,2.8,0.24224162,0.4060619,0.5523684,0.68211985,0.79830694,0.9035146,0.9985311,1.0852685,16
0.93889762,103.8968728,202.66903067,2.5,2.7,0.21082163,0.3593104,0.49981952,0.6253824,0.73846865,0.840745,0.93389463,1.0189676,17
0.55021453,10.9654007,20.55397606,2.43171883,2.02425313,0.96146441,2.6698668,3.80946183,4.32403469,4.55674648,4.68222141,4.76574421,4.80959415,23
0.3,146.70362064,249.95321482,2.0,2.0,0.23873281,0.35069656,0.40437341,0.44711852,0.4822104,0.51219177,0.53678131,0.56007028,4
0.59342737,148.54310008,265.33382893,2.8884739,2.92714801,0.27136993,0.45434189,0.59495187,0.71472287,0.81787777,0.90842247,0.98775172,1.05818868,17
0.65295565,58.16883087,374.03860474,2.2808125,2.23707986,0.23090291,0.34287405,0.40664291,0.45542264,0.49412251,0.5259037,0.55222249,0.57414365,4
0.8603718465966688,220.6933830416893,0.0887703647367791,2.49886073884161,2.295377790350939,0.1577386856079101,0.2701117992401123,0.3791029453277588,0.4840211868286133,0.5839612483978271,0.6787207126617432,0.768845796585083,0.8537578582763672,15
0.30381526,40.02074246,130.04593775,2.88920211,2.4040093,0.74407649,2.08377934,3.04296589,3.40490818,3.47088957,3.47572184,3.48022079,3.48472786,23
0.56449741,187.59047038,326.7500889,2.7,2.9,0.19925857,0.2737825,0.3449235,0.4074831,0.46272326,0.5133467,0.5596795,0.60210896,4
0.9539534,209.66109267,320.29323741,2.9,2.9,0.16614366,0.19999671,0.25956964,0.32694864,0.38407993,0.43953657,0.49189878,0.5422704,4
0.7280502728559572,259.29689702776534,400.0,2.005,2.005,0.0574030876159668,0.080024242401123,0.09922456741333,0.0999016761779785,0.1093838214874267,0.116142988204956,0.1220374107360839,0.1289291381835937,11
0.7948693546833819,119.66188997475166,396.8343624620642,2.4650769,2.8523634,0.1797928810119629,0.2560064792633056,0.3302841186523437,0.3976192474365234,0.4576764106750488,0.5118088722229004,0.5619826316833496,0.6074445247650146,4
0.68069918,287.48061406,358.6004404,2.0,2.0,0.05769992,0.08258033,0.10058045,0.1044054,0.11542296,0.12334514,0.12971473,0.13926578,11
0.33173837,261.4307366,352.69814549,2.3,2.3,0.1262834,0.14037275,0.15641618,0.16231728,0.1714127,0.17950201,0.18897796,0.19720507,11
0.69058713,287.30471249,371.66735904,2.2,2.3,0.07378888,0.1023829,0.12636113,0.12859535,0.13929725,0.15217757,0.16655874,0.17831326,11
0.97945255,276.38898603,157.80419139,2.29871103,2.91005547,0.11685801,0.18738699,0.24423361,0.30986428,0.37724018,0.44030666,0.49954677,0.5570848,2
0.5604591984289353,64.20081650646439,20.31933473957254,2.755363179878968,2.175917078756669,0.5366284847259521,1.3357763290405271,1.8382363319396973,2.107984066009521,2.2876315116882324,2.422630786895752,2.540116786956787,2.633897304534912,19
0.90893924,116.67834473,385.7638855,2.63741255,2.28801513,0.13040161,0.17366862,0.21803212,0.25521398,0.28979135,0.32237458,0.35238051,0.38002944,4
0.57045256,290.54219065,1.35999812,2.5,2.0,0.16583967,0.27513242,0.38113785,0.47960496,0.57025504,0.65535545,0.7343097,0.80841875,15
0.8965833392617328,3.588492747297392,0.6476749752886741,2.675315386616959,2.1988751011595244,0.9995894432067872,2.774303913116455,3.9684739112854,4.601460933685303,5.017799377441406,5.326195240020752,5.562147617340088,5.743956089019775,5
0.4808158146793955,69.18144812639925,0.0319818598445595,2.4936697403824595,2.881561513074384,0.6989901065826416,1.980646610260009,2.843351364135742,3.239464282989502,3.429605484008789,3.559786796569824,3.661441326141357,3.7518272399902335,22
0.30976117,9.19684601,9.10649681,2.85118818,2.83933568,1.2711947,3.96266103,6.82272816,8.93636417,9.89457321,10.196455,10.31974316,10.36315346,14
0.48722949,103.64971434,211.88797803,2.1,2.1,0.27034307,0.46915483,0.5954535,0.6899085,0.7636771,0.82215786,0.86942077,0.9109502,17
0.9930721105934096,142.9357173758017,0.5875817463893156,2.3084724018215943,2.529320234337715,0.1962699890136718,0.3536725044250488,0.5065810680389404,0.6519370079040527,0.787369966506958,0.9140689373016356,1.0319774150848389,1.142115354537964,15
0.5683904454517472,68.19510146403411,0.0045695701454423,2.770255379454829,2.7532045005082333,0.6290714740753174,1.6730985641479492,2.365339756011963,2.7226309776306152,2.938506603240967,3.099581718444824,3.230621337890625,3.345988273620605,18
0.32775586,206.04288066,197.18949876,2.4,2.9,0.28592992,0.47395873,0.5796077,0.66076136,0.7295406,0.78692937,0.83876157,0.8832836,17
0.99511844,273.98251343,129.26481628,2.46830249,2.11400247,0.09225225,0.15340209,0.20259929,0.24601126,0.29562163,0.34472632,0.39117956,0.43569088,2
0.7988658,11.11163998,49.74702072,2.90845919,2.03555107,0.74189544,1.91044903,2.6420536,3.02661705,3.25528765,3.39793444,3.50517988,3.58018303,23
0.7642285447350244,1.6209503480746934,0.5703016396030864,2.0994210347335995,2.4950182675147534,1.15201997756958,3.6183736324310303,5.832098007202148,7.115427970886231,7.674700736999512,7.921252250671387,8.08716106414795,8.20252513885498,5
0.5052053805100324,244.9314024123645,301.04024113394195,2.0,2.4,0.1191658973693847,0.1530408859252929,0.1890671253204345,0.2198352813720703,0.2501375675201416,0.2781233787536621,0.3051259517669678,0.3308939933776855,11
0.8980552,93.73941803,151.92042542,2.0123899,2.12994099,0.18458319,0.32385302,0.45231843,0.56732273,0.66994619,0.76199579,0.84616065,0.92143607,17
0.6754326894795426,2.670790209488054,0.0044711555478858,2.8921497250016404,2.643038827458944,1.214895725250244,3.801746845245361,6.211798191070557,7.66965913772583,8.302276611328125,8.595020294189453,8.832019805908203,9.043418884277344,12
0.78335661,49.57328532,329.98796998,2.9,2.8,0.35034323,0.6948869,0.92762804,1.0869489,1.2011979,1.2884202,1.3588228,1.4143419,10
0.4829236,191.01510508,127.47323327,2.4,2.1,0.23219657,0.38986015,0.5184536,0.6282506,0.7235124,0.80759263,0.88158965,0.9466748,17
0.7222825825489871,9.0645032200745,0.0266078614839536,2.881818765774173,2.4861909562404843,0.992056369781494,2.8313088417053223,4.136364936828613,4.802203178405762,5.174402713775635,5.453201770782471,5.657979488372803,5.820765972137451,5
0.6867781036196878,1.5586146350963903,0.0205967222793052,2.106195142966193,2.1532083209463218,1.1407015323638916,3.5819332599639893,5.844686508178711,7.234880447387695,7.802935600280762,8.011733055114746,8.141470909118652,8.236616134643555,12
0.4198572113456557,2.2165140536642496,0.0570610218237097,2.798661810959109,2.314311743275573,1.2344708442687988,4.037471294403076,7.126758575439453,9.683859825134276,11.09760856628418,11.13784408569336,11.146321296691896,11.153488159179688,12
0.52331674,9.3741827,46.9450264,2.15127707,2.0299437,0.91841578,2.5829103,3.72376943,4.16999435,4.31144905,4.36107349,4.37812042,4.38980103,23
0.4599580439617025,0.928133711631193,0.003452817531675,2.768269885826888,2.721506049351061,1.2937464714050293,4.336482048034668,7.906795501708984,11.110147476196287,13.006354331970217,13.04442310333252,13.051301956176758,13.05709171295166,12
0.5307211508997725,40.27474124698561,0.0072810462986621,2.6715716453743688,2.0422240035193457,0.6914660930633545,1.826744556427002,2.523247718811035,2.86840295791626,3.0673513412475586,3.210676670074463,3.317714214324951,3.410996437072754,22
0.6175704,8.35205955,13.93949047,2.19795584,2.25386576,1.01132202,2.88891745,4.21881199,4.83206749,5.07087183,5.21278191,5.28617048,5.32571077,6
0.66692531,18.35674477,221.85810852,2.05588078,2.0578146,0.47531152,1.14153099,1.47969198,1.54103947,1.5467937,1.55303597,1.55852342,1.56329679,1
0.53151595,235.72208333,238.48095379,2.80575476,2.30486092,0.15278101,0.20652223,0.26265407,0.31004333,0.35459471,0.39673424,0.43522739,0.47139406,3
0.62107503,293.24380493,46.24996948,2.28128839,2.28770471,0.13922596,0.22190523,0.30202579,0.37663555,0.44865513,0.51583815,0.57933116,0.63935924,2
0.75259053,89.66439545,133.83139453,2.6,2.2,0.29911327,0.5799899,0.8045535,0.98891306,1.1405787,1.2690105,1.3781202,1.4710498,10
0.85766927,1.98055483,2.28688447,2.0,2.0,1.07202578,2.9885335,4.28122234,4.91527891,5.25855923,5.49840498,5.65463543,5.73768711,6
0.3640286797318089,64.53908461271449,377.3005762316665,2.6,2.1,0.2825357913970947,0.4522783756256103,0.4881374835968017,0.5047881603240967,0.5194454193115234,0.5319578647613525,0.5426745414733887,0.5519483089447021,21
0.7576627669059481,3.456340213290785,0.2207198202410014,2.317004816812489,2.180291116792218,1.057172775268555,3.0719237327575684,4.540456771850586,5.289796829223633,5.685626983642578,5.967218399047852,6.175996780395508,6.3268632888793945,5
0.4153696978414002,18.86917400970796,9.390238074153356,2.9,2.5,1.0414907932281494,3.153749942779541,4.922620296478272,5.836345195770264,6.154764652252197,6.311962604522705,6.438302516937256,6.519405841827393,6
0.7694830498404177,6.503815127587855,0.4808186733270052,2.180065228733552,2.997786298870554,1.019881248474121,3.0965259075164795,4.718493461608887,5.52956485748291,5.883937835693359,6.091341018676758,6.236281394958496,6.356172561645508,5
0.6671598319380323,5.897213811915648,0.1731824666989573,2.858128531293029,2.2041041982111227,1.0598018169403076,3.0806238651275635,4.584712982177734,5.354814529418945,5.763511657714844,6.08372688293457,6.333897590637207,6.51763916015625,5
0.68410525,195.8724323,228.22199835,2.5,2.2,0.15198922,0.22863221,0.30496645,0.37503982,0.43923807,0.49895,0.55456376,0.606585,3
0.6695972496997283,1.439521586612194,10.25156656492099,2.66643047,2.08928752,1.131864309310913,3.525112628936768,5.745480060577393,7.151586055755615,7.71768045425415,7.920745372772217,8.057806015014648,8.163127899169922,14
0.42217851,211.25629281,316.33675205,2.7,2.3,0.19249678,0.25824952,0.3164196,0.36590838,0.4108119,0.451329,0.4884491,0.52228594,4
0.61760104,44.14315796,226.56266785,2.58210039,2.07201505,0.37843776,0.79551721,1.03321552,1.1427989,1.20698571,1.25523925,1.29326749,1.32395887,21
0.3250370552592377,19.058542148829165,5.082379151319571,2.06540132,2.57131195,1.0569162368774414,3.344252824783325,5.487608909606934,6.778564453125,7.166718482971191,7.202438354492188,7.219308853149414,7.233372688293457,6
0.57842249,163.76873779,197.70840454,2.29236913,2.83735228,0.24611449,0.42147231,0.56670141,0.69061399,0.79838109,0.8938899,0.97824621,1.05336881,17
0.77117137,224.53372781,161.10089295,2.1,2.2,0.11027503,0.17318177,0.23037648,0.28330922,0.3364966,0.38690257,0.4342072,0.4791317,2
0.49874021,18.31505538,173.09046,2.4103558,2.6865196,0.72727561,2.08376718,3.08480144,3.45319009,3.48983026,3.49031949,3.49047351,3.49088788,23
0.50597181,106.58307373,206.87628085,2.29656244,2.27674865,0.29908466,0.54892254,0.71013522,0.82524753,0.91366911,0.98682547,1.04501295,1.09642959,10
0.36102816,176.18467712,44.54323959,2.03053713,2.02495384,0.31799293,0.61273932,0.79831553,0.92599654,1.02453661,1.10378289,1.16793013,1.22650313,9
0.5537121191011515,11.528894780963569,0.0811414612248129,2.4021481136163416,2.2172374205824505,1.0001447200775146,2.9110653400421143,4.313453674316406,4.977953910827637,5.283153533935547,5.4746856689453125,5.6122894287109375,5.7019453048706055,5
0.80369489,193.98517856,213.92801735,2.9,2.1,0.14606428,0.23369575,0.3192377,0.4012859,0.47795463,0.5502777,0.61811495,0.68229795,3
0.8867847461515832,290.8237595389308,325.6505886150908,2.1,2.0,0.0581834316253662,0.0878114700317382,0.1129460334777832,0.1218366622924804,0.1394309997558593,0.154703140258789,0.1698291301727295,0.1851983070373535,11
0.7337004,57.51804125,188.37317418,2.6,2.2,0.3645985,0.7682884,1.0492406,1.2392104,1.377882,1.4845269,1.5724943,1.646338,10
0.4890063,40.69497082,342.76613579,2.54855066,2.43976178,0.4018476,0.86853313,1.09749007,1.13244605,1.14048195,1.14831328,1.1552856,1.16146111,21
0.31257134,110.58190424,210.93280315,2.23372211,2.25959536,0.38476133,0.81338644,1.02423167,1.08865142,1.12986112,1.16222978,1.18987632,1.21358347,21
0.458405,47.51844917,264.33206735,2.39467112,2.43496975,0.46047783,1.09573674,1.45450044,1.52810645,1.54165101,1.55494785,1.56661892,1.57692194,1
0.6241572792009183,1.3905136512582352,0.0105412894141599,2.273095455928405,2.288666431651153,1.1882567405700684,3.82833743095398,6.499761581420898,8.38390064239502,9.286270141601562,9.448826789855955,9.472204208374023,9.49871826171875,12
0.54885178,144.54207033,285.40290573,2.6,2.8,0.24341679,0.38245988,0.4856913,0.57370615,0.64927197,0.71523976,0.7731893,0.825649,17
0.4828735,282.23733521,14.74565792,2.47317171,2.43753719,0.21881318,0.36159706,0.49266887,0.60794687,0.71155357,0.80657649,0.89334679,0.97235799,15
0.4352079130344307,33.339348712542055,0.1564393456681512,2.4547900753325256,2.7756205784500887,0.9327740669250488,2.8036551475524902,4.2615461349487305,4.946022987365723,5.191396713256836,5.323727607727051,5.405109405517578,5.461459159851074,5
0.5525094945294656,8.766345353952511,0.1093314891832421,2.137242953812505,2.0813228649169657,1.0113019943237305,2.9666168689727783,4.418118476867676,5.111082077026367,5.400782585144043,5.57913875579834,5.691614151000977,5.772307395935059,5
0.7863352293344641,10.104634651272724,0.750731199287411,2.215636953965976,2.908012279223553,0.9239983558654784,2.714127540588379,3.9912362098693848,4.6091179847717285,4.910934925079346,5.1051926612854,5.246573448181152,5.368160724639893,5
0.89480311,17.52070808,5.71854591,2.49582505,2.51757336,0.6949482,1.7859869,2.47709703,2.86487198,3.11736345,3.30829763,3.46466637,3.59339428,22
0.54232297,111.46372091,221.45081947,2.6,2.5,0.31853938,0.6042619,0.7946181,0.93421483,1.0420499,1.1305513,1.2033353,1.2658567,10
0.33173236,13.11418724,12.252141,2.10714149,2.80585074,1.13728094,3.56547284,5.96138573,7.53770161,8.109272,8.14980221,8.15519524,8.15818882,14
0.50269122,239.50180713,229.98734023,2.9,2.0,0.17252564,0.2552011,0.3361876,0.40840816,0.4739418,0.53423524,0.59035873,0.64234924,3
0.4619428989104618,2.539426081218408,54.571593286544704,2.548837786427554,2.0890938291544465,0.9979643821716307,3.08455228805542,5.00758171081543,6.187352180480957,6.514116287231445,6.517956733703613,6.520033836364746,6.5206451416015625,7
0.78954959,281.7585144,3.18458891,2.21884823,2.40324855,0.13072228,0.2224257,0.30765486,0.38905191,0.46866035,0.54564285,0.61900878,0.68882179,2
0.59458804,247.712735,72.32687972,2.2,2.4,0.16386175,0.25991106,0.3544066,0.440238,0.51968575,0.59354997,0.66203284,0.72582936,16
0.5011833815885495,4.86495099591985,0.0125872976253433,2.118053690633341,2.4249956527116985,1.142845869064331,3.638389825820923,6.040994644165039,7.573486328125,8.174967765808105,8.289265632629395,8.340944290161133,8.386251449584961,12
0.82278391,94.83900611,270.80707324,2.6,2.7,0.23339057,0.3919692,0.5277002,0.6442511,0.74633217,0.8362994,0.915766,0.98595643,17
0.31398198,2.37697768,26.59374428,2.1874423,2.81374598,1.22031045,3.89796114,6.91320562,9.32000542,10.68532372,11.30221748,11.40598679,11.4060173,14
0.931527708721361,135.9901226157007,0.299718238833016,2.7872423997948736,2.368990125775273,0.2221467494964599,0.4059288501739502,0.5824103355407715,0.7451272010803223,0.89398193359375,1.0313704013824463,1.1575005054473877,1.272780418395996,15
0.51743819,127.39531013,223.02627708,2.4,2.7,0.28349733,0.49749112,0.6418476,0.75549126,0.8466754,0.9236922,0.98794985,1.0446508,17
0.55559431,3.20414484,2.26598449,2.74962439,2.60703836,1.27354765,3.89067745,6.46556664,8.15185833,8.86931705,9.11961746,9.33381844,9.51489353,13
0.6872962767244207,74.29017829528465,0.3514805974929876,2.370649046725512,2.235664448208248,0.4235203266143799,0.9455292224884032,1.3148653507232666,1.5707526206970217,1.764733076095581,1.9225547313690183,2.053746461868286,2.168020486831665,18
0.60401703,204.36172685,103.90744868,2.0840465,2.03319072,0.15047145,0.24009824,0.32468772,0.40212226,0.47256684,0.53750205,0.59750509,0.65359926,2
0.83195142,58.92990218,49.26331207,2.2,2.9,0.37931585,0.81120014,1.1433945,1.3930235,1.5883088,1.7471399,1.8793745,1.9927945,9
0.6029665138519644,38.89340091924959,0.047097192809347,2.1136946818263165,2.530789671814788,0.6946141719818115,1.8959825038909912,2.632240533828736,2.977607011795044,3.169114828109741,3.3043696880340576,3.4194319248199463,3.512790441513061,22
0.9486273,22.3272479,255.81802985,2.63534784,2.18839918,0.35779119,0.74158072,0.99583387,1.14802909,1.24362731,1.31057191,1.3606596,1.39705181,21
0.7643807770903508,181.811150359394,0.0380771560100104,2.1309715947015344,2.2719009287850045,0.1867845058441162,0.3309619426727295,0.4686293601989746,0.5963292121887207,0.7133448123931885,0.8225080966949463,0.9226665496826172,1.0159683227539062,15
0.4075881779951848,2.12143781218927,0.1709492023076126,2.58699094,2.57883319,1.2581613063812256,4.176141738891602,7.498926162719727,10.340991973876951,11.904744148254396,11.962157249450684,11.969839096069336,11.976384162902832,12
0.82085932,54.0315328,14.11463886,2.5,2.3,0.44472313,0.99445033,1.3920681,1.6766493,1.89165,2.0638525,2.2079775,2.330681,18
0.5660262749948375,118.94461150719204,0.271459628218157,2.095979346675054,2.228458226798593,0.3580126762390136,0.7531249523162842,1.0377414226531982,1.2470831871032717,1.4110760688781738,1.5472769737243652,1.6615514755249023,1.758934497833252,8
0.30140007,184.63684082,44.00377274,2.08877039,2.52455044,0.43063402,0.99708581,1.32942772,1.47283673,1.56721449,1.64251876,1.70400548,1.75771976,19
0.4053411825917832,1.0654744620414935,0.191551217546478,2.1160671823958284,2.395763557070688,1.2161965370178225,4.081254005432129,7.398449897766113,10.350286483764648,12.104044914245604,12.130473136901855,12.137846946716309,12.143891334533691,12
0.9582058458676236,5.241723975003298,103.7463951930078,2.368987435445941,2.167943249249895,0.6924421787261963,1.8486337661743164,2.5628581047058105,2.898276329040528,3.055819034576416,3.142573356628418,3.198212146759033,3.2405710220336914,23
0.43428974,96.06267608,352.92264295,2.3,2.9,0.27059507,0.41462588,0.47237563,0.5149455,0.549659,0.57855844,0.60299325,0.62411046,21
0.30825305,137.48908997,333.59597778,2.07158971,2.09159517,0.20465064,0.25025868,0.27477264,0.2957263,0.31480765,0.3324368,0.34782624,0.36141157,11
0.9402880404512454,25.5985659600044,354.8460250244664,2.5,2.4,0.3030660152435303,0.5736994743347168,0.7464339733123779,0.8584058284759521,0.9354586601257324,0.9920952320098876,1.033613920211792,1.0650415420532229,21
0.7487881224724953,86.53711296029073,1.1023488783367943,2.549870605450496,2.6718228005440414,0.4069006443023681,0.8831040859222412,1.2479972839355469,1.5253090858459473,1.7443084716796875,1.9251089096069336,2.0777573585510254,2.2091784477233887,18
0.387061,81.54580879,350.71032878,2.0,2.7,0.25645614,0.36679387,0.39700985,0.4199021,0.43919063,0.45529866,0.4687755,0.48090696,21
0.32387436,121.16301886,328.32098269,2.6,2.5,0.32892346,0.5971453,0.71053123,0.7615547,0.80067587,0.83407545,0.8622017,0.8861022,21
0.9123599343076646,210.2702361751783,371.5850107026096,2.0083663,2.0226421,0.0636024475097656,0.0919399261474609,0.1145706176757812,0.1241509914398193,0.1408939361572265,0.1555233001708984,0.1698999404907226,0.184363842010498,11
0.4370518122746283,12.831319730416194,0.0036228861269313,2.4447165628493988,2.374540950263964,1.079982042312622,3.310394287109375,5.2266058921813965,6.273946285247803,6.622889041900635,6.749510288238525,6.83297872543335,6.905137538909912,5
0.43282738,125.47976849,243.73153137,2.77421474,2.01499732,0.24647784,0.38397622,0.4668839,0.53218627,0.58573151,0.63055468,0.66829419,0.70385623,17
0.6548139051043584,32.177607442036766,0.004241431833715,2.278324465805012,2.2896604787212205,0.6832225322723389,1.7996976375579834,2.477488279342652,2.816800832748413,3.019516706466675,3.1748206615448,3.29427456855774,3.399484395980835,22
0.68270696,120.40096486,321.64651244,2.3,2.6,0.17783713,0.24890566,0.31663656,0.373883,0.42461562,0.47032857,0.51154876,0.5488274,4
0.63726807,158.67670337,188.19580165,2.1,2.0,0.15424418,0.239501,0.31991458,0.39170527,0.45636177,0.5149379,0.5688286,0.61799026,3
0.30457298,84.58068106,86.42465552,2.9,2.7,0.7151332,2.0459507,3.0286748,3.4229033,3.50863,3.5374515,3.5624478,3.5860364,23
0.33262568,198.14024534,111.67922815,2.4,2.7,0.34489107,0.67129207,0.8678868,0.9921272,1.0881994,1.1668086,1.2311404,1.2894409,10
0.8920190262961829,6.507272251421584,0.0264097021903184,2.636236834152191,2.91217683396028,0.9760377407073976,2.817396640777588,4.137515544891357,4.819838047027588,5.206393718719482,5.473781108856201,5.680620670318604,5.842247486114502,5
0.4790815774306944,7.851489117118367,44.52570542607102,2.12568879,2.46311307,0.9910728931427002,3.064678430557251,4.871993064880371,5.856030464172363,6.09781551361084,6.133024215698242,6.150252342224121,6.15907096862793,7
0.5109097,18.43897763,112.02438699,2.7,2.1,0.78862095,2.307606,3.4342973,3.8772824,3.9470603,3.9535806,3.9592888,3.9648125,23
0.42239656,2.90501905,8.5075351,2.79399364,2.45067637,1.27476931,3.95955372,6.8253231,8.84584141,9.82616615,10.2877264,10.57632828,10.6690712,14
0.324258,64.21913147,381.19229126,2.62496114,2.01347852,0.27799201,0.40487385,0.41343045,0.41943336,0.42506099,0.42963481,0.43378973,0.43767166,21
0.77047606,241.40964268,72.52784539,2.5,2.0,0.13408494,0.22518158,0.31277323,0.3952515,0.47467685,0.5502696,0.6214173,0.68980503,16
0.5644560276099689,1.1987832577523247,10.292286038456025,2.40766027,2.79118002,1.2292208671569824,4.073050498962402,7.253472328186035,9.782355308532717,11.111040115356444,11.232426643371582,11.234912872314451,11.237112045288086,14
0.86875301,230.78350657,259.51473596,2.9,2.4,0.13019848,0.19769406,0.25693846,0.3242743,0.38669276,0.4445808,0.49962354,0.55239415,4
0.51843718,46.40218406,100.57116982,2.5,2.7,0.63392425,1.6946957,2.3764603,2.6551573,2.7741864,2.8467205,2.9068902,2.9600441,23
0.3743431,81.36994171,267.54498291,2.18089342,2.91645384,0.44146037,1.07308316,1.45445538,1.56115055,1.59055614,1.61559248,1.63715148,1.65629339,1
0.7653396267524298,60.7806479162149,0.003398111267546,2.946300868802297,2.5873193627439885,0.4984261989593506,1.1717019081115725,1.6572179794311523,1.9835147857666016,2.223128318786621,2.4152374267578125,2.575741767883301,2.713464736938477,18
0.50563915,294.94456682,116.22452987,2.1,2.6,0.13789415,0.19787455,0.25626397,0.3099935,0.36149383,0.4094379,0.4542806,0.49653125,2
0.75150592,52.50838368,84.8856794,2.5,2.1,0.42944026,0.9688113,1.3373437,1.5802209,1.7587407,1.8974099,2.007725,2.1025727,20
0.56808097,196.70047459,7.99998875,2.6,2.5,0.286093,0.5329242,0.73856974,0.9145572,1.0659637,1.198359,1.3133581,1.4167292,9
0.45213627,264.74010842,217.25000838,2.45169208,2.12797198,0.13836861,0.18045855,0.22388792,0.26030874,0.29587245,0.32935596,0.36031437,0.38979268,3
0.84717376,11.51820321,68.82774748,2.0,2.8,0.6702931,1.6993208,2.3346214,2.6662788,2.8588495,2.9884381,3.0841565,3.1583066,23
0.6293287644063834,2.448951061132529,0.0522794272536988,2.860354180507735,2.820234066750175,1.2520172595977783,4.023751258850098,6.827150344848633,8.709089279174805,9.54080295562744,9.77872371673584,9.905657768249512,10.055660247802734,12
0.54530003,62.55265533,337.84778903,2.8,2.5,0.36936283,0.75951004,0.9868858,1.0916567,1.1517408,1.1977377,1.2343307,1.2636476,21
0.56777065,10.52219577,69.66687124,2.5,2.8,0.9498303,2.7494483,4.1334605,4.7908235,5.023888,5.1138415,5.1441293,5.1554904,7
0.6738779,212.09561553,78.67226474,2.98994023,2.84914639,0.2431972,0.41172361,0.57153821,0.71585917,0.84616828,0.96633196,1.07584,1.17642975,16
0.9642675,87.47535079,74.39907242,2.36754581,2.12851039,0.22108769,0.40790677,0.5799191,0.7349968,0.8734405,0.99817777,1.11001849,1.21105337,16
0.5955828507493728,1.79222774490251,0.0049397604478585,2.488843342393851,2.8618446370994297,1.2519733905792236,4.116878509521484,7.221153736114502,9.515617370605469,10.654912948608398,10.935173034667969,10.95400047302246,10.964326858520508,12
0.4051358223938576,146.6999049030072,0.6647578856069549,2.3291842753878864,2.7080833972507024,0.4923405647277832,1.2284114360809326,1.696972370147705,1.9336180686950684,2.090575695037842,2.2099571228027344,2.31361722946167,2.40214204788208,18
0.93686975,278.03706303,145.3302662,2.69584789,2.89474029,0.16058826,0.2180016,0.28570485,0.36905241,0.44342923,0.51388526,0.58171296,0.64791179,2
0.4508899,72.29533394,123.89184603,2.1,2.5,0.46346378,1.0804336,1.4254327,1.5628157,1.642756,1.7047014,1.754982,1.7978191,0
0.72922683,66.16172791,385.90136719,2.07589412,2.02983737,0.15850735,0.19946671,0.23418736,0.26269531,0.28808546,0.31044865,0.33018708,0.34733772,11
0.52671548,23.37273288,241.89442348,2.9,2.8,0.64188385,1.7784691,2.6024847,2.88861,2.9053316,2.9059978,2.9063067,2.906506,1
0.94176375,138.48338563,264.03381329,2.9,2.8,0.1892705,0.29813218,0.40867233,0.51309896,0.60722613,0.6947,0.7762456,0.8521297,17
0.987958649949448,1.605193172188243,17.092740300419347,2.128468482178505,2.4901403762874224,1.0315189361572266,3.025477647781372,4.481705665588379,5.206846237182617,5.587613105773926,5.829174041748047,5.999345779418945,6.124697685241699,6
0.55053885,96.26112768,382.5359605,2.1,2.7,0.1859479,0.22771788,0.26006055,0.2850535,0.30760622,0.32796288,0.34625983,0.3620553,4
0.38222504,99.7626737,259.0066058,2.1,2.8,0.31218696,0.55286884,0.6604395,0.7212124,0.76678944,0.8042693,0.8370633,0.864208,21
0.41569233,162.99124043,260.46496101,2.0,2.9,0.19903874,0.26793933,0.32249308,0.36655045,0.40530062,0.44003558,0.47094297,0.49941182,4
0.3667771,228.46020705,79.07914156,2.69801774,2.34900433,0.29454446,0.52662349,0.68457079,0.80881166,0.91092372,0.99661946,1.07065773,1.13616395,10
0.3437690568833965,7.623758748511696,0.0194586310382362,2.8197743882673034,2.4565083540750674,1.2034261226654053,3.869995832443237,6.67138671875,8.726969718933105,9.660886764526367,9.750004768371582,9.756668090820312,9.765375137329102,12
0.3759868594469543,2.8038692103744283,0.0357491758327205,2.212117890839213,2.6681991190123484,1.2296640872955322,4.115209102630615,7.424051761627197,10.2166748046875,11.73373794555664,11.778547286987305,11.78412628173828,11.78891944885254,12
0.3942013,122.69150705,239.81996111,2.0,2.5,0.26273298,0.42222142,0.50882936,0.57323337,0.62372804,0.6646774,0.7023828,0.7331989,17
0.456762760436684,10.34456905071516,0.1134079827419687,2.583972830085706,2.487658363400511,1.1144084930419922,3.446815729141236,5.532016754150391,6.709905624389648,7.132106781005859,7.282290458679199,7.381491661071777,7.467530250549316,5
0.45142546,253.94785251,282.58743188,2.6,2.3,0.15615392,0.20171475,0.25101233,0.29296255,0.33233094,0.36910224,0.40275192,0.4343605,4
0.5069184580596938,2.3813865082202827,19.80744583711169,2.65404374,2.54922897,1.1741044521331787,3.784025192260742,6.519336223602295,8.486152648925781,9.355724334716797,9.461559295654297,9.46454620361328,9.468399047851562,14
0.64416869,62.55153986,311.53435526,2.8,2.9,0.36641884,0.7386184,0.976418,1.1198764,1.2168598,1.289918,1.3482027,1.3944979,10
0.35706842,130.52517741,240.52575798,2.1,2.2,0.2671516,0.4326203,0.5182948,0.5787966,0.62798667,0.6692002,0.70328665,0.7319908,21
0.757893958242444,15.2832906626093,0.0668153809552947,2.73863610808296,2.4958712222049133,0.840639591217041,2.311276197433472,3.276757001876831,3.784580945968628,4.079399108886719,4.289258003234863,4.451640129089356,4.577644348144531,22
0.86320884,78.2920443,185.10471339,2.6,2.8,0.28757238,0.5405328,0.7489977,0.9247246,1.0743785,1.2019866,1.3109474,1.4067073,10
0.3665805146143874,13.000264288261071,0.2652363407485845,2.003415384677043,2.2934128291665354,1.0642688274383545,3.3274049758911133,5.393180847167969,6.60927152633667,6.983437061309815,7.043895244598389,7.072725772857666,7.095973491668701,5
0.95733177,50.15247331,262.06628068,2.81058965,2.96033947,0.33050632,0.64859605,0.89689827,1.09708166,1.25942564,1.39193726,1.50218964,1.59610653,10
0.93013686,19.97642708,16.98070717,2.04336262,2.79378939,0.61156869,1.55482125,2.15092421,2.49935579,2.73732948,2.91816044,3.06573915,3.19306183,19
0.8383505753243294,80.83893336908275,0.0043462467110741,2.508440865211909,2.939161981663453,0.4011378288269043,0.859412431716919,1.226372241973877,1.5197267532348633,1.757028579711914,1.9551353454589844,2.1237540245056152,2.2705674171447754,8
0.63132286,170.41712909,91.36924471,2.2,2.9,0.22603035,0.38878155,0.5335853,0.65954876,0.77158594,0.8723581,0.96279407,1.0436716,16
0.95169777,223.00262451,227.01068115,2.26394057,2.44183922,0.10671329,0.16943097,0.22501111,0.27682185,0.32922864,0.38003111,0.42889595,0.47527814,3
0.71851932,99.16248998,317.29033114,2.6,2.7,0.23608804,0.3802297,0.4933679,0.5889034,0.6713021,0.74291563,0.80542564,0.86026835,17
0.73255442,116.47401319,379.78757819,2.70893194,2.24392929,0.15075374,0.19276476,0.23611712,0.26995683,0.30092955,0.33056092,0.35692263,0.3814199,4
0.64092164,112.28001065,127.29785142,2.99893767,2.21197757,0.28874707,0.53999519,0.73486781,0.89372349,1.02440929,1.1354003,1.22992992,1.31181049,10
0.3441239791814213,2.7639172451539022,0.3801646771906475,2.580493888897167,2.42099596750726,1.2352125644683838,4.070316314697266,7.265920639038086,10.003470420837402,11.458906173706056,11.486322402954102,11.493171691894531,11.498831748962402,13
0.44489548,182.82453,62.69267148,2.04880217,2.04451684,0.24276257,0.42385697,0.56448007,0.67943597,0.77604723,0.85907221,0.93023801,0.99515748,16
0.77923661,17.23472023,22.23835182,2.10669065,2.58039045,0.74716401,2.02726626,2.81516767,3.18713784,3.39298224,3.53348088,3.63694835,3.73437381,23
0.7188617659180329,287.2291451809984,1.14859338890047,2.83014973618036,2.953692310298946,0.2051630020141601,0.3332326412200928,0.4650864601135254,0.5919415950775146,0.7084174156188965,0.8185529708862305,0.9226043224334716,1.0205376148223877,15
0.64389141,68.3415546,52.00457359,2.1,2.5,0.4183662,0.92594504,1.2668562,1.4834585,1.6387944,1.7657571,1.8708715,1.9596248,19
0.42314193,275.87811279,20.84172058,2.22633362,2.17786884,0.20040107,0.32170844,0.43093586,0.52621102,0.61148763,0.6889925,0.7598505,0.82354569,15
0.38807341,8.22173977,93.51132965,2.000422,2.13883162,0.87262082,2.53636646,3.78309917,4.24772739,4.28924847,4.28962755,4.28969479,4.28969479,23
0.4521966,18.9394989,31.5947361,2.27649403,2.190341,0.92485809,2.62631774,3.82265401,4.32723904,4.48223686,4.55376053,4.58631897,4.6101408,23
0.87127316,8.65616512,40.0819931,2.20496798,2.21883368,0.77014112,2.02375698,2.78569937,3.15437222,3.35808182,3.49249601,3.5870657,3.65279961,23
0.42782278,193.76072074,319.06053527,2.8,2.7,0.23588705,0.34016132,0.4129827,0.47635317,0.53147626,0.5807719,0.6253247,0.66580796,17
0.6841095,201.89958109,183.71428746,2.3,2.1,0.13501883,0.2082243,0.27858424,0.3427918,0.40372014,0.46074963,0.5134592,0.5630009,3
0.8057147317894773,1.4648223103952642,0.0067293054156055,2.229308987154872,2.8017808685328736,1.186763048171997,3.765596389770508,6.153280735015869,7.565198421478271,8.213788986206055,8.513847351074219,8.707803726196289,8.863224029541016,12
0.76565117,58.5318378,309.64167063,2.3,2.6,0.25681734,0.43560362,0.5592904,0.6561432,0.7330501,0.7962928,0.84693146,0.88998866,17
0.68098613,35.77366189,10.80409074,2.72802627,2.6964735,0.70001912,1.89906764,2.68617749,3.09537625,3.33789802,3.5122683,3.65077376,3.77301574,22
0.348162422660518,6.167460030373067,0.1008457137660179,2.655882786039161,2.5169417046283087,1.217348337173462,3.9587345123291016,6.924392223358154,9.20975112915039,10.311456680297852,10.391534805297852,10.39714813232422,10.40211296081543,12
0.30040717,80.01183287,113.30667734,2.26179781,2.55595651,0.62157536,1.69313264,2.38414502,2.57167983,2.6003921,2.62213111,2.64218593,2.66106439,0
0.68575159,31.13958149,13.04686865,2.5078596,2.82547437,0.73144078,2.03519058,2.8962326,3.32602501,3.56494856,3.73274469,3.86548662,3.97867393,22
0.83687837,7.17105001,109.35324332,2.38055352,2.42106546,0.75594568,2.0676353,2.92127013,3.28375173,3.42358565,3.481601,3.50935102,3.52981067,23
0.7027663922402192,2.00848581773202,9.542360888395262,2.87015676,2.48570728,1.1754229068756104,3.66144585609436,5.934976577758789,7.298019409179687,7.879837989807129,8.146657943725586,8.337363243103027,8.504871368408203,14
0.5403542126082173,8.162881351600173,4.540995978167848,2.07164121,2.46994328,1.059363603591919,3.261326551437378,5.111918449401856,6.070728302001953,6.404534339904785,6.530478477478027,6.610394477844238,6.665287017822266,6
0.3864851364140084,1.0824152494246857,0.2926028374959769,2.837289479251087,2.2527939872360547,1.2447021007537842,4.105371475219727,7.362675666809082,10.233540534973145,11.949469566345217,11.993006706237791,12.00066089630127,12.006957054138184,13
0.3235520509667306,2.994359912217545,24.619991165708896,2.0079603117431493,2.5959549651275644,1.12853741645813,3.741471767425537,6.645412921905518,8.992620468139648,10.315265655517578,10.51141357421875,10.511646270751951,10.511911392211914,14
0.93434496,69.89745788,353.50465133,2.9,2.3,0.21832895,0.3619306,0.4876871,0.5956423,0.6898258,0.7723911,0.8455329,0.90965796,17
0.54409946,76.27135102,15.56588077,2.33064762,2.85284977,0.58444905,1.52924323,2.1312995,2.42437696,2.59891367,2.73205185,2.84231806,2.93774319,19
0.88704211,170.20048445,266.69542006,2.88617906,2.34756511,0.14048767,0.2049849,0.27136564,0.33256912,0.39095306,0.44548321,0.49600959,0.54432154,4
0.36582142,259.98261564,230.89024189,2.7,2.5,0.2235353,0.32168603,0.3975258,0.46333742,0.52219796,0.57525945,0.6227927,0.66596603,17
0.63554537,288.51712036,266.730896,2.95584869,2.79621458,0.16311693,0.20115685,0.25716186,0.31611848,0.36546826,0.41268897,0.45780945,0.5003562,4
0.61330694,145.07795003,174.54486825,2.8,2.5,0.2775004,0.4997828,0.6761942,0.8252487,0.95214224,1.0623074,1.1580396,1.2421765,10
0.91899331,276.80785314,291.51957557,2.1,2.4,0.07467675,0.1131897,0.14083815,0.15557456,0.18045592,0.20563436,0.22923207,0.25119472,11
0.91805575,53.02591405,282.01157507,2.6,2.1,0.25026774,0.45099235,0.613178,0.74727273,0.8587966,0.95282555,1.0319023,1.0979319,17
0.49598316,161.26748231,340.53578782,2.5,2.8,0.20956826,0.28673267,0.34716678,0.39881372,0.44487476,0.48597693,0.5228741,0.55659056,4
0.84883347,35.45234781,31.41363453,2.3,2.9,0.5077028,1.1941366,1.670939,1.9765611,2.1964498,2.3690596,2.5110054,2.6330738,19
0.9966417239636902,1.092953814018916,0.014324777787646,2.5236642656082884,2.354392464590406,1.124901533126831,3.289113044738769,4.900362968444824,5.769326210021973,6.295066833496094,6.699707984924316,7.034384727478027,7.282203674316406,5
0.5817887569900501,1.0693314733237598,2.439650719735317,2.857599266344618,2.5515998406319023,1.257972002029419,4.123817443847656,7.270016670227051,9.769275665283203,11.082879066467283,11.202499389648438,11.209779739379885,11.215960502624512,14
0.61476335,251.48100157,155.6645032,2.2,2.5,0.13963318,0.20655155,0.27353668,0.33426523,0.39143896,0.44564342,0.49611378,0.54384995,2
0.68742222,42.9829458,185.46403733,2.3,2.7,0.42423534,0.95017743,1.2849534,1.4637187,1.5711634,1.6508291,1.7153127,1.7689312,20
0.6502267982321062,6.787192222285443,8.585642152654332,2.5,2.5,1.0593676567077637,3.171109199523926,4.83795166015625,5.672202110290527,6.039299964904785,6.259709358215332,6.420968055725098,6.53904914855957,6
0.3326422,180.595047,94.81387329,2.18681026,2.16660905,0.32351756,0.61577916,0.78987002,0.90090537,0.98462939,1.05494666,1.1123507,1.16304755,10
0.97418857,296.02536011,257.14736938,2.82837224,2.00455785,0.08044696,0.12288094,0.14801121,0.16885257,0.19511986,0.22522879,0.25231695,0.27656436,11
0.49596871,83.36574639,287.09142824,2.2,2.4,0.2903738,0.5034666,0.6183424,0.6932595,0.7493696,0.79358816,0.832361,0.86437535,21
0.7486261787221199,45.58349632681167,0.8739023938318257,2.06256884304114,2.0506484790643538,0.4637982845306396,1.064180612564087,1.4584074020385742,1.71516752243042,1.9039483070373533,2.057539701461792,2.1825520992279053,2.2928121089935303,18
0.3666876803093455,24.65151651514409,51.62378785911946,2.6763792,2.72818375,0.941185712814331,2.878625869750977,4.520193099975586,5.353962421417236,5.573072910308838,5.652218341827393,5.687258243560791,5.705810070037842,7
0.4532816767952676,2.838812434130864,0.0048850508179495,2.5021199405850068,2.025616974843802,1.1571617126464844,3.6813693046569824,6.240571975708008,8.106680870056152,8.960811614990234,9.016403198242188,9.026495933532717,9.03789520263672,12
0.3,4.399926635077037,62.91574167011791,2.5,2.5,1.0468013286590576,3.32685661315918,5.621786117553711,7.277042388916016,7.901557922363281,7.910548210144043,7.910579681396484,7.910579681396484,14
0.94014382,231.35284424,226.13743591,2.74517465,2.17772913,0.10155988,0.15635085,0.2022593,0.24297214,0.28506708,0.32812238,0.3694849,0.40811515,3
0.94479513,298.7489624,65.15522003,2.23932481,2.00097847,0.08596873,0.14689159,0.19981098,0.24634361,0.29657459,0.34515476,0.39289355,0.43935323,2
0.30415377,18.5849258,58.28575231,2.54622017,2.53910202,1.0074451,3.00270605,4.72607565,5.6614151,5.83957005,5.87632656,5.884552,5.88689995,7
0.30933288,220.03239637,66.58674181,2.48637969,2.52044427,0.37126136,0.76364279,1.00238085,1.14559364,1.2490685,1.33467579,1.40597343,1.46651888,10
0.65636269,82.56237662,365.3233626,2.5,2.3,0.22928023,0.35337925,0.44112992,0.51187825,0.57154155,0.6213801,0.6633353,0.7012205,17
0.86799176,185.74753258,92.35655373,2.3,2.2,0.14295101,0.24135995,0.33547592,0.4245062,0.5093777,0.58905196,0.6642101,0.7354357,16
0.5769301877999418,1.4603003194701825,0.3588577505546081,2.22090339350522,2.875175505139901,1.241471290588379,4.146149635314941,7.424213886260986,9.997962951660156,11.412179946899414,11.573671340942385,11.581933975219728,11.58888053894043,13
0.37735753,70.54650866,30.12542513,2.0,2.0,0.60808516,1.55464196,2.06820679,2.24268866,2.32897758,2.38887215,2.44101048,2.48728418,0
0.79782027,177.0987854,218.71057129,2.99800849,2.73515868,0.19012308,0.29450512,0.39995909,0.49885798,0.58797288,0.67113352,0.74810338,0.81987786,17
0.9488338393300192,3.380632472820374,0.1818958267173731,2.8634144297624697,2.1144283686613137,0.9601070880889891,2.5850870609283447,3.644354104995728,4.244953155517578,4.66456413269043,4.983098983764648,5.22645378112793,5.412100791931152,5
0.958418386317861,29.49564471363273,7.477788037255937,2.5035820008418708,2.1456172175431205,0.4711534976959228,1.077636480331421,1.5135302543640137,1.817200183868408,2.046454429626465,2.2321982383728027,2.386806964874268,2.519061088562012,18
0.52072527,291.97954518,247.23398008,2.1,2.6,0.10580301,0.13905454,0.16796875,0.18918777,0.21427011,0.23686051,0.25926137,0.28017926,11
0.92427969,291.7334912,266.0473167,2.7,2.5,0.13028169,0.1595211,0.1933167,0.24316692,0.29337263,0.33598685,0.37664223,0.4165349,4
0.50557478,42.76141967,397.26252359,2.5,2.4,0.3480456,0.67233515,0.81084156,0.8377745,0.8516717,0.86353374,0.87333846,0.8816016,21
0.53735076,252.91157483,103.30018368,2.8,2.6,0.22407866,0.3630736,0.49110746,0.6057055,0.70902014,0.80323505,0.8896129,0.9693742,16
0.35287482,184.77143928,24.84811051,2.1,2.6,0.3599031,0.73250127,0.96642613,1.1160698,1.2278972,1.3202124,1.3978179,1.4634278,9
0.6731442405591312,6.611821095297176,0.326176994294184,2.2044855543335755,2.9566734323509074,1.0805635452270508,3.352342128753662,5.268449783325195,6.28803300857544,6.6955885887146,6.894731044769287,7.038723468780518,7.143846035003662,5
0.6290862,11.97515774,2.18941164,2.51007986,2.03129196,0.93782473,2.52388287,3.52940178,4.02082634,4.29942656,4.4759059,4.5930686,4.67011738,22
0.347386890337769,1.0177376496449289,72.14602888595712,2.621938558643561,2.5093802596894115,1.050100326538086,3.347126245498657,5.7074079513549805,7.469823837280273,8.193414688110352,8.210617065429688,8.210659980773926,8.21066951751709,14
0.77190346,89.68140849,63.43113525,2.7,2.1,0.3249452,0.65743303,0.92704415,1.1478786,1.3310173,1.485069,1.6156609,1.7299757,10
0.6780682394932231,120.064767825478,0.2075960375281058,2.052986572484483,2.2621964620172825,0.2931962013244629,0.5768237113952637,0.8103365898132324,1.0045201778411863,1.1679680347442627,1.3072054386138916,1.4290974140167236,1.5361649990081787,8
0.98766667,195.57383728,190.92292786,2.38476706,2.23712921,0.11126089,0.17897487,0.24001098,0.2973175,0.35535073,0.41096139,0.46423292,0.51405525,3
0.4438089600660649,1.5090100432422249,0.068593007536503,2.18401133819192,2.548022277259301,1.2295184135437012,4.107709884643555,7.390902042388916,10.20965576171875,11.902570724487305,11.95448875427246,11.962392807006836,11.96902847290039,12
0.49218454,127.32639399,226.82317654,2.6,2.4,0.3040154,0.5590589,0.7256789,0.8487544,0.9465368,1.0259514,1.0930393,1.1494293,10
0.69513435,279.15762835,110.90871167,2.8,2.5,0.16117072,0.25184846,0.34075785,0.429919,0.5120921,0.5893855,0.6621113,0.73092747,16
0.3457235817796843,73.55007663932096,0.4065683513443165,2.001341961260757,2.507621731348152,0.731367826461792,2.1064820289611816,3.016666889190674,3.3648815155029297,3.481682777404785,3.547961711883545,3.605102062225342,3.658260822296143,22
0.39219668,143.01261971,117.3057481,2.7,2.9,0.44726086,1.0238774,1.3937035,1.5822978,1.6985178,1.7910166,1.8682132,1.9330873,20
0.76989345,211.39919592,123.3391278,2.05350111,2.79767546,0.15069151,0.25161099,0.35000038,0.44280601,0.53011036,0.61229444,0.69006944,0.76320982,16
0.43617309,14.52385664,7.55958949,2.32398096,2.44521466,1.04191852,3.18497562,4.99990416,5.94662952,6.24040985,6.34836578,6.41262627,6.45251656,6
0.53933832,127.96439332,58.23787596,2.2,2.4,0.33331895,0.6654999,0.90446186,1.0830209,1.2220702,1.3367631,1.4329617,1.5156298,9
0.4838007081938653,16.787204479345753,0.1108878403754631,2.452213934704289,2.6512932519340127,1.036083698272705,3.142752170562744,4.864101886749268,5.72367525100708,6.035206317901611,6.187575817108154,6.299098491668701,6.381595134735107,5
0.43149617,66.1265696,124.78911583,2.2,2.3,0.51296186,1.2598612,1.6771178,1.8119199,1.8750598,1.9250672,1.9697516,2.0089405,0
0.79531446,154.34124772,123.62621584,2.1,2.7,0.17200041,0.28321075,0.39139318,0.49044108,0.58034897,0.6635902,0.740479,0.8117757,16
0.53511755,207.21652974,52.01627617,2.64724497,2.05211878,0.20606518,0.34377813,0.46715736,0.5758009,0.67163253,0.75866079,0.83737111,0.90863085,16
0.7940375917691502,182.59419083146307,373.9175879640978,2.0,2.0,0.0750622749328613,0.1024360656738281,0.1235380172729492,0.1352646350860595,0.152700662612915,0.1680212020874023,0.1827561855316162,0.1974952220916748,11
0.6428080194965734,47.70118926297586,2.337823685399082,2.531440315510839,2.421665220888175,0.6101162433624268,1.5715479850769043,2.175835132598877,2.5017309188842773,2.71152400970459,2.8690648078918457,3.001265048980713,3.114012718200684,18
0.55477902,100.34278798,242.99181858,2.7,2.2,0.3156953,0.60822177,0.8035395,0.94129634,1.0458148,1.1304958,1.2003117,1.2586064,10
0.65815387,177.54955896,104.25627835,2.4,2.3,0.20340657,0.34366488,0.47444224,0.5902355,0.694412,0.7892926,0.8754356,0.9545469,16
0.3548723953073605,6.171180709227536,36.43567092613761,2.44682264,2.62797928,1.1082100868225098,3.560013771057129,6.080668926239014,7.895763874053955,8.637283325195312,8.674612045288086,8.67515754699707,8.675687789916992,14
0.41378009,215.02907199,257.00024473,2.7,2.1,0.20418525,0.29707813,0.3752787,0.44174266,0.50075173,0.5536349,0.60127974,0.6459296,4
0.4788791041151582,5.668075536623225,0.3524236117880137,2.0444903177774867,2.123296820090255,1.0941736698150637,3.4289298057556152,5.56025505065918,6.846164226531982,7.329829692840576,7.438954830169678,7.492510318756103,7.530975818634033,5
0.3336819,126.13281699,76.63475889,2.0,2.0,0.41159487,0.91340446,1.1678574,1.272332,1.3451624,1.4043081,1.4543502,1.496798,21
0.67209296,253.85328737,83.06117274,2.6664704,2.73289037,0.18800783,0.30285072,0.41643643,0.52358723,0.6223588,0.71382451,0.79933119,0.87975335,16
0.6753086148801961,42.060090912356536,0.0232901476383973,2.521668693917614,2.262514053616944,0.6019842624664307,1.5275163650512695,2.10793685913086,2.429450035095215,2.640342712402344,2.80178451538086,2.936880588531494,3.051798820495605,18
0.31770017,230.65030529,261.18941791,2.53696956,2.59823662,0.24055934,0.34652162,0.41099238,0.46614981,0.51483107,0.5581646,0.59611726,0.6306746,4
0.53417154121329,59.89798998466623,0.5610517420918195,2.9403564771463624,2.291738966822089,0.6274313926696777,1.645543098449707,2.289402484893799,2.6190781593322754,2.82145357131958,2.968799591064453,3.0909347534179688,3.19315767288208,18
0.74191036,61.51784815,272.75116958,2.6167585,2.26495001,0.27722001,0.49470735,0.64655805,0.76347184,0.8537302,0.92721701,0.98630548,1.0370965,10
0.4005818475981677,106.14324718795038,0.0047004279160625,2.340835133879665,2.067042336936663,0.5142185688018799,1.2785491943359375,1.7204513549804688,1.927850246429444,2.061752796173096,2.169084548950196,2.254828453063965,2.3324785232543945,18
0.44871591,34.76904973,158.69967983,2.05412018,2.31153206,0.59758282,1.58972168,2.17660618,2.30466986,2.31712055,2.32814837,2.33853865,2.34825134,0
0.55526919,72.94314007,281.5622805,2.93598079,2.46072468,0.35126972,0.68852758,0.88838911,1.00302649,1.0811913,1.14058352,1.18958426,1.22970009,21
0.45266182,38.14689713,232.95401231,2.1,2.7,0.46587992,1.102119,1.4281375,1.4766748,1.4849927,1.4938648,1.5015681,1.5086138,1
0.693313481634574,2.512427649872116,0.0051158223287736,2.4437272510272776,2.89716151372138,1.2098758220672607,3.850955009460449,6.388350009918213,7.96073579788208,8.64769172668457,8.912834167480469,9.082208633422852,9.216421127319336,12
0.7406247343030544,19.43658180173434,1.909506316375048,2.64199094386439,2.3612891368148,0.7684657573699951,2.0610275268554688,2.8844637870788574,3.31929874420166,3.580043315887451,3.767731666564941,3.916585922241211,4.033574104309082,22
1.0,35.95847531,400.0,2.0,2.0,0.15809226,0.20976949,0.25261497,0.2886169,0.31700706,0.34021521,0.35933495,0.37510681,4
0.45139065,9.9759922,42.48362732,2.05557704,2.76972795,1.04029822,3.1958034,5.11238575,6.22560692,6.48665714,6.51160717,6.5212574,6.52614689,7
0.8170040702463629,12.697786313628434,0.1292293089823944,2.374338650852078,2.3259123298555986,0.8053030967712402,2.1627418994903564,3.0205562114715576,3.469527006149292,3.739062547683716,3.933712720870972,4.085171699523926,4.204197883605957,22
0.9237184657139406,1.030818451909115,0.1856411917433013,2.60639218837872,2.9671490446489583,1.2244904041290283,3.8309404850006095,6.183537483215332,7.588715553283691,8.290304183959961,8.693581581115723,9.008038520812988,9.278531074523926,12
0.85383087,174.77342533,326.51349906,2.2,2.7,0.11518526,0.160321,0.20303798,0.2385087,0.2727394,0.30710864,0.33984303,0.37007737,4
0.45504394,142.94809916,306.58576106,2.69930785,2.43293431,0.2402668,0.35797167,0.43301725,0.49482656,0.54784513,0.59374094,0.6352818,0.67161131,17
0.42253712,1.60778536,0.99702177,2.01360355,2.28057918,1.1847384,3.93212175,6.99068975,9.54068375,11.06062698,11.12746429,11.13230324,11.13628769,13
0.6593098300672522,8.178366933014917,0.535991494845357,2.2987515274253614,2.483567841165588,1.0210683345794678,3.0127594470977783,4.500740051269531,5.216652870178223,5.545262336730957,5.745580673217773,5.890669822692871,5.998193740844727,5
0.88113229,210.87152943,114.49821789,2.5,2.3,0.13912296,0.23206568,0.32044435,0.40498924,0.48635244,0.56394124,0.637347,0.70702887,16
0.6742807427313137,2.194375138391868,0.0213747651180555,2.7850228081226875,2.358742647477254,1.18558669090271,3.687145709991455,5.969046592712402,7.347259521484375,7.932910919189453,8.216105461120605,8.432660102844238,8.610817909240723,12
0.90029901,10.49393272,2.52203488,2.24703264,2.08539176,0.74840832,1.87841964,2.56412196,2.93879056,3.1779983,3.35055804,3.48494029,3.59296441,22
0.63761485,122.76519012,398.76156616,2.15316963,2.14841509,0.12549162,0.15029883,0.17459035,0.19211912,0.21109223,0.22827101,0.24441862,0.25964427,11
0.9151292,141.8590452,246.19657859,2.11973573,2.53777917,0.14256167,0.22633886,0.30947495,0.38666224,0.45908189,0.52595496,0.58838558,0.64706826,3
0.9921242,4.48318029,1.17547909,2.5,2.0,0.87304115,2.21522856,3.04686689,3.52206135,3.84345388,4.0669632,4.22996569,4.36071396,22
0.6133737178378731,212.55119946175307,0.0043247365350149,2.674416267047715,2.9940343837254826,0.2901458740234375,0.535996675491333,0.7509562969207764,0.9400970935821532,1.1069223880767822,1.2549219131469729,1.3870887756347656,1.5053496360778809,8
0.77055364,122.37399269,374.46508515,2.97791769,2.13765395,0.14008284,0.17935228,0.219486,0.24744606,0.27561641,0.30256534,0.32713151,0.35002017,11
0.6124586720364906,0.8366499185687868,4.576982611011444,2.9298235435983018,2.734465523332756,1.2772903442382812,4.218795776367188,7.504168033599853,10.151987075805664,11.583227157592772,11.713125228881836,11.719715118408203,11.725406646728516,14
0.68861151,122.99307176,326.59175078,2.64652328,2.51838555,0.20072532,0.29705811,0.38245749,0.45520806,0.5200541,0.57787156,0.62948036,0.67589092,17
0.8265354656170645,269.4529366871643,0.5475711562752099,2.183308208234133,2.340916233056118,0.1302309036254882,0.2222397327423095,0.3078093528747558,0.390582799911499,0.4713788032531738,0.5491626262664795,0.6241230964660645,0.6952939033508301,15
0.42782626,9.79349136,35.51900864,2.57702613,2.28174376,1.05256701,3.09404302,4.77767086,5.64587784,5.86470413,5.95294094,5.99759674,6.01504517,7
0.60365838,2.68186879,5.37241125,2.71198606,2.21050096,1.20294333,3.58112645,5.71483421,6.9585638,7.44865036,7.6980629,7.9310379,8.07385349,6
0.5158842112870956,181.2799110951518,0.0570657187206076,2.7603824317574923,2.4710617554475904,0.3365445137023926,0.6746475696563721,0.9326651096343994,1.136638641357422,1.303215503692627,1.4432635307312012,1.5628900527954102,1.668379783630371,8
0.99999857,34.6905327,109.16718592,2.0000029,2.00001065,0.30989313,0.6254921,0.87293696,1.06784987,1.22357607,1.34933639,1.45307875,1.5405829,10
0.63821304,199.54524231,273.38369751,2.89444566,2.62831521,0.18402505,0.26186728,0.34177899,0.41412663,0.47943783,0.53916502,0.59448099,0.64585423,4
0.36049618,103.66887255,159.6492572,2.9,2.5,0.52478004,1.352926,1.8980899,2.086821,2.1499372,2.1975632,2.239059,2.2769141,0
0.88974002,272.59197379,224.4107868,2.7,2.2,0.10320616,0.16443491,0.21429062,0.26425362,0.31584764,0.36541033,0.41162896,0.4567063,3
0.74771005,30.09562302,332.58685303,2.33307648,2.64769435,0.37951159,0.81115222,1.07079268,1.18638206,1.24315906,1.28194571,1.31084561,1.33344603,21
0.5109151839470877,0.7631092033581813,0.0037612786557577,2.211140330220312,2.807291894166501,1.2563986778259275,4.250926017761231,7.787288188934326,10.95280647277832,12.896059036254885,12.958229064941406,12.964052200317385,12.968698501586914,12
0.751703060999123,10.484391343431325,0.0677917408024843,2.3641651356431383,2.0244695783637727,0.8451933860778809,2.2538089752197266,3.133469581604004,3.590705394744873,3.8617353439331055,4.054034233093262,4.193822383880615,4.307875156402588,22
0.59715417,71.67252543,222.45786108,2.7,2.9,0.41341305,0.9048569,1.2303534,1.4136252,1.5332174,1.6257682,1.6994205,1.7593536,20
0.50655943,38.2111702,259.79647827,2.8604672,2.68449807,0.52624083,1.33489299,1.85032487,1.99805522,2.01251006,2.02166581,2.03017163,2.03803802,1
0.8285402973602745,2.0025074392873945,0.0153090103615245,2.223549394595388,2.8394310220429366,1.154909610748291,3.6023411750793457,5.728995323181152,6.93108606338501,7.4825119972229,7.771850109100342,7.97869348526001,8.150550842285156,5
0.4509456893949154,9.93744574048782,34.77958055776694,2.89731812,2.63644123,1.069404363632202,3.308400630950928,5.343491077423096,6.540173053741455,6.923956394195557,7.017232418060303,7.079471111297607,7.113097667694092,7
0.94524366,212.79865031,227.71140146,2.1,2.3,0.09159446,0.14362717,0.18800926,0.22603989,0.26905394,0.30964088,0.34785032,0.38486767,3
0.4501131520568054,3.854186614974223,0.0065030367260091,2.62472628147054,2.366614344855937,1.1983976364135742,3.845400333404541,6.576981067657471,8.548587799072266,9.46953010559082,9.573162078857422,9.585018157958984,9.601400375366213,12
0.5460920359711454,3.49189476136828,0.5559223480247554,2.844189153778369,2.798212569862436,1.242032766342163,3.9990952014923096,6.824299812316895,8.77660846710205,9.634446144104004,9.827041625976562,9.89910125732422,10.000177383422852,13
0.851268009108331,1.8267607964250925,0.143394350496162,2.9040727117862684,2.206137652464267,1.122608661651611,3.286873817443848,4.940567970275879,5.832998752593994,6.347856998443604,6.766861438751221,7.135859966278076,7.430361270904541,5
0.38450669,243.85500398,330.53151221,2.3,2.6,0.14482903,0.16736889,0.19287539,0.20923209,0.22542334,0.24086714,0.25585794,0.26975942,11
0.61193273895725,89.21142573735195,217.95437043152032,2.8378594732299733,2.745992074695695,0.3625874519348144,0.7472889423370361,1.0123345851898191,1.1947643756866455,1.3312203884124756,1.440697431564331,1.5303380489349363,1.6059601306915283,10
0.3985726165091405,15.802298328051997,0.0114285145243898,2.4897841102883675,2.8950052008408846,1.1202497482299805,3.552354335784912,5.866834163665772,7.2954487800598145,7.800084590911865,7.909901142120361,7.962670803070068,8.00261116027832,5
0.8078935059246456,4.964984852386308,0.0179512311981825,2.0873437132390613,2.529600900396725,1.006558179855347,2.943957567214966,4.334580421447754,5.013420104980469,5.339435577392578,5.556707382202148,5.714033126831055,5.8336181640625,5
0.73092423,249.8104034,207.52112773,2.8,2.6,0.15181136,0.22691274,0.299304,0.37460923,0.4429934,0.5068712,0.56729746,0.62444997,3
0.3,108.08480519,400.0,2.0,2.0,0.18090653,0.19186997,0.1970284,0.20092773,0.20557761,0.20974874,0.21328068,0.21693301,11
0.4282654325660191,57.33150557409704,337.03174404087315,2.48207903,2.04801846,0.294504165649414,0.511993408203125,0.5885331630706787,0.6204345226287842,0.6447925567626953,0.664405345916748,0.6804449558258057,0.693871021270752,21
0.92953687,27.20842552,128.46408024,2.8,2.1,0.46093774,1.0849416,1.5139639,1.788084,1.9800284,2.1247303,2.2392042,2.333927,20
0.733197529085825,3.1881452808263284,16.657949699278912,2.864686267990608,2.5239511205034364,1.1113150119781494,3.3696553707122803,5.239338874816895,6.25168514251709,6.707612991333008,6.983197212219238,7.210092544555664,7.373188972473144,6
0.33960258,133.89094661,319.79468431,2.7,2.4,0.31871152,0.5765023,0.6968143,0.7623999,0.8134489,0.8557091,0.8909619,0.92098427,21
0.8027344715467266,12.844876184196496,0.013044818275985,2.2000495514197085,2.0324669303608416,0.7534964084625244,1.945410251617432,2.667089462280273,3.0482192039489746,3.285277366638184,3.4543843269348145,3.5933423042297363,3.704176902770996,22
0.95422058,24.82248799,359.7641185,2.3,2.1,0.26133537,0.4514482,0.57032394,0.6519909,0.7088425,0.75090027,0.7819011,0.8053489,21
0.68353815,47.55135984,315.72359554,2.8,2.6,0.37826133,0.7939215,1.0572932,1.2019327,1.2903347,1.3547816,1.40629,1.4465268,21
0.40754465,19.60448976,29.03111424,2.0,2.5,0.926456,2.588828,3.7350087,4.212343,4.4041386,4.491637,4.532702,4.5626388,23
0.9516927315118884,31.36041061591868,0.0099026728696154,2.287548608154972,2.131221086624236,0.4569282531738281,1.0300493240356443,1.4426546096801758,1.7363331317901611,1.9605605602264404,2.1431081295013428,2.2953875064849854,2.426060914993286,18
0.92458245,46.22008383,16.09269343,2.57973855,2.60440586,0.44443917,0.98675895,1.39777207,1.70225978,1.93771958,2.1274426,2.28638959,2.42323661,19
0.44236577,98.92350251,236.93696524,2.6,2.3,0.36812782,0.76405907,0.9963188,1.1129978,1.1899679,1.2502236,1.2979202,1.3399038,21
0.9974751843675432,3.245512590776836,0.3419234442366877,2.5112016461111564,2.6528813330664827,1.0057895183563232,2.85801649093628,4.149465084075928,4.828422546386719,5.233082294464111,5.531095504760742,5.76134204864502,5.93891716003418,5
0.3050137,212.99655558,42.60426126,2.864121,2.51150298,0.41965938,0.92124963,1.23495936,1.39931321,1.51100564,1.60112071,1.67648149,1.74035907,19
0.70799117,196.15202878,355.47964048,2.0,2.5,0.09361482,0.12191796,0.14270186,0.15450644,0.17364836,0.18991327,0.20496845,0.21892142,11
0.66473479,134.27602607,256.25777943,2.2,2.6,0.18460321,0.27481985,0.35960293,0.4322517,0.4966228,0.55449414,0.6068282,0.655288,4
0.93892545,97.41027069,383.90896606,2.2374835,2.61043048,0.14933491,0.21459007,0.2809391,0.33888483,0.39158797,0.43967342,0.48353887,0.52407837,4
0.3056650175220556,2.265440001011963,0.0471233179826047,2.0683710990987247,2.8024024584513745,1.2361841201782229,4.202216148376465,7.736908912658691,10.96344757080078,12.968826293945312,13.011752128601074,13.018561363220217,13.024460792541504,12
0.32241035,277.65420025,203.05189881,2.16712774,2.70646475,0.21512651,0.31108403,0.38612461,0.44992852,0.50656247,0.55780292,0.60382938,0.64537811,3
0.6748677573364552,70.09823385735939,1.0754623680905753,2.7030322410943883,2.9138636475454898,0.5465583801269531,1.3569204807281494,1.9161202907562256,2.255245923995972,2.49114203453064,2.676645517349243,2.8315088748931885,2.962985277175904,18
0.53127077,281.70659333,392.1540919,2.9,2.0,0.10399985,0.13167524,0.15600276,0.17671537,0.19818401,0.2190187,0.23817468,0.2570088,11
0.4133026126180896,3.529401086185357,0.0043169101044934,2.411611216351735,2.7151198489131496,1.2373356819152832,4.097818374633789,7.295351028442383,9.853254318237305,11.18343448638916,11.28656005859375,11.292835235595703,11.298235893249512,12
0.3111673193760834,0.785789915632822,0.9292748254818154,2.3850454894579265,2.743898957641636,1.27431321144104,4.316076278686523,7.96347713470459,11.347855567932127,13.472318649291992,13.50553035736084,13.511305809020996,13.516263008117676,13
0.94627963,170.99295756,203.56100554,2.0,2.2,0.10445213,0.16668963,0.22270918,0.2745998,0.32692242,0.37638378,0.42304802,0.46741414,3
0.41791881,2.12973917,0.23408764,2.9317867,2.82185772,1.29707623,4.32805109,7.83342409,10.84905052,12.60340691,12.65445137,12.6595726,12.66386986,13
0.9368207,124.25020209,319.17998813,2.5,2.1,0.13222027,0.20045495,0.26811576,0.32920647,0.3869593,0.4404652,0.48989153,0.5360935,4
0.90114715,243.8310619,92.37725701,2.16694479,2.76434763,0.12836027,0.2184999,0.30050349,0.38217545,0.46236539,0.53863573,0.61148524,0.68171477,2
0.5360687566437401,0.9506031976902664,9.82707848829529,2.3856275658769333,2.646985293466589,1.2278223037719729,4.070636749267578,7.297793388366699,9.955777168273926,11.33617877960205,11.395530700683594,11.39831829071045,11.40080451965332,14
0.75026632,243.68190239,388.19274308,2.05924673,2.13270086,0.0684185,0.09562731,0.1174624,0.1204958,0.13341641,0.14613891,0.15797544,0.1684432,11
0.68765891,65.84115601,275.46591187,2.29073215,2.18939781,0.2620132,0.45365572,0.5855844,0.68497205,0.76308918,0.82676721,0.87853456,0.92150569,17
0.71179906,96.8724182,158.68897465,2.1,2.3,0.23547792,0.41603565,0.5651071,0.68980813,0.7952912,0.88697696,0.9668579,1.0360851,17
0.75134855,231.73547747,266.32443926,2.5,2.0,0.10513711,0.15654063,0.20548749,0.2485776,0.29182863,0.33286786,0.37240267,0.41017842,4
0.94973811,25.72705119,381.14759122,2.2,2.3,0.24695921,0.40225768,0.4941237,0.5573485,0.60106564,0.6330528,0.6556771,0.67329526,21
0.3586554982969879,25.58093251345605,56.39569538414666,2.9,2.3,0.8699021339416504,2.5543503761291504,3.837377548217773,4.39492130279541,4.591642379760742,4.685699462890625,4.7254486083984375,4.747448444366455,23
0.386213769496197,110.37380497010317,1.000578304496084,2.699900814628173,2.494803414371198,0.590911865234375,1.5688321590423584,2.186392545700073,2.4604289531707764,2.6117312908172607,2.7199275493621826,2.81669020652771,2.900102376937866,18
0.3515440393820032,92.6236215780775,0.0064735704910831,2.080474735097928,2.849103307393891,0.6887567043304443,2.0066187381744385,2.893095731735229,3.2441556453704834,3.3704445362091064,3.448195695877075,3.510138273239136,3.5665276050567627,22
0.86989499,179.68965675,104.3164927,2.6,2.8,0.18672872,0.31305265,0.43762207,0.55519056,0.6644683,0.7658379,0.86115265,0.95011497,16
0.31379771,205.10269165,289.16073608,2.15973091,2.00018525,0.15269971,0.17481518,0.19574332,0.21354938,0.23163915,0.2481916,0.26343942,0.2778933,11
0.78418946,99.69717164,83.49617974,2.7,2.0,0.2810321,0.54567623,0.7706733,0.9624679,1.1261642,1.2678037,1.3896608,1.4977298,10
0.6116571876130976,134.6021219246272,0.0378649814219416,2.522291931760831,2.4687152005801667,0.3519728183746338,0.725092887878418,1.0128631591796875,1.2385897636413574,1.4210658073425293,1.5736818313598633,1.70393705368042,1.8165740966796875,8
0.62417831,134.08479659,340.64244924,2.81417223,2.90315333,0.24511766,0.38053918,0.48626304,0.57725239,0.6558919,0.72594237,0.78796077,0.8432498,17
0.81339298,147.32696206,198.55860731,2.1,2.8,0.15378499,0.23817062,0.32253647,0.39893627,0.46904254,0.5336497,0.59379554,0.64975786,3
0.38053598,156.21527743,38.02771341,2.9,2.6,0.5017865,1.2411313,1.7290738,1.9640605,2.1014411,2.2095268,2.3015015,2.3797433,19
0.65841905,150.73549588,254.1363243,2.0,2.3,0.1390059,0.19792151,0.25427175,0.30520248,0.35253906,0.3952558,0.4340005,0.47003722,4
0.3860261762338567,9.78408017475908,0.105699299479847,2.9596853804362127,2.8494378694978124,1.2145748138427734,3.8900976181030273,6.64957332611084,8.569908142089844,9.393670082092283,9.52586555480957,9.560450553894045,9.61504364013672,12
0.50819516,30.81752918,24.78020073,2.1820901,2.33686355,0.78053999,2.2029891,3.12945938,3.52770519,3.68999338,3.793993,3.86591339,3.9238925,23
0.64184346,272.62580786,119.47893338,2.3,2.4,0.13425279,0.20506716,0.27456427,0.338974,0.4002087,0.45871973,0.513715,0.56591105,2
0.85130796,57.67537555,299.18325425,2.2,2.7,0.23665404,0.39560008,0.5162482,0.61375,0.6944175,0.7630515,0.81914926,0.86640453,17
0.48816086,271.29872585,299.31208949,2.7,2.4,0.14976692,0.19252062,0.23748684,0.2803185,0.31981778,0.35549688,0.38888454,0.42054868,4
0.6245298568265745,4.0880170373349465,0.3023637708561443,2.648098515002607,2.666087056375491,1.179013967514038,3.6725082397460938,5.960758686065674,7.298208713531494,7.852226734161377,8.096908569335938,8.277515411376953,8.432580947875977,13
0.75448724,167.71928863,22.4956368,2.6,2.6,0.24296618,0.43800282,0.6188896,0.7822087,0.9293449,1.0630322,1.1844828,1.2946308,9
0.81720234,11.03998285,0.47196414,2.25228003,2.24509936,0.83698416,2.21205974,3.06082463,3.49023652,3.74040151,3.90699792,4.03402138,4.14009094,22
0.3113183079321739,236.65710181419053,318.607504598429,2.1,2.3,0.151806354522705,0.1724662780761718,0.1958703994750976,0.2141330242156982,0.232034683227539,0.2487998008728027,0.2650835514068603,0.2802040576934814,11
0.35995502,125.32400847,319.18025828,2.8,2.8,0.35156417,0.66595197,0.82487655,0.9027035,0.95873547,1.0032017,1.0396373,1.0733929,21
0.56714582,79.37631226,399.5637207,2.17145562,2.0190711,0.16426349,0.18952155,0.21007204,0.22650695,0.24235559,0.25653028,0.26934791,0.28084946,11
0.8901729,296.23464966,204.0839386,2.02179408,2.0254066,0.06643844,0.10761976,0.14198279,0.16873026,0.19900203,0.2272408,0.2556777,0.2843523,11
0.90962691,65.59887121,286.45485744,2.6,2.8,0.2572472,0.45278883,0.61065125,0.7438879,0.85695744,0.95354104,1.0362556,1.1085496,17
0.30155159,168.13403803,88.68820071,2.89892341,2.63936315,0.48242712,1.1575799,1.58150339,1.75050259,1.83979559,1.91159391,1.97345972,2.02577496,0
0.34226388,268.97314453,215.06158447,2.25080872,2.53294516,0.19888568,0.27233863,0.33608985,0.38992977,0.43834949,0.48273611,0.52277112,0.56011009,3
0.41065696,207.62060357,187.06569756,2.9,2.3,0.2776072,0.48550248,0.6308017,0.74847627,0.8476131,0.93210745,1.0055962,1.0704968,17
0.99880304,166.89381048,182.15986385,2.4,2.7,0.14525843,0.234766,0.32144213,0.4049995,0.48375392,0.55868363,0.6290879,0.69562244,17
0.7055697420612659,1.2764640894345336,1.216942137617789,2.0534377561741888,2.585222478215746,1.1816105842590332,3.848040580749512,6.528890132904053,8.317770004272461,9.092107772827148,9.299407958984377,9.36577033996582,9.42933464050293,13
0.77610075,105.13314689,108.97082728,2.38848422,2.11495466,0.22845244,0.41061544,0.57056999,0.70849895,0.82943439,0.93561673,1.02931285,1.11310172,16
0.778561835557263,4.294782590864867,0.0368117286896735,2.7447086923103776,2.87473748536681,1.13045072555542,3.426927328109741,5.304540634155273,6.311947822570801,6.800441741943359,7.115689277648926,7.374026298522949,7.565664291381836,5
0.8075417423437833,1.3219332260816234,0.0681826692069452,2.568791013844617,2.655540366352137,1.2141435146331787,3.808060884475708,6.175432205200195,7.594794273376465,8.253742218017578,8.586506843566895,8.844293594360352,9.068807601928713,12
0.45583307,48.24820832,230.33829704,2.7,2.6,0.5410986,1.4047656,1.9627674,2.1218045,2.1427643,2.1572874,2.1709049,2.183471,1
0.86407076,131.80477597,176.32357634,2.8,2.5,0.21454406,0.36646366,0.5110259,0.6424837,0.7615466,0.87041855,0.9696188,1.0611341,17
0.7943193799909906,4.259445578551346,98.51882937101256,2.5953330273279454,2.663109220876,0.8809115886688232,2.619079351425171,3.961709260940552,4.595934867858887,4.817673683166504,4.911316871643066,4.941494941711426,4.951943397521973,23
0.30000001,199.14613342,252.29278564,2.0,2.0,0.17578483,0.21585536,0.24984097,0.27948499,0.30571127,0.32959533,0.35119414,0.37080669,4
0.5605675057352592,0.882561342801876,29.214159512271493,2.389508779146284,2.2515192649927576,1.11983323097229,3.6050546169281006,6.190919876098633,8.11435604095459,8.930815696716309,8.98104190826416,8.981264114379883,8.981529235839844,14
0.82563864,182.4472311,214.95380116,2.9386845,2.09544645,0.13195038,0.19613409,0.25972104,0.31681299,0.37230825,0.42508745,0.47432399,0.52012944,3
0.41706224,244.46904456,249.20278037,2.4,2.6,0.17941713,0.23554707,0.29091072,0.33748674,0.3802371,0.41970897,0.45584488,0.48961163,3
0.72192722,191.65140228,276.69103078,2.1,2.9,0.12330389,0.16875315,0.21368933,0.25202727,0.2893231,0.325521,0.35937142,0.39098907,4
0.39811129,246.08295868,382.18918286,2.4,2.0,0.11163163,0.12738514,0.14496017,0.15273929,0.16313386,0.17294526,0.18321681,0.19274235,11
0.66098988,14.06220913,22.07741165,2.35505128,2.02742314,0.82547116,2.18466377,3.01495504,3.40482235,3.59951401,3.7318058,3.80918598,3.86976433,23
0.9271620119813544,1.7342107761180792,0.4535505600175324,2.8723336258679453,2.64234807563516,1.158315896987915,3.447285413742065,5.263442039489746,6.248523712158203,6.790579795837402,7.211417198181152,7.5727386474609375,7.843276023864746,5
0.9743476,198.44514908,338.95448329,2.7,2.8,0.15137601,0.18030953,0.22614598,0.28497887,0.33561015,0.38145375,0.42646408,0.46865916,4
0.39219611,9.2561755,12.56228724,2.0,2.0,1.06182194,3.13440657,4.8618598,5.74482298,5.95389605,6.01351023,6.03407717,6.04535055,6
0.32001513,250.52935791,392.52142334,2.77803087,2.43537283,0.16179156,0.17599583,0.19259596,0.20219088,0.21587825,0.22396016,0.23148179,0.24103403,11
0.54814756,249.90570068,267.78622437,2.0740602,2.35741687,0.11644483,0.15705752,0.19746995,0.23059702,0.26433325,0.2961266,0.32656217,0.35477877,4
0.76723194,10.90485096,0.49613476,2.67047286,2.16017866,0.87973571,2.32377958,3.23447704,3.71400404,4.00433302,4.20146465,4.34554005,4.45257521,22
0.37460594,230.05789384,145.19350353,2.5,2.8,0.27876735,0.47023153,0.5999365,0.7065637,0.7960615,0.87476754,0.94322944,1.0033402,17
0.77641877,144.09130964,94.29171923,2.4,2.5,0.21968985,0.38529158,0.5391424,0.67699146,0.80069256,0.91258645,1.014471,1.1072636,16
0.38467176,3.43812384,46.307302,2.5,2.1,1.1005232,3.4276927,5.741334,7.3261423,7.7973604,7.8072643,7.8076124,7.807665,7
0.9445211,184.56264833,290.99867173,2.5,2.8,0.14343429,0.19360232,0.25116372,0.31183863,0.3693347,0.42115498,0.47054124,0.51737475,4
0.54357071,97.2135745,281.32881752,2.1,2.6,0.23610091,0.36462355,0.44988346,0.51808214,0.5736313,0.6214652,0.66209507,0.6974175,17
0.90080348,226.13087384,47.4284679,2.2,2.6,0.13638449,0.23039293,0.3181765,0.403486,0.486068,0.56565475,0.6409583,0.71290684,16
0.4950248528855858,10.167077171259406,0.7082700260190753,2.8353503870300383,2.085949329803213,1.043776273727417,3.079876661300659,4.667472839355469,5.4688005447387695,5.811203002929688,6.045575141906738,6.236639976501465,6.36915397644043,5
0.61537853,22.74404975,141.56967907,2.8,2.8,0.711622,1.9860783,2.881709,3.2592964,3.3851242,3.4325752,3.463004,3.4889646,23
0.69353355,142.73122986,395.47973312,2.26205521,2.31415323,0.12929535,0.16148019,0.19670224,0.22399664,0.2506659,0.27577448,0.29873347,0.32047248,11
0.6711934,154.79526914,400.0,2.0,2.0,0.08632112,0.10866094,0.12258315,0.12968087,0.14173794,0.15188694,0.16068816,0.17009759,11
0.98332036,17.8931479,142.68914845,2.33958298,2.84906088,0.52859497,1.30963707,1.83497047,2.13541412,2.32706833,2.46635151,2.57204056,2.66014242,20
0.5196059155366676,65.8257107097522,0.0125912343416954,2.4212137547293366,2.7766563412585774,0.6618614196777344,1.8244178295135496,2.574223756790161,2.9277827739715576,3.1188738346099854,3.254934549331665,3.366813898086548,3.465183019638061,22
0.31346489,179.18289185,317.35166982,2.84547529,2.18532859,0.2173543,0.27179646,0.30509019,0.33044195,0.35406303,0.37574816,0.39511991,0.41294312,4
0.82170457,19.88261032,21.58919144,2.4839685,2.94889879,0.74379396,2.03823614,2.88874435,3.32552576,3.58227491,3.76062346,3.90824652,4.02487612,23
0.63331258,112.82357863,186.20046646,2.9,2.8,0.34108138,0.66822267,0.9097657,1.0985723,1.248889,1.3744793,1.4805217,1.5705714,10
0.84670669,169.30419853,354.23783216,2.9,2.1,0.12539959,0.18325734,0.23965454,0.29346585,0.34474587,0.3928826,0.43758845,0.479846,4
0.48875412,184.71418439,20.26003315,2.1,2.9,0.28237057,0.52593446,0.71426773,0.8697245,0.99991727,1.1105189,1.2059188,1.2895355,9
0.52276036,253.52868638,373.3404294,2.2,2.2,0.09182024,0.11420941,0.13410068,0.13912225,0.15045261,0.16152549,0.17320895,0.18319869,11
0.98192167,7.8998971,32.17657852,2.84105253,2.64667821,0.81491065,2.18864369,3.09108377,3.58854556,3.893502,4.10900497,4.27718639,4.40204048,23
0.96732259,227.03520203,193.72009277,2.06754231,2.40772533,0.09749508,0.16116381,0.21823549,0.26840043,0.32010531,0.37132978,0.42045903,0.46753478,3
0.80122274,283.19447029,216.46466749,2.81964583,2.44438887,0.14331412,0.17694998,0.22536182,0.27829838,0.33116126,0.37754416,0.42170262,0.4655695,3
0.4940442870417064,6.189470863839023,0.0191390304563302,2.934183684421815,2.380899671469653,1.1661524772644043,3.63410234451294,5.945052623748779,7.353569507598877,7.913375377655029,8.104448318481445,8.262853622436523,8.391380310058594,12
0.70734048,297.81031113,47.03021537,2.41909117,2.59702476,0.1468482,0.23827648,0.32549191,0.41030431,0.49145937,0.56840801,0.64092326,0.71012354,16
0.92783503,174.0491472,232.5641803,2.1,2.8,0.11847997,0.17852187,0.23494458,0.28843164,0.3397901,0.3893888,0.43602753,0.4795966,3
0.42403817,178.80215608,284.11413369,2.61914461,2.94339049,0.28321886,0.47153187,0.59047484,0.68809605,0.77036572,0.83997083,0.9011004,0.95455861,17
0.3291530174526793,4.196341360235041,0.0047740830203336,2.098277811179005,2.969856403182293,1.2253448963165283,4.14759635925293,7.59596061706543,10.57840633392334,12.473670959472656,12.615030288696287,12.620165824890137,12.624591827392578,12
0.8249772538298279,107.34309138696852,0.0953228717722488,2.610475096895241,2.5345589887242146,0.3102223873138428,0.6107180118560791,0.8712880611419678,1.0959076881408691,1.288989782333374,1.457298994064331,1.604480504989624,1.7341620922088623,8
0.52257495,160.64739376,62.29757892,2.5,2.3,0.3147292,0.60946655,0.8303282,1.006172,1.1492472,1.267854,1.3703854,1.4601533,10
0.39012748,286.04606937,340.05677281,2.2,2.6,0.11513495,0.13455129,0.15357995,0.15914369,0.16877246,0.17918992,0.18989587,0.19831729,11
0.30204615,79.17037201,172.77003479,2.60487008,2.00926399,0.46395993,1.09118342,1.40452099,1.45789742,1.47806001,1.49763846,1.51479411,1.53023028,0
0.53323229,139.05030559,297.40999978,2.41193261,2.74783159,0.24601841,0.39496756,0.50254917,0.59294891,0.66936827,0.73587966,0.79344392,0.84563756,17
0.35385275,127.2490387,395.03039551,2.30401039,2.06245637,0.17388153,0.18779826,0.19999528,0.20858216,0.21698999,0.22493553,0.23229241,0.23924184,11
0.9177528,199.82527106,257.38726544,2.9,2.9,0.16794395,0.23849154,0.32005167,0.40367937,0.47843862,0.54927206,0.61643004,0.6802325,4
0.9196013741564952,1.1364971609620418,1.189118924247114,2.5565602033144543,2.0739902219955617,1.1065952777862549,3.2366390228271484,4.835273742675781,5.700761795043945,6.20628833770752,6.609100341796875,6.927791595458984,7.194828033447266,5
0.6088368501595686,2.212283362702828,106.21998582065233,2.5218104355895967,2.283806240333186,0.8865342140197754,2.668577194213867,4.159746170043945,4.85581636428833,4.9690937995910645,4.995490074157715,4.997050285339356,4.997280120849609,23
0.31352019,152.77413867,29.34894914,2.8,2.3,0.54440737,1.4224236,1.9754941,2.1796343,2.272506,2.34912,2.4158113,2.4749606,0
0.51691932,67.92559,270.24700253,2.0,2.1,0.27995253,0.48313284,0.59135604,0.6609812,0.711668,0.7520251,0.7846441,0.81040764,21
0.35968459,247.64055819,182.47488848,2.1,2.2,0.16925144,0.22593498,0.27827573,0.3243103,0.36597013,0.4041977,0.4386239,0.47026515,3
0.7841519748433496,18.70607862320452,0.0048402047742141,2.818811604955106,2.191876364512197,0.7293338775634766,1.9038293361663816,2.6475589275360107,3.065224885940552,3.335897207260132,3.533703565597534,3.686457872390747,3.8222496509552,22
0.52357233,232.37280273,134.08152771,2.84874916,2.89584088,0.25885725,0.42991805,0.57630348,0.70514274,0.81899714,0.9220345,1.01460338,1.09801841,17
0.5043461,91.50991577,346.25752762,2.9,2.9,0.35130882,0.6713917,0.85607576,0.9638283,1.038948,1.0989962,1.1470509,1.1887884,21
0.9993,68.70468178,399.600001,2.005,2.005,0.11078525,0.14513159,0.17504835,0.20003009,0.22449827,0.24652696,0.26719141,0.28579092,11
0.91285993,151.05664393,305.33330874,2.7,2.8,0.16228938,0.24118805,0.3214767,0.3995595,0.47003746,0.5348592,0.59596443,0.6528132,4
0.53722763,266.08759803,151.31487323,2.8,2.1,0.16757822,0.2564001,0.34463525,0.42467284,0.4985478,0.5669191,0.63063645,0.69035935,17
0.372120841607089,0.9142041679439316,0.0433384244622447,2.693813708870801,2.237193632002623,1.234492540359497,4.073884010314941,7.292028427124023,10.139986038208008,11.96543025970459,12.020209312438965,12.02651023864746,12.03179931640625,12
0.88914595,176.8898297,340.19091619,2.3,2.2,0.09800196,0.14043188,0.17865205,0.20948434,0.24140167,0.27233982,0.30196166,0.33035898,11
0.6644106532274028,2.906692174742336,0.0576451239075527,2.3709724903026856,2.1174433344824264,1.1066653728485107,3.344944715499878,5.190875053405762,6.202788352966309,6.643299102783203,6.906248092651367,7.093096733093262,7.231708526611328,5
0.6055755708038325,1.4152865163768469,0.0162544758055003,2.5195624672718946,2.717469550470131,1.254169225692749,4.1201605796813965,7.235642433166504,9.55181884765625,10.719922065734863,10.860127449035645,10.872058868408203,10.881948471069336,12
0.99149113,256.28530545,88.29585346,2.89071596,2.44886238,0.15546107,0.21750498,0.29143214,0.37383103,0.45315075,0.52576399,0.59608412,0.66475773,2
0.3300490986232002,7.877477097687934,0.0323516911753819,2.6441762466488195,2.055259812331033,1.1357665061950684,3.589599132537842,6.041752338409424,7.736922740936279,8.4798583984375,8.549665451049805,8.56782341003418,8.596506118774414,12
0.53365787,48.27197074,305.13800049,2.5,2.9,0.4182334,0.92517424,1.2107024,1.302032,1.3376727,1.3645115,1.3861799,1.4045134,21
0.79175158,272.94791899,238.8698493,2.5,2.1,0.09520817,0.14733338,0.19364166,0.23264575,0.27335286,0.31308174,0.35237217,0.38972044,3
0.6492945697058904,62.99589697485176,1.201143534526272,2.6886820711678583,2.7640194345168543,0.5822553634643555,1.48899245262146,2.094367265701294,2.436723470687866,2.6635353565216064,2.840242624282837,2.985231637954712,3.108015298843384,18
0.97749746,168.09190227,342.2588216,2.49972208,2.42322052,0.11224008,0.16186762,0.20684171,0.24819493,0.28930569,0.32827806,0.36445308,0.39933968,4
0.3400874277510025,42.14763664928687,0.0501598467804291,2.50047326570707,2.279898639061661,0.8867733478546143,2.5834264755249023,3.82206916809082,4.355483055114746,4.561145782470703,4.6652607917785645,4.736294269561768,4.789793968200684,22
0.70347762,85.15727234,398.56008911,2.03339791,2.41877365,0.17035484,0.22795701,0.28148508,0.32526827,0.36389279,0.39714622,0.42666006,0.45315218,4
0.3,11.562592580116664,8.963650342285103,2.8,2.3,1.119865894317627,3.532154560089112,5.913005828857422,7.508259773254394,8.129938125610352,8.190781593322754,8.20827865600586,8.228409767150879,14
0.37608328,278.10790968,365.33585694,2.7,2.8,0.16813207,0.19027424,0.21946955,0.24717593,0.26877236,0.28852844,0.3072641,0.32515788,11
0.7599470398877093,264.8421120684873,0.3809712283693747,2.437439940524444,2.1552501912586624,0.1407451629638672,0.2343964576721191,0.3236253261566162,0.4098906517028808,0.493105411529541,0.572265625,0.6472246646881104,0.7189788818359375,15
0.42046654,225.30256653,8.16981983,2.52606773,2.20491219,0.28318667,0.51706672,0.69425964,0.83841372,0.95956326,1.062994,1.15165424,1.22973633,9
0.50161042,216.1466926,257.18274162,2.3,2.1,0.1400106,0.1875341,0.23521018,0.27659273,0.31631708,0.35288382,0.38662124,0.41800666,4
0.83224679,145.39578861,208.90254471,2.7,2.8,0.20502996,0.33478212,0.46032,0.5747695,0.67856836,0.7733886,0.86028934,0.94095325,17
0.3,242.04846658,189.39236278,2.0,2.0,0.17087674,0.22002316,0.26446509,0.30291533,0.3375268,0.36843967,0.39601064,0.42146301,3
0.59795166,11.33429496,318.36233346,2.5,2.2,0.51222944,1.3209484,1.8061485,1.8488865,1.8498135,1.8506174,1.8514438,1.8520589,1
0.41072585,106.1328221,162.68522975,2.0,2.1,0.3294816,0.6393311,0.81212974,0.90834,0.97733283,1.0355651,1.0827198,1.1229568,21
0.45789617,291.48007202,171.8835144,2.91573071,2.34452963,0.16679621,0.22950339,0.2944243,0.34960961,0.40201902,0.44977403,0.49430299,0.53648472,3
0.66298175,193.4440918,177.1847229,2.92693758,2.53980541,0.19948673,0.31388998,0.42399669,0.52257037,0.61226177,0.69431257,0.7696135,0.83931327,17
0.5982610117260229,7.522843076000949,46.82303230860218,2.6763792,2.72818375,1.0105905532836914,3.0790457725524902,4.823641300201416,5.724618434906006,6.029325008392334,6.164687633514404,6.238687038421631,6.276875972747803,7
0.59316337,46.08234406,115.31337738,2.74767137,2.88945627,0.61815071,1.65629506,2.35745168,2.67379737,2.82481933,2.92245412,2.99912906,3.0670588,23
0.94767242,32.01348165,28.91343167,2.5,2.9,0.51058674,1.1948795,1.6891365,2.0233417,2.2681446,2.4621496,2.6235743,2.7621822,19
0.52762326,264.73680173,376.47097636,2.2,2.1,0.08149242,0.10435319,0.1236515,0.12527633,0.13487363,0.14490223,0.15500307,0.16328168,11
0.6576556,220.57878113,8.99877262,2.7642045,2.08471131,0.18479657,0.31197309,0.43567038,0.54794502,0.65147066,0.74672747,0.83533144,0.91733789,15
0.49288882,211.73160415,90.06310998,2.6,2.3,0.25259376,0.4393747,0.592906,0.72361636,0.83688164,0.93630075,1.0247626,1.104001,16
0.35369784839148,1.27830514624481,0.4247001508673967,2.1645245343093333,2.0513573524865203,1.1731362342834473,3.851187944412232,6.801447868347168,9.32327938079834,10.727798461914062,10.776413917541504,10.781003952026367,10.784797668457031,13
0.8958345009896745,205.37166035989603,378.4784658767904,2.1,2.0,0.0662598609924316,0.0945003032684326,0.1167342662811279,0.1251337528228759,0.1418557167053222,0.1561434268951416,0.169785737991333,0.1831676959991455,11
0.3464610233582582,6.573514535321536,45.29628769882779,2.53818274,2.76590586,1.100212335586548,3.5347676277160645,6.05279541015625,7.881382942199707,8.636253356933594,8.67702579498291,8.677101135253906,8.677101135253906,14
0.60735083,50.30282015,250.60677738,2.8,2.2,0.42378807,0.9821744,1.3318846,1.4898899,1.572315,1.6328812,1.6814485,1.7205517,1
0.6346681388363555,49.8388624482277,0.0179381037768316,2.111876646504649,2.8995792978721653,0.6275365352630615,1.7044095993041992,2.3837311267852783,2.726458787918091,2.9354560375213623,3.094431638717652,3.2230613231658936,3.33367133140564,22
0.88707873,295.00610628,47.98901998,2.8,2.1,0.11427021,0.1978414,0.27077985,0.342669,0.41512418,0.4856739,0.5531926,0.6183777,2
0.7379842663680887,1.1429557222910145,0.0105864795728805,2.62749202069443,2.695633552511445,1.2486693859100342,4.016988754272461,6.798168659210205,8.656778335571289,9.49361801147461,9.747133255004885,9.883403778076172,10.044492721557615,12
0.62253985,130.88110332,211.5498037,2.5,2.6,0.25474882,0.43672085,0.58121586,0.70352983,0.8085835,0.9001405,0.978982,1.0493453,17
0.68798083,146.41739614,262.00015048,2.2,2.8,0.1705091,0.24819303,0.32581758,0.39144158,0.45070505,0.505064,0.554801,0.6003988,4
0.993316,94.70498752,354.83925858,2.6,2.9,0.17900443,0.26652622,0.35413766,0.43283653,0.5033364,0.56698775,0.62471795,0.677382,17
0.852913576848589,267.5883755396977,293.55017399097966,2.0,2.0,0.0639817714691162,0.0967395305633544,0.1243650913238525,0.1404385566711425,0.1625521183013916,0.1827077865600586,0.2028515338897705,0.2233026027679443,11
0.34469783,107.14112297,125.93790413,2.1,2.0,0.41073298,0.9134209,1.1642396,1.2529535,1.3105726,1.3570831,1.3964219,1.4310789,21
0.7421993,5.3649087,45.34612656,2.52630472,2.15535331,0.93578696,2.59025764,3.69721556,4.21634388,4.46318388,4.59431648,4.67094421,4.70526266,23
0.74005667,24.42817606,289.9772901,2.9,2.8,0.50034094,1.2307901,1.7194662,1.9158316,1.9757762,2.004867,2.0278058,2.0470724,1
0.4335681650712366,0.8695538331004027,0.0044147337651119,2.9628577885771623,2.0557702933086386,1.2168664932250977,3.962682723999024,7.03617000579834,9.642254829406738,10.856184005737305,10.872859001159668,10.88070297241211,10.88711929321289,12
0.9116659773739956,1.5076615773829416,0.1825906948697076,2.442172353311796,2.746133407837889,1.1638758182525637,3.5411601066589355,5.499146938323975,6.570436954498291,7.117274761199951,7.469611644744873,7.761154651641846,7.98862886428833,5
0.4205010291519166,115.99309616783944,373.193460313085,2.14782691,2.03699112,0.1693658828735351,0.1967139244079589,0.2203731536865234,0.2393779754638672,0.2568869590759277,0.2723383903503418,0.2864112854003906,0.2995893955230713,11
0.59319214,102.03895665,254.52977165,2.7,2.9,0.326133,0.61494803,0.8099828,0.95574737,1.0697827,1.1614504,1.2387438,1.3044162,10
0.78832375,92.19317071,47.24392925,2.5,2.9,0.34719253,0.70726085,0.9978976,1.2358017,1.4305601,1.5945907,1.7349157,1.8560777,9
0.6613219466302434,10.633350593756235,0.0069184273301046,2.88708543587108,2.0424267141817034,0.9210498332977296,2.5275349617004395,3.5826220512390137,4.13461446762085,4.482446670532227,4.736564159393311,4.923335075378418,5.054122447967529,22
0.9984307561945904,264.4992870985613,0.0322525483259637,2.666368555850703,2.06666834416476,0.1174204349517822,0.2013483047485351,0.2751281261444092,0.3484139442443847,0.4232645034790039,0.4964857101440429,0.5666275024414062,0.6343491077423096,2
0.68539375,9.21734715,1.34639084,2.72486019,2.38083315,1.02683926,2.88532376,4.18333626,4.83421421,5.18426514,5.416399,5.57694626,5.69883823,5
0.62866183,123.45147501,54.65095213,2.4,2.8,0.33485627,0.6691711,0.92681456,1.1314938,1.2968841,1.4355044,1.5537987,1.6564379,9
0.789309,116.81995499,337.87134746,2.0862582,2.21232932,0.13205004,0.18378949,0.23434067,0.27833867,0.31994128,0.35748696,0.39221454,0.42360234,4
0.31714203,225.97022145,142.04225008,2.1,2.9,0.24801517,0.38551927,0.4745121,0.5472517,0.60882616,0.66190577,0.71036386,0.7524824,17
0.60460005,198.00490704,278.04984312,2.5,2.2,0.15235019,0.21428227,0.2777443,0.3336661,0.38504267,0.43250203,0.47652817,0.51748705,4
0.958699411451745,4.043735039829713,0.1225862686347355,2.3904220724304874,2.7153957584070727,0.9882729053497314,2.831486940383911,4.122620582580566,4.78546142578125,5.158475875854492,5.428516387939453,5.631393432617188,5.79827880859375,5
0.30756428,299.40197751,68.05188619,2.94401744,2.59644342,0.30114985,0.52389383,0.66845775,0.78498435,0.88212252,0.96498513,1.03745031,1.1009407,10
0.7387040745590121,1.069888937864539,113.118991516492,2.65722957820752,2.829689162440122,0.9677448272705078,3.0233917236328125,4.952298641204834,6.131292819976807,6.432666301727295,6.456745624542236,6.461878299713135,6.462338924407959,7
0.4649153,261.64511803,153.81707806,2.9,2.4,0.22390747,0.35414505,0.46819997,0.5689993,0.65896416,0.73998165,0.8138492,0.8817065,17
0.5477172604439222,80.04509879323642,24.59014638287591,2.3627067060404805,2.8759780137426523,0.5623910427093506,1.4740562438964844,2.0680980682373047,2.372519493103028,2.564743995666504,2.708115100860596,2.829256534576416,2.928502082824707,19
0.99896502,118.73955536,290.88253784,2.94141459,2.94155931,0.20353556,0.32005429,0.4400382,0.54927206,0.64864874,0.74086213,0.82567811,0.90430164,17
0.4340888174106061,7.821493959756109,0.1258427084020015,2.8179885815298404,2.642525339526156,1.1944000720977783,3.792848825454712,6.375514984130859,8.092495918273926,8.783604621887207,8.92099666595459,8.990628242492676,9.070172309875488,12
0.88272202,9.62162876,42.51054382,2.80882525,2.40130258,0.79437733,2.11488342,2.96584845,3.41741657,3.67827129,3.85823536,3.97803974,4.0872283,23
0.8373261,260.49834482,1.74996311,2.49434155,2.85715887,0.16710186,0.28324842,0.39229107,0.50429249,0.6096797,0.70946789,0.80394673,0.89465284,15
0.71272556,244.53992362,72.46999741,2.8,2.6,0.18863845,0.3086505,0.42658448,0.539706,0.64326715,0.74042296,0.831208,0.91680956,16
0.53798566,226.84507837,167.32554899,2.4,2.3,0.17414021,0.2620554,0.34822226,0.42388463,0.49287271,0.5565245,0.6149132,0.6685779,2
0.72987357,213.00555787,51.02104912,2.43919091,2.31225106,0.17592216,0.29450583,0.40973425,0.51672316,0.61539793,0.70807719,0.79398036,0.87412071,16
0.66276456,163.97672951,223.92391014,2.7384804,2.07122224,0.15862799,0.230865,0.30230927,0.36606765,0.42380881,0.47672224,0.52543879,0.57034397,3
0.3500616961906695,10.062283814623644,36.33952622565703,2.90526962,2.42942643,1.061877965927124,3.3012890815734863,5.4055705070495605,6.729751110076904,7.136364459991455,7.169960498809815,7.1935858726501465,7.208286762237549,7
0.3087018779763976,2.2401320956150035,7.282376854247817,2.9088333082476545,2.4100369337846623,1.2342767715454102,4.058852195739746,7.255670070648193,10.052181243896484,11.762779235839844,11.796123504638672,11.800010681152344,11.80333137512207,14
0.446188584657381,81.14733071250154,0.1983831093869583,2.805502108038153,2.2686982523597417,0.608269453048706,1.598909854888916,2.2190003395080566,2.5144267082214355,2.683626174926758,2.811392307281494,2.9106783866882324,3.003613948822021,18
0.98353894,284.44209315,289.54399849,2.9,2.8,0.1586082,0.1715424,0.20748997,0.2676208,0.3174603,0.36373186,0.40882683,0.4540062,4
0.58510051,278.74406514,271.74099749,2.6,2.8,0.14405489,0.18780327,0.23399997,0.2828791,0.32681108,0.36593843,0.4037602,0.43956947,4
0.87765904,68.68544443,304.31828635,2.112506,2.7781051,0.23052192,0.39982677,0.54305124,0.66449261,0.76932383,0.85960388,0.93837929,1.00710773,17
0.46983779,98.64036076,23.06264998,2.9,2.4,0.5730059,1.5038376,2.1059139,2.3853176,2.543361,2.6612546,2.7602317,2.845711,19
0.3128295,267.07062074,120.27512462,2.5,2.4,0.27018762,0.44891405,0.5668051,0.6614342,0.74210405,0.81168747,0.87254477,0.9258003,16
0.39291099,291.16721241,297.76787836,2.4,2.9,0.15055251,0.17835188,0.20908523,0.23305678,0.25977683,0.28066254,0.3002882,0.32039118,11
0.694725629791191,0.916095542382865,0.0446703459098902,2.7084670255330585,2.113598922470164,1.184974193572998,3.740168809890747,6.253780364990234,7.984261512756348,8.771112442016602,8.979266166687012,9.03105354309082,9.132681846618652,12
0.8122794468668044,2.648065967646005,0.0113930302656194,2.8044260231861524,2.0168266286208785,1.0574240684509275,3.010703086853028,4.4001946449279785,5.134332656860352,5.601131439208984,5.982810974121094,6.283052444458008,6.514585494995117,5
0.4512110940997482,1.90187328492358,0.0057493683389626,2.0302432098288,2.768067114394289,1.219456672668457,4.120597839355469,7.481690883636475,10.33857536315918,11.992473602294922,12.048961639404297,12.0550537109375,12.060239791870115,12
0.71211638,137.28213561,41.10548716,2.4,2.2,0.2542138,0.47093844,0.660372,0.82549405,0.9697163,1.0968709,1.2087371,1.3091598,9
0.8078580793035459,4.222630560827636,0.5007147020957603,2.273418216757281,2.873539088335996,1.072335958480835,3.24324631690979,4.9587812423706055,5.83038330078125,6.241239547729492,6.4915771484375,6.674727439880371,6.8227643966674805,5
0.5748502968008431,27.511548947270573,29.924951737621072,2.882097451993614,2.368479271097349,0.7756006717681885,2.153619766235352,3.0651869773864746,3.512413501739502,3.748002529144287,3.890470504760742,4.001865386962891,4.083679676055908,23
0.45679654,291.39616946,311.36395742,2.8,2.4,0.14683795,0.18319559,0.22120738,0.25945783,0.2943108,0.32548094,0.35503578,0.38322258,4
0.82898602,63.46326538,332.27953676,2.9,2.3,0.26691818,0.47857833,0.6389699,0.7694831,0.8773658,0.9675393,1.0425854,1.1074872,10
0.56165313,104.46213491,211.95930551,2.0,2.79128837,0.31182337,0.61389446,0.82317996,0.97577929,1.093472,1.18700051,1.26413822,1.33135819,10
0.5244911889104253,115.69896692341558,0.0058585363887792,2.9149010640138395,2.44832558062967,0.4665243625640869,1.0929183959960938,1.523698806762695,1.7919597625732422,1.982051372528076,2.133702278137207,2.2609009742736816,2.368137836456299,18
0.73148776,216.60317862,156.94631809,2.5,2.0,0.13613582,0.21799707,0.29810643,0.37264562,0.4438672,0.510103,0.57249093,0.6312804,2
0.43303311,83.94912659,198.10480427,2.7,2.5,0.47098422,1.1351309,1.5474458,1.702765,1.7724242,1.8262024,1.8714676,1.9104357,1
0.83635461,108.75658987,51.8840984,2.3,2.9,0.26350307,0.49768448,0.70453,0.885895,1.0451546,1.185307,1.3092899,1.4189901,9
0.5911903,63.62113987,92.03696504,2.4,2.5,0.48869777,1.1648469,1.5922518,1.8132744,1.9589028,2.066647,2.1552281,2.2335443,20
0.98680576,129.42989193,37.01179372,2.2,2.9,0.19723606,0.3543074,0.5067973,0.648288,0.77958655,0.90103436,1.0131917,1.1175318,15
0.37350416,276.99639325,386.95291191,2.9,2.3,0.15102744,0.17311406,0.19753456,0.22025514,0.24299788,0.2622726,0.28047633,0.29764915,11
0.94176817,147.83514913,172.25563827,2.3,2.2,0.13956141,0.2306416,0.31782246,0.40016723,0.47776556,0.55001163,0.61814237,0.68200326,3
0.49309712,148.48217049,33.70144646,2.0,2.9,0.3182435,0.6256621,0.8491173,1.0191295,1.1536007,1.2638817,1.3599186,1.4413486,9
0.3560802,194.49079895,207.59576416,2.05566335,2.81086636,0.28320527,0.50292349,0.64041257,0.74386239,0.82707119,0.8957355,0.95362449,1.0048666,17
0.93777996,123.76648359,139.5247492,2.8,2.5,0.2164836,0.37872934,0.5343418,0.67757916,0.80819774,0.9282191,1.0382152,1.1396863,17
0.72049018,300.0,312.01103273,2.0,2.0,0.05956459,0.08809376,0.10908628,0.11819839,0.13396645,0.14699268,0.15920544,0.17341328,11
0.5842208724441861,52.26528148986467,8.894184946778335,2.779959408097533,2.0809716619724457,0.5764815807342529,1.4548707008361816,2.003805160522461,2.2994675636291504,2.491530418395996,2.6330156326293945,2.7573556900024414,2.856257915496826,18
0.82252267,142.24666877,281.40666103,2.2,2.1,0.1234355,0.18352413,0.24079156,0.2922461,0.34223318,0.38801694,0.4303708,0.46954846,4
0.95688637,157.50713276,208.33321467,2.5,2.6,0.15418172,0.24738097,0.3379774,0.4251604,0.50667715,0.58268213,0.6545224,0.72210145,17
0.59736389,272.39207206,112.30343292,2.2,2.7,0.14860106,0.2237761,0.2982638,0.36659622,0.4302423,0.49087644,0.54750824,0.6009793,2
0.68886577,102.59546442,396.47435877,2.36032269,2.0493945,0.12953544,0.15428758,0.17620492,0.19294214,0.2107892,0.2259388,0.23917747,0.25148678,11
0.95465106,62.57825851,20.04342842,2.34388447,2.47214675,0.33599019,0.68274212,0.97548866,1.22068548,1.42603803,1.60051298,1.75039911,1.88124037,9
0.41097766,109.07019781,315.11200913,2.0,2.3,0.21696019,0.29445934,0.33825278,0.37415338,0.40418243,0.43021727,0.45265007,0.4726615,4
0.78007778,205.75497416,108.12697532,2.47422694,2.77141731,0.18442988,0.30567503,0.42407918,0.53702474,0.64097047,0.73811579,0.82893062,0.91414094,16
0.33030518,242.52969628,220.71733643,2.0,2.9,0.17427659,0.21517801,0.2560675,0.28897333,0.31822634,0.3458023,0.37103128,0.39415312,3
0.60909373,13.44297028,38.6777153,2.54599524,2.52852678,0.93549156,2.67329407,3.92897844,4.51274157,4.75038052,4.86068201,4.92840099,4.9716115,23
0.76700193,84.98421478,356.93338013,2.94278836,2.26529646,0.19843483,0.28493905,0.3574605,0.41711211,0.46907616,0.51425552,0.55368161,0.58872175,4
0.94131374,147.08396912,304.39450073,2.6175406,2.04631519,0.10707164,0.1528821,0.19304466,0.2291584,0.26664186,0.30101585,0.33361983,0.36400938,4
0.70897238,16.76842542,257.77086634,2.80374847,2.45861243,0.52953029,1.33104563,1.82616138,1.96826982,1.97843027,1.98105335,1.98396444,1.98663616,1
0.98590183,16.63816261,5.15134716,2.19238448,2.3520906,0.6017561,1.45799732,2.00368595,2.33964062,2.57642984,2.76025915,2.91248894,3.04089594,18
0.98460615,15.63720417,26.61335945,2.56537819,2.39790869,0.62333894,1.54303908,2.14229465,2.50004935,2.74376798,2.9333508,3.08686185,3.21734452,19
0.6920627982074634,17.76257981762082,0.01832359692277,2.8963269186072944,2.9488652723709508,0.9230663776397704,2.688689708709717,3.9758148193359375,4.635842800140381,4.981389999389648,5.205832958221436,5.368984699249268,5.50104570388794,5
0.97404933,67.88054233,229.92495742,2.3,2.2,0.20452738,0.35271072,0.48658252,0.6026869,0.7042067,0.7943394,0.8736043,0.9440272,17
1.0,10.13956738,400.0,2.0,2.0,0.2610743,0.41938162,0.46549511,0.47221327,0.47469616,0.47659373,0.47781944,0.47859597,21
0.98719603,159.07036209,395.9814909,2.4,2.5,0.10773468,0.14676023,0.18202066,0.21227717,0.24302745,0.27333426,0.30024314,0.32668066,11
0.48149502,140.59938982,122.3864598,2.0,2.3,0.26417637,0.46796823,0.6155765,0.7319944,0.8271389,0.9062941,0.97553515,1.0329657,16
0.9554574309858052,6.486638260014988,0.4633906424992037,2.8441960571794977,2.0346641814298456,0.8120408058166504,2.0849950313568115,2.8942391872406006,3.3806660175323486,3.7070000171661377,3.9516384601593018,4.14151668548584,4.300885200500488,22
0.54770234,95.38511129,344.9064647,2.13412057,2.81946709,0.27478981,0.47992158,0.60794163,0.7032299,0.77836967,0.84083462,0.8920176,0.93694925,17
0.90250064901697,7.651679442851332,0.0455459158857513,2.782831720542566,2.358331982456584,0.872399091720581,2.3471221923828125,3.3076157569885254,3.8451099395751953,4.182379245758057,4.434817790985107,4.625494003295898,4.786628723144531,22
0.46023448,139.67831592,94.85308008,2.8,2.6,0.41806054,0.92565036,1.2670801,1.4767964,1.62204,1.7365282,1.8347056,1.9170659,20
0.87207085,218.31708147,223.60389024,2.45249616,2.89130045,0.14476991,0.22469807,0.29864359,0.37854481,0.45160031,0.5202384,0.58530664,0.64722443,3
0.99424541,128.7749334,372.14825245,2.8,2.0,0.11957669,0.17758417,0.23563242,0.29030514,0.3413806,0.38933563,0.43443418,0.4764688,4
0.58867431,296.32321167,341.021698,2.18776441,2.84838748,0.11129999,0.14764452,0.17847347,0.20988154,0.24164319,0.27081656,0.29709578,0.32354474,11
0.66170803,115.55198238,73.57867486,2.2,2.1,0.2696936,0.5057199,0.6985104,0.8590238,0.99466276,1.1097891,1.2089076,1.297488,10
0.70216809,192.55797733,158.70261749,2.0,2.6,0.14146495,0.21631289,0.2882583,0.35548472,0.4184401,0.47722197,0.5314028,0.582525,2
0.67996564,32.53558092,70.2579949,2.6,2.4,0.6334541,1.6656334,2.3126109,2.6167548,2.7810986,2.9010646,2.9937623,3.0725625,23
0.92715404,254.89168112,326.86309383,2.4,2.1,0.07601714,0.11699414,0.1518848,0.17331433,0.199085,0.22542882,0.25231314,0.27769732,11
0.74583888,277.26292998,27.93118152,2.4,2.6,0.14994097,0.2463336,0.33867812,0.4279642,0.5128343,0.5936012,0.6701729,0.7430608,15
0.5116722701190561,98.42758880146964,0.0114415143313523,2.6041765425508245,2.010037426194104,0.4411303997039795,1.0189664363861084,1.394113540649414,1.6215078830718994,1.78680157661438,1.9148976802825928,2.0271975994110107,2.122376203536988,18
0.774197289023319,6.159451885547948,0.0109337323231019,2.645340296565009,2.5386235777977246,1.02899169921875,2.97609806060791,4.388424873352051,5.104400157928467,5.49579668045044,5.777429103851318,5.988386631011963,6.14330530166626,5
0.85186792,231.16514925,102.43255559,2.96497657,2.16950343,0.13666654,0.2177341,0.29623628,0.3711772,0.44360113,0.51374316,0.5798738,0.64284158,2
0.46299857,52.7312381,70.78142954,2.4,2.6,0.6579516,1.7627432,2.4634407,2.7434437,2.8597577,2.9339364,2.992727,3.0439513,23
0.61697516,148.7872154,394.28755052,2.3,2.3,0.12969089,0.15700936,0.18661642,0.20790887,0.22924542,0.24953008,0.26925683,0.28740287,11
0.92585824,15.06323694,76.98981915,2.8,2.1,0.62570786,1.6437361,2.2812812,2.6143768,2.8163998,2.9603822,3.071904,3.1643436,20
0.67228882,254.03454474,274.30979956,2.7,2.8,0.15107727,0.20346975,0.2597072,0.32004356,0.3725207,0.42124867,0.46782684,0.51139426,4
0.76856445,206.41169378,218.18140367,2.9,2.3,0.155931,0.24392867,0.33023143,0.41301203,0.49099112,0.5633683,0.6308212,0.6952195,17
0.94833189,236.80291103,200.04635595,2.8,2.2,0.1146512,0.18688655,0.24884367,0.31206417,0.3756969,0.4360466,0.4931264,0.54835105,3
0.7992632369183184,5.279661708622278,0.0838172193767911,2.749285226637685,2.377170059158922,1.0279698371887207,2.93467664718628,4.2882981300354,4.977848052978516,5.387957572937012,5.692136764526367,5.927909851074219,6.105871200561523,5
0.73295414,69.77493761,352.78747025,2.8,2.6,0.2811861,0.49062562,0.6327517,0.745837,0.8366504,0.9115186,0.9726107,1.025332,17
0.6188113232277783,14.59303268115415,0.0098857186559181,2.4720473044280054,2.3213773276004983,0.9315128326416016,2.6519083976745605,3.8404078483581534,4.4084086418151855,4.698638439178467,4.883107662200928,5.019894123077393,5.115360736846924,5
0.47587621,7.54681349,1.14042652,2.44682264,2.62797928,1.2049706,3.67058945,5.97998095,7.38412714,7.88391066,8.01168251,8.13358688,8.20914841,13
0.74109042,254.37037659,393.10726929,2.76089764,2.24099207,0.09852648,0.11899328,0.14163136,0.14832282,0.16025376,0.17670918,0.18746185,0.19833803,11
0.50389539,143.9422334,80.16213644,2.6,2.4,0.35909772,0.7373123,1.0018501,1.1917803,1.3376179,1.4573998,1.5540223,1.6376345,10
0.9642917246377412,1.443590676742358,0.0054573581857837,2.0803491701865022,2.7960662689482856,1.1143357753753662,3.3945820331573486,5.227303504943848,6.192307472229004,6.678465843200684,6.975360870361328,7.204198837280273,7.375801086425781,5
0.7628645534685826,27.47557658318728,0.0046327765663724,2.52527463862907,2.5433823661440984,0.684443473815918,1.8029241561889648,2.513391494750977,2.8992562294006348,3.1445698738098145,3.328737735748291,3.475217819213867,3.604700088500977,22
0.51998472,72.43842316,282.84991455,2.06296062,2.14828539,0.28177929,0.48910475,0.60226297,0.67658329,0.73073053,0.77466154,0.80886817,0.83621287,21
0.74575255,89.13731741,133.58293131,2.4,2.9,0.3126793,0.61090446,0.8432634,1.0321937,1.1859355,1.3151503,1.4240766,1.5189366,10
0.90219174,291.02540495,279.02147657,2.8,2.2,0.09999776,0.1456716,0.18259883,0.22208047,0.2653129,0.3061769,0.34359622,0.38022137,4
0.40430852,82.49822865,210.41947374,2.9,2.1,0.4672079,1.1799681,1.6229169,1.767833,1.8183007,1.8578823,1.892905,1.9230244,1
0.87036166,141.87261835,214.68013937,2.6,2.2,0.16478133,0.26793027,0.36909747,0.46235156,0.54778004,0.62716746,0.7005904,0.76919746,17
0.4500532119682734,9.082064145070872,0.9292323023209228,2.3828988508224365,2.1112697912831604,1.0661208629608154,3.23016619682312,5.077535629272461,6.07811450958252,6.421317100524902,6.580194473266602,6.681218147277832,6.744076728820801,5
0.54707706,286.95245361,233.76042175,2.32152486,2.05706859,0.10118794,0.13737869,0.16894317,0.19306421,0.22168112,0.24777341,0.27262616,0.29634666,11
0.99955401,241.61030481,0.13041947,2.00201058,2.00537635,0.09671116,0.17321706,0.24407625,0.31150126,0.3776288,0.44227862,0.50484157,0.56566691,2
0.8947945392831018,29.06356230737767,0.1001069226093857,2.721075585748433,2.0525114198912786,0.502342700958252,1.1774449348449707,1.648285150527954,1.961578607559204,2.191845655441284,2.375385999679565,2.528850793838501,2.660750150680542,18
0.69935545,167.96505485,93.26457522,2.9,2.8,0.27180195,0.4868121,0.67738485,0.846642,0.9965224,1.1306055,1.2508702,1.358748,10
0.817681963726909,16.466164021705612,0.0079869242596384,2.4691510853713603,2.6969182463827384,0.7912096977233887,2.17783784866333,3.081491470336914,3.552499294281006,3.834932804107666,4.035231113433838,4.192786693572998,4.325582027435303,22
0.81555052,230.55625845,218.11795445,2.1,2.5,0.10354805,0.1549182,0.19984269,0.23997235,0.28364587,0.32455015,0.3630159,0.39975214,3
0.53025185,183.02982295,4.2129242,2.0,2.3,0.24482775,0.4419458,0.6068258,0.74668837,0.8675442,0.9733851,1.0653975,1.1479259,15
0.633590183303331,27.234322674661456,2.9675973121964265,2.6923668400950835,2.840875129663476,0.8356423377990723,2.3970625400543213,3.479066610336304,4.017010688781738,4.291998863220215,4.467998504638672,4.6032304763793945,4.70847225189209,22
0.77961624,157.05329895,349.72192383,2.70958233,2.68109775,0.16112089,0.22403479,0.28787684,0.34837532,0.40290475,0.45238853,0.49821901,0.54062724,4
0.692505051214069,5.181733567031998,0.1330390518175296,2.080897004323126,2.020234853525702,1.0007500648498535,2.8610546588897705,4.154315948486328,4.776552200317383,5.092934608459473,5.305559158325195,5.444699287414551,5.55644416809082,5
0.33562464,286.43664551,49.89566803,2.32762313,2.00010657,0.20442319,0.31018019,0.40027237,0.47665071,0.54410362,0.60424709,0.65981126,0.70922494,16
0.99941372,48.77995712,381.56871346,2.51513658,2.63394561,0.23017168,0.37744665,0.49510479,0.59331083,0.67540479,0.7448678,0.80404711,0.85454154,17
0.7907448660714176,1.524451708929503,0.0090508521588366,2.7582437713329018,2.545944526673141,1.204200267791748,3.725687980651856,5.975971221923828,7.287236213684082,7.901978492736816,8.244868278503418,8.539570808410645,8.80233097076416,12
0.44916381,299.17952416,197.10514091,2.5,2.6,0.16645479,0.22585082,0.28617,0.34031034,0.39060163,0.43676758,0.47971296,0.5203309,3
0.64635576,35.12547738,293.47656499,2.4,2.2,0.38401437,0.8250165,1.0695498,1.1614447,1.2043722,1.2349155,1.2598691,1.2793837,21
0.68367365,164.97537809,391.34051922,2.8,2.7,0.17027116,0.2238996,0.28013945,0.33242464,0.3777287,0.41950202,0.45846748,0.4942255,4
0.97788287,42.53184486,159.07862994,2.3,2.2,0.30052876,0.5925343,0.82562375,1.0130861,1.1634371,1.2875445,1.3915961,1.4781516,10
0.83289552,6.6117252,84.89917092,2.21458711,2.60262179,0.82240868,2.32293415,3.34295464,3.78646755,3.95504999,4.01854372,4.04588556,4.0660224,23
0.5682520178147111,2.194846684611534,113.3886045680188,2.8770735289571467,2.086742572737265,0.8449447154998779,2.499640941619873,3.812876701354981,4.360878944396973,4.479518890380859,4.5253520011901855,4.529785633087158,4.52987003326416,23
0.4833091311594679,34.86661307483924,374.4166013827526,2.0,2.1,0.2969467639923095,0.5315289497375488,0.6037001609802246,0.6170196533203125,0.6272828578948975,0.635655403137207,0.6423988342285156,0.6481330394744873,21
0.7367275,88.58904164,145.4184591,2.5,2.7,0.32188296,0.63191056,0.87077165,1.0621858,1.2171838,1.34639,1.4545801,1.5477674,10
0.7722358025154921,40.10987364276591,0.103332709050945,2.111167029872665,2.972585007232821,0.5820021629333496,1.5092451572418213,2.109489679336548,2.460815668106079,2.7013819217681885,2.88793683052063,3.040475606918335,3.1739518642425537,18
0.49626955,150.67765771,23.14262546,2.1,2.6,0.32447696,0.6395612,0.86905956,1.043956,1.1821516,1.2969203,1.393688,1.478534,9
0.80421911,48.95534847,49.14172629,2.0,2.9,0.40205216,0.88186026,1.2330585,1.4792519,1.6643004,1.8109407,1.9320555,2.039093,19
0.72542202,264.71321029,370.87748816,2.09389287,2.73771736,0.09053373,0.12685418,0.1569767,0.1812427,0.20745206,0.23203015,0.25596905,0.27863097,11
0.3,9.606853001783271,27.32555788044132,2.09023595,2.6747818,1.0855286121368408,3.5244829654693604,6.04621696472168,7.861859321594238,8.602670669555664,8.635673522949219,8.636373519897461,8.636906623840332,14
0.6184759645496262,2.2732144367214464,0.0036233169061342,2.651582661964337,2.583257416063949,1.223700761795044,3.913958549499512,6.598243236541748,8.39704704284668,9.165544509887695,9.370973587036133,9.480396270751951,9.603450775146484,12
0.64558953,6.43943343,28.33437239,2.11150142,2.25348947,0.99139285,2.85506654,4.1928587,4.78825951,4.99913883,5.08344364,5.12765503,5.16105843,23
0.67146986,198.31097024,280.32098112,2.6,2.9,0.17085314,0.24048948,0.3130741,0.38025784,0.44089818,0.49610472,0.5480366,0.5960176,4
0.40354559,84.04779666,61.45036821,2.3,2.4,0.55949235,1.4177041,1.9196718,2.1107757,2.2077763,2.2790072,2.3425343,2.3971488,0
0.34185437,270.20948636,135.22072123,2.8,2.8,0.29102206,0.49301195,0.6272197,0.737468,0.8312764,0.91210103,0.98347473,1.0455444,17
0.8815143139100754,3.000824247202993,0.2201038218150225,2.5389489972361035,2.628609540059663,1.0902149677276611,3.215878963470459,4.82564115524292,5.654576301574707,6.108141899108887,6.424540519714356,6.6797285079956055,6.869534492492676,5
0.447720137268462,10.366823768418405,32.48597478895221,2.8,2.8,1.0820555686950684,3.375230312347412,5.509940147399902,6.791814804077148,7.221449851989746,7.309200286865234,7.35969066619873,7.386103630065918,7
0.8988296078790852,4.896808379954434,0.0388527132792822,2.4060223300773105,2.103279058144163,0.9125823974609376,2.4424703121185303,3.42212176322937,3.949913740158081,4.284951210021973,4.528154373168945,4.709072113037109,4.856409072875977,22
0.58729906,237.68844478,176.82685813,2.7,2.0,0.1575768,0.24225307,0.3272233,0.40422773,0.4752736,0.5413425,0.6028793,0.66057944,3
0.980605811678346,3.7843398708292586,0.6095776153542037,2.6921947618044486,2.8299297067433544,1.0189859867095947,2.926579236984253,4.295015335083008,5.018074035644531,5.4442949295043945,5.751409530639648,5.992437362670898,6.180809020996094,5
0.3570946216923635,2.855507571002197,0.1898520869492646,2.0716938180136752,2.5722311723557016,1.2129414081573486,4.067794799804688,7.335872650146484,10.13949966430664,11.791459083557127,11.87564182281494,11.882445335388184,11.88830852508545,12
0.87632942,130.05436707,78.9054184,2.84177589,2.2115798,0.20693493,0.36500359,0.51598406,0.65253973,0.77629995,0.88975239,0.99297833,1.08817673,16
0.68737608,5.85022449,13.99513912,2.06874442,2.7433362,1.06060219,3.16744161,4.83518791,5.66864586,5.95709515,6.08896351,6.15838814,6.20114708,6
0.70190401,177.69549764,323.73868432,2.2,2.8,0.12991476,0.17257476,0.21593976,0.25118208,0.28521252,0.31787372,0.34809494,0.3765633,4
0.69248091,57.91281517,193.40218293,2.50215205,2.54912153,0.39004445,0.83891678,1.14219117,1.33179784,1.46236467,1.56091309,1.64132023,1.70949888,10
0.79749969,157.2227,366.35354955,2.21610887,2.30044662,0.1086216,0.14597821,0.18217802,0.2102704,0.23858094,0.2654953,0.29133701,0.31578708,11
0.4120609175107321,112.69924893135769,319.25366353799603,2.0,2.0,0.1998040676116943,0.2717640399932861,0.3181536197662353,0.3563065528869629,0.3885905742645263,0.4170219898223877,0.4419624805450439,0.4639444351196289,4
0.6253272241502119,1.1105365783197296,5.69688992967369,2.173114444604753,2.92477898783045,1.2206013202667236,4.072896957397461,7.262799263000488,9.71202564239502,11.03413200378418,11.278265953063965,11.284125328063965,11.289286613464355,14
0.6208472248633051,0.9716857071091488,0.0769100138002613,2.677177100843807,2.631524316501803,1.2676596641540527,4.182916164398193,7.400203227996826,9.922658920288086,11.189987182617188,11.308467864990234,11.31779670715332,11.325471878051758,12
0.62609946,269.19676073,391.20596348,2.53240045,2.23382391,0.0856452,0.11228013,0.13368773,0.13547778,0.14469481,0.15658188,0.16893196,0.17860532,11
0.6691645423376213,2.970380287082275,0.0070514856221512,2.6954574621629708,2.84183346490272,1.2169368267059326,3.8423335552215576,6.329899787902832,7.846691131591797,8.514007568359375,8.78788948059082,8.977453231811523,9.15300750732422,12
0.70037658,129.60261106,179.62807524,2.7,2.3,0.24390817,0.4297769,0.58967185,0.7278228,0.8485706,0.9551532,1.0492718,1.1337972,17
0.46290153,20.94427872,48.59324646,2.11179018,2.95975852,0.92603564,2.81595922,4.36946297,5.13208961,5.31617928,5.35492325,5.37231731,5.38454723,7
0.6447206769413963,0.9566044509928212,111.41967661004114,2.1193102824865253,2.275989585226414,0.8754451274871826,2.665181398391724,4.211572647094727,4.964674949645996,5.037359237670898,5.04189395904541,5.042482376098633,5.04271411895752,23
0.44193538,56.40320353,232.34591018,2.3,2.7,0.4493432,1.0435572,1.3678539,1.4512842,1.4806573,1.5058863,1.5275133,1.5462444,1
0.68456702,56.29134199,299.3487625,2.3,2.4,0.28691173,0.51285124,0.65407467,0.7516897,0.8249142,0.8816676,0.9271331,0.96577334,21
0.79764924,110.58871201,50.26322932,2.5,2.5,0.28925443,0.5543151,0.7833631,0.9803951,1.1508396,1.2993386,1.4279029,1.5428767,9
0.96867195,257.04338718,132.8625967,2.85761764,2.4938955,0.14805436,0.20336127,0.26881385,0.34069419,0.41227198,0.47679305,0.53893018,0.59963989,2
0.84820367,253.06664628,342.04830794,2.2,2.1,0.07077503,0.10508966,0.13355422,0.14550829,0.16571832,0.18594241,0.2056911,0.22373152,11
1.0,197.48103333,267.26422119,2.0,2.0,0.07501435,0.11838984,0.15456963,0.18531227,0.21838903,0.24960732,0.28053546,0.31011963,11
0.4364037026866594,5.140135606302975,0.0097085615076956,2.9559125709280543,2.641241831362528,1.2365074157714844,3.983213901519776,6.870425224304199,8.951340675354004,9.926521301269531,10.077253341674805,10.090431213378906,10.120344161987305,12
0.55826855,98.03226917,334.81895542,2.5154822,2.60606633,0.2705822,0.44979477,0.55946684,0.64402413,0.71318388,0.7703023,0.81919503,0.86067319,17
0.7012670467659713,72.15757168793762,0.0069858964286984,2.3187022067624508,2.724904169744989,0.4787194728851318,1.1265485286712646,1.575366735458374,1.8731341361999512,2.092406272888184,2.268116950988769,2.4160256385803223,2.5416383743286133,18
0.95809519,82.79122162,82.02189636,2.05482984,2.64745188,0.24742055,0.47035289,0.67324662,0.85439324,1.01486111,1.15777564,1.28510737,1.39859843,10
0.316107906634725,16.84311778647548,30.00696378862101,2.10331922,2.76232337,1.0302255153656006,3.2908589839935303,5.481334686279297,6.884023666381836,7.322902679443359,7.333756446838379,7.336810111999512,7.338862419128418,7
0.35457292925837,284.78722951307174,0.1511068311580313,2.5593507676465745,2.846059620222854,0.3384633064270019,0.6675748825073242,0.8989474773406982,1.074030876159668,1.2154526710510254,1.3349790573120115,1.4377191066741943,1.5272181034088137,8
0.6182174153716731,69.70149482027315,0.0037627260623077,2.447777785145413,2.160113800329375,0.4807126522064209,1.136325120925903,1.5631070137023926,1.8220415115356443,2.008291244506836,2.1536965370178223,2.279500961303711,2.385035514831543,18
0.7960080808774995,1.8543731645756647,0.0174562755392713,2.536834806870884,2.328240707683721,1.1498641967773438,3.4860944747924805,5.406715393066406,6.474922180175781,6.981301307678223,7.315109252929687,7.599359512329102,7.818119049072266,5
0.35680408,166.79309858,252.9853004,2.5,2.6,0.29393077,0.49786687,0.6081042,0.6906781,0.7565179,0.81052613,0.85564137,0.8974979,17
0.83935309,176.36316892,256.97065932,2.6,2.9,0.16275716,0.24301028,0.32487917,0.4036858,0.4757688,0.54174423,0.6042204,0.6624751,4
0.3892362761364654,1.133419386719846,32.112465101373644,2.898705358774027,2.149316983809636,1.11383056640625,3.55129337310791,6.132152080535889,8.114166259765625,9.08193016052246,9.168878555297852,9.168935775756836,9.168935775756836,14
0.95167088,256.36710354,142.06509031,2.29629979,2.87105084,0.12083268,0.20145583,0.26865816,0.34131408,0.41374373,0.48226571,0.54647994,0.60938716,2
0.5293517612923184,162.4444191186766,0.0447090539623021,2.129804358295774,2.2569386515705325,0.306617259979248,0.6029272079467773,0.8317086696624756,1.0146205425262451,1.1638615131378174,1.290827751159668,1.4002044200897217,1.4935941696166992,8
0.38220692,243.19131882,179.35591147,2.4,2.2,0.2046709,0.2987752,0.37933898,0.44803524,0.508652,0.5627105,0.61164474,0.6568892,3
0.43272607,33.03020658,12.90583134,2.65685226,2.5503678,0.89335155,2.6240654,3.90792322,4.49226713,4.73636007,4.86667728,4.95034027,5.00897551,22
0.70136959,66.53358783,85.77090758,2.1,2.3,0.35719657,0.7419312,1.016851,1.212456,1.35899,1.4797215,1.5759473,1.6561587,10
0.4618724,33.714049,71.20314967,2.4,2.3,0.7514515,2.0929334,2.9789999,3.3143384,3.4113896,3.4563196,3.4905684,3.520559,23
0.43602374,86.36203461,77.08997456,2.5,2.9,0.5669725,1.453568,2.0194073,2.262268,2.3841748,2.4755206,2.549312,2.6154604,20
0.36440712,170.52614444,30.79950399,2.2,2.5,0.3932836,0.84332395,1.120403,1.2780526,1.3928189,1.4870186,1.5657749,1.6316061,9
0.33568669,136.98782138,108.20130296,2.5,2.8,0.47756362,1.1363981,1.5413122,1.701447,1.7857609,1.8552237,1.9143748,1.9665108,0
0.6726566811364161,2.7740897897957564,0.6559269610688686,2.8966736867785405,2.829044170548271,1.2298955917358398,3.8829503059387207,6.4132609367370605,7.981439113616943,8.676509857177734,8.968053817749023,9.18283462524414,9.38140869140625,13
0.88264453,95.45541382,384.65737915,2.26168966,2.3072865,0.14330006,0.19442344,0.24817967,0.29417467,0.33553052,0.3731401,0.4071548,0.4381969,4
0.57598554,37.76239618,371.47663462,2.43236694,2.55442869,0.36329007,0.73178601,0.91423893,0.96412754,0.98490095,1.00088191,1.01358819,1.02407813,21
0.30304572,115.51919336,221.85150646,2.94987973,2.87756502,0.50044942,1.23866081,1.72126341,1.86865282,1.90363932,1.93274164,1.95849657,1.98195457,1
0.9958649441771504,36.339696770997946,0.0071788966786216,2.4468837914618105,2.038108965371503,0.3896758556365967,0.8449904918670654,1.199275255203247,1.469825029373169,1.6842374801635742,1.8620028495788568,2.013045310974121,2.144228458404541,8
0.87037906,210.79109249,194.84100727,2.4,2.6,0.13125753,0.20533323,0.27505255,0.3412571,0.40527773,0.46607733,0.52335024,0.5782182,3
0.97356691,159.04988803,223.17008186,2.95958305,2.26977106,0.14191556,0.21927547,0.29655075,0.3677752,0.43616962,0.50021172,0.56044483,0.61752772,3
0.7526136659686112,20.8983608962044,0.0123502258762865,2.0439937199310294,2.4883857017778777,0.7240042686462402,1.94736909866333,2.688789367675781,3.057051181793213,3.2765603065490723,3.440250873565674,3.567878246307373,3.676648139953613,22
0.9247124690861191,32.22267070362023,0.6309978438357036,2.7217039576993445,2.94494746182023,0.5852625370025635,1.4459669589996338,2.052259683609009,2.4459402561187744,2.729231595993042,2.95317006111145,3.138908624649048,3.2991654872894287,18
0.3340896472616841,19.52965333460642,0.3003781438244761,2.57810426,2.33328009,1.0666968822479248,3.272473096847534,5.232550621032715,6.335834503173828,6.672630310058594,6.761472702026367,6.81981372833252,6.85590934753418,5
0.3,95.22678573,88.70663567,2.0,2.0,0.50505471,1.23583198,1.59801459,1.68175578,1.72195005,1.75584292,1.78491712,1.81195021,0
0.64320179,106.54139461,144.26351468,2.6,2.3,0.31144404,0.60456276,0.825377,1.0004647,1.141763,1.2588856,1.3576496,1.4434993,10
0.38504646,104.64017419,6.79305093,2.6,2.0,0.5871,1.5564075,2.1319218,2.3497753,2.4602594,2.5479627,2.6227775,2.6874723,0
0.72400774,231.94486074,110.38120214,2.4,2.4,0.15210724,0.24296021,0.33309484,0.4165728,0.49499846,0.5694363,0.63891053,0.7043221,16
0.56251153,99.32600361,280.42937177,2.44228019,2.2087394,0.24363971,0.3903296,0.48955536,0.56834793,0.63438368,0.6895113,0.73564553,0.77660227,17
0.84272977,59.67420149,379.92523097,2.3,2.3,0.19017935,0.2738912,0.34389257,0.40065622,0.4485073,0.48911357,0.5240855,0.55481195,4
0.30945316,190.61165308,343.26018648,2.1,2.8,0.17100525,0.1884253,0.20731115,0.21837687,0.22813535,0.23852587,0.2486608,0.2575662,11
0.98883194,267.97794123,164.80788899,2.7,2.5,0.13621235,0.19276929,0.24880338,0.31795526,0.38614964,0.4478371,0.50659513,0.5639844,2
0.31424838,101.83412933,390.15911865,2.3468318,2.17498827,0.23211932,0.28825641,0.30167961,0.3136692,0.32423949,0.33369875,0.34225798,0.34975672,11
0.50661383,39.96025707,12.08832575,2.31107243,2.93700783,0.81249976,2.40923262,3.56338787,4.08870077,4.29890776,4.41317749,4.49381113,4.5681653,22
0.92776543,21.52859116,2.08256793,2.37082911,2.02053261,0.54427719,1.27289414,1.75044274,2.05650783,2.27630305,2.4495275,2.59231353,2.71679997,18
0.45608342,247.06756592,108.51421356,2.81618023,2.28582644,0.2129693,0.33178496,0.43669581,0.52745652,0.60866833,0.68202424,0.74888778,0.80948091,16
0.4350014953945672,18.38315658632773,0.0050362407294145,2.245058819842819,2.7200543761826124,1.041015386581421,3.2129428386688232,5.075760841369629,6.046143531799316,6.357217788696289,6.466989517211914,6.543369293212891,6.594269752502441,5
0.3456437768917723,21.898733539559768,0.0681000515163974,2.936377946247569,2.762902195184008,1.1130399703979492,3.476631164550781,5.672418117523193,7.004568576812744,7.451559543609619,7.554898738861084,7.638423442840576,7.698605060577393,5
0.52023692,71.45832025,281.56478489,2.1,2.0,0.27002335,0.4588325,0.56256604,0.6301234,0.6806843,0.720978,0.7530823,0.779161,21
0.7929365313499785,5.891759067761561,0.0221488171300187,2.2381513593059714,2.88571786880036,1.0269229412078855,3.0928125381469727,4.683812618255615,5.473065376281738,5.843420505523682,6.065322399139404,6.220779895782471,6.357254505157471,5
0.70036614,160.59980774,1.45171118,2.66015983,2.14882827,0.23531103,0.42896056,0.60409737,0.75921082,0.89711118,1.02113128,1.13213062,1.23238039,15
0.94598573,19.63079453,9.51634598,2.1118629,2.24526453,0.57066178,1.36270452,1.8693397,2.18249345,2.40515256,2.57828927,2.71980023,2.84166694,18
0.30383477,9.79766369,0.26672798,2.61463308,2.02973223,1.16388941,3.48752522,5.68748093,6.97521305,7.45837593,7.71989059,7.86237144,7.92159176,5
0.94166725,46.55288853,42.76333687,2.6,2.6,0.41839862,0.91241145,1.2943895,1.5860984,1.8139741,1.9989202,2.1536992,2.2866209,19
0.90461283,212.21813195,390.68329255,2.4,2.3,0.08620644,0.1222651,0.15242219,0.17096043,0.19286585,0.21485305,0.23708534,0.25842118,11
0.59754601,288.58095163,352.62011259,2.2,2.9,0.10870051,0.12631679,0.14948988,0.15703249,0.1731379,0.18964076,0.1983459,0.21157432,11
0.43768315,184.23037592,209.59583143,2.5,2.9,0.27119422,0.45004272,0.5712035,0.6714759,0.7562952,0.83008695,0.8942163,0.95130324,17
0.49964388,295.17594324,19.95588006,2.36811725,2.70484958,0.21473312,0.35443497,0.48523545,0.60188603,0.70791674,0.80508184,0.89445996,0.97706962,15
0.6194779987556309,32.29282932962615,0.0092946285397921,2.402243279643665,2.2837905512666623,0.7179028987884521,1.922356367111206,2.665036916732788,3.0350797176361084,3.2455008029937744,3.3933613300323486,3.513763189315796,3.609337091445923,22
0.624338331515376,4.776549024591083,0.0643908805394422,2.8101039361119944,2.594642194355496,1.1627695560455322,3.5824851989746094,5.70513916015625,6.903303146362305,7.417272567749023,7.680078506469727,7.902830123901367,8.086942672729492,5
0.57262492,241.47744751,257.69180298,2.22005415,2.76320338,0.15322089,0.21741533,0.28232408,0.34166241,0.39732981,0.44891882,0.49661279,0.54144621,4
0.6281929278472346,1.923687897747498,2.617136074201844,2.995433014085769,2.44431008712967,1.2228045463562012,3.885983943939209,6.54106330871582,8.327615737915039,9.103836059570312,9.31520652770996,9.448042869567873,9.603375434875488,14
0.31749923,287.75002174,307.34067927,2.1,2.8,0.12479878,0.14117908,0.15684962,0.1627047,0.1709547,0.18053484,0.19021869,0.19652867,11
0.71854007,218.32130432,129.99557495,2.72881651,2.37029409,0.16715193,0.26425219,0.36044002,0.44923615,0.53188086,0.60929298,0.68129206,0.74913192,17
0.30306814,123.85037361,75.16976669,2.20309779,2.05338321,0.45196247,1.05108905,1.35393286,1.45540977,1.51809549,1.56897283,1.6120379,1.65054226,0
0.38046584,294.1082897,254.82964632,2.4,2.2,0.14097905,0.17345047,0.2100172,0.23915815,0.26725936,0.29392362,0.31979537,0.3439095,11
0.99745341,295.47235992,7.37298668,2.02063132,2.03441166,0.08267641,0.14677811,0.20581532,0.25971341,0.31459403,0.36745763,0.41944194,0.47098088,2
0.57657832,164.52359011,37.2745327,2.3,2.1,0.2542255,0.46384454,0.6392553,0.78931,0.91794133,1.0306392,1.1282051,1.2143865,9
0.53745946,113.32376802,389.45112281,2.3,2.9,0.1982565,0.2519257,0.29262352,0.32259536,0.3510058,0.37565494,0.39746165,0.41689873,4
0.871478207461713,1.095953067876829,66.54508863163451,2.65464189307386,2.273276498424188,0.9780278205871582,2.936485290527344,4.5072431564331055,5.299985408782959,5.564472675323486,5.691018581390381,5.743433475494385,5.756137371063232,7
0.30570067,240.1972447,127.0334594,2.4979986,2.63206295,0.32377338,0.60158491,0.76750946,0.88405085,0.97594833,1.05065536,1.11569452,1.1709311,10
0.30217131,296.19786512,356.62773487,2.5,2.4,0.1448648,0.15846181,0.17606735,0.1850164,0.19855928,0.20959568,0.21808243,0.2282145,11
0.62318676,119.75647558,36.78999469,2.1,2.8,0.30909395,0.6080537,0.8406284,1.0281184,1.1805983,1.3081908,1.4171672,1.5138698,9
0.35916367,236.40864754,190.61415035,2.2,2.8,0.21065784,0.2968967,0.36675143,0.42459822,0.47630215,0.52299523,0.56523347,0.6030581,3
0.58074627,19.62557843,254.11528146,2.6,2.9,0.5849087,1.547473,2.1822515,2.3574748,2.3610234,2.3610573,2.3612447,2.3613715,1
0.54735945,123.09105851,270.15831379,2.0,2.3,0.18352437,0.26050735,0.32635212,0.38146544,0.4293661,0.4716425,0.50912,0.5422013,4
0.84557111,214.98479511,165.91280086,2.76416343,2.53051709,0.15189028,0.23805523,0.32219934,0.40577388,0.4844048,0.55710959,0.62614202,0.69180298,17
0.93588235,287.06531555,50.26766804,2.8,2.8,0.16359496,0.23764467,0.31746793,0.4124987,0.4994421,0.5808699,0.65993977,0.7364447,16
0.98349503,136.90016344,253.87991366,2.4,2.4,0.1400075,0.21919513,0.29781318,0.37112856,0.4397471,0.50375843,0.5637474,0.6198089,4
0.3839406752423465,5.142232547573561,0.0762035124833429,2.807988092687923,2.3304735443142843,1.2011511325836182,3.864607334136963,6.652783393859863,8.748291015625,9.692157745361328,9.778067588806152,9.78322696685791,9.788264274597168,12
0.87821285,22.02332111,102.33733077,2.1,2.2,0.47797656,1.1078317,1.5056219,1.730665,1.8788242,1.9947262,2.0838914,2.1545153,20
0.61256543,74.37892055,266.66130951,2.6,2.8,0.34853935,0.6885791,0.906785,1.0485659,1.1504562,1.230454,1.2939548,1.3474512,10
0.63118658,262.0957399,60.46677242,2.2,2.8,0.16135001,0.25550866,0.34971666,0.43579984,0.5156479,0.5911598,0.6619241,0.72816133,16
0.3,172.11421947,400.0,2.0,2.0,0.12307334,0.13101506,0.13503218,0.1350348,0.1378262,0.14017868,0.14129829,0.14397812,11
0.93416022,67.99003896,342.25211769,2.4,2.5,0.19733095,0.30654764,0.4047222,0.48745108,0.5592971,0.6221585,0.67676115,0.7251308,17
0.4063480294911462,1.5697937368248638,0.0045255501218984,2.495906574041378,2.815183568812317,1.27898907661438,4.311466217041016,7.901760578155518,11.117984771728516,13.17611312866211,13.23813819885254,13.243871688842772,13.248653411865234,12
0.74669075,34.12193523,361.32709941,2.4,2.5,0.31843925,0.5937171,0.74290276,0.8211942,0.86970186,0.9042716,0.93159056,0.9530101,21
0.38007765,55.23492453,204.97604043,2.1,2.3,0.46008062,1.0758133,1.382201,1.4265413,1.4419374,1.4563937,1.4694755,1.4815207,1
0.7645229932162315,1.3379841618052215,0.0607053316505079,2.157446020764277,2.043725365126725,1.1158242225646973,3.409987211227417,5.344114303588867,6.455050468444824,6.960637092590332,7.215871810913086,7.413299560546875,7.541754722595215,5
0.66882871,249.88157362,132.3535394,2.85795948,2.49284417,0.16623926,0.25576448,0.3447926,0.42830706,0.50608754,0.57843709,0.64632249,0.71040869,17
0.9124499769373754,105.936286408038,0.0960577519418433,2.071924003736545,2.384016007184636,0.2388248443603515,0.4514083862304687,0.6489303112030029,0.8268797397613525,0.9859380722045898,1.1290299892425537,1.2585270404815674,1.3748531341552734,8
0.33836983,220.7452794,129.39756098,2.2,2.2,0.25018644,0.40622926,0.5127158,0.59848976,0.6721513,0.7341285,0.788851,0.8347869,17
0.5957064530952442,19.537036814610563,0.1526575354436752,2.337185599845844,2.129055290937373,0.8428106307983398,2.325218677520752,3.271984100341797,3.723578929901123,3.962056159973145,4.11276388168335,4.229561805725098,4.309364318847656,22
0.49352864,281.7374852,253.28814085,2.2,2.4,0.11714077,0.15134168,0.1857779,0.21185946,0.23979926,0.26682758,0.29248953,0.31673193,11
0.32607552,17.7293129,17.05942535,2.49011087,2.94302177,1.14435077,3.55031347,5.89145994,7.43246698,7.92216444,7.97128534,7.9867301,7.99584532,6
0.38444954,138.12105197,319.45811479,2.1348748,2.6296315,0.26819134,0.43870211,0.5294342,0.59704423,0.65103173,0.69756722,0.73632073,0.7695663,17
0.55270003,219.28825743,299.3882436,2.1,2.7,0.12227392,0.15480542,0.18665385,0.21243644,0.23632264,0.25987315,0.28273916,0.30408978,11
0.83638686,138.73362554,119.57350212,2.6,2.3,0.20386648,0.3555727,0.4996736,0.6307461,0.74967,0.8587494,0.9587624,1.0500836,16
0.7701013177294427,8.777707733050326,0.2871603583747589,2.165413714439121,2.449059766851921,0.9242870807647704,2.6273443698883057,3.771275281906128,4.323118209838867,4.609657287597656,4.792566299438477,4.9378204345703125,5.040573120117188,22
0.83558738,265.01809692,91.90446472,2.0671885,2.61422014,0.11856389,0.19879436,0.27282691,0.34297204,0.41233969,0.4792769,0.54314494,0.60485363,2
0.53232277,7.9685338,128.84434109,2.63240419,2.8208271,0.90854263,2.7084856,4.21982193,4.98851013,5.16098118,5.1798768,5.18005753,5.18008232,7
0.33498778,290.8787549,247.9333355,2.4,2.2,0.15695739,0.19086552,0.22859645,0.25918603,0.28796506,0.31505513,0.34083772,0.36456037,3
0.30466751,274.10431652,238.41008708,2.7,2.5,0.23387694,0.33115435,0.39592457,0.45243979,0.5029087,0.54789305,0.5883882,0.62521434,3
0.47697675,64.38792419,120.33490753,2.18156409,2.55988145,0.5435822,1.40714216,1.92985439,2.11955643,2.1996994,2.26147175,2.31628942,2.36441374,0
1.0,21.82489746765935,395.14797112500463,2.1,2.1,0.2178230285644531,0.3353073596954345,0.4065403938293457,0.4567251205444336,0.4937179088592529,0.5213053226470947,0.5418522357940674,0.5572314262390137,21
0.9062406217939446,2.9475833946397865,114.78163609955747,2.4949614561595115,2.991790554698285,0.8776340484619141,2.656752109527588,4.075701713562012,4.781354427337647,5.014833927154541,5.091212272644043,5.107698440551758,5.1099772453308105,23
0.5009942422958543,47.02156918805625,380.3262693901967,2.3,2.9,0.3902375698089599,0.881575345993042,1.165778398513794,1.2516117095947266,1.2778723239898682,1.2987771034240725,1.316687822341919,1.3319799900054932,21
0.46381423,278.28305054,290.14785767,2.86094022,2.46711826,0.14963603,0.18607092,0.22482324,0.25771832,0.29076624,0.31946898,0.34674335,0.37326145,4
0.40292433,38.14939275,196.63671595,2.73190695,2.77134121,0.66024971,1.84588504,2.69737697,2.98846745,3.01199365,3.01476312,3.01789784,3.0210793,1
0.3282778704710681,289.2390785086566,314.66957957583713,2.1,2.3,0.1196856498718261,0.1365127563476562,0.1546206474304199,0.1651990413665771,0.1782097816467285,0.1900801658630371,0.2023136615753173,0.213285207748413,11
0.49547655,84.09462358,9.50980444,2.5,2.9,0.59590626,1.5275722,2.12812,2.424603,2.5983367,2.73286,2.8410172,2.935298,18
0.30148347,131.16653951,142.50857048,2.59058827,2.37237006,0.4540019,1.06180835,1.40556335,1.5153687,1.57090116,1.61683488,1.6562264,1.6900394,0
0.53433955,5.9279809,12.76212215,2.5990653,2.4352231,1.16120505,3.47404361,5.50257874,6.63192368,7.01399899,7.17607021,7.30594826,7.37513733,6
0.8879391705286015,0.9328008531734726,0.0129073277090627,2.559229636269012,2.0284755438549955,1.1264307498931885,3.3490869998931885,5.10343074798584,6.081521987915039,6.615134239196777,7.003094673156738,7.3335418701171875,7.613185882568359,5
0.48417936,144.32231691,326.15198923,2.9,2.9,0.2892344,0.47750187,0.5941663,0.6874094,0.7651553,0.8323734,0.88994026,0.9409747,17
0.41330023,258.25764671,48.4860996,2.8,2.5,0.294878,0.53564835,0.716403,0.8662596,0.99361444,1.1032832,1.1981838,1.2818754,9
0.70647613,183.33142008,74.63930991,2.39400293,2.25457055,0.18928504,0.31978679,0.44505239,0.55782628,0.6611917,0.75573325,0.84301972,0.92360258,16
0.89702702,211.43632564,9.58736965,2.98452313,2.91030564,0.21007967,0.35504246,0.5022099,0.64520836,0.77677298,0.90177131,1.01929641,1.12992191,15
0.45179594,176.6477356,386.79171753,2.09109449,2.01301527,0.10532641,0.12155366,0.13098383,0.134727,0.14296055,0.15015268,0.15592241,0.16245842,11
0.3968961885867305,8.341192866680146,0.0124319530971071,2.321642745070415,2.5970067851569176,1.163618564605713,3.7404608726501465,6.343290328979492,8.118146896362305,8.845703125,8.936050415039062,8.95205307006836,8.970937728881836,12
0.91642537,162.40947518,172.97559837,2.2,2.4,0.13690567,0.22106862,0.30254006,0.3793974,0.45270777,0.5207279,0.58502746,0.6456356,3
0.3229765627063453,9.018303946246697,0.1645601716701135,2.774151436721385,2.550403308158212,1.2002110481262207,3.867502689361572,6.678972244262695,8.752710342407227,9.68706226348877,9.781292915344238,9.788091659545898,9.795453071594238,12
0.4639456836901527,79.4983760190137,0.0096983379058422,2.6515033429226644,2.0161827403824244,0.5455307960510254,1.3721051216125488,1.8682308197021484,2.117344379425049,2.279263019561768,2.39854383468628,2.5046463012695312,2.5940513610839844,18
0.6415194386892237,4.118578639559986,0.1201800921122513,2.4650697104504555,2.6347378196460047,1.1608521938323977,3.61518144607544,5.818355083465576,7.077914714813232,7.59643030166626,7.830275058746338,7.995991230010986,8.136585235595703,5
0.5281483784991248,3.0483030835696043,64.32342341766585,2.7702483181930697,2.489490054749525,1.0289630889892578,3.19588565826416,5.2216997146606445,6.466957092285156,6.829187393188477,6.849279403686523,6.862455368041992,6.86656379699707,7
0.5876229113880655,78.1769067834636,119.1667109753388,2.8,2.4,0.424293041229248,0.9639296531677246,1.3270554542541504,1.5458974838256836,1.6968836784362793,1.8157973289489744,1.91329288482666,1.99336051940918,20
0.35851044,284.03000218,330.71707847,2.3382366,2.10021995,0.10378814,0.12058568,0.1337347,0.13482356,0.14427066,0.15253115,0.16039014,0.16683531,11
0.3145836882677601,2.0541528906864617,0.0645728273655858,2.779466632445748,2.1913379579296968,1.2266831398010254,4.027143478393555,7.164534568786621,9.912598609924316,11.606514930725098,11.640331268310549,11.647479057312012,11.653613090515137,12
0.5779459758968186,133.9164991277806,0.0052248299459099,2.69484941703781,2.4435619217590863,0.3810608386993408,0.8116850852966309,1.1311168670654297,1.3681213855743408,1.5544116497039795,1.70867657661438,1.838048219680786,1.949657201766968,8
0.65669626,24.92955208,175.77174377,2.02013373,2.0267055,0.47255659,1.11483264,1.44785953,1.54971075,1.59252334,1.62433386,1.64953732,1.67007732,0
0.73475969,210.76096163,166.38456001,2.8,2.6,0.18248081,0.28880143,0.39360833,0.49328756,0.5844009,0.669399,0.748476,0.82253265,17
0.55508852,9.9483614,49.67920303,2.00727272,2.35144687,0.92895126,2.69084215,3.97209501,4.50398111,4.62638712,4.66122198,4.67555046,4.68621778,23
0.3009068,106.53111241,219.88976784,2.47499272,2.55784961,0.44537783,1.03987718,1.37082124,1.44878483,1.47747111,1.50372577,1.52666402,1.5468564,1
0.77929997,107.76672363,166.72187805,2.48026514,2.22837996,0.21755552,0.37417603,0.51405811,0.63540864,0.74219131,0.83719087,0.92188597,0.99789834,17
0.95037114219152,4.917059517156286,0.5293719102687544,2.02222422110814,2.912682731100641,0.9303522109985352,2.7126612663269043,3.961113929748535,4.570631504058838,4.887021064758301,5.10296630859375,5.2702717781066895,5.396963119506836,5
0.48680517,57.137779,336.07359515,2.6,2.7,0.38976336,0.81899333,1.0499306,1.1209383,1.1534033,1.1790881,1.2000206,1.2177432,21
0.3280680218139158,1.6637215298076151,0.030605053585914,2.5455832052466447,2.380866052483675,1.2465953826904297,4.145141124725342,7.49427604675293,10.499170303344728,12.34195613861084,12.37130641937256,12.378785133361816,12.385212898254396,12
0.4629031481890079,67.2240828743913,0.0088178592115818,2.935074336999298,2.6500010323803167,0.7176578044891357,2.00353479385376,2.870978355407715,3.2809834480285645,3.4891300201416016,3.62641954421997,3.735158443450928,3.821886539459229,22
0.88182587,293.61653036,167.12980634,2.7,2.3,0.10880685,0.17567563,0.23014688,0.2867515,0.34551644,0.40110898,0.45348382,0.5042124,2
0.37353459,19.38449287,49.93979263,2.79942775,2.56397915,1.01258802,2.98929977,4.64425755,5.50421715,5.73393536,5.81428242,5.8426199,5.85172653,7
0.7858954799421746,300.0,318.115096045651,2.0,2.1,0.0609912872314453,0.0907294750213623,0.1166303157806396,0.1253707408905029,0.142759084701538,0.1588542461395263,0.1746654510498047,0.1900331974029541,11
0.72207278,146.97105408,217.39784241,2.37734079,2.32141685,0.1791575,0.28071594,0.37882233,0.46537995,0.54295659,0.61419916,0.67898202,0.7385025,17
0.50539951,68.97730984,282.14772603,2.8,2.7,0.4205103,0.9371474,1.255924,1.3904145,1.4579527,1.5087392,1.5502899,1.5845859,1
0.9305718529938006,36.57985799763001,0.0057934340359079,2.18121774573981,2.887411794743899,0.5048828125,1.1981213092803955,1.6894361972808838,2.0314197540283203,2.288308620452881,2.49501895904541,2.667356491088867,2.815118789672852,18
0.5319618880090169,2.3945204673973604,0.0816871770640112,2.252120289831318,2.233548173510352,1.1701538562774658,3.7478816509246826,6.3502960205078125,8.166085243225098,9.076650619506836,9.289977073669434,9.305458068847656,9.316831588745115,12
0.39077883,260.88361732,126.17294381,2.1,2.1,0.16602278,0.23726916,0.30334425,0.36225367,0.4157369,0.46374154,0.50833106,0.5487833,2
0.45497781,60.60820389,130.30734253,2.00337434,2.45859003,0.53272486,1.36502314,1.84525633,1.99470282,2.0549798,2.10546827,2.14826393,2.18477154,0
0.84078057,228.7110502,330.98666793,2.08683903,2.52144125,0.09140873,0.13483191,0.17354012,0.20456576,0.23657775,0.26817489,0.2988739,0.32869744,11
0.61186713,130.4193573,285.8550415,2.24192166,2.46352506,0.20190954,0.3060503,0.39708543,0.47380877,0.54115987,0.60084486,0.65497375,0.70322084,17
0.99322253,182.93939209,391.86001587,2.80847025,2.89499593,0.15650654,0.18147826,0.22883868,0.28584695,0.33251166,0.37777662,0.42042065,0.46135116,4
0.75784211,81.94863828,166.74043767,2.3,2.8,0.28646326,0.5397072,0.7376449,0.8993027,1.0324216,1.144243,1.2378011,1.3192816,10
0.85874647,34.19327927,216.37924194,2.19595504,2.93833256,0.41767049,0.95827341,1.33505368,1.5688715,1.72745609,1.84401274,1.93389893,2.00599098,20
0.83676224,35.45427765,118.16439052,2.62595092,2.26071331,0.43904972,0.99310875,1.37324142,1.61224842,1.77855778,1.90832424,2.01464033,2.10072184,20
0.5218435673273188,50.2150863706167,1.1481709371737194,2.164039899493749,2.2117572764958933,0.6517183780670166,1.727400541305542,2.361424684524536,2.652764081954956,2.81250262260437,2.9381940364837646,3.0351979732513428,3.118430852890014,22
0.92297349,3.93945273,66.6781784,2.5,2.3,0.8851752,2.4893334,3.5908897,4.09976,4.313903,4.4228954,4.4672165,4.491399,23
0.4979065727331668,145.8614227934287,0.2057735366228532,2.308534102065967,2.543182913503525,0.399893045425415,0.8808815479278564,1.2135460376739502,1.4392507076263428,1.6108036041259766,1.7481694221496582,1.8655829429626465,1.965561866760254,18
0.39962924,132.81161499,142.74328613,2.89994025,2.45187163,0.40476465,0.87480164,1.16332912,1.3132329,1.41534996,1.49778414,1.56438351,1.62123346,20
0.5568319697139704,1.203792636081643,15.937195881390425,2.08337069,2.52567291,1.1608905792236328,3.825618505477905,6.712184906005859,8.934881210327148,10.023848533630373,10.118511199951172,10.120864868164062,10.12298583984375,14
0.30306023,14.88333702,93.16674805,2.41212606,2.08449674,0.86057091,2.45225024,3.62967467,4.0677433,4.14067364,4.14425564,4.14440823,4.14462185,23
0.92497665,214.94284058,330.15908813,2.56365871,2.62685013,0.13391519,0.16867447,0.20977092,0.25983858,0.30726695,0.34910798,0.38942623,0.42798281,4
0.9964334,253.13268804,132.31012053,2.0,2.2,0.08621407,0.14415646,0.19416666,0.23811674,0.28600502,0.33167744,0.37671328,0.42033696,2
0.38971026,119.59351638,87.30923928,2.9,2.7,0.5420165,1.3946035,1.9603598,2.1996696,2.3143742,2.401662,2.4726074,2.5358164,20
0.6316849,1.29178154,46.27477264,2.04325008,2.13276362,1.05395746,3.1660614,5.04994631,6.09128809,6.31131887,6.31985044,6.32146788,6.32249308,7
0.3353219735971365,114.54327079338272,379.04299646164816,2.86900971,2.30168904,0.2580840587615967,0.3699784278869629,0.4021930694580078,0.4282104969024658,0.4511504173278808,0.4709618091583252,0.4889895915985107,0.505253791809082,21
1.0,82.77969596,400.0,2.0,2.0,0.0991416,0.13147926,0.1576364,0.17934871,0.20168996,0.22150254,0.23995996,0.25738478,11
0.9517048,15.40030479,391.31402588,2.01032734,2.26830721,0.28529,0.50533795,0.6136322,0.65813279,0.67982507,0.69284868,0.70186329,0.70823073,21
0.74217113,7.48976799,24.84240742,2.15323175,2.70712492,0.97236705,2.83565688,4.19936466,4.84002876,5.0862608,5.20948124,5.27703285,5.33121204,7
0.4219645470235467,1.15992291168049,2.289667785161,2.5810187270195466,2.760612498512917,1.2803294658660889,4.300045967102051,7.8552751541137695,11.049395561218262,13.032742500305176,13.068713188171388,13.07555866241455,13.081467628479004,13
0.7585361158025349,4.246497725083876,3.9967722214192176,2.685973423561471,2.385342181146052,1.074101448059082,3.1531732082366943,4.711852073669434,5.502851486206055,5.929512023925781,6.238326072692871,6.480026245117188,6.656617164611816,6
0.4355154161675307,12.099730762233373,4.391546631380921,2.01024485,2.15126824,1.0136284828186035,3.066345691680908,4.740386486053467,5.580090522766113,5.821670055389404,5.909617900848389,5.966094970703125,6.002208232879639,6
0.5101545132589715,47.86506638169736,111.3534631028713,2.4176549931421056,2.9485811446971173,0.6478283405303955,1.8430259227752688,2.668696165084839,3.013188123703003,3.1380484104156494,3.208033323287964,3.268308401107788,3.3217532634735107,23
0.63732575,226.16868791,263.68886725,2.5,2.3,0.13584375,0.19190884,0.2492249,0.30078363,0.34926128,0.3948114,0.43778825,0.47790885,4
0.3230211488187036,0.7732620344886925,0.0612986878492142,2.8881280966106555,2.934361725964128,1.3238840103149414,4.4818525314331055,8.278509140014648,11.859695434570312,14.174747467041016,14.218584060668944,14.22480583190918,14.23001480102539,12
0.324253977990197,14.257844878846733,17.242951849085024,2.55550838,2.58642578,1.098557949066162,3.474819660186768,5.786321640014648,7.279884338378906,7.802986145019531,7.837200164794922,7.846268653869629,7.853794097900391,6
0.73696875,57.30109052,150.80573862,2.52801839,2.52158917,0.39987731,0.86869764,1.1969409,1.41529226,1.57312584,1.69302082,1.79225254,1.87787676,20
0.50089353,27.95498492,247.38100721,2.76278533,2.45187166,0.55228233,1.4264555,1.97010565,2.09358025,2.09465122,2.09531116,2.09626102,2.09719658,1
0.89353093,222.98465913,319.94460738,2.1,2.9,0.09375787,0.13218617,0.16112709,0.1823523,0.20560479,0.23311925,0.25805545,0.28129292,11
0.6222554261242992,4.223924793298506,0.2090181091640428,2.227212162038444,2.66869531914363,1.1438817977905271,3.600097179412842,5.838940143585205,7.135787487030029,7.654862880706787,7.843297481536865,7.9698309898376465,8.062322616577148,5
0.68771873,129.90533425,286.574252,2.2,2.4,0.16681743,0.2394495,0.31123853,0.37304258,0.42801023,0.4775703,0.5225396,0.5638912,4
0.8225921857033528,52.168725470376486,0.1939894194123736,2.5536072186365906,2.3406121434127547,0.4524104595184326,1.0237665176391602,1.4391446113586426,1.7328619956970217,1.9560966491699217,2.137036323547364,2.287929058074951,2.418740749359131,18
0.54431994,107.94329801,229.98424933,2.3,2.2,0.26244354,0.45191193,0.5831733,0.6862216,0.77015185,0.8380313,0.89543414,0.9444077,17
0.9422668,55.51553761,152.60976335,2.7,2.9,0.35116982,0.7167723,1.0086799,1.2444582,1.4347463,1.5924754,1.7253728,1.8384018,10
0.792299216367964,3.9953450853588537,0.0853799311551406,2.7950101433982613,2.942505924360705,1.142470121383667,3.467352390289306,5.398419380187988,6.443733215332031,6.949506759643555,7.282621383666992,7.550030708312988,7.753496170043945,5
0.3,138.9397615499354,400.0,2.0,2.0,0.1535396575927734,0.1606240272521972,0.1671793460845947,0.1717047691345214,0.1776325702667236,0.1830153465270996,0.1876444816589355,0.192246675491333,11
0.7405743794437765,5.1361649811820325,42.69382888468101,2.17756128,2.31844139,0.9266297817230223,2.710877180099488,4.002950668334961,4.586469650268555,4.816612243652344,4.93040943145752,4.989044189453125,5.02731990814209,23
0.3059771236768589,13.2683988805567,0.0068017684049774,2.814999648763112,2.1422685002014896,1.109508991241455,3.4564478397369385,5.703622817993164,7.138113021850586,7.648574829101562,7.726207733154297,7.779862403869629,7.839530944824219,5
0.6289132842221418,295.93230034361176,214.37415949048795,2.0,2.5,0.1064867973327636,0.1561813354492187,0.2032728195190429,0.2460184097290039,0.2878971099853515,0.3284177780151367,0.3677732944488525,0.4050252437591553,3
0.4838826715036196,1.35198872629531,0.1846006053835414,2.9877524086621428,2.091432217270046,1.2045187950134275,3.884157657623291,6.789278984069824,9.100028038024902,10.424776077270508,10.501258850097656,10.508689880371094,10.514838218688965,12
0.97903603,9.89914417,42.03480148,2.09471917,2.11257052,0.63949347,1.57311916,2.13272023,2.4394176,2.63870311,2.78197026,2.8945787,2.98728442,19
0.86441011,111.44082107,397.34342446,2.4,2.4,0.13872051,0.18400526,0.23252153,0.2738762,0.31112218,0.34591413,0.37790608,0.40700054,4
0.4944756368831244,1.4321153399973,0.5654556141506741,2.54019100765867,2.8335961702577364,1.2762274742126465,4.269333839416504,7.743215560913086,10.678847312927246,12.417011260986328,12.488584518432615,12.495257377624512,12.500940322875977,13
0.72498353,40.66686545,361.83038632,2.5,2.5,0.32054138,0.6016202,0.7615919,0.8533354,0.91335464,0.9586632,0.9929588,1.0193288,21
0.846571675704805,269.42978964495626,0.0821513990046742,2.32867536631187,2.2257249491497584,0.1269166469573974,0.2157182693481445,0.2973008155822754,0.3766124248504638,0.4547791481018066,0.5303361415863037,0.6027264595031738,0.6718506813049316,2
0.50021836,76.95148788,118.33871129,2.0,2.52487937,0.46316409,1.11342168,1.4986341,1.67049456,1.77392411,1.85741496,1.92395544,1.98059225,20
0.815704776774905,3.085591398240433,0.0943315031244436,2.5618338823393128,2.1889359787873306,1.0649549961090088,3.069380521774292,4.51153564453125,5.248640060424805,5.690032958984375,6.020022392272949,6.275934219360352,6.468656539916992,5
0.99017485,143.01906184,122.33702094,2.4,2.8,0.17520761,0.2983458,0.4194975,0.5332563,0.6391771,0.7384441,0.8310206,0.9179559,16
0.62519823,290.7062583,32.13249763,2.4,2.3,0.15162635,0.24480438,0.3363576,0.421443,0.5014472,0.57754016,0.6487291,0.7157066,15
0.50429653,71.98120019,75.92478621,2.3438321,2.66026736,0.55769658,1.43646288,1.98829556,2.22642231,2.35505867,2.45484161,2.53599691,2.60279036,20
0.426675825795429,274.60543180459825,0.1414489402015843,2.6778639680553527,2.764881517334876,0.30104660987854,0.5562894344329834,0.7547199726104736,0.9223427772521972,1.064612627029419,1.187953233718872,1.2962450981140137,1.3925790786743164,8
0.31147978,196.9269937,19.56043988,2.65407459,2.48664691,0.4443531,1.0159421,1.36470127,1.53517103,1.64680719,1.7392869,1.81571245,1.88163757,19
0.6665747769345183,1.3170311212089485,0.0885631666739619,2.3898587958777986,2.1819664811688897,1.1819837093353271,3.756637334823608,6.263680458068848,7.947159767150879,8.707294464111328,8.898195266723633,8.985464096069336,9.079136848449709,12
0.9993,299.700001,399.600001,2.005,2.005,0.04662442,0.07138681,0.09218764,0.09491229,0.10528469,0.11210299,0.11694074,0.12556672,11
0.74739444,182.49696051,159.3536086,2.86473456,2.24602825,0.1699183,0.26787114,0.36508846,0.45314741,0.53446317,0.60978675,0.67998552,0.74565649,17
0.4233162997773892,9.422829429964288,0.1437502047994035,2.688043021222651,2.22830484540101,1.108586311340332,3.416998624801636,5.491581916809082,6.707858085632324,7.136894226074219,7.297015190124512,7.414246559143066,7.497234344482422,5
0.6163915082414826,1.9020078087029504,0.3751848232559752,2.885643418403857,2.5090611396305347,1.237511157989502,3.9600634574890137,6.730745792388916,8.628009796142578,9.50408935546875,9.708097457885742,9.783702850341797,9.911808013916016,13
0.4512999154868492,71.51244198934786,0.0277442655202518,2.8995214079741096,2.4771427463543323,0.6787099838256836,1.8545222282409668,2.62196683883667,2.983514308929444,3.1762285232543945,3.305457592010498,3.410475730895996,3.5030102729797363,22
0.65254247,110.94409943,87.68832397,2.16524291,2.94980574,0.34803534,0.72473907,1.01154566,1.23524642,1.41310143,1.56016779,1.68510818,1.79082036,10
0.71751636,241.89258005,333.81191875,2.4,2.9,0.1349957,0.15538812,0.18872333,0.22083807,0.25618935,0.28432584,0.31087518,0.33789062,11
0.72566127,172.59243671,3.48787055,2.9,2.6,0.27879977,0.51545215,0.72976375,0.92148256,1.0925324,1.2456217,1.3825443,1.5069067,8
0.56588173,39.45272446,397.30279541,2.42456365,2.01512003,0.25035453,0.35527563,0.37733555,0.39167261,0.40263844,0.41120434,0.41854143,0.42516017,21
0.65540277,166.69575024,246.72597437,2.64473096,2.8943108,0.2269814,0.36264181,0.4844451,0.59262443,0.68879771,0.775635,0.85434985,0.92580509,17
0.9265025869937374,163.44731998459432,392.223452739105,2.3,2.1,0.0842244625091552,0.1148838996887207,0.1392412185668945,0.1526298522949218,0.1723003387451172,0.1910595893859863,0.2092823982238769,0.225982666015625,11
0.60913076,7.35448982,37.46128913,2.4,2.7,1.0278523,2.9701202,4.4410915,5.1672163,5.4417677,5.5883827,5.6766005,5.723364,7
0.584278191109372,51.947351399607264,60.11944662297851,2.8081753838251293,2.4073985362177246,0.5796515941619873,1.5000371932983398,2.0873899459838867,2.379412651062012,2.5547776222229004,2.68130874633789,2.7876462936401367,2.877500534057617,19
0.68457472,100.02734052,287.59683333,2.3,2.8,0.22016072,0.3449881,0.44518328,0.5282805,0.6000271,0.661963,0.7167454,0.764678,17
0.93631179,5.00803643,85.00098412,2.8,2.3,0.8340738,2.373016,3.4410427,3.9334376,4.141205,4.232829,4.280567,4.3109007,23
0.73158133,144.69969175,144.81730436,2.8,2.3,0.23146439,0.40580297,0.5644529,0.704741,0.82995343,0.94203806,1.0432944,1.1350486,17
0.33652277,37.7138926,193.791792,2.1,2.6,0.56271887,1.4468935,1.94367,2.0150673,2.0161722,2.0172684,2.018451,2.019643,0
0.34878175,162.72173118,187.99800026,2.65427947,2.03294425,0.26286578,0.42446208,0.51852632,0.59032702,0.64796352,0.69815683,0.74055958,0.77730107,17
0.81328986,195.73106244,277.26894933,2.4,2.1,0.1084497,0.16276479,0.21396661,0.2582841,0.3025272,0.34523058,0.38531303,0.42352223,4
0.8175488643113148,1.1310732009436937,70.84979105964905,2.451480866896284,2.140165568488449,0.9432494640350342,2.825944900512696,4.329981327056885,5.060291290283203,5.269270420074463,5.330798625946045,5.349926948547363,5.353653430938721,7
0.40585712,70.59860124,118.32364601,2.27155309,2.50468275,0.56200814,1.50875854,2.09499049,2.29541898,2.37069297,2.42459226,2.47160649,2.5158236,0
0.5911014,66.74195661,7.47469642,2.59124901,2.72563101,0.59373498,1.5461309,2.16621804,2.49313855,2.70071626,2.85878539,2.9878428,3.10013747,18
0.74731362,161.05635071,43.70777512,2.58173275,2.18543196,0.21087027,0.37094617,0.52089477,0.65553474,0.77757382,0.88824964,0.98901129,1.08118153,15
0.42499339,289.3584428,91.83901315,2.4,2.7,0.20889592,0.3188238,0.41876698,0.5056205,0.58368254,0.65505314,0.7199366,0.7801721,16
0.65294972,11.72794121,136.92316691,2.97559347,2.01121292,0.66822267,1.76044941,2.43431091,2.69802666,2.78954887,2.8109374,2.82030678,2.82942677,0
0.57934902,265.89225381,256.4272662,2.4,2.5,0.1294136,0.17516327,0.22105074,0.2617364,0.3008139,0.3381245,0.3728397,0.4058013,4
0.65792780026758,57.87370845446589,0.3711887497705227,2.0734290690571195,2.564590370799342,0.5393822193145752,1.3482694625854492,1.855939865112305,2.146137952804565,2.348038911819458,2.5057647228240967,2.6344692707061768,2.749750852584839,18
0.56966817,113.7052002,3.16652274,2.3843441,2.89113712,0.46302342,1.08087349,1.50795317,1.78121591,1.98205686,2.13948846,2.26942229,2.38186002,18
0.58419802,160.37008622,193.97334488,2.1,2.4,0.1806221,0.27500534,0.36233902,0.43808222,0.5052662,0.5660877,0.6205261,0.6697266,17
0.34877963,293.66730922,271.06614338,2.8,2.3,0.17829132,0.22656322,0.27534103,0.31642222,0.35531902,0.39062047,0.42289424,0.45341253,4
0.34170815,240.47252393,230.65380904,2.3,2.1,0.17578077,0.2275486,0.27520823,0.31641865,0.3535769,0.38767838,0.41871786,0.44712877,3
0.51406387,105.04103898,93.35471242,2.6,2.2,0.41548538,0.9329996,1.2691412,1.4675019,1.6070032,1.7131815,1.8034415,1.8813171,20
0.46778373,47.74471194,394.65289609,2.1,2.8,0.28050613,0.42427397,0.44809413,0.4593587,0.4691453,0.4775765,0.48482108,0.49115205,21
0.4552160864189126,6.565997461045695,0.0041015684597231,2.1413695115000206,2.1769986591624053,1.098038911819458,3.428720712661743,5.553832054138184,6.841374397277832,7.321052551269531,7.432191848754883,7.491105079650879,7.533684730529785,5
0.6926576,101.44372738,105.57852769,2.9,2.7,0.3745618,0.7786236,1.0856566,1.3227308,1.5104811,1.6638172,1.7936819,1.9043839,10
0.47433871,295.47622612,108.50199558,2.9,2.2,0.19754577,0.3093586,0.41574144,0.51086926,0.59687376,0.6760781,0.7495322,0.8174615,16
0.36694652,234.5982666,374.97930908,2.01379991,2.04794669,0.0899179,0.10492659,0.11282444,0.11295056,0.11794281,0.12148619,0.12319279,0.12759876,11
0.6785897,182.42561836,267.26509154,2.2,2.3,0.12987304,0.18343973,0.2363441,0.28404403,0.3291006,0.37115836,0.4100659,0.4462893,4
0.974679993213096,5.58074390616124,0.5572304899114665,2.4787990450701622,2.063146317369006,0.8342950344085693,2.1666269302368164,3.004065990447998,3.481013298034668,3.794369697570801,4.025664806365967,4.202241897583008,4.350075721740723,22
0.99841291,24.08872604,363.71179199,2.81608939,2.00583434,0.23899555,0.38184595,0.46401691,0.52084112,0.5602572,0.5887537,0.60951185,0.62622499,21
0.87245774,22.66546631,365.70739746,2.59338021,2.05528021,0.27741194,0.46895552,0.56037641,0.60861397,0.6395402,0.66127443,0.67693067,0.68801069,21
0.3022839115274132,82.52336882123069,0.2545715447325635,2.7069333656359533,2.9535519279464544,0.8324592113494873,2.5088932514190674,3.8133504390716553,4.443718910217285,4.647173881530762,4.734061241149902,4.78903865814209,4.83571720123291,22
0.3642316346940336,135.25965989860308,361.085505682621,2.87574381,2.21388087,0.2260081768035888,0.2980916500091553,0.3330202102661133,0.3605873584747314,0.3859724998474121,0.4083812236785888,0.4288761615753174,0.4470551013946533,4
0.6596062630637127,1.0532272526686797,16.912933732927975,2.121335023200318,2.141062468541445,1.1102592945098877,3.5326335430145264,5.890806198120117,7.485807418823242,8.153265953063965,8.260558128356934,8.26587963104248,8.27076530456543,14
0.33290294,97.37536621,272.0793457,2.6044457,2.8160181,0.44998837,1.06191754,1.42974782,1.53061748,1.55857539,1.58315778,1.6045301,1.62431073,1
0.7745461204395908,0.9583655494983102,0.0137458645534987,2.9566040916811422,2.6753666196418933,1.259920597076416,4.026376247406006,6.758703231811523,8.554180145263672,9.362093925476074,9.65783977508545,9.859379768371582,10.08287239074707,12
0.75349397,263.02982285,289.672697,2.4,2.4,0.10152459,0.14520788,0.18354893,0.21493673,0.24846745,0.28209734,0.31311154,0.34296346,11
0.5463779122351478,6.249607107442659,0.0098586910548742,2.98095875714745,2.1299346985018763,1.101102352142334,3.3155298233032227,5.153974533081055,6.153288841247559,6.575164794921875,6.843666076660156,7.075007438659668,7.254546165466309,5
0.8441550593709666,5.882995418312001,13.661050972685045,2.77969718,2.2216711,0.920400857925415,2.52680778503418,3.5932040214538574,4.157802104949951,4.511931419372559,4.7622599601745605,4.94384241104126,5.079398155212402,6
0.66270623,190.8916054,239.42324972,2.34400212,2.89917639,0.18770599,0.28986692,0.38923216,0.47986984,0.56167746,0.63730121,0.70719481,0.77233362,17
0.64143731,112.47174576,158.90006969,2.6617419,2.55806295,0.3048811,0.57793856,0.78386903,0.95034671,1.08680272,1.19993162,1.2961998,1.38121939,10
0.7711920330837307,44.529723853079474,6.099478617713492,2.2825066186419467,2.425557445058077,0.5166072845458984,1.2361981868743896,1.7120239734649658,2.012418031692505,2.2282698154449463,2.399761438369751,2.543761968612671,2.6660077571868896,18
0.97270697,242.32118225,103.21765137,2.36742806,2.47710037,0.11809444,0.2000134,0.27252579,0.34232616,0.41260552,0.48118114,0.54657722,0.60907173,2
0.43877482,14.96573544,14.97582817,2.50874186,2.12965441,1.01959991,2.91614342,4.31674814,4.96173143,5.19568777,5.33756161,5.40516233,5.44638443,6
0.9487593569422494,2.3018855175165247,0.0270270316487306,2.3824203471360548,2.035513440500932,0.9970815181732178,2.726684808731079,3.860278844833374,4.474459648132324,4.889715194702148,5.197037696838379,5.428074836730957,5.592026710510254,5
0.70782702,182.12246637,384.11162554,2.89641744,2.92185138,0.17356992,0.22639036,0.2902894,0.34699368,0.39595246,0.44284725,0.48569107,0.52612376,4
0.8079452500855917,1.635292771957444,1.053862373615762,2.0973006845722564,2.6497224369556776,1.1516132354736328,3.618584871292114,5.80329704284668,7.051356315612793,7.617722511291504,7.879109382629394,8.054492950439453,8.191149711608887,5
0.71896106,59.04350823,361.39021286,2.7,2.6,0.2986629,0.53526616,0.6843753,0.79311275,0.8754661,0.9404013,0.99259424,1.0366995,10
0.87806199,93.00300736,99.13324046,2.5,2.3,0.2586062,0.48478055,0.6853006,0.8609295,1.0145309,1.1505792,1.2698791,1.3763802,10
0.52333736,119.9865799,58.72951889,2.82434773,2.23120928,0.37271047,0.78129411,1.06493878,1.25878406,1.40468717,1.52576327,1.62415862,1.70685077,10
0.43699447,38.07306026,67.07267256,2.1,2.3,0.6925638,1.8442962,2.5375407,2.7853792,2.8660467,2.9100316,2.9489644,2.9829133,0
0.72031676,189.60319952,27.278739,2.6,2.6,0.22956824,0.40438938,0.5688162,0.7173636,0.8526249,0.9765918,1.0896778,1.1931891,15
0.99420446,247.52780151,9.96899414,2.31991386,2.45783353,0.12811899,0.22323322,0.30888486,0.39336348,0.4769628,0.55852842,0.63605094,0.711272,15
0.62108487,226.62927265,373.22065971,2.8,2.4,0.13470149,0.17234302,0.20985603,0.24915338,0.28569984,0.31746984,0.3476231,0.3765478,4
0.34893866305608,7.482260508275471,66.07824586988458,2.61264086,2.46193433,1.0022025108337402,3.1263773441314697,5.12115478515625,6.357698440551758,6.688158988952637,6.693122863769531,6.696585655212402,6.697788238525391,7
0.45404417,139.63681244,62.84767517,2.3,2.6,0.376858,0.7885103,1.0617621,1.2399867,1.3727493,1.4819686,1.5705168,1.6446507,10
0.3431325335081132,19.43021118964477,0.0451659983330838,2.1546987195693,2.5989616799567425,1.0642905235290527,3.351309537887573,5.459010124206543,6.694958686828613,7.072009086608887,7.125566482543945,7.154200553894043,7.176080703735352,5
0.65497828,23.08875275,45.14969635,2.02485394,2.46140242,0.72441149,1.96989346,2.73015881,3.04502058,3.19546318,3.28447247,3.35466576,3.41455984,23
0.73573267,8.54737949,26.46801376,2.12818384,2.15287447,0.88132691,2.39025331,3.33764482,3.76165032,3.96929097,4.08249283,4.15849304,4.21007729,23
0.32049507,192.94155996,119.29359509,2.5,2.9,0.38131022,0.7862921,1.0282853,1.1613817,1.2565727,1.3332381,1.3978829,1.4549994,10
0.57853508,289.14675749,70.3677255,2.4,2.8,0.17149138,0.26579833,0.36075377,0.4471991,0.5271566,0.602304,0.67250514,0.73835135,16
0.5118311,8.01131058,15.56038666,2.76143861,2.79559183,1.17778587,3.55152988,5.69885063,6.98139381,7.41995907,7.56265163,7.66887283,7.72689247,6
0.48856582,173.6867392,194.73934505,2.2,2.6,0.21854138,0.33718967,0.4352746,0.51788497,0.5897498,0.6539674,0.71091294,0.7627101,17
0.59425811,167.30019704,234.03523172,2.6937882,2.66307589,0.2296114,0.36563778,0.48151541,0.5821929,0.6710577,0.75047851,0.82155252,0.88627148,17
0.70916589,66.39032824,28.3615898,2.6,2.9,0.49098158,1.1466942,1.609201,1.9079661,2.1233692,2.2925668,2.431675,2.5499868,19
0.72080787,206.64610727,161.33982249,2.06278416,2.43878822,0.14398479,0.22927713,0.31207037,0.38921475,0.46162057,0.52894664,0.59176803,0.65081644,2
0.8437095461206275,0.9871618622652528,1.7401979039158244,2.48481321,2.11047935,1.1372675895690918,3.448049545288086,5.382606506347656,6.473870754241943,7.013798236846924,7.352631092071533,7.618286609649658,7.82869291305542,5
0.33434897,96.22328965,275.53631291,2.7,2.1,0.39692235,0.8900964,1.1638615,1.2343581,1.2666464,1.293674,1.3162925,1.3353777,21
0.66061107,268.5089986,87.84873197,2.2,2.0,0.11868095,0.19110465,0.25908494,0.3223195,0.38402367,0.4422741,0.49694967,0.5493789,2
0.94692797,163.88161943,158.29324067,2.0,2.4,0.12194085,0.19824028,0.26925874,0.337826,0.40418983,0.46720195,0.52576494,0.58131075,2
0.6343590098680574,3.4539169590446863,0.0324670014846936,2.753363114734535,2.345498586759107,1.1582324504852295,3.553940296173096,5.658453941345215,6.854964256286621,7.368481636047363,7.632511138916016,7.857391357421875,8.03618335723877,5
0.8253300759790463,0.8890113856772779,7.098278343189532,2.427906349031145,2.681753108819458,1.2006182670593262,3.8262360095977774,6.341568946838379,7.914917945861816,8.61860179901123,8.895088195800781,9.066650390625,9.202067375183104,14
0.9337871331575068,206.7644879798748,367.5859546412546,2.1,2.3,0.0778546333312988,0.1138527393341064,0.1447234153747558,0.1629981994628906,0.1859607696533203,0.2089815139770507,0.2316658496856689,0.2529919147491455,11
0.9729839306038868,0.9915305072140992,0.6395043110850062,2.145426727045185,2.220321366665924,1.101191759109497,3.241839647293091,4.850131988525391,5.702493667602539,6.178967475891113,6.51893424987793,6.783492088317871,6.982439041137695,5
0.9165627472198806,168.21571587627346,0.0094025084003123,2.173722505037785,2.873288295157582,0.1923608779907226,0.3467490673065185,0.4961869716644287,0.6390278339385986,0.7724447250366211,0.8977997303009033,1.0154504776000977,1.1249642372131348,15
0.92807612,147.8202616,118.95197854,2.0,2.1,0.12910676,0.22059846,0.30616188,0.3877623,0.4649818,0.5370636,0.60461545,0.6679838,2
0.3591398088084319,46.40845114304217,1.4935135301808424,2.459380850009856,2.23940234940429,0.8302249908447266,2.369673252105713,3.429216384887696,3.8763656616210938,4.053749084472656,4.159001350402832,4.228705883026123,4.280265331268311,22
0.72267281,299.700001,394.7082025,2.00547469,2.02975463,0.05114388,0.07422113,0.09244657,0.09295559,0.1019392,0.10677958,0.10882497,0.11501837,11
0.67073138,296.80889816,335.28827702,2.2,2.1,0.07079721,0.10077167,0.12618303,0.1325469,0.14757037,0.16342568,0.17903733,0.19278073,11
0.77407826,194.69767672,118.34213097,2.5,2.2,0.16300893,0.26945567,0.37319732,0.46997023,0.5599761,0.6440525,0.72298694,0.79687667,16
0.67671746,234.19425964,250.78250122,2.93250895,2.03395891,0.11001086,0.15111256,0.18745923,0.2190733,0.25085211,0.28344679,0.31305265,0.34090066,11
0.39001018,112.87677242,53.72846078,2.44801435,2.66341752,0.54752254,1.4099102,1.94876003,2.16600847,2.27713966,2.36519527,2.43853569,2.50009441,19
0.731657190251745,1.4815309929829232,0.0165512033344181,2.999422847321949,2.753573850570443,1.2592229843139648,4.017405033111572,6.730452537536621,8.489706039428711,9.281564712524414,9.578145027160645,9.808279037475586,10.038246154785156,12
0.3363483963130723,8.239360974157409,0.4120915010378632,2.26824890417899,2.7474019117061967,1.1880617141723633,3.8906056880950928,6.828782081604004,9.035364151000977,10.076749801635742,10.178228378295898,10.184356689453123,10.189784049987791,13
0.74576272,190.29919562,203.93763716,2.1,2.8,0.13506007,0.2002356,0.26478815,0.32432103,0.3795123,0.432132,0.48099732,0.5270479,3
0.78288298,256.8751691,298.83588433,2.4,2.3,0.09458947,0.13772535,0.17557287,0.20440125,0.23564482,0.26745152,0.29792023,0.32705665,11
0.436781189418116,9.517483426396238,106.4289814311838,2.2,2.4,0.845036506652832,2.5398988723754883,3.90379810333252,4.479964733123779,4.571571826934815,4.582128524780273,4.583133697509766,4.58440637588501,23
0.5923902288788809,103.07631322956372,87.59581621987039,2.895336906720078,2.0569817711073006,0.3300783634185791,0.6725904941558838,0.9221863746643066,1.1081247329711914,1.2531414031982422,1.371325969696045,1.4704689979553225,1.557065486907959,10
0.71668795,120.18508905,248.17546075,2.81353506,2.60670034,0.23995519,0.40025735,0.53441787,0.6497395,0.75052619,0.83970809,0.91872978,0.98882294,17
0.520443211805102,14.653528696684488,0.0403021470798328,2.9599226692605543,2.8136416987907102,1.085582256317139,3.305344581604004,5.169381141662598,6.148796081542969,6.553624153137207,6.783405303955078,6.956823348999023,7.0965986251831055,5
0.84719173,268.94298643,363.03296022,2.2,2.9,0.10608006,0.12255001,0.14694118,0.15802622,0.17794657,0.19846559,0.21168566,0.22892141,11
0.48393074,46.34164719,92.52821543,2.56268809,2.34514972,0.6339674,1.68144298,2.32574201,2.57574248,2.67565417,2.73590493,2.78864121,2.83500695,0
0.72328254,200.12860185,297.75160562,2.9,2.1,0.13742328,0.20238662,0.2672398,0.32806253,0.3854313,0.4390328,0.4892466,0.53657913,4
0.4755153526551237,60.992036065678086,183.1048800079474,2.8884281494409345,2.5132508970596263,0.5091457366943359,1.296491622924805,1.797551155090332,1.9911675453186035,2.072324275970459,2.129673480987549,2.177141666412353,2.219027042388916,0
0.53541678,15.69259453,47.86416626,2.53536844,2.05145764,0.84314561,2.29758835,3.23999596,3.63914585,3.82586622,3.9015646,3.94294786,3.98117399,23
0.69281328,3.84366131,14.03944206,2.24900866,2.30414414,1.09184051,3.16801381,4.74403191,5.52263832,5.84202003,6.02677536,6.1269598,6.18086147,6
0.81790221,11.42017797,139.57876977,2.9,2.3,0.7010479,1.9722965,2.8344314,3.2002985,3.3255355,3.3779557,3.412305,3.4420173,23
0.8823668,249.0769561,185.69998652,2.11042727,2.91450677,0.11485767,0.18867731,0.25336099,0.31800485,0.38254666,0.44439483,0.50309491,0.55964708,3
0.83968963,246.00244176,14.02780043,2.1,2.5,0.1313715,0.22161794,0.30570722,0.38747978,0.46820807,0.5444114,0.61737466,0.6866269,2
0.35322538,102.07975769,171.98457336,2.57952785,2.05514383,0.39454985,0.84224486,1.07540107,1.15981841,1.21216822,1.25509405,1.29159451,1.32253432,21
0.42821055,299.12936832,323.42203242,2.1,2.5,0.09612083,0.11726952,0.13370037,0.13566828,0.14725137,0.15781736,0.16879916,0.17676616,11
0.86053306,19.18712344,218.04024297,2.8,2.5,0.5186014,1.2953293,1.8066626,2.046762,2.1570182,2.226882,2.2792373,2.3212996,1
0.51535412,259.05167423,6.9281864,2.34675942,2.82525285,0.25302553,0.44631267,0.61569834,0.76499581,0.89816952,1.01717186,1.12408543,1.22111201,15
0.58931986,31.06899444,252.25129763,2.7,2.4,0.5169816,1.3201878,1.8264701,1.9764102,1.9990723,2.0131147,2.0258944,2.0372655,1
0.91293988,167.66002914,217.59545519,2.5,2.3,0.13857913,0.22138596,0.30214095,0.3781252,0.4500835,0.51736045,0.5814612,0.6415076,3
0.65493915,59.04576789,31.78569713,2.78297373,2.05417363,0.45987082,1.05440617,1.44719124,1.68936157,1.86307669,1.99585295,2.10961962,2.2101841,19
0.744832,296.82542922,266.93493336,2.9,2.6,0.14265418,0.18117619,0.2258172,0.28434992,0.33409548,0.3808372,0.42573023,0.4689386,4
0.9481997076226512,4.40391479464247,2.4074312687745745,2.897729776679608,2.030167924505176,0.8936495780944824,2.3481364250183105,3.276597023010254,3.825770854949951,4.20210075378418,4.491408348083496,4.707470893859863,4.8674397468566895,22
0.3702392,294.39468384,20.28276634,2.04770517,2.30943632,0.21862125,0.3576951,0.474298,0.57489991,0.66314054,0.74182582,0.81247187,0.87613678,15
0.96303008,158.48282111,392.09387388,2.1,2.8,0.09440923,0.12802601,0.15283084,0.16899848,0.18644166,0.20556211,0.22401571,0.24057913,11
0.44744611,76.51357269,15.30952549,2.87231064,2.12225199,0.59432912,1.51143193,2.06915402,2.32810998,2.4725554,2.58680224,2.67826629,2.75290227,19
0.3673291414040555,1.6219221630497431,0.0066194961594494,2.5071709170538963,2.609666057136712,1.2639644145965576,4.227805614471436,7.669917106628418,10.77875804901123,12.65418815612793,12.68840789794922,12.6946382522583,12.699853897094728,12
0.8860450354089423,1.50327271805124,0.007486569773902,2.112868561225297,2.185517344328016,1.0914533138275146,3.2348577976226807,4.857820510864258,5.715207099914551,6.156026840209961,6.457908630371094,6.684414863586426,6.853248596191406,5
0.43273773,169.78272499,396.92082634,2.5,2.8,0.19552279,0.23658395,0.27140927,0.29836726,0.3245952,0.3473704,0.36845016,0.3877933,4
0.53298841,237.97951444,184.57401825,2.0,2.0,0.1156559,0.16586399,0.21196651,0.25501704,0.29635692,0.3347199,0.37060428,0.4038229,3
0.548410192492228,119.53333306922342,115.4761050252407,2.9788588422409226,2.084065970042337,0.3021931648254394,0.5838475227355957,0.7886075973510742,0.9460995197296144,1.0727553367614746,1.178591251373291,1.267867088317871,1.343867301940918,10
0.5165083580806302,1.596400259392356,7.295068501183617,2.1963868841247245,2.5097472368237645,1.1974585056304932,3.943887710571289,6.956028461456299,9.313547134399414,10.54522705078125,10.687049865722656,10.69175910949707,10.69587516784668,14
0.75346328,220.21261078,295.40385294,2.7,2.8,0.15171385,0.20667529,0.2659781,0.3290589,0.38415265,0.4354353,0.48397994,0.529546,4
0.65425346,148.89036651,375.44492998,2.6,2.4,0.16288042,0.21561241,0.2709458,0.31768918,0.3607831,0.399832,0.4352548,0.46813273,4
0.93631179,5.00803643,85.00098412,2.2,2.5,0.77289605,2.057519,2.8668003,3.2541928,3.4445114,3.5467248,3.6036,3.6407628,23
0.8982570188503617,1.5123289660601018,29.02346503459216,2.7,2.9,1.1255464553833008,3.472053289413452,5.497638702392578,6.642636299133301,7.14818286895752,7.419933319091797,7.617304801940918,7.759455680847168,7
0.3226941,81.90337818,228.02270035,2.5,2.4,0.47601557,1.1595964,1.5529814,1.626754,1.641712,1.6564963,1.6699545,1.6831038,1
0.30456147,159.53672334,157.58861909,2.7,2.7,0.43747663,1.0005567,1.3401706,1.4722364,1.5450437,1.6030123,1.6532419,1.6956074,0
0.72833865,64.03057989,277.25540278,2.3,2.1,0.2503991,0.4323914,0.5637896,0.66771984,0.752002,0.8198917,0.8754008,0.9222095,17
0.976452102180734,0.7549006677723505,0.0067599840338133,2.183778805009976,2.0593862446472304,1.111295461654663,3.2777490615844727,4.925982475280762,5.815978527069092,6.322750568389893,6.690645694732666,6.985168933868408,7.194102764129639,5
0.34217708,57.01353282,346.7750953,2.2,2.3,0.3458774,0.6534929,0.7511358,0.75771093,0.7647977,0.77115893,0.7767923,0.78182507,21
0.47836328,160.75434926,104.00119883,2.9,2.3,0.35222673,0.7235708,0.98415446,1.1724491,1.318155,1.4384797,1.5367067,1.6203647,10
0.51846552,76.17037114,78.96826238,2.0,2.4,0.43312883,0.9770539,1.2991078,1.4696927,1.5871739,1.6775157,1.752301,1.8172452,20
0.3158632400959604,2.6166564469669704,0.0462090067802339,2.562470919413318,2.8388030904606625,1.2833988666534424,4.312912940979004,7.888212203979492,11.113425254821776,13.13154411315918,13.194375991821287,13.199895858764648,13.204543113708496,12
0.83300918,99.45471191,272.96279907,2.6647563,2.50145125,0.21441674,0.35020328,0.47264862,0.57813048,0.67127323,0.75399756,0.82792902,0.8942883,17
0.79496741,49.53178024,4.05065346,2.05132842,2.01547289,0.40836835,0.88283467,1.22128844,1.46037126,1.64412761,1.79029989,1.91112232,2.01864243,18
0.5076135805705367,13.604719550337776,0.9527850976059644,2.9933957401596145,2.8599710336516107,1.1059589385986328,3.3943448066711426,5.365635871887207,6.445178031921387,6.867010116577148,7.095096588134766,7.272158622741699,7.40474796295166,5
0.6239951574219406,274.2715973887993,0.5547712184385887,2.058685331228003,2.2160742826551587,0.1479299068450927,0.2455973625183105,0.3401041030883789,0.4282827377319336,0.5115742683410645,0.5900669097900391,0.6632919311523438,0.7320077419281006,15
0.77928431,32.78446066,295.7094737,2.88475883,2.63070908,0.40885139,0.89385724,1.20932722,1.37242651,1.46164989,1.52378225,1.57095051,1.60801315,20
0.31987574,224.61776206,17.32099153,2.1,2.6,0.3262167,0.62353015,0.81476474,0.94646096,1.0491953,1.1343243,1.2064981,1.2699592,9
0.96587926801581,0.9633594130136568,0.0771105434197037,2.913782038037934,2.0103859629810845,1.106062889099121,3.183908462524414,4.696891784667969,5.547142505645752,6.094204425811768,6.569347858428955,6.99420690536499,7.3053879737854,5
0.3766976259517285,1.4974841047050302,0.0069518828387447,2.099747524688986,2.483344764003964,1.218493938446045,4.097278594970703,7.439518928527832,10.381943702697754,12.283241271972656,12.349054336547852,12.354692459106444,12.359332084655762,12
0.9665252,259.93704224,164.36419678,2.4873147,2.11690784,0.09242606,0.15014768,0.19676781,0.23734331,0.28396821,0.32950592,0.37293839,0.41451836,2
0.31214146,61.10689233,317.69629858,2.5,2.1,0.41599083,0.9541521,1.2306879,1.248802,1.2501974,1.251945,1.2536426,1.2552602,21
0.5459855971499272,207.96028999738948,0.0082737513262665,2.995793539585028,2.981157967313868,0.346264123916626,0.676903486251831,0.9417884349822998,1.1625680923461914,1.3482699394226074,1.5080299377441406,1.6469502449035645,1.7692327499389648,8
0.99035856,11.23035608,212.42547147,2.8,2.4,0.54090786,1.3739266,1.9204223,2.1761854,2.2907736,2.35662,2.401149,2.4355223,1
0.4977667704726862,3.050286686967598,0.6062657820314407,2.6212568575950943,2.333514769956491,1.1984763145446775,3.848228693008423,6.565142631530762,8.488332748413086,9.433137893676758,9.628033638000488,9.63766860961914,9.648612022399902,13
0.52173853,97.98482513,398.68270874,2.43096995,2.55152941,0.23294711,0.3330183,0.38993883,0.43584371,0.47512078,0.50877833,0.53743052,0.56368756,4
0.8605877814677327,1.1117684754323922,0.0054540773366823,2.7052132890455,2.071083584741419,1.1374599933624268,3.391672849655152,5.205471038818359,6.204373359680176,6.735800743103027,7.135219573974609,7.481557846069336,7.778253555297852,5
0.46495608,228.94230594,288.05044973,2.1,2.4,0.12412858,0.15304208,0.18154335,0.20350671,0.22736406,0.24965048,0.27077556,0.2901013,11
0.6899328135191664,3.5330249685114654,13.839824582691788,2.0,2.0,1.0075912475585938,2.9619178771972656,4.419601917266846,5.131677150726318,5.42858362197876,5.583172798156738,5.697901248931885,5.761695861816406,6
0.91916901,25.90089971,349.28948797,2.8,2.2,0.33722377,0.6842904,0.9135611,1.0535092,1.1435077,1.2069302,1.2531755,1.2876065,21
0.57339842,68.70542478,26.67885563,2.1,2.4,0.48499775,1.1326549,1.5291364,1.7518666,1.9052079,2.0275729,2.126076,2.2116673,19
0.58783674,66.84418488,152.07044983,2.11626387,2.25307822,0.38713813,0.83353329,1.11140895,1.2723732,1.38180923,1.46834874,1.53570509,1.59169412,10
0.9237893709405378,63.50153605442817,0.0096321560035309,2.24978331008854,2.5506894725754465,0.3586549758911133,0.7460966110229492,1.0656886100769043,1.3269944190979004,1.5426387786865234,1.7248194217681885,1.8806049823760984,2.017378568649292,8
0.80307275,250.42939758,55.58857727,2.59773469,2.46404147,0.15237999,0.25145364,0.3462739,0.43853807,0.52664328,0.60938144,0.68809557,0.76346827,16
0.61679992,248.83700438,385.96026525,2.95701089,2.80928511,0.15925407,0.17486382,0.21386147,0.25424504,0.28429699,0.31420994,0.34245634,0.36915088,4
0.8515760943190326,1.4357662559326478,16.45058985136344,2.6860331629754683,2.084989556578985,1.069031000137329,3.1421058177948,4.739236831665039,5.5714216232299805,6.002540588378906,6.325875282287598,6.581025123596191,6.749820709228516,6
0.92918072,189.87659388,166.57303212,2.9,2.5,0.16522694,0.2687626,0.36909318,0.4714024,0.5651734,0.65366673,0.7372813,0.8168547,17
0.98943658052235,72.39937247618914,0.0679928200514951,2.659767869230209,2.6630831035876223,0.3368384838104248,0.6797363758087158,0.9789555072784424,1.236300706863403,1.4559030532836914,1.6455645561218262,1.8104643821716309,1.955852031707764,8
0.30321529,108.34694929,79.00072783,2.25634016,2.94674481,0.63010979,1.77485871,2.57053828,2.84262681,2.90124536,2.93972325,2.97483659,3.00727344,0
0.73716535,5.67130158,76.31204865,2.6,2.4,0.92486596,2.6797245,3.989302,4.591052,4.7962704,4.8631163,4.8820505,4.888915,23
1.0,270.47769165,110.32209778,2.0,2.0,0.07694435,0.13205171,0.18173814,0.22539258,0.27087855,0.31476378,0.35788298,0.40006852,2
0.97758299,23.25695419,36.14294052,2.10519004,2.11811161,0.47092295,1.0636127,1.47154045,1.74720383,1.95136523,2.11303163,2.24645782,2.35801387,19
0.39756492,132.27348672,210.12714496,2.3438368,2.23858784,0.29598045,0.52182293,0.65342069,0.74373007,0.8127749,0.8680675,0.91545343,0.95498013,21
0.339242269888491,5.567791734969254,0.0063741839970634,2.890324322015424,2.8798455677971084,1.2751169204711914,4.216009140014648,7.541940212249756,10.26321029663086,11.763235092163086,11.89362335205078,11.899520874023438,11.904670715332031,12
0.6749903680887976,1.0044150791291244,0.0279111684470194,2.828203055777589,2.994730102530127,1.2962849140167236,4.276679039001465,7.536847114562988,9.975707054138184,11.263781547546388,11.58000946044922,11.60103988647461,11.611987113952637,12
0.88741912,107.7518778,131.29035482,2.83613131,2.27200487,0.22030067,0.38937616,0.54584432,0.68473268,0.80893803,0.92091465,1.02231979,1.11288762,17
0.90168156,57.10036595,47.6977917,2.1,2.1,0.3063252,0.6126492,0.8641515,1.0701292,1.2400331,1.383965,1.5054061,1.6121016,9
0.68737997,292.13508772,47.32607123,2.6,2.1,0.13611388,0.22409844,0.3081193,0.3880465,0.46426773,0.53736544,0.6063981,0.6724856,2
0.84104162,169.14326477,22.06294632,2.68961191,2.34189677,0.20130157,0.35449481,0.50284386,0.63905191,0.76471782,0.88163567,0.98882961,1.08890891,15
0.81424218,113.3988344,120.5002836,2.4,2.8,0.2472701,0.44717717,0.6247444,0.7804444,0.91766214,1.0399163,1.1482351,1.2452774,10
0.6407564177836781,64.91316699237508,0.0041678479523931,2.5343527036290103,2.690065554241837,0.5657007694244385,1.432335615158081,2.003683090209961,2.327815532684326,2.54642105102539,2.717988967895508,2.858576774597168,2.977125644683838,18
0.3625104008288635,10.442904007248677,1.447149047003107,2.28285217,2.35938287,1.114952802658081,3.533128023147583,5.870572090148926,7.381647109985352,7.949467658996582,8.020087242126465,8.04361343383789,8.06417465209961,13
0.4532897,57.89638988,133.62542238,2.9,2.2,0.6030638,1.6711099,2.3793092,2.6242132,2.6928859,2.7358527,2.7742863,2.808497,0
0.72710141,275.07050073,316.89643956,2.9,2.1,0.10183144,0.14845896,0.18660545,0.22489929,0.26311588,0.29965234,0.3341775,0.367285,4
0.7828835636938792,12.376954599227696,0.0567314746028179,2.6761293211097463,2.157939868649619,0.8175508975982666,2.1726226806640625,3.031379222869873,3.49937391281128,3.7934436798095694,3.997358798980713,4.154773712158203,4.285251140594482,22
0.45017877,94.60684539,227.3285906,2.7,2.9,0.42759967,0.9546943,1.2814507,1.4309611,1.516911,1.5818348,1.6353879,1.681354,20
0.4775836529156286,0.8860743563362544,0.0054633236664677,2.4702453090407808,2.67294810145433,1.269932508468628,4.267422676086426,7.771777629852295,10.881059646606444,12.899625778198242,12.96222686767578,12.968690872192385,12.974077224731444,12
0.4820885540635713,32.945069087925226,103.38574552821974,2.957457911207167,2.752612383864027,0.7598466873168945,2.215855598449707,3.2840828895568848,3.774755954742432,3.950406551361084,4.025503635406494,4.069344997406006,4.1048583984375,23
0.57929684,61.18646674,32.71345893,2.76730152,2.59284282,0.60163689,1.54571056,2.15524912,2.46229696,2.64652443,2.78318548,2.89683867,2.99332809,19
0.3780268383095285,2.9065022746692866,0.2644545028716907,2.02141119984164,2.357835918592696,1.1808080673217771,3.911342144012451,6.919531345367432,9.388870239257812,10.706916809082031,10.743896484375,10.750822067260742,10.756750106811523,13
0.3088628232959378,9.08134407709947,47.75542827700821,2.9,2.1,0.9876246452331544,3.0247511863708496,4.847594738006592,5.914313793182373,6.192877292633057,6.214802265167236,6.232509136199951,6.240495204925537,7
0.9993,287.39464402,395.04319645,2.005,2.005,0.04802155,0.07338929,0.09421754,0.09758949,0.10856891,0.1161468,0.12207341,0.13151646,11
0.84266228,148.94791244,368.90622335,2.5,2.7,0.14359355,0.19603157,0.24900842,0.29833055,0.34456682,0.3861544,0.42471862,0.4612527,4
0.30000001,276.14544678,163.63418579,2.0,2.0,0.15605617,0.19971776,0.24085665,0.2785728,0.31222463,0.34315372,0.37116861,0.39672709,2
0.5349301583260249,2.487697847958269,20.71085145340531,2.10919857,2.04200363,1.0602800846099854,3.3120296001434326,5.418244361877441,6.749821662902832,7.212278366088867,7.263598442077637,7.271079063415527,7.275176048278809,7
0.60001686,191.5318864,320.89721803,2.1,2.0,0.10017943,0.13134956,0.15810442,0.17933941,0.20279193,0.22453785,0.24528503,0.2652917,11
0.80442395,263.82535919,310.94540794,2.5,2.6,0.12201333,0.15229058,0.18544197,0.22280312,0.26169682,0.2955575,0.32672286,0.35828876,4
0.82673872,213.80854491,174.21774921,2.7,2.9,0.17044187,0.26432848,0.35955095,0.45475745,0.54050994,0.62119937,0.69723916,0.7691157,17
0.53203064,121.49073792,183.27081299,2.19163084,2.23825526,0.26334667,0.46127176,0.60340285,0.71682024,0.8092041,0.88522005,0.94923568,1.00491023,17
0.382336712471715,203.9054630486154,277.30162543407,2.55569993,2.04363648,0.1579017639160156,0.1922430992126464,0.2278156280517578,0.2571380138397217,0.2838237285614013,0.3087882995605469,0.3319113254547119,0.3530824184417724,4
0.59813513,97.67630401,294.047819,2.3,2.8,0.24556255,0.39266157,0.49372888,0.575196,0.6422274,0.6996372,0.7481911,0.7897992,17
0.392497982570211,0.8438464965662658,0.0038739865776867,2.7707727810754563,2.986217975526458,1.3184814453125,4.470325946807861,8.263158798217773,11.781986236572266,14.22641658782959,14.277318000793455,14.285737037658691,14.292916297912598,12
0.9222247,18.74584198,46.63264084,2.08907771,2.21485353,0.5518775,1.32246399,1.80463123,2.0889132,2.28275275,2.43115163,2.55213857,2.65716052,19
0.95407968,59.34464589,362.69131798,2.4,2.3,0.18969321,0.29023457,0.38018942,0.45540237,0.5196259,0.5763233,0.6249292,0.6669252,17
0.6991478236336127,5.918730487068681,59.19871057319112,2.71198606,2.21050096,0.8935270309448242,2.575707197189331,3.770506620407105,4.317313194274902,4.56138801574707,4.710239410400391,4.783364295959473,4.820063591003418,23
0.30844721,92.30300745,390.57745785,2.70794425,2.9693976,0.3944788,0.82718587,1.04665828,1.08581591,1.1006887,1.11696625,1.13011622,1.1416204,21
0.67442156,79.5029219,176.88587145,2.1,2.0,0.26143909,0.47743797,0.6380701,0.76466894,0.8670659,0.9513464,1.0215902,1.0823715,10
0.8433776,27.48805893,353.34505487,2.1,2.2,0.2598064,0.43305492,0.52637076,0.58307576,0.6223819,0.6503875,0.67172337,0.6878474,21
0.457451752990344,1.4206713504647663,0.3145388252891099,2.618080776907985,2.1470189648158287,1.2063400745391846,3.929687261581421,6.907170295715332,9.322367668151855,10.773414611816406,10.863458633422852,10.869464874267578,10.874460220336914,13
0.88128875,95.43949074,138.34950841,2.5,2.4,0.24587941,0.4485457,0.63014317,0.7892511,0.92982435,1.0543022,1.1647446,1.2636905,10
0.82812403,251.09286286,359.66317138,2.8,2.6,0.13569355,0.15673685,0.18632078,0.23165202,0.27100897,0.30443978,0.33836627,0.3701899,4
0.6739113324000122,0.9206832906283526,0.1749443976178173,2.602149260852193,2.9340685667846245,1.2794864177703855,4.236281394958496,7.504748344421387,9.992839813232422,11.305538177490234,11.529223442077637,11.541877746582031,11.551420211791992,12
0.4901594068676529,9.915660675739602,40.81775217550297,2.12395453,2.99844694,1.0145444869995115,3.2155439853668213,5.234630584716797,6.419600486755371,6.771276473999023,6.814936637878418,6.836742401123047,6.85108757019043,7
0.4117647479174746,255.4740398775346,0.0117435236392751,2.675883992506532,2.500363330860867,0.3033304214477539,0.5683081150054932,0.7685365676879883,0.9327676296234132,1.070120334625244,1.1876907348632812,1.2903211116790771,1.379988670349121,8
0.30853294,253.05266281,218.67379434,2.82093359,2.01544798,0.17375398,0.21150756,0.24762154,0.27716541,0.30443215,0.3300302,0.35333467,0.37509847,3
0.91105772,79.32793934,56.21171745,2.43234584,2.25564649,0.27559829,0.5321908,0.75594497,0.94955039,1.11701488,1.26221395,1.38905048,1.50073576,9
0.94452,281.45611572,194.43353271,2.59702992,2.37412095,0.11544251,0.16407275,0.21179318,0.25833869,0.30798936,0.35593295,0.40039635,0.44427228,3
0.55491973,112.75836488,162.66279101,2.5,2.2,0.3202238,0.6246021,0.83770585,0.9944608,1.1154191,1.2143385,1.2958736,1.3642051,10
0.3013345624377593,3.6511580141742734,0.0669570235341543,2.900780355058064,2.6909980989873867,1.2819290161132812,4.266015529632568,7.720341205596924,10.726079940795898,12.492454528808594,12.54328155517578,12.548383712768556,12.552831649780272,12
0.97757531,251.66053137,173.88373165,2.4,2.4,0.10534906,0.17200541,0.22853494,0.28169823,0.33662224,0.3903942,0.4424019,0.49194098,3
0.60473111,145.09826475,129.44130686,2.32897355,2.23433118,0.23303246,0.40115643,0.54277968,0.66327024,0.76797676,0.85927153,0.94031525,1.01209569,17
0.5176994828872293,0.7319138344167222,1.7346987223088866,2.1035479224441467,2.653016743880411,1.2301836013793943,4.162641525268555,7.587136268615723,10.590747833251951,12.462654113769531,12.51338005065918,12.519224166870115,12.5242338180542,13
0.3725721413436506,10.632934371918177,68.36279886998453,2.9,2.5,0.9855947494506836,3.037714958190918,4.885025978088379,5.934518337249756,6.182877063751221,6.233547687530518,6.264321804046631,6.272782802581787,7
0.9366185365523022,2.1423937995062774,0.0320041131495489,2.781669346512152,2.772819754229322,1.1376981735229492,3.3755202293396,5.124366760253906,6.068991661071777,6.58482837677002,6.9745683670043945,7.297140121459961,7.535373687744141,5
0.33040686,196.77740602,377.76438072,2.4,2.0,0.15633416,0.17237306,0.19163513,0.20630097,0.22037506,0.23329353,0.24602509,0.25814104,11
0.68711098,37.29323489,400.0,2.0,2.0,0.21103048,0.28453422,0.31339335,0.33475399,0.3520174,0.36637306,0.37775588,0.38685536,4
0.99324712,43.98962308,309.56207463,2.8,2.8,0.29829192,0.55822253,0.7573347,0.91903067,1.0491762,1.1562421,1.244123,1.3171668,10
0.46146872,128.11703604,133.83441275,2.7,2.4,0.3942647,0.8561332,1.1574547,1.3365128,1.4608278,1.5596306,1.6430242,1.713517,10
0.5490949251800351,3.0418939251264208,10.533543541666356,2.28158623291524,2.898239974479828,1.187041997909546,3.880444288253784,6.717868804931641,8.735037803649902,9.63890266418457,9.78183364868164,9.788589477539062,9.796977043151855,14
0.7699240218283012,38.61144042519923,0.0272233221151289,2.8541766995359583,2.203483571572505,0.5531513690948486,1.3507287502288818,1.8844034671783447,2.214592218399048,2.444722414016724,2.6269447803497314,2.7779805660247803,2.907336473464966,18
0.33103923,5.43492431,57.62789965,2.49492796,2.40026663,1.07654667,3.26009798,5.32695198,6.64891768,6.93202639,6.93465471,6.93550634,6.93602228,7
0.97641784,38.59382629,257.49661255,2.0688386,2.87405515,0.31194901,0.62869549,0.87348723,1.06459641,1.21474433,1.33623719,1.43460321,1.5152936,10
0.57006786,240.37658953,57.20391644,2.5,2.2,0.1982727,0.3288262,0.4529519,0.56325936,0.6636169,0.7559371,0.8403039,0.9181597,16
0.63957765,53.77803927,340.53482203,2.8,2.2,0.33411407,0.6643276,0.864681,0.977442,1.0524213,1.1075115,1.1528845,1.1883793,21
0.3411540787396338,7.40460845684527,0.0821568908591237,2.4062448116296618,2.9872041556888007,1.2262558937072754,4.060916900634766,7.235517501831055,9.719985008239746,10.994811058044434,11.097319602966309,11.10337257385254,11.10881519317627,12
0.3529861591796298,151.98501850287008,0.0185283862864785,2.7385264438336225,2.5095379118587764,0.5239927768707275,1.3303468227386477,1.8433725833892824,2.08353590965271,2.223594903945923,2.3367416858673096,2.4309537410736084,2.509729146957397,18
0.5071314,116.91959381,281.99185181,2.06139255,2.84151077,0.28407574,0.51662731,0.66934991,0.78415227,0.87447214,0.94806552,1.0097239,1.06250978,10
0.78808379,269.79922485,31.96946526,2.26917601,2.63398647,0.14608669,0.24488735,0.33881688,0.43051481,0.51886797,0.6026938,0.68206549,0.75802994,15
0.3007,32.85757799,0.400999,2.005,2.005,0.94173884,2.67897224,3.88768435,4.36137056,4.47935057,4.5227294,4.55469561,4.58002281,22
0.67572816,285.3885302,52.50387211,2.1,2.7,0.1334579,0.21020365,0.2832458,0.35329962,0.4208939,0.4851749,0.54516053,0.60288143,2
0.61836731,296.73590088,88.66514587,2.40676975,2.0539248,0.11487222,0.17617059,0.23161912,0.28450751,0.33744979,0.38708901,0.43424845,0.47885704,2
0.68211314,239.07342768,273.0134719,2.4,2.1,0.10558462,0.15160537,0.19513464,0.23072505,0.26786065,0.30311584,0.33749223,0.36949682,4
0.38712001,78.93310547,138.7646637,2.19585967,2.07445049,0.45521641,1.06534433,1.37939644,1.47613811,1.52937436,1.57163763,1.60719562,1.63905573,0
1.0,267.40820312,252.73451233,2.0,2.0,0.06287646,0.10154653,0.13321424,0.1564827,0.18405533,0.20913458,0.23438549,0.26049256,11
0.35657323,92.55576102,91.94423408,2.7,2.7,0.6152744,1.6653373,2.3608086,2.6167834,2.7010639,2.7550786,2.8028247,2.8457196,0
0.6096090029650232,121.52472698082885,55.46196606766088,2.210101618094545,2.4621641934299023,0.330277681350708,0.6695764064788818,0.9265615940093994,1.126166582107544,1.2868871688842771,1.421119213104248,1.5356521606445312,1.634533405303955,9
0.69431716,135.03462219,201.41238403,2.39948153,2.55830431,0.22171474,0.37102699,0.50349116,0.61824465,0.71922517,0.80923986,0.88994908,0.96284437,17
0.30000001,96.5506897,215.75151062,2.0,2.0,0.35553789,0.71286392,0.86385441,0.90354562,0.93272614,0.95668125,0.97647691,0.99325585,21
0.52936588,117.9128868,13.63479841,2.9,2.8,0.50041795,1.1947534,1.6748958,1.9624996,2.1606622,2.3157005,2.4421902,2.5507522,18
0.4693675,14.43542004,13.19336605,2.22745466,2.39034986,1.02835727,3.01604986,4.56095219,5.28583193,5.51514244,5.59853554,5.65439892,5.69245291,6
0.61490452,215.62541199,219.85868835,2.23388147,2.26033187,0.1360085,0.19606495,0.25553441,0.30857325,0.35934186,0.40650177,0.45026565,0.49130678,3
0.84641195,98.14961694,369.95646896,2.3,2.3,0.14388561,0.19558263,0.24888372,0.29465508,0.33614635,0.3736539,0.40733314,0.43815088,4
0.37845399,80.89835827,197.91287352,2.7,2.7,0.52052474,1.3224671,1.8324888,1.9903839,2.032077,2.0633242,2.0910819,2.1171272,1
0.78901393,116.76756673,387.22291693,2.0,2.7,0.12089706,0.15060544,0.17753553,0.19924879,0.21981025,0.2372644,0.25454307,0.27035332,11
0.46454111,289.97195435,265.13613892,2.01266813,2.36856365,0.10823774,0.14001918,0.17151785,0.1947763,0.22042489,0.24544621,0.26960802,0.29160309,11
0.3181341819908081,130.15327676073937,400.0,2.0,2.0,0.1575415134429931,0.166334867477417,0.1745445728302002,0.1806917190551757,0.187741994857788,0.1941320896148681,0.1997878551483154,0.2052168846130371,11
0.67275226,295.10238647,175.51074219,2.04597378,2.27346325,0.09449935,0.14554071,0.19140911,0.22933173,0.27089667,0.31047559,0.34813499,0.38402987,3
0.40518622,78.55137451,164.28708348,2.03702638,2.49051029,0.465271,1.15896845,1.56053424,1.69415307,1.75820589,1.80876684,1.85208368,1.88975382,0
0.5421441884877405,16.110350051722943,20.1092642858456,2.905824345882857,2.212758938956441,0.9119811058044434,2.608102798461914,3.80146074295044,4.3660430908203125,4.656136989593506,4.840353012084961,4.967469215393066,5.044085502624512,23
0.41144863,58.76353073,277.19790649,2.04331446,2.03488684,0.33292818,0.63475609,0.75287533,0.78564239,0.81057334,0.83110094,0.84798908,0.86226964,21
0.67820604,138.99133517,239.31591297,2.80847357,2.41923022,0.20834374,0.3283577,0.43634701,0.52879333,0.61146212,0.68554759,0.75189495,0.8122108,17
0.74676281,93.92439596,114.61762445,2.6,2.9,0.33538628,0.66922235,0.9312434,1.1428733,1.3153958,1.4594665,1.5826349,1.68858,10
0.56387156,245.02619934,5.68522549,2.06223726,2.39470673,0.19595718,0.33326507,0.46215367,0.57747531,0.68224645,0.77871585,0.86644197,0.94725394,15
0.71609872,160.88624103,145.85258684,2.7,2.9,0.24430275,0.4190228,0.577044,0.71774316,0.8427906,0.955955,1.0579062,1.1502185,17
0.86946198,121.83133862,29.7276214,2.5,2.4,0.24670362,0.45754147,0.6525204,0.8275945,0.9848337,1.1270332,1.2543194,1.3696463,9
0.88580384,240.5255417,157.74953705,2.22360591,2.88237311,0.12974143,0.21350813,0.2877388,0.36472821,0.4399097,0.51127553,0.57839704,0.64309883,2
0.32844298,142.27539361,134.51535948,2.8,2.4,0.46306467,1.1174698,1.5212295,1.6722429,1.7496269,1.811599,1.8644774,1.9102709,0
0.61686368,73.01824656,60.28091542,2.7,2.4,0.49482918,1.1915634,1.6491988,1.9135239,2.0903056,2.229882,2.3422,2.4364774,19
0.57051272,171.83145079,233.11000845,2.6,2.3,0.20513868,0.3191507,0.42089605,0.50871205,0.58692765,0.656867,0.7199671,0.7769551,17
0.3129305142785063,3.134380764129022,0.0126093349670377,2.896447292405109,2.263434392977389,1.2298593521118164,4.023028373718262,7.14155912399292,9.787796020507812,11.430274963378906,11.500442504882812,11.50568962097168,11.51016616821289,12
0.5562329947710093,1.2914502205855207,0.6058413502050772,2.414076323844288,2.122145667376176,1.1888275146484375,3.841819047927856,6.622261047363281,8.750565528869629,9.870712280273438,9.996099472045898,10.005156517028809,10.012662887573242,13
0.99019954,158.00998928,298.94971704,2.9,2.7,0.15929747,0.24039221,0.32212496,0.40577006,0.48021293,0.55084157,0.6170163,0.67933536,4
0.38954859,10.67057817,9.57662875,2.5978603,2.00929971,1.04234076,3.15929914,4.98745632,6.00309849,6.32198048,6.45057297,6.53363895,6.58037567,6
0.95626217,282.59899902,167.47358704,2.25657463,2.01903653,0.07948709,0.12942171,0.17068768,0.20352173,0.24300885,0.28109026,0.31797409,0.35415745,2
0.32335944,127.2895058,381.89595411,2.6,2.6,0.28591657,0.44217086,0.49034,0.524348,0.5540364,0.5787802,0.599638,0.6206324,21
0.78538835,153.47019958,181.19076538,2.0070889,2.39495635,0.15554357,0.2543118,0.350492,0.43793225,0.51874852,0.5933063,0.66226959,0.72613406,17
0.94427627,216.83666192,15.53639153,2.07597018,2.86996432,0.14564705,0.25781536,0.36207533,0.46608591,0.56605363,0.66167903,0.75319195,0.8402462,15
0.84034414,258.92855223,352.06640921,2.0,2.2,0.06500578,0.09472418,0.11608291,0.12155604,0.1381526,0.15235186,0.1654017,0.17874789,11
0.8757444908682909,9.64749793765892,0.1133013791399996,2.162277470944532,2.84976731186882,0.8554978370666504,2.4348738193511963,3.4874517917633057,4.008133888244629,4.300419807434082,4.499354362487793,4.652146339416504,4.782570838928223,22
0.78131223,13.27065945,47.89765549,2.11973596,2.41811967,0.75464463,2.03025079,2.81658816,3.17038894,3.35327935,3.45948958,3.54671931,3.61500049,23
0.32868846,83.9347085,345.20774862,2.6,2.1,0.34695888,0.69124556,0.84311104,0.8753953,0.89517045,0.912148,0.9268477,0.9396577,21
0.87222415,169.43531799,330.43331909,2.04929018,2.4599967,0.10432863,0.15366507,0.20037365,0.24063015,0.28170276,0.32003021,0.35651517,0.39080572,4
0.56833279,278.54302979,214.09584045,2.74687529,2.68900442,0.16614699,0.23303986,0.30206442,0.36940336,0.4297266,0.4860158,0.53851342,0.58805656,3
0.90098127,298.72185903,146.25756478,2.43763434,2.94661972,0.13958335,0.20266199,0.26198816,0.33721137,0.40745926,0.47207308,0.53500724,0.59557652,2
0.54892145,276.01126163,138.9395267,2.1,2.4,0.12792039,0.18538857,0.24060822,0.2920196,0.3418777,0.38827634,0.43134665,0.4719231,2
0.5589761223226168,85.06530549750877,0.0034977504775611,2.425444032506695,2.7387991454359697,0.5435655117034912,1.3742609024047852,1.9146406650543213,2.211233377456665,2.409044027328491,2.560387372970581,2.6899921894073486,2.7977683544158936,18
0.71085765,153.34293235,295.51180601,2.2,2.0,0.12412381,0.17598677,0.22625208,0.271549,0.31436324,0.35385537,0.39000273,0.42360592,4
0.31044918,4.20671766,127.21071951,2.69534034,2.90848848,0.99250555,3.02613473,4.93799973,6.16628456,6.44597816,6.45317173,6.45329762,6.45341301,7
0.5932398723986843,2.327274915815348,6.396001430983007,2.0650343190832907,2.3690961017560284,1.1396749019622805,3.64238953590393,6.077470779418945,7.669815063476562,8.295537948608398,8.426319122314453,8.471105575561523,8.511497497558594,14
0.32585761,212.10101015,23.86674618,2.3,2.8,0.3750372,0.7744992,1.0249634,1.1768024,1.2888813,1.3808494,1.4598532,1.5278935,9
0.80242134,18.90840317,146.4504565,2.6,2.4,0.5890622,1.5275929,2.1185691,2.3817575,2.510999,2.59015,2.6492364,2.6999772,0
0.50851331,280.65789007,79.71738165,2.5,2.6,0.19867063,0.31089783,0.41872597,0.5152707,0.6027925,0.68333983,0.7577846,0.8272052,16
0.64329998,169.63339953,342.32184805,2.8,2.4,0.17309356,0.2413621,0.30986094,0.37086082,0.42652655,0.47676587,0.5231304,0.56631756,4
0.4012903874594811,152.49440789198258,381.886428064042,2.1,2.7,0.2128565311431884,0.2952044010162353,0.3481638431549072,0.3934643268585205,0.432565689086914,0.467642068862915,0.500410795211792,0.5297565460205078,4
0.55526783,288.86711519,74.05962165,2.6,2.3,0.17104506,0.2691033,0.3663051,0.45554876,0.53706145,0.6133137,0.6847441,0.7515259,16
0.6157780341263556,3.2609546675075807,18.095888104560103,2.45921063,2.26550555,1.092235803604126,3.363941669464112,5.361659526824951,6.486293315887451,6.906254291534424,7.051608562469482,7.159294605255127,7.22400426864624,6
0.44379439,257.01316397,331.05202953,2.91461811,2.70755963,0.17944503,0.21933484,0.26646352,0.30783463,0.34272504,0.37577987,0.40616059,0.43472505,4
0.46279341,33.12775845,74.83045967,2.66317676,2.78691768,0.82399845,2.37943506,3.53503942,4.05780602,4.21533203,4.27171612,4.30324936,4.33029842,23
0.47820753,233.56199646,97.13083649,2.24960065,2.06889391,0.17959046,0.27796817,0.36939621,0.44981813,0.52194691,0.58786345,0.64708734,0.70260215,16
0.6451817056847533,29.33905846192512,0.0106839891456156,2.774844881887192,2.579748056737315,0.7830581665039062,2.169064521789551,3.0883712768554688,3.5540785789489746,3.8148159980773926,3.991672992706299,4.1294355392456055,4.24652099609375,22
0.60203456,69.96828852,154.84308808,2.5,2.0,0.392699,0.8654828,1.1704402,1.3489823,1.4706309,1.561981,1.6388867,1.7045636,20
0.34138516,16.04727173,2.96567631,2.0293448,2.36792684,1.08775496,3.29327869,5.22211075,6.27280664,6.53566599,6.57294703,6.59547853,6.61035013,6
0.57813209,279.87515153,382.65649309,2.9,2.1,0.1046381,0.13669801,0.16325355,0.18763852,0.21348572,0.23730087,0.25880885,0.2797122,11
0.507939663997818,4.449886749561699,0.2263463594834826,2.3926317970457944,2.276079107669974,1.150578260421753,3.6181600093841553,5.963854789733887,7.460940361022949,8.060771942138672,8.200906753540039,8.281972885131836,8.35217571258545,13
0.7615568,297.03012085,99.03429413,2.65997076,2.58402205,0.14366174,0.22017217,0.29364657,0.37147188,0.44530058,0.51366782,0.5790627,0.64170527,2
0.36734759,268.04898445,82.16572502,2.5,2.5,0.2655182,0.4484055,0.58354163,0.6962166,0.79225373,0.87725854,0.9520173,1.0174267,16
0.69978781,226.45694726,181.33856496,2.8,2.9,0.18870497,0.2875328,0.3894403,0.4854617,0.5718372,0.6528311,0.72825694,0.79873824,17
0.893750091603791,171.68346046010626,324.3175643453818,2.3,2.1,0.0944151878356933,0.1342847347259521,0.1689608097076416,0.1969261169433593,0.2291646003723144,0.2593882083892822,0.2873463630676269,0.314011812210083,11
0.80520744,187.76609421,287.65918543,2.9,2.7,0.16962457,0.24891067,0.3311684,0.41140628,0.48281622,0.5498934,0.6124413,0.67127657,4
0.38261977,134.21757639,18.24367666,2.87337997,2.18933236,0.47732234,1.12807941,1.52574801,1.72404218,1.85182166,1.95439649,2.03882384,2.11262298,19
0.33290134,245.09898028,35.60360416,2.6,2.7,0.35894775,0.7181971,0.9515753,1.1097629,1.231113,1.3316314,1.4177511,1.4904335,9
0.66634033,247.82550603,171.3745979,2.31329822,2.46039847,0.14181733,0.21454811,0.28660488,0.35309219,0.41580391,0.47545671,0.53087783,0.58332896,3
0.93903809,71.62615117,132.59676557,2.1,2.4,0.23093843,0.4240551,0.5942168,0.74215627,0.87063694,0.9841752,1.0837235,1.1706963,17
0.61234324,202.97611864,333.32390599,2.4,2.7,0.14254212,0.18472314,0.2284522,0.26470637,0.30007577,0.3333757,0.36321712,0.39221358,4
0.4907223199968801,76.52177951311364,18.495389840690887,2.593268398721297,2.429863832399424,0.583183765411377,1.5178453922271729,2.103488206863404,2.385401964187622,2.55263352394104,2.6812117099761963,2.785407781600952,2.875762701034546,19
0.73334181,240.07688082,145.46614863,2.3,2.6,0.13621426,0.21062016,0.2825172,0.34928346,0.4132414,0.4746349,0.5319352,0.58627653,2
0.66518402,80.60108185,213.20457458,2.03760624,2.36693287,0.27392554,0.5028193,0.6709578,0.80071187,0.90495062,0.99057865,1.06157327,1.12144685,10
0.52729885,273.96696265,376.53204049,2.4,2.0,0.08685637,0.1100874,0.13237453,0.13914132,0.1508367,0.16241264,0.17570257,0.1872313,11
0.4999644934985302,3.909721041859877,56.02202752377254,2.16813299,2.67421748,1.028365135192871,3.2714731693267822,5.430500984191895,6.817707061767578,7.262486457824707,7.268857955932617,7.269304275512695,7.269569396972656,7
0.74812846,180.30937349,312.4127533,2.1,2.0,0.09247422,0.13007498,0.16220713,0.18873453,0.21750832,0.24453545,0.2702806,0.29390216,11
0.9993,199.73505959,160.84117584,2.00892466,2.85981003,0.1200335,0.20505786,0.28284168,0.35967445,0.43451929,0.50677061,0.57593656,0.64177585,2
0.9262264941630198,66.92975317712585,0.0627154694310505,2.064871692221881,2.105166821817845,0.2893037796020508,0.5759961605072021,0.8234732151031494,1.0328586101531982,1.2101433277130127,1.3630423545837402,1.497253179550171,1.615100383758545,8
0.4034061798323828,247.224416138587,400.0,2.00366743,2.33125966,0.103672981262207,0.1185121536254882,0.1338984966278076,0.138216495513916,0.1464035511016845,0.15380859375,0.1626439094543457,0.1705782413482666,11
0.6274214156977781,2.5541623298444214,0.0360779377475695,2.820904177493009,2.608181185806855,1.2231953144073486,3.8733069896698,6.447940826416016,8.112032890319824,8.811399459838867,9.029109954833984,9.188223838806152,9.359694480895996,12
0.74836187,204.97949345,249.23231154,2.0,2.5,0.10775566,0.15337014,0.19403195,0.23032784,0.26971602,0.30536485,0.33913708,0.3713143,3
0.39490101,96.03439333,288.615052,2.063195,2.03192659,0.25533247,0.41431952,0.49248672,0.5469799,0.58932185,0.62469244,0.65443945,0.67963576,21
0.6865418391005053,0.7790212481902884,0.0048967393575575,2.602613568482731,2.5147556502534263,1.250765323638916,4.095035552978516,7.144504547119141,9.38910961151123,10.599371910095217,10.824368476867676,10.839213371276855,10.850008964538574,12
0.71764775,175.3298443,159.51011798,2.9,2.6,0.22599578,0.37814808,0.52126837,0.65103436,0.7676492,0.874738,0.972708,1.0623178,17
0.4422940886934953,300.0,318.63447655467905,2.76089764,2.24099207,0.1144471168518066,0.1387426853179931,0.160886526107788,0.1726961135864257,0.1879956722259521,0.2048578262329101,0.217411994934082,0.2311396598815918,11
0.5647009,169.62512518,190.4991524,2.6,2.9,0.25468612,0.42719007,0.56560373,0.6842222,0.78701043,0.8779497,0.9587629,1.0302835,17
0.62621879,147.16522589,277.33113493,2.7,2.9,0.23816776,0.37707806,0.49166918,0.59144974,0.67812634,0.7552066,0.82423735,0.886261,17
0.5799822128976682,175.222908391725,386.09077867609335,2.2,2.5,0.1427745819091797,0.178450345993042,0.2178232669830322,0.2509651184082031,0.2822165489196777,0.3114092350006103,0.3381202220916748,0.3635563850402832,4
0.5764292083500795,1.3377882543287194,13.332861149021593,2.41707548,2.9728992,1.227980613708496,4.075033187866211,7.26827335357666,9.762239456176758,11.051243782043455,11.152371406555176,11.155674934387209,11.158642768859863,14
0.72489417,284.49975586,240.91539001,2.03714895,2.69112015,0.10091209,0.15331221,0.20080566,0.24399114,0.28758144,0.32940793,0.36961794,0.40829897,3
0.54728020781584,94.20270255564309,30.28406386653377,2.385937743862496,2.294385414376634,0.4396901130676269,1.013812780380249,1.3898530006408691,1.6190097332000732,1.7830326557159424,1.913910150527954,2.024216890335083,2.115633249282837,19
0.62502658,79.44143034,67.88582458,2.61271399,2.84257549,0.48488665,1.16564584,1.63595748,1.92128205,2.1203692,2.27417636,2.40281653,2.50980258,20
0.71974099,200.29064941,378.9201355,2.16320658,2.20579219,0.08843851,0.11713576,0.14203453,0.15443778,0.17274928,0.18980217,0.20628023,0.22137833,11
0.67129493,254.28965759,11.96405029,2.04525423,2.59961271,0.16258454,0.2772429,0.38804603,0.49182081,0.58890057,0.67999005,0.76528215,0.84553432,15
0.30140567,90.98495673,153.21265757,2.10276213,2.82966748,0.56327486,1.54361916,2.19011807,2.3555553,2.37355638,2.39126706,2.40813947,2.42422175,0
0.9955117776736666,300.0,395.7317523931516,2.02176404,2.03105187,0.047865867614746,0.0721051692962646,0.0952997207641601,0.0972383022308349,0.1080257892608642,0.1161167621612548,0.123558759689331,0.13254976272583,11
0.66924375,253.89014419,324.9662601,2.9,2.6,0.14198709,0.19031692,0.23804712,0.29207206,0.33745956,0.38065362,0.4213562,0.46037698,4
0.50479719,60.03004931,355.42638008,2.0,2.3,0.24507666,0.357996,0.40067863,0.4311905,0.45506787,0.47507644,0.4917357,0.5055859,21
0.684105327194303,0.8336315457430509,0.1879150604498704,2.940523612518441,2.726249922249174,1.2851033210754397,4.209135055541992,7.368834495544434,9.71916961669922,10.951757431030272,11.132352828979492,11.145149230957031,11.155680656433104,12
0.73206895,173.22237023,201.06707853,2.2,2.8,0.15995288,0.24348736,0.32766485,0.4022553,0.47088814,0.5347893,0.5940535,0.6492801,3
0.99060291,240.67440692,75.75391819,2.4,2.1,0.10643411,0.18627214,0.25846958,0.32432008,0.39159346,0.45758724,0.5216267,0.5830903,2
0.79091763,263.55296696,189.23715229,2.5,2.9,0.15312767,0.20362854,0.26607728,0.33425188,0.39751387,0.45502687,0.51031256,0.5635333,3
0.3279877177123586,24.15407422569894,17.177139916107283,2.96090984,2.09521174,0.9496264457702636,2.801682949066162,4.254393577575684,4.928459167480469,5.157805442810059,5.291254997253418,5.376293182373047,5.435626983642578,6
0.4131575614356425,6.639527403515928,0.0933944676812826,2.569105951868788,2.0788245060322814,1.1229186058044434,3.5037882328033447,5.760746002197266,7.200210571289063,7.758798599243164,7.877684593200684,7.947440147399902,8.009930610656738,5
0.87449205,102.00445865,29.92143741,2.59572866,2.30809974,0.2688489,0.51157069,0.72903466,0.92040753,1.08850479,1.23757219,1.36870265,1.48564458,9
0.63794422,12.52279472,36.09360886,2.48566151,2.49063516,0.91991544,2.60728741,3.7919178,4.34136868,4.57303667,4.68971252,4.75621843,4.8017745,23
0.42537149,270.53153255,23.63979426,2.5,2.1,0.23515868,0.40034962,0.5401068,0.6610949,0.7679329,0.8622813,0.9469502,1.02299,15
0.5830416315463557,4.35266640586134,0.0073448113459476,2.461895381887416,2.704221756467333,1.1828811168670654,3.742922782897949,6.186341762542725,7.6833930015563965,8.285747528076172,8.483863830566406,8.605993270874023,8.705915451049805,12
0.78583463,184.19338925,240.74451949,2.2592623,2.52909066,0.14212036,0.2156961,0.28997016,0.35829592,0.42209101,0.4822669,0.53839445,0.59102774,3
0.49482524,232.51646095,2.02025729,2.39215178,2.44586302,0.26337838,0.47307539,0.64741659,0.79706383,0.92695427,1.04098773,1.14255977,1.23273754,8
0.64886093,86.49334717,302.51834106,2.0,2.0,0.17940235,0.25973177,0.32649422,0.38152266,0.42834353,0.46896124,0.50444674,0.5348711,4
0.55701359,21.52633032,167.59156632,2.0,2.5,0.57093763,1.4489603,1.937171,2.0671563,2.0880284,2.0988197,2.1089783,2.1184678,0
0.4038494467993763,7.569102216764083,0.0378681607107002,2.036851014783728,2.177699363915656,1.093095302581787,3.4515061378479004,5.6670756340026855,7.094033718109131,7.606293201446533,7.686269283294678,7.715675830841064,7.7411417961120605,5
0.89947028,70.87409174,31.3147336,2.3,2.8,0.3261547,0.6627338,0.942708,1.1769025,1.3714347,1.5353374,1.6759081,1.799058,9
0.53189838,10.34241199,44.54582596,2.50715661,2.00155711,0.9230721,2.56825495,3.68849945,4.16468525,4.3639307,4.46116829,4.49853182,4.52033424,23
0.664998,129.98767455,2.30638577,2.39436586,2.0,0.26871824,0.5110054,0.71376133,0.88581657,1.03271747,1.15969896,1.26915622,1.36656022,8
0.80211507,85.57077846,161.65930698,2.2,2.9,0.26087236,0.48002195,0.659369,0.81120896,0.9398546,1.0500247,1.1460066,1.2296214,10
0.5920271475401928,14.255965707080634,47.46082892861711,2.78170824,2.27695012,0.8559517860412598,2.442504405975342,3.546972751617432,4.0594892501831055,4.301860809326172,4.444282054901123,4.521080493927002,4.577992916107178,23
0.32354027,10.12807274,108.17165375,2.18717837,2.9750309,0.95678496,2.95759344,4.8050909,5.93174028,6.15116358,6.15151262,6.15153742,6.15153742,7
0.37632057,98.50570049,83.64643043,2.2,2.7,0.50775146,1.2427683,1.6707695,1.8341706,1.9219034,1.9913313,2.0506504,2.1004045,0
0.3141208,87.41986847,49.45769882,2.4826622,2.21441841,0.62981153,1.66649771,2.29357815,2.50431252,2.5787816,2.62908173,2.67354059,2.71287394,0
0.806269364343056,209.8825595986316,374.92878627745785,2.1,2.1,0.0727574825286865,0.1013305187225341,0.1245741844177246,0.1338727474212646,0.1512877941131591,0.1669313907623291,0.1817958354949951,0.1957156658172607,11
0.52999948,121.57727974,141.95750894,2.4,2.1,0.30568838,0.5837717,0.7820089,0.929945,1.0456958,1.1414797,1.2211878,1.289568,10
0.6337303284464723,6.270400491963149,0.0038879354673355,2.6283863576617104,2.750746949052352,1.134984254837036,3.487720489501953,5.5021185874938965,6.596081256866455,7.070828914642334,7.323917865753174,7.522450923919678,7.676419734954834,5
0.79465933,172.23119445,9.88413436,2.7,2.3,0.22025228,0.3962295,0.56355906,0.7175429,0.85814166,0.9872017,1.1063409,1.2154274,15
0.4049198898986247,283.49825620301107,264.96075984049713,2.2594396,2.22636949,0.1252856254577636,0.1531448364257812,0.182962417602539,0.2070066928863525,0.2314133644104004,0.2541205883026123,0.2759833335876465,0.2967627048492431,11
0.31220528,134.6834229,219.50880897,2.67877071,2.97612004,0.45477104,1.07182431,1.45890045,1.59493876,1.6489563,1.69337749,1.73179579,1.7651906,1
0.544614914694158,299.1638109198545,389.1204104564353,2.4650769,2.8523634,0.1285066604614257,0.1488368511199951,0.1688699722290039,0.2008090019226074,0.2262241840362548,0.2479190826416015,0.2699019908905029,0.2904403209686279,11
0.64640067,114.70125004,260.64689898,2.9,2.8,0.29566884,0.53004503,0.7044065,0.84794855,0.9677584,1.0695314,1.15604,1.231214,10
0.40464073,39.8268268,70.64029905,2.9,2.9,0.8601935,2.5134163,3.8094716,4.4326706,4.6232696,4.6882706,4.718623,4.742184,23
0.66248751,181.36892373,76.98708697,2.0,2.1,0.16298723,0.27253366,0.37448263,0.46830916,0.55320406,0.63130045,0.70370746,0.77103496,16
0.94430858,11.54367447,186.67893982,2.63743639,2.36830163,0.53441238,1.31764412,1.80980015,2.03344917,2.13602114,2.19557858,2.23689699,2.26974678,0
0.30771941,256.58155242,146.056135,2.89994981,2.46344653,0.28090167,0.46150804,0.57087994,0.65904045,0.73395705,0.79830837,0.85600662,0.90585685,17
0.31277642,295.74484253,51.9932785,2.87428975,2.12021637,0.24107647,0.38117838,0.48504472,0.5729723,0.64887333,0.71633959,0.77604198,0.83101559,16
0.738295091348185,15.078090040507227,0.0751934235740691,2.431229575470731,2.956166312835512,0.8932206630706787,2.60920786857605,3.825586080551148,4.426488876342773,4.723182678222656,4.919981002807617,5.067836761474609,5.183244705200195,5
0.81724976,153.0066893,31.80700701,2.3,2.2,0.19353986,0.34424496,0.48647594,0.61727977,0.73748016,0.8473966,0.94899297,1.0423667,15
0.6158364740587925,5.234246375236291,0.57223787799196,2.4876108014073868,2.391193863261268,1.1134319305419922,3.3912744522094727,5.3084001541137695,6.334004878997803,6.761232852935791,6.984766483306885,7.162394046783447,7.294745922088623,5
0.83789408,126.14272308,245.93832397,2.03888154,2.00599551,0.12237406,0.18891454,0.25056791,0.30810881,0.36185646,0.41090035,0.45587897,0.497684,3
0.3999800705948105,259.0546569461262,315.84972695729573,2.19955516,2.74990797,0.1685535907745361,0.2141497135162353,0.2607054710388183,0.3020858764648437,0.3398370742797851,0.3747501373291015,0.4072232246398926,0.4373612403869629,4
0.88498071,141.9391248,333.6420914,2.3,2.5,0.12599063,0.17670631,0.22755861,0.2727797,0.31484413,0.35488176,0.39229274,0.42693138,4
0.56829471,28.90436333,365.00538346,2.6,2.8,0.4276247,0.95644474,1.243195,1.2874522,1.2886429,1.2895641,1.2907457,1.2919397,21
0.9789325492115356,3.615901192807888,0.3551482225910065,2.403550046882496,2.598656773176605,0.9839017391204834,2.7824223041534424,4.018806457519531,4.664156913757324,5.043337821960449,5.316623687744141,5.5271100997924805,5.689250946044922,5
0.32461048,191.30244482,247.53273589,2.4,2.7,0.26822805,0.4181838,0.49701476,0.56004715,0.6136842,0.66034126,0.70046854,0.7350197,17
0.62842092,37.74232853,111.54279297,2.4,2.5,0.5691085,1.446039,1.9840641,2.2207756,2.3485956,2.4365702,2.5081468,2.569491,20
0.64244598,286.28166375,281.47305859,2.6,2.2,0.10806179,0.15135813,0.1913712,0.22662139,0.26202297,0.2959292,0.3283069,0.35903,4
0.79923003,293.45436854,132.31862545,2.3,2.7,0.12056971,0.18078995,0.23863554,0.29322076,0.34756923,0.4013152,0.45193362,0.5009055,2
0.68319778,199.15196309,289.6069439,2.1,2.5,0.11337638,0.15268302,0.18998742,0.22114539,0.25421023,0.2850175,0.31352282,0.34048247,11
0.66821542,182.59582011,133.55856269,2.57719299,2.07033677,0.16900635,0.26740384,0.3621726,0.44860959,0.52665186,0.59861183,0.66484165,0.72622752,17
0.65708625,268.6895752,400.0,2.0,2.0,0.05684614,0.07937431,0.09557295,0.09598589,0.10429049,0.10884142,0.11064577,0.11650634,11
0.51974818,102.77506253,56.08114121,2.4,2.3,0.42845178,0.963336,1.3084688,1.5109203,1.6586094,1.774442,1.8689125,1.9502127,19
0.99340704,182.84292779,350.55498965,2.44009817,2.57036838,0.11932039,0.16444707,0.2077105,0.25291562,0.29804444,0.33944178,0.37782979,0.41489506,4
0.8767810380466531,1.380075450837206,6.3718585117217215,2.294047925983165,2.586350000798042,1.1418688297271729,3.5110695362091064,5.512353897094727,6.620257377624512,7.132146835327148,7.426248550415039,7.648470878601074,7.815451622009277,6
0.59163463,250.54011022,25.58232296,2.67386998,2.0847673,0.17150784,0.27856326,0.38318372,0.4789536,0.56699657,0.64808321,0.72329187,0.79384947,15
0.3719703046812382,2.550827063753617,21.239349786040496,2.0621765133637395,2.179557001060104,1.0982725620269775,3.544504880905152,6.107857704162598,8.015600204467773,8.887683868408203,8.970460891723633,8.97114372253418,8.971673965454102,14
0.32535243,31.25309004,189.19273655,2.80948554,2.6172594,0.70770884,1.99027395,2.93533802,3.25609922,3.27549028,3.27569532,3.27594471,3.27609253,0
0.84444393,97.6744308,252.3505576,2.3,2.8,0.19904184,0.32090044,0.43344235,0.52993727,0.6158445,0.69261074,0.7610042,0.822834,17
0.94054711,284.99215698,6.97699833,2.12460256,2.6344161,0.11769176,0.20621681,0.28443122,0.36147714,0.4390626,0.51431203,0.58709955,0.65692806,2
0.90410068,120.39220733,0.400999,2.89381022,2.31841411,0.25068355,0.47132373,0.67519736,0.85946846,1.02482033,1.17445993,1.30904198,1.42996883,8
0.80871776,139.53403053,365.3762541,2.5,2.7,0.15512943,0.2128408,0.27156258,0.3243246,0.37330747,0.41737485,0.4582684,0.4961691,4
0.52379662,88.48840518,342.89649051,2.0,2.1,0.1897173,0.24789166,0.28842688,0.3229003,0.35269666,0.37780738,0.39964342,0.41893148,4
0.3143554595297432,25.31470360385855,0.1041520869603467,2.099378199290232,2.9643039479417355,1.0566308498382568,3.394109010696411,5.647963523864746,7.067314147949219,7.530823707580566,7.57209300994873,7.586463928222656,7.598013877868652,5
0.92502885,242.58431211,223.1346316,2.2,2.5,0.09956479,0.15431619,0.20058012,0.24109602,0.28430152,0.32760048,0.36901855,0.40809488,3
0.47796446,173.49816142,351.53984606,2.1,2.9,0.14667654,0.17223787,0.19926071,0.21619296,0.23313451,0.25090218,0.26696634,0.28199792,11
0.93819439,14.0992384,0.65266138,2.32119083,2.09810996,0.64947295,1.58361363,2.16279364,2.50488091,2.73569727,2.91650248,3.05999041,3.18013477,18
0.4587045234575966,2.6927519912231497,0.0177831905018488,2.9425554480983505,2.512139547122113,1.2534542083740234,4.081964015960693,7.160271644592285,9.56804656982422,10.762474060058594,10.850301742553713,10.85724639892578,10.863192558288574,12
0.7505845875364152,1.8671432783978856,7.499201195043343,2.1259999180641693,2.1633416412633224,1.0896782875061035,3.3157551288604736,5.150605201721191,6.14278507232666,6.567492485046387,6.775604248046875,6.937440872192383,7.034337997436523,6
0.63872392,75.23750108,358.64693327,2.7,2.8,0.2987044,0.5225246,0.65803814,0.7569215,0.83498096,0.8974576,0.949888,0.993531,10
0.84315079,128.05394347,78.50333069,2.1,2.4,0.19107676,0.33590913,0.4725039,0.596323,0.7083974,0.8112521,0.90489626,0.99074864,16
0.3486212506357397,268.9161744320491,321.41801732783404,2.3,2.9,0.188093900680542,0.2407641410827636,0.2875316143035888,0.3289341926574707,0.3669724464416504,0.4010236263275146,0.4333832263946533,0.4636571407318115,4
0.7394026,88.48226188,328.40048759,2.4,2.2,0.19968915,0.30429316,0.39424014,0.46917105,0.5336993,0.58977246,0.63974786,0.68325806,17
0.94803539,185.69374475,298.75159827,2.7950581,2.35078292,0.1265161,0.17210841,0.22186637,0.26822591,0.31450605,0.35827899,0.39862204,0.43800259,4
0.40528313,83.00932849,399.13009644,2.97350619,2.6677737,0.33540726,0.6167953,0.73590612,0.78393507,0.81891394,0.84790826,0.87286639,0.89462757,21
0.70129701,72.04618533,16.68583173,2.2,2.1,0.39524174,0.8487723,1.1724768,1.4041345,1.5802815,1.7246082,1.8472543,1.951061,9
0.76593091,251.08688013,238.16460437,2.7,2.4,0.12911391,0.1925137,0.2502494,0.3107803,0.36877275,0.42213893,0.47231746,0.52026963,3
0.3088083728130374,269.91915551402553,297.7563652960856,2.0,2.32350659,0.1421325206756591,0.1628496646881103,0.1878013610839843,0.2082929611206054,0.2281651496887207,0.2461402416229248,0.263427734375,0.2795388698577881,11
0.4879810462668634,41.30923749131028,0.0340847332756905,2.467077964560898,2.8838901891035604,0.8447041511535645,2.499936580657959,3.7070627212524414,4.2714524269104,4.500996112823486,4.635580539703369,4.729637145996094,4.800205230712891,22
0.3963334749431215,0.8313020027922098,0.0097450072455439,2.042498483101136,2.1045307741345574,1.1788973808288574,3.900729179382324,6.962110996246338,9.600423812866213,10.7559814453125,10.767847061157228,10.77461051940918,10.780323028564451,12
0.910174043029711,30.89493839328852,1.0112156250403437,2.3801227381442893,2.625215145623824,0.5540175437927246,1.3442268371582031,1.882035493850708,2.231343507766724,2.4853174686431885,2.686351537704468,2.853535413742065,2.997545957565308,18
0.7387867,222.88399706,205.49237116,2.1,2.2,0.1058569,0.15963268,0.20827961,0.25158453,0.29645658,0.33898973,0.37847543,0.41598797,3
0.48288995,103.96851656,42.23335632,2.1,2.0,0.40038896,0.8726845,1.1599922,1.329468,1.4487295,1.5467367,1.6304011,1.7002492,9
0.43907719,180.71428816,73.44025767,2.6,2.1,0.31874132,0.622668,0.8376882,0.99937296,1.1268785,1.2320597,1.3213091,1.3982227,10
0.46898489,69.71014284,289.81218409,2.6,2.1,0.366616,0.7728696,0.9960885,1.0851419,1.1377661,1.1784298,1.2103951,1.2378471,21
0.39216932,204.19765668,16.89393238,2.1,2.6,0.30626798,0.57681584,0.7679074,0.9132016,1.0297425,1.1269686,1.2099473,1.282742,9
0.7890166964654277,69.80574913571834,0.341033855535989,2.64568508697737,2.517121935617107,0.4292886257171631,0.9522981643676758,1.345921516418457,1.6368789672851562,1.8616909980773928,2.0457987785339355,2.200472831726074,2.3343658447265625,18
0.6514988,133.41144452,44.22910959,2.35139404,2.34376832,0.28611827,0.54359674,0.75493145,0.93266511,1.08357024,1.21255636,1.3256743,1.42456841,9
0.46122296,204.57627047,251.00794562,2.73107426,2.28887918,0.18537879,0.25132275,0.31357336,0.36535454,0.41262817,0.45572686,0.49505472,0.53125143,4
0.8627929,241.76867734,230.69229346,2.6,2.3,0.11186934,0.17442274,0.22956896,0.2828393,0.33641553,0.38734412,0.43571806,0.48182678,3
0.85463101,107.98354536,72.46953851,2.4,2.8,0.26125097,0.48803258,0.6899259,0.8681383,1.025173,1.1642928,1.2878819,1.397357,10
0.67409042,183.16880735,321.55906517,2.6,2.9,0.1690669,0.23037887,0.29524732,0.35452676,0.4079442,0.4563501,0.5014994,0.54326844,4
0.8055480495261077,89.4783447374378,0.0097420375917764,2.682913472412988,2.0935019900313567,0.3064208030700683,0.6171131134033203,0.8768711090087891,1.0938475131988523,1.2752728462219238,1.430009365081787,1.5647029876708984,1.682706356048584,8
0.86199207,147.29958397,118.99118339,2.50923262,2.48949554,0.19312382,0.33005619,0.46284223,0.58445144,0.69580388,0.79856753,0.89355993,0.98136592,16
0.54873043,138.44070435,150.77168274,2.15356898,2.97946763,0.31675482,0.62699771,0.85480809,1.03165126,1.17316461,1.29051375,1.39013982,1.47663856,10
0.39587861,148.36118048,321.2987206,2.6,2.7,0.27373838,0.4316504,0.5126772,0.5769627,0.63167477,0.6779597,0.7173636,0.7526829,17
0.87111866,42.84992981,243.4340293,2.8,2.7,0.37374902,0.784194,1.0803318,1.2892482,1.4414313,1.5578687,1.6518323,1.7294462,10
0.74982937,75.87294982,242.17470791,2.55376153,2.63795878,0.30138326,0.56858563,0.76673388,0.92434716,1.05129671,1.15613365,1.24275899,1.31619263,10
0.3058881436944867,81.47905200118296,0.2083707656398148,2.364327589465704,2.382052939894498,0.7447957992553711,2.123504638671875,3.056427478790283,3.430333614349365,3.5657029151916504,3.633602619171143,3.6866536140441895,3.732905864715576,22
0.82838019,85.07927978,386.18876794,2.81977793,2.16344398,0.15937042,0.20766139,0.25481629,0.29141879,0.32524705,0.35571218,0.38299823,0.40721583,4
0.3171312651639817,121.68119933172127,362.8589068924437,2.6,2.1,0.2233917713165283,0.2844417095184326,0.3079252243041992,0.3266327381134033,0.3430244922637939,0.3580894470214844,0.3720016479492187,0.3846249580383301,4
0.6414955521358083,174.09848007298757,0.1321688191025255,2.4168994802446275,2.067795763936909,0.2265057563781738,0.4089655876159668,0.5733447074890137,0.7182080745697021,0.8471126556396484,0.9627528190612792,1.0658650398254397,1.159589767456055,15
0.8159008,15.43305874,40.1833992,2.1290133,2.35457563,0.69874597,1.81962633,2.48878551,2.81682467,3.0035646,3.13724732,3.23817468,3.32345653,23
0.34156758,142.69429016,377.74786377,2.52218032,2.05973291,0.18117881,0.19904256,0.21543717,0.22662187,0.2366457,0.24569345,0.25476003,0.26326585,11
0.30538351,238.5926236,149.01934895,2.9,2.6,0.34492087,0.66477084,0.8575392,0.98334146,1.0808012,1.1611619,1.2275665,1.2870216,10
0.31332418,99.28167725,376.81539917,2.08869004,2.10231686,0.22128654,0.2724669,0.28678346,0.30015182,0.31242037,0.32365823,0.33359694,0.34229827,11
0.44290392,8.47797663,53.12329042,2.1,2.7,0.98135996,2.82251,4.2365847,4.872346,5.045926,5.1500006,5.1907654,5.200675,7
0.97773319,78.09638214,396.98834229,2.16680789,2.2373724,0.12788248,0.17180634,0.21562457,0.2530272,0.28877425,0.31981039,0.34835553,0.37401414,4
0.9476862410028976,11.320180065374371,1.831435483719308,2.9662477686818463,2.790677466676466,0.8104047775268555,2.1942501068115234,3.120256900787353,3.646684646606445,3.9836621284484863,4.2379584312438965,4.438346862792969,4.602929592132568,22
0.32255222,184.21118243,282.23161056,2.8,2.9,0.31834793,0.54969716,0.66263676,0.7398362,0.8021562,0.8562257,0.9010315,0.94120383,21
1.0,71.60265467,131.98021823,2.0,2.0,0.19096804,0.34619093,0.48809004,0.61434579,0.72678113,0.82810044,0.91780519,0.99944568,17
0.7701784173609003,1.918406029827414,0.0160116770366589,2.339057292619205,2.270664865109425,1.1367394924163818,3.4609508514404297,5.394141674041748,6.444938659667969,6.946938514709473,7.23569393157959,7.465725898742676,7.63665771484375,5
0.75204774,164.4727015,184.55698271,2.93295294,2.2821121,0.17616129,0.27708244,0.37695646,0.46593523,0.54735374,0.62238097,0.69149041,0.75554895,17
0.89388226,51.12916127,276.73472652,2.56720831,2.56668746,0.2944212,0.55343986,0.74741101,0.90164137,1.02459788,1.12385964,1.20625377,1.2753861,10
0.68714883,195.54666958,9.85998094,2.8,2.0,0.21520424,0.38667035,0.5476265,0.6945865,0.82751036,0.94925857,1.0599799,1.1620991,15
0.93500161,297.26145923,72.28900271,2.2,2.3,0.096349,0.16410184,0.2228055,0.27448583,0.33023572,0.38518643,0.43882012,0.48994112,2
0.5449532009639544,26.92416395236142,3.2516993225681072,2.2218884761575586,2.882101282939584,0.8812520503997803,2.636533260345459,3.937417507171631,4.543498516082764,4.779180526733398,4.90376091003418,4.993037700653076,5.074173927307129,22
0.51208819,52.52950521,334.43607845,2.34623371,2.378046,0.34828401,0.68330979,0.84549713,0.9020462,0.93485808,0.96028829,0.98077297,0.9991653,21
0.9806756998135931,1.839177244649833,3.385613870694644,2.605313884284498,2.906815346320589,1.1270744800567627,3.3711817264556885,5.15643310546875,6.110581398010254,6.61582088470459,6.97329044342041,7.256328582763672,7.473260879516602,6
0.6203531,249.29271033,218.61874789,2.86431674,2.93906503,0.19435978,0.28332257,0.37752676,0.46361399,0.54147649,0.61440396,0.68213081,0.74605155,17
0.7250061,49.47894287,62.39424133,2.01861238,2.71912193,0.48717761,1.17510796,1.62094808,1.88785481,2.07120323,2.21239138,2.32954931,2.42890787,19
0.81574316,84.70119514,357.18610065,2.6,2.9,0.22342372,0.34702182,0.44810987,0.53406334,0.6084504,0.67292595,0.7298267,0.7797463,17
0.99583888,12.09181595,42.23549271,2.69832134,2.12289405,0.61929226,1.5218823,2.10263228,2.44546533,2.67858005,2.84969926,2.99294066,3.11029124,19
0.30597056,197.28807315,224.62067716,2.08469488,2.83693794,0.30231261,0.55601907,0.69950795,0.7937305,0.86508155,0.92450452,0.97354484,1.0184269,21
0.7519081820830685,84.53295703011757,0.0084607477010905,2.2132767390097228,2.5907366844042667,0.3842883110046386,0.8235714435577393,1.160392999649048,1.4199352264404297,1.6270420551300049,1.7993178367614746,1.944601058959961,2.0706348419189453,8
0.348183,95.03087749,148.29983104,2.8,2.7,0.56152725,1.477515,2.082523,2.2828891,2.3404334,2.3830726,2.4203026,2.4533412,0
0.72606301,129.99133661,12.32608426,2.1,2.4,0.24747992,0.46225762,0.6497545,0.81332326,0.95692086,1.0827949,1.1947236,1.2930326,9
0.4574207432792018,87.57420387859091,64.19509665917201,2.656119754046639,2.541553799329807,0.5444035530090332,1.4043245315551758,1.951100826263428,2.201822280883789,2.3429527282714844,2.448370933532715,2.540475368499756,2.617825508117676,19
0.96666545,2.01829338,49.10837555,2.27687454,2.2215147,0.94818497,2.62333179,3.74483657,4.27871609,4.53285789,4.65544033,4.72329617,4.75418949,23
0.33881991,67.93366646,192.24928049,2.7,2.0,0.53916454,1.4440341,2.0139976,2.1327028,2.141777,2.1519413,2.161415,2.1704955,0
0.43581708,7.14311785,66.51160585,2.37422254,2.88126532,1.02232742,3.24770427,5.39204121,6.77517796,7.21080971,7.22512341,7.23051739,7.23239899,7
0.41065939,291.11262798,15.07385197,2.9,2.1,0.25549102,0.45223498,0.6137614,0.7527139,0.8742757,0.9811065,1.0759497,1.1607511,15
0.85404609,297.68821731,5.77732929,2.5,2.3,0.12454939,0.2131741,0.29308295,0.371238,0.44905567,0.5240171,0.59598374,0.66517854,2
0.9961010070477716,47.55312084678561,0.6167546309771677,2.8375323832025203,2.646372774605425,0.4285435676574707,0.9362499713897704,1.3412978649139404,1.6578800678253174,1.9093763828277588,2.1181108951568604,2.294772863388061,2.447861909866333,18
0.48797333,256.39361572,156.38337708,2.08890295,2.2116642,0.14436102,0.20915031,0.27147174,0.32764792,0.38068008,0.4294374,0.47427487,0.51628327,2
0.9391423757052746,273.879191156228,394.1570035018768,2.2,2.1,0.0602455139160156,0.088334321975708,0.1119401454925537,0.1128866672515869,0.1244409084320068,0.1369147300720214,0.1498482227325439,0.1606481075286865,11
0.75120819,165.34667969,16.84312057,2.07157826,2.04406881,0.17424011,0.30756998,0.43272233,0.54777741,0.65266085,0.7496748,0.83828902,0.92096019,15
0.7925197583687483,29.685855328610906,318.61077898103326,2.3,2.7,0.378873348236084,0.8298671245574951,1.1182408332824707,1.2692651748657229,1.3564109802246094,1.416919469833374,1.4623277187347412,1.4986903667449951,21
0.4113131605623343,12.46422933231745,0.3911744782497508,2.699464312184485,2.862854057781029,1.1586816310882568,3.672256231307984,6.099032402038574,7.636021614074707,8.212308883666992,8.342432975769043,8.4111967086792,8.472265243530273,13
0.3657566,26.19829092,21.19485454,2.8,2.6,1.0398073,3.1167166,4.8745213,5.8229504,6.087346,6.1718245,6.2130833,6.2388306,7
0.5139280860743703,37.86263559675032,7.095892807916181,2.849792163658702,2.3618215074870843,0.7788119316101074,2.164825201034546,3.0806925296783447,3.527024984359741,3.759525060653688,3.903540372848511,4.016692161560059,4.10589599609375,22
0.39149677,17.20646113,77.53829569,2.9378964,2.45274253,0.90273213,2.70028639,4.17176533,4.85830402,5.05831909,5.14024734,5.17550755,5.18867302,7
0.3522288,46.14009745,361.28252427,2.2,2.8,0.37059307,0.72723055,0.8428428,0.843308,0.843858,0.84511924,0.8464272,0.8476372,21
0.70521361,8.41078568,31.45739555,2.57495642,2.10451698,0.90138769,2.44285798,3.43227792,3.9024322,4.1573782,4.31327534,4.40357399,4.45359421,23
0.515821,248.81666499,277.56551513,2.9,2.1,0.15408754,0.2138586,0.2748053,0.32983327,0.38071203,0.42842865,0.472574,0.5139191,4
0.49990612,290.85726929,23.79271698,2.54844999,2.24617386,0.18605447,0.29591393,0.40192652,0.49683571,0.58392215,0.66391659,0.73764324,0.80585194,15
0.33786024,139.3015145,296.48151203,2.1,2.2,0.22332597,0.3034835,0.34731555,0.38341117,0.41377378,0.44033957,0.46321392,0.48373818,4
0.3609073314782376,2.3425915791745604,0.0714586814572405,2.812716181765178,2.6215413117036124,1.2728374004364014,4.222508430480957,7.597702980041504,10.559635162353516,12.132025718688965,12.15239715576172,12.158540725708008,12.163650512695312,12
0.4450387372026802,2.346474934661704,0.0031256147843673,2.685623011639667,2.166944016498768,1.1965761184692385,3.850563287734986,6.66408634185791,8.84737491607666,9.84796905517578,9.87580108642578,9.883745193481444,9.890787124633787,12
0.65935003,71.78596132,78.81700896,2.08701546,2.78245903,0.43584943,1.02051544,1.41696692,1.6709609,1.85272741,1.99674582,2.11632705,2.2159369,20
0.62569618,70.86257935,315.53851318,2.31579733,2.51831794,0.29295659,0.52675557,0.67295241,0.7767868,0.85358429,0.91537404,0.96444654,1.00681758,21
0.6250034390304775,0.8359356369062811,0.7190284160098057,2.5669321850974964,2.075740182243363,1.1905732154846191,3.81783938407898,6.56590461730957,8.595902442932129,9.670472145080566,9.781947135925291,9.789633750915527,9.795897483825684,13
0.641232489671403,17.090512126307864,0.0176828029830291,2.5668228480234774,2.292547569344262,0.8716163635253906,2.420529127120972,3.4395830631256104,3.9393680095672607,4.218380928039551,4.405919075012207,4.544284820556641,4.650559425354004,22
0.3497482058934046,22.82964228770072,4.633625347152545,2.10610414,2.22971153,0.971975326538086,2.928053140640259,4.495290756225586,5.236931800842285,5.437168121337891,5.503418922424316,5.543054580688477,5.569854736328125,6
0.32354136,171.8129073,23.9549365,2.9,2.7,0.53939915,1.384661,1.9438183,2.1799314,2.2987993,2.392113,2.4670985,2.5355852,19
0.6240216421911361,36.10465249755758,0.0212125458221327,2.582033866105004,2.5069963636132955,0.7273223400115967,1.98511290550232,2.7894880771636963,3.190234422683716,3.418596029281616,3.581498384475708,3.705334901809693,3.817135572433472,22
0.3,210.51631798,166.26195069,2.0,2.0,0.21649861,0.31746244,0.38569546,0.4426024,0.49079823,0.53253198,0.5699985,0.60304189,2
0.47367936,214.45189753,50.2502091,2.66635479,2.86160884,0.32505703,0.62125301,0.84396887,1.02513528,1.17511058,1.30208278,1.41324377,1.51038647,9
0.60791147,169.11536084,296.46503293,2.9,2.1,0.18334103,0.27601314,0.36324453,0.44056058,0.50988936,0.57299995,0.6309202,0.6843941,17
0.64158381,159.10422003,42.49802517,2.6,2.1,0.2586205,0.4792831,0.6695266,0.8345134,0.97889423,1.1048813,1.2170577,1.3171701,9
0.639357320016738,3.811609131681124,0.2962032178414612,2.8272652188197966,2.7879962311112605,1.2042605876922607,3.768683195114136,6.1418304443359375,7.574639320373535,8.179093360900879,8.447542190551758,8.659202575683594,8.847431182861328,13
0.484424897501532,48.50610299459767,0.0101780884086582,2.77588755198124,2.5180269368963444,0.7728891372680664,2.174779891967773,3.121021747589112,3.565711975097656,3.786466598510742,3.929140090942383,4.034578800201416,4.116065979003906,22
0.35430607,55.03934652,293.41485897,2.1,2.3,0.37316203,0.75836277,0.9071429,0.9163556,0.9256997,0.93309,0.93954635,0.9452543,21
0.41676484,154.10711204,238.60269131,2.75433738,2.79255821,0.33278656,0.62284112,0.79881406,0.92069554,1.01510215,1.09178567,1.15541649,1.21138024,10
0.8389030214574859,27.46244879399841,0.5467712854478527,2.198142616406648,2.256481918538128,0.5765194892883301,1.4127237796783447,1.9404454231262207,2.2576231956481934,2.481337547302246,2.656935691833496,2.802295207977295,2.927897453308105,18
0.50815703,297.68762909,212.89691024,2.1,2.6,0.1126256,0.15010595,0.18445206,0.2123692,0.24181795,0.26975918,0.2967794,0.32252955,11
0.30253734,153.55226543,92.43495315,2.02346879,2.72850452,0.46055818,1.13750529,1.53764176,1.67542267,1.74747801,1.80645108,1.8574183,1.90134454,0
0.30611594,193.76270253,270.55134699,2.34638902,2.35983143,0.23490381,0.329633,0.38418508,0.42896461,0.46782231,0.50319695,0.53335667,0.56086659,4
0.35667673,133.63743591,251.90574646,2.20509005,2.01764679,0.24210334,0.36429691,0.43005395,0.48127818,0.52378631,0.55912781,0.5887208,0.61584163,17
0.82314495,25.15085303,71.05038833,2.7,2.1,0.58202815,1.4940774,2.0643885,2.3661387,2.5542634,2.6948187,2.8082764,2.9053857,20
0.8046938463932543,0.911066649882666,0.0219952196247706,2.2144917244460016,2.820159817142448,1.220947027206421,3.9630937576293945,6.718220233917236,8.499208450317383,9.315961837768556,9.627058029174805,9.768638610839844,9.889310836791992,12
0.58838168,99.312535,252.8774261,2.2,2.6,0.25407696,0.42381954,0.54289937,0.63822746,0.71639276,0.78229284,0.83715725,0.88497615,17
0.36383818,295.48606215,296.46157012,2.28954386,2.32187851,0.1271019,0.14928174,0.17409015,0.19000602,0.20708013,0.22348452,0.24073148,0.2565589,11
0.60170904,108.30565092,12.72022071,2.1,2.1,0.3352573,0.67882776,0.93336844,1.1251638,1.2776856,1.403399,1.5069587,1.6005149,9
0.7141187376025985,1.943582643006996,1.205002810490986,2.079544982924809,2.913494817108376,1.179856538772583,3.813742876052856,6.401470184326172,8.036133766174316,8.74212646484375,8.991893768310547,9.098834037780762,9.181855201721191,13
0.70655111,79.23446475,159.17461406,2.0,2.8,0.27662134,0.51604843,0.6975758,0.841455,0.95828533,1.0550995,1.1368122,1.2059987,10
0.30727293,292.67238545,292.73844626,2.5,2.6,0.17712784,0.20766878,0.23811102,0.2626245,0.2872913,0.3093624,0.3297851,0.3495965,11
0.76326487,251.75970536,149.52200483,2.1,2.1,0.09738755,0.15537357,0.20725775,0.25353217,0.3013034,0.34680462,0.39014006,0.43182158,2
0.96463746,176.82286403,89.58467313,2.94447986,2.58010044,0.18238997,0.30694461,0.42930484,0.5498538,0.66121006,0.76511002,0.86349154,0.95601249,16
0.3162910299145037,1.81508440887056,128.82771501194551,2.1013117866847124,2.516443330873138,0.8761460781097412,2.7177393436431885,4.400881767272949,5.355360984802246,5.47111701965332,5.471625328063965,5.471766471862793,5.4718170166015625,7
0.3947883243673492,20.574996611486537,13.98002727711862,2.30759239,2.42438602,0.9823284149169922,2.9657793045043945,4.574487209320068,5.339049816131592,5.569742679595947,5.6574554443359375,5.707830429077148,5.747396469116211,6
0.70051932,293.62057495,11.59527683,2.29717016,2.05295086,0.11650825,0.19250727,0.26208806,0.32911897,0.39503217,0.45816374,0.51744485,0.57433414,2
0.4025691,221.59314715,191.60375158,2.3,2.1,0.18853712,0.26973343,0.34217024,0.40434575,0.4590931,0.5090704,0.5535462,0.5941844,3
0.50556034,197.73105491,13.87003987,2.0,2.5,0.2418139,0.42883468,0.5851722,0.71792936,0.8333552,0.9345989,1.0238206,1.1033494,15
0.7620230510952313,1.8665489817983827,20.21459824645782,2.41221237,2.10555553,1.0543208122253418,3.1509134769439697,4.829071998596191,5.707569122314453,6.082026481628418,6.292962074279785,6.449505805969238,6.531965255737305,7
0.4215036261914142,0.9870514361318656,2.985074353716463,2.343006188903578,2.213644185466596,1.2046430110931396,3.9761500358581534,7.075640678405762,9.743415832519531,11.42351531982422,11.46910572052002,11.474885940551758,11.47990608215332,14
0.6948699031377833,2.363271882269945,0.0946878590107869,2.319350636230125,2.8391005131190723,1.1984493732452393,3.824371814727783,6.348448753356934,7.893722534179687,8.57406997680664,8.826639175415039,8.974286079406738,9.093657493591309,12
0.3599797285718621,6.8989329372037,0.0067895437633906,2.51970336779642,2.605106528301174,1.2053883075714111,3.912674903869629,6.8153486251831055,8.960074424743652,10.000993728637695,10.147602081298828,10.15454387664795,10.160667419433594,12
0.53863979,258.06708307,281.6486668,2.5,2.3,0.13168216,0.17456603,0.21926928,0.25832868,0.2956996,0.33113575,0.36437893,0.39562082,4
0.5608007115580076,175.03829281607727,0.0229270542228685,2.320610131026631,2.231139542889991,0.2729561328887939,0.5127484798431396,0.7108700275421143,0.8769898414611816,1.0187535285949707,1.1416468620300293,1.2489118576049805,1.3437962532043457,8
0.5824252716160443,5.25326775078515,40.29009991781015,2.44682264,2.62797928,1.0510454177856443,3.2558865547180176,5.213846206665039,6.318886280059815,6.675118923187256,6.760488033294678,6.803337574005127,6.820934772491455,7
0.54518712,196.30705261,181.9985199,2.53082609,2.87590051,0.25023389,0.41953373,0.56043839,0.68308115,0.79068661,0.88672805,0.97231984,1.04878974,17
0.99824142,104.15075684,79.61685944,2.59511232,2.07708669,0.19156432,0.34235382,0.48629642,0.61949921,0.74091482,0.85318518,0.95545197,1.05048943,16
0.52164201,225.05924712,325.87155126,2.6,2.5,0.15733838,0.20146728,0.24821281,0.29009676,0.32910252,0.3644519,0.3970158,0.42781782,4
0.87416053,15.24093799,154.71780926,2.5,2.4,0.57280135,1.4612513,2.019934,2.2769878,2.405403,2.4877255,2.548179,2.5967834,0
0.9514602286412832,7.257824770981314,0.0363759618483337,2.396930859155453,2.0355552334425,0.7797708511352539,1.9896748065948489,2.740916967391968,3.1730616092681885,3.4542601108551025,3.663179636001587,3.8327133655548096,3.966437101364136,22
0.7445212919425982,2.299100183307801,0.3651722958909992,2.486313340004327,2.8617434192339024,1.1960947513580322,3.766902446746826,6.135734081268311,7.5391669273376465,8.161956787109375,8.454584121704102,8.667129516601562,8.844886779785156,13
0.54906607,276.2104187,22.75508308,2.11717534,2.87379313,0.19947124,0.33597732,0.46618485,0.58420014,0.69189286,0.79207802,0.88441753,0.96940422,15
0.96487308,122.4697876,126.71766663,2.21507883,2.01275158,0.1469605,0.25177026,0.35113573,0.44504333,0.532336,0.61298347,0.68846941,0.75924039,16
0.60591441,22.0055294,13.66630077,2.30250025,2.68843961,0.87472224,2.5031693,3.63529801,4.14664459,4.35839272,4.46999454,4.54490662,4.61918736,22
0.77063839,24.09792684,262.44137909,2.2,2.2,0.38885975,0.83986044,1.0955462,1.2000823,1.2492397,1.2830129,1.308145,1.3271947,21
0.92548548,172.62165661,296.6883653,2.3,2.7,0.11989689,0.17474222,0.22717619,0.27371335,0.31824517,0.36238766,0.403548,0.44244742,4
0.36786747,44.56334305,24.40350151,2.17153621,2.01072383,0.76321244,2.06547761,2.86734509,3.15319657,3.26022124,3.31134248,3.34603858,3.37634778,23
0.9460711671170798,1.3835902123188983,0.0234120756176372,2.739051431844592,2.24599821406575,1.1201465129852295,3.25684666633606,4.851247787475586,5.711311340332031,6.228391647338867,6.656088829040527,7.010289192199707,7.277837753295898,5
0.79082688,297.9710421,227.58834541,2.3,2.6,0.09911013,0.14666986,0.18660164,0.21980238,0.2545619,0.29087496,0.32578468,0.35902953,3
0.62610997,236.9591921,126.17958631,2.79581193,2.25166238,0.16494584,0.25362492,0.34303546,0.4225626,0.4969213,0.56668043,0.63092184,0.69127989,16
0.61778238,150.34910027,128.25195898,2.3,2.6,0.23854113,0.4114914,0.5584829,0.6850357,0.7955556,0.8931904,0.9784119,1.0551465,17
0.3559075875842628,0.8411383990237543,16.286790191784036,2.0210550320113367,2.657561306232711,1.1804885864257812,3.9739270210266113,7.234559535980225,10.141155242919922,11.98920440673828,12.088945388793944,12.09083366394043,12.092596054077148,14
0.71623862,257.45777528,165.85979686,2.2,2.9,0.12967086,0.19324565,0.25525808,0.31179333,0.36666775,0.41971135,0.46971798,0.5172157,2
0.83952194,228.54525757,328.38897705,2.77369046,2.03852248,0.08689284,0.12168813,0.14402556,0.15981507,0.18042397,0.20187807,0.22212172,0.24020982,11
0.87939194,298.63832448,96.21254495,2.8,2.3,0.11816645,0.19711185,0.26273322,0.33248615,0.40280032,0.46992493,0.53266096,0.59406996,2
0.62153296,174.32499782,212.81207499,2.2,2.8,0.17753291,0.26457357,0.34974575,0.42251372,0.48847246,0.54948235,0.60485744,0.6558373,3
0.5145543877722177,0.9381437415821164,71.2877329847622,2.304653921352338,2.4174069197628265,1.0102872848510742,3.1965997219085693,5.3628435134887695,6.84567928314209,7.355523109436035,7.355964660644531,7.355999946594238,7.355999946594238,7
0.8794431,275.15063583,13.49711432,2.3,2.3,0.11737275,0.20185733,0.27848864,0.3512206,0.42410326,0.4954903,0.5637524,0.6289866,2
0.3021615746192651,55.980336113368665,0.0477443785984797,2.1267292812920884,2.701105864943385,0.8774805068969727,2.671419858932495,4.09089469909668,4.723093986511231,4.885722160339356,4.945201873779297,4.982330322265625,5.013649940490723,22
0.62759813,26.70267035,399.7560113,2.62630296,2.59155022,0.3846488,0.80197835,1.01063585,1.04114866,1.04361343,1.04707599,1.04988694,1.05220556,21
0.72049737,179.53416505,287.38308063,2.5,2.1,0.1333859,0.1941402,0.2552111,0.30969262,0.36100316,0.4088242,0.45389557,0.49591637,4
0.8790203,124.89886316,118.31857017,2.50644275,2.73798628,0.23211408,0.41293502,0.58272743,0.73626328,0.87451291,1.00032949,1.11458349,1.21905947,16
0.34321976,19.10318565,3.99367547,2.86664391,2.09268188,1.06235385,3.0679481,4.649189,5.42113876,5.68379307,5.85698509,5.98095226,6.03686047,6
0.963536671526547,1.0664326645038018,0.2245237912339749,2.8361559791837045,2.311215314955015,1.1529951095581057,3.40099835395813,5.1331787109375,6.081668853759766,6.639101982116699,7.094187736511231,7.4973344802856445,7.814960479736328,5
0.550152,45.17031502,225.53594364,2.0,2.2,0.37879848,0.7991929,1.0139751,1.0938556,1.1396494,1.1737027,1.2001562,1.2218847,21
0.5026244748258318,21.80752513290938,0.4895147680788829,2.447899894628935,2.828406201832665,0.9856362342834472,2.9806180000305176,4.570209503173828,5.344635963439941,5.634326457977295,5.792142391204834,5.891616344451904,5.967618465423584,5
0.5974014,21.46533533,192.06289947,2.3,2.1,0.55299926,1.4252217,1.9185226,2.029744,2.0396745,2.0473092,2.0545738,2.0613377,0
0.3440802173512332,275.54307509352066,343.24434881146624,2.03992033,2.63472056,0.1399238109588623,0.1616790294647216,0.1881253719329834,0.2102084159851074,0.2309317588806152,0.2499816417694091,0.2682616710662842,0.2854189872741699,11
0.89859909,2.77698827,6.18979502,2.50090241,2.05095315,1.0193522,2.73523188,3.82985592,4.41879702,4.7931428,5.06516743,5.2459712,5.36758089,6
0.571567511956065,85.46657498978934,0.0154977514711771,2.7516397740295924,2.961538775143878,0.5781159400939941,1.4940805435180664,2.1197896003723145,2.463517189025879,2.684356689453125,2.8528261184692383,2.9938693046569824,3.113421440124512,18
0.4933448024919001,2.9076762234436724,0.4963881850814249,2.1468578591616416,2.132081173357669,1.1487247943878174,3.6725475788116455,6.211174964904785,7.999164581298828,8.815978050231934,8.983993530273438,8.995977401733398,9.00584602355957,13
0.69516233,290.2076916,134.49745044,2.4,2.8,0.13823628,0.20618296,0.2732594,0.3382938,0.40083385,0.45961356,0.51430726,0.56823444,2
0.4026994165831371,225.6024408080559,273.07174235679645,2.86949372,2.1860795,0.1736032962799072,0.2192051410675048,0.264535903930664,0.3007833957672119,0.3346834182739258,0.3665153980255127,0.3957111835479736,0.422724962234497,4
0.6507992,49.10611466,377.3543602,2.0,2.9,0.23445392,0.3359716,0.378572,0.41003394,0.43457508,0.4541824,0.47074342,0.48476362,4
0.7385341992699669,3.967943878183792,118.26237120137694,2.390792739076105,2.375128682631748,0.8224589824676514,2.411010503768921,3.597543478012085,4.096081733703613,4.237380027770996,4.266404151916504,4.267287254333496,4.269509315490723,23
0.981964293014996,181.1423356912683,0.0194573560933975,2.893829066176249,2.4170608075220383,0.1823978424072265,0.3183159828186035,0.4516932964324951,0.5815060138702393,0.7034468650817871,0.8185877799987793,0.9270908832550048,1.0297353267669678,15
0.5490984731478014,6.294171871429357,0.151423284059385,2.5373612678201374,2.433327360045935,1.1331357955932615,3.502955913543701,5.5966081619262695,6.78653621673584,7.246235847473144,7.4432373046875,7.588863372802734,7.693719863891602,5
0.3,263.68492314701376,333.40444372215416,2.1,2.4,0.1452505588531494,0.1618120670318603,0.1822669506072998,0.1973462104797363,0.2119803428649902,0.2253379821777343,0.2392134666442871,0.252377986907959,11
0.31767911,7.56111956,3.90155268,2.2153616,2.17288351,1.17054057,3.58843899,5.96003866,7.46024179,8.00063896,8.24258041,8.37775612,8.41362572,14
0.90151525,210.2993075,5.66242459,2.01168125,2.18347167,0.12713242,0.22586679,0.31895113,0.40668321,0.4927094,0.57456303,0.65256023,0.7266016,15
0.7016236112874028,4.032063449547234,16.670819027005717,2.58432007,2.61629725,1.093524694442749,3.328192949295044,5.175240516662598,6.161397933959961,6.577969551086426,6.799338340759277,6.969991683959961,7.088406562805176,6
0.57479085,123.79603943,341.01994487,2.1,2.9,0.17222953,0.21917081,0.26403952,0.29846168,0.3299396,0.358356,0.3836553,0.40644956,4
0.4648323339057936,5.66420354706381,5.5422820879129935,2.3,2.2,1.1092050075531006,3.482493162155152,5.704486846923828,7.089265823364258,7.594564437866211,7.688337326049805,7.737238883972168,7.782316207885742,6
0.6636372113728011,2.7680710589507864,2.22980133563972,2.30759239,2.42438602,1.1483218669891355,3.573981761932373,5.728418350219727,6.988000869750977,7.503305435180664,7.712770462036133,7.871581077575684,7.983231544494629,6
0.56577011,133.81227911,206.22748325,2.7,2.4,0.285769,0.51785254,0.68924737,0.82748485,0.9421239,1.0387609,1.1216486,1.1935699,10
0.97268307,137.54525757,10.37856007,2.41511822,2.11360192,0.17382765,0.31281352,0.44614768,0.57257128,0.69050837,0.80037761,0.90318775,0.99841428,15
0.52618742,13.18537617,0.66356856,2.49097514,2.2881608,1.03893542,2.96642685,4.36638641,5.03147602,5.31670332,5.48851728,5.60818243,5.67271566,5
0.98087668,88.2889328,337.34469604,2.57500505,2.28583097,0.15640998,0.22909355,0.30226541,0.36558127,0.42255592,0.47455478,0.52130461,0.56391168,4
0.6447506,290.31812468,268.74775754,2.2,2.8,0.10649467,0.14311385,0.17701483,0.20131993,0.22729945,0.256135,0.28231406,0.30705428,11
0.36493284,36.57667173,180.56498143,2.72255856,2.96123763,0.73103309,2.11765027,3.20300126,3.65392613,3.70825267,3.70907187,3.71033025,3.71184373,23
0.71128356,19.47096443,3.05026269,2.85454774,2.78181195,0.87538791,2.44138932,3.51316285,4.05939484,4.35495472,4.54678535,4.69512844,4.80875587,22
0.44474429,203.71969604,156.48472595,2.76433659,2.18105292,0.22603893,0.35446596,0.45774603,0.54514408,0.62114072,0.68904328,0.74913192,0.8031652,17
0.48757458,4.88725269,104.83979674,2.2,2.7,0.9029815,2.6129773,3.9401624,4.5015087,4.6351986,4.6610994,4.6612015,4.661208,23
0.9540338495785644,3.8423018148661874,0.0966460900880715,2.9493768911322435,2.613879337491849,1.0181424617767334,2.870814800262451,4.166928768157959,4.86633825302124,5.305191993713379,5.647499084472656,5.910919189453125,6.116576194763184,5
0.9174413645895856,1.64263161887151,0.0461726185101411,2.492356036826034,2.82426525496112,1.1639418601989746,3.55479383468628,5.534547328948975,6.633819103240967,7.185540676116943,7.540517330169678,7.831105709075928,8.056388854980469,5
0.86884287,50.46282262,108.65160205,2.9,2.5,0.4249754,0.9454665,1.3335669,1.6144257,1.8268232,1.9957142,2.1340113,2.2518535,20
0.60197103,244.31622314,390.98254395,2.01482987,2.00392866,0.06510687,0.0871532,0.10157704,0.10310578,0.11140275,0.11682534,0.12026501,0.12696934,11
0.4399578,278.06561321,308.38239303,2.9318999,2.01637347,0.10566425,0.1290288,0.14670491,0.15478134,0.16551995,0.17977977,0.19177055,0.20074821,11
0.47761812,186.0811711,168.26782866,2.3,2.9,0.23809695,0.38483596,0.4986565,0.5952511,0.6789527,0.7526467,0.8184161,0.8772683,17
0.9640882,29.45204926,22.50598335,2.65746832,2.22771573,0.4725368,1.07501149,1.51118946,1.81297064,2.03694773,2.21686697,2.36661339,2.49506712,19
0.79971042,211.11262941,138.52071814,2.1,2.8,0.13282299,0.20779133,0.2804246,0.3493104,0.41483903,0.47764087,0.5361531,0.59161496,2
0.83627859,189.19130171,20.38529375,2.1,2.7,0.16623044,0.28499508,0.40025353,0.5095973,0.61210084,0.7076447,0.79762554,0.8816364,15
0.4220502901537987,3.442824630957716,0.0063401879839897,2.986911493313114,2.354047595676649,1.2229127883911133,3.951329231262207,6.853306770324707,9.092611312866213,10.17691135406494,10.25085735321045,10.257768630981444,10.2639741897583,12
0.94649086,225.9879388,229.13946961,2.4,2.8,0.13358426,0.18151999,0.23645067,0.29227042,0.3484404,0.39981985,0.44841552,0.49593735,3
0.81653959,52.36231232,154.4347229,2.31485581,2.03831911,0.29940486,0.58413434,0.79709888,0.9597013,1.08523846,1.18626165,1.27117968,1.34103799,10
0.41071013,174.17710476,355.7714463,2.4,2.6,0.1930983,0.23821759,0.27615166,0.3062353,0.33452344,0.3597858,0.38318253,0.40463495,4
0.92963052,172.03769265,133.73723216,2.7,2.9,0.18842196,0.3110056,0.4333353,0.55209684,0.6606827,0.7627716,0.85817146,0.9479768,17
0.78124839,6.09132099,35.55934906,2.89367747,2.36694121,0.96251011,2.66972828,3.84232187,4.42873573,4.7524848,4.94866323,5.08561277,5.16723585,7
0.5439269613172519,1.9460676621236768,0.4545862678933691,2.52170333,2.90484169,1.2637512683868408,4.177387714385986,7.427694320678711,9.930612564086914,11.250321388244627,11.393786430358888,11.399616241455078,11.405088424682615,13
0.42411804,106.39452362,231.4979248,2.1056819,2.176651,0.2898891,0.50992465,0.63383007,0.71577358,0.77827573,0.82657504,0.86610413,0.90057564,21
0.8392268107440638,1.7602182710235958,0.0157710950817638,2.394963419244156,2.237866304918091,1.1129271984100342,3.2971909046173096,4.991077423095703,5.896506309509277,6.363283157348633,6.703652381896973,6.981964111328125,7.187137603759766,5
0.84237789,169.7744148,202.98653246,2.4,2.9,0.16362357,0.25545955,0.34791636,0.43265867,0.51149344,0.58522105,0.65342927,0.71731925,17
0.7606703725920541,2.7393923060519128,0.0215651663934739,2.818632044112071,2.905902872935874,1.203340768814087,3.727930784225464,5.962554931640625,7.265044212341309,7.870285987854004,8.20817756652832,8.49556827545166,8.739331245422363,12
0.44632876,226.00595684,317.72529728,2.1,2.3,0.11513686,0.1384666,0.15930772,0.17340446,0.19081402,0.20679832,0.22159815,0.23568773,11
0.3519979181567936,40.19060283072798,0.9987235621210412,2.0900210102166312,2.5529918140072207,0.8956685066223145,2.695051431655884,4.071969985961914,4.668730735778809,4.829363822937012,4.9041900634765625,4.953549385070801,4.993243217468262,22
0.98217291,135.66474915,18.62944412,2.56541109,2.17501855,0.1837604,0.32904363,0.46962667,0.60155725,0.72451425,0.83959603,0.94568563,1.04489064,15
0.81669197,249.4658286,370.55905429,2.3,2.2,0.07744026,0.10992956,0.13725305,0.14870548,0.16593766,0.1839037,0.20273805,0.21990633,11
0.50941938,294.0847168,190.86618042,2.00677919,2.04525805,0.09356141,0.13161731,0.16354752,0.19182467,0.22118521,0.24903822,0.27581882,0.30099583,11
0.61166817,9.7899411,12.44215268,2.75867039,2.29864138,1.0247941,2.88865423,4.20370007,4.84391212,5.16485548,5.37189674,5.51718807,5.60334301,6
0.6219864591844299,3.352292809087772,0.8757691449802447,2.272291335641898,2.124909453087858,1.1099612712860107,3.400664567947388,5.3673505783081055,6.46690559387207,6.912148475646973,7.12087345123291,7.25568675994873,7.367666244506836,5
0.51681666,293.78386649,306.6749733,2.8,2.5,0.1420908,0.18039823,0.21949077,0.26299763,0.30023408,0.33379912,0.3662994,0.39662385,4
0.7964901608192804,8.018846852160795,0.1399828240216783,2.6641531493155486,2.219723586109287,0.9162311553955078,2.503396511077881,3.5467662811279297,4.095386505126953,4.4378862380981445,4.6801438331604,4.8606696128845215,4.997439384460449,22
0.9250724136688884,3.822211381530735,0.1297748525231302,2.7312835035070893,2.4168371418280667,1.0035550594329834,2.813140153884888,4.049440383911133,4.706441879272461,5.125615119934082,5.431729316711426,5.673478126525879,5.861642837524414,5
0.6166408801183684,134.84145974708576,245.70347317776347,2.2477639106498986,2.753532549480295,0.2444515228271484,0.4187602996826172,0.55948805809021,0.6792635917663574,0.7826147079467773,0.8735032081604004,0.9536569118499756,1.0244784355163574,17
0.30380314,214.41007698,304.38127704,2.64355686,2.7469399,0.26143312,0.38532138,0.44461012,0.49620771,0.54063082,0.58018374,0.6146431,0.64554715,17
0.9398278313672094,1.4161489022418603,0.7162964391024877,2.6035175986944368,2.5116754656931164,1.147627592086792,3.421496152877808,5.20513916015625,6.173961639404297,6.699704170227051,7.097091674804688,7.422476768493652,7.676491737365723,5
0.72735732,113.68628729,53.08851581,2.5,2.6,0.31510162,0.6171167,0.8649485,1.0730832,1.2477877,1.3969302,1.5262291,1.6381252,9
0.66806943,71.24784188,73.09960952,2.3,2.1,0.38606358,0.82815075,1.1333058,1.341459,1.4956238,1.6233389,1.7280197,1.8141882,10
0.46593385,135.45551908,98.03471955,2.0,2.0,0.28508139,0.52915907,0.69821501,0.82428122,0.92314887,1.006392,1.07589245,1.13486075,10
0.92429728,256.47594029,166.12672261,2.6,2.5,0.13073063,0.19515991,0.25672674,0.3237977,0.39014626,0.45175838,0.50979996,0.56658125,2
0.97372005,84.81609222,76.57673069,2.5,2.7,0.27351642,0.5200536,0.7415297,0.93742204,1.1096516,1.262202,1.3968799,1.5165803,10
0.7171136043038784,31.20121784170572,0.0122733514427,2.912020842656864,2.2270464118269024,0.6502704620361328,1.6708145141601562,2.323917388916016,2.6932692527771,2.9330554008483887,3.115757942199707,3.2613983154296875,3.384854316711426,18
0.307389279156451,286.64363801890994,326.41829836758666,2.005,2.13920104,0.1056733131408691,0.1194005012512207,0.131589651107788,0.1347253322601318,0.1431734561920166,0.151052713394165,0.1587691307067871,0.1657898426055908,11
0.62126042,178.4768376,178.39563626,2.3,2.9,0.19596338,0.30642605,0.40996075,0.49954367,0.58098125,0.65496564,0.7220609,0.7834964,17
0.32317484,110.20575269,274.86180495,2.6,2.7,0.3976755,0.8442755,1.080416,1.1493769,1.1862657,1.2171006,1.2443061,1.2682705,21
0.96833277,246.23776342,331.25737519,2.9,2.1,0.09083056,0.14173222,0.17911792,0.21786809,0.2586398,0.29822683,0.33502364,0.3706665,4
0.30796381,227.06192424,245.97282441,2.7,2.8,0.2853136,0.45510316,0.54513574,0.6173415,0.67817473,0.7314284,0.77729034,0.81992364,17
0.564563924314792,48.16916570721719,7.617368751568574,2.183980771844581,2.8496498640154764,0.6951627731323242,1.9576759338378904,2.771160125732422,3.1448354721069336,3.336911678314209,3.4671735763549805,3.576481342315674,3.6698989868164062,22
0.312039,138.25563034,329.65208378,2.0,2.0,0.18909264,0.22249413,0.24453712,0.263381,0.2808249,0.29540038,0.30907035,0.3214178,11
0.96964369,112.20056473,172.43879997,2.6,2.4,0.19491696,0.33572388,0.47176814,0.59640074,0.70968175,0.81429887,0.9102888,0.9984262,17
0.67965091,47.46500122,397.26895239,2.6,2.2,0.28220606,0.48742318,0.5974529,0.66828585,0.7193465,0.75963783,0.7910383,0.81606126,21
0.3823363920738613,198.12017014258683,0.0240949049734791,2.46134533067859,2.0514966477483205,0.317758560180664,0.6293013095855713,0.8441016674041748,0.9998445510864258,1.1227209568023682,1.225022554397583,1.3123924732208252,1.386142015457153,8
0.38041574,188.48678589,362.82400513,2.63671494,2.0895896,0.14566255,0.16070247,0.17848492,0.18855643,0.1989131,0.20822144,0.21822453,0.22700524,11
0.65965533,16.68234444,41.6463089,2.090801,2.18117476,0.77205968,2.07811475,2.87664723,3.21327186,3.36257339,3.45574355,3.51307368,3.5579226,23
0.76432204,62.73345539,197.39650594,2.3,2.9,0.31747627,0.6208029,0.8415706,1.0077629,1.1371288,1.2404318,1.3256683,1.3981433,10
0.35696313,19.19331741,33.64829636,2.58209896,2.07153416,0.96181107,2.74713826,4.06139469,4.61827946,4.80650139,4.89772511,4.93201733,4.94932842,23
0.31048593,2.34211159,45.63851166,2.36503029,2.13855767,1.09282494,3.3234992,5.50415277,6.8832531,7.26722622,7.30450153,7.30666924,7.30733109,7
0.35704779,71.87742765,302.59607767,2.0,2.5,0.31989455,0.567626,0.6463902,0.6701932,0.6912422,0.707834,0.72194576,0.73421454,21
0.66921515,178.51537797,4.89214163,2.9,2.5,0.2901647,0.5447817,0.76727295,0.96221256,1.1332941,1.2844331,1.4182296,1.5374961,9
0.39878053,176.35705254,201.90937492,2.8,2.6,0.32353115,0.60188866,0.77721715,0.9035053,1.0024536,1.0840261,1.1538205,1.212353,10
0.787861820548045,205.797799609031,393.660825356235,2.6,2.2,0.0952692031860351,0.1267564296722412,0.1517260074615478,0.1661367416381836,0.1826159954071045,0.2008678913116455,0.2175788879394531,0.2333698272705078,11
0.54405885,170.47681794,154.71752933,2.2,2.9,0.22887588,0.3756733,0.4970472,0.60101914,0.69174457,0.77179074,0.8437135,0.90782166,17
0.5774064290169006,37.99576954420655,0.029195223707943,2.182462708372165,2.802625432362905,0.7556746006011963,2.155576229095459,3.07175350189209,3.4888129234313965,3.6948509216308594,3.830814838409424,3.939489364624024,4.024855136871338,22
0.7111751832544674,3.5100151090941814,0.1161183741420948,2.1152909517734138,2.768537427064139,1.1229865550994873,3.516500234603882,5.620811462402344,6.802382469177246,7.286724090576172,7.5095367431640625,7.644039154052734,7.758652687072754,5
0.461574247532545,57.464874303695424,212.8435605733032,2.9816918706165305,2.093765508741286,0.4161539077758789,0.9551208019256592,1.2559938430786133,1.361647129058838,1.415743350982666,1.458018779754639,1.4928808212280271,1.5222792625427246,1
0.40161588,16.83747455,169.4425595,2.68846806,2.82910139,0.78585386,2.36226821,3.64638638,4.24422359,4.36750221,4.3729248,4.37312317,4.37318039,23
0.70530877,277.37773393,11.86093464,2.63861239,2.65546142,0.17988729,0.29588389,0.41031885,0.52129769,0.62406254,0.72048068,0.81089926,0.89693737,15
0.91763863,82.94084777,359.29130736,2.74148598,2.19932421,0.16114235,0.22540116,0.28862834,0.34177232,0.38930178,0.43216181,0.47037339,0.50484204,4
0.30507243,183.88695278,187.80709952,2.75700617,2.09238238,0.27225804,0.43873978,0.52677202,0.59269881,0.64613414,0.69286323,0.73261976,0.76705503,17
0.4427603824106026,2.1332979158809,0.0179462936271418,2.646856074185214,2.289431620993007,1.2182273864746094,3.96828031539917,6.96018648147583,9.335577011108398,10.698179244995115,10.792274475097656,10.79823875427246,10.803260803222656,12
0.4026118197698155,4.926236024510334,0.0915401443653997,2.680045927293359,2.860218134293211,1.2498841285705566,4.11041784286499,7.271049976348877,9.711753845214844,10.925630569458008,11.035219192504885,11.041019439697266,11.046092987060549,12
0.54291733,223.27386312,287.36493767,2.1,2.8,0.12468672,0.15866351,0.19236946,0.2191248,0.24511433,0.27123046,0.29524326,0.31784368,11
0.31082796,153.7565918,279.72535044,2.1813423,2.0627625,0.22654557,0.30976439,0.35423613,0.39124703,0.42219591,0.44934154,0.47251129,0.49449706,4
0.8910118,198.51859785,100.94988984,2.9,2.0,0.14630699,0.2521932,0.35363007,0.45221615,0.54624367,0.6355736,0.7206402,0.801034,16
0.4351475137615606,1.531599133350548,101.09116794597122,2.2494178288127205,2.362658057170171,0.9203450679779052,2.8518412113189697,4.615015029907227,5.647459030151367,5.810022354125977,5.81138801574707,5.811750411987305,5.811983108520508,7
0.90261524,135.89788253,221.84890536,2.1,2.2,0.12837338,0.2025094,0.272475,0.33731914,0.3991654,0.45639515,0.5090306,0.5582285,3
0.83519955,227.80803412,126.05284087,2.6,2.5,0.1502533,0.24234986,0.33093,0.4182272,0.50125027,0.579052,0.65214396,0.7219713,16
0.9529796192855532,1.4500152533741193,0.1613604622349187,2.0928303996734927,2.712858983867444,1.1154944896697998,3.394682168960572,5.221769332885742,6.197684288024902,6.677263259887695,6.977666854858398,7.203495025634766,7.387753486633301,5
0.9194679413457728,3.4417991567863586,0.0499364802192345,2.12727857915908,2.019736573676539,0.9395840167999268,2.534202337265014,3.542876005172729,4.073426246643066,4.411477088928223,4.648801803588867,4.822659492492676,4.962292671203613,22
0.32735237,281.82435709,50.67597486,2.2,2.5,0.24819899,0.4043393,0.5207193,0.6175351,0.7008927,0.7732575,0.8380649,0.8954053,16
0.98957606,187.6437644,119.91147501,2.3,2.7,0.13902211,0.23045325,0.31758213,0.40151143,0.481853,0.5591526,0.6320553,0.701421,16
0.80558741,243.93981521,258.56291581,2.5,2.5,0.12235355,0.17550159,0.22475362,0.27536392,0.32536888,0.37155533,0.41457582,0.45687032,4
0.794410269994353,4.094871347291722,0.5173864910596797,2.089981168519099,2.570747060716397,1.0482139587402344,3.1375157833099365,4.719659805297852,5.502779006958008,5.874687194824219,6.095171928405762,6.262803077697754,6.38566780090332,5
0.7717841828620572,41.57923102001682,0.0186915711715697,2.99542371606897,2.27178091201719,0.5462322235107422,1.3300085067749023,1.8657112121582031,2.1998209953308105,2.436738967895508,2.623464107513428,2.777763843536377,2.908163070678711,18
0.5532408058378482,35.487152789175695,1.380992990239132,2.3884335707610456,2.8463762750353974,0.8150439262390137,2.3699300289154053,3.452507734298706,3.955925703048706,4.184313774108887,4.320223808288574,4.426493644714356,4.51788330078125,22
0.73565888,68.77151489,139.8633728,2.46871424,2.05047488,0.29545307,0.5697186,0.77602983,0.93594861,1.06234503,1.1650362,1.25081444,1.32454658,10
0.52310134,144.79065115,232.79617265,2.0,2.8,0.19702482,0.28834033,0.36550975,0.4301653,0.48639345,0.53641915,0.58135295,0.62094975,3
0.66905596,220.56198782,271.39571824,2.2,2.3,0.11123991,0.15515733,0.19698143,0.23171568,0.26851988,0.30240393,0.33502674,0.365793,4
0.60994679,173.89742373,280.58653652,2.6,2.3,0.17542648,0.25525117,0.3338065,0.4014194,0.4630618,0.51933956,0.5709443,0.618464,4
0.6278638545895124,23.994096811679867,0.0057483988135874,2.321920712556772,2.0959939333109565,0.7535288333892822,2.0092830657958984,2.773926258087158,3.1522817611694336,3.367389678955078,3.5143542289733887,3.630696296691896,3.7230381965637207,22
0.43134016,272.14735893,65.8411539,2.3,2.3,0.19838786,0.31103826,0.41358876,0.5029528,0.5836625,0.65631676,0.7225189,0.782665,16
0.5316531419352609,176.7343931489453,0.0175660156762693,2.4422392544156826,2.516527379639424,0.328934907913208,0.6562952995300293,0.908167600631714,1.1085577011108398,1.2735068798065186,1.4122767448425293,1.5325698852539062,1.638239860534668,8
0.91024049,22.44091411,114.74684434,2.8,2.4,0.5452006,1.3588986,1.898679,2.2045324,2.4011767,2.5466478,2.6614869,2.7558434,20
0.4384227454665701,69.68082263322981,0.0114482804695679,2.147993757615752,2.540190695893893,0.6716253757476807,1.864126443862915,2.606897115707397,2.917588949203491,3.067023992538452,3.168457269668579,3.258082151412964,3.335219621658325,22
0.71948749,13.2114216,81.75981688,2.1,2.4,0.7064862,1.8522289,2.543105,2.841048,2.9837048,3.05679,3.1072323,3.149782,23
0.75806807,79.85140017,263.4709431,2.1,2.6,0.2129755,0.34166574,0.4475839,0.53558946,0.60994244,0.67484856,0.73070574,0.7804799,17
0.7629911906346836,6.40171749019072,0.6207462938410756,2.420485335808245,2.118177693895734,0.9622189998626708,2.679800271987915,3.825075387954712,4.4015092849731445,4.733266830444336,4.973180770874023,5.150771141052246,5.272462844848633,5
0.30880745,290.60289276,77.0220805,2.30789297,2.40945322,0.25354815,0.41171646,0.52433348,0.6174438,0.69777131,0.76787233,0.8282702,0.88233709,16
0.90985885,195.42863025,315.10768876,2.10199702,2.5255741,0.09939098,0.1503098,0.19681072,0.23671913,0.27745891,0.31633663,0.35402942,0.39026523,4
0.85101668,53.54502352,0.400999,2.54367703,2.005,0.382442,0.81826591,1.15317893,1.40575194,1.60365343,1.76572561,1.90209293,2.02057648,8
0.63917637,11.71127224,6.56399059,2.33116913,2.20308208,0.94843245,2.61991501,3.72074413,4.23105001,4.48397064,4.63208818,4.73598957,4.80506897,22
0.629435179000601,1.7874957273069365,0.0045398663667551,2.5275353694796987,2.1431476450940683,1.170314073562622,3.678956985473633,6.0904741287231445,7.657649040222168,8.338064193725586,8.526262283325195,8.650042533874512,8.774144172668457,12
0.43561554,100.12028503,9.88191509,2.75115752,2.30263996,0.54670286,1.35792685,1.85523367,2.09425783,2.23814631,2.35138321,2.44505453,2.52738667,18
0.52557033,2.13731623,23.69766235,2.9507513,2.8832016,1.27888107,3.98136234,6.84589672,8.95965481,9.91223621,10.22621727,10.41456413,10.48484612,14
0.6263041984588155,2.269845826747564,0.0551169496515552,2.216500516191274,2.470843865802759,1.1790103912353516,3.7703490257263184,6.302704334259033,7.931963443756103,8.608768463134766,8.78370475769043,8.874147415161133,8.961637496948242,12
0.86471965,129.26434406,318.20379278,2.4,2.5,0.15008807,0.21735954,0.28739238,0.34859085,0.40488696,0.45738792,0.50534296,0.5499916,4
0.79482837,36.94589527,332.4122165,2.5,2.1,0.30525947,0.5780027,0.7530749,0.86424994,0.9410322,0.9965,1.0400434,1.0737464,21
0.6299991886955316,1.879826984215599,0.0183114256551537,2.939688404328255,2.294012800074397,1.2024893760681152,3.7871108055114746,6.288898468017578,7.929947853088379,8.636666297912598,8.839555740356445,9.000646591186523,9.182759284973145,12
0.90978713,93.63699246,162.99759183,2.6,2.6,0.24628377,0.44451714,0.6228094,0.7798891,0.9194937,1.0436637,1.1543841,1.2532196,10
0.99855728,69.75119618,292.33857056,2.03092814,2.69554891,0.1943779,0.33140445,0.45900512,0.5702033,0.66916156,0.75756192,0.836869,0.90727711,17
0.94750717,207.92736802,307.96942743,2.7,2.8,0.15235019,0.18852663,0.23958087,0.30256462,0.35772657,0.40777063,0.45685863,0.502851,4
0.71695435,155.72819519,299.96133423,2.20335817,2.04503512,0.11359978,0.15630174,0.19519305,0.22911382,0.26330447,0.29457808,0.32385206,0.35133243,11
0.73561965,104.95556778,21.88637785,2.6,2.6,0.3518839,0.717556,1.0105522,1.248827,1.44538,1.6103113,1.750757,1.8723004,9
0.5651165059362027,43.027007413693546,188.8951414565693,2.079335622280933,2.1097578289831067,0.4195687770843506,0.9723882675170898,1.2749474048614502,1.393273115158081,1.4598426818847656,1.510436773300171,1.5518860816955566,1.5862574577331543,0
0.83674948,110.32467496,357.00884066,2.2,2.0,0.12151527,0.16727805,0.21204257,0.2510209,0.28912973,0.323076,0.35447764,0.38303113,4
0.4632239742059795,29.842581001854604,114.0392143133905,2.243805624580149,2.606480735962096,0.7138042449951172,2.065645694732666,3.007638931274414,3.3630709648132324,3.4449095726013184,3.4725613594055176,3.494562149047852,3.514365673065185,23
0.3,110.45054391,266.80413868,2.0,2.0,0.28068781,0.46156669,0.52785063,0.56504488,0.59461379,0.61919498,0.63930798,0.65605211,21
1.0,299.24791217,398.14603404,2.02284037,2.0,0.04675889,0.07166743,0.09243441,0.09538198,0.10576272,0.1127727,0.11778259,0.12660193,11
0.4765873690650813,21.5117204087923,1.0418194773382663,2.05028677862257,2.0592424442305326,0.8814196586608887,2.511525630950928,3.600296974182129,4.058990955352783,4.242304801940918,4.354031085968018,4.430153846740723,4.482269287109375,22
0.581579970613553,33.48493224685238,0.0126951180857189,2.820722659927565,2.8230222063679804,0.8354823589324951,2.403559923171997,3.5053470134735107,4.048322677612305,4.322758674621582,4.495427131652832,4.628288269042969,4.734652519226074,22
0.81621987,252.54976201,47.09105244,2.18072439,2.0211578,0.10750961,0.18188405,0.24978185,0.31486058,0.37890863,0.44052672,0.49881411,0.55477834,2
0.46440746,287.75094017,394.69331056,2.9,2.6,0.14385724,0.16572762,0.1919167,0.22334671,0.24475336,0.26605606,0.286129,0.30564594,11
0.9616571881130976,134.6021219246272,0.0378649814219416,2.522291931760831,2.4687152005801667,0.2173109054565429,0.3957722187042236,0.5678184032440186,0.7282216548919678,0.8756065368652344,1.0123577117919922,1.138458251953125,1.254324197769165,15
0.7888369354660485,2.8366811809872914,0.0726300241476502,2.987113609250483,2.6841327694758674,1.168506145477295,3.5273213386535645,5.479413986206055,6.543852806091309,7.085984230041504,7.47067928314209,7.813676834106445,8.076225280761719,5
0.82985904,69.55372234,312.75828541,2.7,2.4,0.2553451,0.44569755,0.59460163,0.7176218,0.82066274,0.907711,0.98237514,1.0460753,17
0.31000748,258.78286684,3.37820902,2.1,2.6,0.2960465,0.53481555,0.6956916,0.81824183,0.91709876,0.9993098,1.0704281,1.133085,8
0.39290502,171.19544965,256.10403222,2.7,2.4,0.28351736,0.48324156,0.6034968,0.6958711,0.7715366,0.8360157,0.8907049,0.9391942,17
0.64139459,268.96052281,328.73749969,2.7,2.8,0.14804077,0.17394447,0.21187568,0.25843787,0.29676342,0.33139706,0.36533833,0.39719224,4
0.3092440513239105,6.286868763078205,0.0181550581853223,2.624875384843554,2.959083330765876,1.2637696266174316,4.19869327545166,7.564690113067627,10.366422653198242,12.043813705444336,12.175935745239258,12.178869247436523,12.181520462036133,12
0.4127570991271179,44.553249452964565,141.5717376315864,2.867152029658101,2.358750039299164,0.6175699234008789,1.6899492740631104,2.383270025253296,2.6313655376434326,2.7053630352020264,2.74143385887146,2.772591352462769,2.800858736038208,0
0.42615435,271.94942475,0.38018255,2.6,2.0,0.24415398,0.4286847,0.58252,0.71475935,0.8296685,0.930465,1.0208948,1.1021888,15
0.98442758,52.13266645,229.04933063,2.1,2.9,0.23447824,0.41656494,0.5684433,0.69532347,0.8021438,0.89357233,0.9721205,1.0390303,17
0.55893183,297.29547119,24.96987343,2.16457367,2.13874817,0.13930416,0.22229958,0.30186772,0.37579632,0.44619393,0.51137519,0.57322001,0.63138533,2
0.97733245,88.71656244,49.89984531,2.4,2.8,0.2645762,0.504164,0.72132635,0.9150052,1.0867484,1.2400994,1.3760681,1.497189,9
0.36558868,217.08175017,82.28253888,2.1,2.7,0.2657752,0.45397925,0.5858762,0.6922622,0.78083396,0.85500765,0.9204738,0.97619915,16
0.5907008607181543,66.27861681709611,2.402108171225101,2.3343428590052624,2.2390081233791386,0.519921064376831,1.269728422164917,1.734851360321045,1.9950380325317385,2.1778359413146973,2.318211078643799,2.4369354248046875,2.539601802825928,18
0.496310751629813,75.21492824729495,40.249931596986016,2.214484489033751,2.1484099127372183,0.5030922889709473,1.2388637065887451,1.669980764389038,1.87886381149292,2.01761245727539,2.123086452484131,2.2130088806152344,2.291062831878662,19
0.70197356,66.29428864,349.10894775,2.23144507,2.77086043,0.27694798,0.49091053,0.63471818,0.74498415,0.83176517,0.90181136,0.95846248,1.00647926,17
0.61371309,251.34085595,122.31136013,2.8,2.4,0.18574905,0.29410577,0.40054035,0.49890065,0.58952165,0.67279387,0.7506361,0.82351804,16
0.65328197,42.43939035,303.14487724,2.1,2.2,0.29637194,0.53262615,0.65899587,0.72916603,0.7771208,0.81151104,0.8372278,0.85714865,21
0.7577101763080124,11.93050626610353,0.0928729464628159,2.049965237885291,2.7298147707267355,0.8774986267089844,2.5366783142089844,3.656535625457764,4.185148239135742,4.443793773651123,4.607421875,4.738413333892822,4.836552619934082,22
0.31940107,99.11532076,206.1623732,2.72441897,2.72795315,0.50411248,1.25780678,1.73433948,1.8661859,1.89737296,1.92415309,1.94806075,1.96995378,1
0.73227914,91.216983,148.52524359,2.5,2.7,0.31638908,0.6159923,0.8475642,1.0350411,1.1867433,1.3144104,1.4218433,1.5133383,10
0.96237922,79.81103516,152.95573425,2.6481185,2.25323439,0.23106217,0.41764998,0.5866859,0.73524714,0.86603665,0.98250437,1.08618426,1.1780467,17
0.5219586638328073,114.8723527383126,0.0172717318645198,2.3943541720992343,2.3086699477267136,0.4338026046752929,0.9909985065460204,1.3625290393829346,1.598039150238037,1.7703206539154053,1.9089086055755613,2.024515390396118,2.126206636428833,18
0.62985692,164.9583896,277.16973284,2.1,2.1,0.12609911,0.1746037,0.22056174,0.26022768,0.29888844,0.33480597,0.36746287,0.39815688,4
0.70218418,120.0893542,17.89831912,2.9,2.7,0.37493825,0.7752032,1.0923259,1.348336,1.5573375,1.7318313,1.8808,2.0101082,9
0.4910393,31.49250925,127.40568149,2.1,2.3,0.6053431,1.5649095,2.111067,2.2743013,2.3134224,2.3378665,2.3595493,2.379977,0
0.51517676,265.10126315,278.26962461,2.2,2.9,0.12761497,0.16251135,0.1987307,0.2239387,0.2516029,0.27882624,0.3023708,0.3261392,11
0.86954565,59.30732794,12.14575357,2.5,2.0,0.37344742,0.7904134,1.1172423,1.3740394,1.5800447,1.7504587,1.8937154,2.0167222,9
0.88800033,234.09961695,170.17683223,2.39407936,2.18072431,0.1049695,0.16656852,0.22104621,0.27101874,0.32349944,0.3737967,0.42187595,0.46772027,3
0.98407669,274.43973679,371.60856469,2.85235722,2.0900513,0.07763076,0.109694,0.13042474,0.13455391,0.14568233,0.16633701,0.18368578,0.19605398,11
0.30800116,7.65662813,49.46726608,2.78209114,2.26479149,1.08411741,3.23982859,5.21707153,6.41670132,6.66723633,6.69918919,6.71497631,6.71732426,7
0.5428749825376102,27.918583718307858,182.2528349439671,2.3013430669123696,2.37119802170103,0.5730252265930176,1.538790941238403,2.133689641952514,2.315993070602417,2.355201482772827,2.3782765865325928,2.3990838527679443,2.4177615642547607,0
0.9365180411912788,2.015844541058736,4.898570127973845,2.67515039,2.04983878,1.0176489353179932,2.8224148750305176,4.027910232543945,4.6952338218688965,5.135856628417969,5.494575023651123,5.746696949005127,5.943190097808838,6
0.56065117,287.86476833,215.44293617,2.9,2.6,0.17006493,0.23996067,0.31245947,0.3837726,0.4466846,0.505991,0.5612571,0.61334467,3
0.9267742670672614,1.6356428160182568,0.0039146036340162,2.219363218184221,2.199158717294148,1.0745248794555664,3.118825912475586,4.584214687347412,5.358192920684815,5.796323299407959,6.113990306854248,6.358176708221436,6.546002864837647,5
0.39640429,107.81143962,397.26895239,2.82418338,2.43015309,0.25891137,0.37948394,0.42155385,0.45639443,0.48649168,0.51216173,0.53464985,0.5545392,4
0.51941867,217.21545204,112.21348504,2.29676373,2.96648646,0.2548666,0.44681382,0.60683942,0.74585581,0.86763835,0.97595739,1.07237792,1.1582706,16
0.92599423,238.65038117,296.74569382,2.0,2.2,0.07249355,0.10958338,0.13765264,0.1559968,0.18227243,0.20604658,0.22824001,0.25064015,11
0.42595202,111.30966949,356.37310791,2.67355514,2.00461745,0.19635534,0.23771834,0.26580215,0.28821445,0.30682302,0.32371211,0.33917761,0.35346079,11
0.31377105,249.13351936,202.25104279,2.6,2.9,0.27200556,0.42632627,0.51682425,0.5928755,0.6571028,0.7139838,0.7638936,0.8094063,17
0.3201056557301708,176.05561204908108,400.0,2.5,2.8,0.2439370155334472,0.336843729019165,0.3748347759246826,0.4099857807159424,0.4408726692199707,0.4682409763336181,0.4933702945709228,0.5160882472991943,4
0.46110114,211.7678833,301.53250122,2.47581124,2.27190924,0.15376902,0.19129324,0.23148084,0.26342368,0.2935853,0.32205081,0.3489089,0.3734982,4
0.7714062836776201,144.47877642147665,0.0221561944443915,2.9181489352395533,2.659668454392931,0.2945485115051269,0.5602397918701172,0.7961170673370361,1.0040693283081057,1.1866402626037598,1.3487176895141602,1.492351531982422,1.6200580596923828,8
0.54156983,159.14219666,154.13761902,2.02569199,2.10944152,0.19399047,0.31249166,0.4150517,0.50310063,0.58064747,0.64847708,0.70981693,0.76404381,17
0.4861724434936349,11.04985566539006,20.39393536341568,2.560781,2.24488544,1.009871006011963,3.017005681991577,4.629269599914551,5.418723106384277,5.697383880615234,5.830151557922363,5.9296464920043945,5.988483428955078,7
0.3340634197710073,2.0138209745743145,0.0080983090609889,2.3246855751454536,2.3527370755502184,1.2232041358947754,4.060174942016602,7.293698310852051,10.090692520141602,11.608233451843262,11.64411163330078,11.6489839553833,11.653066635131836,12
0.7000131041754142,4.181705388890687,1.359168938732268,2.78170824,2.27695012,1.0949604511260986,3.2434091567993164,4.901211261749268,5.775608062744141,6.212408065795898,6.53465461730957,6.805357933044434,7.006233215332031,5
0.7849375,140.58728027,209.70381165,2.429708,2.44232178,0.18428326,0.29735661,0.40674353,0.50449228,0.59265542,0.67310476,0.74701595,0.81513262,17
0.98113108,200.49104309,56.87419128,2.00429678,2.90045023,0.13911891,0.24628425,0.34650588,0.44557476,0.54099131,0.63349319,0.72132206,0.80570936,16
0.40424466,4.75666904,383.77496338,2.2084446,2.71600318,0.51801038,1.37012267,1.93114233,1.98437405,1.9852314,1.98539972,1.9865694,1.98684883,1
0.65653731,172.62229891,33.45426482,2.6,2.9,0.28139734,0.5200994,0.72544837,0.90468836,1.0612812,1.1999636,1.322051,1.4311523,9
0.6242074668287689,1.157815420589366,44.1590657428023,2.34912482,2.64514082,1.1074740886688232,3.570789337158203,6.095773696899414,7.8776044845581055,8.628948211669922,8.682549476623535,8.682724952697754,8.682724952697754,14
0.84862371,219.37433617,314.27245969,2.66983835,2.68900264,0.14202166,0.18401241,0.23216701,0.28960013,0.34093356,0.38701057,0.43191171,0.4740684,4
0.75595391,142.51338196,195.39221191,2.16344166,2.48613024,0.18001461,0.294523,0.40374112,0.50187325,0.59040356,0.67096758,0.74440026,0.81199431,17
0.31432275,268.75625938,349.00067658,2.3,2.4,0.13323426,0.1463232,0.16258693,0.16814303,0.17684793,0.18504262,0.19411254,0.20138884,11
0.95643878,253.21966553,218.73985291,2.26869917,2.49792194,0.10083055,0.16177297,0.2128489,0.26089644,0.31116652,0.36023092,0.40639687,0.45151639,3
0.7664678099998304,24.458356488200923,2.953048822963921,2.0474644029476265,2.9817889571435443,0.7057011127471924,1.9708986282348635,2.773614883422852,3.1772518157958984,3.413704395294189,3.585415363311768,3.726655960083008,3.840702533721924,22
0.36238578,103.78923556,182.17343326,2.7,2.3,0.46449065,1.1262422,1.526696,1.6582546,1.7154922,1.76142,1.8005064,1.8354313,0
0.33352968,207.69917297,16.46232414,2.2461307,2.03502345,0.32022357,0.61352372,0.80106187,0.93193054,1.03251386,1.11447644,1.18324471,1.2438674,9
0.7443300784008455,11.443402325894498,0.0795075749250542,2.8093094504290423,2.765917742034188,0.9618048667907716,2.7834582328796387,4.096578598022461,4.765292644500732,5.122310161590576,5.36564826965332,5.550156593322754,5.683994293212891,5
0.7370229874488893,2.2788400511555658,0.007580353116571,2.59806458357337,2.8884557997938525,1.2151107788085938,3.836446523666382,6.292729377746582,7.7810211181640625,8.454350471496582,8.764588356018066,8.987045288085938,9.177967071533203,12
0.9903592,158.81673035,94.01510671,2.3,2.2,0.14181852,0.24510598,0.3428805,0.43652868,0.52593565,0.6108329,0.69054437,0.76609516,16
0.4161293737610443,19.94924836687477,0.138340080703531,2.070004135513501,2.6950742354717603,1.0194289684295654,3.164735078811645,5.0136919021606445,5.971873283386231,6.253950119018555,6.3306884765625,6.380995750427246,6.422005653381348,5
0.96509078,287.90191976,142.47380738,2.1,2.9,0.10183835,0.15766478,0.20482254,0.24815774,0.29530263,0.3444674,0.38971877,0.43322563,2
0.81593489,136.1181971,394.54839937,2.2,2.7,0.12323475,0.1580975,0.19308901,0.21917057,0.24258399,0.26674557,0.28911304,0.31019998,11
0.46594664,3.28558612,148.11421204,2.1350491,2.07096744,0.77832437,2.19255233,3.19610095,3.4794066,3.48803544,3.48816705,3.48822093,3.48831248,23
0.4642620816607143,16.1626896705835,0.0271723612087806,2.711294000952646,2.607764078178873,1.0633249282836914,3.219766855239868,5.018706321716309,5.942965507507324,6.286535263061523,6.458874702453613,6.602933883666992,6.69493579864502,5
0.4401397908192078,19.73617559222043,0.0107775933281015,2.666700292020889,2.41181359841083,1.012923002243042,3.016432762145996,4.593284606933594,5.360111713409424,5.6562180519104,5.822253704071045,5.947614192962647,6.031215190887451,5
0.95323653,131.34435433,341.3743231,2.7,2.7,0.16101766,0.23639727,0.31279182,0.3867154,0.45294,0.5136776,0.5698843,0.6224632,4
0.88501159,130.29130712,163.45116418,2.9,2.7,0.23330855,0.40324187,0.5645907,0.7112644,0.8441663,0.96539044,1.0761931,1.1773524,17
0.93831631,248.1369072,48.83962618,2.60938233,2.28785657,0.12668467,0.21477079,0.29444146,0.37178779,0.44880295,0.52358699,0.59431696,0.66296315,2
0.33303446,197.7335611,140.1434112,2.0,2.8,0.25930953,0.4205079,0.5222604,0.6022515,0.6680927,0.72612214,0.77518296,0.8198371,17
0.45453653,169.68765754,119.69235253,2.2,2.3,0.26496196,0.4637339,0.6098163,0.72741413,0.82481074,0.90756893,0.98027587,1.0418589,16
0.97649767,85.88229272,38.66086336,2.9,2.6,0.30927467,0.60169244,0.86495566,1.0970697,1.3013151,1.4812415,1.6398461,1.7808325,9
0.7092797445179292,10.1805951292395,16.10218868825093,2.473614838451088,2.900862036235865,0.9731945991516112,2.9068312644958496,4.381235599517822,5.110074043273926,5.439929008483887,5.622935771942139,5.761327266693115,5.856632709503174,6
0.61771909,183.71199446,19.02725012,2.8,2.2,0.26970315,0.5018287,0.70240235,0.8765373,1.0293899,1.1629174,1.2820232,1.387747,9
0.61554531,294.36531028,110.64934493,2.0,2.6,0.1168859,0.17484593,0.22728086,0.27646303,0.32667756,0.37362075,0.4178462,0.46052885,2
0.3762066240753868,2.9713447030780795,0.0104137213867708,2.5089083424335468,2.478173950853404,1.2337939739227295,4.058252334594727,7.234291076660156,9.843413352966309,11.219032287597656,11.269372940063477,11.274742126464844,11.279348373413086,12
0.3998054,291.71934351,277.15035035,2.2,2.4,0.12134194,0.14621377,0.17245102,0.18962264,0.20867395,0.22694874,0.24579883,0.26307797,11
0.3857142636621495,8.818912184241032,34.99120243024306,2.0293448,2.36792684,1.0101959705352783,3.163994312286377,5.140581607818604,6.306502819061279,6.6249775886535645,6.632200717926025,6.635427951812744,6.637394428253174,7
0.5518939307292375,274.71754678641923,289.54971342568297,2.88818622,2.18080926,0.1137845516204834,0.1458091735839843,0.1756572723388672,0.1960015296936035,0.2200438976287841,0.2445390224456787,0.2652075290679931,0.2860431671142578,11
0.77659213,133.8958126,262.25371427,2.5,2.9,0.19969869,0.31121707,0.417243,0.51102066,0.59528637,0.6711068,0.7400527,0.80332303,17
0.59907687,235.45503235,224.63542175,2.2122767,2.80835223,0.16037154,0.236696,0.31382227,0.38474727,0.45001507,0.51066136,0.56672239,0.61943674,3
0.50058307,50.03533565,1.75245124,2.3,2.0,0.68350315,1.8054819,2.4571242,2.7223787,2.8618422,2.9520907,3.036831,3.1114674,22
0.79667893,101.49187645,42.57990727,2.71433057,2.0740681,0.26585722,0.50725055,0.71502161,0.89384866,1.04765844,1.18044901,1.29752612,1.40081286,9
0.3576465,184.09464122,233.52017137,2.7,2.2,0.28447342,0.49366236,0.6178472,0.7113793,0.78749776,0.84927416,0.9030299,0.94904494,17
0.75874446,145.45317992,341.78197912,2.7,2.3,0.15869188,0.2281084,0.29909706,0.36229897,0.42030358,0.47333694,0.52196836,0.56739044,4
0.3767755112180543,37.62152527738573,0.0169724299080023,2.816191165457424,2.4404469317540425,0.928896427154541,2.7374908924102783,4.107697486877441,4.743400573730469,5.002634048461914,5.141929626464844,5.243860244750977,5.310015678405762,5
0.3,22.00591943485256,5.5230428721241696,2.65066242,2.02020788,0.9951367378234864,2.980534076690674,4.620483875274658,5.461641788482666,5.717759609222412,5.809474468231201,5.868781566619873,5.911642551422119,6
0.56704587,61.88173676,13.19397831,2.06618714,2.76211214,0.60191154,1.597471,2.20763659,2.49394679,2.65903831,2.78826356,2.88989186,2.97890258,18
0.495588187729898,9.335597445636722,80.01229145776279,2.18783045,2.02792096,0.8191585540771484,2.3640666007995605,3.464959621429444,3.864411354064941,3.970038414001465,3.9996957778930655,4.008997440338135,4.017094135284424,23
0.80795276,12.8978653,25.2240181,2.0374279,2.62823629,0.78937912,2.18050575,3.05927801,3.46157598,3.66540289,3.80494404,3.90127277,3.97448826,23
0.99798185,291.99908447,18.53290176,2.7637012,2.47755837,0.14940071,0.21535516,0.28904104,0.37073636,0.45236874,0.52741551,0.59977198,0.67062402,2
0.89015901,17.09952545,8.44518757,2.3929925,2.67185616,0.71035028,1.85632205,2.57982898,2.97368312,3.22811866,3.41540313,3.56861567,3.70124745,22
0.70524274,147.12154576,216.83687852,2.9,2.2,0.21532726,0.36147404,0.49463153,0.6122911,0.7174704,0.8125725,0.8983388,0.9763744,17
0.326433,264.33859489,331.97713357,2.5,2.9,0.1857512,0.2142191,0.24444771,0.269027,0.29176402,0.31084538,0.32964087,0.3473301,11
0.6396332232179277,13.208389569690198,0.1124678554823183,2.402866209162516,2.4294703460668234,0.942840337753296,2.703061819076538,3.928181409835816,4.506385803222656,4.799374580383301,4.987198829650879,5.126935005187988,5.228327751159668,5
0.36357326,186.81504776,231.29728376,2.3,2.0,0.21405077,0.31216264,0.38336062,0.44275045,0.49380898,0.53810215,0.5784979,0.61358047,3
0.40685519,108.3773656,321.4046715,2.5,2.7,0.3176515,0.5641377,0.68330455,0.7520752,0.80356574,0.8445318,0.8808212,0.91093373,21
0.79130316,42.99810791,225.68937683,2.48852062,2.29631662,0.34114265,0.68761802,0.92346692,1.08076477,1.19381428,1.27879453,1.34400749,1.39957809,10
0.57157401,51.49307335,157.37966789,2.2,2.6,0.45932055,1.0715477,1.4387343,1.6015174,1.6936481,1.7621171,1.8188951,1.8680289,0
0.97887588,1.81518531,47.11623001,2.54746938,2.11695313,0.94983912,2.58606339,3.65470314,4.18705034,4.48250818,4.65557623,4.74916553,4.79040384,23
0.83946839,85.94571243,187.86548931,2.5,2.9,0.275692,0.50879025,0.70150423,0.8658731,1.005779,1.1273093,1.2321568,1.3234639,10
0.8908579658018303,9.942120716219982,0.1265408889903681,2.873181338343886,2.730608082885458,0.876854658126831,2.427531480789185,3.4743921756744385,4.044607162475586,4.389694213867188,4.641909599304199,4.837512016296387,4.997128486633301,22
0.95016652,42.13709267,288.60195394,2.4,2.8,0.28218842,0.520216,0.69732976,0.8359246,0.94602084,1.0348079,1.1074347,1.1659198,10
0.3860116806197827,141.56468653967457,237.7915121209648,2.27956444,2.3259343,0.2841899394989013,0.4990370273590088,0.6258070468902588,0.7164368629455566,0.7882034778594971,0.8480901718139648,0.897449254989624,0.9388923645019532,17
0.9457143271223992,280.5356589415512,388.4444785387722,2.4,2.6,0.1065146923065185,0.1241559982299804,0.1411831378936767,0.1645412445068359,0.1948504447937011,0.2211267948150634,0.2423324584960937,0.2647061347961426,11
0.9206996,218.13615086,8.51369979,2.4,2.2,0.14043427,0.24535179,0.34408045,0.43935037,0.53174186,0.61967015,0.70396996,0.7841439,15
0.85719351,254.97259367,360.84133882,2.3,2.1,0.07025909,0.10393667,0.13243198,0.14283657,0.16079593,0.17945409,0.19858217,0.21578836,11
0.6102079132844307,1.6319126823580878,0.1564393456681512,2.4547900753325256,2.7756205784500887,1.2476868629455566,4.091215133666992,7.147943019866943,9.368112564086914,10.489931106567385,10.72384262084961,10.741310119628906,10.75361442565918,12
0.85810107,21.50304538,227.21451473,2.0,2.5,0.3791051,0.80768037,1.0699244,1.1977608,1.270093,1.3183801,1.3532085,1.3797145,21
0.41325804,271.38939625,262.89088406,2.3,2.7,0.14955115,0.18513799,0.22382045,0.2527001,0.28094578,0.3090272,0.3346734,0.35849977,4
0.62098161,71.3741612,143.49629559,2.71193705,2.79643872,0.45647597,1.07537246,1.49936604,1.74481893,1.91009545,2.03324342,2.13743615,2.22460485,20
0.7245419538817356,60.84895950806853,0.0861631176564329,2.533465646028996,2.023408555386258,0.4247434139251709,0.952155351638794,1.3272042274475098,1.5853395462036133,1.7802000045776367,1.9386844635009768,2.069790363311768,2.1841092109680176,18
0.93598576,168.12977202,348.52217146,2.3,2.9,0.12476206,0.1597526,0.20109653,0.23582244,0.27268386,0.30674624,0.33766222,0.36839318,4
0.43618659,102.33135867,315.63960812,2.2,2.7,0.26872063,0.4225521,0.49573684,0.5493114,0.5925021,0.62977266,0.6613462,0.688076,21
0.34490671,77.3882404,283.55210622,2.29694828,2.14108818,0.34848428,0.6719408,0.8023634,0.83620501,0.86078429,0.88070941,0.89722323,0.91105914,21
0.68096951,61.97545578,303.5915141,2.3,2.8,0.28309917,0.49593067,0.6292808,0.7256496,0.7990413,0.85870695,0.90638876,0.9469843,21
0.53474188,31.9280112,85.60928217,2.9,2.7,0.7796738,2.2368438,3.2926729,3.7694447,3.9324033,4.0034647,4.050104,4.08889,23
0.51685419,140.71854454,215.27671535,2.8,2.8,0.31850648,0.58987284,0.77591515,0.9200921,1.0362303,1.132689,1.2137527,1.2843542,10
0.63982938,81.38602085,342.9038525,2.3,2.5,0.22756505,0.34374928,0.42317152,0.48690176,0.53987145,0.5850854,0.622895,0.6551013,17
0.84080184,163.27251682,199.80932885,2.1,2.7,0.1389885,0.21348166,0.28630924,0.35433388,0.41795206,0.47736788,0.5326073,0.58472943,3
0.59021169,262.64861796,188.64250095,2.9,2.8,0.19327235,0.2858305,0.38118696,0.46913433,0.54838943,0.62248516,0.6913135,0.75576234,17
0.77065685,191.70584665,44.56095172,2.6,2.8,0.21494675,0.37171006,0.5228746,0.66168785,0.78873396,0.9066136,1.0146816,1.1155946,16
0.77070083,238.42606986,297.80916378,2.5,2.8,0.13989401,0.1743989,0.21771717,0.26565027,0.3118043,0.35192895,0.39039445,0.42749906,4
0.7217624,162.81485468,212.79337712,2.3,2.2,0.15395236,0.23673582,0.31767058,0.3909223,0.45829582,0.51985145,0.5766003,0.62939,3
0.4197276780431609,0.8090041425405544,0.5639193191680023,2.925699530274996,2.1507644683144607,1.227196216583252,4.024338245391846,7.174330234527588,9.908163070678713,11.392108917236328,11.414833068847656,11.421255111694336,11.42658805847168,13
0.80395151,146.11519667,133.12415847,2.3,2.7,0.19306731,0.32419538,0.44996738,0.5628271,0.66541743,0.759722,0.84627175,0.9259012,17
0.9610629886974807,46.47115522306976,0.0648508572438198,2.4581194258338304,2.953195753184384,0.4580144882202148,1.0311200618743896,1.471565008163452,1.8052821159362795,2.066923141479492,2.2809267044067383,2.461435317993164,2.61714506149292,18
0.84732566,299.99136334,0.93310737,2.6,2.9,0.16663408,0.2507608,0.3414278,0.44052267,0.53274083,0.6189122,0.70179486,0.78159785,15
0.4099682860410282,89.39120884947143,0.0367409323200534,2.5051157194994635,2.7097469305990707,0.6656613349914551,1.856595516204834,2.6423087120056152,2.984078884124756,3.1455135345458984,3.258112907409668,3.3500776290893555,3.426084518432617,22
0.5068753526010327,22.33258517820946,13.529676504005902,2.4705753295936264,2.432388474507102,0.9002664089202881,2.615772247314453,3.842766284942627,4.397645950317383,4.640302658081055,4.771299362182617,4.867478370666504,4.932058811187744,22
0.83149092,54.40266469,36.72355228,2.7,2.6,0.46026492,1.043983,1.4722812,1.7768981,2.0056922,2.187906,2.33897,2.4680793,19
0.39212587,181.22293017,227.4862525,2.7,2.4,0.28760314,0.49909735,0.6307776,0.7325015,0.81604075,0.8861933,0.9469478,0.99927497,17
0.39671456,221.83475341,200.52635754,2.9,2.2,0.25632358,0.42861223,0.55113244,0.65378475,0.74179244,0.8183024,0.8851652,0.94394517,17
0.6991306781818843,1.813980651008179,0.7518409027664834,2.061228477467549,2.3493351020348663,1.147965669631958,3.62045168876648,5.881354331970215,7.231494903564453,7.793572425842285,7.997857093811035,8.13097858428955,8.23192024230957,13
0.6010037365575849,216.65764423533005,0.6935111505132813,2.8161572692439454,2.4042990088792853,0.2462153434753418,0.4377768039703369,0.6103572845458984,0.7625164985656738,0.8986680507659912,1.0206336975097656,1.131138801574707,1.2308104038238523,15
0.43105447,1.59115815,2.54936743,2.68811059,2.1955061,1.27087355,3.96150613,6.82487392,8.98293304,10.30806065,11.12218857,11.61539936,11.97563648,14
0.82633055,246.37465129,64.24350497,2.59401426,2.44536497,0.14921379,0.24628353,0.33869004,0.42898369,0.51549435,0.59683943,0.67435598,0.7485218,16
0.32850569,86.16911388,397.45728752,2.5,2.6,0.3224857,0.55877495,0.62745833,0.6476929,0.665416,0.68034935,0.6931431,0.7041776,21
0.86481841,79.3213755,165.86512715,2.4,2.0,0.2347529,0.4292829,0.5982981,0.74400616,0.8699763,0.97976255,1.0766389,1.1611338,17
0.5922789700597726,2.5306602341938373,0.0056464832514824,2.9136517189391364,2.3195127942238885,1.2017450332641602,3.7907581329345694,6.306581974029541,7.953729152679443,8.649486541748047,8.856338500976562,9.009981155395508,9.162029266357422,12
0.5150085821626283,41.968615365179176,0.1817697240344984,2.868292790690936,2.5625414966630675,0.8007683753967285,2.26831316947937,3.2691166400909424,3.755258798599243,3.9979422092437744,4.157349586486816,4.266959190368652,4.362918853759766,22
0.62032096,92.62793481,287.51675706,2.3,2.3,0.23262262,0.37217999,0.4750228,0.55846286,0.62719464,0.6854987,0.7349057,0.77757335,17
0.42738897,51.45633142,44.95538619,2.84861518,2.39434895,0.72137594,2.02212071,2.89477468,3.2801168,3.45323682,3.55140758,3.62115932,3.67824388,23
0.86173191,299.53931729,358.51952113,2.68457138,2.19467148,0.08427429,0.11278749,0.13648176,0.14401221,0.15776634,0.17713881,0.19509172,0.21008945,11
0.44255093,214.94810779,362.76539771,2.66066099,2.70453368,0.18677092,0.23212528,0.27716446,0.31600165,0.35065627,0.38231492,0.4112668,0.43827248,4
0.30199006,294.35574723,37.89657821,2.1,2.4,0.232862,0.36731625,0.46851087,0.5538013,0.62675405,0.69140863,0.7484474,0.7990823,15
0.3,101.96102312,160.20297557,2.0,2.0,0.40154433,0.88413763,1.09824038,1.15009356,1.18431902,1.21297264,1.23737383,1.25871634,21
0.5231519154533952,60.24706621527495,0.0309287789456381,2.3946692981812365,2.171539916373905,0.5980949401855469,1.5385291576385498,2.1023690700531006,2.3806374073028564,2.548072576522827,2.6819427013397217,2.7847278118133545,2.881841897964477,18
0.93296033,199.7460022,341.23239136,2.88818622,2.18080926,0.10393405,0.13760734,0.16970181,0.19255638,0.21769762,0.24588037,0.27111936,0.29516435,11
0.45157519,244.38201904,314.78286743,2.43411541,2.20728588,0.12728834,0.15346622,0.1812644,0.20093346,0.22133017,0.23962784,0.25828433,0.27568483,11
0.4994146785156067,83.88460855499895,0.0045920484296418,2.9782028410125294,2.086259648464641,0.5183913707733154,1.280123233795166,1.7635741233825684,2.028707504272461,2.2026524543762207,2.34446668624878,2.4560585021972656,2.5589375495910645,18
0.61994231,271.25109863,161.6073761,2.48336029,2.4545033,0.14503264,0.21551061,0.28534627,0.34990573,0.41083431,0.46876526,0.52262115,0.57374668,2
0.37806484,131.48230571,316.13881843,2.97451996,2.16836591,0.24028039,0.33584452,0.38194609,0.4189837,0.45138097,0.47875595,0.5042429,0.52584434,4
0.35199561,155.763719,265.41610885,2.6,2.7,0.3175447,0.56521535,0.694015,0.7766242,0.83985615,0.8935292,0.9377961,0.9753318,21
0.7364910736720743,2.8892668108187274,0.494453997153388,2.196237639254069,2.202378328654879,1.0887444019317627,3.2589569091796875,4.953759670257568,5.834274768829346,6.247779369354248,6.499234676361084,6.69398832321167,6.831090450286865,5
0.9279743,100.04941178,340.05041917,2.4,2.5,0.15985155,0.23356724,0.30931067,0.37476492,0.43421173,0.48829675,0.537451,0.5826216,4
0.32792604,3.0959146,28.72138786,2.38576293,2.55564928,1.20029521,3.74379277,6.45670795,8.42518806,9.32567406,9.62370777,9.65696335,9.65802383,14
0.8020494,16.87233734,49.57917404,2.49199343,2.43457437,0.71241713,1.88567209,2.62496138,2.99230242,3.1974988,3.34477806,3.44967508,3.53817225,23
0.4622643879157355,10.766154886682765,0.0730248400684635,2.486577726418603,2.044747499995621,1.0320427417755127,3.061267852783203,4.665284633636475,5.476261138916016,5.7892842292785645,5.958973407745361,6.093514919281006,6.1720499992370605,5
0.50945512,96.43732926,76.4285793,2.4,2.8,0.4581282,1.0570705,1.444397,1.6622257,1.8038731,1.9196463,2.0143404,2.0911088,20
0.59130703,144.70788751,198.41747433,2.8,2.1,0.24552369,0.42889142,0.5782893,0.7055805,0.8155663,0.91152906,0.9948592,1.0684509,17
0.3639335,8.04975033,12.64734554,2.30980921,2.02651548,1.10550666,3.28736162,5.22847986,6.28158569,6.58521748,6.71644592,6.77201271,6.78653526,6
0.56999151,108.49397791,315.66309214,2.2,2.8,0.21790314,0.3179922,0.3910172,0.45031023,0.5011556,0.54555583,0.5842304,0.61802554,4
0.8369243254804527,2.515732009220452,0.7681835917121848,2.916868571263988,2.512262703315601,1.140279769897461,3.387957096099853,5.151352405548096,6.0942864418029785,6.61060094833374,7.006629467010498,7.344890117645264,7.604198932647705,5
0.5382522073551156,1.52088233465433,0.368777848003972,2.7070152860447445,2.458353251104209,1.245032787322998,4.064399719238281,7.139682769775391,9.528135299682615,10.688234329223633,10.73142147064209,10.740300178527832,10.747735977172852,13
0.51474976,128.02368842,50.0879984,2.42727288,2.41914814,0.38132811,0.80534887,1.09788132,1.2975049,1.448066,1.56666827,1.66655993,1.75583863,9
0.5038346,180.2636992,6.22775465,2.8,2.8,0.38050318,0.7880697,1.0893517,1.3162403,1.4962187,1.6442528,1.768074,1.8760839,9
0.57258366,224.50959421,348.84205041,2.6,2.8,0.1505642,0.1897254,0.23089004,0.27138472,0.3076005,0.33944225,0.37006354,0.3985672,4
0.6275526259623678,274.2290408553778,0.0076292299281127,2.73733169474296,2.6399918605642334,0.2090532779693603,0.3480784893035888,0.4841527938842773,0.6107406616210938,0.7268037796020508,0.8346266746520996,0.9353396892547609,1.028806209564209,15
0.79553942,56.25012367,133.66397111,2.6,2.0,0.3581109,0.75639105,1.0488753,1.2624528,1.4258697,1.556664,1.6650331,1.7550764,10
0.84993941,81.51885223,190.45684814,2.26225042,2.03582859,0.20014739,0.34260559,0.46826982,0.57708573,0.67115211,0.75424409,0.82789278,0.89251375,17
0.4106253393910022,24.789032395611446,0.0141663744791315,2.355859051146432,2.1851539597299894,0.9409854412078856,2.7520456314086914,4.08443546295166,4.674413204193115,4.897716522216797,5.024542331695557,5.10939359664917,5.165035724639893,5
0.89317795,230.63901388,288.11859326,2.5,2.9,0.14885998,0.1753726,0.22009039,0.2744019,0.32571387,0.36930156,0.4125874,0.45401645,4
0.4613778254694788,13.80860933891036,4.038181124861113,2.30759239,2.42438602,1.037273645401001,3.141629695892334,4.867778778076172,5.728270530700684,6.025354385375977,6.152179718017578,6.241633415222168,6.298055648803711,6
0.60684144,291.74221802,163.99134827,2.24905252,2.21129894,0.11301613,0.16585565,0.21555519,0.25966501,0.30450964,0.3471334,0.38737416,0.42554927,2
0.72041059,129.71492004,186.68466187,2.26321006,2.55170059,0.2193656,0.37304902,0.51085854,0.63068104,0.73643017,0.83134913,0.91567826,0.99200034,17
0.88023627,215.31585766,88.72455421,2.5,2.6,0.15579963,0.25857878,0.35669827,0.45368767,0.5452595,0.6313865,0.71318245,0.7910588,16
0.460414743118264,259.3670142094147,0.2978345042608041,2.833317993865826,2.9996447385204035,0.3258862495422363,0.6190693378448486,0.8475570678710938,1.038243055343628,1.1989696025848389,1.337942361831665,1.459262132644653,1.5668399333953855,8
0.93733339,62.5506603,362.54703033,2.36289689,2.75198118,0.22336435,0.36688638,0.48827028,0.59128976,0.680094,0.75753546,0.82447076,0.88354731,17
0.98712442,142.42909715,218.79845458,2.6,2.2,0.14527225,0.23798585,0.32812452,0.41331792,0.49339724,0.5684285,0.6390152,0.70553803,17
0.6620390247602057,2.266894488727363,31.169950932424467,2.01600693,2.351455,1.0474658012390137,3.2615761756896973,5.246941089630127,6.37152910232544,6.7479987144470215,6.806451320648193,6.821139812469482,6.8279242515563965,7
0.3366429,104.70439627,16.76380339,2.7,2.3,0.66128135,1.8315942,2.5979035,2.8783987,2.9759114,3.0448596,3.1056087,3.158909,22
0.90382748,38.96159106,42.92748468,2.3,2.2,0.41889238,0.91874886,1.2818723,1.5434098,1.7409267,1.9008112,2.0338635,2.1469169,19
0.68874431,40.28318047,103.24846284,2.0,2.79640003,0.53035855,1.35429811,1.8666172,2.11839151,2.26589966,2.37624836,2.46700239,2.54200602,20
0.46231265,148.8808671,211.76829346,2.4,2.4,0.26938677,0.45935702,0.5888448,0.69080615,0.77470493,0.84618783,0.9066191,0.96088696,17
0.90773642,249.08117564,86.89025703,2.7,2.1,0.12088418,0.20746684,0.28579497,0.3620808,0.43740654,0.51067924,0.5802815,0.6472359,2
0.34509902,85.25750066,200.51778102,2.55152432,2.13785639,0.42127872,0.93735886,1.19380379,1.25829697,1.29173899,1.32120728,1.34650207,1.36824036,21
0.5419816,82.30276486,12.0303672,2.3,2.3,0.49782395,1.1794724,1.5990896,1.8287208,1.9891913,2.1142976,2.2158124,2.3071697,18
0.5230595072394998,3.822771062724701,0.0199832061209253,2.7351288900772346,2.059258556076389,1.141338586807251,3.5447843074798584,5.77349853515625,7.183856964111328,7.733895301818848,7.933326721191406,8.081111907958984,8.198246002197266,12
0.7915037930432894,1.7153850399020372,2.622657168069716,2.9638197443235974,2.0636786953811384,1.1206464767456057,3.329601764678955,5.087407112121582,6.046331405639648,6.54373836517334,6.930303573608398,7.283689498901367,7.578895568847656,6
0.999802,300.0,399.70905027,2.0,2.0,0.04658771,0.0713377,0.09214807,0.09484529,0.10521746,0.11202168,0.11684346,0.12545633,11
0.90152222,166.80926514,94.6098938,2.3367157,2.75215101,0.18425059,0.31761074,0.44733691,0.57016039,0.68482399,0.79201841,0.89212298,0.98562241,16
0.67213012,142.75956654,224.38854999,2.34735022,2.6339972,0.21815228,0.35780859,0.48254037,0.59078908,0.68677521,0.77325583,0.85021257,0.92029262,17
0.84289824,248.13481424,142.8668872,2.3,2.5,0.11933279,0.18965173,0.25408697,0.315197,0.37499332,0.4334786,0.48875737,0.54187226,2
0.77513592,267.7922547,161.85393828,2.5,2.0,0.10698605,0.17127967,0.23116946,0.28598976,0.34051347,0.393389,0.44458818,0.49276066,2
0.55629371,258.04941158,220.26690976,2.4,2.9,0.15646291,0.2158134,0.2778561,0.33277297,0.38476825,0.43226433,0.47662497,0.51893497,3
0.35724389,276.47034046,175.49437856,2.44681714,2.29321863,0.18560696,0.25066948,0.31270099,0.36534405,0.41286278,0.45589066,0.49569893,0.53229666,3
0.4901176698358754,4.254211758944425,39.00357824224995,2.5990653,2.4352231,1.0809903144836426,3.386427640914917,5.603861808776856,6.997269630432129,7.475997924804687,7.509241104125977,7.51877498626709,7.524410247802734,7
0.8061684482068538,263.4457160433309,385.06899739291,2.1,2.9,0.0919044017791748,0.1314671039581298,0.1583223342895507,0.1875765323638916,0.2183248996734619,0.2483160495758056,0.2749803066253662,0.3014497756958008,11
0.59220839,183.54566429,25.81336218,2.9,2.5,0.31132698,0.59667754,0.8304062,1.028626,1.1979649,1.3433957,1.4712205,1.5833964,9
0.39684994,23.58991336,80.12895957,2.9,2.7,0.93704605,2.7965262,4.3543205,5.1604805,5.3811245,5.4309635,5.4413013,5.4460745,7
0.9749001,175.56988643,271.45830591,2.4,2.1,0.10325098,0.16292119,0.21778917,0.2659397,0.3146479,0.3620832,0.40703845,0.4495232,4
0.88713658,127.96456019,123.63258692,2.5,2.6,0.21307874,0.37196517,0.52350426,0.66068006,0.78570867,0.90005994,1.0047574,1.1011324,16
0.4349788928246351,4.087866413638968,0.3816302054497562,2.6009406427155524,2.633169171141886,1.2328357696533203,4.026658058166504,7.05247688293457,9.330405235290527,10.48915195465088,10.696518898010254,10.704107284545898,10.710915565490724,13
0.90665207,68.52348713,159.76640322,2.6,2.3,0.28154945,0.5385649,0.75470185,0.9370134,1.0925348,1.2247033,1.3386164,1.4370573,10
0.5490392,143.56002341,22.05798744,2.6,2.1,0.34496045,0.7063358,0.97527623,1.1799045,1.3427689,1.4768145,1.590133,1.690856,9
0.30633179,165.14117017,182.5613372,2.48392408,2.07599867,0.29340935,0.50165129,0.60865259,0.68258643,0.73844004,0.78560972,0.82357001,0.85611773,21
0.976877771384068,31.23209261882214,16.264258054806373,2.416543872546914,2.2295384714807565,0.4473047256469726,1.0044686794281006,1.4139268398284912,1.7093894481658936,1.934685468673706,2.118187189102173,2.2718207836151123,2.403465509414673,19
0.57005316,58.09991229,192.99846186,2.99273257,2.0,0.37341976,0.77813983,1.02003503,1.14631653,1.22751331,1.29141235,1.3414917,1.3829546,21
0.9014161142790352,118.2600846220261,0.0268526270835308,2.86230936024124,2.6437549408591487,0.2846753597259521,0.5406005382537842,0.7760004997253418,0.9869017601013184,1.1746046543121338,1.3429195880889893,1.4936106204986572,1.628692388534546,8
0.6582512130419527,5.421602414916268,0.004645334794156,2.59111717218972,2.8485240797263653,1.1460089683532717,3.5400564670562744,5.612636566162109,6.774062156677246,7.263994216918945,7.519601821899414,7.720524787902832,7.87746524810791,5
0.4375352253575288,2.283284438398677,0.0322694460893018,2.5499124266291924,2.2844416736073407,1.2115600109100342,3.95285701751709,6.930041313171387,9.281676292419434,10.629072189331056,10.728981971740724,10.73477840423584,10.73967170715332,12
0.490297793356668,86.88704082541119,0.023279392333014,2.8955690405108845,2.8110853551329003,0.6339864730834961,1.7133421897888184,2.4403061866760254,2.8000049591064453,3.000417232513428,3.151501178741455,3.26790714263916,3.376265048980713,22
0.40778616,14.7724638,48.42607117,2.28350043,2.24188638,0.94977117,2.74799657,4.10030556,4.68163013,4.81933212,4.8571434,4.86718655,4.87329578,23
0.68846498,74.21956358,341.6525039,2.4,2.3,0.23268318,0.3677647,0.46412706,0.5411174,0.6048331,0.65720606,0.70217776,0.7403772,17
0.82387994,165.26774741,131.41718286,2.80434889,2.67919706,0.20533705,0.34526825,0.48117208,0.60640693,0.72092724,0.82653189,0.92394209,1.01468492,17
0.85340006,189.65463401,322.4999538,2.9,2.1,0.12034965,0.18050456,0.2371602,0.2923162,0.34540296,0.3956244,0.44283915,0.4876063,4
0.611752102864435,29.21077848954966,14.727575184049453,2.1174925224696253,2.7183329914368093,0.7620010375976562,2.177924871444702,3.100998640060425,3.51751971244812,3.715566873550415,3.838964700698853,3.941040277481079,4.024648666381836,22
0.4518067572502388,11.507262244345808,23.407224420286504,2.60676694,2.54796958,1.051257848739624,3.231008291244507,5.133336067199707,6.181203842163086,6.5118513107299805,6.608409881591797,6.667994499206543,6.706833839416504,7
0.3,279.3451602,135.28625472,2.0,2.0,0.16725397,0.22289133,0.2751646,0.32005835,0.36045241,0.39644003,0.42946196,0.46033096,2
0.3014735684650597,0.948560290584778,0.0096389506990777,2.611147807447312,2.187073486044896,1.2329213619232178,4.088245391845703,7.349855422973633,10.255650520324709,12.093493461608888,12.150997161865234,12.156678199768066,12.161376953125,12
0.4574972,48.43320603,16.07690317,2.1,2.1,0.6852577,1.7953453,2.4395,2.6893566,2.812433,2.8895233,2.9496615,3.0112264,22
0.33094673,89.4068228,205.46913381,2.8,2.0,0.47922802,1.2223444,1.6762428,1.7793097,1.8017142,1.8235013,1.8427579,1.8603914,1
0.38403875,186.37601335,79.53687973,2.79352256,2.89327295,0.42164898,0.92785168,1.26554966,1.46315718,1.60479689,1.71590137,1.80627203,1.88628864,20
0.80199052,4.39115636,4.85770372,2.1738747,2.25684614,1.02750993,2.88093591,4.13018131,4.73678875,5.03836441,5.2348175,5.36118221,5.44426727,6
0.4660071935694173,0.9026871709300068,0.0100009178831399,2.012609032809444,2.1763287608735893,1.1817803382873535,3.9109115600585938,6.941254138946533,9.497045516967772,10.780902862548828,10.81926155090332,10.824010848999023,10.827861785888672,12
0.47725224,11.88668919,8.53036976,2.11983705,2.42653418,1.06347513,3.15102744,4.81104565,5.6294651,5.87399006,5.95946407,6.01146793,6.04343605,6
0.94439934,42.15697296,281.13426886,2.4,2.3,0.26828027,0.490211,0.66007376,0.7937083,0.90081453,0.98800707,1.0592623,1.1182132,10
0.99743783,295.60395448,397.91961306,2.0,2.0,0.04710579,0.07206511,0.09287047,0.09578729,0.10636115,0.11342382,0.11861753,0.12751293,11
0.3134967998203533,214.5343881232442,275.51105826042465,2.3,2.9,0.2709627151489258,0.4479954242706299,0.5463814735412598,0.624762773513794,0.6913671493530273,0.7485828399658203,0.7983911037445068,0.8427789211273193,17
0.34295399,281.9030801,287.32141031,2.2,2.5,0.13818479,0.15937352,0.18375015,0.19907594,0.21536279,0.23141003,0.24768949,0.2624619,11
0.92335763,142.26283708,364.33059317,2.8,2.3,0.13524103,0.19663143,0.25749636,0.31597924,0.37061572,0.42103362,0.46779108,0.51202416,4
0.96619106,195.7631326,366.91258418,2.76470539,2.54458044,0.13856339,0.15813684,0.19185209,0.23403025,0.27572036,0.3100965,0.34347582,0.37604046,4
0.68813031,296.25485021,214.10365909,2.9,2.6,0.14472508,0.2079339,0.26881027,0.33694625,0.39694166,0.45360875,0.50794506,0.5593121,3
0.56091893,183.87306213,396.37854004,2.56146049,2.11357999,0.11079335,0.13128614,0.14893103,0.15635848,0.16795444,0.17769122,0.18813467,0.19724298,11
0.5414905,206.39711789,194.60420523,2.83500874,2.08636525,0.1648891,0.23443532,0.3033011,0.3637476,0.41856909,0.46905494,0.515342,0.55818629,3
0.5586644733172523,1.0272929294847364,15.77663494010677,2.03818583,2.73434329,1.172133207321167,3.909388542175293,6.991108417510986,9.458341598510742,10.79452133178711,10.971912384033203,10.97465705871582,10.977140426635742,14
0.751773804081081,4.963135095628333,19.455635403685847,2.96718144,2.94138718,1.0955381393432615,3.3287606239318848,5.182807922363281,6.179039001464844,6.632962226867676,6.912025451660156,7.12966251373291,7.281604766845703,6
0.64971073,200.37882264,37.08998993,2.7,2.8,0.25819135,0.45904112,0.6395719,0.80042624,0.94373965,1.0735996,1.189951,1.2956042,9
0.8570411662289769,11.777962182693043,6.214435703711773,2.847280593517171,2.0591498761414404,0.7538957595825195,1.9510505199432373,2.7094194889068604,3.148752450942993,3.436251878738404,3.6460564136505127,3.811033964157105,3.943401575088501,22
0.83425107,155.65887358,95.79602308,2.6,2.0,0.17687964,0.3093803,0.4362359,0.5541558,0.6632736,0.7642193,0.85752153,0.944824,16
0.31270101,9.14987904,81.32124722,2.9,2.1,1.0073197,3.140917,5.1745386,6.533022,6.8476963,6.8486757,6.849098,6.849127,7
0.5745245867477248,19.01126285562021,0.0067104113975361,2.703769074795888,2.2197366187828247,0.8914206027984619,2.496415853500366,3.567943334579468,4.092230796813965,4.379900932312012,4.567584991455078,4.708736419677734,4.807925224304199,22
0.7031772552766984,2.303812066359751,0.149217017142862,2.69857714146509,2.1412502203007406,1.1382906436920166,3.446451425552368,5.399314880371094,6.482366561889648,6.98052978515625,7.290428161621094,7.544608116149902,7.757952690124512,5
0.61532029,172.79333321,199.89697673,2.1,2.3,0.15514088,0.23137403,0.3048098,0.37068534,0.43056536,0.4849732,0.5346534,0.5812323,3
0.86352801,176.03571715,112.06445385,2.8,2.4,0.18415666,0.31205916,0.437155,0.5556321,0.665673,0.768317,0.8642192,0.95413876,16
0.8377509096079945,179.03677548338604,0.1643148153267085,2.1259924563322743,2.937552262261072,0.2080092430114746,0.374403715133667,0.5359172821044922,0.6880323886871338,0.828819751739502,0.9596741199493408,1.0817387104034424,1.1944448947906494,15
0.3600773739028236,6.823531820759972,30.26057677420187,2.09023595,2.6747818,1.0864408016204834,3.5230872631073,6.027933120727539,7.799674987792969,8.52021598815918,8.556896209716797,8.558237075805664,8.559444427490234,14
0.72549468,143.37289798,281.60986496,2.2,2.8,0.15999484,0.22851825,0.29861522,0.3582108,0.41233468,0.46215367,0.5078902,0.5500791,4
0.47798359,166.80722424,212.07228884,2.4,2.4,0.23913383,0.38483548,0.4949391,0.5870929,0.66492486,0.7337699,0.7930391,0.84731555,17
0.35399585,107.01827543,281.53643774,2.5,2.5,0.36541677,0.733623,0.9208498,0.99189854,1.0353351,1.0728548,1.1029918,1.1287017,21
0.52771171,238.48823672,139.88166951,2.6607993,2.73164062,0.22368407,0.35742211,0.47825885,0.58488417,0.68039584,0.76725125,0.84644842,0.91902661,17
0.84184476,72.7500785,112.94474103,2.7,2.1,0.31233978,0.6249962,0.8805294,1.0915656,1.266252,1.4134514,1.5391753,1.6468959,10
0.954106035113628,232.4042947261261,0.0055465690651907,2.629919246265027,2.380623778670236,0.150979995727539,0.2581527233123779,0.3593673706054687,0.4606461524963379,0.558281660079956,0.6513850688934326,0.7407248020172119,0.8257007598876953,15
0.4478782834964546,212.09653743693104,0.004180843073907,2.4714708371455045,2.1819430041999914,0.2871899604797363,0.5390143394470215,0.7340648174285889,0.8929319381713867,1.02504563331604,1.1388485431671145,1.2379963397979736,1.3258943557739258,8
0.7282194299151711,9.760177804628304,0.3192220332070498,2.781868645973149,2.4343741348377352,0.9686319828033448,2.751969814300537,4.00319766998291,4.629159450531006,4.995449542999268,5.247992515563965,5.431029319763184,5.578465461730957,5
0.38900469,176.89217764,47.59915279,2.2,2.5,0.35059452,0.70467806,0.9357872,1.0901058,1.2055104,1.2997928,1.3787894,1.4461036,9
0.72790444,18.30728722,13.27989006,2.24076056,2.11907887,0.73963428,1.92122793,2.62572241,2.96515894,3.16811037,3.29884481,3.4043107,3.49194193,22
0.56006773,41.64519661,303.2931255,2.3,2.6,0.37915182,0.78627825,0.9949763,1.0607405,1.090446,1.1139007,1.1323888,1.1471474,21
0.4240998320065097,33.5193987346637,0.0120459130147068,2.440755899810499,2.5615680324727386,0.9197890758514404,2.7280397415161133,4.094239711761475,4.710393905639648,4.9472527503967285,5.073901176452637,5.155686378479004,5.215266704559326,5
0.57256871,155.12983704,85.38226318,2.42722178,2.01795912,0.22845221,0.39720225,0.53872418,0.6598897,0.76447058,0.85648012,0.9376452,1.01038313,16
0.85085132,140.36569083,347.13192644,2.9,2.6,0.1742816,0.25546002,0.33734345,0.41483736,0.48384452,0.5473411,0.60624456,0.66085935,4
0.30478424,195.20256984,91.43569916,2.7841323,2.18974994,0.35343456,0.69647646,0.89644432,1.01292014,1.09879279,1.16768885,1.22703791,1.27633333,10
0.3444466468355763,27.41317203183577,0.4398280762472607,2.857464814985246,2.6664527032959744,1.0539991855621338,3.232999086380005,5.124271392822266,6.1611175537109375,6.492067337036133,6.625734329223633,6.711148262023926,6.7758331298828125,5
0.7836396005912094,1.7827232331093243,0.0047023189693797,2.3176650250767543,2.0230064174921627,1.0969467163085938,3.258655071258545,4.944986820220947,5.849035263061523,6.303957939147949,6.615090370178223,6.858249664306641,7.041175842285156,5
0.39259981,166.53374101,48.46141438,2.3,2.2,0.36162162,0.74539375,0.9883919,1.1434104,1.2591398,1.3522954,1.4333391,1.5003583,9
0.3110603708364419,0.7263524983907654,0.0697222522642673,2.8576941308407675,2.703184947604816,1.3063256740570068,4.412036895751953,8.12009334564209,11.575345993041992,13.823859214782717,13.865654945373535,13.87159252166748,13.876585960388184,12
0.55432042,83.05918182,162.60355805,2.2,2.3,0.3505888,0.7108903,0.94208217,1.0884013,1.1922092,1.2738752,1.3408606,1.3958766,10
0.73159238,242.32006747,237.08525341,2.10783908,2.4359528,0.10879278,0.16407323,0.21608472,0.26136231,0.30635381,0.35013723,0.39203358,0.43172574,3
0.947311344684459,5.207772693235112,0.7362504331777026,2.3272742345829656,2.3787160397929434,0.908799171447754,2.49027156829834,3.5153937339782715,4.0543060302734375,4.381441116333008,4.615429401397705,4.7974162101745605,4.935113906860352,22
0.51105985,177.09369767,86.29225696,2.9,2.5,0.33461332,0.6581621,0.8981905,1.0882547,1.2415409,1.370956,1.4817185,1.576644,10
0.74726055,31.60828994,148.98429149,2.6,2.6,0.5281131,1.3105576,1.819505,2.0710623,2.2143419,2.3152626,2.3970616,2.4646256,20
0.72089722,250.26063806,394.30810085,2.15859615,2.65344897,0.09219217,0.12478781,0.15216374,0.17264056,0.19568658,0.21778703,0.23857188,0.25888968,11
0.750797886274605,1.6108416388489426,0.0044596531903656,2.186650697351096,2.8091253789487247,1.1944782733917236,3.823074817657471,6.344117641448975,7.887629985809326,8.571346282958984,8.843015670776367,8.998910903930664,9.124103546142578,12
0.65317876,87.52244192,368.73240084,2.70490449,2.95911568,0.29018116,0.50185728,0.64006829,0.74911833,0.83735681,0.91099095,0.97187901,1.02486229,17
0.88804417,96.34250813,20.04666136,2.6,2.3,0.28434086,0.5501418,0.78650856,0.9935849,1.1751025,1.3346856,1.4747634,1.59882,9
0.94044899,140.00028931,93.89573613,2.86707075,2.5124899,0.20586014,0.35877109,0.50707102,0.64518499,0.77249622,0.89022398,0.99924421,1.10041523,16
0.5050763369927536,18.17478608997963,0.8869113332496559,2.6283534169713105,2.7187465881675514,1.022247314453125,3.07823133468628,4.719664096832275,5.537101268768311,5.862679958343506,6.038222789764404,6.174355030059815,6.262718677520752,5
0.44530863,7.16563177,17.22154999,2.93376422,2.00713515,1.09751081,3.1910615,4.9316597,5.83976412,6.14758348,6.33231497,6.47191954,6.53117704,6
0.3717283,196.84242646,146.54040426,2.6,2.5,0.3189416,0.593771,0.76744723,0.8941095,0.99462867,1.0771508,1.1464398,1.2075326,10
0.5800188583431634,5.830272374380394,37.2045529329048,2.21074462,2.0003252,0.9414503574371338,2.7644104957580566,4.130134105682373,4.744637966156006,4.937089920043945,5.035970687866211,5.085593223571777,5.111388206481934,23
0.83973294,155.71084032,390.73615957,2.9,2.2,0.13492823,0.18956757,0.24389243,0.2959044,0.3451693,0.39044642,0.43222618,0.47159338,4
0.5954802493042247,3.9286081813765272,0.0146959144259928,2.476324628236196,2.823609393837413,1.199578046798706,3.8326358795166016,6.400136470794678,8.028648376464844,8.702320098876953,8.916051864624023,9.034770965576172,9.135799407958984,12
0.8604677606176545,35.28410403090776,341.56875609480574,2.0,2.0,0.217139720916748,0.3491666316986084,0.4390156269073486,0.5069122314453125,0.5594918727874756,0.6012277603149414,0.6345181465148926,0.6606404781341553,17
0.61873643,80.34536288,326.16911959,2.43460941,2.52404005,0.27561855,0.47281098,0.597296,0.69185805,0.76745105,0.82765841,0.87745571,0.91972709,17
0.95798349,7.68398597,88.53777096,2.22983582,2.24374637,0.66866231,1.72008705,2.35217905,2.65624285,2.81649303,2.91825914,2.9967432,3.05304909,23
0.96098822,107.18883323,17.2592459,2.11389395,2.4008519,0.21570873,0.40147829,0.57657576,0.73741674,0.88442588,1.0189805,1.14190054,1.25317311,15
0.66555812,75.59049471,249.47532585,2.7,2.3,0.32317972,0.6324773,0.8472018,1.0026312,1.1209891,1.2141457,1.2905962,1.3563728,10
0.814798930989647,1.840533892377907,3.926523275841313,2.286960878138857,2.847014088598556,1.1638669967651367,3.650165319442749,5.871484756469727,7.151700973510742,7.726099967956543,8.006637573242188,8.20722484588623,8.358631134033203,14
0.7131579685658207,242.31920181128345,302.8036150809125,2.10736752,2.24561548,0.0909256935119628,0.1291031837463379,0.1637213230133056,0.1885607242584228,0.21659517288208,0.2440550327301025,0.2710962295532226,0.2967498302459717,11
0.5018610765148845,4.729219633502107,99.14400079569708,2.9,2.1,0.8557825088500977,2.524591445922852,3.827437877655029,4.368656635284424,4.513739585876465,4.57309103012085,4.585366725921631,4.586233139038086,23
0.78514379,4.50631233,109.79065679,2.70434549,2.46720214,0.86320806,2.45345283,3.60476232,4.12618446,4.3131485,4.37356663,4.37955093,4.38036251,23
0.8964169338786409,214.83900705631024,362.3919562500743,2.00000737,2.00006453,0.0643324851989746,0.0932183265686035,0.1163485050201416,0.1269588470458984,0.1444649696350097,0.1599066257476806,0.1751227378845214,0.1904881000518798,11
0.4538883029973098,165.01730892351847,0.0851884574879376,2.2916261065443,2.817967433012589,0.4220998287200928,0.9669809341430664,1.33864426612854,1.5767216682434082,1.75276780128479,1.8933069705963133,2.010701894760132,2.1135356426239014,18
0.68415883,92.20815113,263.37796792,2.4,2.8,0.26060486,0.44740105,0.58625627,0.6993449,0.79300976,0.8733957,0.942137,1.0012352,17
0.56294926,204.20702959,166.67654481,2.8,2.2,0.21209168,0.3456478,0.46705604,0.5731118,0.6680634,0.75420904,0.8324225,0.90393543,17
0.62128904,22.88335481,357.31029591,2.3,2.4,0.37514043,0.77382064,0.9522917,0.9648547,0.96584964,0.9668062,0.96761155,0.9683397,21
0.99560858,178.4032249,283.60655904,2.65839971,2.52662318,0.1350131,0.19223309,0.25128603,0.31261969,0.3714447,0.42540646,0.47611618,0.52468586,4
0.88622798,178.3414309,143.81767877,2.2,2.7,0.14730692,0.23778391,0.32689285,0.41011906,0.48823547,0.5624995,0.63200545,0.6977267,17
0.886296751266028,2.910803346865652,0.0857219182280802,2.872005720497852,2.7440747966984302,1.117772102355957,3.301062822341919,4.980359077453613,5.87131404876709,6.363053321838379,6.735532760620117,7.043927192687988,7.2702131271362305,5
0.6095564085402609,23.39928555577165,17.272741259545285,2.520068806359319,2.0723263121332964,0.7515542507171631,2.022656917572021,2.810506820678711,3.2022347450256348,3.415048599243164,3.55173921585083,3.661935329437256,3.752089500427246,22
0.43222322,133.31286529,300.64460914,2.7,2.1,0.26849866,0.4535041,0.56514,0.650506,0.7193074,0.77865815,0.82718587,0.8686311,17
0.8206329,248.98061439,314.58394367,2.3,2.6,0.09661007,0.13694787,0.17043924,0.19545269,0.22254705,0.25056863,0.27740765,0.30276537,11
0.94127572,225.68487549,252.8759613,2.25131631,2.07104588,0.08519268,0.13143158,0.16969681,0.19984007,0.23611331,0.27147794,0.30432153,0.33589482,11
0.3891805099983363,3.869152135196633,0.0135302565891222,2.364365452756537,2.6173068303929226,1.221809148788452,4.034092903137207,7.158638000488281,9.641868591308594,10.8722562789917,10.93411922454834,10.937867164611816,10.941102981567385,12
0.98620382,212.91951298,316.84120832,2.1,2.6,0.08600593,0.12701225,0.15631866,0.17833233,0.20650601,0.23338413,0.25954962,0.28378773,11
0.3337440193421398,48.5220603281528,395.676343720239,2.4,2.6,0.3888397216796875,0.8629970550537109,1.087355375289917,1.0991559028625488,1.0999484062194824,1.1008050441741943,1.1017262935638428,1.1025497913360596,21
0.8947335935690719,9.68097512955215,0.1979416638603604,2.6731458344050707,2.666830398810813,0.8623082637786865,2.377426147460937,3.378756046295166,3.9229636192321777,4.251075267791748,4.486388206481934,4.670854091644287,4.818782806396484,22
0.30785679,158.6682825,143.48776044,2.7,2.5,0.43920183,1.0173457,1.3634486,1.4997635,1.5740104,1.6340718,1.6849189,1.7294426,0
0.36569121,60.5861702,70.72011566,2.05774283,2.35647941,0.65927672,1.79551768,2.48427176,2.69755769,2.75429654,2.79143405,2.8241508,2.85318255,0
0.4217888173737182,1.1655724288602574,1.7853867782765032,2.914521380805941,2.6599290568126897,1.287519931793213,4.29867696762085,7.800256252288818,10.922832489013672,12.88381576538086,12.945524215698242,12.951099395751951,12.955856323242188,13
0.8247812812121069,47.56744040042881,0.0300591166169169,2.48444879004899,2.537085513343867,0.4953892230987549,1.1579866409301758,1.625655174255371,1.9431915283203125,2.179023742675781,2.3683905601501465,2.5259909629821777,2.660820960998535,18
0.5736985923522959,2.2696771293094056,0.3496509033558488,2.411920072827453,2.4731443707268435,1.2043817043304443,3.8799197673797607,6.621067047119141,8.518445014953613,9.39394474029541,9.54814910888672,9.584004402160645,9.635977745056152,13
0.50953054,197.06877136,0.9712739,2.42207813,2.79638052,0.3319931,0.65613103,0.90530896,1.1064384,1.27179384,1.41154575,1.53295898,1.63822055,8
0.33295396,280.81500201,309.1134792,2.7,2.9,0.20416093,0.24950314,0.2923317,0.32859206,0.35994554,0.3894403,0.41636515,0.4415834,4
0.87561335,210.6534544,55.1551883,2.7,2.1,0.14859319,0.25791693,0.36152387,0.46224213,0.5584011,0.64959264,0.73645353,0.8187263,16
0.51829053,55.67855715,281.01501595,2.30880077,2.005,0.31312823,0.57257843,0.69768405,0.75665164,0.79570484,0.82495713,0.84755778,0.86881375,21
0.35714807,51.21504944,136.18424928,2.39829331,2.47117238,0.65020442,1.78202081,2.52191806,2.73844552,2.7650497,2.77847695,2.79146361,2.80385804,0
0.45480126,207.01721191,272.543396,2.29070687,2.9186492,0.21917009,0.33020854,0.41976428,0.49780464,0.56710601,0.62881422,0.68420506,0.73466468,17
0.5018714177350463,42.092501074426,215.726049109318,2.1777404450042943,2.822853647884819,0.5353507995605469,1.4523937702178955,2.050335645675659,2.242675542831421,2.2836930751800537,2.3110191822052,2.3356735706329346,2.3576900959014893,1
0.72947693,292.30218506,283.46121216,2.10575175,2.78634119,0.09726024,0.14478827,0.18448281,0.22168994,0.25925851,0.29560447,0.3305378,0.36399817,4
0.3620581414917832,27.93173633033589,21.80700698815353,2.12395453,2.99844694,0.9659936428070068,3.0363705158233643,4.870504379272461,5.859419822692871,6.111566543579102,6.160093307495117,6.188104629516602,6.208269119262695,7
0.4033446565556275,11.42543227779162,11.470575186046432,2.09594631,2.28785586,1.0397565364837646,3.215345621109009,5.131473541259766,6.2061872482299805,6.519382476806641,6.5710859298706055,6.597027778625488,6.613799095153809,6
0.3645463100492219,10.899133326152445,16.354445377195596,2.19243526,2.21214151,1.0459935665130615,3.24489974975586,5.247330665588379,6.425286769866943,6.766875743865967,6.80734395980835,6.824350833892822,6.835877895355225,6
0.35144281,96.51683044,383.66079712,2.25234556,2.3026557,0.25266433,0.35691738,0.38579822,0.40816998,0.42716789,0.44368577,0.45809841,0.47118425,21
0.57406751,261.09357535,8.64315784,2.9,2.7,0.25261354,0.43610382,0.6041322,0.7549639,0.89061,1.0142021,1.1261861,1.2286901,15
0.96842065,145.18946678,74.29832419,2.7,2.9,0.21713996,0.3793676,0.53821206,0.6882963,0.8260324,0.9539435,1.0725474,1.1831012,16
0.78804198,294.75064651,29.83842941,2.4,2.4,0.12980866,0.21512914,0.2942071,0.3707142,0.44550633,0.5176377,0.5868387,0.6524935,2
0.59119912,113.18290815,347.67679983,2.3,2.5,0.19349146,0.26372337,0.32349563,0.37213755,0.4142685,0.4517901,0.48518395,0.5151415,4
0.98821613,283.58081695,52.36005425,2.9,2.4,0.13523054,0.22012448,0.29242992,0.37764573,0.46142817,0.53903747,0.6140959,0.68651986,2
0.72767621,33.51417604,326.70774019,2.4,2.4,0.34605026,0.68915653,0.8850641,0.9795332,1.0329535,1.0711308,1.0991914,1.1208749,21
0.9750969094535716,1.0862646557603883,1.4320809982084657,2.3366034,2.15660334,1.0919814109802246,3.1658477783203125,4.669305324554443,5.475192070007324,5.956047058105469,6.316769599914551,6.609532356262207,6.813018798828125,5
0.6819704415842232,7.402307416288064,0.0041076083616427,2.1845194304289213,2.874025417217211,1.055227756500244,3.2318835258483887,5.005998611450195,5.910186290740967,6.2757649421691895,6.474685192108154,6.614847660064697,6.7225022315979,5
0.6089536,27.43769264,386.04351807,2.4620564,2.0117774,0.2872889,0.46237946,0.50069809,0.50820875,0.51533127,0.52195764,0.52741575,0.5319531,21
0.74121535,273.69000466,94.80428203,2.2,2.5,0.1253488,0.19822574,0.26681447,0.33198833,0.3952341,0.45650196,0.5137608,0.56918716,2
0.41113221,185.18405205,137.01566456,2.7,2.4,0.32553887,0.62583256,0.82484174,0.97083783,1.0863214,1.1800613,1.26068,1.3303964,10
0.4904898124410159,0.9706203213568482,0.8992168217116139,2.318208507387441,2.343944304665875,1.2231988906860352,4.048182487487793,7.224857330322266,9.89621639251709,11.420150756835938,11.471152305603027,11.477596282958984,11.483036041259766,13
0.68161033,61.53955925,144.81864161,2.3,2.6,0.3838396,0.81808496,1.1148009,1.3082826,1.446605,1.5585506,1.6467459,1.7182419,10
0.60882151,294.81473788,27.77544603,2.7,2.8,0.19828558,0.31979012,0.44003844,0.55311346,0.65652347,0.7526846,0.84278464,0.9268539,15
0.71839544,125.34482005,324.55218026,2.56113083,2.85098547,0.21845746,0.33955336,0.44598174,0.53911376,0.62071967,0.69400358,0.7600491,0.81933165,17
0.82400566,20.15757751,5.58585644,2.40338063,2.14396143,0.6573441,1.63395619,2.23243976,2.5672648,2.78839231,2.95472884,3.08400893,3.20235753,18
0.38361397,298.88174438,177.32493591,2.59971523,2.0687418,0.14318275,0.18357778,0.22515631,0.25985742,0.29351854,0.32506561,0.35464692,0.38275075,3
0.59479183,1.24224818,25.62742615,2.0971849,2.33047605,1.15289402,3.5733273,5.96777248,7.49988365,8.06879616,8.22044182,8.24955273,8.2500782,14
0.674683160662918,2.801133307351824,0.0065991501860378,2.640276307893052,2.663677715173499,1.1983819007873535,3.753577709197998,6.121385097503662,7.53212308883667,8.136344909667969,8.408245086669922,8.610441207885742,8.78502082824707,12
0.69823809,290.15005498,66.30964507,2.0,2.7,0.12103987,0.18934798,0.25185537,0.312639,0.3732109,0.43058562,0.4851234,0.5366862,2
0.34561883,221.51596176,319.14068702,2.2,2.1,0.14339542,0.16350484,0.18533397,0.20253897,0.22039056,0.23559093,0.25044084,0.26427937,11
0.6973434,141.11893874,289.05967965,2.3,2.6,0.16679168,0.23757005,0.30859184,0.36965728,0.42458653,0.47482967,0.52081704,0.5628116,4
0.98565823,151.25130074,169.11657212,2.92511887,2.90723838,0.19876361,0.32725739,0.45769835,0.58211923,0.69654584,0.80341101,0.90390706,0.99783421,17
0.53757945,99.08877849,101.31180006,2.8,2.9,0.46885562,1.0930531,1.5178757,1.764853,1.925622,2.0526443,2.1557226,2.2426853,20
0.411396459785231,76.76134818973858,331.393641274399,2.48207903,2.04801846,0.2657258510589599,0.4225392341613769,0.4825279712677002,0.5212662220001221,0.5517973899841309,0.5765864849090576,0.5976552963256836,0.6158468723297119,21
0.4180543267080296,15.448662117175568,13.429182227699751,2.76442242,2.1426003,0.9951419830322266,2.949282646179199,4.491247653961182,5.236222267150879,5.511544227600098,5.665534973144531,5.781105995178223,5.846124649047852,6
0.9689369551553114,1.5445188000490646,86.35823584316628,2.712397668360779,2.5340040218890056,0.9284627437591552,2.744009256362915,4.137530326843262,4.807988166809082,5.078186988830566,5.21695613861084,5.269545555114746,5.283347129821777,7
0.44095605,36.30658509,203.81594837,2.54686742,2.00594026,0.49612093,1.19843149,1.55929804,1.61661005,1.62429619,1.63222504,1.63947153,1.64615679,1
0.51218865,85.17707523,221.29726307,2.67028023,2.22242635,0.33551931,0.64915729,0.83732677,0.95181847,1.0329721,1.09673643,1.14749813,1.19117594,21
0.86687698,149.71358205,280.93735749,2.1,2.6,0.1219914,0.175874,0.22738314,0.27399516,0.31919527,0.36137128,0.40093875,0.4377923,4
0.69104702,155.07587905,349.29307267,2.1,2.9,0.12810397,0.16235328,0.19700885,0.22268724,0.24787593,0.27360892,0.29611444,0.31757236,11
0.55884661,72.90842332,136.29984364,2.7,2.2,0.45840573,1.0949183,1.5006979,1.702946,1.8308783,1.9267712,2.0044103,2.0716658,20
0.31352635,146.96263628,266.65693596,2.18356606,2.0210262,0.23101258,0.32345915,0.37144351,0.4102385,0.44299197,0.47059941,0.4957478,0.51698375,4
0.4750728343709274,141.53261984925462,63.09151743518632,2.964234662548399,2.20823007029264,0.3562479019165039,0.7427637577056885,1.010636806488037,1.1970577239990234,1.3401703834533691,1.456187725067139,1.5516633987426758,1.636587619781494,10
0.46477457,211.99423666,315.99267237,2.4,2.6,0.1656642,0.20797586,0.2514279,0.28632927,0.32001805,0.35111403,0.379328,0.4059553,4
0.94627166,250.69485474,392.78448486,2.01479697,2.64198446,0.07392144,0.11102891,0.14050961,0.16040468,0.18342257,0.20608878,0.22916412,0.2519927,11
0.5628810269848821,3.595213895109404,60.3901710029571,2.6,2.5,1.0268046855926514,3.186608076095581,5.15120792388916,6.311922073364258,6.658141136169434,6.691671371459961,6.709084510803223,6.713921546936035,7
0.67480898,2.56059217,34.28531647,2.18147874,2.3373456,1.08103776,3.22293043,5.0058198,5.93972254,6.20838404,6.2894721,6.32458735,6.33576632,7
0.63127587,77.50698703,356.58183365,2.4,2.1,0.22413468,0.34087873,0.42103696,0.48508286,0.5381956,0.5826304,0.62140536,0.6539242,17
0.980036033819144,34.269708440345816,0.0084018835920177,2.166468560665741,2.7403477437462147,0.4722752571105957,1.0809276103973389,1.5278279781341553,1.8532912731170648,2.103217840194702,2.307206869125366,2.4779393672943115,2.6244728565216064,18
0.8815127,13.07638264,255.7033844,2.0118773,2.32477331,0.44357634,1.04129839,1.37835264,1.48668957,1.51435947,1.52824378,1.53867936,1.54684186,1
0.8147046284727999,41.754193614372575,0.2453657974362337,2.563861362188721,2.014760908382226,0.4625701904296875,1.0625481605529783,1.4819366931915283,1.764587640762329,1.975122213363648,2.1445682048797607,2.286241292953491,2.4096271991729736,18
0.52192192,273.72776467,190.84343119,2.9,2.9,0.20981932,0.30642033,0.40423965,0.49112463,0.56929636,0.6420944,0.70916677,0.7716534,17
0.51392674,217.60507202,121.69076538,2.26503992,2.09829807,0.17222834,0.26470709,0.35208178,0.42909098,0.49848986,0.56198263,0.61953259,0.67231727,16
0.3864758972627741,7.284412388351854,0.5536463032624807,2.2878326746401134,2.358425575631806,1.1458351612091064,3.662230253219605,6.180612564086914,7.916378974914551,8.647196769714355,8.731858253479004,8.744688034057617,8.76113510131836,13
0.64692125,161.06307419,241.32151264,2.0,2.0,0.12668467,0.18402433,0.23719907,0.2871387,0.33262229,0.37457037,0.4125042,0.44811511,3
0.85410625,143.25091553,396.57775879,2.16342068,2.05158162,0.08365393,0.11147141,0.13052678,0.14101887,0.15766644,0.17213464,0.1847713,0.1972537,11
0.68196498,138.5479949,298.88006645,2.6,2.3,0.18429017,0.27662468,0.36376095,0.43942738,0.5068619,0.5682478,0.62363935,0.67368865,17
0.87681436,19.05928696,271.86219655,2.7,2.7,0.4696219,1.116328,1.5448358,1.7388365,1.8274281,1.8774269,1.9130809,1.9408114,1
0.469622,287.35425356,193.62445269,2.8,2.7,0.19659448,0.28022194,0.36225247,0.43663096,0.50349164,0.5648446,0.62167287,0.674623,3
0.73607423,154.4705548,371.42617224,2.4,2.2,0.12516785,0.1651597,0.20745993,0.24188352,0.27468848,0.3056414,0.3350551,0.36208153,4
0.9013803981538118,1.030900817599774,0.0198178864240212,2.0109761534597235,2.6246326262195208,1.1536672115325928,3.617738723754883,5.769382476806641,6.993337154388428,7.56126070022583,7.864789485931396,8.07794189453125,8.235433578491211,5
0.56504079,138.14629233,251.53316972,2.6,2.7,0.25937796,0.433141,0.5610745,0.6683116,0.7598598,0.83812547,0.90677357,0.96634007,17
0.83994564,54.15343315,195.1037188,2.8,2.5,0.36359453,0.75816226,1.0516031,1.2695758,1.436306,1.5699325,1.6780872,1.7692356,10
0.40708466,73.97760767,228.20992694,2.3,2.1,0.3943572,0.85660577,1.0958612,1.168894,1.2086377,1.2405682,1.2678208,1.2909658,21
0.5336152536838885,53.51774340692881,231.2929777806978,2.307452392731783,2.543225583278911,0.4391248226165771,1.0489399433135986,1.417365312576294,1.5608148574829102,1.6313138008117676,1.6842432022094729,1.7271413803100586,1.7633585929870603,1
0.6384435,200.65535805,231.27986898,2.4,2.9,0.17148209,0.24898243,0.32773829,0.39704323,0.4613843,0.5198245,0.5741496,0.62485623,3
0.99782007,132.03656293,93.96574933,2.6,2.4,0.18872714,0.33193827,0.47126436,0.6019263,0.7230933,0.83677626,0.9417503,1.0402224,16
0.44846497,228.24097609,7.38659536,2.9,2.7,0.35401917,0.7056639,0.96530247,1.1676626,1.3314216,1.4681432,1.5863059,1.6897295,9
0.83878547,16.76128769,129.46424866,2.12741804,2.86407924,0.6145997,1.64744377,2.30467296,2.6014111,2.74740481,2.83866763,2.91000438,2.97012734,23
0.59773712,213.86797792,127.81698089,2.2,2.9,0.18348122,0.28635478,0.38639235,0.47415304,0.55486584,0.62892175,0.697139,0.7601621,17
0.3085413008285997,13.41884642648902,44.12056211937765,2.8,2.6,1.051835536956787,3.29439115524292,5.440129280090332,6.812749862670898,7.23654842376709,7.254924774169922,7.266243934631348,7.272759437561035,7
0.4711010062977714,10.520803938583583,0.6167546309771677,2.8375323832025203,2.646372774605425,1.1389245986938477,3.535376787185669,5.713428497314453,6.97409725189209,7.438319206237793,7.613512992858887,7.7460126876831055,7.856782913208008,5
0.3935681373747015,38.27088075077553,0.0981957066807094,2.753096744522225,2.526023674112348,0.9176506996154784,2.705162525177002,4.050776958465576,4.679855823516846,4.937271118164063,5.07002067565918,5.169322967529297,5.237410545349121,5
0.46799891,217.72961244,176.08160604,2.0,2.8,0.16953921,0.23830867,0.30573702,0.3640983,0.41625357,0.46380424,0.5077543,0.5483372,3
0.8705390489280878,12.194086210251497,7.289648899646455,2.449935108358037,2.7395109553092736,0.8109719753265381,2.2393932342529297,3.1703200340271,3.6588711738586426,3.945633411407471,4.151239395141602,4.313761234283447,4.449586868286133,22
0.70477995,4.48088244,62.13577901,2.94254853,2.69676798,1.00629783,3.04289436,4.74085474,5.62178707,5.94369125,6.10755157,6.20676517,6.25293159,7
0.7770965356457307,3.991963968162993,0.0039528190369321,2.207410772858261,2.5236571043832603,1.0673859119415283,3.184772491455078,4.796445846557617,5.605574607849121,5.994711399078369,6.236790180206299,6.4216790199279785,6.560452938079834,5
0.99109462,192.03847838,245.56597202,2.30318688,2.44640996,0.11133623,0.17682648,0.2361517,0.29168582,0.34693646,0.39996171,0.45100141,0.49885392,3
0.88780302,22.0846138,387.16427612,2.4319694,2.08215928,0.25600219,0.40720606,0.47475624,0.51281261,0.53646159,0.55326295,0.56500721,0.57436466,21
0.57474713,119.76118618,288.02061847,2.8,2.8,0.28819323,0.4993472,0.64399815,0.76055026,0.8571074,0.9390192,1.0085931,1.0692484,17
0.8527388,261.39228942,377.92928087,2.3,2.9,0.11451459,0.12456679,0.14764428,0.16088986,0.18480039,0.20370626,0.21567035,0.23347402,11
0.9324541939783696,2.4496329436201068,0.024458341840393,2.1509408473561,2.1323236504650094,1.0063495635986328,2.8158323764801025,4.0259294509887695,4.6464433670043945,5.025343894958496,5.297245979309082,5.493864059448242,5.647411346435547,5
0.5293115037319696,61.4732764245308,17.57281308565352,2.5292264124239545,2.3117503018272254,0.6041250228881836,1.5785861015319824,2.1798038482666016,2.470846176147461,2.6473159790039062,2.774707317352295,2.884255886077881,2.975508213043213,19
0.9647591246482526,2.1835230935442627,0.0403766318371777,2.5991333662804323,2.856744567862972,1.1144070625305176,3.3072621822357178,4.99995231628418,5.903853416442871,6.392221450805664,6.742864608764648,7.030462265014648,7.245318412780762,5
0.5936738369826021,2.529406967134089,5.398602767814031,2.68551588,2.59823728,1.2097110748291016,3.8547871112823486,6.509368896484375,8.286155700683594,9.029539108276367,9.203205108642578,9.28968906402588,9.39341926574707,14
0.51975303,285.69596891,106.34226285,2.23763186,2.55750214,0.16572523,0.25226164,0.33817101,0.4162972,0.48796797,0.55489373,0.6172657,0.67593932,2
0.64641607,18.58026886,38.91440964,2.33073425,2.21583056,0.77645969,2.08344936,2.89633369,3.25343418,3.43450737,3.52985334,3.60122824,3.66772938,23
0.3,300.0,151.74654598,2.0,2.0,0.1444118,0.18341637,0.22058702,0.25491214,0.28745985,0.31627703,0.34333277,0.36831689,2
0.629365853593488,1.785550249349518,0.0381862547074194,2.751834995095624,2.8815069742757258,1.2704463005065918,4.13473653793335,7.176353454589844,9.329632759094238,10.375086784362791,10.616859436035156,10.659955978393556,10.731389045715332,12
0.3449491,19.34469414,48.26027679,2.09774423,2.03214955,0.89057517,2.5348742,3.68973804,4.11914539,4.20383453,4.22551918,4.23462677,4.24178123,23
0.9001711,5.65636826,16.54782295,2.6540482,2.91984534,0.99497724,2.83506823,4.16470337,4.84739971,5.20103788,5.43395472,5.59400606,5.71572065,6
0.82612163,73.43621826,94.38833618,2.32049179,2.03818655,0.26942873,0.51464462,0.71666551,0.88562346,1.02662039,1.14574885,1.24766016,1.33669472,10
0.9064154563523036,6.367334498336176,20.66238164571209,2.30759239,2.42438602,0.8615128993988037,2.370943546295166,3.3507394790649414,3.845430374145508,4.130237579345703,4.323899269104004,4.469741344451904,4.578218460083008,23
0.77326868,151.38978589,72.34329171,2.6,2.6,0.2389667,0.4264729,0.59948754,0.75451803,0.8942237,1.0208712,1.1353314,1.239147,16
0.8466345514834364,7.693748321232495,0.0056165440480369,2.9078937407796626,2.946582285531224,0.9960455894470216,2.8939781188964844,4.28495979309082,5.021566390991211,5.429259777069092,5.719804286956787,5.936107158660889,6.101904392242432,5
0.48265663,138.67538452,112.14784241,2.0,2.0,0.26096487,0.46694732,0.61683631,0.73432279,0.82960534,0.90839124,0.97744417,1.03498697,16
0.31903354,187.38206427,367.5772652,2.09910747,2.22587559,0.153476,0.16651583,0.18100142,0.19130087,0.20252156,0.21292663,0.22243857,0.23031569,11
0.32463726,81.47324871,262.76965352,2.9,2.3,0.4828341,1.2191002,1.6872594,1.7920039,1.8012507,1.8121293,1.8225386,1.8324716,1
0.36271401,80.44969255,235.60292323,2.1,2.4,0.37155628,0.76134396,0.9409113,0.98953605,1.019877,1.0454214,1.0679111,1.0873327,21
0.7443881009311607,1.256174468809298,0.0052513261559648,2.825070946211898,2.1661817170901343,1.1753246784210205,3.6290957927703857,5.848182678222656,7.190359115600586,7.792099952697754,8.084004402160645,8.319297790527344,8.528631210327148,12
0.5439657555220438,155.8515229435464,0.0597064265658913,2.352921274396293,2.6215453104958986,0.3564667701721191,0.7401649951934814,1.0273640155792236,1.2478744983673096,1.4237196445465088,1.5720515251159668,1.697995662689209,1.805863380432129,8
0.98598039,130.10905457,191.0504303,2.7762785,2.82950687,0.20285177,0.33891201,0.47337365,0.59997272,0.71514106,0.82266641,0.92173457,1.0142777,17
0.94807875,278.24639893,228.9274292,2.03924036,2.55832624,0.08206677,0.13528466,0.18118763,0.21738267,0.25670266,0.29649901,0.33627772,0.37434435,3
0.88021621,283.46675784,49.59974062,2.46639399,2.6829155,0.13457084,0.22454071,0.30351877,0.3868854,0.46862745,0.54541564,0.61830688,0.68892241,2
0.79870451,252.45760175,143.86155699,2.7,2.2,0.13171577,0.21244884,0.28779626,0.3613119,0.4327147,0.5004468,0.5641854,0.62572,2
0.41143625,33.61654588,133.82431153,2.3,2.8,0.6831095,1.8541737,2.623351,2.888658,2.9437113,2.9567895,2.96906,2.980722,0
0.4220331294811874,31.19722942028686,95.0580908727513,2.502978064079548,2.282199617647607,0.7222244739532471,2.044301986694336,2.929433822631836,3.276658058166504,3.386047840118408,3.4249067306518555,3.452110290527344,3.476618766784668,23
0.50878098,271.54449673,386.90753888,2.6,2.4,0.11636162,0.14048266,0.16174603,0.17931843,0.2001822,0.21782732,0.23235536,0.24857402,11
0.34266531,168.786026,203.32395935,2.05935335,2.56306696,0.30925345,0.57563329,0.73079729,0.83035159,0.90541959,0.96593547,1.01841736,1.06246281,21
0.81926464,40.67997862,251.28635655,2.4,2.7,0.34949827,0.7096062,0.9557154,1.1171227,1.2313919,1.3167088,1.3834507,1.4384921,10
0.37070085,155.69166912,73.00167355,2.8,2.6,0.4683385,1.1137877,1.5307176,1.73051,1.8533366,1.9513476,2.0307133,2.0975258,20
0.3023704847990485,121.5040839438745,0.0788059301527378,2.3559241325501183,2.425444760767488,0.6162869930267334,1.679008960723877,2.3344974517822266,2.582317352294922,2.6882057189941406,2.770376205444336,2.839535713195801,2.900596141815185,0
0.3015949678890454,1.794017725952037,0.0036005975774138,2.02583723636093,2.5659386479637347,1.2223877906799316,4.151517868041992,7.60419225692749,10.775793075561523,12.815174102783203,12.861541748046877,12.868555068969728,12.874588012695312,12
1.0,162.66981858,400.0,2.0,2.0,0.06605124,0.0947783,0.11430883,0.12355161,0.13884568,0.15185618,0.16393924,0.17678356,11
0.59572649,18.25681305,27.37893295,2.13123369,2.80964756,0.8950069,2.61244559,3.85698009,4.40955544,4.59667301,4.68406773,4.74550343,4.79652691,23
0.31264633,197.01664734,397.52313232,2.32680416,2.97598481,0.23283315,0.31385207,0.35270715,0.38766336,0.41859651,0.44601727,0.47094584,0.49427366,4
0.400268544286703,4.622532328303043,0.052995776599859,2.2932340058569505,2.815572597710342,1.222893238067627,4.058601379394531,7.230386734008789,9.711905479431152,10.9631986618042,11.064695358276367,11.070294380187988,11.075170516967772,12
0.35215427,79.48442072,214.98175252,2.7,2.2,0.49238706,1.2512853,1.7138836,1.8210368,1.8425264,1.8630047,1.8823776,1.8998876,1
0.8154626465200715,1.547874528317987,0.0821639016799826,2.3726854849893977,2.088269207766942,1.112340211868286,3.3130719661712646,5.048357009887695,5.985508918762207,6.461186408996582,6.792011260986328,7.056340217590332,7.259161949157715,5
0.5282094,109.46853149,84.49615611,2.1,2.4,0.34169984,0.6887753,0.9260433,1.0904725,1.2148907,1.3149533,1.3981767,1.4684031,10
0.73985369,71.86290672,105.22695563,2.0,2.0,0.28609371,0.55453324,0.76036096,0.92309856,1.05381441,1.16187906,1.2530036,1.32947755,10
0.40486597,280.58519572,92.60186418,2.5,2.7,0.23812962,0.380054,0.49686742,0.5976465,0.6869023,0.7673123,0.8390932,0.90474653,16
0.31345275,63.52858745,136.87948696,2.39219283,2.34933119,0.61125135,1.6315968,2.26162887,2.41505027,2.43186164,2.44525599,2.45844245,2.47117543,0
0.67299291,133.55664491,51.26825908,2.1,2.9,0.25838685,0.48033404,0.66713977,0.8276243,0.9659641,1.0871108,1.1922379,1.2846117,9
0.72017533,243.08180715,235.47795267,2.1,2.6,0.10536408,0.1512363,0.19107628,0.22560692,0.2619915,0.2969432,0.3306589,0.36210728,3
1.0,54.52777603,400.0,2.0,2.0,0.12633705,0.16427445,0.19852233,0.22744727,0.25495839,0.27945018,0.2997148,0.31752014,11
0.63458602,163.32079409,389.19908787,2.4,2.8,0.14789152,0.18386245,0.22126865,0.25134063,0.2813406,0.3075056,0.33122754,0.3546071,4
0.8697833701201495,0.9575647157604252,0.0032088444442276,2.294867906205593,2.485490235938465,1.1787166595458984,3.671430349349976,5.864619255065918,7.134529113769531,7.746515274047852,8.065302848815918,8.313511848449707,8.509464263916016,12
0.690326715205302,14.38409352358816,0.4268204563678963,2.9419163097511243,2.651651980403315,0.9428772926330566,2.7015109062194824,3.949954032897949,4.583346366882324,4.936581611633301,5.175896644592285,5.350274085998535,5.491533279418945,5
0.68351618,291.54363587,7.48353208,2.3,2.6,0.14950871,0.24370933,0.33498573,0.42140603,0.50381446,0.5818832,0.65648556,0.7270012,15
0.3,124.65219078,115.31566333,2.0,2.0,0.39890146,0.87284613,1.09821463,1.17392325,1.22611189,1.26852417,1.30509305,1.33738923,21
0.88816458,31.34541903,355.42030485,2.3,2.9,0.28462672,0.5023761,0.6314924,0.717052,0.77678704,0.82137394,0.85474086,0.8806267,21
0.398044963953006,1.2079212210386203,0.0047065075575479,2.267468379489096,2.417943025068243,1.2307631969451904,4.10383415222168,7.418641090393066,10.361900329589844,12.04759407043457,12.070306777954102,12.077825546264648,12.083882331848145,12
0.30215398,58.26001337,390.58620073,2.44650633,2.11627368,0.29527211,0.45661497,0.46772099,0.47132087,0.47446299,0.47740912,0.48036695,0.4830749,21
0.8409368285652311,1.897884901180889,0.0202351147887682,2.8531393702423675,2.043190496670113,1.08494234085083,3.127936124801636,4.62425708770752,5.424912452697754,5.931763648986816,6.35205078125,6.710543632507324,6.960454940795898,5
0.77618983,71.03183232,17.21206748,2.8,2.5,0.44197702,0.98808646,1.3923895,1.6858845,1.9104357,2.091298,2.241839,2.371046,19
0.4162598348248723,118.94372502091495,0.0121449257475801,2.9076113855879693,2.9958763156238395,0.613196849822998,1.660633563995361,2.382215976715088,2.727202892303467,2.90773868560791,3.043858051300049,3.151652812957764,3.244154453277588,22
0.41876045,102.52526548,167.04019922,2.4,2.8,0.42388988,0.94557047,1.2544022,1.3940153,1.48071,1.5475469,1.6042609,1.6516862,20
0.7339097097901844,15.310191992173806,6.266842892107644,2.1845848163224906,2.0396192832480047,0.7536046504974365,1.975204944610596,2.709188461303711,3.081123352050781,3.3039321899414062,3.4594106674194336,3.578461170196533,3.6781997680664062,22
0.6805854931489926,0.8778931049358649,6.620373430127421,2.6344876799102,2.572087393580756,1.2359724044799805,4.01839017868042,6.979472637176514,9.132715225219728,10.20827293395996,10.466569900512695,10.47727394104004,10.48505401611328,14
0.6932189704754321,0.91418402960917,0.0158240814735487,2.3809545436936856,2.038644512685257,1.1622557640075684,3.6707780361175537,6.110069274902344,7.751001358032227,8.52966022491455,8.691792488098145,8.747743606567383,8.831493377685547,12
0.86188147,69.12774415,60.37970092,2.0,2.6,0.29199314,0.57683134,0.81290364,1.0094776,1.1730978,1.3113043,1.4312451,1.5347073,10
0.33064834,201.07485043,382.00990113,2.7,2.4,0.20955658,0.26122332,0.29432607,0.32253623,0.3493998,0.37272525,0.39386916,0.41342616,4
0.3077590363899855,9.067228301717115,0.9902178703303794,2.5945584846325627,2.28819592000541,1.1590864658355713,3.703401803970337,6.333949089050293,8.199869155883789,9.093594551086426,9.211861610412598,9.214777946472168,9.217694282531738,13
0.4440331498776513,2.2418510851772284,1.5812650842084242,2.404825039661148,2.9058946585270924,1.2593891620635986,4.214651107788086,7.642655372619629,10.51429843902588,12.145970344543455,12.245238304138184,12.252107620239258,12.258159637451172,13
0.8088369045546294,283.18532354167905,373.7555352925712,2.00547469,2.02975463,0.0544307231903076,0.0792033672332763,0.100801944732666,0.1039130687713623,0.1157777309417724,0.1248950958251953,0.1337647438049316,0.143496036529541,11
0.988402892506916,18.486945858362983,0.0121424412520573,2.5694435835605094,2.052578956920292,0.543973445892334,1.2883362770080566,1.7937967777252195,2.1247174739837646,2.364802598953247,2.5576984882354736,2.7167208194732666,2.8522751331329346,18
0.93585713,165.93334933,389.1972944,2.9,2.3,0.12185955,0.17503715,0.22258544,0.27354407,0.32184386,0.36573482,0.4067924,0.44643092,4
0.93728348,220.03981878,239.26550871,2.9,2.0,0.10866141,0.17644644,0.23665357,0.2965219,0.35556483,0.4120679,0.4665792,0.51855636,3
0.8037836043383282,1.0555622740747592,0.9174154284757842,2.549615036238181,2.6092959418265487,1.2173376083374023,3.856616497039795,6.348560333251953,7.883222579956055,8.585454940795898,8.893202781677246,9.115772247314451,9.303187370300291,13
0.80059395,199.55699012,328.82064725,2.6,2.5,0.12829971,0.17945337,0.22753477,0.27668476,0.32316732,0.36544037,0.40481186,0.44282913,4
0.68067005,26.81586145,9.91648397,2.83721211,2.63590133,0.77434564,2.14484906,3.05928588,3.52600598,3.78945136,3.97329402,4.11301613,4.23207188,22
0.5883545075308312,0.9536698647694574,1.921042110011122,2.5895965550267106,2.8457206362326835,1.277369260787964,4.252242088317871,7.649159431457519,10.422921180725098,11.995946884155272,12.073344230651855,12.082330703735352,12.089933395385742,13
0.95197344,276.71005249,152.19671631,2.85079956,2.01108694,0.09564948,0.15217543,0.19569016,0.23660684,0.28162098,0.32743669,0.37047172,0.41141343,2
0.39926075,101.19004869,383.30020271,2.4,2.9,0.27661276,0.41776395,0.46409392,0.49819827,0.5271926,0.55133796,0.57223535,0.5903106,21
0.98322946,278.67899873,87.41204606,2.2,2.5,0.10456991,0.17572093,0.23559499,0.29153275,0.35094857,0.40980244,0.4667902,0.5208459,2
0.98035258,4.87915897,4.71147299,2.34661651,2.51416516,0.9244616,2.51366997,3.54149961,4.07315779,4.39423513,4.6078043,4.76790428,4.89472389,22
0.7882683713915944,254.36809172331309,313.727772662204,2.36561632,2.01217175,0.0767443180084228,0.1098213195800781,0.1345951557159423,0.1472573280334472,0.1688783168792724,0.1890420913696289,0.2080287933349609,0.2257516384124755,11
0.6855405279049751,6.2411396212112615,42.67153020974523,2.78170824,2.27695012,0.9453625679016112,2.741304874420166,4.058505058288574,4.683189868927002,4.97508430480957,5.155689239501953,5.269981384277344,5.335793495178223,7
0.44570712,248.5539445,142.06000414,2.4,2.7,0.21378279,0.3261068,0.42463326,0.5097568,0.5857935,0.65469956,0.71701527,0.7744913,17
0.98843212,68.5008963,389.87442805,2.3,2.6,0.16149688,0.22384238,0.28499818,0.3357532,0.3809476,0.42119336,0.45666552,0.4883666,4
0.93006672,65.44769538,398.86199969,2.8,2.6,0.2199359,0.34326816,0.44614124,0.5340755,0.60969996,0.67578983,0.7336352,0.78496027,17
0.74031048,57.77600752,111.10873048,2.6,2.9,0.44571543,1.0103664,1.4107075,1.670239,1.8558669,2.0018063,2.1201057,2.2181072,20
0.87847216,97.37233772,379.75692945,2.5,2.6,0.1714294,0.24313426,0.3138554,0.37481165,0.42965198,0.47901058,0.52350163,0.56392694,4
0.8968794279888729,285.0558033252329,252.1790893230992,2.1,2.0,0.066103458404541,0.1033596992492675,0.1354167461395263,0.1560201644897461,0.1826269626617431,0.2070868015289306,0.2313511371612548,0.2555866241455078,11
0.68946549,20.93681939,24.26013726,2.3,2.1,0.7313597,1.9378774,2.6563227,2.980282,3.1595685,3.2671545,3.3636672,3.4397132,23
0.7707465331711316,4.306618514088712,12.819579684506802,2.40051866,2.10613394,0.9804692268371582,2.7709758281707764,4.00355339050293,4.608609199523926,4.94313907623291,5.180692672729492,5.3443756103515625,5.45344352722168,6
0.89639514,273.54700222,24.68912871,2.2,2.6,0.12237835,0.20716023,0.28299618,0.3563938,0.43033552,0.50250316,0.57085466,0.63672376,2
0.48227838,96.64244452,82.6549595,2.1,2.3,0.39964366,0.86738586,1.1509905,1.3096724,1.421206,1.5116475,1.5857391,1.648499,10
0.5419454052360045,0.8561547290564337,0.004867505842336,2.96094733782445,2.0373117104540177,1.1974425315856934,3.856725692749024,6.706705093383789,8.981178283691406,10.106006622314451,10.133435249328612,10.14235782623291,10.149859428405762,12
0.623087613232586,4.250141320595008,0.4996680401250037,2.6483388690304874,2.66489531901627,1.1748785972595217,3.655472755432129,5.91670560836792,7.231138706207275,7.774563312530518,8.017885208129883,8.199867248535156,8.353643417358398,13
0.68784713,234.8921926,302.95454522,2.0,2.0,0.07596993,0.10760593,0.13109279,0.14827204,0.16943574,0.18818641,0.20600247,0.22420692,11
0.4615318711254741,40.68570569195936,0.0179594184390409,2.314589212371388,2.247033678206705,0.7859880924224854,2.1998186111450195,3.115668296813965,3.520691394805908,3.7015700340271,3.8212075233459473,3.902701377868652,3.9680991172790527,22
0.61241249,237.10854587,221.89991144,2.7,2.9,0.18513799,0.2681501,0.3540933,0.4336965,0.5047152,0.57081604,0.631901,0.6893363,17
0.7614128036418881,2.0019127078598795,0.0379191423407041,2.404694783450519,2.546854088111108,1.170283317565918,3.622314214706421,5.780918121337891,7.004854202270508,7.566853523254394,7.853729248046875,8.072243690490723,8.25284481048584,5
0.4428893864871554,8.00220191267554,79.40248571854687,2.405410039088701,2.6661936904881127,0.957388401031494,2.975752115249634,4.7903594970703125,5.80196475982666,6.025354385375977,6.052249908447266,6.060575485229492,6.062804222106934,7
0.30914973,109.28150575,236.0326644,2.97746076,2.79986781,0.4793961,1.15181971,1.57075644,1.69005299,1.72075939,1.74889231,1.77349186,1.79533291,1
0.66959201,104.47765627,376.93515212,2.0,2.3,0.13397884,0.16337633,0.1907227,0.2129395,0.23510551,0.2553389,0.27408695,0.29058123,11
0.87060027,146.74463839,339.58841348,2.7,2.5,0.1539309,0.2229743,0.29274106,0.3597989,0.42088318,0.47691655,0.52888656,0.5775032,4
0.53491034,49.38530112,230.88619465,2.2,2.0,0.3906505,0.84826255,1.0916214,1.1751435,1.2227447,1.2578385,1.2853842,1.3097584,21
0.52216399,97.52748343,21.53036944,2.1,2.9,0.43886852,0.9932389,1.3564553,1.5749412,1.7330313,1.855495,1.9584198,2.0499759,19
0.56966914,123.64498994,119.95524437,2.48741716,2.00001892,0.26089859,0.46785378,0.62632918,0.75673485,0.86397862,0.9550221,1.03246665,1.09862494,16
0.4372116330820514,0.7864009661046412,3.3529598903248807,2.238249262642059,2.39154448199203,1.219865798950195,4.07639741897583,7.36127233505249,10.274662017822266,12.092819213867188,12.135108947753906,12.140508651733398,12.145095825195312,14
0.50336391,289.03781157,137.03120102,2.01296799,2.06119118,0.11423945,0.16657495,0.21506214,0.2597692,0.30331659,0.34395838,0.38239264,0.41842222,2
0.62270262,69.76836382,243.35377184,2.40481067,2.13093214,0.29078579,0.52923465,0.68301439,0.7911334,0.87394977,0.93969703,0.99327159,1.0363102,10
0.97061394,8.40541316,225.29519771,2.4,2.4,0.52831864,1.3173382,1.799597,1.9737365,2.018234,2.0292656,2.0370996,2.0437982,1
0.75449903,226.25239901,293.87424241,2.65735397,2.06209093,0.09918976,0.13773084,0.16917229,0.19482636,0.22272635,0.25043344,0.27752185,0.30192661,11
0.8999839823662871,15.598695880412324,0.070804419495125,2.8054564949036074,2.587565496840378,0.743218183517456,1.96166467666626,2.7597947120666504,3.2139430046081543,3.511002540588379,3.732000827789306,3.911418914794922,4.063533306121826,22
0.7508035,70.88245536,250.79505189,2.0,2.0,0.20563769,0.33813906,0.44423985,0.53164411,0.60513735,0.66612577,0.71947598,0.76435328,17
0.87259919,79.73527387,303.99396374,2.4,2.5,0.2055676,0.32889366,0.4392104,0.53229547,0.6137395,0.6851356,0.7479501,0.8038986,17
0.73034231,141.44408953,245.84936302,2.1,2.4,0.14883137,0.2190311,0.28868484,0.3507545,0.40761447,0.45904517,0.50629544,0.54990387,3
0.99928848,232.83076164,0.400999,2.09805431,2.00849241,0.1023078,0.18298554,0.25720263,0.3275466,0.39729524,0.46513844,0.53078747,0.59452891,2
0.6218428683052958,0.8341407331770445,0.0192663506550594,2.1415410930277625,2.546372896019077,1.221372127532959,4.058632850646973,7.195399284362793,9.672667503356934,10.856760025024414,10.906899452209473,10.913025856018066,10.91793727874756,12
0.54328598,116.70827587,394.34232763,2.34537535,2.03656914,0.13982058,0.15839696,0.17560577,0.18793249,0.20145297,0.21336436,0.22396827,0.2327404,11
0.71416003,273.2941092,291.40038736,2.89883188,2.28868211,0.12125659,0.1466651,0.1810205,0.20790553,0.23968768,0.269032,0.29404783,0.32127976,11
0.50199197,25.05820523,234.33583248,2.1,2.1,0.4806311,1.16663,1.5040345,1.5299385,1.5307698,1.5311942,1.5313241,1.5314183,1
0.5173397529143214,2.28144830549488,37.53295104644594,2.0681000529854527,2.998494672362858,1.111623764038086,3.659677743911743,6.39466667175293,8.443312644958496,9.373476028442385,9.450666427612305,9.45097827911377,9.45124340057373,14
0.66491381,147.98297423,306.63918735,2.7,2.3,0.18614268,0.27836704,0.3654573,0.44160724,0.5096438,0.57166266,0.6277766,0.6788633,17
0.83581872,61.07821946,222.00884186,2.02509768,2.83782313,0.2960577,0.58303046,0.80727053,0.98678112,1.13231349,1.25164962,1.35013962,1.4343102,10
0.3732761053198772,3.751353631333816,0.0047202270380663,2.6317975800949154,2.6834502887921463,1.2521638870239258,4.129936695098877,7.366893291473389,9.990110397338867,11.43315887451172,11.513483047485352,11.51886749267578,11.523548126220703,12
0.3392415,13.65573883,46.5013504,2.41309357,2.08137631,0.97823954,2.83820081,4.29106808,4.95366859,5.08799171,5.12846279,5.1389761,5.14430046,23
0.36982528,250.22529758,174.07737341,2.2,2.9,0.20606089,0.2914505,0.36318588,0.42283535,0.47694826,0.52608633,0.57058835,0.61081505,3
0.88571463,265.86628781,142.89453429,2.52994343,2.08703116,0.10000515,0.15981245,0.21007133,0.25613594,0.30671811,0.35572958,0.40179181,0.44649506,2
0.33454046,203.27868791,49.9670527,2.9,2.2,0.41380572,0.94733787,1.2873557,1.4697058,1.5890388,1.6858215,1.7678082,1.8365402,19
0.53540819,214.76722167,96.69251474,2.5,2.9,0.24927044,0.4239149,0.5721302,0.7010534,0.81503797,0.9167509,1.0076146,1.0898328,16
0.36127508,120.29893065,191.34298593,2.8,2.5,0.4439428,1.0370331,1.4010742,1.5406814,1.6116266,1.667016,1.7148638,1.7553053,0
0.7062874,239.83467466,179.32377537,2.5,2.5,0.14861846,0.22513056,0.30119705,0.37346792,0.44151783,0.50451756,0.563879,0.6202707,3
0.3454262817834849,59.67769777741492,0.8967907892134193,2.041167967535696,2.3609912583161745,0.7705063819885254,2.2075061798095703,3.16303825378418,3.523707866668701,3.6526827812194815,3.720671653747559,3.7743616104125977,3.8185067176818848,22
0.6994857,97.09223963,95.71190091,2.46781818,2.30837264,0.31352949,0.61376667,0.84882998,1.03732991,1.19138145,1.31986737,1.42938089,1.52313757,10
0.8406874,34.61020018,113.62492662,2.9,2.4,0.50736856,1.2368741,1.7333691,2.032287,2.2317336,2.3830335,2.503894,2.6075766,20
0.44554833,283.01112467,35.65491627,2.9,2.6,0.27321982,0.47609115,0.64229846,0.7870848,0.9139559,1.0269244,1.1270711,1.2173831,9
0.3679020447663089,49.11627677414083,0.0169143134693696,2.332898809563705,2.0022284683403724,0.768911600112915,2.1256213188171387,2.985222339630127,3.345767974853516,3.5036816596984863,3.591348648071289,3.665977478027344,3.7245025634765625,22
0.98134304,265.52046262,227.67325622,2.8,2.4,0.12283325,0.17385864,0.22015429,0.27773213,0.33658504,0.3891945,0.43932843,0.48834062,3
0.58213128,15.17681825,296.13247199,2.4,2.3,0.50420976,1.2649379,1.6981447,1.7384112,1.739013,1.7395341,1.7402422,1.740629,1
0.8325032,291.45236206,313.86437988,2.36342812,2.56622338,0.09950209,0.13629293,0.16730905,0.19660521,0.23075914,0.26341009,0.29154253,0.32010579,11
0.41831495,296.61234383,310.88465794,2.6,2.4,0.13910699,0.16762781,0.19890928,0.22543359,0.2531836,0.27789283,0.29958463,0.32163334,11
0.50547037,82.23665843,260.23046947,2.0,2.2,0.26624846,0.44654417,0.5496001,0.6225958,0.6785853,0.7228565,0.7607281,0.79153085,21
0.62060106,133.41603088,375.60375977,2.75302529,2.98757553,0.23659945,0.35361791,0.44600439,0.52535343,0.59462237,0.65631485,0.71115899,0.76049495,17
0.7083577071722171,290.4229055694166,306.3028729288764,2.0,2.0,0.0637221336364746,0.0922048091888427,0.1156153678894043,0.1260585784912109,0.1435105800628662,0.158658742904663,0.1735541820526123,0.189115285873413,11
0.9824243,17.1025518,398.45467525,2.85607551,2.87474607,0.38742375,0.81424809,1.08931398,1.22727752,1.29210544,1.32781053,1.35121846,1.36841702,21
0.67436553,222.62080016,204.21666161,2.54271376,2.46371269,0.15267587,0.22717285,0.30249262,0.37133455,0.43541837,0.49534941,0.55144453,0.60389233,3
0.61348332,88.02727554,170.38819302,2.1,2.8,0.29904842,0.56350374,0.74859405,0.88815093,0.9979141,1.0862725,1.1579394,1.2205625,10
0.6648131,299.32120556,319.99352236,2.5,2.6,0.1201334,0.14380431,0.17061806,0.20007014,0.23205519,0.25921035,0.2829063,0.30771208,11
0.997244301850233,1.6854778260959522,0.4262555224611893,2.98365156948874,2.05307118574006,1.0284488201141355,2.8214473724365234,4.014029026031494,4.698768138885498,5.19846248626709,5.606998443603516,5.945282936096191,6.176031112670898,5
0.99127357953263,3.5601297603998185,8.344942869503177,2.541705101217556,2.8347588541683306,0.9962320327758788,2.8788228034973145,4.224362850189209,4.930378437042236,5.323180675506592,5.602888107299805,5.8131208419799805,5.980644226074219,6
0.58866807,144.54249957,40.22786714,2.2,2.8,0.29895186,0.5734904,0.78951764,0.96788096,1.115314,1.2409749,1.3483524,1.4434495,9
0.57401037,186.71332985,350.83355215,2.1195396,2.02085139,0.09776497,0.1223259,0.14083385,0.15274596,0.16974115,0.18420911,0.19745469,0.21039629,11
0.4647824207636326,1.0510569495051132,0.9464977228495196,2.3,2.8,1.2579777240753174,4.249044418334961,7.777873992919922,10.935036659240724,12.796820640563965,12.848658561706545,12.85607624053955,12.862444877624512,13
0.61104923,215.57839966,400.0,2.0,2.0,0.07021093,0.09180641,0.10526013,0.10717726,0.11535692,0.12113452,0.12532043,0.13208818,11
0.57213271,183.22914124,346.49829102,2.54291892,2.15755749,0.12543845,0.15448785,0.18407297,0.20566344,0.22782183,0.24894381,0.26961327,0.28859997,11
0.31588433,275.46854907,52.27585145,2.0,2.2,0.21843863,0.33870888,0.43344045,0.5135484,0.58200693,0.64391136,0.6981795,0.7468703,16
0.50650541,42.29425157,339.6787418,2.2,2.2,0.33553076,0.63843584,0.76343346,0.7913761,0.8082583,0.8215997,0.8323965,0.8414211,21
0.31200137,162.02912742,61.00051031,2.0890956,2.69851767,0.47144413,1.16822886,1.586236,1.7472415,1.83649373,1.9086659,1.96859574,2.02161193,0
0.65122291,66.53846395,345.77580915,2.1,2.4,0.21656013,0.31545377,0.37933064,0.42968416,0.47075868,0.5053854,0.53381944,0.5588348,4
0.72410148,131.03547326,200.30321776,2.18950175,2.69403898,0.22246742,0.38078666,0.5222187,0.64554095,0.75509501,0.85289693,0.94022942,1.01916361,17
0.4542871098825565,185.5851529143608,0.0637790603961734,2.221327383578928,2.5167830188063256,0.3494837284088135,0.7222142219543457,0.9893662929534912,1.1867120265960691,1.343024492263794,1.473722219467163,1.582361936569214,1.6779887676239014,8
0.3947983,219.52377632,126.81477698,2.3,2.0,0.22128701,0.35400867,0.45894003,0.5476656,0.62448,0.6916914,0.750669,0.8030002,16
0.4587416748976712,1.1043120607510484,0.004307062180081,2.2229418634523315,2.5401546023088755,1.236103057861328,4.149717330932617,7.511695384979248,10.454959869384766,12.272159576416016,12.326065063476562,12.333450317382812,12.339675903320312,12
0.8184828375900659,1.0319234949312053,106.91943103350972,2.33736596687643,2.4247935368592786,0.8989071846008301,2.727487087249756,4.245783805847168,4.984081268310547,5.116261959075928,5.138900279998779,5.139575958251953,5.139758586883545,23
0.64042711,279.91726685,32.88657761,2.12382936,2.32450676,0.14375091,0.2347641,0.32291794,0.40530586,0.48371434,0.55702949,0.62639165,0.69192243,15
0.35379165,178.71244812,73.97036743,2.35630369,2.34925985,0.36512351,0.74908113,0.983567,1.12768888,1.23244762,1.3183744,1.39052463,1.45123982,10
0.3261885013211997,48.130683666914855,0.0212556215558322,2.4113648008840265,2.916279165544616,0.9368369579315186,2.8827154636383057,4.50642204284668,5.311948776245117,5.549546241760254,5.6279144287109375,5.680941581726074,5.72133731842041,5
0.81871256,113.43287499,125.62451166,2.7,2.3,0.24845171,0.45393062,0.63807726,0.799844,0.94347,1.0708323,1.1846719,1.2861757,10
0.32884151,131.08119623,321.53468032,2.89186321,2.82481148,0.3693347,0.72210026,0.90199351,0.97504401,1.02228427,1.06296515,1.09647846,1.12550211,21
0.3890864424829321,61.80773802995686,386.34510248173,2.95513844,2.11120701,0.2820842266082763,0.4480667114257812,0.4818148612976074,0.4986534118652344,0.5132133960723877,0.5259642601013184,0.5368516445159912,0.5462706089019775,21
0.3361412511487391,7.235940906474971,43.14816097626764,2.55550838,2.58642578,1.082071304321289,3.4383201599121094,5.825242042541504,7.488897323608398,8.110151290893555,8.131439208984375,8.131935119628906,8.132465362548828,14
0.89999324,7.24253095,99.69640993,2.3917532,2.72217146,0.7735455,2.16035295,3.08988738,3.51727986,3.69864535,3.79079747,3.84466815,3.88162065,23
0.49364346,249.42541504,91.63130188,2.34067488,2.27776527,0.18820858,0.29374266,0.39279675,0.48064971,0.55961418,0.63197279,0.69808483,0.75975084,16
0.40871197,63.12015915,148.65441895,2.12426186,2.49544883,0.54307961,1.40325308,1.90912652,2.04558253,2.08825326,2.12220502,2.15107751,2.17700553,0
0.86048573,234.44299205,269.166777,2.7,2.5,0.13329315,0.18658137,0.23892355,0.2992847,0.35613227,0.40694284,0.45615458,0.50281596,4
0.96472785,104.7605561,84.5999722,2.75910574,2.46982599,0.23682475,0.4331491,0.61669254,0.78210473,0.93133855,1.06717658,1.18938231,1.30047607,10
0.3593889888810709,4.893195345531042,0.0041261387566978,2.288639276001366,2.1027486403224462,1.1473681926727295,3.68304705619812,6.301828384399414,8.23642349243164,9.182491302490234,9.293606758117676,9.297320365905762,9.300426483154297,12
0.58011854,292.74746704,53.5639534,2.88939118,2.13742876,0.15386963,0.23660231,0.32046366,0.39630485,0.46828508,0.53609896,0.59944749,0.65919185,2
0.50523034,84.22480775,223.23143579,2.5,2.1,0.35835528,0.74510384,0.9787822,1.1073103,1.19572,1.2635114,1.3182209,1.3644812,21
0.39022507,278.77129692,319.64526703,2.3,2.7,0.13358784,0.15631104,0.18092537,0.19528484,0.21121788,0.22673655,0.24018049,0.25346184,11
0.81512781,75.12021346,60.71757976,2.9,2.1,0.35580707,0.7495043,1.062895,1.3138485,1.5171521,1.6858222,1.8287146,1.9523957,10
0.613771129717834,73.68676946328384,12.36015812034955,2.62137413,2.30623126,0.4839222431182861,1.1481208801269531,1.59033465385437,1.8589513301849363,2.0505802631378174,2.2016279697418213,2.3267853260040283,2.4361231327056885,18
0.36212728,84.8217068,375.32917799,2.7874045,2.85842852,0.38386154,0.80981493,1.03292084,1.09716964,1.12793112,1.15395498,1.17615771,1.19558024,21
0.7610921665005792,2.0063236049042805,0.0042462238815668,2.6302393777122672,2.920186501007952,1.2208895683288574,3.840665817260742,6.290992259979248,7.763805866241455,8.441450119018555,8.764993667602539,9.008121490478516,9.220392227172852,12
0.3313345184697148,61.892188121005226,0.0515014579400433,2.235134454997739,2.341197969060872,0.7872025966644287,2.2603726387023926,3.261119842529297,3.667576313018799,3.80568265914917,3.875795364379883,3.934664726257324,3.983788967132568,22
0.98895663,130.85362244,128.4221344,2.24185371,2.43439627,0.16635013,0.28818727,0.40544343,0.5157609,0.61914754,0.71549535,0.80580258,0.89038944,17
0.3,2.7941383514923883,5.855265554860391,2.57994962,2.35104275,1.212914228439331,3.984985113143921,7.100086212158203,9.729484558105469,11.26502799987793,11.328739166259766,11.331757545471191,11.334410667419434,14
0.5206665617381826,1.4614743027314474,0.0095421247855212,2.233662041268464,2.836638935476325,1.246096134185791,4.184648036956787,7.5766825675964355,10.387531280517578,11.940143585205078,12.005653381347656,12.014083862304688,12.021223068237305,12
0.34286648,79.90844728,256.16510924,2.66247497,2.13167428,0.38235378,0.79118133,0.97372317,1.01224232,1.03602314,1.05703855,1.07556462,1.09155798,21
0.72864699,27.48506363,158.14588392,2.2,2.7,0.50013494,1.2061396,1.639642,1.8381145,1.9461014,2.0201957,2.0749457,2.1203363,0
0.6286234,246.19507474,355.05221821,2.1,2.8,0.09393072,0.12208653,0.14264584,0.151083,0.16309476,0.17868161,0.19348621,0.2046454,11
0.66766283,207.2377439,258.44755181,2.3,2.6,0.13583302,0.19069982,0.2456553,0.29367566,0.33913255,0.38235998,0.42274618,0.4604838,4
0.84213817,270.3013916,33.49511719,2.32295704,2.50072861,0.13555694,0.22816801,0.31388831,0.39802074,0.4800756,0.55848241,0.63313532,0.70482779,15
0.4571224259899438,14.899348564110682,0.4112761080009629,2.624588917021083,2.474524398795213,1.061281442642212,3.203711032867432,4.981825828552246,5.901589870452881,6.235461711883545,6.403242588043213,6.533749103546143,6.617105960845947,5
0.3082638269438353,239.49849499202588,308.42132215624827,2.2,2.9,0.2270092964172363,0.3257637023925781,0.3865971565246582,0.439479112625122,0.486985445022583,0.5296909809112549,0.5679342746734619,0.6032278537750244,4
0.38228641,120.98573654,15.82995198,2.8,2.2,0.5657766,1.497318,2.0789824,2.309723,2.4330301,2.52591,2.6025352,2.6701584,19
0.41979081,106.74697407,212.35257547,2.8,2.2,0.39849877,0.88933325,1.1874516,1.3242841,1.4075384,1.4708073,1.5239549,1.5685346,21
0.51848782,169.99676891,112.58982841,2.7,2.1,0.2791531,0.5165374,0.7012775,0.8536093,0.98074484,1.0898418,1.1840086,1.266406,10
0.99873768,300.0,400.0,2.06511869,2.0409569,0.04890108,0.0745194,0.09556413,0.09687829,0.10742164,0.11488152,0.12113595,0.13016987,11
0.5306621567567525,19.721616579372057,0.0440198332548077,2.5696116095155004,2.641307775193045,0.9775168895721436,2.896158456802368,4.352272033691406,5.05610466003418,5.352022171020508,5.531323432922363,5.650278091430664,5.743842124938965,5
0.95511568,17.22859804,296.94337223,2.5,2.4,0.3971982,0.8710916,1.1740289,1.3244901,1.4004157,1.4464357,1.4782171,1.5013211,21
0.5734654,293.03200385,185.23410348,2.3,2.5,0.12529516,0.17704368,0.227741,0.27303886,0.31638145,0.35827327,0.3980124,0.43567848,3
0.9181374,44.57876237,11.41348822,2.1,2.1,0.37011838,0.7792654,1.0954685,1.3404641,1.5358982,1.6954205,1.8297269,1.9469564,9
0.4646590408820967,2.1883573766866364,19.629620382306907,2.58699094,2.57883319,1.187767744064331,3.868191957473755,6.767766952514648,8.990191459655762,10.091703414916992,10.262528419494627,10.263659477233888,10.26471996307373,14
0.78506446,3.17762637,37.11476517,2.86896896,2.43573475,1.06954169,3.09184957,4.63139343,5.43057823,5.77738571,5.99738979,6.14484882,6.21752357,7
0.5827014135542602,4.318776957119864,0.1622493988810298,2.419200498852473,2.997047656189901,1.1970758438110352,3.8464701175689697,6.474198341369629,8.16396713256836,8.868102073669434,9.073934555053713,9.171445846557615,9.255906105041504,12
0.82642343,101.25651722,300.56338873,2.5,2.6,0.2019608,0.3172896,0.42334127,0.5149343,0.59623003,0.6690328,0.73426175,0.7934005,17
0.92592775,253.65915471,235.43130178,2.5,2.2,0.09793067,0.15570688,0.20473981,0.24925566,0.29534936,0.3410325,0.38471293,0.42650294,3
0.8619084736597193,45.48312942082409,0.0208558439519993,2.5087264615240352,2.764253108217936,0.5113849639892578,1.2091717720031738,1.7064599990844729,2.0457024574279785,2.2988529205322266,2.501523494720459,2.670388698577881,2.814950466156006,18
0.48258269,6.40484428,2.33058023,2.53818274,2.76590586,1.23874211,3.80877209,6.31949806,7.95260906,8.60129642,8.74343586,8.86137295,8.95199394,14
0.75411449,110.41982684,386.99358782,2.8,2.8,0.20754457,0.3006475,0.38417745,0.45668292,0.5197592,0.5764806,0.6272507,0.6726787,17
0.9057390237090313,5.464724535901308,0.1714372057044861,2.017692187158089,2.1603796809425404,0.8754911422729492,2.3466296195983887,3.260991096496582,3.728037357330322,4.0083441734313965,4.203592300415039,4.350741863250732,4.473426342010498,22
0.6945962038620244,56.75185110123493,51.10339252248272,2.7,2.7,0.5291037559509277,1.3074772357940674,1.8363263607025144,2.148234605789185,2.359015703201294,2.522714853286743,2.6589996814727783,2.77138352394104,19
0.99903331,205.24385178,357.2044479,2.1,2.5,0.0809176,0.11682606,0.14176345,0.15576482,0.17826319,0.1998949,0.2205491,0.23969436,11
0.6040864,60.1754653,267.92968602,2.7,2.4,0.38701487,0.8343601,1.1158853,1.263421,1.3545563,1.4209187,1.4756215,1.5199611,21
0.85978504,241.12049596,384.89843527,2.6,2.0,0.07917094,0.11492181,0.14545393,0.16563916,0.18843675,0.21073031,0.23369575,0.2564087,11
0.549376322545116,57.28256802701325,0.0060033671248385,2.4270128237527056,2.4878566200784835,0.6415338516235352,1.7063586711883545,2.3674652576446533,2.6905529499053955,2.876734972000122,3.0191919803619385,3.131173849105835,3.2318432331085205,22
0.611727707706464,1.2439549136014985,1.325460274715733,2.872041312759821,2.754882966775668,1.279568433761597,4.209245681762695,7.42451286315918,9.872275352478027,11.116864204406738,11.23838710784912,11.248021125793455,11.256179809570312,13
0.69725317,258.86450195,297.39556885,2.44484067,2.05462623,0.08547783,0.11848283,0.14200473,0.15614033,0.17915893,0.20041704,0.21977448,0.23699379,11
0.6901286418769659,1.924422447322401,0.0151776815144936,2.884106607050544,2.6484983534995763,1.2354388236999512,3.9109091758728014,6.4910502433776855,8.13166618347168,8.84334945678711,9.108774185180664,9.32268524169922,9.519401550292969,12
0.74109976,105.04077108,20.70709042,2.2,2.4,0.29741168,0.58213615,0.8176861,1.0144355,1.1805959,1.3219228,1.4432554,1.549783,9
0.9443512157880452,0.9818679423929206,0.0096204954450243,2.682468215358202,2.8738258676719286,1.2171318531036377,3.7605581283569336,6.000010967254639,7.297787189483643,7.961137294769287,8.375375747680664,8.719671249389648,9.01956558227539,12
0.73089897,279.91478949,211.3280182,2.4,2.5,0.11508107,0.17016006,0.21987152,0.26632357,0.31283712,0.35757995,0.39940476,0.44024444,3
0.55650451,38.94645297,341.62541507,2.6,2.9,0.4196031,0.9281535,1.2091975,1.2816472,1.2992258,1.3138232,1.3258195,1.3360543,21
0.92642573,118.4038337,330.84677607,2.6,2.9,0.17327833,0.25630283,0.3406582,0.41770864,0.4876883,0.5508344,0.6089368,0.66264963,4
0.8406185842502175,1.8555000339413008,17.96887188628681,2.7,2.9,1.1560454368591309,3.57784390449524,5.70396900177002,6.923707008361816,7.471640586853027,7.764742851257324,7.9913740158081055,8.15857219696045,6
0.64934689,227.78001404,224.11737061,2.88874817,2.23201561,0.13845015,0.19547772,0.25362158,0.30415297,0.35249996,0.3985157,0.44123793,0.48172069,3
0.6022556,21.68035478,6.39112597,2.9,2.1,0.8851409,2.6042168,3.8325412,4.383692,4.594741,4.699851,4.776743,4.84354,22
0.33170871,154.74171761,117.55504687,2.5,2.8,0.43579793,0.9859824,1.31457,1.4623451,1.551959,1.624815,1.6856122,1.7382331,20
0.7164442565350543,1.134021244863073,53.74798412366508,2.5659654060363946,2.7267484735488567,1.094508171081543,3.468433141708374,5.790891647338867,7.310177803039551,7.885832786560059,7.9335479736328125,7.93796443939209,7.940069198608398,7
0.5017431834710299,1.285749317869245,1.0725387644916609,2.2861756164957394,2.3195419038942573,1.2116212844848633,3.995680093765259,7.063334465026856,9.581942558288574,10.865961074829102,10.89505672454834,10.90295696258545,10.909589767456056,13
0.51856935,133.72196563,155.25708498,2.8,2.5,0.35066915,0.70593333,0.952049,1.1297827,1.2658992,1.3770769,1.4686248,1.5453143,10
0.82323148,279.06055822,46.27515835,2.49526249,2.69356049,0.14690638,0.24318504,0.33107972,0.42290783,0.51055193,0.59280777,0.67133617,0.74666977,16
0.87477345,230.6983674,224.20640502,2.5,2.7,0.14200878,0.19651985,0.2570238,0.32041955,0.38174224,0.43733358,0.4905212,0.5417464,3
0.59448951,96.49001815,201.70877544,2.9,2.3,0.35237384,0.7273469,0.9875686,1.16976,1.3052635,1.4157717,1.5052979,1.579128,10
0.93602246,106.58685938,58.5283546,2.5,2.8,0.2558086,0.47658205,0.67939687,0.86200833,1.0255857,1.1728451,1.3045754,1.423852,10
0.42755983,180.67999262,220.48454733,2.1,2.3,0.1898582,0.26789784,0.33450913,0.39101624,0.4405496,0.48483324,0.5244403,0.5609062,3
0.53703986,75.22170428,92.3870365,2.3,2.4,0.45738387,1.060945,1.4276083,1.621,1.7440898,1.8431075,1.9245427,1.9916537,20
0.8353908250982629,47.52934457499476,0.0869747012648407,2.2644362865542425,2.4218332392101365,0.4618403911590576,1.0528333187103271,1.4724838733673096,1.7657897472381592,1.9883882999420168,2.1683194637298584,2.318110227584839,2.44793438911438,18
0.48567748,17.19015884,25.0077858,2.1628499,2.10415936,0.90681911,2.5271728,3.60459971,4.04450417,4.20004749,4.28021526,4.32131672,4.34558678,23
0.99030553,142.34851356,221.24613006,2.9,2.4,0.16931725,0.2781744,0.3847072,0.48895264,0.58473253,0.6740227,0.75810957,0.8368318,17
0.7507033420622378,20.53534885781762,0.0142047816572328,2.292228498899548,2.2293226015256944,0.7144248485565186,1.8662288188934328,2.569900751113892,2.9366047382354736,3.163579225540161,3.331637144088745,3.4660260677337646,3.57486891746521,22
0.7133078,58.22694327,201.39895541,2.1,2.9,0.31634545,0.61614895,0.82195306,0.96766806,1.0756478,1.1587,1.2274289,1.2844276,10
0.99852687,105.31275177,167.79400635,2.12320209,2.79646468,0.19306183,0.34026361,0.48226929,0.61346436,0.73347688,0.84426379,0.94587159,1.04004216,17
0.8245922942108797,13.34893893138495,0.0520410609660978,2.22245987265686,2.841387480225702,0.8264827728271484,2.344231128692627,3.344467163085937,3.843328475952149,4.12193489074707,4.314082145690918,4.460731029510498,4.587954044342041,22
0.6532585494078489,1.8354920555827183,0.066655621214092,2.0186491326957268,2.284053077900702,1.1475448608398438,3.652867794036865,6.030323505401611,7.533015727996826,8.130687713623047,8.313796997070312,8.410333633422852,8.485746383666992,12
0.51523734,153.262293,249.57343546,2.8,2.3,0.25502825,0.42888498,0.55777097,0.66481304,0.75559235,0.8345349,0.90254426,0.9633398,17
0.3261369081892506,0.9291204624030164,1.310048121421804,2.2664758376673126,2.4061647234126258,1.2332534790039062,4.128874778747559,7.507538795471191,10.58869171142578,12.55119800567627,12.589606285095217,12.595738410949709,12.600992202758787,13
0.74025793,136.99454471,314.8719281,2.9,2.5,0.20504451,0.31574416,0.41919017,0.511606,0.5937462,0.6680801,0.73548865,0.797349,17
1.0,188.48937988,400.0,2.0,2.0,0.06046104,0.08842492,0.10802078,0.11514807,0.12889981,0.14028001,0.15079117,0.16254306,11
0.4149389,294.45675659,27.27884674,2.15570474,2.35206985,0.20273209,0.32538581,0.43513179,0.53187966,0.61849022,0.69653535,0.76713395,0.83238959,15
0.75621358,251.72777434,231.85233916,2.8,2.4,0.13403392,0.20028448,0.26149225,0.32618952,0.38696694,0.44321656,0.49593997,0.54717875,3
0.8382535194096465,6.999317655558903,0.3765451689221967,2.950536393699989,2.470081556524064,0.9629302024841307,2.6891651153564453,3.874264717102051,4.501782417297363,4.889081001281738,5.177851676940918,5.399515151977539,5.5716705322265625,5
0.8545466703051456,277.67785204452355,378.1192479319475,2.11676925,2.70868311,0.0816061496734619,0.1189641952514648,0.1455094814300537,0.1686298847198486,0.19415283203125,0.2199671268463134,0.2435486316680908,0.2663230895996094,11
0.324437620965337,2.30413363519095,0.0041315474515427,2.2834063832905525,2.5333430693353725,1.2364473342895508,4.1428327560424805,7.517500877380371,10.503169059753418,12.31360912322998,12.359498977661133,12.36567497253418,12.370980262756348,12
0.87716878,251.28061311,254.7885184,2.45883813,2.13461652,0.09081435,0.13701725,0.17435622,0.20429826,0.23838639,0.27276158,0.30540013,0.3365097,11
0.47568947,91.84663391,173.83738708,2.08336377,2.35408306,0.36907601,0.77792645,1.01817894,1.14825416,1.23600793,1.30602622,1.36247587,1.41038537,21
0.94718611,296.81994629,388.90814209,2.51885533,2.76600337,0.12814617,0.13379788,0.14271522,0.1784308,0.21352124,0.23902464,0.26472306,0.28957057,11
0.97738561,37.57871167,132.13950493,2.3,2.8,0.3581705,0.7511916,1.0545859,1.2846646,1.463542,1.6073632,1.725533,1.8253736,10
0.56527168,267.74275155,83.71924726,2.0,2.3,0.13244462,0.2036128,0.27143478,0.33480144,0.39488935,0.45059395,0.5029936,0.55257463,2
0.4683691809410824,3.898016448973544,0.0078765802290006,2.1269513462153355,2.622419407717681,1.1908516883850098,3.903990030288696,6.789891242980957,8.889227867126465,9.888317108154297,10.04439926147461,10.052627563476562,10.06049919128418,12
0.9407625536877366,4.490854412327526,0.0731471669800467,2.306675926790177,2.713037262794692,0.971632480621338,2.7913658618927,4.061246871948242,4.7017011642456055,5.060579299926758,5.308246612548828,5.498785018920898,5.641063690185547,5
0.4473652931751388,228.9039707674393,317.64350734640607,2.50264619,2.6648929,0.1823899745941162,0.2375166416168213,0.2907276153564453,0.3379547595977783,0.3806850910186767,0.4193918704986572,0.456031322479248,0.4897141456604004,4
0.99878183,68.7268941,2.67683624,2.3,2.4,0.2922411,0.577297,0.8296392,1.0494425,1.2397995,1.4050367,1.5488985,1.6760657,8
0.43176177,149.39323425,25.19451332,2.98210049,2.12628341,0.38784122,0.82520485,1.11889029,1.30760622,1.45001268,1.56148958,1.65385008,1.73588085,9
0.3,92.0450043283213,397.9798499836522,2.87574381,2.21388087,0.2754790782928467,0.4109034538269043,0.4310019016265869,0.4448738098144531,0.4575133323669433,0.4684381484985351,0.4783921241760254,0.487332820892334,21
0.71765023,295.72059385,318.71439554,2.24157301,2.58395605,0.0918622,0.13167691,0.16406703,0.18984699,0.21907854,0.24695539,0.27302814,0.29815435,11
0.3897930268949374,22.15656840463272,12.367311375044231,2.8,2.1,0.9372594356536864,2.730207920074463,4.065382480621338,4.667540073394775,4.913887977600098,5.064068794250488,5.164026260375977,5.22898006439209,6
0.77690376,275.27578218,175.61333061,2.34684998,2.47928682,0.11459351,0.17839694,0.23580694,0.28936553,0.3430469,0.39513659,0.44441247,0.49161935,3
0.58840656,7.38302851,35.98953247,2.37439871,2.07261992,0.97378516,2.7420032,3.98033547,4.52524281,4.73429012,4.85589504,4.91487122,4.939991,23
0.66745353,145.86657556,13.61465639,2.1,2.6,0.25253463,0.4678564,0.6541965,0.8158636,0.95700336,1.0808728,1.1896217,1.2883112,9
0.934171447937972,0.9511844672410324,1.0656902936712378,2.428897541840042,2.6107303307167373,1.179792404174805,3.629335641860962,5.703324317932129,6.879199028015137,7.475757598876953,7.83820915222168,8.137420654296875,8.38298511505127,5
0.49136875,292.07277668,234.8321178,2.1,2.1,0.09513426,0.12836218,0.1559,0.1767025,0.20163202,0.22469378,0.24541402,0.26594472,11
0.430029,37.2014497,33.1738532,2.21783193,2.74839609,0.83252525,2.49841213,3.74680328,4.30100346,4.4699564,4.54105616,4.59080315,4.63310337,23
0.95820379,195.75624084,301.84771729,2.30854678,2.92246771,0.1253736,0.19170928,0.24948978,0.31308007,0.37358618,0.42918873,0.48236132,0.53297544,4
0.7177860272949592,1.724955807093984,4.475964430892257,2.688698352472558,2.1479414283885725,1.1428251266479492,3.497638940811157,5.561005592346191,6.750666618347168,7.276699066162109,7.542071342468262,7.7717485427856445,7.935773849487305,6
0.82684424,141.72773567,280.32593728,2.4,2.3,0.1454413,0.2181077,0.29168272,0.357198,0.41797566,0.47417378,0.52617717,0.5746906,4
0.56743546,153.94726564,26.06284249,2.0,2.2,0.25490618,0.46829534,0.6426146,0.789376,0.9140904,1.0209451,1.1119654,1.1947906,9
0.70218066,90.64484544,88.86875635,2.4,2.5,0.34076834,0.69108033,0.95755005,1.1640341,1.3280616,1.4631288,1.5777125,1.6751776,10
0.49380999,55.61087112,37.26014832,2.28101625,2.70353353,0.68458724,1.88968205,2.66782784,2.98674512,3.12652612,3.21289611,3.28734756,3.35361075,23
0.97136068,96.01015472,378.00912476,2.2929616,2.00152802,0.10743928,0.14358377,0.17537689,0.20117736,0.22867823,0.25418806,0.27776694,0.2984767,11
0.51302689,60.05986023,251.02664185,2.76120853,2.1181345,0.36655831,0.74535942,0.95029807,1.03502536,1.08733821,1.12737346,1.15900302,1.18615842,21
0.5106274393794484,162.11383830712808,0.016633151840702,2.4549108667338464,2.3577580918940537,0.3431906700134277,0.7008724212646484,0.9651384353637696,1.166222333908081,1.3262226581573486,1.4597675800323486,1.5749273300170898,1.672408103942871,8
0.74546855,80.7012244,304.52768016,2.20878852,2.10907713,0.18413544,0.27435637,0.35187984,0.41675138,0.47200108,0.52061152,0.56210136,0.59860182,4
0.72174644,158.45849609,293.90859985,2.58845401,2.7838583,0.19016743,0.28530431,0.37753558,0.46149898,0.53631973,0.60457349,0.66715741,0.72515607,17
0.71243167,115.4138031,64.02687836,2.01199698,2.62248373,0.28634763,0.5559988,0.78081703,0.97064734,1.13158965,1.2690804,1.38799477,1.49232173,10
0.50741462,41.61624221,21.05345364,2.53875909,2.77073481,0.78621602,2.27643442,3.31591129,3.79348326,4.00141096,4.12099218,4.21235275,4.28692913,23
0.6171901954271033,53.17956585476682,0.0365016777392285,2.64730141804176,2.7092009762873714,0.6485774517059326,1.730604648590088,2.435809135437012,2.800113677978516,3.0222420692443848,3.18685245513916,3.3240609169006348,3.437695980072021,22
0.5729759465467248,209.2747901015354,0.45616663911888,2.714903457249478,2.526865088852367,0.2750430107116699,0.5051631927490234,0.7021374702453613,0.8728694915771484,1.0216267108917236,1.1533734798431396,1.270174264907837,1.3741018772125244,8
0.6722721180089726,4.47092895507875,0.0778701314753081,2.656025649385599,2.5388859751659165,1.1352307796478271,3.4513654708862305,5.383448123931885,6.427015781402588,6.888842105865479,7.1712727546691895,7.405813694000244,7.58621072769165,5
0.86047796,178.78805665,324.57652008,2.4102914,2.8752908,0.14288402,0.210217,0.2751019,0.34237766,0.40336752,0.46010232,0.51308441,0.56331301,4
0.6456470686343088,27.152059153439307,0.0163782919274815,2.94636908071373,2.718230288006908,0.8273825645446777,2.3323984146118164,3.361923217773437,3.885996818542481,4.175812721252441,4.3691277503967285,4.5230584144592285,4.637731552124023,22
0.32077021,298.02498423,338.28436312,2.4,2.3,0.12742305,0.1427753,0.16101766,0.16896439,0.17970753,0.18952799,0.2002182,0.20936608,11
0.70616696,254.17518098,239.94368403,2.2,2.9,0.12071085,0.16617227,0.21244693,0.25115514,0.2912016,0.3302145,0.3659017,0.40063167,3
0.35230868,99.52580304,156.48887318,2.2,2.8,0.44784617,1.0260382,1.3471961,1.4539876,1.5113668,1.5583138,1.5981345,1.6324468,0
0.30161937,98.54579958,210.54296115,2.25580401,2.72191686,0.48588824,1.2167871,1.66361713,1.76121163,1.77979541,1.79819131,1.8155334,1.83161187,1
0.75671752,88.27629121,137.74481912,2.4,2.9,0.30802393,0.5984404,0.8261895,1.0126283,1.1651483,1.2932835,1.4024429,1.4965129,10
0.6384623409425015,12.75275377664728,0.0080113308419872,2.0829458257156594,2.0547803495482126,0.8727407455444336,2.3955533504486084,3.356952428817749,3.796757459640503,4.028840065002441,4.188097953796387,4.291994094848633,4.381030082702637,22
0.5557077701162005,1.2305553028271978,13.12827315769952,2.859894877741485,2.880680240393374,1.261561155319214,4.169113159179688,7.431120872497559,10.067073822021484,11.568685531616213,11.79844856262207,11.801435470581056,11.80411148071289,14
0.31147259,283.52044678,316.42694092,2.29910278,2.44374132,0.15062976,0.17055917,0.19487095,0.21151495,0.22916245,0.2458725,0.26189971,0.27678657,11
0.31911849,269.49935903,386.21262611,2.9,2.0,0.1499188,0.16854215,0.19151807,0.20946074,0.22717834,0.24416065,0.25980163,0.27475333,11
0.33606719,89.32793428,300.47473936,2.41689357,2.23217704,0.33075929,0.6055131,0.7100184,0.74608636,0.77334023,0.79633212,0.81736422,0.83498693,21
0.3926263603955697,217.642765311449,387.04519777269513,2.16251659,2.27108955,0.123847484588623,0.1384279727935791,0.1550359725952148,0.1641266345977783,0.1751666069030761,0.1857352256774902,0.1967620849609375,0.2067079544067382,11
0.6132983,237.42429181,313.21722103,2.5,2.8,0.14105701,0.18478847,0.22877216,0.27226686,0.31277323,0.34842205,0.38229847,0.41445732,4
0.92139574,185.55049668,232.9285259,2.7,2.0,0.11976743,0.19327164,0.26348758,0.3307314,0.39479852,0.4563756,0.51428175,0.57002664,3
0.522386890587769,20.791988913503573,0.2126316774592714,2.621938558643561,2.5093802596894115,0.9572436809539796,2.808037519454956,4.175723075866699,4.826358795166016,5.115204811096191,5.2887067794799805,5.409701347351074,5.492701530456543,5
0.47007051,236.74851435,125.96894739,2.8,2.1,0.22265291,0.3672502,0.49231195,0.6013944,0.69818497,0.7856417,0.86346555,0.93447375,16
0.3120984684435756,4.280372636355365,0.0068067933571659,2.498879953621337,2.470996315226544,1.2285451889038086,4.042747974395752,7.211214065551758,9.846158027648926,11.303448677062988,11.353490829467772,11.357666969299316,11.36124324798584,12
0.99509234,244.26597379,381.57635459,2.8,2.3,0.10249972,0.13400912,0.16025043,0.19157076,0.22792196,0.26074386,0.2895081,0.31861973,11
0.38844985,211.36327585,371.48130724,2.8,2.9,0.21922827,0.27844572,0.32372093,0.362674,0.3959515,0.42712212,0.45524645,0.4818504,4
0.7746724083997676,1.870169307449318,61.55163386734103,2.598390395711998,2.42977464528426,0.9995002746582032,3.0274341106414795,4.7157793045043945,5.584480285644531,5.866822242736816,5.982705116271973,6.034867286682129,6.049840927124023,7
0.7331745,85.35745239,32.33676147,2.82173657,2.96208596,0.44791627,0.99885941,1.4136107,1.71474195,1.94497514,2.12949395,2.28329396,2.4149406,19
0.57135832,138.61933783,285.25710748,2.7,2.8,0.25750113,0.41934705,0.53846455,0.6394503,0.72553396,0.8000779,0.8661747,0.92436814,17
0.65503209,80.33544649,222.99069543,2.2,2.1,0.26177597,0.46506405,0.6123395,0.7288518,0.82251763,0.89832854,0.9604523,1.0141456,17
0.772386372108697,3.484650568634508,41.4940829272517,2.86896896,2.43573475,1.0166492462158203,3.014432668685913,4.569062232971191,5.353900909423828,5.696073532104492,5.919886589050293,6.069624900817871,6.1568145751953125,7
0.6205305315758257,1.308465737242074,0.0726776480228622,2.1856251661622133,2.276970236484817,1.1869874000549316,3.838593006134033,6.543459415435791,8.479984283447266,9.399660110473633,9.637922286987305,9.65778923034668,9.668432235717772,12
0.46449868,60.67369391,342.62333965,2.4,2.9,0.358629,0.6974602,0.8553479,0.9037399,0.93309236,0.9563925,0.97520804,0.99077964,21
0.9772622909457728,1.190745035162291,7.788337768762086,2.06732774,2.76642919,1.1095199584960938,3.40032696723938,5.281813621520996,6.291489601135254,6.7744855880737305,7.050897598266602,7.248398780822754,7.409770011901855,6
0.4226136708160163,104.69735379365028,0.0045893102240626,2.3558384450153973,2.18119951361166,0.5222787857055664,1.3067564964294434,1.7744793891906738,2.0003161430358887,2.142554759979248,2.257343292236328,2.353621482849121,2.435678482055664,18
0.9977246,215.27946955,378.11879777,2.1,2.6,0.0774858,0.11205721,0.13480425,0.14334631,0.16110206,0.17930865,0.19708872,0.2126894,11
0.4702578519583008,216.89680300338216,296.7282438945969,2.30707169,2.00065565,0.1215267181396484,0.1496529579162597,0.1766755580902099,0.1987335681915283,0.2217128276824951,0.2432162761688232,0.263763427734375,0.2828929424285888,11
0.30882198,243.72300928,196.66458829,2.3,2.1,0.20247197,0.27828336,0.33825326,0.3896098,0.4344468,0.47441053,0.5111728,0.54377675,3
0.53733592,35.2086371,313.87618464,2.24062029,2.95519871,0.47503424,1.20498848,1.6695981,1.7927537,1.79781055,1.80280256,1.80756092,1.81196785,1
0.50508474,58.5786158,151.40634185,2.60313182,2.35913449,0.49285173,1.22790527,1.67482495,1.86015105,1.95602536,2.02775073,2.0867393,2.13608003,0
0.5317359937735137,9.147976361414816,0.1277305910430085,2.7846157574958665,2.070417127901645,1.040935516357422,3.053308486938477,4.589835166931152,5.361924171447754,5.719958305358887,5.97698974609375,6.172275543212891,6.310093879699707,5
0.8720919563700633,7.007442648886781,20.98673767671988,2.452085668345835,2.202120838393661,0.8430860042572021,2.278090000152588,3.1939406394958496,3.6708617210388175,3.951806545257568,4.14651346206665,4.287694931030273,4.399511337280273,23
0.8985404276994043,1.805986001219584,0.4048864844288202,2.8254524231582856,2.4064967104834536,1.1324262619018557,3.3268015384674072,4.998201370239258,5.891970634460449,6.40641975402832,6.824213027954102,7.176779747009277,7.438647270202637,5
0.53632843,38.56508375,339.01479623,2.8,2.5,0.44122195,1.0332375,1.3847384,1.4728947,1.4825191,1.4911432,1.4987144,1.5054278,1
0.9060452857488944,14.437462710440528,0.7747131102836627,2.552465698107331,2.929382896090612,0.7754981517791748,2.122520446777344,3.008655071258545,3.494691848754883,3.794680595397949,4.017240047454834,4.194548606872559,4.340114116668701,22
0.90525651,275.26330566,6.6750679,2.4651885,2.30431581,0.12319517,0.21101737,0.29001904,0.36613035,0.44296861,0.51754665,0.58830237,0.65688539,2
0.86986844,284.86514116,320.32611431,2.3,2.3,0.07557344,0.11391163,0.1444726,0.15960217,0.1807034,0.2035985,0.227628,0.2498486,11
0.35110419,228.06626041,229.64456059,2.3,2.2,0.19103146,0.25533032,0.31117558,0.35891318,0.40157795,0.4394076,0.4736359,0.50569916,3
0.3895545620849502,0.8213698491018152,0.0361783606281528,2.980388630020577,2.196189769697239,1.2428455352783203,4.097347259521484,7.335798263549805,10.205777168273926,12.0598783493042,12.114556312561035,12.120901107788086,12.126237869262695,12
0.51543632,113.04549418,163.83758531,2.3,2.4,0.31641006,0.6044805,0.7961569,0.93454003,1.0404737,1.1261556,1.1964834,1.2567487,10
0.54135469851503,248.214251307988,0.0078590580508233,2.5927059970192765,2.714687550837961,0.260901927947998,0.4636247158050537,0.6420443058013916,0.7987427711486816,0.9380266666412354,1.0621554851531982,1.174443006515503,1.275388240814209,8
0.77156866,169.89715576,329.16586304,2.129565,2.41974282,0.11821222,0.16511345,0.2123065,0.25357032,0.2933979,0.33091283,0.36630535,0.3993299,4
0.65472095,151.54165401,293.80656694,2.7,2.6,0.20689821,0.3131168,0.40977144,0.4941907,0.5698116,0.63780594,0.6996243,0.7561691,17
0.4133365530139189,1.7348678465576686,55.5569010132529,2.932794099841644,2.8197188390489285,1.1382040977478027,3.679835319519043,6.420982837677002,8.571966171264648,9.65618896484375,9.771135330200195,9.771240234375,9.771240234375,14
0.378685427398698,6.905985196703479,0.0204751311106433,2.510757934568169,2.6378529137257054,1.206331729888916,3.909646987915039,6.798333168029785,8.910402297973633,9.882747650146484,10.002400398254396,10.01079273223877,10.01921272277832,12
0.8606274398794485,162.11383830712808,0.016633151840702,2.4549108667338464,2.3577580918940537,0.2019152641296386,0.3602244853973388,0.5132350921630859,0.6552095413208008,0.786365270614624,0.9075772762298584,1.0196921825408936,1.1232686042785645,15
0.99491043,186.57617632,344.90509193,2.5,2.5,0.1195457,0.16105819,0.20226431,0.2455144,0.28958893,0.3297162,0.36652517,0.4026122,4
0.346813,21.84321847,20.0961757,2.6,2.5,1.0643017,3.1758294,4.980629,5.958375,6.2091217,6.2841806,6.320691,6.3415794,6
0.42896697,291.14215346,297.92246631,2.0,2.8,0.10264993,0.12567401,0.14236331,0.15045142,0.16279316,0.17563176,0.18810582,0.19755459,11
0.76807756,250.59854175,46.17572966,2.8,2.9,0.1923747,0.31390977,0.43644047,0.5558679,0.665118,0.76821136,0.8648355,0.9566314,16
0.5990350551969682,1.3395277925032234,0.060906449529551,2.129061152223846,2.776254545167552,1.226820945739746,4.080259323120117,7.246721267700195,9.670677185058594,10.91053581237793,11.067184448242188,11.07776165008545,11.085976600646973,12
0.61742441,214.48715995,129.08589654,2.3,2.1,0.15504622,0.2445035,0.3306527,0.4093938,0.48216248,0.54906297,0.61109805,0.6696327,2
0.3,11.041547950249802,38.24439758086789,2.71893225,2.69529754,1.100194215774536,3.500532388687134,5.93051815032959,7.639287948608398,8.293266296386719,8.321285247802734,8.32188892364502,8.322545051574707,14
0.30668823,29.96816559,93.40551421,2.28705906,2.24666221,0.80570745,2.29202008,3.3619349,3.74578118,3.80603004,3.80905938,3.812464,3.8159368,23
0.73125527,203.35950771,131.1001336,2.1,2.3,0.13324332,0.21219325,0.28747773,0.3576312,0.42479658,0.48681617,0.5453584,0.6003661,2
0.7918798815100909,30.215728232848623,0.0067069613749508,2.4762216131023607,2.776092288831208,0.6615731716156006,1.744804859161377,2.4455676078796387,2.836416244506836,3.0920233726501465,3.284916400909424,3.443742752075196,3.576801300048828,22
0.54517711,186.40358255,277.95373527,2.0,2.8,0.1394701,0.17969942,0.21983957,0.2551849,0.28792644,0.31753016,0.34552813,0.37162232,4
0.78797377,187.62282346,376.39948469,2.7,2.9,0.15675092,0.19199109,0.24131036,0.29382324,0.33757448,0.37824917,0.41678,0.45273924,4
0.9948853385428452,2.1180040389120123,14.498377428224575,2.912077379750853,2.042497397521294,0.9626755714416504,2.612166404724121,3.688587188720703,4.300705432891846,4.722163677215576,5.054565906524658,5.295140743255615,5.45486307144165,6
0.3896262300038785,64.51020931146614,0.0050206584830586,2.1213289313087267,2.0313956178475943,0.6627936363220215,1.767756700515747,2.4153168201446533,2.6780760288238525,2.801819086074829,2.8942010402679443,2.9721267223358154,3.0366756916046143,22
0.30287642,185.55110639,203.9762535,2.7,2.4,0.34551573,0.6756542,0.8583081,0.9590368,1.0318661,1.091788,1.1409011,1.1840148,21
0.5879354792472354,1.1546262301874175,0.0256420298130872,2.2047132101023523,2.665286029123046,1.2322614192962646,4.098127841949463,7.27788782119751,9.786937713623049,11.069450378417969,11.178485870361328,11.18690299987793,11.19395637512207,12
0.70516971,77.30836241,356.16732433,2.1,2.5,0.18518758,0.25166607,0.30767655,0.352854,0.39102864,0.423676,0.45252538,0.47778153,4
0.9372606590882552,40.873337260101366,0.1427411277518538,2.1104683313750634,2.265182538211367,0.4102292060852051,0.8934891223907471,1.259619951248169,1.5370686054229736,1.755265474319458,1.9357359409332275,2.0876834392547607,2.218421220779419,18
0.97013682,298.82791138,249.25723267,2.83410668,2.27514124,0.117239,0.14211011,0.17725921,0.20915055,0.2458539,0.28187633,0.31300879,0.34655428,3
0.7727078006023047,38.18361594029444,0.2817303303065675,2.778890914829322,2.1802192579306507,0.5404291152954102,1.3080058097839355,1.8210105895996087,2.137667655944824,2.363644599914551,2.540489673614502,2.686988353729248,2.811753273010254,18
0.7135879836977549,9.433451367847203,0.1172715798655687,2.9989609032928923,2.090104310276041,0.9247221946716307,2.531981945037842,3.595566272735596,4.159012794494629,4.517642021179199,4.787346839904785,4.980567932128906,5.135132789611816,5
0.71297392,207.53531901,400.0,2.89006227,2.0,0.08958387,0.11598516,0.13259554,0.13569641,0.14383769,0.15778279,0.16820931,0.17416334,11
0.9867744565040784,49.3473179708291,0.0077763139654294,2.743580552366674,2.1355792489055214,0.3591899871826172,0.760162353515625,1.090487003326416,1.357041597366333,1.573828935623169,1.7556378841400146,1.911815881729126,2.0478994846343994,8
0.9670353854947208,266.9234986044301,333.05692624850303,2.0,2.0,0.0570650100708007,0.087007999420166,0.112649917602539,0.1236178874969482,0.1418838500976562,0.15802001953125,0.1742019653320312,0.1907234191894531,11
0.538828600990629,11.53015384698091,3.46492933884793,2.06732774,2.76642919,1.0371015071868896,3.214915037155152,5.048647880554199,5.993521690368652,6.312869071960449,6.427214622497559,6.512734413146973,6.577877044677734,6
0.922987426268262,1.877842114464813,7.037146440452209,2.5,2.9,1.1361901760101318,3.4460973739624023,5.352607727050781,6.383275032043457,6.889945983886719,7.220617294311523,7.479535102844238,7.672267913818359,6
0.50057009,216.81269295,241.08029718,2.4,2.6,0.1798079,0.24957061,0.31838584,0.37747288,0.4309728,0.4801762,0.52527285,0.56704235,3
0.65902762,95.37774508,324.9476422,2.5,2.1,0.21564317,0.33748388,0.43408465,0.51444936,0.5826378,0.64261794,0.6941471,0.7402282,17
0.72665066,239.22094727,333.77383423,2.15738225,2.3766284,0.09343386,0.1303153,0.16406202,0.18792605,0.21386123,0.23964739,0.2657845,0.28994417,11
0.6230190678171784,2.0386678776972453,0.0041698532790239,2.354396268952795,2.004113586065788,1.1340789794921875,3.528605937957764,5.73090934753418,7.100302696228027,7.671991348266602,7.864605903625488,8.006438255310059,8.120696067810059,5
0.8366554990817793,1.2872560484174778,2.025936867634134,2.64081287,2.60767984,1.1987261772155762,3.7143826484680176,5.945876598358154,7.237009525299072,7.855326175689697,8.200698852539062,8.491933822631836,8.734039306640625,13
0.92953448,74.63444397,185.24629875,2.3,2.2,0.21923041,0.3894832,0.54167295,0.6732342,0.789217,0.8912692,0.98046684,1.0602639,17
0.4048946865154569,39.42685508083049,0.0045338208136971,2.882162864013216,2.4477341821597665,0.8949985504150391,2.60672378540039,3.865531444549561,4.450350761413574,4.714115142822266,4.865573406219482,4.967254638671875,5.037505626678467,22
0.36480335,220.00743733,351.35466263,2.9,2.8,0.23663878,0.31831264,0.37341905,0.42061853,0.46176767,0.5000305,0.534019,0.56583714,4
0.6536968319680099,25.305541215657826,0.1166421986101271,2.152011399911366,2.396889548828712,0.7583963871002197,2.074867010116577,2.8912365436553955,3.275799512863159,3.489429712295532,3.636768102645874,3.7517635822296143,3.8475382328033447,22
0.74640157,235.88116682,400.0,2.0,2.0,0.05940509,0.08347583,0.1003077,0.10279226,0.11242414,0.11895728,0.12366891,0.13162136,11
0.9046480442457774,0.808563440081106,0.1960792415658087,2.734234287036345,2.6018965648629004,1.2225894927978516,3.807975053787232,6.114768981933594,7.483710289001465,8.169429779052734,8.566637992858887,8.909248352050781,9.20119857788086,12
0.3072066087337743,3.20787006065228,0.1190904905669507,2.693542353161744,2.485164050015752,1.2495169639587402,4.122918128967285,7.410252571105957,10.247809410095217,11.978702545166016,12.035161018371582,12.039548873901367,12.043254852294922,12
0.7070890127546606,4.399986364848685,50.94968671406824,2.54432678,2.13774657,0.9264018535614014,2.69141149520874,3.9748125076293945,4.560256481170654,4.809688568115234,4.936256408691406,5.016981601715088,5.054354667663574,23
0.3,16.533557945084894,29.617284568813247,2.9,2.9,1.112109661102295,3.534811019897461,5.955516338348389,7.632955074310303,8.25473403930664,8.293460845947266,8.30035400390625,8.306344985961914,14
0.644529630312447,29.944876319009225,0.005117629818436,2.368914558037266,2.2955320654029188,0.7155876159667969,1.9093079566955569,2.6412229537963867,3.008370876312256,3.2220230102539062,3.3722128868103027,3.4950661659240723,3.596747875213623,22
0.55475104,29.96857643,3.223809,2.01261592,2.16469884,0.76282835,2.02335501,2.77273321,3.08749771,3.23717213,3.34174538,3.41577959,3.47626162,22
0.8642796388947486,2.958029891709264,0.0464609745562787,2.2823283899800573,2.59262905537169,1.07637357711792,3.192176103591919,4.794992446899414,5.610613822937012,6.021428108215332,6.305133819580078,6.517377853393555,6.687162399291992,5
0.49743861,22.93962057,216.6619419,2.5,2.9,0.63206077,1.7139792,2.4466867,2.6660948,2.6781664,2.6788378,2.6793242,2.6798806,1
0.6461237074083681,195.16600864206177,0.4128221670344165,2.9632853454825883,2.8164998931333285,0.3006346225738525,0.5597186088562012,0.7853744029998779,0.9830586910247804,1.1561713218688965,1.3097834587097168,1.4461984634399414,1.567729949951172,8
0.60878716,208.50237267,216.87740111,2.0,2.5,0.12937164,0.18120146,0.23121071,0.27772474,0.3219087,0.36260867,0.40059352,0.4360547,3
0.3927781893558487,21.13570256124376,0.0125596953698127,2.1653500527342104,2.9765526493872327,1.048017501831055,3.3221375942230225,5.401939392089844,6.600708961486816,6.975801467895508,7.048578262329102,7.092963218688965,7.129423141479492,5
0.480142644527013,1.7850612944521267,0.4424402900194629,2.7476775907034408,2.6511162273545805,1.268557071685791,4.200161933898926,7.506415367126465,10.204928398132324,11.720450401306152,11.798067092895508,11.804742813110352,11.810431480407717,13
0.68724676,209.39690486,390.81928078,2.8,2.4,0.12995696,0.16793227,0.2047205,0.24394488,0.28075242,0.31251,0.34263778,0.3715875,4
0.41031653,170.67292439,191.90036011,2.7,2.1,0.290457,0.52947736,0.6879134,0.808347,0.9032669,0.9815402,1.0495825,1.1068404,10
0.77017935,147.52161282,128.80913025,2.1,2.2,0.16501546,0.27454638,0.37806034,0.47246146,0.55875325,0.6378515,0.7104471,0.77778316,17
0.64295308,222.10206454,315.1642801,2.02137544,2.32726187,0.10167384,0.13828778,0.17358828,0.20016408,0.22937894,0.25781369,0.28481174,0.30937147,11
0.32075254,74.71038787,79.39667925,2.00605264,2.54381592,0.64932132,1.79984355,2.53108311,2.74076986,2.78027201,2.80870056,2.83526754,2.85974789,0
0.31913224,195.63417053,393.8644104,2.69386148,2.25674915,0.17124605,0.18609142,0.20367908,0.210953,0.21929789,0.22724819,0.23378897,0.24041963,11
0.37317342,263.91883864,376.43100744,2.8,2.8,0.17933464,0.20403528,0.23685408,0.26531196,0.28744316,0.3087139,0.32837677,0.34758973,11
0.94405949,263.3762207,26.57684326,2.39547849,2.01316786,0.10616565,0.18153119,0.2474618,0.3111937,0.37707448,0.44099307,0.50193644,0.56149244,2
0.3931020497312889,15.77987186008045,0.0579957511750207,2.363777488536128,2.112548582241297,1.0172038078308103,3.041593074798584,4.6736907958984375,5.493664741516113,5.7659454345703125,5.88145923614502,5.955643653869629,6.011302947998047,5
0.73800788,198.94882493,8.61762975,2.6,2.4,0.21179914,0.37191796,0.52512026,0.6652641,0.7942283,0.9128537,1.0222876,1.1231833,15
0.727068470694373,124.2568039498206,0.0421822691140675,2.492167792538958,2.766189767967921,0.3382270336151123,0.6811599731445312,0.9650661945343018,1.203240156173706,1.4035825729370115,1.5754737854003906,1.7240729331970217,1.8545055389404297,8
0.44916154,209.95283248,130.48958046,2.4,2.1,0.22424555,0.36552167,0.48194647,0.5810523,0.66813326,0.74554205,0.81373096,0.8749497,17
0.5554054829765691,135.62067193697246,0.118218972342723,2.147516927157353,2.149973113436156,0.3235058784484863,0.6537055969238281,0.9017181396484376,1.0938634872436523,1.2477221488952637,1.3773274421691897,1.485442876815796,1.5809478759765625,8
0.56532143,186.18333906,100.50461528,2.87667617,2.07225162,0.21231675,0.35310864,0.47880507,0.58879995,0.68638468,0.77426434,0.8540132,0.92604017,16
0.61670625,30.50117111,181.77018738,2.50461364,2.17403817,0.49691153,1.19864368,1.59818888,1.7348752,1.78692293,1.82411337,1.85563278,1.88298893,0
0.49707302,74.04548645,48.0554657,2.21863198,2.02659965,0.48062897,1.12978435,1.4992485,1.68470812,1.80067635,1.89413404,1.97568178,2.04283571,19
0.69767707,69.57498111,394.81167802,2.7,2.9,0.2777772,0.4595728,0.56925535,0.653914,0.7221067,0.7778938,0.8252158,0.86463475,17
0.38523656,184.53392029,302.34088135,2.449682,2.30512094,0.19508886,0.24998474,0.29606175,0.33400106,0.36760211,0.39820409,0.42589283,0.45099068,4
0.8222817167842496,31.137275813516755,0.0057818620898676,2.356702688097289,2.433902111789871,0.5898463726043701,1.469947099685669,2.037004947662353,2.3758864402771,2.612640857696533,2.797544002532959,2.948657989501953,3.081301689147949,18
0.80187435,296.7447051,320.23775641,2.5,2.8,0.13514471,0.14357829,0.16740489,0.20260787,0.24086285,0.26949883,0.29693317,0.32521844,11
0.63340092,283.81930542,148.75137329,2.28859138,2.23735523,0.11524892,0.17343712,0.22765636,0.2769599,0.32605839,0.37273812,0.41715384,0.45919347,2
0.69240499,137.14737153,317.12777416,2.8,2.8,0.21719718,0.33026004,0.43110466,0.5199187,0.59803414,0.66824794,0.7312434,0.78838825,17
0.83736959,186.56763586,104.27666701,2.4,2.4,0.16105461,0.26838398,0.37329316,0.4719224,0.5636234,0.65051866,0.7315812,0.80750823,16
0.49085933,145.10940552,118.8145752,2.68583179,2.36104631,0.31999373,0.6132493,0.81753302,0.97020888,1.09133458,1.1911788,1.27341437,1.34501147,10
0.48875412,156.6920166,99.99662781,2.90453482,2.55106568,0.34620142,0.68548465,0.9244957,1.10191536,1.24143028,1.35637808,1.4512434,1.53284073,10
0.38891771,229.33312901,310.59662298,2.34598828,2.98620613,0.2172358,0.30471683,0.37213135,0.43122458,0.48383474,0.53113127,0.57419682,0.61384106,4
0.85389942,93.40315263,203.96984332,2.3,2.4,0.20876169,0.355783,0.4889953,0.604908,0.70669365,0.79684997,0.8777685,0.9505799,17
0.3,267.4497071273669,326.56901029373296,2.5924771,2.22766944,0.1472465991973877,0.1633760929107666,0.1821463108062744,0.1927621364593505,0.2040543556213379,0.2152700424194336,0.2261130809783935,0.2361564636230468,11
0.87865064,221.2276132,288.35138399,2.3,2.6,0.10327959,0.15224409,0.19414043,0.22960472,0.26575541,0.3020823,0.33710217,0.3699379,4
0.8375365,10.36179934,82.99056378,2.65300184,2.93017875,0.80705285,2.28058672,3.31264544,3.8101778,4.04452229,4.17208958,4.25428343,4.3124032,23
0.92658787,9.20964349,159.96119398,2.9,2.7,0.68408465,1.8763473,2.694998,3.0777023,3.2420356,3.320594,3.3650615,3.399657,23
0.89352658,277.37718211,118.44822618,2.1,2.6,0.10126138,0.16432643,0.21645212,0.26481485,0.31726217,0.3687694,0.41735578,0.46410966,2
0.71352452,288.90866089,272.75198364,2.40677619,2.13596988,0.08609581,0.12358546,0.15338206,0.17169523,0.19689059,0.22209334,0.24690008,0.26988697,11
0.59745811,270.81913407,344.90539104,2.6,2.1,0.09939623,0.13217974,0.16296124,0.1858294,0.21006393,0.23224998,0.25475955,0.27619863,11
0.4452931359294445,1.4039878739067928,0.0053483374728861,2.1371984277982934,2.559546483319464,1.2301485538482666,4.133550643920898,7.482529640197754,10.392905235290527,12.188777923583984,12.268058776855469,12.273529052734377,12.27798080444336,12
0.61564226,175.25357447,0.4522946,2.2,2.5,0.25366282,0.4651227,0.64758444,0.8059199,0.94497013,1.0673485,1.1748097,1.27179,8
0.5599570395169494,72.1142037709089,0.0910560052360555,2.3124290437699635,2.4070112920170272,0.54974365234375,1.3861463069915771,1.9022212028503416,2.1771798133850098,2.3576345443725586,2.4980411529541016,2.6180191040039062,2.7183337211608887,18
0.72405257,184.1139777,303.27369339,2.2,2.9,0.13182926,0.17905569,0.22700095,0.2667377,0.30562258,0.3428812,0.37705994,0.40928793,4
0.9045006027834254,43.84650403053403,0.1412394794788312,2.50609037411076,2.3911079060870364,0.4530136585235595,1.020995855331421,1.4415128231048584,1.7461061477661133,1.97993803024292,2.170498371124268,2.330640316009521,2.468459129333496,18
0.7148532348490046,46.93258662755677,0.00475572447351,2.511677924431563,2.425024823537721,0.5608668327331543,1.3881571292877195,1.9251923561096191,2.243259906768799,2.461669921875,2.6344332695007324,2.776497840881348,2.896831512451172,18
0.3290680334728165,2.2021105155080822,0.0818007915458406,2.305947750495168,2.7970064319025787,1.2562944889068604,4.247827529907227,7.800205230712891,11.026690483093262,13.001033782958984,13.037883758544922,13.044777870178224,13.050662994384766,12
0.97102838,230.04251712,39.09547705,2.2,2.9,0.13940501,0.23047495,0.31894064,0.40581584,0.49058533,0.5720043,0.6494527,0.7245002,15
0.7185191317691281,20.52866619577033,0.0094625779556947,2.1357079666821908,2.556462906245648,0.7722845077514648,2.1259710788726807,2.97637152671814,3.3860700130462646,3.6160404682159424,3.777081727981568,3.905884504318237,4.010463714599609,22
0.63539969,4.63692754,19.26591261,2.8,2.4,1.1487746,3.4716313,5.5078497,6.676259,7.0796185,7.216687,7.3034563,7.3476877,6
0.33378917,61.04524231,149.3417511,2.16810274,2.66548109,0.62217188,1.7203424,2.44986272,2.64109921,2.65492702,2.66614556,2.67706084,2.68797803,0
0.98360423,35.72068127,7.85980963,2.5,2.5,0.46485996,1.04513216,1.47825623,1.79471207,2.03608179,2.23062563,2.39332628,2.53373909,18
0.81647887,286.15601461,356.5386501,2.0,2.9,0.07539582,0.10820579,0.12524843,0.1273818,0.1376319,0.15728903,0.1722722,0.18150735,11
0.68984233,97.23062327,284.60864613,2.9,2.1,0.2513349,0.44340086,0.59402037,0.719929,0.82684326,0.9181955,0.99630904,1.0641685,17
0.88531995,154.03257751,28.11866951,2.33255553,2.08195686,0.16959691,0.2989099,0.42203069,0.53830338,0.64660072,0.74692369,0.84039664,0.9276855,15
0.41022173,246.02067498,132.35332983,2.8,2.2,0.24765658,0.41449547,0.54399776,0.65419674,0.7501242,0.8341768,0.9087486,0.9748583,17
1.0,115.15037045,92.23223381,2.0,2.0,0.14659929,0.26099277,0.36979723,0.47204328,0.56646109,0.65489221,0.73664665,0.81363225,16
0.72983193,44.534602,322.60618774,2.7,2.5,0.35595298,0.7237668,0.9572222,1.0952969,1.1841083,1.2502053,1.3002052,1.3409841,21
0.8324814126915497,0.8063573411753162,0.0418294099896846,2.959400356733522,2.401107279148144,1.2251787185668943,3.83133602142334,6.259291648864746,7.741971015930176,8.440290451049805,8.795022010803223,9.079374313354492,9.353371620178224,12
0.3268536,122.07044011,277.86410637,2.2,2.9,0.3120408,0.5389166,0.6290679,0.6789739,0.719486,0.7528291,0.78041077,0.80563474,21
0.3332024688427143,15.632628146134204,52.17841782194508,2.58699094,2.57883319,0.9967126846313475,3.092233419418335,4.987963676452637,6.083281517028809,6.360822677612305,6.393311500549316,6.410994529724121,6.417219161987305,7
0.7994947,129.56569743,224.65098967,2.5,2.8,0.20691466,0.33733892,0.45958877,0.5674126,0.6648419,0.75266576,0.83253145,0.9052038,17
0.61604629,30.94356771,185.13519565,2.7,2.9,0.59828424,1.5822282,2.2417693,2.5026917,2.592461,2.6393776,2.677176,2.7102666,0
0.70287919,53.13746829,59.5575941,2.64773361,2.85266177,0.5467186,1.35802746,1.90728903,2.21986961,2.42702007,2.58284092,2.71211958,2.82179737,19
1.0,226.5602682273872,400.0,2.005,2.005,0.0555357933044433,0.0815906524658203,0.1037538051605224,0.1082155704498291,0.1212356090545654,0.1319046020507812,0.1422972679138183,0.1531109809875488,11
0.8720241700328452,5.682654387090294,0.116451220465098,2.1344044689504416,2.393579632821901,0.9324419498443604,2.607255697250366,3.7133305072784415,4.265782356262207,4.572177886962891,4.786827087402344,4.942809104919434,5.071261405944824,22
0.96647951,115.81264954,7.87619069,2.5,2.0,0.20724845,0.38559055,0.55476546,0.71227527,0.85698366,0.9898393,1.1126289,1.2252128,15
0.93774106,17.18644145,123.92514485,2.2,2.4,0.5026319,1.1930246,1.6315105,1.8775637,2.0279882,2.1430824,2.2321508,2.3031437,20
0.47701216,33.14886093,123.75762177,2.11660409,2.76937675,0.69625306,1.99865842,2.89796948,3.21565986,3.27213693,3.29154706,3.30942607,3.32591558,23
0.35790932,248.50286004,167.67342979,2.05417774,2.30553829,0.18760753,0.26730108,0.33745742,0.39756036,0.45086145,0.4987092,0.54166412,0.58253455,2
0.6178935239754407,106.96457865792604,18.40540729533372,2.7,2.9,0.456233263015747,1.049302101135254,1.4775354862213137,1.7677528858184814,1.982912302017212,2.155562162399292,2.30033802986145,2.423712015151977,19
0.37110339,116.41117922,26.76211291,2.4,2.7,0.55658746,1.4164956,1.9437563,2.1627204,2.2806795,2.3735187,2.4510062,2.519963,19
0.37660778,214.36784363,372.76724243,2.06712842,2.21842551,0.12254429,0.13686466,0.15125346,0.15853429,0.16931081,0.17924547,0.18856478,0.19713473,11
0.3,56.9503035,138.95149214,2.00383904,2.00359661,0.55652118,1.41694331,1.86260915,1.9171865,1.925035,1.933357,1.94130349,1.94892097,0
0.4730345467122017,30.7597148802283,0.2521445020996798,2.3785796361973537,2.3054328551518424,0.8521814346313477,2.4233734607696533,3.488072156906128,3.9610445499420166,4.172172546386719,4.307618141174316,4.395272254943848,4.461669921875,22
0.746953115514983,26.17373383298208,0.3374781606382508,2.331949849716343,2.895939689587928,0.7341532707214355,2.039088249206543,2.8834800720214844,3.314629077911377,3.566117286682129,3.747252941131592,3.89004135131836,4.015754699707031,22
0.8507379365627707,1.8869493916527416,0.0427786592316885,2.199783046929284,2.604430921335072,1.1326332092285156,3.4541091918945312,5.358617782592773,6.38222074508667,6.86337423324585,7.151952266693115,7.3807549476623535,7.556673526763916,5
0.8679112872385547,37.62297309859005,0.0049560683328938,2.884544884047182,2.551036384722278,0.5430505275726318,1.3053174018859863,1.843149185180664,2.195197105407715,2.4512104988098145,2.6547093391418457,2.8236002922058105,2.9692087173461914,18
0.99374384,206.6255188,7.78070068,2.33510828,2.38396907,0.14274979,0.25053954,0.35113668,0.44968772,0.54498172,0.63646531,0.72396541,0.80753231,15
0.60434927,279.57869129,186.7542888,2.97754865,2.15105425,0.12557173,0.17737103,0.22757888,0.26934099,0.31178284,0.35369325,0.39228296,0.42901564,3
0.7009781938454638,16.122032963040382,0.0052833483523403,2.0288763847074844,2.224641572049924,0.7994797229766846,2.168147563934326,3.0070953369140625,3.40351676940918,3.617908477783203,3.77023983001709,3.88132381439209,3.9814629554748535,22
0.99256838,56.39642997,215.802366,2.1,2.7,0.22516179,0.397974,0.54698825,0.6732478,0.7815795,0.8751273,0.956095,1.0268607,17
0.38887273,83.81998526,154.79544012,2.6,2.2,0.5041909,1.2757273,1.7344325,1.8733706,1.9277763,1.971406,2.0102243,2.0442367,0
0.97032261,166.99751282,392.17926025,2.46748257,2.04452109,0.08104396,0.11215258,0.13324356,0.14148307,0.15958929,0.17576027,0.19009733,0.20303321,11
0.4314984330618643,1.6440636912830608,1.0633584864263113,2.51587605,2.8980031,1.280651569366455,4.2999467849731445,7.864080429077148,10.988787651062012,13.00313663482666,13.073826789855955,13.08112335205078,13.087286949157717,13
0.46027005,151.68873323,51.31617047,2.1,2.8,0.33001804,0.6499629,0.87433004,1.0374618,1.1639721,1.2687516,1.3567896,1.4298582,9
0.77934173,149.92252164,137.87018694,2.8,2.5,0.22870636,0.39618278,0.55221987,0.6927984,0.819505,0.93432164,1.0386705,1.1344776,17
0.6543036166938706,1.429981333296571,30.08420447446095,2.0163571408521848,2.387032990129301,1.0816435813903809,3.45505428314209,5.752700805664063,7.243246555328369,7.809169292449951,7.857675075531006,7.859765529632568,7.861534595489502,7
0.50821588,193.34614056,207.33899127,2.35295325,2.44722756,0.20643568,0.314749,0.41085982,0.49280548,0.56580758,0.63184595,0.69145513,0.74616361,17
0.82896619,198.48131494,384.79119446,2.9,2.5,0.1367414,0.17924333,0.22277856,0.27562356,0.31986547,0.36081767,0.4002471,0.43728375,4
0.37128129,132.01083263,242.81998158,2.6,2.2,0.33273983,0.6447282,0.8184266,0.91290665,0.98028755,1.036607,1.0822754,1.1217835,21
0.6037517378419005,1.1045225552198974,0.0043329904263217,2.0779723722206302,2.9871568998587787,1.2347829341888428,4.157392501831055,7.503873825073242,10.198887825012209,11.780936241149902,11.991040229797363,12.00088882446289,12.00886058807373,12
0.850607984784395,2.858616944070397,0.0141061236391281,2.062804024583716,2.808965331360662,1.0827267169952393,3.2970526218414307,5.054988861083984,5.95798397064209,6.380517959594727,6.628559112548828,6.808058738708496,6.950526237487793,5
0.7387074281613744,4.07289436484834,0.0130503898810849,2.442529045610455,2.8627015664040893,1.133908987045288,3.4781813621521,5.451478004455566,6.520986080169678,7.001773357391357,7.275285243988037,7.483447551727295,7.647348880767822,5
0.7053529,26.09106273,260.57862519,2.9,2.6,0.52009916,1.3221409,1.8556039,2.0634549,2.124684,2.155195,2.179405,2.2000725,1
0.49653456,287.1538582,380.06839822,2.7,2.7,0.14206028,0.15832901,0.18279672,0.21392488,0.23672533,0.2564602,0.27642298,0.29533386,11
0.7967957140420411,1.736549645591378,6.307908137010651,2.0074821990941047,2.8029490445255463,1.1340034008026123,3.5934362411499023,5.8265886306762695,7.1209635734558105,7.67476224899292,7.9021687507629395,8.034038543701172,8.132078170776367,6
0.99811769,51.01659393,220.92166138,2.20772052,2.00685763,0.21023965,0.36772537,0.50355458,0.61807394,0.71614718,0.80113292,0.87397003,0.93693328,17
0.51372186,281.61343634,157.7729629,2.52170205,2.70557089,0.18501735,0.27393913,0.36212397,0.44263864,0.51592159,0.58344603,0.64601994,0.70427179,17
0.76803592,217.90090251,41.76079428,2.23638044,2.4188435,0.15912342,0.2700491,0.37654042,0.47732019,0.57186365,0.66155696,0.74536467,0.82417989,15
0.924284086877168,1.0755388910139263,0.0122553989689775,2.0089779442746205,2.4828328264836217,1.12886381149292,3.453573703765869,5.354255199432373,6.3873162269592285,6.89956521987915,7.197877407073975,7.418491840362549,7.596333980560303,5
0.4828853942665154,107.03093251416593,97.62696096910192,2.0914583773276445,2.308743441091396,0.387505292892456,0.8545820713043213,1.1509854793548584,1.326984405517578,1.454853057861328,1.5555357933044434,1.637526035308838,1.7076494693756104,10
0.38855938,231.60216708,81.47739383,2.2,2.6,0.25415444,0.42564774,0.5546098,0.66246295,0.7548728,0.8339944,0.9036937,0.96480775,16
0.68297941,119.40742296,241.97193748,2.5,2.5,0.23474765,0.39164305,0.5222244,0.6338239,0.73026085,0.814862,0.88933086,0.9559753,17
0.94718866,284.60207286,371.03240297,2.0,2.2,0.05740619,0.08621669,0.10776734,0.10937858,0.12327862,0.13504958,0.1460402,0.15770817,11
0.54483272,98.71388101,240.81422062,2.9,2.6,0.36963272,0.7617233,1.022224,1.1890187,1.3079648,1.4026768,1.4804018,1.5453737,10
0.6679259932347122,13.221171535822627,0.3509470049856327,2.708207171337133,2.249022171268892,0.9144091606140136,2.5512492656707764,3.652482748031616,4.198012351989746,4.5166521072387695,4.727831840515137,4.8921403884887695,5.00895881652832,22
0.50653193,243.79958198,164.23692685,2.13693105,2.3129192,0.15990901,0.23449469,0.30936575,0.37542987,0.4358232,0.49123478,0.54278922,0.59106874,2
0.6742691,158.24413006,345.7003435,2.3,2.3,0.12943244,0.16908836,0.21032739,0.2447381,0.27838898,0.3088441,0.3376639,0.36458826,4
0.45627927,260.5465664,56.55578024,2.8,2.1,0.2350142,0.40243244,0.54606485,0.67118025,0.78208756,0.8809571,0.96947455,1.0497057,16
0.9349716,179.01881166,10.88023885,2.50159094,2.94786166,0.20752501,0.3643682,0.51746917,0.66610932,0.80413508,0.93370986,1.0549953,1.16882515,15
0.58330869,260.89627337,221.44421477,2.2,2.5,0.12445426,0.17180991,0.21863532,0.25972223,0.29954505,0.33778858,0.3742168,0.40815067,3
0.97253424,8.14356995,40.56981659,2.26477909,2.74066067,0.77736115,2.10857749,2.95821691,3.39097238,3.6420629,3.80728269,3.93749595,4.03868866,23
0.62251997,5.74365587,72.92874367,2.2,2.4,0.92065024,2.624571,3.8612077,4.3888693,4.5359983,4.587322,4.5973263,4.6012526,23
0.44656394,67.17407421,279.08628933,2.9,2.1,0.42503047,1.0144095,1.375885,1.4915533,1.5331137,1.5649798,1.5915222,1.6146009,1
0.6423904929043681,25.69173243900192,70.7278928337013,2.9722768449758386,2.1637371885834806,0.649559497833252,1.723677635192871,2.398198127746582,2.733137607574463,2.914666652679444,3.040408134460449,3.1329822540283203,3.207611560821533,23
0.55678645,41.14158775,388.8238874,2.3,2.3,0.29801393,0.50529695,0.58010864,0.60717845,0.62648296,0.64124346,0.6527705,0.66215634,21
0.30758123,242.57184923,54.83409539,2.12054089,2.383429,0.31328845,0.58966398,0.76382279,0.88692117,0.98425364,1.06327796,1.13114667,1.19035339,9
0.83901603,156.19101047,27.2271343,2.1329461,2.48632947,0.19552875,0.34999728,0.49706268,0.63361382,0.75879121,0.87464118,0.98142934,1.08055782,15
0.36218812,96.79577714,350.47182163,2.8,2.8,0.37502074,0.74822474,0.93341947,0.9940698,1.0283387,1.0587256,1.0840578,1.1060255,21
0.5522695845475548,4.537156730654236,0.0135483286920222,2.9909697363241827,2.9616492513200914,1.2436652183532717,3.985804557800293,6.741090774536133,8.584290504455566,9.380311965942385,9.60069751739502,9.722076416015623,9.86811637878418,12
0.56042843,101.53736564,128.93773472,2.3,2.5,0.34572697,0.69752645,0.9385278,1.1073258,1.2326977,1.3341749,1.417515,1.4877467,10
0.7512030069420443,3.4461864119136347,0.344777861996912,2.8427195221516435,2.8697115697921847,1.1754753589630127,3.598660707473755,5.678618431091309,6.838836669921875,7.376829147338867,7.720956802368164,8.01033878326416,8.238372802734375,5
0.9642089,298.05834961,69.66880798,2.96735048,2.06566691,0.11232615,0.17533278,0.23274899,0.28779745,0.34621978,0.40506887,0.46035433,0.51375461,2
0.9877862,199.42715619,103.00035866,2.7,2.4,0.14870238,0.2514143,0.34702492,0.4443357,0.5371678,0.62515736,0.70833015,0.788198,16
0.5808456222475867,300.0,325.08842786834884,2.1,2.7,0.1022751331329345,0.1380732059478759,0.1691746711730957,0.1967747211456298,0.2244043350219726,0.251594066619873,0.277278184890747,0.3021829128265381,11
0.45300708,228.20526053,8.99384941,2.53918336,2.60528669,0.30824542,0.58160853,0.78916764,0.96009636,1.10241222,1.22349215,1.32895565,1.42106605,9
0.3615124701609972,276.31632294308304,0.06160122657377,2.591692352279292,2.895857997503287,0.3500382900238037,0.7032113075256348,0.9514799118041992,1.13629150390625,1.2845547199249268,1.409480333328247,1.5158908367156982,1.6071994304656982,8
0.6714174802043487,7.451062927344125,26.698588258786994,2.7,2.9,1.044083595275879,3.1705353260040283,4.924983024597168,5.847959518432617,6.212771415710449,6.418702125549316,6.552124977111816,6.646492958068848,7
0.80597923,84.64284593,316.98349318,2.4,2.5,0.20814109,0.3263204,0.42810154,0.51391625,0.5884254,0.65331626,0.7101197,0.76025224,17
0.8837732015458638,0.9636354616732576,57.644476507326814,2.781126710217661,2.1448998159075505,0.98614764213562,2.9374399185180664,4.4815850257873535,5.255051612854004,5.5518646240234375,5.699245452880859,5.79178524017334,5.819588661193848,7
0.8663539875116268,7.551622920791128,0.0241091382639571,2.464461265456701,2.183300876958276,0.8704979419708252,2.33704137802124,3.269539833068848,3.772227764129639,4.080268859863281,4.30156946182251,4.471210956573486,4.602768421173096,22
0.9439763527788836,37.04957688825588,51.93026272968475,2.32119083,2.09810996,0.3825995922088623,0.827467679977417,1.1616263389587402,1.4109089374542236,1.6042490005493164,1.763411045074463,1.896209716796875,2.009488582611084,9
0.58534205,222.96537781,303.28582764,2.66564512,2.07853436,0.11320734,0.14534092,0.17504048,0.19787431,0.22178864,0.24489808,0.26773429,0.28855348,11
0.956402892745861,2.134539763057288,0.7097680493089437,2.0577747591814832,2.1312184565858714,1.0066413879394531,2.8194420337677,4.028594017028809,4.644248008728027,5.017210960388184,5.282047271728516,5.47189998626709,5.625865936279297,5
0.8323846212814001,14.28289824837447,0.0041306583354817,2.8789970711473947,2.7833416926251617,0.8438427448272705,2.3408432006835938,3.3487863540649414,3.8971409797668457,4.226667881011963,4.461999416351318,4.646666049957275,4.790853500366211,22
0.45696106,199.89362083,21.50508596,2.1,2.1,0.25048137,0.44566607,0.6003351,0.7304671,0.8409767,0.93610525,1.0179036,1.0903502,15
0.65066464,141.92597327,22.6198811,2.44006305,2.13511891,0.26539445,0.4959321,0.69005013,0.85599661,0.99830532,1.12157655,1.22882056,1.32554984,9
0.6530868691765115,8.43875247880984,0.0120853203400379,2.600869014975741,2.405809284797296,1.031876564025879,3.015577554702759,4.484262466430664,5.198541641235352,5.568541526794434,5.817171096801758,5.995144844055176,6.136500358581543,5
0.98716755,256.32550566,208.96032171,2.3,2.4,0.09385776,0.15089178,0.19773197,0.23782134,0.28171515,0.32656693,0.36953044,0.41020226,3
0.69473892,296.01800537,293.54736328,2.61877322,2.06463099,0.08398962,0.11850595,0.14252663,0.15462351,0.17512655,0.19599843,0.21625257,0.23342991,11
0.5793109535661649,1.0958474212460132,33.079387950107694,2.7362303588564827,2.689238900784951,1.1751508712768557,3.819811582565308,6.660005569458008,8.801526069641113,9.830828666687012,9.928266525268556,9.928510665893556,9.928775787353516,14
0.42193359,172.06875121,75.59991104,2.5,2.8,0.3734157,0.7684369,1.0341077,1.2119198,1.345871,1.4525061,1.5425653,1.6222405,10
0.5835030778346677,100.57449428765251,15.051849694664826,2.22740797587574,2.852871817723305,0.4595506191253662,1.091508865356445,1.5228307247161863,1.7965402603149414,1.9957337379455569,2.154017925262451,2.286046028137207,2.396998405456543,19
0.3083732918371881,64.23603847552458,0.96122939059675,2.3283591728984985,2.884134461756805,0.8662712574005127,2.644230365753174,4.062055587768555,4.727296352386475,4.918321132659912,4.987725734710693,5.029291152954102,5.063622951507568,22
0.65435731,121.81819153,198.28877258,2.42561364,2.37902546,0.24049211,0.41141725,0.55241728,0.67189765,0.77421284,0.86368036,0.94215322,1.01138163,17
0.4972133701190231,29.39632865769538,0.0263372307411884,2.046850161268748,2.732658810310639,0.869481086730957,2.594166278839112,3.847433567047119,4.394673824310303,4.592522144317627,4.697525978088379,4.767644882202148,4.831711292266846,22
0.58193285,23.86356082,216.5348451,2.62264087,2.71387006,0.61278534,1.6570096,2.35970259,2.59232664,2.61934328,2.62393808,2.62949324,2.63479567,1
0.75375962,113.82946777,121.73033905,2.47339845,2.0665133,0.21931505,0.3845458,0.53125525,0.65914989,0.77167535,0.87116289,0.96024823,1.04028893,16
0.7194347799200844,2.5494811595632,0.396616285609628,2.283536140283375,2.7182539330980404,1.1682555675506592,3.6750333309173584,5.949292182922363,7.279038429260254,7.850680351257324,8.104849815368652,8.267142295837402,8.408513069152832,13
0.94106096,6.96456099,21.66013908,2.18819237,2.55104852,0.83701086,2.26684761,3.16727686,3.61743736,3.87596655,4.03892469,4.17453337,4.26238871,23
0.90118212,221.34212878,138.74783088,2.7,2.0,0.1212039,0.20417428,0.28170466,0.35633206,0.42904472,0.4987409,0.5656433,0.62957,2
0.71770617,273.32965528,367.03298195,2.3,2.1,0.07189035,0.10165691,0.12757945,0.13380885,0.14747047,0.16235447,0.17801952,0.19159532,11
0.5718524486492745,0.7442189368668436,0.8227218932955023,2.173057669848846,2.3845666959348333,1.2150468826293943,4.037736892700195,7.213783264160156,9.843441009521484,11.380413055419922,11.461602210998535,11.468875885009766,11.474876403808594,13
0.79285041,28.3489905,115.38183777,2.9,2.6,0.59037066,1.5315378,2.1619318,2.4881613,2.6782238,2.8130076,2.9171727,3.0057375,20
0.6735246046307156,6.031877222310234,0.0532634902132339,2.952447545069552,2.6178913706432674,1.1135168075561523,3.329558849334717,5.111241340637207,6.041339874267578,6.482266426086426,6.808539390563965,7.079021453857422,7.276773452758789,5
0.77148771,299.19024658,314.98373413,2.07554722,2.46892643,0.07872009,0.11679935,0.14947152,0.1698885,0.19358778,0.21783113,0.24237394,0.26620412,11
0.49042303,56.59185165,158.03757922,2.4,2.3,0.5057516,1.2483876,1.6812358,1.8307364,1.8976471,1.9489691,1.9929078,2.0299056,0
0.5384262026263577,7.270942534785718,0.0085526156157426,2.465148175032946,2.601223536456533,1.1311616897583008,3.518620014190674,5.648212909698486,6.851147174835205,7.309188365936279,7.482118129730225,7.612361431121826,7.703297138214111,5
0.46814379,180.29858398,52.3997879,2.50452161,2.1613121,0.28226829,0.51781249,0.69576669,0.83896875,0.95764136,1.05813813,1.14460492,1.21985292,9
0.3875429064615533,145.07070972978445,0.0169984839808367,2.932942781552084,2.639674685124951,0.5329442024230957,1.353994846343994,1.8962507247924805,2.1647915840148926,2.325470447540283,2.452584743499756,2.5551161766052246,2.6463522911071777,18
0.53340702,109.67679494,164.37380379,2.3,2.1,0.29728198,0.556911,0.73662543,0.869437,0.97313285,1.0578275,1.1282024,1.1883068,10
0.98424258918928,3.35859287626854,0.0455802276826233,2.500948490713961,2.602595813701092,1.0019516944885254,2.834156990051269,4.100510597229004,4.765115261077881,5.167660713195801,5.459597587585449,5.686820983886719,5.864925384521484,5
1.0,248.05610657,118.58926392,2.0,2.0,0.08088779,0.1383605,0.19029021,0.23689294,0.285007,0.33118629,0.37622213,0.42047906,2
0.3021111,122.98436385,47.84471765,2.42612731,2.67095401,0.60510993,1.62578177,2.28219199,2.50415921,2.58113027,2.6378243,2.6874578,2.73149657,0
0.87961002,73.31421248,392.03065224,2.0,2.3,0.13127136,0.16659093,0.1993084,0.2260499,0.25271606,0.27654076,0.29691482,0.31513,11
0.30374945,120.72346281,150.43188147,2.80683888,2.81344553,0.54310584,1.40045071,1.96943903,2.15649939,2.20936108,2.24973488,2.2850194,2.31712866,0
0.7121299850975931,4.179083119715846,66.82500385256961,2.30905833,2.65676326,0.957871675491333,2.9163365364074707,4.51270866394043,5.304208278656006,5.543798446655273,5.623913764953613,5.653507232666016,5.664904594421387,7
0.53377313,249.94854026,130.87195012,2.1,2.8,0.15603781,0.22842598,0.30184722,0.36719584,0.42699647,0.48248935,0.5346763,0.5833273,2
0.60119635,223.87660217,233.89701843,2.87885284,2.33293343,0.15752506,0.22091579,0.28679562,0.34346938,0.39716864,0.4467721,0.492661,0.53609061,3
0.70070002,284.23979232,115.45193619,2.8,2.2,0.1402328,0.22295237,0.30159736,0.37847638,0.4520116,0.5215256,0.5867913,0.6497023,2
0.5390900530951126,35.318335056227056,23.465376499569608,2.207312364583903,2.4337880385784367,0.7414383888244629,2.082547664642334,2.940995693206787,3.309447765350342,3.484198093414306,3.588913917541504,3.676188945770264,3.7497925758361816,23
0.92844372,13.17039226,336.82522847,2.00381492,2.55877988,0.3818593,0.83385468,1.09953451,1.18977237,1.212358,1.22239375,1.22936916,1.23447275,21
0.85662803,142.11840665,101.16504026,2.0,2.8,0.17126441,0.28922462,0.40470362,0.5106907,0.6085563,0.6985214,0.78157735,0.8590658,16
0.7406442,78.80747309,271.33713532,2.0,2.0,0.18416739,0.28734612,0.37452984,0.44717836,0.5090616,0.5635333,0.6100533,0.65019846,17
0.6611811665417046,3.47738208058196,0.0167314858566374,2.3068566221664857,2.717141653110744,1.1603717803955078,3.652589082717896,5.938212394714356,7.260855674743652,7.821281433105469,8.03739070892334,8.189970970153809,8.299121856689453,12
0.4766268518082776,1.211645482079698,0.6494576323091854,2.8925944601374143,2.2604202794271515,1.2369704246520996,4.045053958892822,7.159423351287842,9.74799346923828,11.17412567138672,11.22332000732422,11.228336334228516,11.232421875,13
0.57493831,131.11187442,299.55504791,2.4,2.5,0.21327639,0.31783056,0.4030199,0.47373652,0.53555655,0.5903077,0.6381328,0.6813147,17
0.30000001,215.26127625,296.54220581,2.0,2.0,0.13915253,0.15596128,0.17152429,0.18447542,0.19843268,0.21116519,0.22309637,0.23471618,11
0.32216315,264.70585426,70.12590301,2.8,2.9,0.3518927,0.68078184,0.89248395,1.0415688,1.1588984,1.2565513,1.3380728,1.4071755,10
0.31189615,10.39797306,11.30242348,2.43046975,2.24365783,1.14539051,3.46288753,5.65236759,6.95343304,7.38638496,7.50340271,7.5565567,7.56873894,6
0.3569618877590168,48.9191325767039,0.0816871770640112,2.252120289831318,2.233548173510352,0.8125221729278564,2.311103582382202,3.329426050186157,3.7391746044158936,3.905217409133911,3.9893782138824463,4.0484113693237305,4.094182968139648,22
0.9853243985103156,12.21169523899387,0.1483332656395762,2.348063297809987,2.540269238871361,0.7082614898681641,1.8328962326049805,2.545573711395264,2.959550380706787,3.237306594848633,3.446860790252685,3.6197142601013184,3.7676100730896,22
0.82042462,218.61458623,173.0600615,2.02641257,2.67943593,0.12405849,0.20157123,0.27598643,0.34653425,0.41397333,0.47843504,0.53967357,0.59804201,3
0.73350551,129.75600611,113.1077631,2.0,2.6,0.20306087,0.34750366,0.47977853,0.59675455,0.7006743,0.7943392,0.8784609,0.95430064,16
0.70034285,37.20526148,124.85251616,2.8,2.8,0.5768726,1.4776206,2.0797796,2.3807015,2.5467215,2.6637115,2.7566686,2.8345966,20
0.46091006,65.26029233,271.60071137,2.7,2.2,0.42135096,0.9749658,1.300868,1.4043398,1.447716,1.4818926,1.51176,1.5362914,1
0.5315696415298902,235.3698033685918,0.0765833046244142,2.317605914510049,2.637807433835265,0.2587099075317383,0.466505765914917,0.6463577747344971,0.8030109405517578,0.9402093887329102,1.0625596046447754,1.1715290546417236,1.2691736221313477,8
0.9861567,46.42080688,396.75924683,2.96219873,2.00387478,0.17054081,0.22606254,0.271523,0.30666685,0.33748078,0.36311579,0.38507509,0.40322709,4
0.74264346,88.29562837,377.27630785,2.1,2.4,0.15194988,0.19298482,0.2331276,0.26738,0.29762197,0.32439065,0.34825182,0.36951065,4
0.6624929959677969,19.76451864743261,10.016109069632869,2.935730399530125,2.96487693238492,0.907195806503296,2.654243469238281,3.936366558074951,4.590419769287109,4.9146833419799805,5.123203754425049,5.2677435874938965,5.386475086212158,6
0.3072249165513473,119.85114980847344,383.1726974428235,2.0,2.0,0.1805691719055175,0.2016875743865966,0.2147071361541748,0.2251183986663818,0.2350220680236816,0.2440099716186523,0.2521371841430664,0.2596189975738525,11
0.74343956,284.61785889,29.61289024,2.09293962,2.01545548,0.10416627,0.17511582,0.23920608,0.30015731,0.36061716,0.41813707,0.47397876,0.52678704,2
0.91861286,62.23526759,169.62030139,2.7,2.2,0.29473066,0.5749192,0.8061724,0.9995122,1.1605144,1.2974133,1.4134254,1.5138323,10
0.6003901665678947,19.013554585719767,0.0158298111019802,2.5593891699513667,2.9850193696922487,0.962592840194702,2.875835657119751,4.346617698669434,5.07012939453125,5.384840965270996,5.573514938354492,5.70409107208252,5.806819915771484,5
0.4504332840443902,1.1954414776177311,0.1629193406005314,2.577760153621133,2.052395757842364,1.1883320808410645,3.8508665561676025,6.731954574584961,9.08690357208252,10.518527030944824,10.589951515197754,10.596317291259766,10.601619720458984,12
0.8471124271206224,0.91368130278701,0.0915287288233826,2.08748279871644,2.9991108852961954,1.2022123336791992,3.901146650314331,6.564596176147461,8.242240905761719,9.029287338256836,9.35678768157959,9.531858444213867,9.658040046691896,12
0.3218933974956471,77.29492491111515,400.0,2.28495693,2.31612396,0.2905819416046142,0.4826006889343261,0.5295429229736328,0.5477051734924316,0.56351637840271,0.577136754989624,0.5889885425567627,0.5993673801422119,21
0.3756297748064657,4.845781797447768,0.3508828823580156,2.2700106341062094,2.6169615515958062,1.204768180847168,3.960605382919312,6.993335723876953,9.332866668701172,10.539175033569336,10.633255958557127,10.638322830200195,10.64279842376709,13
0.46455473,18.4913826,36.91333389,2.60307884,2.65197325,0.99170351,2.91799903,4.44923019,5.20864296,5.4471674,5.54324818,5.58238697,5.6047554,7
0.61992391,75.95632618,51.22395658,2.46919963,2.89137219,0.50996923,1.26481509,1.77633381,2.07517338,2.27657127,2.43279219,2.56334352,2.67128754,19
0.88436216,208.50714049,128.88414026,2.3,2.7,0.13905144,0.2249198,0.30724478,0.38523293,0.45997167,0.5315616,0.59917116,0.663573,2
0.9993,158.66655964,5.66214375,2.07355917,2.82834443,0.17523289,0.31779718,0.45469832,0.58683848,0.71229625,0.83072472,0.94248152,1.04802299,15
0.99980574,146.77140736,245.11724763,2.8,2.5,0.16030216,0.25554943,0.34901428,0.44147658,0.52672553,0.60633373,0.6806357,0.7506306,17
0.81609011,8.3381176,12.20625687,2.13607597,2.12281585,0.85562587,2.26555848,3.1237371,3.53672957,3.76764655,3.92078519,4.02126884,4.10648346,22
0.6838749328455976,2.368261131809091,0.0536260345895698,2.775081776992427,2.2811100013163506,1.165971755981445,3.581911087036133,5.7135820388793945,6.9410600662231445,7.483573913574219,7.779744148254394,8.014937400817871,8.222029685974121,5
0.67750019,163.6149726,75.30063136,2.3,2.3,0.21068478,0.36597967,0.5081196,0.6338942,0.74699545,0.84911823,0.9407511,1.0247946,16
0.3169700899944587,25.701300185074064,0.0040836891691637,2.905643251928407,2.9188581409709577,1.1152238845825195,3.507277011871338,5.781550884246826,7.199995517730713,7.691964626312256,7.782442569732666,7.83848237991333,7.87930154800415,5
0.99138097,202.85848413,7.5589886,2.8,2.9,0.18863487,0.3209777,0.45173454,0.58465147,0.7072828,0.8237033,0.9341986,1.0390823,15
0.4239412418454926,2.7408202233252905,0.0820501778814777,2.1630890171006323,2.6189253551668714,1.2131052017211914,4.037856101989746,7.206145286560059,9.770432472229004,11.07210922241211,11.128311157226562,11.133353233337402,11.137618064880373,12
0.31533279,244.34877791,201.94953349,2.6,2.7,0.2690487,0.4245634,0.51669526,0.5933769,0.659117,0.7159064,0.76618624,0.81030273,17
0.98660513,41.94585075,296.30667449,2.5,2.1,0.2507255,0.45213938,0.612854,0.7443507,0.85231066,0.94185233,1.0162132,1.077465,17
0.52256754,35.28093137,196.44508375,2.3,2.1,0.50436497,1.2535808,1.667079,1.7604055,1.7818491,1.7995932,1.8153608,1.8292687,1
0.60302688,37.99306644,342.84970345,2.9,2.6,0.43649697,1.007868,1.3664327,1.4900472,1.5243065,1.5463688,1.5641572,1.5791209,1
1.0,215.50587767,400.0,2.0,2.0,0.0559144,0.0830617,0.10297298,0.10841799,0.12099528,0.13088918,0.1396656,0.15077686,11
0.7500684447503052,1.1009826148791355,0.026496536109616,2.9621366451372144,2.363529934266964,1.2165327072143557,3.820127964019776,6.283930778503418,7.851397514343262,8.542862892150879,8.819924354553223,9.068397521972656,9.283464431762695,12
0.67289341,292.34533676,119.30706617,2.7,2.6,0.15636706,0.2400837,0.32117057,0.40355706,0.47977686,0.550298,0.61774015,0.68178034,2
0.39377265,63.87897407,70.912104,2.1,2.6,0.5998399,1.5471928,2.10064,2.300441,2.3891213,2.4476244,2.5010478,2.5487454,0
0.7592344545475017,2.623880674170309,36.39039891633393,2.56111121,2.3250618,1.0322840213775637,3.089224100112915,4.715497970581055,5.552276611328125,5.888699531555176,6.070700645446777,6.192475318908691,6.254541397094727,7
0.3061690184867466,6.875946246805264,0.029182138492575,2.8267513756330653,2.64118074223959,1.2433488368988037,4.06656551361084,7.20555591583252,9.697500228881836,11.15218734741211,11.288300514221191,11.294339179992676,11.29965877532959,12
0.5100715986910059,44.114636687495135,10.285783810323643,2.496196838781498,2.902448680184168,0.7947001457214355,2.317868709564209,3.395452976226806,3.894470691680908,4.116530895233154,4.240840435028076,4.341176509857178,4.421647548675537,22
0.3270541003740582,14.914354136716687,12.768709404290098,2.8785276,2.71063055,1.1363129615783691,3.594069004058838,6.023621082305908,7.632069110870361,8.229900360107422,8.297428131103516,8.32383918762207,8.348499298095703,14
0.9550718564251942,0.791312515144321,0.6108755987174053,2.4516378729295254,2.725100454388839,1.204519748687744,3.737948417663574,5.957637310028076,7.2435784339904785,7.887453556060791,8.279216766357422,8.592594146728516,8.85049819946289,13
0.69089906,287.0762599,268.4476731,2.5,2.9,0.14717913,0.17062712,0.21007633,0.25763106,0.30252552,0.3398633,0.37726235,0.41253376,4
0.49452984,191.0561676,338.16506958,2.99836564,2.42865038,0.1767664,0.22229242,0.26614332,0.3019197,0.33710194,0.36724329,0.39563322,0.42218137,4
0.77275288,150.19114685,2.37212634,2.09510875,2.00735593,0.18817115,0.33901811,0.47998285,0.60802269,0.72515655,0.83232188,0.93077636,1.02095532,15
0.79998642,75.11653886,89.24091848,2.3,2.1,0.29675722,0.5808673,0.8107753,0.9988661,1.15452,1.2849691,1.3972936,1.4919848,10
0.61396068,250.54391479,277.15600586,2.27496028,2.2667942,0.10890675,0.14779401,0.18557143,0.2151556,0.24653816,0.2770617,0.30574965,0.33304048,11
0.77204578,136.94862865,68.78417014,2.10974757,2.88769841,0.24668694,0.45742965,0.64975524,0.82122827,0.97418332,1.11194801,1.23472238,1.34589052,10
0.39872421,70.95089318,233.69611936,2.1,2.3,0.3754325,0.7776005,0.96838427,1.0215652,1.0553825,1.0833125,1.1068773,1.1266365,21
0.8779261199181542,23.618093457724243,0.0597132429251765,2.7825964643405965,2.289968152399254,0.6102039813995361,1.5136046409606934,2.1112022399902344,2.477095127105713,2.729623317718506,2.929263114929199,3.0921201705932617,3.22965669631958,18
0.87201882,108.8423911,320.83994313,2.2,2.7,0.15434027,0.22121692,0.2887299,0.34677505,0.39929628,0.44749832,0.49130177,0.5313964,4
0.85807698,138.50809197,29.4224435,2.5,2.8,0.24448276,0.44731092,0.6365235,0.8076763,0.9627528,1.1032977,1.2310615,1.3468413,9
0.81473748,163.08586956,287.82898227,2.9,2.1,0.14775372,0.227983,0.30719066,0.38214517,0.4516809,0.516325,0.5761974,0.6327574,4
0.39497899,150.58849513,112.14517704,2.6,2.1,0.3735485,0.7966354,1.0606928,1.2140539,1.3238733,1.4130938,1.4847157,1.546015,10
0.58718375,188.79281493,207.79118424,2.6,2.3,0.19344473,0.30056262,0.40123153,0.48909163,0.568408,0.6405034,0.7057934,0.7658763,17
0.8960863,24.51456685,95.76003568,2.6,2.5,0.53891873,1.3166382,1.8341503,2.1351275,2.332859,2.4849544,2.6054335,2.705822,20
0.3469654,72.56586075,305.0464854,2.4,2.1,0.37118793,0.7761326,0.9576583,0.98908687,1.0077872,1.0234756,1.0369506,1.0487204,21
0.75713762,44.30652578,37.42028694,2.3,2.7,0.5030863,1.1850977,1.6468985,1.9265373,2.1251628,2.2806165,2.4067972,2.5144894,19
0.71930254,177.37205505,137.11013794,2.20314431,2.05293632,0.14271069,0.22853327,0.30934501,0.38462138,0.45486569,0.51919794,0.57885385,0.63458323,2
0.7698336695301389,3.235479692341646,0.04523431825717,2.7556643180426827,2.971348599796022,1.1810691356658936,3.637115478515625,5.764962196350098,6.973437309265137,7.533929824829102,7.875012397766113,8.15438175201416,8.372612953186035,5
0.7047490381499222,297.63430546585886,0.5014060672610464,2.2768631280530887,2.7510520335309883,0.1612370014190673,0.268326997756958,0.3716483116149902,0.473186731338501,0.5692870616912842,0.6599678993225098,0.7459592819213867,0.8280985355377197,15
0.5702131968939274,181.90957379887496,0.0156742752766248,2.5620497904892847,2.9229879440646807,0.342543363571167,0.6863751411437988,0.9581961631774902,1.1805424690246582,1.3650898933410645,1.522014856338501,1.6579186916351318,1.776709794998169,8
0.30529154,275.95375568,334.17637545,2.5,2.1,0.14527059,0.16238022,0.18421125,0.19987202,0.21558404,0.22889042,0.24281287,0.255903,11
0.44376247,38.87496679,72.37281619,2.9,2.4,0.7991152,2.3397095,3.4840267,3.9854896,4.1170597,4.1584272,4.185878,4.211643,23
0.51065731,215.27317871,287.16166496,2.0,2.1,0.10614896,0.13676381,0.16203785,0.18324637,0.20657206,0.2274952,0.24670386,0.26544833,11
0.92382026,86.74673462,158.46621704,2.07516241,2.87053108,0.24056315,0.44559646,0.63130999,0.79558992,0.94117332,1.07076383,1.18556833,1.28790927,10
0.62003711,294.62995532,116.1907508,2.2,2.6,0.12998772,0.19560838,0.25835204,0.31573653,0.3718636,0.42524195,0.47611403,0.5240507,2
0.64903121,114.98470976,246.76923645,2.2,2.6,0.21462798,0.33883214,0.44291735,0.5303383,0.60572577,0.6727226,0.7314415,0.78461003,17
0.99511319,5.52279091,17.79329872,2.39478064,2.28610349,0.83478951,2.17902064,3.01816583,3.46947074,3.74957061,3.94327664,4.08398914,4.19557762,22
0.968431986971332,20.649356641746,0.2472350846362455,2.4404855081021024,2.82058024404959,0.6335046291351318,1.6122870445251465,2.2615833282470703,2.660233497619629,2.939620018005371,3.157512664794922,3.337658405303955,3.4928407669067383,18
0.8444449851658563,12.769552720643544,0.2429919690106593,2.6381629226408,2.144513876241952,0.7606053352355957,1.9774093627929688,2.7431931495666504,3.1751065254211426,3.451996326446533,3.655850410461426,3.81824254989624,3.9480581283569336,22
0.8592482,223.80351587,91.49358459,2.2,2.2,0.12130666,0.20271015,0.27828145,0.34961748,0.41993833,0.48685288,0.5504191,0.610981,2
0.6418789,10.08809471,1.9834094,2.31251073,2.07265377,0.96656752,2.6443696,3.72834635,4.23701143,4.5070262,4.67523289,4.78621674,4.8631587,22
0.84417227,232.06565198,274.68732444,2.26658099,2.63421158,0.11302376,0.16993928,0.22016406,0.27010942,0.31990767,0.36696124,0.41085172,0.45358849,4
0.99472749,13.49660492,35.4529953,2.20520329,2.34655237,0.61322308,1.51134968,2.07392311,2.40040779,2.62259626,2.79316425,2.92704582,3.04113674,19
0.38641114,117.41041547,84.44972951,2.2,2.0,0.4191389,0.9446945,1.2337756,1.3646338,1.4543171,1.5260129,1.5847454,1.6360075,20
0.4313609865991175,91.64739613540505,321.6471349956349,2.3,2.2,0.2686078548431396,0.4420149326324463,0.527036190032959,0.5860848426818848,0.6323506832122803,0.6696548461914062,0.7015659809112549,0.7286055088043213,21
0.9636123,191.03110646,399.55864204,2.3184577,2.19605485,0.08213139,0.11534405,0.14198446,0.15503311,0.17351747,0.19212532,0.2111814,0.22764134,11
0.9677088471238158,187.5988075901448,0.0264860578835919,2.8674342008999707,2.7023544338376624,0.1997225284576416,0.3459527492523193,0.4897570610046386,0.6324658393859863,0.7644484043121338,0.8891587257385254,1.0067241191864014,1.1177892684936523,15
0.37381931,152.77947407,280.41301239,2.6,2.8,0.30451655,0.5211878,0.63328624,0.7136769,0.777437,0.8323066,0.87864494,0.91736174,21
0.66771603,126.86578125,67.61379934,2.9,2.7,0.35486054,0.7166276,1.0004947,1.230304,1.4184287,1.5757887,1.7099302,1.8268926,10
0.940078728846642,256.693825376198,394.3687765813282,2.4321838,2.55436289,0.1017825603485107,0.1245372295379638,0.1451194286346435,0.1664695739746093,0.1941993236541748,0.2197425365447998,0.240408182144165,0.2621321678161621,11
0.8311854050223427,3.635611594123082,0.1769797514174606,2.0098888293859107,2.794956664958157,1.0501086711883545,3.184680938720703,4.848897933959961,5.684495449066162,6.057427883148193,6.282654285430908,6.44516134262085,6.571330547332764,5
0.63832248,177.17529735,188.24924196,2.45486113,2.1476759,0.16530871,0.24982142,0.33246708,0.40600657,0.4726336,0.53354454,0.58965635,0.64157248,3
0.36616325,89.11692987,221.02578119,2.3,2.7,0.41159678,0.899488,1.1603186,1.2363307,1.278717,1.3130987,1.3419039,1.3682196,21
0.8415571397033319,1.2762318877760956,141.56570280140042,2.268925816923178,2.3206109793697784,0.8044815063476562,2.378947496414185,3.5900795459747314,4.064537048339844,4.146960258483887,4.148378372192383,4.148398399353027,4.148468971252441,23
0.74852396,33.88741468,316.05784724,2.22679572,2.06660211,0.28680992,0.50854921,0.63182926,0.70444345,0.75315666,0.78828025,0.8140986,0.83345294,21
0.4112958098221768,6.132513784969096,0.0158553551378432,2.2619949706194205,2.529188030725095,1.1749639511108398,3.801504850387573,6.516029357910156,8.438843727111816,9.290329933166504,9.390938758850098,9.40217399597168,9.41569709777832,12
0.61811395,225.58004659,98.71847033,2.07734195,2.06465177,0.14084983,0.22438025,0.30294228,0.37589645,0.44414186,0.50713849,0.56549621,0.62024665,2
0.84876764,142.44483948,320.29370117,2.01161838,2.88329482,0.1445682,0.22106981,0.2984426,0.37014532,0.43670821,0.49824119,0.55551648,0.60907984,4
0.61061009,259.19109858,61.98488322,2.80511467,2.04168103,0.14809036,0.23106837,0.31289196,0.38947487,0.46091366,0.52776504,0.5905416,0.64961433,2
0.38412475,87.69754568,357.8793742,2.8,2.2,0.3411157,0.6729739,0.83503175,0.89271116,0.9282875,0.9570248,0.98172355,1.0045285,21
0.5207527134622334,28.116684921674725,170.19486754240117,2.410117227143708,2.65429247665785,0.6386439800262451,1.799384832382202,2.584495306015014,2.866194009780884,2.9230902194976807,2.943035364151001,2.961146593093872,2.977842092514038,0
0.38258554,162.40914527,188.45471531,2.2,2.3,0.2683978,0.4491837,0.5634663,0.6499841,0.7210946,0.7796056,0.8316667,0.8757715,17
0.90224863,87.8056539,132.69230829,2.5,2.3,0.24773693,0.45732403,0.64458466,0.80847573,0.9531038,1.0805962,1.193438,1.2935841,10
0.4833752934858768,7.484982968027808,2.725852327173267,2.24677277,2.84492183,1.1477739810943604,3.675292730331421,6.157135963439941,7.724181175231934,8.340259552001953,8.470915794372559,8.516744613647461,8.556546211242676,14
0.68170279,223.44998169,65.84203339,2.41042233,2.72838664,0.19923735,0.3349874,0.4662292,0.58689141,0.6975987,0.79972553,0.89463735,0.98282099,16
0.948314613080896,8.419566640258976,0.044243410521727,2.532141638980673,2.778158286825345,0.8595485687255859,2.3793163299560547,3.3875374794006348,3.931021213531494,4.259647369384766,4.499773979187012,4.685085296630859,4.837242126464844,22
0.6796423454194312,19.2007003254564,1.0877677226865123,2.467412481740006,2.878535370594185,0.8807780742645264,2.56809949874878,3.760741710662842,4.343286991119385,4.626168727874756,4.812498092651367,4.946195602416992,5.0577826499938965,22
0.64505778,283.53972807,202.61035396,2.7,2.0,0.11775494,0.1763556,0.23340702,0.28700256,0.3383746,0.38716102,0.43406677,0.47853994,3
0.33723083,280.73993803,178.21360516,2.9,2.0,0.22144198,0.34331608,0.43681765,0.5168185,0.5881908,0.65108657,0.70803523,0.7587693,17
0.97896904,188.00389099,35.60604095,2.18903351,2.81202245,0.1619525,0.28530717,0.40194893,0.51728106,0.62720203,0.73203754,0.83100462,0.92540789,15
0.9757862995304456,6.842066176182923,0.1558681886910912,2.82988505375328,2.4770595047922708,0.8621480464935303,2.3147671222686768,3.263434171676636,3.804051637649536,4.152896881103516,4.415360450744629,4.622276306152344,4.787374496459961,22
0.80822941,292.04590269,87.19131068,2.9,2.7,0.16153502,0.24820614,0.33447742,0.42866015,0.51396036,0.59477353,0.6725359,0.7467525,16
0.3254326889795426,54.56321719584934,0.0044711555478858,2.8921497250016404,2.643038827458944,0.9034440517425536,2.692485809326172,4.085949420928955,4.754238128662109,5.004201889038086,5.123763561248779,5.193376064300537,5.253005504608154,5
0.4170388846641492,35.13652431550849,144.04429054753214,2.0327592990099546,2.885095359295696,0.6832656860351562,2.034226417541504,3.022796630859375,3.3877735137939453,3.431913375854492,3.443094253540039,3.4546799659729004,3.465716361999512,23
0.8902598836015572,2.698945064102701,0.4669544810885177,2.9858889994215607,2.581000473101412,1.1158232688903809,3.265613079071045,4.8952226638793945,5.756263732910156,6.258125305175781,6.661853790283203,6.991833686828613,7.239477157592773,5
0.9064551804340196,6.016461105047806,2.952501399323997,2.6007067227901004,2.2959781412590945,0.8999860286712646,2.438122034072876,3.4345157146453857,3.980449914932251,4.318136215209961,4.561532020568848,4.751398086547852,4.901477813720703,22
0.30111458,164.12239012,228.91520858,2.6272082,2.76336091,0.38134456,0.78904438,1.01739073,1.11529565,1.17813873,1.23039126,1.27376938,1.31242514,21
0.8876237284039064,5.052941895066062,0.1272902662500026,2.743141818533948,2.817818808483363,1.029438018798828,2.9971683025360107,4.440365791320801,5.194930076599121,5.610749244689941,5.91085147857666,6.140363693237305,6.318356513977051,5
0.4004445168185322,12.8905595337095,0.1236964914374659,2.540252549358044,2.286722742244298,1.0831265449523926,3.3223023414611816,5.295318126678467,6.400967597961426,6.771267890930176,6.897367477416992,6.977984428405762,7.0360307693481445,5
0.97240854,7.35777026,45.46464321,2.8,2.4,0.8077321,2.2198584,3.14699,3.6186478,3.884506,4.05252,4.1868258,4.2825384,23
0.81886634,39.00610683,0.05213169,2.9,2.2,0.56507707,1.4091356,1.9665298,2.306519,2.54557,2.7314277,2.8850045,3.0180464,18
0.94822205,298.05520341,273.57596768,2.357195,2.24868216,0.07747769,0.12258744,0.15720344,0.17860341,0.20598102,0.23532748,0.26551414,0.29306507,11
0.8718710612743429,17.284968244955284,0.0810107721484854,2.023786987706786,2.108078562043582,0.629594087600708,1.5542778968811035,2.111630439758301,2.433934211730957,2.652381896972656,2.8229923248291016,2.9650650024414062,3.080885887145996,18
0.4229531,77.09519196,9.51134777,2.21541214,2.91491795,0.69507861,1.97524071,2.8283267,3.17459965,3.31095648,3.39958525,3.47192383,3.53326893,22
0.71442752,95.83082424,158.55218656,2.2,2.6,0.265311,0.48304963,0.65778375,0.8029063,0.92467976,1.0280948,1.1158843,1.1941216,10
0.93562043,250.73202515,395.80728149,2.70609117,2.08887482,0.07428312,0.10690665,0.12635899,0.12936926,0.14034152,0.15623498,0.17183042,0.18281245,11
0.45568377,55.63985443,216.09957886,2.43736744,2.9762578,0.55065918,1.46952295,2.08851099,2.28868723,2.32770681,2.35404396,2.37846947,2.40025043,1
0.78000176,104.46243286,59.42472839,2.71249723,2.16798329,0.26712847,0.50606918,0.71016121,0.88583136,1.03620434,1.16688728,1.28067493,1.382128,10
0.74658275,293.29589844,191.27442932,2.03493023,2.12089062,0.08074737,0.12670779,0.16615438,0.19705844,0.2324326,0.26699448,0.29945612,0.33125329,11
0.35963574,208.77172852,136.37205505,2.25645733,2.10788894,0.23243594,0.36536193,0.46168876,0.54133391,0.60917926,0.66675639,0.71927309,0.76437736,17
0.5516302519726319,2.648995695874368,37.822043519225424,2.5,2.5,1.1013407707214355,3.486491680145264,5.812431335449219,7.350641250610352,7.91664981842041,7.963030815124512,7.96766185760498,7.970658302307129,7
0.6121399798366165,37.51387427589202,0.0453381478567572,2.8721722932915306,2.034546707222089,0.646038293838501,1.6664350032806396,2.300068616867065,2.640219449996948,2.8568427562713623,3.017330884933472,3.142838716506958,3.255685567855835,18
0.43672466,253.30561829,64.83336639,2.31208658,2.90193939,0.27762079,0.49848199,0.67002821,0.81608748,0.94133735,1.04980826,1.14484024,1.22972512,10
0.65084923,27.92439833,284.66810078,2.6,2.5,0.4660771,1.1160257,1.510818,1.6285214,1.6524482,1.6676192,1.6808901,1.6922269,1
0.57929793,204.46246138,342.90529014,2.72275731,2.04656127,0.10788751,0.13402581,0.15492845,0.16896009,0.18561554,0.20061469,0.21572542,0.22845149,11
0.74236222,134.92319225,191.28878431,2.3,2.5,0.19336271,0.31393027,0.427675,0.52749276,0.61690044,0.697731,0.770592,0.8373935,17
0.6122226892948452,7.6421990271325235,39.339600385848776,2.8622562,2.23919803,0.950098991394043,2.7654125690460205,4.111516952514648,4.746283531188965,5.02925968170166,5.204439163208008,5.323831558227539,5.390851020812988,7
0.3526212070739502,8.859229671446034,57.9023330139408,2.34591079,2.15102792,0.9470338821411132,2.892249584197998,4.574093341827393,5.477600574493408,5.663121223449707,5.678783416748047,5.68516731262207,5.687273979187012,7
0.9857567533354048,4.631172174252051,0.6918854997209083,2.1444067208761144,2.294728084636064,0.8776545524597168,2.355432271957397,3.282487630844116,3.778218507766724,4.084188461303711,4.301274299621582,4.469113349914551,4.602721214294434,22
0.53796462,204.68868942,350.53882593,2.18943086,2.38704844,0.13032937,0.16182613,0.19657755,0.22416234,0.24967098,0.27406836,0.29808283,0.32054782,11
0.90991903,90.22046845,317.64794744,2.3,2.4,0.16356277,0.24417615,0.32469225,0.39382648,0.45544457,0.51100206,0.5613897,0.6069615,4
0.7693841826665481,2.0578463195373176,82.40814933354471,2.295863477383797,2.4078003882029413,0.926349639892578,2.800272226333618,4.321495056152344,5.037371635437012,5.226462364196777,5.272102355957031,5.281306266784668,5.282992362976074,7
0.90440592,20.42666419,298.07848345,2.5,2.7,0.40416646,0.88588977,1.1952944,1.3484447,1.4292285,1.478997,1.5141742,1.5397966,21
0.68601978,238.93385315,273.74102783,2.02297521,2.11040926,0.08392644,0.12077737,0.15139771,0.17483234,0.20210099,0.22753215,0.25214577,0.276227,11
0.50518458,122.25147511,151.05379649,2.6,2.4,0.35422516,0.7212343,0.9671819,1.1341283,1.258162,1.3591645,1.4411516,1.5092669,10
0.3350775,49.13347407,396.34666904,2.9,2.1,0.40614653,0.94412756,1.2481382,1.2756774,1.2765453,1.2767942,1.2772279,1.2775698,21
0.3609716566221792,9.839210846214268,37.67344044589601,2.12395453,2.99844694,1.0673365592956543,3.461118459701538,5.900705337524414,7.597868919372559,8.261419296264648,8.295758247375488,8.297083854675293,8.298409461975098,14
0.72791907,47.98204431,72.0208942,2.23440624,2.94190221,0.52382612,1.31135917,1.83645058,2.13528967,2.33404016,2.48509073,2.60825968,2.7138567,20
0.4013243591764078,16.391121877301305,0.0232227728043467,2.396934142506069,2.51568249686527,1.0723917484283447,3.3140671253204346,5.283942222595215,6.364707946777344,6.709037780761719,6.818604469299316,6.885390281677246,6.932629585266113,5
0.7284071679055599,115.0222900017432,0.2034323740937336,2.259979882618441,2.5508779203879173,0.320695161819458,0.6425158977508545,0.9081826210021972,1.1298496723175049,1.315232753753662,1.47406005859375,1.611238718032837,1.7318594455718994,8
0.83314938,236.9327039,9.24663996,2.7,2.1,0.15000987,0.26146412,0.3670075,0.46987677,0.5679796,0.66164017,0.7505231,0.8351302,15
0.44356458,2.59638488,348.98743531,2.8,2.3,0.5853963,1.6091659,2.3584316,2.481315,2.486626,2.487479,2.4888995,2.489795,1
0.8482267,233.35222792,347.27454491,2.22471997,2.49292262,0.09032035,0.13096571,0.16596746,0.19188786,0.22018504,0.24760294,0.2748313,0.30071807,11
0.7188415319784389,2.105808294897796,7.946017260730145,2.1,2.7,1.143028736114502,3.640140295028688,5.989469528198242,7.391959190368652,7.973805427551269,8.177388191223145,8.272466659545898,8.340913772583008,14
0.88111551,95.89360039,263.18421725,2.7,2.3,0.20880961,0.3513496,0.48261905,0.597733,0.7002559,0.79205656,0.87442446,0.9489095,17
0.52196154,270.36816312,54.87167021,2.54197519,2.86578875,0.23411465,0.39080429,0.53310251,0.66035128,0.77494216,0.87890816,0.97362638,1.06013823,16
0.8863142707836614,1.775606087439069,0.3583370621817719,2.9520192580277715,2.715849629535505,1.1852521896362305,3.5743188858032227,5.53953742980957,6.6268157958984375,7.20006275177002,7.624818801879883,7.998895645141602,8.291831970214844,5
0.3438175,13.35788631,17.04942131,2.78524733,2.44585299,1.14587927,3.4489131,5.55901814,6.81825256,7.18703365,7.26725769,7.32528782,7.36206055,6
0.731182435892531,0.8733789879384029,0.2925376883642964,2.197931638837668,2.2336509814631422,1.1773850917816162,3.761162281036377,6.276234149932861,7.9582200050354,8.724359512329102,8.924665451049805,9.002445220947266,9.080289840698242,13
0.99355524,294.28016853,337.43250642,2.4,2.3,0.07285237,0.11409759,0.14436555,0.16069174,0.18323946,0.20795035,0.23289251,0.25642705,11
0.65628502,19.28082794,245.31488627,2.6,2.4,0.5481162,1.422832,1.9703996,2.1171749,2.1232784,2.1254733,2.127855,2.13017,1
0.58510711,213.90965804,226.76142479,2.7,2.3,0.17676234,0.26440525,0.35113478,0.4281025,0.4982648,0.5632727,0.6228993,0.6781051,17
0.39256173,270.04118205,255.35828713,2.4,2.7,0.17171383,0.21744609,0.2635119,0.30145597,0.33823705,0.371696,0.40222478,0.43131375,4
0.4796210557562332,24.732450601593047,0.0296072347021632,2.608599380955189,2.768240303812909,0.9800240993499756,2.946234941482544,4.502091407775879,5.261913299560547,5.558539390563965,5.711292266845703,5.825102806091309,5.906225204467773,5
0.9536305808466212,3.086705483083032,1.0054248581142304,2.114193897914693,2.944146973241148,1.0233042240142822,3.066402673721313,4.618330001831055,5.393000602722168,5.7805938720703125,6.027243614196777,6.211695671081543,6.356119155883789,5
0.5173952591229266,33.52811896899264,152.5204318555266,2.1309583544080555,2.8078949083020666,0.6281874179840088,1.7874457836151123,2.564105749130249,2.8357388973236084,2.901686429977417,2.934065103530884,2.962321519851685,2.987891435623169,0
0.993672259424068,4.773314645377023,3.843870537808349,2.249395107480725,2.419233016037419,0.8841018676757812,2.402562379837036,3.376324415206909,3.890139818191528,4.212528228759766,4.439114570617676,4.610429763793945,4.753623008728027,22
0.52513610509288,71.78341162289088,202.1934745252252,2.3291107715307016,2.4484149586174384,0.4038548469543457,0.9121930599212646,1.2250757217407229,1.3787846565246582,1.4737598896026611,1.5485897064208984,1.6097640991210938,1.6609625816345217,20
0.46056286,117.25824027,107.78516446,2.2,2.4,0.3689916,0.76635194,1.0182729,1.1692288,1.2794545,1.366976,1.4383025,1.5009713,10
0.31523222,295.81570435,180.03024292,2.00924134,2.00681734,0.13104057,0.16286016,0.19322276,0.22039771,0.24735165,0.27266192,0.29549408,0.31727409,11
0.68663282,106.76949341,362.81187874,2.9,2.0,0.19951367,0.30900836,0.40255666,0.48284483,0.5531113,0.6156945,0.67049694,0.72019553,17
0.8984257552817517,2.310928628172261,0.0084347392936135,2.9117520772213004,2.7002948857063744,1.1466116905212402,3.405291557312012,5.183322429656982,6.141517162322998,6.665884494781494,7.068766117095947,7.41616678237915,7.669649600982666,5
0.4202079389032108,2.0716077893170524,38.7089993082478,2.225417478468401,2.732843337693281,1.1209959983825684,3.673972129821777,6.452377796173096,8.612663269042969,9.673198699951172,9.765253067016602,9.765594482421877,9.765859603881836,14
0.88836848,200.44671256,220.39519239,2.9,2.9,0.17152143,0.26075435,0.35448933,0.44786048,0.5313902,0.6113374,0.686486,0.7576859,17
0.3986622593810962,4.121805734569624,33.95406512148478,2.97295856,2.75542402,1.1683087348937988,3.768341064453125,6.537309646606445,8.629609107971191,9.588214874267578,9.679869651794434,9.680219650268556,9.680484771728516,14
0.4634778,157.24476996,217.24544898,2.8,2.4,0.29758835,0.53973174,0.7020321,0.82773304,0.92960596,1.0149844,1.0874009,1.1496868,10
0.60406296,144.82602547,141.37860446,2.88728726,2.78118149,0.31483674,0.59332275,0.80726433,0.98422885,1.13127708,1.25632,1.36445999,1.4589982,10
0.65396472,132.46986136,73.2346182,2.3,2.2,0.25872993,0.47567677,0.6574559,0.8115809,0.9439919,1.0581994,1.1574411,1.2454314,10
0.3972804,192.81340027,267.93252563,2.87227106,2.80452037,0.27910829,0.44836879,0.5525229,0.63947964,0.71304941,0.77698183,0.83226943,0.88181281,17
0.37619672,225.88422184,169.65715979,2.6,2.4,0.26079035,0.4299326,0.5470791,0.6438825,0.7266326,0.79759955,0.8610184,0.91592574,17
0.80218663,19.32685621,85.39287383,2.7,2.0,0.6323142,1.6864657,2.3333282,2.6325836,2.791357,2.898765,2.9896054,3.0619369,23
0.70307616,51.79587709,220.81287118,2.6,2.8,0.4061489,0.88439536,1.2049906,1.3957448,1.519772,1.6152787,1.6918807,1.7538819,20
0.33660966,247.488061,328.0727199,2.005,2.13920104,0.11499715,0.13024855,0.14365435,0.15077448,0.16185284,0.17256284,0.18148255,0.19022775,11
0.5133105038906158,85.59442557955501,400.0,2.1,2.1,0.1774113178253173,0.2134041786193847,0.2397322654724121,0.2618145942687988,0.2818162441253662,0.2992346286773681,0.3147945404052734,0.3284006118774414,11
0.55216849,11.97245407,114.1008606,2.66352868,2.11685038,0.75923896,2.07014942,2.93430281,3.26009274,3.36210108,3.37875223,3.38364649,3.38941669,23
0.79279896,288.47180116,286.61394198,2.6,2.0,0.0842948,0.1279974,0.16582918,0.19538379,0.22714424,0.25894785,0.2902763,0.32039547,11
0.545216979722553,2.1199693127019974,5.333951176327329,2.7863317357257023,2.085897635964443,1.156480073928833,3.6493077278137207,6.10954475402832,7.79852294921875,8.562785148620605,8.699136734008789,8.743823051452637,8.814642906188965,14
0.38978216,245.0369873,120.79645538,2.71127605,2.57624531,0.27380633,0.46369529,0.59980893,0.71372056,0.81092668,0.8955996,0.96885562,1.0347991,16
0.4280192695703062,9.169488743394766,3.450787137503053,2.21291757,2.03412533,1.048043727874756,3.1864213943481445,5.007094860076904,6.014820575714111,6.34627103805542,6.461459636688232,6.5261759757995605,6.567246913909912,6
0.44586021,277.79657089,328.72027646,2.2594396,2.22636949,0.10282493,0.1246171,0.1456902,0.1545372,0.16807675,0.18082595,0.19420314,0.20619011,11
0.93095583,68.55671523,19.60017534,2.3,2.1,0.29280782,0.57892036,0.82548237,1.0371196,1.2173655,1.3735137,1.5089836,1.6273522,9
0.6960055679344643,8.47337496827009,0.1522840430371458,2.1592575454509584,2.7226984086223016,1.004601240158081,3.0023462772369385,4.524141311645508,5.253484725952148,5.569553375244141,5.754584312438965,5.885406494140625,5.988770484924316,5
0.47659261,183.44540995,78.89153419,2.32750607,2.57548661,0.3071506,0.58129454,0.78449869,0.94487619,1.07594943,1.18691874,1.28082848,1.36083913,10
0.51287009,136.89764978,385.92229657,2.8,2.2,0.2078743,0.29169488,0.3552761,0.40890527,0.45592737,0.4975388,0.53439736,0.5676956,4
0.81644917,299.16305542,323.46060181,2.15937328,2.0124402,0.06005406,0.08987832,0.11224961,0.11890888,0.13530302,0.14910364,0.16210818,0.17687893,11
0.31442058,28.23177338,115.46186829,2.89226055,2.23450065,0.77946615,2.17228317,3.16454935,3.54304218,3.63579178,3.64437532,3.6474247,3.65060616,23
0.4418630785859298,118.69785392501744,353.6427987025109,2.0,2.0,0.1650547981262207,0.1995635032653808,0.230034589767456,0.2551777362823486,0.2777180671691894,0.2980771064758301,0.3166570663452148,0.3334293365478515,11
0.73723762,134.84388742,81.16219084,2.5,2.0,0.22882271,0.4158697,0.5841348,0.7324054,0.8647392,0.9824481,1.0875313,1.1822495,16
0.50606781,102.76529694,291.6368103,2.8195672,2.59274817,0.32010818,0.5855124,0.74204993,0.84777975,0.92812753,0.99176764,1.04593372,1.09084868,21
0.6355148425683295,3.1243159120580306,0.0093554662574681,2.371794856695941,2.142584761727437,1.121147632598877,3.424678087234497,5.401646614074707,6.508596420288086,6.972992897033691,7.198129653930664,7.374012947082519,7.500144958496094,5
0.9936932868116856,3.035109762959859,0.0391439744258512,2.4374584878572647,2.4588581204254027,0.9953408241271972,2.78816556930542,4.007891178131104,4.649312973022461,5.036181449890137,5.330201625823975,5.554122447967529,5.727172374725342,5
0.5342650728949018,240.5322353244923,0.1885529611287945,2.8565031780325456,2.4940219384865814,0.2561883926391601,0.4536521434783935,0.6261234283447266,0.7777566909790039,0.9118874073028564,1.0324311256408691,1.140730619430542,1.2378990650177002,15
0.63002373,45.45650679,52.08330632,2.0,2.6,0.5209923,1.2518852,1.6988986,1.9332993,2.089163,2.2016294,2.3002336,2.3835814,19
0.947746453310271,50.860771150269805,0.4203984793048672,2.0286539559420613,2.43315030279684,0.3684918880462646,0.778278112411499,1.1083323955535889,1.373142957687378,1.5884382724761963,1.7694504261016846,1.9236376285552976,2.0576114654541016,8
0.64083076,120.21007607,182.00924917,2.7,2.8,0.3068869,0.57401085,0.7768409,0.94247556,1.080045,1.1961095,1.2944403,1.3811998,10
0.3224806,246.02053501,347.39316952,2.87726893,2.9904724,0.24611807,0.32697535,0.377918,0.42074442,0.45825505,0.49377751,0.52547193,0.55493975,4
0.91995393,71.75341969,298.12224538,2.6,2.5,0.2287035,0.38655043,0.5227668,0.6388557,0.7392092,0.8271985,0.90376425,0.97143507,17
0.67860126,7.701653,6.13307095,2.34455252,2.08815432,0.9843514,2.70811224,3.83038712,4.36544037,4.64886665,4.83542013,4.94653702,5.02563381,22
0.99501377,288.7961731,215.63391113,2.21064019,2.20244193,0.07787824,0.12718296,0.16808033,0.19724917,0.23208261,0.26844215,0.30354023,0.33729076,11
0.8632370909781377,77.8026578876658,0.1636492281455304,2.8516675980980506,2.423081591752157,0.3575847148895263,0.7439150810241699,1.0628361701965332,1.323967695236206,1.5392673015594482,1.720588445663452,1.8759281635284424,2.012351751327514,8
0.45560068,191.70468069,40.41863568,2.67579167,2.26556196,0.3027935,0.56884742,0.76492023,0.92229891,1.05146027,1.1594708,1.25269699,1.33527279,9
0.92106372,283.48556519,53.22290802,2.04913497,2.13315606,0.08934951,0.15567636,0.21583867,0.26960278,0.32558227,0.37939763,0.4320271,0.4828434,2
0.3120404,97.63969069,383.44743699,2.08581007,2.71469846,0.31433797,0.57251263,0.67345309,0.7052772,0.72909832,0.75191021,0.77021241,0.78588963,21
0.3619869,86.95153652,136.95120649,2.1,2.4,0.45800424,1.0667229,1.3868923,1.4827609,1.5345361,1.5785997,1.6157916,1.64663,0
0.3224292505131512,8.534404037306194,1.3388223276034676,2.69446754,2.33365679,1.1728074550628662,3.747078657150269,6.413039207458496,8.33847427368164,9.171573638916016,9.252029418945312,9.254962921142578,9.259592056274414,13
0.30506793,191.17625991,109.07886239,2.5,2.4,0.38238,0.8076246,1.054985,1.1803491,1.2679491,1.3387957,1.3980932,1.450681,21
0.86086405,128.26436144,11.38441229,2.0,2.7,0.21120334,0.38495064,0.54891706,0.69770193,0.83231115,0.9545305,1.0660226,1.1668143,15
0.53949625,239.97046971,342.12500638,2.6,2.1,0.11986017,0.1529584,0.18814635,0.21687531,0.24416542,0.26989532,0.29516745,0.31921268,11
0.992922,101.43289252,5.24111289,2.6,2.6,0.26272154,0.49676847,0.7156751,0.9142797,1.0930026,1.2550743,1.4008558,1.532974,9
0.3465194210932893,50.81406276837101,380.058330223584,2.2,2.7,0.4007959365844726,0.92862868309021,1.2103781700134275,1.239779710769653,1.242119312286377,1.2443547248840332,1.2465908527374268,1.248769760131836,21
0.8183062588655434,2.000861375804741,0.007796820519255,2.203659403436894,2.7678972884537107,1.153857707977295,3.591362953186035,5.705234050750732,6.8822407722473145,7.427376270294189,7.71010160446167,7.913048267364502,8.069391250610352,5
0.30373546,163.24369467,258.6748831,2.75343307,2.601634,0.33891916,0.62664127,0.76631689,0.84249282,0.8991096,0.94619751,0.98524284,1.01816702,21
0.66841091,129.31282372,97.10920331,2.8,2.0,0.27522302,0.5248461,0.73254585,0.9082687,1.0574789,1.1867359,1.2980564,1.3952484,10
0.58017305,84.75235115,89.90211927,2.6,2.2,0.43111038,0.98215914,1.3433256,1.5619974,1.7126112,1.8284717,1.9272561,2.0105586,20
0.64845043,194.30050914,292.67382669,2.25090984,2.52253759,0.14522386,0.20256162,0.26301169,0.31628489,0.3654654,0.41124487,0.45390987,0.49400306,4
0.7912665540900534,2.288148463834035,0.0037447268248116,2.9985065480574886,2.489008817758323,1.167222499847412,3.5176687240600586,5.4506940841674805,6.518096923828125,7.05497932434082,7.444457054138184,7.806946754455566,8.09274959564209,5
0.85221106,11.04792118,39.04481125,2.00400925,2.26940823,0.73055577,1.91055655,2.60855961,2.94184828,3.12748146,3.24939156,3.33640718,3.42026329,23
0.93840778,19.65641403,7.54465151,2.37603593,2.08510375,0.56478548,1.33702517,1.83895802,2.15237117,2.37541747,2.55097318,2.69658732,2.81736016,18
0.66716286,58.08789007,224.58628431,2.4,2.3,0.35060334,0.7137444,0.9509368,1.1005585,1.2057061,1.2861261,1.3509386,1.4020884,10
0.64103677,178.76642577,43.82358749,2.8,2.7,0.2869656,0.5294256,0.736696,0.9177258,1.0754962,1.2143619,1.3373244,1.4470503,9
0.6482455937372916,30.20694134012192,0.0052147478692798,2.061100680141441,2.9360900136987844,0.7537779808044434,2.1604197025299072,3.0792925357818604,3.5042836666107178,3.722184419631958,3.868642091751098,3.9841654300689697,4.0843353271484375,22
0.30123442,285.52642822,158.99655151,2.14215231,2.12724757,0.17537355,0.22938919,0.281461,0.3252089,0.36476755,0.40055895,0.43329668,0.46392012,2
0.38245726,7.68072367,37.28827667,2.21291757,2.03412533,1.02108121,2.99820042,4.63337517,5.44852257,5.60102224,5.63297224,5.64232922,5.64756489,7
0.4150724460015536,78.54588135441182,0.0178440456213033,2.0065566126143715,2.9628609004127755,0.6820433139801025,1.9911189079284668,2.8675637245178223,3.2250008583068848,3.3719210624694824,3.468442440032959,3.544591426849365,3.609686851501465,22
0.72715382,25.60232054,236.04209628,2.5,2.9,0.49737144,1.2078438,1.6609488,1.8463011,1.9179087,1.9622393,1.996069,2.0237594,1
0.98549324,137.99630737,7.42370844,2.64293432,2.28117895,0.19519877,0.35234928,0.50431991,0.64713097,0.78007293,0.90385962,1.01849198,1.12532806,15
0.6129938781428785,25.04445041740579,61.788063079070746,2.670640119247775,2.5073458076037136,0.7454466819763184,2.0938682556152344,2.9957919120788574,3.415341377258301,3.608162879943848,3.728315830230713,3.8104233741760254,3.876975059509277,23
0.6957363152459936,4.399961677513109,0.4378136460817405,2.235907916539538,2.069365597046179,1.0391783714294434,3.025375366210937,4.480932712554932,5.203320503234863,5.562984466552734,5.808482646942139,5.981476306915283,6.104763507843018,5
0.641448152931839,1.1704997130444563,0.0037955795649071,2.582446951898919,2.6866939236356018,1.2607574462890625,4.136001586914063,7.243284225463867,9.541282653808594,10.712400436401367,10.958909034729004,10.974117279052734,10.983409881591797,12
0.76073637,26.15546839,238.65770402,2.6,2.1,0.44584966,1.052794,1.4295933,1.5876698,1.6644905,1.7165089,1.7561784,1.7873509,1
0.60442085,34.38344611,344.16520079,2.78503225,2.8477229,0.44999027,1.04603791,1.41508293,1.53136635,1.55260563,1.5669322,1.57913256,1.58950615,1
0.4516323796845717,0.7794792801426266,0.0958883212579399,2.742262434317721,2.5127332793536743,1.275418996810913,4.262495040893555,7.741550445556641,10.84617042541504,12.693353652954102,12.731529235839844,12.738184928894045,12.743815422058104,12
0.35481463,185.18152017,192.5634388,2.66241311,2.3481073,0.28342772,0.47745132,0.59284091,0.68044782,0.75268817,0.81394839,0.86708856,0.91204429,17
0.86509974,135.84015484,39.57789447,2.4,2.5,0.22229314,0.4015665,0.570925,0.72503614,0.86458945,0.9921937,1.1085882,1.2150695,15
0.77876457,251.54549513,283.41450616,2.2,2.5,0.09716272,0.13945365,0.17537808,0.20275903,0.23269343,0.26387954,0.29385448,0.32206368,11
0.76198196,55.05899811,120.78401184,2.12356758,2.11492801,0.33639002,0.68597651,0.93711877,1.11844349,1.25593209,1.36442232,1.4554913,1.53239894,10
0.30908183,209.46204062,196.21420056,2.64096874,2.85064459,0.34524608,0.66011834,0.83983564,0.95105219,1.03445745,1.10365391,1.16037464,1.21151495,10
0.99954436,51.39373835,110.2760005,2.6,2.5,0.3341298,0.6782801,0.9622302,1.1966634,1.3897884,1.5511985,1.6888566,1.8073068,10
0.7306028598684828,170.78830521595253,0.5205310620011523,2.414637976026817,2.932636805449392,0.2689290046691894,0.499788761138916,0.7103292942047119,0.8983035087585449,1.0658445358276367,1.2170772552490234,1.352515697479248,1.474529504776001,8
0.73034273,247.60188746,162.32908645,2.6,2.3,0.13708997,0.21398354,0.28879166,0.35967016,0.42718267,0.49064898,0.5509312,0.6081002,2
0.94859225,174.60040406,301.1691054,2.91990024,2.32481998,0.13485193,0.18037844,0.23330951,0.28305888,0.33257151,0.37770343,0.4199388,0.46080279,4
0.7941788,151.53102342,162.03813873,2.7,2.9,0.22695947,0.38315606,0.5302658,0.6632533,0.78312063,0.892411,0.99180675,1.0835295,17
0.3668687909508406,279.3939066358414,292.6126922685523,2.27995872,2.50844669,0.1555578708648681,0.1884853839874267,0.2263226509094238,0.2573320865631103,0.2861871719360351,0.3137691020965576,0.3393917083740234,0.3632898330688476,4
0.92884064,80.42965889,241.42380487,2.52188097,2.4985463,0.22662354,0.39191723,0.53938603,0.66798782,0.78034687,0.88023424,0.96893287,1.04726887,17
0.6777640562390084,1.054519960637876,0.0112848933667687,2.9100701649118803,2.413377352826059,1.2392182350158691,3.977362155914306,6.794190883636475,8.786439895629883,9.74590301513672,9.929208755493164,9.971208572387695,10.043218612670898,12
0.7096889,84.13262939,59.28448868,2.05850863,2.11278009,0.30803037,0.60867476,0.84154201,1.02547407,1.17164588,1.29475784,1.39805174,1.48497915,10
0.83807987,113.80771591,159.8713407,2.5,2.6,0.2316873,0.40640903,0.5657513,0.7067816,0.8324113,0.9452474,1.0471144,1.1385398,17
0.3264226,67.8829976,136.15379556,2.4,2.7,0.6105368,1.6354034,2.2850506,2.4739497,2.5088093,2.5301912,2.5502203,2.5690486,0
0.3931134,113.42276695,241.41373588,2.56691697,2.2290911,0.31549215,0.59371996,0.74421263,0.83253622,0.89757252,0.95023704,0.99437618,1.03277755,21
0.68648215,29.95746275,192.08417063,2.3,2.9,0.48805594,1.1698737,1.5884528,1.7664142,1.8503623,1.9065251,1.9530625,1.9907856,0
0.73118311,39.21827316,160.9803009,2.80557728,2.35545921,0.45300674,1.04391074,1.42775488,1.64140463,1.77465773,1.87242985,1.95166922,2.01860142,20
0.84072027,35.68132918,222.73858764,2.6,2.8,0.410465,0.90083814,1.2400503,1.451395,1.5915098,1.695148,1.7774401,1.845315,20
0.41154104,157.88288879,241.49880981,2.86795473,2.29396248,0.25784349,0.40657854,0.49847341,0.57316375,0.63703156,0.69158316,0.7378211,0.7792151,17
0.7281335,128.12126173,2.92886541,2.5,2.5,0.30820036,0.60164261,0.84942865,1.06003904,1.23995972,1.3947413,1.52954531,1.64803314,8
0.70363545,241.34719849,392.11941528,2.86949372,2.1860795,0.1039958,0.12481904,0.14842033,0.15592289,0.16931391,0.18565512,0.19559669,0.2075901,11
0.40700494,56.53694762,11.75561648,2.6,2.4,0.79008055,2.2345603,3.2217953,3.6352952,3.7771251,3.8611438,3.9204028,3.9696248,22
0.9330919534806108,49.7324288142292,0.8343252066840654,2.524043377701334,2.151243125926785,0.3757209777832031,0.8028192520141602,1.141688346862793,1.4065847396850586,1.6187291145324707,1.7955498695373535,1.946061611175537,2.076846122741699,8
0.5352033823309108,3.158166568002684,0.2978617948976808,2.470050763703023,2.983897400294913,1.24126935005188,4.068492412567139,7.116146564483643,9.319955825805664,10.362178802490234,10.565437316894531,10.58368682861328,10.606950759887695,13
0.64415247,128.18382161,400.0,2.0,2.95335257,0.17588806,0.24919438,0.31772685,0.37666011,0.42921543,0.47705293,0.51995468,0.5600698,4
0.40448051,180.00406529,304.78082433,2.8,2.6,0.25895023,0.4001751,0.4860599,0.5589998,0.62161255,0.6765177,0.7243998,0.7680888,17
0.387098400622387,0.9040943621753416,0.0143060685227511,2.116849504251836,2.3889230379002013,1.2198827266693115,4.103608131408691,7.46457576751709,10.499433517456056,12.373391151428224,12.404108047485352,12.411216735839844,12.417224884033203,12
0.75445477,39.60011986,36.95414217,2.8,2.3,0.5743692,1.4519494,2.018172,2.3357213,2.5444539,2.704738,2.8372414,2.9481094,19
0.85129138,226.10257535,344.84653792,2.8,2.1,0.09815454,0.14517546,0.18526387,0.22316122,0.26067948,0.2966647,0.33112764,0.3641963,4
0.89874596,167.05768303,389.04804631,2.9,2.5,0.13885617,0.19211745,0.24410105,0.30200934,0.35183144,0.39803672,0.4425547,0.48349595,4
0.47410134,234.75691257,50.14419776,2.6,2.7,0.27669168,0.49195457,0.6628921,0.80927324,0.93572474,1.0455654,1.1426516,1.2292013,9
0.81913497,190.78087719,392.76223637,2.1,2.7,0.09173942,0.12160158,0.14335728,0.15432167,0.16876483,0.18434,0.1999774,0.21311736,11
0.3072972677213549,300.0,190.4042859392989,2.50264619,2.6648929,0.2289526462554931,0.3320291042327881,0.4066615104675293,0.4726545810699463,0.5307512283325195,0.583789587020874,0.6313214302062988,0.6757068634033203,17
0.73035491,144.03369228,41.00949358,2.27257222,2.42067801,0.24140644,0.44102979,0.62011313,0.77839446,0.91823459,1.04369378,1.15531778,1.25594115,9
0.4368103997598419,1.1162388951808009,0.0049361379842497,2.4666485276409347,2.393036749847606,1.2434256076812744,4.128596782684326,7.4377121925354,10.33795928955078,11.96698760986328,11.989786148071287,11.997779846191406,12.004331588745115,12
0.92879128,10.47969532,23.96186066,2.56296778,2.24740434,0.7386651,1.89827943,2.6228621,3.0224483,3.27600312,3.45595813,3.59222293,3.71517444,23
0.6666152093962812,26.4912046265196,7.402632877725987,2.4622920170761216,2.28985514129156,0.7234601974487305,1.9334149360656736,2.68402099609375,3.0587525367736816,3.2808151245117188,3.438993453979492,3.559732913970948,3.666823387145996,22
0.4418145710134189,2.82837281281776,0.8182248719681976,2.051274537110466,2.180194635298561,1.1494688987731934,3.725076198577881,6.4117608070373535,8.451936721801758,9.511991500854492,9.64216423034668,9.64848518371582,9.654241561889648,13
0.329550261514655,103.22043023546983,0.0159515626306432,2.439713292819653,2.402363631430138,0.6496801376342773,1.787428379058838,2.504317283630371,2.7905588150024414,2.913779258728028,3.002352714538574,3.0752577781677246,3.137362003326416,22
0.87110604,47.57093884,50.67668808,2.7,2.2,0.43276215,0.96949244,1.3625522,1.6458204,1.8614035,2.0346465,2.177288,2.2982717,19
0.40097168,18.32153915,167.8098659,2.57505884,2.96862348,0.78898883,2.39614367,3.72455478,4.36087418,4.48002625,4.48393536,4.484025,4.48409939,23
0.8226198063667203,1.6401268931832118,0.0908447710580257,2.0445762786659323,2.7088189062442787,1.1451687812805176,3.60449743270874,5.7792067527771,7.013721942901611,7.565303325653076,7.827531337738037,8.009918212890625,8.138605117797852,5
0.97438785,78.34149812,279.64932677,2.8,2.7,0.2358942,0.40466976,0.5551486,0.6880007,0.80462384,0.9082029,1.0001042,1.0821893,17
0.3534898084223147,15.367204048687483,0.0400903034911116,2.7448447454190696,2.8660248761150844,1.159632921218872,3.700037717819214,6.213805198669434,7.87687873840332,8.522361755371094,8.627488136291504,8.665935516357422,8.704059600830078,12
0.72948117,125.12190141,214.33512075,2.27390314,2.663952,0.22236919,0.37687755,0.51459336,0.63393378,0.73956776,0.83390093,0.9175458,0.99310637,17
0.4185237601986964,90.62183512528765,243.8754820443311,2.790736135157017,2.3219192293021003,0.3726301193237304,0.7872269153594971,1.019827127456665,1.1232433319091797,1.189345121383667,1.2427911758422852,1.286759376525879,1.3242402076721191,21
0.78330439,221.05995657,7.44924047,2.3,2.3,0.15664768,0.26940846,0.37744308,0.48001504,0.57673836,0.66822743,0.75358963,0.8346722,15
0.46071196,91.54831508,102.36247795,2.6,2.3,0.4885714,1.1889563,1.6196091,1.811938,1.9230449,2.009898,2.0826232,2.1413505,20
0.79297605,199.39247173,97.37531315,2.82299518,2.85673268,0.21130753,0.35141873,0.48996782,0.62006807,0.7386508,0.84933805,0.95193934,1.04804349,16
0.39418828,113.8097786,71.6149691,2.2,2.9,0.4690981,1.0991311,1.4805703,1.6531129,1.7627482,1.8476954,1.9199758,1.9839144,20
0.88297256,236.32446478,378.17843728,2.8,2.8,0.15092182,0.15925121,0.18950415,0.2376337,0.27562928,0.31005597,0.34430432,0.37670112,4
0.6024857891782327,0.906408482248566,0.0049384660718972,2.54936790549502,2.186522717142919,1.211756944656372,3.938455104827881,6.845605850219727,9.07418727874756,10.190017700195312,10.258109092712402,10.264175415039062,10.268762588500977,12
0.3060217685167324,1.3937630023784533,0.0847240051563464,2.5622194798565854,2.995063924287286,1.303497314453125,4.423174858093262,8.190732955932617,11.686849594116213,14.156831741333008,14.217540740966797,14.225555419921877,14.23244857788086,12
0.57675363,87.97546246,151.44433868,2.6,2.2,0.37921047,0.8127947,1.1010845,1.2844386,1.4144316,1.5193484,1.6040554,1.6748083,10
0.86373435,245.34482463,332.02903537,2.5,2.5,0.11644459,0.14771628,0.18006158,0.2150588,0.2531457,0.28722668,0.31732988,0.3481071,4
0.39838923,115.97302812,337.26184157,2.98011134,2.74300641,0.33548045,0.62338686,0.77089071,0.85387874,0.91583395,0.96641254,1.0098021,1.04691744,21
0.81578253,143.1863072,167.44081445,2.4,2.7,0.19465804,0.3224821,0.4451022,0.5552616,0.6552801,0.7471528,0.8314514,0.9091351,17
0.9216775659430776,24.48716637398847,0.0045282491145761,2.8590289239839626,2.2524099223245484,0.573101282119751,1.3938286304473877,1.9546597003936768,2.3139355182647705,2.570773363113404,2.7738454341888428,2.942126512527466,3.086034059524536,18
0.5072938746112458,50.20634745965747,97.88046537300704,2.709112633576166,2.8701141897436035,0.658721923828125,1.8494160175323489,2.668256998062134,3.023230791091919,3.1669304370880127,3.256410360336304,3.326600313186645,3.387834310531616,23
0.51180613,148.82670593,226.89657593,2.10133791,2.55000901,0.23643041,0.38919926,0.50638533,0.60399222,0.68806362,0.76210427,0.82492113,0.88031697,17
0.9697197802434512,17.665529388253255,2.3302313282831304,2.87112662434262,2.2886217871589865,0.6160249710083008,1.5213534832000732,2.130218744277954,2.512662172317505,2.7816178798675537,2.99350905418396,3.166796922683716,3.315229654312134,18
0.90582889,164.34222412,385.3850708,2.84443927,2.83701277,0.15888834,0.20364738,0.26222634,0.32166386,0.37256169,0.42103672,0.46661639,0.50901628,4
0.3235561899424548,2.627515956056542,0.088477886050963,2.879531995836681,2.2378753648903933,1.2231345176696775,3.99311876296997,7.0635294914245605,9.697410583496094,11.147476196289062,11.169710159301758,11.177034378051758,11.183218002319336,12
0.5414660175221016,1.4051886172049912,0.2861736859586443,2.4551767296027065,2.152734652483547,1.191742181777954,3.845347404479981,6.630686283111572,8.755437850952148,9.84532356262207,9.93902587890625,9.94839096069336,9.956279754638672,13
0.5818629879961528,4.957952492360524,31.72795477430596,2.8,2.8,1.1107325553894043,3.471210479736328,5.649169921875,6.961008071899414,7.431224822998047,7.570442199707031,7.647659301757812,7.69742488861084,7
0.4985495095130712,1.38569380283296,0.2102837756793794,2.81405067563784,2.9030813310696906,1.3016798496246338,4.343652725219727,7.864402770996094,10.854702949523926,12.577102661132812,12.62106704711914,12.629584312438965,12.63674545288086,13
0.505963124658224,51.49660962825673,384.75507303371614,2.0,2.0,0.2315919399261474,0.3336668014526367,0.3685600757598877,0.3932020664215088,0.4131884574890136,0.4298350811004638,0.4440839290618896,0.4560680389404297,21
0.32545078,3.55053902,3.09035301,2.66643047,2.08928752,1.233428,3.8056283,6.47136068,8.39107132,9.40472412,9.98158836,10.47768593,11.05566978,14
0.8890889456296676,4.918822595613533,0.1375151614130225,2.696967387309749,2.812199658548914,1.0320484638214111,3.0040647983551025,4.4510498046875,5.203072547912598,5.618442535400391,5.917401313781738,6.147217750549316,6.325850486755371,5
0.34732136,254.36869812,76.16127014,2.05995965,2.26010203,0.23955941,0.39292073,0.50880575,0.60472703,0.68762016,0.76032877,0.82238507,0.87727857,16
0.6396445044245759,9.56896503947914,0.0106443911022263,2.7200493941883583,2.674814086729589,1.055849313735962,3.1413581371307373,4.767380714416504,5.583606719970703,5.960946083068848,6.212597846984863,6.407715797424316,6.551302909851074,5
0.98447895,55.79174042,351.47463989,2.38560009,2.19543958,0.1812861,0.27167034,0.35502076,0.42387462,0.48281908,0.53361392,0.57825184,0.61641002,4
0.62665001,269.63220914,51.26753196,2.7,2.6,0.19544363,0.31788206,0.43757153,0.5493114,0.652266,0.7473519,0.83622193,0.91978335,16
0.96362675,106.59032841,271.30546942,2.39716851,2.96691606,0.19856405,0.32954335,0.45614028,0.57225823,0.67736912,0.7732048,0.86142659,0.94248319,17
0.67142415,129.32919312,370.79724121,2.53433824,2.0528307,0.12435198,0.15258551,0.17845511,0.19839001,0.21932697,0.23806,0.25606179,0.27288032,11
0.73793707,50.52118511,211.25223293,2.2,2.3,0.32783556,0.64906526,0.86664915,1.0148549,1.1222851,1.2050812,1.2709994,1.3261747,10
0.5824102264578367,19.226955665502505,0.0167175807026858,2.8613252541757825,2.5691954798259866,0.949225902557373,2.75437331199646,4.064366340637207,4.713785171508789,5.031991004943848,5.245306015014648,5.391284942626953,5.509561538696289,5
0.57609509,272.94738239,59.10104359,2.5,2.4,0.1820972,0.29128504,0.3990879,0.4970851,0.5872419,0.6709347,0.74844694,0.82105136,16
0.9272350494914562,21.641343103454805,0.194749529923274,2.014352593306765,2.0639651041305305,0.5345196723937988,1.2558364868164062,1.7222907543182373,2.0221400260925293,2.241561889648437,2.416189193725586,2.560601234436035,2.6838321685791016,18
0.79908073,25.28964996,140.48823547,2.49621296,2.43828869,0.53111386,1.30954719,1.80432606,2.05363798,2.19288063,2.29614162,2.37770081,2.44301033,20
0.8842003399247969,1.2613547575209596,0.830335163242855,2.273837590717361,2.337978870237353,1.1356265544891355,3.4337003231048584,5.280224800109863,6.287201881408691,6.793007850646973,7.118698120117188,7.380051612854004,7.576292991638184,5
0.8410223596339985,29.384836150314268,361.2074722308551,2.32477856,2.18743992,0.2741761207580566,0.4842555522918701,0.60603928565979,0.6849100589752197,0.7393219470977783,0.7795157432556152,0.8096771240234375,0.8327462673187256,21
0.48316986,225.7101394,236.30840735,2.3,2.5,0.16367912,0.22051167,0.27992368,0.32965708,0.37536526,0.41767383,0.45672345,0.4933722,3
0.58077045,116.45853282,218.37717779,2.1,2.8,0.23274136,0.3788085,0.490551,0.5827608,0.6598811,0.7270162,0.7845557,0.83640194,17
0.51180462,293.36414013,176.2643344,2.4,2.1,0.12835646,0.18234181,0.23596215,0.2837906,0.33021688,0.37363935,0.41463423,0.4531603,3
0.96773218,177.15316789,328.87420144,2.1,2.1,0.07945418,0.11854529,0.15014577,0.1735301,0.20199299,0.22792435,0.2524798,0.2762208,11
0.8717713204498975,74.01266082390411,31.245001035513663,2.6,2.2,0.316739559173584,0.6400911808013916,0.910606861114502,1.1352291107177734,1.3225398063659668,1.4826509952545166,1.620325803756714,1.7411482334136963,9
0.64706553,228.82032591,345.5492243,2.5,2.3,0.11499429,0.15214372,0.18857908,0.21829677,0.24906969,0.27853703,0.30565166,0.33165932,11
0.68571645,182.61819458,190.89466858,2.73227763,2.7344842,0.20982361,0.335361,0.4544847,0.56223226,0.65940666,0.74793959,0.82964087,0.90513563,17
0.31842032,192.12735203,230.8826186,2.4,2.9,0.2864294,0.46696115,0.55919385,0.6289537,0.6880076,0.73756576,0.78019714,0.81933236,17
0.84913957,287.20604584,168.90127439,2.4,2.4,0.10526371,0.16694999,0.21971321,0.2684989,0.31915355,0.36880755,0.4160111,0.4617777,2
0.83224376,284.98794658,333.1669671,2.20779225,2.0183423,0.0632937,0.09375501,0.11583829,0.12180758,0.13897514,0.15384173,0.1676724,0.18201733,11
0.4759344150721565,285.27286768959533,0.0067987865411685,2.7359727866548207,2.9255403021821165,0.279616117477417,0.494610071182251,0.6771454811096191,0.8370099067687988,0.9777965545654296,1.102955341339111,1.2155494689941406,1.316957712173462,8
0.3130935260786168,8.823546162405052,1.147769997294788,2.2309725111451697,2.230280838355238,1.1288647651672363,3.619687080383301,6.145832538604736,7.951093196868896,8.740503311157227,8.842004776000977,8.848556518554688,8.854436874389648,13
0.99787736,293.67980957,2.36783242,2.22330928,2.08254385,0.09405851,0.16595531,0.22951961,0.28676248,0.34708953,0.40664148,0.46455288,0.52154684,2
0.48975309,267.77289943,22.18178186,2.3,2.1,0.18717456,0.3055055,0.41563892,0.5141852,0.6031549,0.68513155,0.76056075,0.82979894,15
0.84584016,163.61082458,115.99732971,2.62707901,2.45251822,0.18756914,0.31602192,0.44185662,0.55773997,0.66460776,0.76357245,0.8555522,0.94088936,16
0.51446819,19.27676201,35.96158218,2.65506697,2.04281402,0.84624648,2.29566383,3.23232794,3.64804077,3.84818029,3.95054531,4.02068138,4.06509066,23
0.6411283,25.96318245,152.21057129,2.19493628,2.7823987,0.61949134,1.70061135,2.397861,2.65386009,2.73277235,2.77651501,2.81343031,2.84663868,0
0.81818592,159.58333563,339.65897874,2.0,2.8,0.10733652,0.14276981,0.1728313,0.19843578,0.22390795,0.24888921,0.2730925,0.29452682,11
0.74707079,286.14089966,8.07480431,2.32234931,2.19120002,0.12977505,0.21616435,0.29661679,0.37337732,0.44860339,0.52084756,0.58877301,0.65430903,2
0.93274175,175.26042779,146.1405275,2.8,2.7,0.18014646,0.29649425,0.4107604,0.52327967,0.626549,0.723398,0.8147154,0.9002626,17
0.9000383,197.50012983,217.42123431,2.7,2.6,0.14865732,0.2319088,0.31046438,0.3923354,0.46791625,0.53819966,0.60487294,0.66824603,3
0.63786559,240.51442516,216.83672901,2.5,2.9,0.16290951,0.23343468,0.30637765,0.37514758,0.43875694,0.496485,0.55119276,0.60217357,3
0.65474772,146.98901665,21.89686573,2.0,2.2,0.23025751,0.41793156,0.5816524,0.7240629,0.8486736,0.9591236,1.0567727,1.1434946,15
0.8137871473309528,0.8637727976160742,0.0128141558421437,2.092053842362132,2.3006348468822178,1.1622304916381836,3.669663190841675,5.962316513061523,7.343528747558594,7.969233512878418,8.226517677307129,8.395721435546875,8.533347129821777,12
0.925321399568941,1.8742954820193425,0.0368833524485059,2.9211703632221058,2.0216313374167094,1.0496068000793457,2.931718349456787,4.22365140914917,4.931317329406738,5.432296276092529,5.84849214553833,6.188330173492432,6.419666767120361,5
0.7369527227898234,0.8227743214091722,0.1887954870165391,2.286789838471479,2.517384908491648,1.2193241119384766,3.97106671333313,6.804301261901856,8.765985488891602,9.70349407196045,9.937158584594728,9.979450225830078,10.034603118896484,12
0.7771025543273893,4.730321609077106,0.142418112422658,2.314157358104936,2.461540527888932,1.0455365180969238,3.0642805099487305,4.543691158294678,5.273115634918213,5.652656555175781,5.905617713928223,6.089231491088867,6.239328384399414,5
0.9301875,252.73360344,331.64685932,2.86403632,2.68986001,0.15421581,0.16322803,0.19580579,0.24864674,0.29250193,0.33077288,0.36986971,0.40669513,4
0.4108424286410267,181.8279414560098,0.2348480474428216,2.5879694728988336,2.0127070809146543,0.3280470371246338,0.6620259284973145,0.8938324451446533,1.061534404754639,1.194493532180786,1.302826166152954,1.3947505950927734,1.475287675857544,8
0.7955563624689859,18.95305893386686,0.0148295125727888,2.008334839970351,2.012483765989733,0.6536662578582764,1.6357228755950928,2.21565580368042,2.534005641937256,2.7423691749572754,2.897666931152344,3.0290088653564453,3.137836456298828,18
0.87201464,228.63709497,359.88694837,2.45768047,2.22916704,0.08578897,0.12169433,0.14957404,0.16575861,0.18659496,0.20838761,0.22957635,0.24947786,11
0.84623293,98.44119809,219.97241948,2.1,2.9,0.1904788,0.30866742,0.41883683,0.51408625,0.5989225,0.6747565,0.7429843,0.80438447,17
0.4974807060309318,61.896319774567374,37.45628318582719,2.547344758844474,2.704618049536194,0.6580429077148438,1.8187918663024905,2.5813026428222656,2.923903465270996,3.091994285583496,3.2095718383789062,3.299830913543701,3.379591464996338,23
0.86597014,10.60618126,241.94863335,2.1,2.2,0.45673823,1.067467,1.3929753,1.4669297,1.4701035,1.4733677,1.4765062,1.479099,1
0.6546039,128.64094211,203.1839678,2.6,2.9,0.26888394,0.47236466,0.6327503,0.7696192,0.88671136,0.98830485,1.0770698,1.1546249,17
0.4261475969503996,5.9894983062868175,80.51070544861368,2.42125654,2.72663689,0.9847371578216552,3.1007087230682373,5.086008071899414,6.330385208129883,6.651926040649414,6.6611328125,6.664643287658691,6.66557502746582,7
0.34099945,97.37349701,256.33544922,2.20537949,2.2167592,0.34322262,0.66579437,0.81004763,0.85938859,0.89673686,0.92666197,0.95172477,0.97316217,21
0.40755303,233.4262015,280.46872119,2.2,2.3,0.14394403,0.17632222,0.21027017,0.23855662,0.26636982,0.29140115,0.31505656,0.33720136,11
0.485284556538208,34.333265338766935,20.99300832763797,2.024443748037765,2.24173249472577,0.7488794326782227,2.0796170234680176,2.906436920166016,3.2442784309387207,3.388868808746338,3.468889713287353,3.5418663024902344,3.604362964630127,23
0.30436987,229.99314881,182.01219068,2.3,2.7,0.25434136,0.38988686,0.47136998,0.53829145,0.5952141,0.64612293,0.69029474,0.72814965,17
0.84341997,263.69496137,93.3546106,2.7,2.8,0.16063595,0.24815226,0.33578968,0.4301834,0.51669645,0.5980308,0.67541575,0.74988484,16
0.3751359458180955,0.8604370376213155,0.0228348449905543,2.3649967282494693,2.322172600631452,1.2348570823669434,4.124688625335693,7.4779462814331055,10.477785110473633,12.212989807128906,12.244821548461914,12.249568939208984,12.25352382659912,12
0.87505323,79.54296112,95.79984283,2.21302652,2.2271626,0.25495744,0.48059177,0.67537332,0.84308171,0.98758674,1.11257148,1.22193956,1.31835532,10
0.9421058790481908,4.501935399680721,0.2774900951718095,2.436456264349879,2.9639369635259527,1.004533290863037,2.9356813430786133,4.345573902130127,5.065746784210205,5.461292266845703,5.7302775382995605,5.939358234405518,6.104843616485596,5
0.54382815,276.90504283,298.07237488,2.8,2.3,0.13354516,0.17713618,0.22069407,0.2629032,0.30306602,0.33993673,0.3741126,0.40694523,4
0.99646282,45.47232819,91.02088928,2.08688498,2.41410422,0.32104492,0.65018058,0.92079926,1.14188218,1.32289767,1.4753859,1.60334229,1.71365404,10
0.87831416,207.82139435,385.36413838,2.6,2.0,0.08686781,0.12447786,0.15806341,0.18343997,0.21028805,0.23648763,0.26296282,0.28805876,11
0.43976112,82.37180708,152.25531691,2.1,2.6,0.41290593,0.9072547,1.1878233,1.3093035,1.3836489,1.443259,1.492872,1.5353963,21
0.66871852,9.34228516,34.39867401,2.00216603,2.04470134,0.86044335,2.32655954,3.23496246,3.60411072,3.76640272,3.8437376,3.88865662,3.92468214,23
0.47715024,205.30378464,325.65241809,2.1,2.2,0.11812401,0.14293098,0.16583085,0.18278456,0.20254803,0.22063875,0.23639202,0.25165534,11
0.5863929817947049,1.5823187381208177,0.1951978642456171,2.1446027547899336,2.6661353380026034,1.2138984203338623,4.011654853820801,7.032589912414551,9.287458419799805,10.470142364501951,10.704190254211426,10.71658420562744,10.725801467895508,12
0.3082566,108.50712623,374.29954114,2.6,2.9,0.33582497,0.5935888,0.6782298,0.70785785,0.73249054,0.7534573,0.77139974,0.7870045,21
0.9694692905810164,1.3692888205872118,0.1052298076340887,2.2805305536992706,2.594886041117075,1.124159812927246,3.3623974323272705,5.107209205627441,6.032487869262695,6.525834083557129,6.867288589477539,7.137206077575684,7.342094421386719,5
0.91063756,128.75375366,298.28820801,2.4093008,2.52636456,0.1529882,0.23190641,0.31190252,0.3844254,0.45161915,0.51341271,0.57064319,0.62376547,4
0.30425211,97.98830378,302.55193114,2.61506548,2.076987,0.30680203,0.51412678,0.57633972,0.60342383,0.62782884,0.64825773,0.66542768,0.68024778,21
0.7209669690572967,59.858264835775564,0.159488248320364,2.815993512039684,2.233695356379989,0.4713995456695556,1.0970847606658936,1.5356857776641846,1.825542688369751,2.0377142429351807,2.2082526683807373,2.3502700328826904,2.4732162952423096,18
0.92645335,47.7768631,98.45248413,2.59319067,2.99446869,0.4239006,0.93442822,1.32626653,1.62155557,1.85025191,2.03463817,2.1870091,2.31609321,20
0.91120313,28.88834681,130.42692167,2.5,2.3,0.44958138,1.0299602,1.4292176,1.6828561,1.8598721,1.9960258,2.105612,2.1952345,20
0.92251493,43.21029316,263.71168255,2.8,2.6,0.33683896,0.6744678,0.9257517,1.1164136,1.2641003,1.3815062,1.4755766,1.5531323,10
0.46909402,262.26720641,224.09551798,2.1,2.3,0.12022924,0.15819407,0.19418931,0.2244749,0.25680542,0.28670597,0.3136263,0.3396361,11
1.0,16.57921231,400.0,2.0,2.0,0.22293282,0.33177018,0.37876797,0.40600276,0.4228251,0.43389058,0.44123435,0.44675732,21
0.7973529863922917,1.369732290842632,0.3801339740533596,2.337322166253628,2.8884000986148504,1.2129993438720703,3.8698811531066895,6.428194999694824,7.987619400024414,8.715503692626953,9.033609390258787,9.222688674926758,9.383947372436523,13
0.69569306,127.1292725,261.4001813,2.6,2.0,0.18985963,0.303344,0.40731072,0.4978161,0.57817245,0.65007806,0.71487737,0.7727928,17
0.5685681376247015,1.8733040108461847,0.0981957066807094,2.753096744522225,2.526023674112348,1.242976188659668,4.0239434242248535,6.964677810668945,9.089179039001465,10.122529983520508,10.263794898986816,10.277671813964844,10.29164218902588,12
0.30036709,297.48926739,225.00231899,2.91714927,2.39712982,0.19867992,0.25041676,0.29581499,0.3326025,0.36839652,0.39964604,0.42851353,0.45578265,3
0.33890449,253.54650242,275.79465111,2.08433723,2.54326915,0.17389631,0.21884322,0.26229167,0.29922771,0.33331037,0.36412907,0.39291406,0.41941047,4
0.31161835,284.04465788,276.72327091,2.6,2.8,0.20248699,0.25188947,0.29403734,0.32991195,0.36337686,0.3929143,0.4201715,0.44603705,4
0.52628309,160.96282959,98.90956879,2.49435902,2.03640318,0.23494911,0.40248728,0.53865242,0.65395093,0.75324178,0.83923626,0.91517615,0.98079515,16
0.9729464,260.27538548,313.55393355,2.3,2.9,0.11813402,0.13698411,0.1672895,0.1934042,0.22635412,0.2560463,0.28149867,0.30965018,11
0.673632,117.97462526,117.41303615,2.7,2.1,0.28539872,0.5457041,0.75676847,0.933038,1.0814846,1.2076688,1.3172796,1.4131322,10
0.66190054,212.53881256,324.5777907,2.0,2.2,0.08870745,0.11928129,0.1422491,0.15776014,0.17905045,0.19800353,0.21564817,0.23199105,11
0.6844401175657938,63.5867535404031,1.4104262090323676,2.1800974809304283,2.8499387465417163,0.5194754600524902,1.2871384620666504,1.7952864170074463,2.1054623126983643,2.3256189823150635,2.49980092048645,2.6425588130950928,2.764414072036743,18
0.816890823336378,192.1398204039908,0.107165699794849,2.848769093113498,2.093077616089813,0.1767380237579345,0.3056790828704834,0.4325964450836181,0.5515952110290527,0.6631503105163574,0.7674510478973389,0.8653476238250732,0.9562795162200928,15
0.96007252,175.16918945,29.40043068,2.11158848,2.40315223,0.14750695,0.26269031,0.37120295,0.47566915,0.57591915,0.67105007,0.76143956,0.84663296,15
0.66634541,12.6778789,122.25603243,2.01972963,2.31664658,0.70090938,1.92004013,2.6801362,2.93045044,2.97918367,2.99145317,3.00329351,3.01475143,0
0.98729037,120.76683494,351.10797779,2.51497906,2.67382756,0.15016484,0.22082019,0.29206324,0.35974884,0.42201781,0.47906208,0.53163362,0.58081079,4
0.5523572117224707,64.23105533330434,347.7672668269467,2.54373566,2.92776201,0.3696608543395996,0.7780599594116211,1.0257866382598877,1.1496641635894775,1.2251877784729004,1.28214430809021,1.3273334503173828,1.3642945289611816,21
0.9756823249327848,3.0811722083751123,286.0386440489246,2.489811812913373,2.9188898186071763,0.6180911064147949,1.7467026710510254,2.5588746070861816,2.840331077575684,2.846724510192871,2.847209930419922,2.847475528717041,2.847592353820801,1
0.8647800282615671,1.666197792857457,0.0101692040369779,2.642166340121073,2.2472221965213066,1.130086898803711,3.3405017852783203,5.05484676361084,5.975839138031006,6.483534336090088,6.870158672332764,7.2019362449646,7.4485602378845215,5
0.49406876,259.17809224,270.09809145,2.6,2.2,0.14513803,0.19243288,0.2428863,0.286613,0.3281684,0.36668515,0.4027369,0.43648624,4
0.85286766,293.58706665,375.0920105,2.60772395,2.85043526,0.13730454,0.14244342,0.15987706,0.20184302,0.23627019,0.26456118,0.29323077,0.32072544,11
0.81644927,135.37922653,92.34351107,2.3,2.2,0.19412446,0.33954453,0.47632527,0.59996367,0.7119379,0.8149307,0.9087751,0.99391246,16
0.75192823,292.98619352,370.40913488,2.8,2.5,0.12867546,0.14092755,0.15971327,0.19677234,0.23012686,0.2566421,0.28333974,0.3081963,11
0.67334229,258.92786048,195.96895764,2.2,2.9,0.12800431,0.18436193,0.23982573,0.28908753,0.33686852,0.38358474,0.42690015,0.4682076,3
0.95843048,275.61591469,168.10202023,2.1,2.1,0.0766356,0.12762737,0.17182565,0.20726252,0.24676943,0.2849095,0.3221712,0.35910916,2
0.8859030530089641,65.98273477099302,0.2619184070414436,2.3332725955907923,2.80102333892072,0.3944146633148193,0.8462531566619873,1.2057232856750488,1.4914968013763428,1.7226591110229492,1.9155058860778809,2.079254627227783,2.2210168838500977,8
0.34868084,156.95858593,344.10160197,2.8748151,2.30338738,0.22587299,0.29236817,0.32689166,0.3541913,0.38015079,0.40258622,0.42246985,0.44133687,4
0.3100822905266724,27.38716043554532,8.203532614899261,2.65066242,2.02020788,0.94020676612854,2.764187812805176,4.173791408538818,4.811611652374268,5.012350082397461,5.133920669555664,5.2056965827941895,5.247493743896484,6
0.93849267,286.88126608,216.44310162,2.85113041,2.20802789,0.11054921,0.14929628,0.19034934,0.22573853,0.26414156,0.30461073,0.34181356,0.37846088,3
0.9242522765788944,62.15361168430662,0.016123766858394,2.882236684498591,2.516359751936601,0.3941531181335449,0.8429722785949707,1.206566333770752,1.4967103004455566,1.731367111206055,1.926650047302246,2.093002319335937,2.2374253273010254,8
0.62022314,277.61909338,369.06560325,2.6,2.7,0.13656664,0.14719892,0.17026687,0.20123768,0.22960877,0.25170374,0.27321982,0.2943325,11
0.8283029697457885,1.903860852956019,0.0108435328304105,2.1207374865244555,2.017865760301244,1.063286066055298,3.0969254970550537,4.588315963745117,5.359994888305664,5.771001815795898,6.06873893737793,6.293597221374512,6.452791213989258,5
0.37298052,27.05447662,94.45545798,2.64962976,2.16322416,0.77658796,2.14700699,3.08572149,3.43899155,3.53600979,3.55442047,3.56362295,3.57263374,23
0.4065186567465396,4.489115718868032,0.095487624106167,2.1475402058090345,2.5901464611640908,1.191319704055786,3.9190385341644287,6.890508651733398,9.135578155517578,10.247268676757812,10.331725120544434,10.339147567749023,10.345746994018556,12
0.61821389,16.34103775,21.5276413,2.36357832,2.02061534,0.82495952,2.19331408,3.03398848,3.41686106,3.61155176,3.72449732,3.80478907,3.86807346,23
0.6523208431158214,177.38347845352877,0.1201521905178314,2.6361626837631937,2.0957854308586743,0.2272918224334716,0.4087951183319092,0.5743725299835205,0.7206411361694336,0.8509328365325928,0.9680173397064208,1.0738534927368164,1.1688838005065918,15
0.97475201,207.844436,265.96129759,2.1,2.6,0.09449148,0.14301682,0.18185091,0.215837,0.25312066,0.2895522,0.32414865,0.35688114,4
0.40027423,265.39534241,261.80460223,2.35994701,2.97167586,0.2043848,0.28620672,0.35794282,0.42144036,0.47873425,0.53059435,0.57855487,0.62281322,4
0.83549021,31.72118729,309.11534736,2.3,2.6,0.31926107,0.6091759,0.79049635,0.90044665,0.9722216,1.0250084,1.0642292,1.0942247,21
0.91574232,199.84981652,238.09240794,2.2,2.7,0.11622262,0.17578578,0.2310338,0.28146076,0.33036804,0.37916303,0.42483187,0.4686904,3
0.81446029,84.4214585,19.80954315,2.1,2.5,0.29985738,0.59611845,0.84220934,1.0473518,1.2193282,1.3652132,1.4908805,1.5996699,9
0.83397161,3.90107815,62.52356438,2.5,2.4,0.9488473,2.7175324,4.002825,4.6094427,4.8411293,4.95191,4.9906235,5.0062876,23
0.69640435,231.19307744,62.80748239,2.1,2.6,0.15037847,0.24286795,0.33248305,0.41742063,0.49721646,0.57125807,0.64089537,0.7068615,16
0.4994787091683325,29.58778528578895,0.0770717684760875,2.7191767379922305,2.865033358697394,0.9347076416015624,2.780238389968872,4.192426681518555,4.881153106689453,5.175407409667969,5.336147308349609,5.450791358947754,5.538936614990234,5
0.30570026,36.55795426,75.75575639,2.2,2.9,0.8192942,2.2979589,3.3504815,3.783144,3.9136872,3.9475832,3.9583125,3.9674811,23
0.38326751,122.8953257,163.10620471,2.5,2.3,0.40171218,0.88332677,1.164357,1.2924209,1.3760617,1.4429958,1.4967248,1.5424554,21
0.67590862,275.11871676,142.92179721,2.65356061,2.07473762,0.11690784,0.17506099,0.22852087,0.27895689,0.32872009,0.37643313,0.42165184,0.46439576,2
0.70229834,139.5217979,346.215547,2.2,2.1,0.12421942,0.16520667,0.2056098,0.238734,0.2716174,0.30183387,0.3297863,0.35539246,4
0.48638555,261.71966553,265.27618408,2.99930716,2.8771131,0.20713568,0.28162527,0.35993218,0.42733884,0.48764992,0.54401016,0.59612632,0.644418,4
0.83727101,114.79996022,76.83185672,2.8,2.8,0.29090762,0.54874754,0.7759366,0.9757812,1.1508629,1.3054786,1.4413762,1.5625744,10
0.65623577,141.29346041,20.82266334,2.87245149,2.46854243,0.31678128,0.61843371,0.86437273,1.07099009,1.24475408,1.39384055,1.52306724,1.63512111,9
0.8144168632327811,3.3233426651278224,0.094404697997206,2.1750631467895167,2.8503596439416325,1.0923213958740234,3.347130537033081,5.175243377685547,6.139402389526367,6.568748474121094,6.815472602844238,7.007608413696289,7.147773742675781,5
0.3169636843501331,0.724090523356262,0.1669782711609842,2.9442071387079496,2.712884352796816,1.3104987144470217,4.415364742279053,8.107131004333496,11.546507835388184,13.747732162475586,13.786251068115234,13.79201316833496,13.79676628112793,12
0.8072267471910439,60.8198424931017,0.0153592442084577,2.5819533052437893,2.6240360496267088,0.4640166759490967,1.0591578483581543,1.494769811630249,1.8056604862213133,2.0412027835845947,2.2320573329925537,2.3919947147369385,2.5291435718536377,18
0.91602548,114.79198484,265.55830889,2.8,2.3,0.18170834,0.29653573,0.40815973,0.5097463,0.60245967,0.68691564,0.76468134,0.8365464,17
0.94820327,268.58618164,378.15374756,2.41773009,2.22117496,0.07093287,0.10559034,0.13129616,0.13706779,0.15123487,0.16877484,0.18755913,0.20296836,11
0.3330418615983645,7.046110178437056,34.21178927623323,2.6001482,2.84791279,1.1386396884918213,3.6844966411590576,6.3835649490356445,8.416075706481934,9.326251029968262,9.392821311950684,9.39303493499756,9.39330005645752,14
0.35263202,118.70408464,354.76310095,2.3,2.7,0.25851798,0.37171078,0.4110136,0.4420104,0.46845174,0.49193192,0.51183605,0.5295906,4
0.5815662456327634,25.791221038322853,0.0400771346171339,2.566506351634781,2.930654594812412,0.897406816482544,2.643361806869507,3.921097993850708,4.540325164794922,4.819269180297852,4.9917755126953125,5.107312202453613,5.208200454711914,5
0.42437434,53.2942587,100.52634126,2.21614347,2.59825789,0.65124846,1.79517126,2.53238058,2.77898788,2.84479523,2.88499689,2.92078018,2.95403624,0
0.8427857,161.90341069,39.79280097,2.8,2.4,0.22025728,0.39248323,0.55722594,0.71000576,0.8502438,0.97934055,1.0979812,1.2077196,15
0.37971065,98.119492,303.47322028,2.00002037,2.81574449,0.35474062,0.74748516,0.96853924,1.05393267,1.10458755,1.14371037,1.1767416,1.20509887,21
0.96239988,15.61774393,153.97435756,2.6,2.0,0.5045359,1.2336328,1.6928656,1.9372535,2.0830407,2.1851268,2.2642088,2.3261142,20
0.89570378,247.77098672,53.67537341,2.4,2.5,0.13583136,0.22761655,0.31295776,0.3966732,0.47862077,0.5563848,0.6308968,0.702446,16
0.96976224,41.78701088,90.5007153,2.8,2.2,0.39030194,0.8446553,1.1955619,1.4654872,1.6775756,1.8491936,1.991353,2.113173,10
0.77601683,12.63779831,37.10895157,2.68277001,2.36769867,0.80602217,2.16375971,3.03491592,3.47352695,3.71245384,3.86699963,3.9736433,4.05493593,23
0.97870761,93.53878784,182.89628601,2.40228605,2.39901066,0.19877768,0.34436464,0.48226452,0.60622144,0.71838045,0.8202014,0.91234469,0.9962852,17
0.52677965,132.77046204,147.59220886,2.46392179,2.31774759,0.29657173,0.54952836,0.73046589,0.87087369,0.98273849,1.07703614,1.15679836,1.22449589,10
0.35825604,165.20883285,110.85313172,2.04562667,2.03036678,0.28661108,0.51545095,0.65726614,0.75806141,0.83760047,0.90210652,0.95897579,1.00655842,10
0.72571386,147.22875511,129.1973027,2.9,2.5,0.2610159,0.46849155,0.6516309,0.8133373,0.9560971,1.0835755,1.1973171,1.2983904,10
0.59556243,178.6668663,80.01485292,2.5,2.8,0.26785707,0.48086524,0.6589689,0.8126323,0.9471607,1.0653093,1.1690068,1.2621279,10
0.6563225956265653,3.488395095859116,0.5566570867361817,2.470006043872796,2.504989453180747,1.1583585739135742,3.596870422363281,5.760782718658447,6.995544910430908,7.508843898773193,7.754456043243408,7.930758953094482,8.076862335205078,5
0.3817893,18.6465683,4.50268984,2.40616632,2.003124,1.01481318,2.88838696,4.2514925,4.86371613,5.09056568,5.2126255,5.28827953,5.33018875,6
0.7045298569408602,5.027530581926799,0.6103593897117026,2.290955657788321,2.6422775325612053,1.0882408618927002,3.3125312328338623,5.112851142883301,6.039652824401856,6.449206352233887,6.675836563110352,6.853580474853516,6.979001998901367,5
0.57848984,15.66310974,165.52167662,2.7,2.0,0.6922443,1.9821873,2.8792853,3.1636653,3.1819768,3.182941,3.1849923,3.1873336,0
0.8213167775469522,2.1689100069958065,0.0428005917819404,2.170901954451226,2.376875763822517,1.106013536453247,3.3371684551239014,5.096221923828125,6.019208908081055,6.468147277832031,6.741814613342285,6.952078819274902,7.110295295715332,5
0.5804066831533397,113.19400812271572,58.85981632374538,2.6188193396120583,2.6397130379864504,0.4064064025878906,0.8942244052886963,1.242584228515625,1.4839646816253662,1.667140245437622,1.812854528427124,1.93747878074646,2.042945146560669,19
0.53643084,217.6035614,24.11440468,2.11021471,2.63664389,0.24602938,0.44079995,0.60928917,0.75696182,0.88671923,1.00178313,1.10391712,1.19613886,15
0.30032722,207.96648321,278.28631816,2.6,2.1,0.23411465,0.33872318,0.40013456,0.45073318,0.49473858,0.53317666,0.56725144,0.5973139,4
0.4681327,214.90118871,185.00189037,2.2,2.7,0.19394445,0.28278232,0.36401892,0.43344355,0.49529624,0.55126905,0.6021433,0.6494329,3
0.5267628673164512,41.09327837275755,142.84753184620715,2.429905240900406,2.6149719188042293,0.5925214290618896,1.6108787059783936,2.2629082202911377,2.507175207138061,2.5966956615448,2.6550652980804443,2.7035038471221924,2.7456953525543213,0
0.77637883,102.62283728,311.44622569,2.06262535,2.21797172,0.15549874,0.22751427,0.29502344,0.35434461,0.40772748,0.45529866,0.497998,0.53656149,4
0.9978183816659612,62.236113856055454,0.8891049878619539,2.5279426909251863,2.1418112242612244,0.3039355278015136,0.6130359172821045,0.881563663482666,1.111544847488403,1.3065953254699707,1.4748783111572266,1.6209945678710938,1.7500567436218262,8
0.48759024,252.4218187,122.78740695,2.3,2.9,0.19374299,0.29328036,0.38698316,0.46846676,0.54296064,0.61092615,0.6729851,0.730814,16
0.64545486,289.77995357,355.55850017,2.9,2.5,0.13433099,0.15910363,0.18801999,0.23093271,0.2656417,0.2965424,0.3273654,0.35611868,4
0.5333610071700483,7.288793089411675,62.120983745285415,2.274574526215828,2.7912367592228504,0.9811160564422609,3.059022188186645,4.906331062316895,5.911798477172852,6.180339813232422,6.220755577087402,6.236454010009766,6.242425918579102,7
0.91731614,1.4070172,105.59923633,2.9,2.5,0.98111033,2.9313488,4.5811176,5.463469,5.711275,5.769183,5.7732954,5.773381,7
0.8300448184498324,3.9043065242581823,0.0204599675023232,2.5993689452331843,2.689305783170308,1.0904152393341064,3.235192060470581,4.885725975036621,5.741239547729492,6.181783676147461,6.492959976196289,6.738153457641602,6.919898986816406,5
0.647547427419279,2.97106908619656,4.7014720971129424,2.9297297,2.66079378,1.2017011642456057,3.762339591979981,6.178072452545166,7.6556077003479,8.284368515014648,8.536371231079102,8.736335754394531,8.904504776000977,14
0.9857194072794946,2.013743436891645,0.0033324656298512,2.23108538302352,2.8893528991385447,1.084841251373291,3.256960391998291,4.94567346572876,5.819817066192627,6.272797107696533,6.5672783851623535,6.798880100250244,6.979476451873779,5
0.43552725,156.56968368,313.60047782,2.29078555,2.91465922,0.2613008,0.42683744,0.53036571,0.61530113,0.68623304,0.74669456,0.79877734,0.84586573,17
0.77769659,198.79601997,337.1447093,2.2,2.6,0.10638452,0.14507389,0.1795609,0.20639324,0.23261595,0.2594502,0.28548384,0.30994177,11
0.99911118,292.09460449,202.52326965,2.1269834,2.01068974,0.06866765,0.11228108,0.14863467,0.17513204,0.20770049,0.23802614,0.26874232,0.29920745,11
0.7487531246022764,6.821321816224354,0.350751663307686,2.0669881752436217,2.6053523073544884,0.9923043251037598,2.922457933425904,4.323274612426758,4.992903709411621,5.297924995422363,5.490548133850098,5.623134613037109,5.735945701599121,5
0.8159895391228585,1.8765781157209005,0.0271026576912101,2.24974087808999,2.9677081223652024,1.1785318851470947,3.707188844680786,6.011993408203125,7.35417366027832,7.970274925231934,8.2728853225708,8.474263191223145,8.636404991149902,12
0.63459289,95.85456848,280.66906738,2.21000147,2.065624,0.19929957,0.30066061,0.38298249,0.45061851,0.50883508,0.55821276,0.60108733,0.64059949,4
0.64546774,270.06788881,85.32571906,2.6,2.9,0.18345642,0.28817058,0.39303827,0.49247456,0.58365893,0.6684015,0.74766827,0.8221936,16
0.8166394923526255,46.67518673590661,0.0629284135152369,2.0041389863732264,2.6755367684347933,0.4817161560058594,1.1329429149627686,1.579617261886597,1.882892608642578,2.109714984893799,2.2918105125427246,2.4433822631835938,2.5729150772094727,18
0.4794128594424341,25.208955412770827,0.0436620133397752,2.527609213647108,2.888014091929448,0.982574462890625,2.9805917739868164,4.596519470214844,5.3943867683410645,5.694601058959961,5.849765777587891,5.941350936889648,6.024263381958008,5
0.5874271999256913,15.388526560080988,0.4107101361295763,2.5328793526776323,2.066122581423472,0.8997054100036621,2.504204750061035,3.560686111450196,4.072937965393066,4.352409839630127,4.546477794647217,4.671070575714111,4.777830123901367,22
0.51915022,102.76393436,371.24529981,2.6,2.9,0.27141237,0.42737246,0.5095935,0.5746312,0.6272795,0.67199564,0.71122766,0.7446394,17
0.95689482,148.65172762,169.89657125,2.05194192,2.27283896,0.1266346,0.21352863,0.29578996,0.37296104,0.44741702,0.51653099,0.58148956,0.64323235,3
0.66758601,223.95048129,318.37373602,2.9,2.1,0.12896633,0.1821611,0.23483467,0.28451896,0.3314991,0.37613583,0.41761947,0.45697594,4
0.7291626322765616,6.914638201842198,6.235659243201584,2.6540482,2.91984534,1.0634140968322754,3.204050064086914,4.907814979553223,5.788207530975342,6.192851543426514,6.44931173324585,6.642116069793701,6.778564929962158,6
0.77523265,5.2062346,66.6188701,2.1673538,2.94995391,0.94828653,2.84443212,4.34959888,5.09272861,5.31611729,5.38101768,5.4061327,5.41875267,7
0.75767827,8.48620987,46.35339355,2.72126651,2.03069687,0.82532573,2.185395,3.0360291,3.4611094,3.69315648,3.83101439,3.91506696,3.9768455,23
0.91403617,27.63446002,76.35060469,2.2,2.6,0.47058845,1.0803483,1.5037344,1.7797029,1.9738433,2.123233,2.2473347,2.350651,20
0.3960179031724628,137.2577202288052,0.0094136543220533,2.335647608931436,2.8380427386373364,0.5362343788146973,1.4033665657043457,1.9604697227478027,2.218484401702881,2.3725295066833496,2.48960828781128,2.590186595916748,2.677066802978516,18
0.3777873612871215,10.471578381170726,45.702292404332056,2.5978603,2.00929971,0.9415090084075928,2.8204472064971924,4.36763858795166,5.1263427734375,5.308932304382324,5.361606597900391,5.389018058776856,5.400525093078613,7
0.8706164,51.36768876,391.79929347,2.44395884,2.30264069,0.20379829,0.29677844,0.36769247,0.42461896,0.4711082,0.51055694,0.54278708,0.57043576,4
0.69119289,56.93688025,317.78770416,2.7,2.2,0.3153653,0.60784364,0.7977495,0.9239397,1.0146296,1.0842788,1.140763,1.186378,10
0.36848733,172.39315199,155.95150952,2.27162042,2.35663458,0.30255032,0.55003166,0.7019453,0.8094511,0.89465642,0.96537614,1.02353811,1.07452154,10
0.88262176,235.83746218,336.18202408,2.7,2.7,0.14711905,0.16811538,0.20596957,0.25819325,0.30291772,0.34275007,0.38242173,0.41939497,4
0.70641588,186.57024929,146.25864412,2.6,2.7,0.20445514,0.33419704,0.45813298,0.57022285,0.67206216,0.7656021,0.8513186,0.9306259,17
0.5962497571867259,0.8170488379616085,0.0056704404284896,2.828949324575943,2.8408103675887566,1.301095724105835,4.333178520202637,7.812268257141113,10.703859329223633,12.47848892211914,12.575480461120604,12.585756301879885,12.594327926635742,12
0.3,23.873045652293428,41.31948825856674,2.33024764,2.25962996,0.9232673645019532,2.789080619812012,4.314588069915772,5.033831596374512,5.179143905639648,5.219057083129883,5.2373151779174805,5.249152183532715,7
0.57159223,203.33345333,140.92102935,2.1,2.4,0.16625905,0.25427294,0.33997154,0.4156885,0.48428488,0.54760265,0.605562,0.6589184,2
0.9992967905824278,70.63707629907779,0.3667798782583901,2.4556639448603943,2.207160472811732,0.2860922813415527,0.5646905899047852,0.8132059574127197,1.0295000076293943,1.2164921760559082,1.3798396587371826,1.5235223770141602,1.6513142585754397,8
0.47433666,128.13261543,253.37613358,2.3,2.6,0.2593515,0.42181182,0.5264554,0.60919285,0.6793647,0.7371044,0.78705263,0.82912993,17
0.54758754,220.39258522,167.66525131,2.3,2.5,0.17492676,0.260499,0.3453033,0.4189012,0.486063,0.548218,0.6051314,0.6577389,2
0.99957163,261.72989666,332.433762,2.2,2.3,0.07178092,0.11036539,0.14018583,0.15434408,0.17610621,0.1994307,0.22304392,0.24468303,11
0.7809307137661402,45.08324005096268,0.0438754003636574,2.862519868033837,2.550460725712687,0.5546555519104004,1.3557546138763428,1.907703161239624,2.253549337387085,2.4989593029022217,2.69214940071106,2.852313280105591,2.988727331161499,18
0.62816551,122.97814733,13.852147,2.9,2.8,0.41843963,0.90640736,1.2729402,1.545053,1.756958,1.9286375,2.0729094,2.1966114,18
0.38522615,242.03115934,22.80472968,2.5,2.5,0.3180015,0.60291505,0.8040743,0.96192837,1.0899837,1.1958122,1.2880511,1.3695335,9
0.69574771,152.94283647,83.23604229,2.8,2.9,0.29009414,0.5359304,0.7460375,0.92877674,1.0887179,1.228754,1.3527393,1.4625182,10
0.71425118,34.0686191,150.37926987,2.4,2.3,0.48988914,1.1750288,1.5964458,1.796942,1.9177859,2.0042431,2.070288,2.126973,20
0.44866112,275.47995543,389.33434156,2.9,2.5,0.15052485,0.17482734,0.20310783,0.2353909,0.2600386,0.28319216,0.30529642,0.32573462,11
0.40892023,43.73160934,231.47885132,2.73419333,2.90464592,0.61016822,1.67463803,2.43336368,2.67463756,2.68583274,2.68893981,2.69204688,2.69514823,1
0.6052789695090091,30.77010306272959,200.970963620747,2.704524077335116,2.719293639898752,0.571906328201294,1.5374372005462646,2.1775500774383545,2.425238847732544,2.505927324295044,2.549989938735962,2.585689783096313,2.616450548171997,1
0.4138448166610637,13.571233810281646,0.6598711445708865,2.355450652414953,2.935630282099213,1.1215035915374756,3.579484939575196,5.942502021789551,7.407871246337891,7.947042465209961,8.052484512329102,8.096858978271484,8.130228996276855,13
0.97338301,11.14108944,35.19788361,2.8575058,2.01769209,0.63880873,1.56886315,2.16493869,2.51962495,2.75967288,2.93711638,3.0751431,3.19442773,19
0.49114313,183.96029328,275.26377816,2.34318312,2.91412006,0.23252153,0.3626492,0.46502423,0.5531981,0.63084078,0.69991875,0.7625556,0.81789064,17
0.5336830298096418,275.12006190827736,391.9071466438433,2.1,2.2,0.0771808624267578,0.0988898277282714,0.1187255382537841,0.1189112663269043,0.1268417835235595,0.1350646018981933,0.1447527408599853,0.1524040699005127,11
0.7433724848510501,1.889286268020633,32.55265721439109,2.93104315,2.54045773,1.1127610206604004,3.433241367340088,5.496469020843506,6.689465045928955,7.156613826751709,7.347123622894287,7.492312908172607,7.591082096099853,7
0.91593368,262.65886453,44.37679194,2.96956359,2.46494285,0.16190171,0.24055052,0.32781053,0.42025042,0.50846028,0.58991265,0.66916013,0.74486208,16
0.8776173170650211,1.084929457849768,0.7925728811732944,2.302553905736036,2.044243119517819,1.103420972824097,3.2763116359710693,4.954771041870117,5.877379417419434,6.370206832885742,6.711075782775879,6.976456642150879,7.165158271789551,5
0.55992575,158.6955001,348.39102252,2.8,2.7,0.21663475,0.30963993,0.38662577,0.45386982,0.5126009,0.56519294,0.61270976,0.6560917,4
0.6482194,105.79754314,143.19435665,2.7,2.1,0.30794,0.603596,0.8300488,1.010359,1.1552203,1.2771623,1.3790066,1.4651539,10
0.8016398213209603,4.316809322355318,4.747945148103257,2.3,2.8,1.059439182281494,3.191974878311157,4.861433029174805,5.705329895019531,6.099732398986816,6.33851432800293,6.509915351867676,6.646058082580566,6
0.32231795,299.700001,122.9636619,2.005,2.06986981,0.1581645,0.21340394,0.26685262,0.31344295,0.35603476,0.39495134,0.43038249,0.46366525,2
0.84156021,65.08728875,304.37383203,2.0,2.5,0.19013667,0.28944445,0.3739431,0.443645,0.5029192,0.5541229,0.5980594,0.63602495,4
0.89583036,51.06525885,3.97777777,2.1,2.5,0.37698603,0.8026843,1.1345909,1.3908505,1.5929627,1.7592816,1.8991146,2.0200386,8
0.4334252418380444,5.9289264638167385,0.0154053595075743,2.252490177585321,2.9213975296930963,1.200171709060669,3.9346745014190674,6.855940818786621,8.990063667297363,9.958274841308594,10.095078468322754,10.102008819580078,10.110126495361328,12
0.72641391,74.72217159,6.25728519,2.8,2.0,0.42488432,0.95725083,1.339251,1.6126187,1.8201725,1.9877162,2.1277537,2.2469225,18
0.8510523189846202,24.752055506569405,0.0426129067243496,2.8337497166666,2.30199504600542,0.618354082107544,1.54656720161438,2.1564600467681885,2.524377584457397,2.776286363601685,2.9725587368011475,3.134617567062378,3.273637056350708,18
0.94954407,91.85443878,355.50747681,2.07394028,2.66339016,0.15702653,0.23841882,0.3193562,0.39185262,0.45666146,0.5153985,0.56882691,0.61790371,4
0.84636013,80.42953267,56.75763933,2.1,2.4,0.27418256,0.5304687,0.7472904,0.93158865,1.0882587,1.2228079,1.3387794,1.4401193,9
0.7887624362026258,1.3194888953296544,0.0069682127969443,2.250560255439789,2.424229672527491,1.1707472801208496,3.651543855667114,5.873689651489258,7.1568708419799805,7.743438720703125,8.02647876739502,8.2272367477417,8.3828125,12
0.32451451,187.48686945,57.4452595,2.73006969,2.36770053,0.39975786,0.85800505,1.13771915,1.28804517,1.39255786,1.47693706,1.54980922,1.61105275,9
0.55432343,221.00935364,142.85804749,2.83662462,2.93384147,0.25429678,0.42248726,0.56857944,0.69692612,0.81118178,0.91425562,1.00685334,1.09033895,17
0.3,287.70240436898706,274.9561744308581,2.0,2.0,0.10884690284729,0.1252174377441406,0.1384663581848144,0.147019624710083,0.159029483795166,0.1703438758850097,0.1809463500976562,0.191392183303833,11
0.86464655,130.00428772,189.12072754,2.99324298,2.08035254,0.16607833,0.26415014,0.36095715,0.44811058,0.52853227,0.60241199,0.67021394,0.73317337,17
0.623628251075782,1.433352890785922,0.7510766652835815,2.312716141015996,2.1156223875671736,1.1607918739318848,3.67560625076294,6.136632919311523,7.820832252502441,8.572338104248047,8.714715957641602,8.750246047973633,8.796096801757812,13
0.7943152421332805,7.2333748376695555,0.0149731309409724,2.1865778667981344,2.48226782751479,0.9510483741760254,2.70620346069336,3.9069857597351074,4.481882572174072,4.787963390350342,4.992919921875,5.14846134185791,5.263783931732178,5
0.3216124,218.94022936,95.93655095,2.20781792,2.76559711,0.35481572,0.73012257,0.96413422,1.10579753,1.21145678,1.29695511,1.36906099,1.43225121,10
0.99635905,179.38787842,365.48605347,2.21874833,2.43730307,0.09488058,0.13962221,0.17889166,0.21119213,0.24399781,0.27623582,0.30729103,0.33731174,11
0.577927178056986,114.36644808431991,0.0839066473566345,2.9892059544330416,2.2836930665279307,0.4046213626861572,0.8902132511138916,1.2442083358764648,1.493436336517334,1.6842827796936035,1.837686538696289,1.9671401977539065,2.080995559692383,18
0.34022181,263.46251848,100.86730654,2.7,2.9,0.3155365,0.5677984,0.7318938,0.8608608,0.9672067,1.0566027,1.1343918,1.2031541,10
0.5786449987415418,77.12898684385289,167.76093928079564,2.136289283879042,2.8633938287235763,0.4141123294830322,0.9655983448028564,1.330047369003296,1.537837266921997,1.677105188369751,1.7849736213684082,1.873049020767212,1.9462659358978271,20
0.68256387,154.06735839,128.87824228,2.0,2.0,0.16148639,0.26692176,0.36533928,0.45309615,0.5327487,0.6055336,0.67112803,0.73220086,17
0.6706336,169.3307099,145.52303592,2.4,2.0,0.17851281,0.29490185,0.4046173,0.5029454,0.59239197,0.67371655,0.7478571,0.8162234,17
0.9884474488150452,1.5919965464428112,33.51814322714594,2.95283712351811,2.3391887572315424,1.017610788345337,2.9246726036071777,4.298374176025391,5.012692928314209,5.4173994064331055,5.7324419021606445,5.9629106521606445,6.112215995788574,7
0.44623065,157.84089661,154.0710144,2.77661324,2.85922337,0.37123609,0.75593376,1.01361942,1.18567061,1.31630993,1.4189868,1.50466824,1.57919407,10
0.90925524,214.21800355,334.09561208,2.6,2.3,0.10180664,0.15032578,0.19123888,0.22910285,0.26906085,0.30681896,0.3420334,0.37603545,4
0.6265646,241.0848122,313.7969912,2.6,2.2,0.12082315,0.1636312,0.20670342,0.24401999,0.28042197,0.31517792,0.34792137,0.37879634,4
0.50902425,152.88764805,320.77046361,2.76232228,2.90370756,0.26595473,0.42455125,0.53241324,0.62375927,0.70102882,0.76845098,0.82824969,0.88074064,17
0.80303834,41.5374526,150.44602893,2.2,2.0,0.36219764,0.76171947,1.0368595,1.2212615,1.3533614,1.4570782,1.5395021,1.606601,10
0.78366598,50.08622178,395.87184366,2.8,2.4,0.27900672,0.48743343,0.61963964,0.7165334,0.79081964,0.8507912,0.89810705,0.93797183,17
0.30144576,151.43081281,192.85827577,2.62660757,2.38501825,0.37363648,0.7604897,0.96511555,1.05040979,1.10993481,1.15763116,1.19871664,1.2338717,21
0.73099923,131.21743774,367.79412842,2.02660131,2.47458076,0.13550711,0.18359876,0.23338962,0.27712464,0.31688237,0.35354781,0.38714504,0.41802931,4
0.5587157,169.98716736,9.92172718,2.68315029,2.90000892,0.366467,0.74932861,1.04206491,1.27322912,1.46073389,1.61893702,1.75221062,1.86701202,9
0.33705198,72.61533651,226.72790314,2.0,2.5,0.40040112,0.862766,1.063565,1.0978713,1.1178334,1.1346693,1.1490626,1.1618321,21
0.6184229657199615,280.121318144574,0.006110301362634,2.059723913248397,2.6863915705273165,0.176279067993164,0.2964842319488525,0.4144232273101806,0.5244596004486084,0.6265585422515869,0.7219295501708984,0.8116099834442139,0.8953099250793457,15
0.7408360388056517,11.855770078841374,0.2582529027902174,2.811538122654009,2.6889935038329784,0.9506158828735352,2.726562738418579,3.989198446273804,4.635260581970215,4.98795223236084,5.22990608215332,5.410289764404297,5.557013511657715,5
0.438074482179508,1.540718743262607,0.0391745454466173,2.6834018554752794,2.719644940882308,1.279777765274048,4.278189659118652,7.759710788726807,10.803117752075195,12.649391174316406,12.697237014770508,12.7041015625,12.70977783203125,12
0.9184204403983338,2.5484953979944547,31.37227358778868,2.387153957807471,2.7935422592848367,1.0253403186798096,3.065448045730591,4.65284538269043,5.4553070068359375,5.829154014587402,6.045523643493652,6.192972183227539,6.285538673400879,7
0.9004077022795418,12.81741589653653,0.033409292937432,2.5403954010697283,2.9008056186759354,0.8089940547943115,2.2382516860961914,3.1875853538513184,3.695230007171631,4.006383419036865,4.22976016998291,4.409318447113037,4.55646276473999,22
0.70875355,227.33014798,71.82708338,2.7,2.4,0.18785429,0.3128016,0.4349916,0.5488148,0.6542392,0.7518952,0.8432646,0.9283037,16
0.7135058,292.46603394,284.34197998,2.08318734,2.70684886,0.09713221,0.1426878,0.18210578,0.21801448,0.25402808,0.2887969,0.32233095,0.35473084,4
0.86221993,39.05360031,2.00371957,2.00117612,2.98064566,0.51529264,1.25029922,1.7497251,2.07956696,2.32118177,2.5121994,2.66920185,2.80282879,18
0.47611967,203.15820578,371.56785132,2.3,2.3,0.12531066,0.1468811,0.17030883,0.18500376,0.20056987,0.21522641,0.23062491,0.24503255,11
0.91331162,201.18389317,39.77905435,2.5,2.6,0.16848207,0.28840542,0.40398026,0.5166149,0.6231289,0.72387576,0.81901884,0.9092765,15
0.39440615,5.31330032,15.4675741,2.45680436,2.51725764,1.1548264,3.72264338,6.39842081,8.31090927,9.13192749,9.21657753,9.21949387,9.22224236,14
0.5497751735124727,6.439664316793838,10.872834751671393,2.89112234,2.149266,1.063274383544922,3.1757874488830566,4.898595333099365,5.794104099273682,6.157754421234131,6.391168117523193,6.57782793045044,6.706396579742432,6
0.7954663669630296,3.3201827443095664,0.8560900834626537,2.597677158292273,2.385482524775292,1.0930440425872805,3.220686197280884,4.833009719848633,5.667333602905273,6.105603218078613,6.433189392089844,6.692124366760254,6.880885124206543,5
0.8895687141549173,0.8176452530790062,8.835807117832886,2.747850317850699,2.9301622402694627,1.230293035507202,3.899388551712036,6.428607940673828,8.011454582214355,8.771103858947754,9.128864288330078,9.383135795593262,9.608162879943848,14
0.86103091,29.76577866,56.21508805,2.6,2.4,0.5439215,1.3266222,1.8418581,2.1527774,2.3637812,2.5277345,2.6615121,2.775264,19
0.3742823937888305,18.099362223462872,7.938989805833936,2.18717837,2.9750309,1.0721948146820068,3.4212355613708496,5.658666133880615,7.04599142074585,7.500901699066162,7.556835651397705,7.580515384674072,7.599010944366455,6
0.87247371,14.8040805,312.52742579,2.04551483,2.0136977,0.32832026,0.63836265,0.78818941,0.83462858,0.85181046,0.86295247,0.87061572,0.87610579,21
0.38966959,256.85899861,173.43555221,2.5438073,2.75016975,0.24812412,0.39254546,0.50183582,0.59629822,0.6781466,0.75116253,0.81670165,0.87566161,17
0.4370773,42.23767207,125.3763382,2.1,2.4,0.5862255,1.5057137,2.02551,2.1792877,2.224878,2.2544758,2.280061,2.3033888,0
0.3042342919137091,128.13422509743643,400.0,2.1,2.4,0.2248556613922119,0.2947807312011719,0.3196744918823242,0.3408896923065185,0.3598999977111816,0.3766987323760986,0.3917732238769531,0.4055535793304443,4
0.30919463,3.58200755,80.10637462,2.07980183,2.75926546,1.03946614,3.23934007,5.42135525,6.98144531,7.4126997,7.41348553,7.41348553,7.41348553,7
0.85036351,214.27089026,245.86933589,2.3,2.1,0.0969255,0.15038753,0.198452,0.23863125,0.28160858,0.32277942,0.36176348,0.39907908,3
0.7514697247505272,3.555730066658416,17.49335496963797,2.67515039,2.04983878,0.998877763748169,2.8500423431396484,4.17004919052124,4.825742721557617,5.18835973739624,5.457291126251221,5.650209903717041,5.772169589996338,6
0.7285707,14.08945942,27.13164139,2.51425648,2.0934689,0.78309321,2.04660702,2.82616758,3.21196413,3.42692852,3.56594133,3.66275835,3.74532032,23
0.88920067,104.7476295,361.32623903,2.9,2.6,0.19651747,0.2992909,0.39749646,0.4860196,0.56428933,0.6353979,0.70014405,0.7597058,17
0.8373735,28.57512856,16.88129807,2.14791131,2.39017439,0.56696081,1.37951088,1.89117885,2.19101357,2.40129876,2.56497836,2.6992228,2.81234002,19
0.62932162,175.21248889,178.8917287,2.6,2.5,0.217412,0.3550527,0.4800079,0.58909726,0.6862724,0.774369,0.8541002,0.92641187,17
0.3129635745874429,148.2609630414277,0.0519758844114973,2.708452250042223,2.4469655539371487,0.5588490962982178,1.4710395336151123,2.042526960372925,2.275810956954956,2.3999722003936768,2.49596905708313,2.577009439468384,2.645014524459839,18
0.9448282671844768,3.470104963777413,0.543329160199758,2.5024812204505658,2.549094159249316,1.0129055976867676,2.87669324874878,4.170949459075928,4.848127841949463,5.253368377685547,5.546832084655762,5.773734092712402,5.947404861450195,5
0.79247316,291.86557643,338.83376917,2.8,2.6,0.13519931,0.15051627,0.17502761,0.21889901,0.25694466,0.28843188,0.3203125,0.35077453,4
0.4721823876045254,0.9569772964577752,0.0188063398665185,2.4623241487607364,2.8494269790115454,1.2825415134429932,4.322907447814941,7.92751932144165,11.157302856445312,13.193065643310549,13.246959686279297,13.252960205078123,13.257965087890623,12
0.88114566,149.68862497,253.01080339,2.89210269,2.62250133,0.17991686,0.27809525,0.37728882,0.47097874,0.55539942,0.63329268,0.70616913,0.77361727,17
0.803663006470593,29.893662110632764,0.0076559223469058,2.911095235865204,2.4560277941162907,0.6374967098236084,1.624946117401123,2.278695583343506,2.6626458168029785,2.9224534034729004,3.1208815574646,3.2852258682250977,3.424091339111328,18
0.4159495,105.66872623,160.71236914,2.23456569,2.64727353,0.43277478,1.00406647,1.35284209,1.50239444,1.59160113,1.66175127,1.71744657,1.76706958,20
0.7441991227748961,29.79613629945069,0.6322452483863501,2.934864052075842,2.2129677609598764,0.6406593322753906,1.6355247497558594,2.275017261505127,2.643152236938477,2.885714054107666,3.0701379776000977,3.22251844406128,3.3481388092041016,18
0.44037055,293.37879144,258.64239018,2.9,2.3,0.16488147,0.22033763,0.27799463,0.33003926,0.37814212,0.4223051,0.4635625,0.50269294,4
0.6461142040480892,0.7476946244756777,26.7748655557335,2.683652703644599,2.576505309904033,1.1803791522979736,3.8316617012023926,6.668961048126221,8.778430938720703,9.762863159179688,9.877286911010742,9.878101348876951,9.878896713256836,14
0.98095769,17.18343163,5.45873356,2.17359853,2.66883326,0.62614775,1.56721473,2.16740012,2.5281322,2.77793527,2.97086787,3.12897992,3.26600051,18
0.70877334,279.01356471,163.56963788,2.79453677,2.28497478,0.12420917,0.18604851,0.24416566,0.29779196,0.3502605,0.40129328,0.44951177,0.49532962,2
0.57779934,79.30197692,264.3253489,2.2,2.1,0.2673862,0.46228862,0.58744097,0.6810825,0.7541287,0.8121326,0.8575072,0.89770365,17
0.6597598021388358,1.9975226227462624,1.792315056951589,2.9384806192609307,2.1249283871325373,1.163182258605957,3.5852298736572266,5.799487113952637,7.140016555786133,7.702499389648437,7.972690582275391,8.189430236816406,8.354165077209473,13
0.5672098294414991,2.4506083872567004,9.222647608091506,2.891330344450296,2.7840609824470053,1.2346887588500977,3.9861249923706055,6.862353801727295,8.90553092956543,9.84710693359375,10.007349014282228,10.02857780456543,10.09420394897461,14
0.41154631752971,19.07633396812841,16.381713454700986,2.32798624,2.30767536,0.970877170562744,2.9131054878234863,4.444912433624268,5.168522834777832,5.377986431121826,5.483823299407959,5.542483806610107,5.5787200927734375,6
0.5033844321259168,1.05741928451466,0.8297053065357132,2.3234482149209765,2.5284492358303066,1.2408812046051023,4.13411283493042,7.424041748046875,10.23580551147461,11.883413314819336,11.932487487792969,11.940814971923828,11.94785213470459,13
0.71940017,15.7447052,147.40560913,2.30786562,2.23883438,0.60223413,1.55946255,2.12141752,2.31996775,2.38648653,2.4214468,2.44993448,2.47517538,0
0.5492839470979268,4.697465376539038,22.64494781526137,2.42254156,2.12633064,1.046579122543335,3.1859071254730225,5.012539863586426,6.008445739746094,6.33534049987793,6.458582878112793,6.526547431945801,6.559515953063965,7
0.4066750626516373,1.5066553909052174,114.84942633753042,2.793100292101572,2.5788638575213376,0.9527459144592284,2.962973594665528,4.866674423217773,6.072600364685059,6.353911399841309,6.359621047973633,6.361461639404297,6.361789703369141,7
0.8387002,75.74209044,57.22887482,2.2,2.1,0.28769898,0.5625043,0.79172134,0.9841752,1.1457257,1.2835646,1.4028475,1.5061305,9
0.68164749,135.95388455,170.00964661,2.8,2.6,0.26958156,0.48168755,0.65904284,0.81183624,0.9450433,1.0612068,1.1632802,1.2547743,10
0.33855551,216.68799037,153.82065756,2.0,2.3,0.21171498,0.31080365,0.38529134,0.44838524,0.5030172,0.5510011,0.59340525,0.6313019,2
0.54196702,291.05288376,128.50633242,2.7,2.6,0.18321228,0.2754948,0.36712885,0.4527998,0.53071,0.6026981,0.6701312,0.7335632,17
0.58188211,157.7869483,72.85538469,2.7,2.2,0.29471517,0.5622208,0.77517486,0.95165586,1.0996308,1.2255886,1.3355958,1.4308417,10
0.435305575474275,1.1331862866042732,0.0279950796946048,2.424199894122224,2.002831002459962,1.1843037605285645,3.858010053634644,6.761857986450195,9.186290740966797,10.693144798278809,10.777181625366213,10.783215522766112,10.788164138793944,12
0.57864102,186.4655873,172.00932983,2.17081493,2.51440393,0.19812465,0.31797814,0.42836833,0.52462125,0.61124682,0.68938017,0.7599926,0.82485938,17
0.6371992765178309,3.062220725080953,1.213365946673935,2.903098451541642,2.805961661254086,1.2252607345581057,3.874361991882324,6.415948390960693,8.028192520141602,8.715456008911133,8.971240997314453,9.165166854858398,9.33885383605957,13
0.63511686,203.63892635,105.68676147,2.2,2.5,0.17956662,0.28877044,0.39467216,0.4897275,0.57656884,0.65601206,0.72904253,0.7962055,16
0.55269815,292.28551717,251.93083646,2.1,2.3,0.09232855,0.1253767,0.1528275,0.17091012,0.19512033,0.21773815,0.23920631,0.25985503,11
0.88721996,135.6917129,174.93642107,2.75000655,2.55580223,0.19693446,0.32881141,0.45716929,0.57417655,0.68115544,0.77889633,0.86934137,0.95300174,17
0.65508892,103.48425676,17.8808962,2.2,2.9,0.36162782,0.75482845,1.0536251,1.280468,1.4598212,1.6081185,1.7325807,1.838346,9
0.657991338276889,11.525152492917728,0.0152419596220315,2.900813249669586,2.846081751995792,1.0355679988861084,3.0738439559936523,4.66009521484375,5.463098049163818,5.859647274017334,6.120995998382568,6.315515995025635,6.456740856170654,5
0.3474457252639058,68.11570769276784,0.3701856794001131,2.0751117159600203,2.030312744558908,0.6815018653869629,1.8417930603027344,2.527411699295044,2.7888662815093994,2.900068521499634,2.9815456867218018,3.0472872257232666,3.1021974086761475,22
0.77187848,31.27973366,307.75073242,2.91957188,2.61804271,0.40123677,0.86494064,1.15747118,1.30123329,1.37719631,1.42797232,1.46755266,1.49818468,21
0.75835919,96.10719299,387.45388794,2.4958806,2.04832077,0.13274288,0.16329837,0.19168377,0.21453667,0.23568535,0.25456357,0.27205086,0.28828454,11
0.8236145435348722,8.057369829187895,0.1466635493151037,2.223211022586504,2.398243694220482,0.9018919467926024,2.511826038360596,3.56471586227417,4.088135719299316,4.3783159255981445,4.582484722137451,4.729438304901123,4.8537278175354,22
0.31093451,243.44082642,375.67449951,2.67182684,2.62263036,0.19150949,0.21866012,0.24382734,0.26498222,0.2843256,0.30024695,0.3158567,0.3306756,11
0.824040228057975,1.4885985494365748,0.0631778956194964,2.450613114640209,2.995986911334511,1.2154388427734375,3.838984489440918,6.2944016456604,7.768208026885986,8.459117889404297,8.797689437866211,9.036413192749023,9.23263168334961,12
0.8792399853363885,14.786685609948329,0.2532224714549074,2.004018150324252,2.434926573589025,0.7083356380462646,1.8615610599517824,2.561861038208008,2.9380507469177246,3.176394462585449,3.358276844024658,3.504047393798828,3.624124050140381,22
0.43194121,162.91375031,143.7578248,2.6,2.4,0.3286674,0.63598514,0.83889675,0.9843335,1.096823,1.1885908,1.2664983,1.333616,10
0.5947285089886443,80.60339971880205,34.662932038907,2.698340075283686,2.8826362359436395,0.5390410423278809,1.3590457439422607,1.9176580905914309,2.2321298122406006,2.439253091812134,2.5992424488067627,2.7321794033050537,2.8441832065582275,19
0.7533060145864534,47.5047687220388,0.0058395282736023,2.65495618402916,2.5226831997580126,0.5524678230285645,1.3547983169555664,1.8959150314331048,2.2290525436401367,2.463950634002685,2.648666858673096,2.8011679649353027,2.931730270385742,18
0.3,59.89296468,400.0,2.0,2.0,0.24886036,0.33014321,0.33211207,0.33438301,0.33703327,0.33973074,0.34223151,0.34465671,21
0.8477394,1.24435318,15.87485409,2.67515039,2.04983878,1.11830401,3.18521976,4.73599577,5.52572203,5.93813944,6.2700696,6.52240992,6.67539358,6
0.3,1.2133900782597395,28.392971661331583,2.32722783,2.30744982,1.136566162109375,3.7180566787719727,6.54517936706543,8.873230934143066,10.245214462280272,10.380502700805664,10.380769729614258,10.38103485107422,14
0.44330606,154.37735798,215.42337777,2.3,2.6,0.25717044,0.41918206,0.5288434,0.6174524,0.69231033,0.75576925,0.80987716,0.8564522,17
0.98011756,1.79734087,45.88298798,2.42859268,2.24606991,0.98118687,2.74141383,3.94349027,4.54021549,4.83008385,4.99099922,5.07466412,5.10940552,23
0.77306786,97.52652106,285.29021017,2.2,2.6,0.19129443,0.291934,0.38341236,0.4607482,0.5287552,0.5889754,0.6434519,0.69162035,17
0.40387576,2.11364195,25.3545599,2.58699094,2.57883319,1.2337811,3.84478164,6.67344761,8.74052334,9.75440407,10.13823891,10.20372009,10.20440197,14
0.81667565,59.90456798,228.4552297,2.1,2.5,0.25218725,0.4495871,0.60146594,0.7228596,0.82182693,0.9033079,0.9722686,1.0299385,17
0.97334904,294.96083828,253.82002168,2.5,2.2,0.08409476,0.13546753,0.1751306,0.20851183,0.24567747,0.28369308,0.31996346,0.35510254,4
0.58241013,149.64693054,366.53075721,2.79648873,2.54689952,0.1884656,0.24928904,0.30599451,0.35366273,0.39715195,0.43546391,0.47040629,0.50272083,4
0.7734364472468636,7.774506217871266,0.004190062011239,2.252645447460372,2.227568353699778,0.9225125312805176,2.551576852798462,3.611211061477661,4.141206741333008,4.44435977935791,4.646385192871094,4.803768157958984,4.915693283081055,22
0.66734297,232.54151662,90.3964559,2.3,2.2,0.15015125,0.2413857,0.32996893,0.41232824,0.48970866,0.56138134,0.6282556,0.6912191,16
0.66746368,32.33169403,355.46897773,2.4,2.5,0.3531015,0.698915,0.87780476,0.9396987,0.96940684,0.9904313,1.006228,1.0185809,21
0.59827721,47.86511612,299.28405762,2.0,2.0,0.27801251,0.48176003,0.58595943,0.64565754,0.68751359,0.71966052,0.74405694,0.76315284,21
0.82515666,264.89245904,124.07485545,2.0,2.5,0.10331869,0.16368961,0.21533608,0.2641878,0.31695628,0.36659598,0.41347146,0.45928025,2
0.5229315197109141,1.945022658881417,41.313417202577,2.6487849386110307,2.913684482910571,1.1542811393737793,3.744661331176758,6.517920970916748,8.60455322265625,9.565345764160156,9.668106079101562,9.66839599609375,9.668645858764648,14
0.6172073505921454,16.687873286095922,0.0461316248740609,2.820398935086156,2.667586603148343,0.9617316722869872,2.795826196670532,4.136172294616699,4.798341751098633,5.131730079650879,5.351539611816406,5.50106143951416,5.631364822387695,5
0.47708288,4.70605516,39.38617325,2.92888308,2.60879803,1.15938187,3.51239538,5.73773623,7.1534152,7.59647131,7.67040014,7.71838903,7.73701525,7
0.45752862,139.51472473,72.92895508,2.24661565,2.34237766,0.36366677,0.75187135,1.00862575,1.17723632,1.30306649,1.40391994,1.48707867,1.5581665,10
0.3347274293962212,2.343728691995982,24.86891329922988,2.0,2.5,1.127791404724121,3.731137275695801,6.616539478302002,8.969032287597656,10.336984634399414,10.514236450195312,10.514774322509766,10.515304565429688,14
0.5357540316604845,3.938405799725109,0.0827929425553806,2.6034571391067995,2.521657547015991,1.197192668914795,3.808525800704956,6.391959190368652,8.081693649291992,8.786727905273438,8.9464693069458,9.038161277770996,9.130769729614258,12
0.35024229,13.97695446,12.89511204,2.54320002,2.04355121,1.06017113,3.08242083,4.71510172,5.53409958,5.75687122,5.87453556,5.93828583,5.96646214,6
0.82418158,187.84778209,39.97804929,2.1,2.0,0.1368978,0.2386496,0.33529258,0.42659712,0.51238346,0.59347296,0.66951394,0.7408409,15
0.40797472,284.16315389,269.41434275,2.8,2.9,0.19919395,0.25878048,0.32003546,0.37300873,0.4191556,0.46252632,0.502944,0.5402632,4
0.85048369,211.72502914,141.24839975,2.4,2.1,0.12202692,0.2016716,0.27639437,0.34626675,0.41462588,0.47976756,0.54114604,0.6000774,2
0.96534839,33.30419854,231.94182711,2.69941131,2.15681066,0.30347252,0.58899665,0.79923916,0.95489502,1.07190299,1.16283917,1.23494434,1.29470515,10
0.81079566,214.7962182,24.67441606,2.8,2.9,0.21156526,0.35901594,0.5055065,0.64502215,0.7726524,0.89268327,1.0044227,1.1092329,15
0.51493084,8.73816872,100.2488327,2.07832551,2.3328898,0.85123968,2.47282577,3.66921687,4.12759209,4.1937809,4.19449043,4.19460583,4.19495964,23
0.3120151500717563,264.6905498955085,276.9359351442064,2.7840629,2.35996916,0.1859617233276367,0.2267322540283203,0.2642192840576172,0.2927060127258301,0.3211972713470459,0.3470609188079834,0.3702495098114013,0.3924093246459961,4
0.87584972,268.96575928,76.52637482,2.00635028,2.02497935,0.08794165,0.14956737,0.20553422,0.25713301,0.30952215,0.35952687,0.40818524,0.45580077,2
0.42799975,174.20058292,287.30400586,2.00000004,2.08702014,0.15245914,0.19176626,0.22940326,0.26313877,0.29377007,0.32144094,0.3465023,0.36937189,4
0.55046254,242.60950642,23.15684987,2.3,2.6,0.20891309,0.34883738,0.47992516,0.5958688,0.7004478,0.79668856,0.88459253,0.9649341,15
0.6561596068552722,23.68752386869548,0.0079373447090418,2.345046135131037,2.6403762069560206,0.8161544799804688,2.3102002143859863,3.298809051513672,3.77298641204834,4.017245769500732,4.178750038146973,4.304218292236328,4.405928611755371,22
0.4844035,156.53093593,176.52291758,2.1,2.5,0.22862291,0.367321,0.47427368,0.5639484,0.6395478,0.70588326,0.76351595,0.8151331,17
0.34328598,283.27398682,383.41220093,2.49264145,2.60943842,0.14288068,0.15832996,0.17477584,0.18699479,0.20275593,0.21374559,0.22340488,0.23311281,11
0.60765864,297.04203664,71.91395145,2.63730387,2.99273144,0.19807315,0.31218147,0.42737269,0.53628302,0.63531423,0.72823715,0.81507254,0.89632893,16
0.54095166,84.17422747,79.56166623,2.6,2.1,0.45821166,1.0840273,1.4793684,1.6899006,1.834697,1.9447949,2.0333197,2.1110098,20
0.9651895608404496,64.59601233361954,0.038288650692412,2.496055127299268,2.8974290934878413,0.3837094306945801,0.8046340942382812,1.1557786464691162,1.4466180801391602,1.6871609687805176,1.891094207763672,2.0655627250671387,2.217719554901123,8
0.5584572546385012,1.6265645424014537,0.0034668974267186,2.6332680856780346,2.1583308117122746,1.191870927810669,3.809542655944824,6.496542453765869,8.461965560913086,9.378124237060549,9.491548538208008,9.501678466796877,9.511869430541992,12
0.644889620342953,2.366951998749022,0.7367826274468984,2.647085176496256,2.008115668968115,1.1255874633789062,3.43684196472168,5.450993061065674,6.631898403167725,7.133401393890381,7.400913715362549,7.593750476837158,7.739993572235107,5
0.9121068505978582,0.9515186555583344,0.0082952078700119,2.4412912835218896,2.596372076860101,1.1937148571014404,3.689441680908203,5.839956760406494,7.077889919281006,7.693719387054443,8.058172225952148,8.355926513671875,8.611698150634766,12
0.31115189,241.54479096,149.28595051,2.41987773,2.8689393,0.31888676,0.59077072,0.75449562,0.87154746,0.9649477,1.04181433,1.10840726,1.16508174,10
0.3275100752082726,28.240068908476665,13.113460501952268,2.8,2.8,1.040402889251709,3.2204575538635254,5.167595863342285,6.270227432250977,6.598420143127441,6.688075065612793,6.746613502502441,6.78742790222168,6
0.6063381025558781,1.7391695589597822,0.3598773674148166,2.612241046194889,2.36532741242038,1.2074885368347168,3.868972063064575,6.562859535217285,8.424492835998535,9.292387962341309,9.44918727874756,9.494669914245604,9.573097229003906,13
0.3487200348454544,149.1887389664018,249.8878862993869,2.0,2.5,0.2907295227050781,0.5292689800262451,0.6645770072937012,0.7537398338317871,0.822390079498291,0.8784706592559814,0.9248521327972412,0.9657132625579834,21
0.5697931,57.9841532,0.07153261,2.0,2.00396269,0.53539419,1.28125215,1.70277524,1.92504001,2.0727272,2.19469595,2.29399252,2.3730669,18
0.34898866,138.75262506,153.51165844,2.2,2.8,0.36949277,0.74949026,0.9635389,1.0705912,1.1457539,1.2067399,1.2574067,1.300611,21
0.50264819,57.21577001,53.13509251,2.27642773,2.98294215,0.66345239,1.89262366,2.71846795,3.07656789,3.23042703,3.33192039,3.41641402,3.48836732,23
0.58386266,14.64509296,27.70284843,2.23458385,2.91494226,0.96525455,2.88558197,4.38908339,5.12024975,5.35714436,5.44208097,5.48939991,5.52735806,7
0.57351252,214.68862037,120.57485947,2.4,2.3,0.18949413,0.30333686,0.41139126,0.5070951,0.5941055,0.67328286,0.7456808,0.81234,16
0.8109959044606619,143.74570225975177,0.1138813261068359,2.322715206228434,2.169786287229148,0.2121744155883789,0.3855986595153808,0.5487477779388428,0.696864128112793,0.8311662673950195,0.9533307552337646,1.0643279552459717,1.1656625270843506,15
0.59570267,139.49281859,315.55473519,2.4,2.4,0.18700624,0.26368022,0.33471918,0.39436603,0.44696927,0.49447584,0.5369201,0.57616115,4
0.9395201604447502,11.650130820132429,0.5871220542913078,2.333959839936996,2.489120742678367,0.7438287734985352,1.9534430503845213,2.7103257179260254,3.130553722381592,3.406924247741699,3.611842632293701,3.7761306762695312,3.911265373229981,22
0.69586561,194.57309025,134.36115938,2.4,2.9,0.19204307,0.30935216,0.4237373,0.5262332,0.6208966,0.7075422,0.78740263,0.8618767,17
0.6657137709386005,1.1889610718400945,82.80976556370099,2.5991515651672685,2.7563461941937937,1.032027244567871,3.262051820755005,5.436121940612793,6.874111175537109,7.360098838806152,7.370392799377441,7.372469902038574,7.37307071685791,7
0.49718696,134.26127003,244.02890634,2.36891346,2.2077416,0.22941279,0.35635734,0.44984031,0.52747512,0.59244442,0.65022755,0.69999933,0.74379325,17
0.47931869,253.98092265,179.72525133,2.6,2.8,0.20565963,0.30483937,0.39657903,0.47723794,0.55022025,0.61637545,0.6771393,0.7333455,17
0.54628503,112.7289505,6.73488045,2.16834211,2.02916503,0.35786057,0.74010038,1.00794482,1.19726825,1.34412694,1.46310687,1.56104827,1.64410424,9
0.7750099392722908,22.608871254303764,0.0301501824756731,2.100565940065971,2.717285616883608,0.7133686542510986,1.9454562664031985,2.7122175693511963,3.10339093208313,3.3405206203460693,3.51106858253479,3.6524417400360094,3.7719204425811768,22
0.7280649,193.91222022,18.97979042,2.9,2.2,0.22282887,0.39728427,0.5629988,0.71435,0.8523972,0.97963214,1.0957348,1.2026427,15
0.95162817,241.06495973,319.53165328,2.6,2.9,0.15198827,0.16296029,0.19671917,0.24821854,0.29485893,0.33340192,0.37279367,0.409652,4
0.37410688,178.5710907,379.30297852,2.19580102,2.21368265,0.14998674,0.16494536,0.18265605,0.19526219,0.20809507,0.21964598,0.22984123,0.2400713,11
0.30000001,60.4878006,400.0,2.0,2.0,0.24787021,0.32747412,0.32948613,0.33177972,0.33440948,0.33708,0.33959436,0.34204602,21
0.5779820920563037,139.91492860377605,0.0454928630255024,2.931484870660864,2.506057230776712,0.3839261531829834,0.814202070236206,1.1382722854614258,1.3825469017028809,1.5746197700500488,1.7333660125732422,1.8686399459838867,1.9861960411071773,8
0.5709719348015242,2.820901507363536,24.224425636658864,2.02320596,2.32416715,1.073606252670288,3.3971495628356934,5.589212417602539,6.94622278213501,7.434871196746826,7.488815784454346,7.496463298797607,7.501891613006592,7
0.40839616,246.69391827,215.87680092,2.7,2.0,0.19073558,0.27838898,0.3575108,0.42552423,0.48640156,0.5412903,0.5925598,0.63855934,3
0.91968583,4.27956015,91.28185835,2.0,2.3,0.74818254,1.9662459,2.7066162,3.0280058,3.164582,3.2260244,3.2501457,3.2663872,23
0.40687437,262.32700595,384.00873843,2.7,2.9,0.16912842,0.18964624,0.22101879,0.24971652,0.27060008,0.290267,0.3094356,0.32709742,11
0.8459154285446774,251.1481990218367,359.4917528614908,2.1,2.6,0.0845415592193603,0.1243901252746582,0.1562261581420898,0.1817107200622558,0.2087008953094482,0.2356665134429931,0.2618389129638672,0.2875452041625976,11
0.54081038,94.64923884,247.72579782,2.8,2.4,0.35038805,0.70903254,0.9397571,1.0884397,1.1945219,1.2784281,1.3469627,1.4024646,10
0.655375,44.35194016,196.36608887,2.20590878,2.23754096,0.39563465,0.86103559,1.13993859,1.28023458,1.3686986,1.43556571,1.48513579,1.52632737,21
0.9743265429049828,0.9798061320361138,0.0398562627289432,2.336365218670437,2.2763961047038683,1.1253576278686523,3.327284812927246,4.995917797088623,5.905638694763184,6.404474258422852,6.78403377532959,7.092560768127441,7.326516151428223,5
0.9892796786325172,2.726391799780864,0.8772100149877093,2.414616641904662,2.785530688802625,1.0434291362762451,3.037578821182251,4.498534202575684,5.246703147888184,5.670696258544922,5.964259147644043,6.196235656738281,6.378222465515137,5
0.40879169,152.41168646,110.35790045,2.3,2.0,0.31795335,0.6154299,0.80534506,0.9356394,1.0359905,1.1176062,1.1841326,1.2425976,10
0.8531578,277.17380301,112.63722015,2.5297075,2.87511718,0.14492154,0.23105335,0.30820179,0.39577889,0.47667718,0.55220079,0.6253109,0.69489622,2
0.7660761587934286,5.528560705214859,0.0047731303214749,2.380086459655043,2.051329763487117,0.9637410640716552,2.6592776775360107,3.768419027328491,4.341986656188965,4.693363189697266,4.943713188171387,5.123660087585449,5.255086898803711,5
0.64600115,266.81831703,400.0,2.0,2.0,0.05756068,0.07994246,0.09586477,0.09624171,0.10442376,0.10890532,0.110641,0.11642623,11
0.70937368,190.47544033,283.84507859,2.5,2.4,0.14566112,0.20770073,0.27205133,0.32978725,0.3837576,0.43427014,0.48066974,0.524513,4
0.54793996,28.54313087,377.16357422,2.00467992,2.07820868,0.29818392,0.5111692,0.56612515,0.57205439,0.57784104,0.5827539,0.58688688,0.59043193,21
0.3955683049802068,1.0296831124060202,7.478489064722884,2.1542835658383366,2.284295720334016,1.1848554611206057,3.9278523921966553,7.016201019287109,9.676220893859863,11.347731590270996,11.429449081420898,11.43437671661377,11.43867301940918,14
0.9244433,292.03735352,47.81575012,2.39025044,2.63145351,0.12566876,0.21034622,0.28262043,0.36003208,0.43776965,0.5108099,0.58050656,0.64780998,2
0.44521669,132.82168118,270.17356226,2.2,2.3,0.23216414,0.35081148,0.4298942,0.49423933,0.5481031,0.5940652,0.63368225,0.66749954,17
0.70764017,50.72280121,389.6734314,2.75278306,2.1779058,0.23111296,0.33520651,0.38854027,0.42856002,0.46062946,0.48686004,0.50867295,0.52629876,4
0.79537797,267.1133728,8.13288975,2.78651476,2.13463736,0.13912249,0.23128271,0.31926942,0.40397477,0.48610067,0.56498575,0.63943386,0.71056724,15
0.300368679523722,279.6697206491694,290.2278209476089,2.3,2.1,0.1258571147918701,0.1418652534484863,0.1574954986572265,0.167067289352417,0.1805009841918945,0.1924803256988525,0.2040016651153564,0.2144675254821777,11
0.39363308,189.78215011,118.0700223,2.4,2.8,0.3171208,0.5888841,0.7667861,0.90047836,1.0072391,1.0950959,1.1685009,1.2341046,10
0.49868193,292.44691711,51.08428753,2.3,2.2,0.16458416,0.25551414,0.34373522,0.42408514,0.4979527,0.5659239,0.6295233,0.689044,16
0.84077898,48.09155918,284.96844028,2.9296209,2.58808842,0.32783532,0.63700652,0.85380816,1.01353693,1.13421392,1.22826529,1.30350685,1.36725616,10
0.9718530858239528,2.732274458352632,0.0749348522687284,2.71290630925641,2.9565102419008946,1.0936081409454346,3.22632908821106,4.857213973999023,5.722055435180664,6.198575019836426,6.5516462326049805,6.826672554016113,7.03437614440918,5
0.54014122,194.86657184,217.02961622,2.88307788,2.92447293,0.25913072,0.4218924,0.55504131,0.67056751,0.77159095,0.86200857,0.94273186,1.0153892,17
0.3233898821236283,2.800430117974138,0.0415713458584185,2.578314588523896,2.0465221259535915,1.178868055343628,3.815348863601685,6.657536506652832,8.990559577941895,10.420693397521973,10.501452445983888,10.506792068481444,10.51131534576416,12
0.5216843126191099,33.03965874218682,0.022066125706958,2.4527849738190213,2.747066913276658,0.856285810470581,2.496250629425049,3.658347129821777,4.193265438079834,4.4316887855529785,4.569824695587158,4.672369956970215,4.752312183380127,22
0.349337197281036,6.234492229708766,0.0031998973399883,2.7335232047001465,2.0460439273054574,1.1392145156860352,3.599663019180298,6.063372611999512,7.819474220275879,8.581134796142578,8.653023719787598,8.670021057128906,8.697540283203125,12
0.69621658,295.34768677,1.60228908,2.65634513,2.19962072,0.14406466,0.23539352,0.32389855,0.40719366,0.48772883,0.56425858,0.63683844,0.70598269,15
0.35275242,241.34758861,276.94685658,2.8,2.7,0.23955941,0.34278202,0.41193342,0.47253537,0.5253358,0.5728767,0.61577106,0.65519476,17
0.5938390950379653,0.9265296416101862,120.28725913083348,2.548148112459964,2.403501981027952,0.8989696502685547,2.7473373413085938,4.400799751281738,5.290205955505371,5.414529323577881,5.42779016494751,5.428658962249756,5.428938865661621,7
0.6757606536747855,300.0,374.7060311550052,2.1,2.2,0.0661628246307373,0.0928428173065185,0.1171844005584716,0.1190547943115234,0.1291823387145996,0.1402733325958252,0.1530890464782714,0.1637041568756103,11
0.74218758,254.51838214,357.09589931,2.6,2.8,0.1408503,0.15360928,0.18104601,0.21930599,0.25507212,0.28373694,0.31188798,0.33881497,11
0.52434276,208.33786197,308.82088061,2.6,2.3,0.1601932,0.21275711,0.2686751,0.31615186,0.36016798,0.4006641,0.43784475,0.47249246,4
0.89149017,118.20294891,58.57089484,2.7,2.1,0.22662377,0.41822934,0.597929,0.7616689,0.90989566,1.045167,1.1679835,1.2791903,16
0.60153572,229.52731996,157.65070403,2.2,2.2,0.14267778,0.21492743,0.28519177,0.34926248,0.40910292,0.46508408,0.5167072,0.56519055,2
0.7645495258978843,1.6995837733915558,0.0031750947194167,2.0849488568036563,2.597351483610163,1.159583568572998,3.662797689437866,5.938091278076172,7.262024879455566,7.835909843444824,8.086416244506836,8.241097450256348,8.359987258911133,12
0.3678089695888143,21.383995443855923,72.56053776350652,2.35655959,2.1308133,0.8184068202972412,2.378690719604492,3.52192497253418,3.952094554901123,4.075912952423096,4.111032485961914,4.125377178192139,4.137421131134033,23
0.6010319968611896,0.9226866722453272,2.568945194755856,2.243792010551847,2.025064220730537,1.1568472385406494,3.721658229827881,6.367054462432861,8.336429595947266,9.383028030395508,9.486604690551758,9.494308471679688,9.500858306884766,14
0.30261694,157.52735824,219.36072243,2.6,2.1,0.3377626,0.66472507,0.8381331,0.9215276,0.9800956,1.0304863,1.0721784,1.107626,21
0.6716139844095268,133.45856193629422,0.7544346070242242,2.1647421817750203,2.849519135670993,0.3284690380096435,0.6671881675720215,0.9436712265014648,1.1720013618469238,1.3623933792114258,1.5249550342559814,1.6646714210510254,1.7877497673034668,8
0.9303166297694696,2.518204885134086,2.931784781404537,2.3,2.8,1.0732998847961426,3.203776597976685,4.833918571472168,5.6717023849487305,6.096502304077148,6.380661010742188,6.595863342285156,6.755638122558594,6
0.71562195,235.66766599,219.49032308,2.2,2.9,0.12771702,0.18377972,0.23910332,0.28813124,0.33560538,0.3818364,0.42474675,0.46563983,3
0.42093888,157.86610229,215.74849801,2.8,2.1,0.29457736,0.5423634,0.7043791,0.8246107,0.91854525,0.995857,1.0617981,1.1182714,10
0.98162729,1.39330828,7.68790817,2.41221237,2.10555553,1.07757735,2.9599402,4.21314716,4.8751545,5.29056835,5.58800793,5.78967381,5.9183712,6
0.31464562,11.06586933,27.88244629,2.21074462,2.0003252,1.03702712,3.05860615,4.77970123,5.66070652,5.82145262,5.85318708,5.86126757,5.86559153,7
0.905519544048798,35.96127261703375,0.0661676279456341,2.412943376192088,2.134908551364497,0.4582793712615967,1.0390126705169678,1.4559657573699951,1.7487013339996338,1.9715559482574463,2.152174711227417,2.3026645183563232,2.431472063064575,18
0.40541101,151.24686045,356.55236569,2.3,2.5,0.19656324,0.24241209,0.27953243,0.30723405,0.33243847,0.35552526,0.3762579,0.39496613,4
0.39535193,139.4034353,60.78004217,2.6,2.5,0.46616936,1.1003249,1.4988351,1.6909313,1.8168831,1.9143357,1.9943995,2.0638237,19
0.49254482,263.67386567,254.93707957,2.9,2.1,0.15733027,0.21981597,0.28305435,0.3403058,0.39317083,0.4426818,0.4884224,0.5313418,4
0.30291892,115.36545664,230.57560287,2.30076978,2.7106461,0.43170857,1.00696564,1.33300328,1.41937923,1.45454359,1.48493505,1.51086211,1.53379583,1
0.46117502,253.6052397,167.71314549,2.29314649,2.5962686,0.19352102,0.28997111,0.37982154,0.45855379,0.5293653,0.59430528,0.65331721,0.70789051,17
0.4245783304120586,3.317668990247244,1.009110954271331,2.931956329437778,2.774501928164524,1.2722363471984863,4.19217586517334,7.442739009857178,10.049049377441406,11.386407852172852,11.47474479675293,11.479211807250977,11.48304557800293,13
0.60922884,136.47732428,217.63167825,2.2,2.1,0.19054842,0.2980659,0.39370513,0.47563434,0.547627,0.6116104,0.6695614,0.7214403,17
0.52886379,292.71187325,82.66844626,2.8,2.3,0.18576336,0.29301143,0.3982277,0.49398518,0.5818231,0.66322374,0.7384393,0.8089018,16
0.5953021679973407,1.7935158131885722,5.087996203761645,2.3744206981741183,2.4983516614077548,1.202855110168457,3.888108015060425,6.683387756347656,8.651418685913086,9.545239448547363,9.710931777954102,9.722814559936523,9.744989395141602,14
0.67048154,201.43714644,256.35024913,2.4,2.4,0.14306617,0.20431209,0.2676828,0.32391953,0.37585783,0.42494082,0.47066522,0.51364636,4
0.50329102,122.44818544,153.05778779,2.7,2.7,0.38441038,0.80808234,1.0926719,1.2772882,1.412019,1.52021,1.6074827,1.6810439,10
0.41417059,184.71816286,36.95744643,2.8,2.3,0.3867147,0.83204174,1.1323657,1.3294454,1.4748008,1.5913846,1.6901438,1.776314,9
0.699243742798418,4.977090271445185,0.4859508024042709,2.7317658039531247,2.647121226617083,1.1250054836273191,3.4034101963043213,5.260839462280273,6.252434730529785,6.715376853942871,7.013645172119141,7.259528160095215,7.443975448608398,5
0.76341641,259.25900881,191.40019104,2.3,2.4,0.11086106,0.16837835,0.22103977,0.26848435,0.31648254,0.36314154,0.40759254,0.4499712,3
0.6603951926967194,2.2803109012844094,89.05844636345812,2.7363699052697874,2.7579376238209914,1.0010952949523926,3.120831251144409,5.070436477661133,6.231693267822266,6.563014030456543,6.600455284118652,6.6175079345703125,6.619633674621582,7
0.9582739477552388,2.5304562508245567,0.5416331245458335,2.5,2.0,0.9802517890930176,2.649713516235352,3.740671157836914,4.339636325836182,4.752779960632324,5.064103126525879,5.2957258224487305,5.4585442543029785,5
0.3125965764672658,251.9216169067152,359.5073865890289,2.6,2.6,0.184950590133667,0.2134275436401367,0.2394475936889648,0.2621498107910156,0.2834222316741943,0.3018178939819336,0.3190112113952636,0.3352041244506836,11
0.31543413,17.17547989,1.70785534,2.9633944,2.59694767,1.19483995,3.61474895,5.90518951,7.32776356,7.82667828,7.94278717,8.04374313,8.11108494,5
0.3032578,73.64759012,314.88355212,2.00126299,2.76304246,0.42041636,1.00429702,1.33027363,1.37115955,1.37520814,1.37929225,1.38333702,1.38719535,1
0.38523547,149.25494228,198.68967648,2.0,2.7,0.25979185,0.42095065,0.51789784,0.59266424,0.65499353,0.7067661,0.75068045,0.7885349,17
0.6672692600718252,82.84408654265981,0.0755158217843,2.5233730921361066,2.910556061637719,0.4946451187133789,1.182070255279541,1.6644878387451172,1.978326797485352,2.207099914550781,2.3897032737731934,2.5416154861450195,2.670863628387451,18
0.71745276,7.53900957,21.23738861,2.36057568,2.32241201,0.96811533,2.72472191,3.92103052,4.48856831,4.75220919,4.90265751,4.99495697,5.05977058,23
0.83939928,10.53923225,37.20512772,2.03799844,2.901402,0.81045222,2.31398869,3.31120729,3.76816893,3.97890043,4.10823393,4.20006323,4.27281713,23
0.518928279379854,5.885586280669293,8.36482834760287,2.87015676,2.48570728,1.1433398723602295,3.552819967269897,5.784571647644043,7.114249229431152,7.626043319702148,7.801831245422363,7.926270484924316,8.04094409942627,6
0.329858332686867,1.0015232095882014,0.00421315458331,2.4870425557446123,2.517801131969237,1.2638719081878662,4.252429008483887,7.781251430511475,11.009492874145508,13.009349822998049,13.048837661743164,13.054637908935549,13.059532165527344,12
0.92681679,90.52217171,290.8112283,2.41965206,2.41917621,0.17944741,0.2831769,0.38372397,0.47127509,0.54945135,0.62017465,0.68370485,0.74132538,17
0.6809002341928367,5.033113869840942,0.2124114471373396,2.1135412083294938,2.481993886244462,1.0675513744354248,3.235077142715454,4.95307731628418,5.826275825500488,6.193563461303711,6.392678260803223,6.535605430603027,6.634268760681152,5
0.694629979294226,0.7601192587736998,4.9791819995755455,2.588799616188395,2.965109379197476,1.272024154663086,4.2074384689331055,7.471821784973144,9.96888828277588,11.285167694091797,11.532764434814451,11.540987968444824,11.547699928283691,14
0.5570795,140.19886692,159.845225,2.93917319,2.12169457,0.25094557,0.43127203,0.56975985,0.68524551,0.78355908,0.86777878,0.94112754,1.00491905,17
0.79972735,179.80249497,248.59303525,2.5,2.3,0.14040637,0.21325707,0.28637242,0.35350943,0.4161651,0.47558713,0.5308783,0.5827863,3
0.38211792,12.81712455,36.31772278,2.01600693,2.351455,1.00843453,3.01015329,4.66045141,5.48831654,5.62266636,5.64870644,5.6586318,5.66532469,7
0.94396668,82.34730253,348.02430001,2.5,2.2,0.17072845,0.25999165,0.3464105,0.42214417,0.48903656,0.54907465,0.6030917,0.6521373,4
0.36509252,68.02951357,199.46553777,2.2,2.2,0.45681024,1.083128,1.4023528,1.4615636,1.4844725,1.5055025,1.523761,1.5399585,1
0.9368387,89.20114825,360.03855718,2.0,2.5,0.12790632,0.17052507,0.21241522,0.24921703,0.2846706,0.31516767,0.34330916,0.3690071,4
0.68375371,131.46690617,0.31649003,2.1,2.8,0.27859616,0.53589916,0.7525301,0.9374907,1.0953577,1.2316995,1.3499794,1.45473,8
0.69214683,18.46510533,356.10084617,2.3,2.3,0.37379384,0.77217364,0.95584154,0.97144365,0.97220945,0.9729109,0.97349906,0.9740486,21
0.6279684969024709,9.249018106356653,0.0074254121772817,2.681353819063673,2.44934371405508,1.042421817779541,3.0677061080932617,4.604147434234619,5.365053653717041,5.728579998016357,5.978409290313721,6.16815996170044,6.2967705726623535,5
1.0,300.0,2.42099359,2.0,2.0,0.08213091,0.14603209,0.20493627,0.25857902,0.31323695,0.3659234,0.41777229,0.46926785,2
0.51060664,34.64139231,60.74675706,2.37167644,2.31982606,0.72224164,1.96291375,2.74918151,3.06358314,3.18873096,3.25397897,3.30782866,3.35598063,23
0.8192611721997342,83.12538392286146,0.0730031678604676,2.185720183985985,2.098658310201843,0.2987806797027588,0.5960428714752197,0.8451974391937256,1.0524654388427734,1.226525068283081,1.3757476806640625,1.504758596420288,1.6186847686767578,8
0.31363943,197.63056946,371.73748779,2.36901832,2.10154867,0.14033604,0.15033197,0.16006994,0.16378069,0.17069483,0.1763761,0.18170929,0.18658996,11
0.89464051,130.03003192,249.03631604,2.8,2.9,0.20539498,0.32964325,0.45193577,0.5639262,0.6648555,0.75722766,0.8421657,0.9207027,17
0.360185,284.10900879,25.09205627,2.04833341,2.30458713,0.22422004,0.36811399,0.48590922,0.58670855,0.67324996,0.7508533,0.81953883,0.88137197,15
0.8295702048724147,15.963011070298792,0.1377213912836281,2.099044669477648,2.56680248985385,0.7473142147064209,2.027278184890747,2.8196828365325928,3.22749400138855,3.473426103591919,3.6530568599700928,3.796293020248413,3.914863348007202,22
0.41183406,202.02487283,122.16629063,2.06580483,2.17970809,0.22387624,0.36126709,0.46912408,0.55955148,0.63781953,0.70569873,0.76627445,0.81875634,16
0.87849926,285.0716641,18.42457268,2.7,2.8,0.16362762,0.25480914,0.34649444,0.44781923,0.54153967,0.62994623,0.7144284,0.79600143,15
0.73660407,3.68066629,29.44344156,2.3,2.8,1.0630605,3.0313826,4.4946237,5.220969,5.5578194,5.7858734,5.9372787,6.0078335,7
0.52365193,104.35568208,247.323829,2.3,2.6,0.28223228,0.4904189,0.6236317,0.72378874,0.803056,0.8672304,0.9214804,0.966692,17
0.71477,194.7193872,222.2870264,2.7,2.6,0.17916799,0.27431893,0.36805224,0.45574975,0.5353911,0.60913825,0.677572,0.74155784,17
0.37968162,283.56349659,25.90863208,2.1235759,2.3098615,0.23015332,0.38103175,0.50478768,0.6118381,0.70466304,0.78640318,0.86026049,0.92587471,15
0.77121906,168.1165544,398.63512516,2.11728167,2.16324411,0.08582115,0.11355972,0.13528633,0.14549351,0.16223717,0.17757273,0.1915431,0.20453644,11
0.99999512,124.21738229,135.40560027,2.0,2.9,0.15802479,0.26392102,0.36923814,0.46712136,0.55844355,0.643265,0.7227123,0.7966151,17
0.75062678,200.85011056,283.05088771,2.8,2.9,0.17004204,0.24229622,0.32029605,0.39501786,0.46123695,0.5228269,0.5811596,0.63555384,4
0.6306067223370821,1.3291440893533364,0.0936555025433337,2.465095121853301,2.6807565339018207,1.243776559829712,4.075585842132568,7.093432903289795,9.291109085083008,10.417049407958984,10.62491226196289,10.640069961547852,10.652027130126951,12
0.8764681985753556,2.496332521977552,0.0293096052258094,2.911416428010177,2.256179477404443,1.084700345993042,3.1161932945251465,4.573574542999268,5.359569072723389,5.848019123077393,6.249949932098389,6.576101779937744,6.805676937103272,5
0.71298105,272.8807373,294.06997681,2.00415635,2.64343524,0.09544182,0.13877392,0.1783154,0.21176934,0.2463491,0.27997565,0.31209898,0.34316587,11
0.49676085,45.83420632,32.88702269,2.55057957,2.08179883,0.66159272,1.71250439,2.34210443,2.61606836,2.75887585,2.85170364,2.92684746,2.99431801,23
0.9175203110108304,2.866744092292957,0.1136784954579814,2.216476085429109,2.490615656214737,1.0342977046966553,2.994875431060791,4.382986068725586,5.080085754394531,5.473458290100098,5.744589328765869,5.949204921722412,6.099221706390381,5
0.89229143,30.14874857,201.26148402,2.1,2.3,0.33925533,0.6910138,0.9315684,1.0938871,1.2064223,1.2893083,1.356369,1.4094019,10
0.869618,128.94404602,217.40632629,2.4576261,2.03764653,0.14169359,0.220227,0.29535794,0.36480832,0.42966628,0.48913908,0.54369259,0.5943892,3
0.96204583220712,9.95316262511718,8.87922833258414,2.1323873181028725,2.582725495455605,0.7519645690917969,2.010911226272583,2.7959296703338623,3.2207772731781006,3.486415147781372,3.682162046432495,3.840516805648804,3.9711310863494873,22
0.4090042775544273,1.0605907152811374,0.0050194508723751,2.958657612536744,2.7277237283170024,1.3036437034606934,4.370301723480225,7.972628593444824,11.22426414489746,13.169736862182615,13.202472686767578,13.208627700805664,13.213804244995115,12
0.4829461936581984,0.808386464846095,14.804931462645454,2.9831951932139886,2.912562801415892,1.2764239311218262,4.2549896240234375,7.709602355957031,10.730916976928713,12.703930854797363,12.80905532836914,12.810380935668944,12.811602592468262,14
0.45702202,274.45901408,372.2622598,2.9,2.3,0.13887739,0.1677239,0.19717574,0.22645926,0.25520658,0.28005314,0.3031764,0.3258071,11
0.41413226,76.9967703,366.04949629,2.0,2.7,0.24497056,0.33619142,0.36202693,0.38235998,0.39940596,0.41443276,0.42756867,0.4391091,4
0.30753507,195.90401385,215.06008761,2.0,2.9,0.22814918,0.32114077,0.3770287,0.42308068,0.46332932,0.4986887,0.5298462,0.55811524,3
0.46707575,136.85069545,212.03287206,2.83001018,2.08843951,0.24948096,0.40495396,0.50936747,0.59319735,0.66420269,0.72347569,0.7750504,0.81881809,17
0.3,41.72678094,168.29911183,2.99133752,2.0,0.5923779,1.53868628,2.09290409,2.21191216,2.21655321,2.21994734,2.2231679,2.22634935,0
0.72405387,127.58680987,103.96523072,2.9,2.3,0.28211713,0.5331218,0.74702024,0.9313004,1.090342,1.2296939,1.3504095,1.458257,10
0.6341664486401053,25.696959980989487,12.166731198550949,2.3792919190799338,2.205723740921341,0.7367761135101318,1.9829204082489007,2.7530877590179443,3.1290533542633057,3.3403165340423584,3.4796626567840576,3.5964577198028564,3.683674573898315,22
0.80400126,239.11389211,225.39190705,2.5,2.6,0.13009214,0.19367003,0.2526164,0.31194067,0.36996174,0.4232993,0.47371912,0.5219207,3
0.7235522200519898,2.8136655407945868,0.0071036119477009,2.794892224850508,2.308410558326752,1.146434307098389,3.461716651916504,5.378458023071289,6.42862606048584,6.924176216125488,7.255809783935547,7.552030563354492,7.78767204284668,5
0.47983076,269.30028301,73.31805736,2.48642867,2.0105426,0.16041183,0.24160647,0.31962109,0.3912816,0.45659184,0.51667976,0.57205081,0.62423849,2
0.95545088508792,16.350639728940887,0.0316729425165576,2.050479895591334,2.207022438956627,0.6013123989105225,1.4630987644195557,2.002759456634521,2.3346104621887207,2.5667457580566406,2.748887538909912,2.9018630981445312,3.032200813293457,18
0.473153000936115,3.18753661741008,11.812943380447376,2.12606215,2.51218009,1.1538934707641602,3.760326147079468,6.4890642166137695,8.473928451538086,9.390789985656738,9.520014762878418,9.523965835571287,9.527826309204102,14
0.7156713532893809,1.5843197424048572,0.1157679806482595,2.814716101920995,2.2464895344054656,1.188999891281128,3.694012880325317,5.98322868347168,7.371331214904785,7.981209754943848,8.256937980651855,8.497185707092285,8.699325561523438,12
0.95859586,244.42616167,243.09145867,2.1,2.6,0.089365,0.13784862,0.17462063,0.20572567,0.24165845,0.27767563,0.3115883,0.3439722,11
0.93038348,88.15407733,237.77798855,2.0,2.3,0.15757966,0.25211072,0.34244323,0.42220688,0.4941554,0.55940676,0.618119,0.6709542,17
0.85205943,221.57376238,116.67691673,2.6077115,2.21242353,0.13136172,0.21276927,0.28939056,0.36202955,0.432266,0.50000763,0.56394649,0.62464571,2
0.3955723103250978,55.971690275255625,0.0090313237347325,2.9638852093898342,2.3258032722353428,0.7853178977966309,2.216745376586914,3.18688440322876,3.640625,3.856858253479004,3.985864162445069,4.069526195526123,4.149323463439941,22
0.98403769,118.28337975,242.21419373,2.8,2.2,0.16857934,0.27929616,0.38724065,0.48825097,0.58106756,0.66766095,0.7475004,0.8219111,17
0.69915093,130.20557919,34.6952766,2.43255051,2.2738043,0.27024388,0.50873566,0.71171331,0.8859632,1.03574681,1.16679668,1.28073788,1.38153028,9
0.937476829077838,6.948604097518182,0.026893407327013,2.248414988859442,2.5212287235935538,0.8661708831787109,2.378247022628784,3.3518660068511963,3.8601186275482178,4.167328834533691,4.383829116821289,4.554279327392578,4.688420295715332,22
0.8662578221917224,47.339893838263016,0.0044172416571411,2.29171098829458,2.662916606865381,0.4701724052429199,1.0792951583862305,1.5189406871795654,1.8322422504425049,2.070507287979126,2.263734579086304,2.4250080585479736,2.563589334487915,18
0.4626920804407626,10.608057537297949,14.117720901043349,2.78816485,2.19047165,1.039541482925415,3.1225833892822266,4.838293075561523,5.724092483520508,6.039187431335449,6.194231986999512,6.32100772857666,6.394147872924805,6
0.977983892365801,7.811680787004281,1.9685323956935088,2.4373038943231164,2.894710649720106,0.8562512397766113,2.388999462127685,3.409900188446045,3.956543922424317,4.284371852874756,4.525110721588135,4.71023416519165,4.868311882019043,22
0.3579383984010458,1.1900407058881268,0.0121342478469775,2.851771138862442,2.746556210396008,1.300098180770874,4.373354911804199,8.01286792755127,11.344756126403809,13.460129737854004,13.497078895568848,13.502860069274902,13.50778865814209,12
0.9030726903055272,26.36903476732021,67.43807733344825,2.8,2.5,0.5447378158569336,1.333879470825195,1.875422477722168,2.2092909812927246,2.4400105476379395,2.618771553039551,2.763138771057129,2.884489059448242,20
0.83404768,218.37001038,1.0211128,2.97154069,2.3015852,0.17288828,0.29572654,0.41637421,0.53084755,0.63896799,0.74087238,0.83717585,0.92768717,15
0.83077713,240.08476804,34.19577855,2.3,2.3,0.13346887,0.22678256,0.31465673,0.39790606,0.47967362,0.5573151,0.6313343,0.7016716,15
0.4982037480074514,6.065309501787673,4.197173778579447,2.07089615,2.78281355,1.1354398727416992,3.663807630538941,6.165206909179688,7.780995368957519,8.411483764648438,8.521438598632812,8.549811363220215,8.576812744140625,14
0.93493795,256.69987657,363.16650966,2.06167269,2.0,0.05764079,0.08670115,0.10819364,0.11517143,0.13062525,0.14326191,0.15535402,0.16881585,11
0.3884846766704753,54.05126193558687,0.3651960348513619,2.33184840304316,2.959857326729872,0.8501937389373779,2.575148582458496,3.895499706268311,4.512581825256348,4.712978839874268,4.809247016906738,4.872457027435303,4.922562122344971,22
0.30832765,17.51851654,48.63047791,2.03457785,2.39799976,0.97850966,2.93103313,4.5725894,5.4059844,5.5202446,5.53372049,5.53824139,5.54139185,7
0.77331857,34.53513718,13.0193778,2.5,2.7,0.6153698,1.5506246,2.1576521,2.5032742,2.7313287,2.907179,3.0530455,3.1745107,18
0.55260503,41.09116364,395.11199951,2.32477856,2.18743992,0.28655171,0.46598911,0.52158689,0.54390812,0.5611105,0.57444978,0.58505297,0.59367442,21
0.51760123,168.12079392,300.76235874,2.1,2.0,0.1320653,0.16979504,0.20577693,0.23754239,0.26888132,0.29650307,0.32208395,0.34569263,11
0.7313031,250.30690002,179.05987549,2.33275986,2.17813206,0.10976076,0.16668463,0.21857357,0.26483035,0.31248951,0.35809684,0.40141892,0.44242215,3
0.7194614766129599,4.180137748117232,0.0110619735726319,2.088298435246506,2.4384032825637183,1.0732524394989014,3.2448527812957764,4.954806327819824,5.829489707946777,6.206491470336914,6.426559448242188,6.573912620544434,6.693578720092773,5
0.8027981,244.61255953,315.58024101,2.55729968,2.29338708,0.09558105,0.13649178,0.17029738,0.19494677,0.22188115,0.25038004,0.27815366,0.30380201,11
0.7339168772412463,14.476313990716228,0.0173054659351319,2.239129923009897,2.7405255689385344,0.8704249858856201,2.498335361480713,3.601348876953125,4.124154567718506,4.3936872482299805,4.569427967071533,4.704982757568359,4.810956954956055,22
0.8908364708967433,0.9752900944587926,85.20082665149744,2.093805577284169,2.1755097016580267,0.8872067928314209,2.636220693588257,3.971070051193237,4.549857139587402,4.681789398193359,4.70703125,4.708671569824219,4.709656715393066,23
0.7023080195815734,107.72077249343631,0.9202763043319292,2.456440315495839,2.221665220848175,0.3240253925323486,0.655052661895752,0.9207594394683838,1.1353082656860352,1.3129379749298096,1.462245225906372,1.591306209564209,1.7036261558532717,8
0.93341748,100.92929684,395.20502667,2.2,2.1,0.11180305,0.15022516,0.1867938,0.21664834,0.24576592,0.27265763,0.29767084,0.32038665,11
0.4821487946341037,41.6394296061676,0.0495788984297794,2.6054121907613936,2.840616931462285,0.850480318069458,2.5012857913970947,3.704577684402466,4.268606185913086,4.512541770935059,4.651309967041016,4.749452590942383,4.8238935470581055,22
0.411738459579318,4.091297877050201,0.2396742897947794,2.536999959787429,2.7134475139572096,1.2390613555908203,4.078112602233887,7.211154937744141,9.655853271484377,10.849771499633787,10.93680477142334,10.9428129196167,10.947861671447754,13
0.96211702,295.27966309,314.0645752,2.38451862,2.03443909,0.06579876,0.10053921,0.12354565,0.13018727,0.15027022,0.17032886,0.18845177,0.20500016,11
0.68384528,1.60222411,23.40279388,2.69446754,2.33365679,1.17910981,3.53117394,5.67222309,6.92187214,7.39267159,7.57807446,7.71949577,7.79576492,7
0.7995227332216865,16.27971132796301,0.0220746832860258,2.2307291046111013,2.585379827535811,0.7775952816009521,2.131807804107666,2.9853482246398926,3.416568756103516,3.673006057739258,3.850687503814697,3.9994382858276367,4.115787982940674,22
0.95776612,284.89587402,188.52229309,2.08055735,2.06659055,0.07326126,0.12065554,0.16113997,0.19227982,0.22833824,0.26287198,0.29633403,0.33009267,11
0.97299098,281.96290474,109.34914147,2.3,2.2,0.09369469,0.15940452,0.21623087,0.26531363,0.317698,0.3704095,0.42137003,0.47059274,2
0.8059076834008535,2.706380344641451,0.0041398973297572,2.257870790176307,2.0595638065951745,1.0518512725830078,3.029861688613892,4.448996543884277,5.172554969787598,5.5855255126953125,5.88267707824707,6.101000785827637,6.256172180175781,5
0.92032492,10.37156487,44.50290298,2.68976498,2.94279909,0.81059027,2.24920678,3.22444081,3.7354486,4.02350712,4.21827888,4.35749817,4.4766264,23
0.8479483883793276,23.53786177791639,0.0123675763112432,2.021653084636858,2.5631414759854447,0.6294240951538086,1.6184449195861816,2.227652072906494,2.5755438804626465,2.80893611907959,2.9895143508911133,3.13979721069336,3.267890453338623,18
0.73328686,12.37597752,30.88851547,2.19803333,2.08250952,0.78827262,2.07460165,2.84697342,3.20236063,3.38902664,3.50397062,3.58933973,3.64754581,23
0.89177996,291.31324528,278.08413815,2.9,2.7,0.15525365,0.17487478,0.2149508,0.27517414,0.32478666,0.3719325,0.41752553,0.46201706,4
0.70847426,210.81897676,59.57228582,2.6,2.7,0.20955253,0.35410166,0.49350142,0.6210513,0.7374294,0.8449805,0.94392776,1.0363436,16
0.8238239657795586,17.906186218307045,0.0085064554427588,2.659532453485627,2.434593616474934,0.7448952198028564,1.9765701293945312,2.766652107238769,3.201841354370117,3.472988605499268,3.675036430358887,3.837120056152344,3.974709987640381,22
0.98644442,192.89105675,393.47191618,2.7,2.8,0.14931512,0.16326427,0.19708371,0.24628139,0.28732705,0.32349062,0.35946727,0.39297342,4
0.60090894,190.41775513,398.19366455,2.87556458,2.82243013,0.17910457,0.22341561,0.27841353,0.32507777,0.36445761,0.40218306,0.43674231,0.46911049,4
0.63202221,118.91695393,173.50551547,2.29440288,2.45062167,0.26553178,0.4773016,0.64444184,0.78237343,0.89841366,0.99796748,1.08350015,1.1575551,10
0.46421298,250.51584589,58.38185361,2.33690142,2.11362528,0.18882298,0.29810786,0.39874744,0.48680305,0.56586909,0.63809919,0.70368457,0.76460075,16
0.52377868,226.74027852,399.99998579,2.00004389,2.0000037,0.0728538,0.09237957,0.10412884,0.10446811,0.11109233,0.11527252,0.11740208,0.12259364,11
0.7150166964776244,1.110162455884988,0.0050404828236422,2.72947849658805,2.456211972594031,1.2323248386383057,3.9431827068328857,6.655887603759766,8.471776008605957,9.300684928894045,9.54279327392578,9.667497634887695,9.821280479431152,12
0.5741201,182.66230774,46.81756973,2.04605699,2.05462337,0.19490242,0.33547664,0.46003437,0.57051158,0.66781735,0.755404,0.8347156,0.90608644,16
0.58551725,5.10598326,51.7140646,2.9,2.3,1.0734994,3.291218,5.2912245,6.480439,6.831641,6.874237,6.890416,6.895771,7
0.37789699,41.86557388,147.07194519,2.79848433,2.04181504,0.58541536,1.49896908,2.0251689,2.16326618,2.18762398,2.20247841,2.2165823,2.22959375,0
0.87021598,79.32285668,134.81584989,2.5,2.4,0.28167248,0.53679657,0.7525406,0.9356096,1.0922341,1.2264874,1.3426304,1.4432573,10
0.3283382970995401,2.9314377169117964,0.0044902093072459,2.007184537882038,2.40746560351855,1.1934545040130615,3.983150005340576,7.143881320953369,9.86100959777832,11.393035888671877,11.441640853881836,11.447418212890623,11.452198028564451,12
0.4005492935477035,1.2087387248763677,0.0081815702781721,2.3057016386040643,2.631414060144676,1.253831148147583,4.233359336853027,7.74495792388916,10.912307739257812,13.048964500427246,13.11532497406006,13.121610641479492,13.126883506774902,12
0.99752367,44.03681946,0.05259266,2.13515306,2.01238942,0.33511448,0.69098139,0.98323393,1.22035527,1.41451168,1.57729554,1.71655631,1.83773637,8
0.5079556879542715,5.673097396883108,1.85504938130012,2.93376422,2.00713515,1.094348669052124,3.312633991241455,5.240602016448975,6.324124813079834,6.756600856781006,6.991097927093506,7.177206516265869,7.300905704498291,5
0.58029062,256.30538203,231.24455399,2.3,2.2,0.1188333,0.16553879,0.21156883,0.2505014,0.28945303,0.32703495,0.36212897,0.3954482,3
0.68433091,25.61795635,154.61762011,2.5,2.3,0.57435894,1.488487,2.050934,2.2700722,2.3584263,2.4140923,2.4613826,2.5017192,0
0.6627414454779593,2.214254246956245,0.0287111168182246,2.4088860374965093,2.344809766456724,1.1702368259429932,3.669567823410034,5.97196102142334,7.365558624267578,7.95368480682373,8.17364501953125,8.344905853271484,8.476943016052246,12
0.8002327,103.47474729,252.55887104,2.2,2.9,0.1973567,0.31309772,0.41869903,0.50882316,0.5890708,0.6603005,0.7241976,0.7811992,17
0.74651831,194.32314709,279.42138489,2.6,2.4,0.14324903,0.20760632,0.27292132,0.33375525,0.39056778,0.44351244,0.49255347,0.5392082,4
0.8213495,31.84070939,171.37985982,2.8,2.1,0.4549427,1.0808535,1.4968748,1.7350955,1.884712,1.9963253,2.0853946,2.1567228,20
0.64893482,129.10568204,44.92970335,2.22298185,2.56780379,0.31255078,0.61351156,0.85510302,1.05413723,1.21952987,1.35973048,1.4805274,1.58505464,9
0.94787913,229.75826886,230.42239172,2.0,2.1,0.07661295,0.12246037,0.16074228,0.19259357,0.22763562,0.26054263,0.29263496,0.32439613,11
0.56554019,120.54045105,158.78491211,2.98170018,2.87184024,0.37631917,0.77050638,1.05176926,1.25428677,1.40858936,1.53540134,1.6408391,1.72864342,10
0.9657970140449708,1.1529019404212992,0.00327434155782,2.8239448285959514,2.4231472301486527,1.1544957160949707,3.404557943344116,5.139076232910156,6.089028358459473,6.642786979675293,7.089570999145508,7.481534957885742,7.786598205566406,5
0.46927398,27.03819479,105.2490519,2.3,2.6,0.7272544,1.9975202,2.8367412,3.1569798,3.246094,3.2740347,3.2950714,3.3145077,23
0.5784734098954898,52.41011461383065,70.26222767835553,2.9027013487970126,2.1809580254117056,0.5268750190734863,1.3172612190246582,1.8126702308654783,2.0649986267089844,2.2228240966796875,2.339906692504883,2.4405579566955566,2.5233917236328125,20
0.65262449,56.18242645,342.00610352,2.22873998,2.68619013,0.31660986,0.60250998,0.77906346,0.88813496,0.96414733,1.02310205,1.06875014,1.10569835,21
0.79695641,30.66724377,337.93001121,2.2,2.3,0.29332352,0.5271611,0.65861034,0.7343581,0.78312016,0.8197148,0.84643817,0.86726236,21
0.30232821,216.65735831,336.22310534,2.3942221,2.36816654,0.18268418,0.20858026,0.23522997,0.25441146,0.27256203,0.28919792,0.30478811,0.31924963,11
0.3210554,70.12579971,180.81671228,2.3,2.1,0.50017214,1.2509668,1.6560266,1.7132354,1.7255058,1.7378373,1.749444,1.759831,0
0.60440862,32.65077972,48.40988541,2.93583965,2.23559189,0.6772244,1.76661205,2.45066118,2.78141642,2.95891094,3.08496475,3.17515087,3.25102949,23
0.84531139,100.67254575,4.45676024,2.4,2.1,0.26974177,0.5197413,0.74137926,0.9360049,1.1059499,1.2552683,1.387155,1.5046031,8
0.6112664488153838,114.44368605419292,394.3939196021121,2.54035997,2.09266424,0.1468603610992431,0.1743814945220947,0.2039411067962646,0.2271173000335693,0.2479429244995117,0.2666821479797363,0.2840502262115478,0.3003792762756347,11
0.4200048,159.93432794,361.0848409,2.5,2.8,0.22442341,0.30063796,0.34924316,0.39045048,0.4272809,0.45958304,0.4887545,0.51534796,4
0.91930099,87.126915,9.24555229,2.42606231,2.81248709,0.32306123,0.64319062,0.92268395,1.16495562,1.37404466,1.55516291,1.71349883,1.85299706,9
0.6048860109804114,13.022318876441089,1.1954301366224889,2.23260975,2.52544045,0.9707155227661132,2.8593006134033203,4.250852584838867,4.900403022766113,5.1777753829956055,5.332454204559326,5.455720901489258,5.539905071258545,5
0.9658247811298748,2.054094050128597,0.1069529794041663,2.5358045618523355,2.238468410710609,1.0416145324707031,2.9243783950805664,4.217610359191895,4.907493114471436,5.357565402984619,5.699508666992188,5.969122886657715,6.162569999694824,5
0.9071123,81.33720507,141.96922039,2.8,2.1,0.25876617,0.48901796,0.6928234,0.8707831,1.0264311,1.1632104,1.2828739,1.3894789,10
0.59761747,250.24053912,360.96783659,2.74611439,2.41985214,0.12152815,0.1471436,0.17401004,0.19538069,0.21957183,0.23977542,0.25679588,0.27559733,11
0.3413832428993152,13.401652708374677,0.3268973077200912,2.240006808829332,2.577959499462413,1.1207499504089355,3.593345642089844,6.039783000946045,7.666196346282959,8.279081344604492,8.343450546264648,8.35693359375,8.369871139526367,13
0.41533891,103.81459208,42.04690072,2.7,2.3,0.560483,1.4582999,2.0181382,2.2506025,2.3718169,2.466252,2.5464385,2.6142309,19
1.0,272.5581607,234.68716942,2.0,2.86880133,0.08835411,0.14760447,0.19468451,0.23962402,0.28703141,0.33406591,0.37849879,0.42210269,3
0.9067238598366236,2.5919079292684124,0.0480198626761551,2.957873612821586,2.851255922872254,1.1415691375732422,3.389488220214844,5.161667823791504,6.11196231842041,6.630809783935547,7.035249710083008,7.365914344787598,7.615808486938477,5
0.73985307,224.66345598,361.22831393,2.50066715,2.07725099,0.08711958,0.11675453,0.13856316,0.14769149,0.1649549,0.18155479,0.19719076,0.21107244,11
0.7882727221637814,2.5741621911039694,0.0041932057048188,2.292379184253256,2.93782230785822,1.1583521366119385,3.6277997493743896,5.819605827331543,7.068697929382324,7.628580093383789,7.909324645996094,8.112936973571777,8.272024154663086,5
0.6821748,17.27738724,61.4170567,2.1,2.9,0.7227123,1.8919096,2.6229987,2.9780612,3.1705413,3.2888694,3.3635907,3.431427,23
0.84119439,284.20199585,187.84910583,2.29542112,2.4010272,0.09895849,0.15696168,0.20722723,0.25088406,0.29688692,0.34287858,0.38697267,0.42952919,3
0.94854308,179.89681787,297.81295604,2.70894553,2.97060875,0.15854335,0.23203707,0.30875421,0.38866258,0.45932698,0.52714372,0.5904336,0.65074348,4
0.914021,211.27394064,331.12145016,2.4,2.2,0.09255409,0.13683558,0.17572474,0.20677662,0.23886037,0.27103305,0.30223966,0.33234334,11
0.772287899089175,9.451870700274188,0.0678696398799207,2.300495725231327,2.364029889259221,0.9016342163085938,2.5054543018341064,3.5549776554107666,4.078028678894043,4.36872673034668,4.560831069946289,4.70889949798584,4.823062896728516,22
0.99621787,249.99725793,52.6454658,2.8,2.8,0.16541076,0.25239444,0.34206486,0.44439912,0.53881264,0.6274755,0.71337414,0.79566,16
0.9043489026179252,6.703876905807992,0.8898315019164884,2.7910834969497333,2.871313343164108,0.962456464767456,2.744539260864258,4.001378059387207,4.6687846183776855,5.054411888122559,5.334850311279297,5.545409202575684,5.708983421325684,5
0.3714247200684757,38.61613392079816,1.1749162977374823,2.757839496431251,2.5297230656432466,0.9312081336975098,2.7613863945007324,4.172313213348389,4.821571350097656,5.078535556793213,5.22022008895874,5.308853149414063,5.366471290588379,5
0.7682168631667811,7.022694501262284,0.047428440805575,2.475063146849517,2.683692977241632,1.0134742259979248,2.962565422058105,4.390636444091797,5.0976409912109375,5.467765808105469,5.7115159034729,5.88800859451294,6.031053066253662,5
0.36707861,19.83190427,118.04577781,2.3,2.1,0.77389956,2.198489,3.2031276,3.530248,3.5527894,3.553015,3.5535324,3.5544393,23
0.3616084957175569,4.7180586077361495,0.006510960598264,2.993513025791801,2.363148105852987,1.2179412841796875,3.93876314163208,6.852614402770996,9.133358001708984,10.351058959960938,10.491567611694336,10.498016357421877,10.503718376159668,12
0.77320134,23.19764151,297.54469609,2.4,2.8,0.41550112,0.91974187,1.2186208,1.3311086,1.3742309,1.4008121,1.4209285,1.4380264,21
0.82440347,123.061334,230.11101615,2.31497815,2.31768923,0.17484713,0.27876472,0.37931514,0.46880674,0.54949808,0.62298298,0.6901598,0.75199318,17
0.56270914,259.04473467,147.12046629,2.0,2.7,0.13420844,0.19250727,0.24919772,0.30199623,0.35269213,0.399364,0.44312263,0.48414683,2
0.8412987994453173,3.4410536184015714,7.315271590943358,2.497690101972181,2.792177644154005,1.085005521774292,3.247926712036133,4.9457173347473145,5.829872131347656,6.25460147857666,6.540897369384766,6.756239891052246,6.921749114990234,6
0.53567982,258.74411011,294.35238647,2.07628107,2.6110065,0.12378764,0.16411304,0.20652938,0.24254441,0.27716088,0.31013441,0.34177613,0.37145329,4
0.49698746,16.05292873,400.0,2.0,2.0,0.31305075,0.54132557,0.5671742,0.56755185,0.56757355,0.56772542,0.56779957,0.56783175,21
0.66472673,209.85624695,212.29328918,2.77529907,2.28334427,0.15137267,0.22041178,0.29153609,0.35367393,0.41207647,0.46704745,0.51787663,0.56579494,3
0.90164371,177.47814612,191.38420105,2.88346713,2.37031127,0.15337849,0.24130678,0.32887554,0.41145349,0.49008679,0.56263232,0.63091254,0.69598651,17
0.8533829696011415,4.944638569267099,0.0212316492313242,2.009734310456922,2.14804376238825,0.9298145771026612,2.5579934120178223,3.597721099853516,4.114469528198242,4.410531044006348,4.610215187072754,4.762771129608154,4.876118183135986,22
0.94547427,7.19303226,0.58427465,2.47058558,2.07211947,0.81359482,2.06582117,2.83793306,3.27050066,3.55196905,3.75107288,3.90748358,4.02108574,22
0.80147412,198.84387027,370.84869277,2.6,2.5,0.12359452,0.16283321,0.20042086,0.2397902,0.27867246,0.3123815,0.34371042,0.37435365,4
0.5277207487085265,1.422968685050897,0.0040572938723153,2.6877750635490827,2.74772934304981,1.275947332382202,4.224974632263184,7.539130210876465,10.248461723327637,11.74344253540039,11.860395431518556,11.86871337890625,11.87572956085205,12
0.87322366,230.93693641,103.22726201,2.9,2.5,0.16335082,0.26765537,0.36729383,0.4706099,0.5661578,0.6560588,0.74216413,0.8237181,16
0.61868691,78.80155945,304.26086426,2.17399693,2.73826647,0.29264379,0.53867483,0.70135975,0.81909084,0.90961719,0.98325419,1.04225874,1.09323001,10
0.4803014361844088,55.46793066536812,368.06081817417976,2.01718092,2.0383172,0.2419812679290771,0.3644437789916992,0.4083881378173828,0.4379591941833496,0.4610953330993652,0.4802174568176269,0.4960620403289795,0.5091996192932129,21
0.885936922623689,17.807623711172223,0.01984445492551,2.328020748040185,2.746187876753921,0.7084465026855469,1.8824286460876465,2.6261472702026367,3.039793014526367,3.3067855834960938,3.5072970390319824,3.671156883239746,3.8105297088623047,22
0.6983031081130557,2.490169178329774,6.092704004561532,2.565738203372881,2.4144413983433046,1.149456262588501,3.543003797531128,5.634844779968262,6.8333892822265625,7.339427947998047,7.590636253356934,7.778528213500977,7.932159423828125,6
0.30650748,35.07339257,162.30280139,2.38402932,2.9351577,0.75976014,2.23916984,3.41859126,3.91400266,3.95737767,3.95806909,3.95820642,3.95835853,23
0.8259621882539698,12.260828133979585,0.0052083402491532,2.1043528405264995,2.089357672629624,0.7528543472290039,1.9506142139434808,2.6711275577545166,3.050364255905152,3.28439736366272,3.4556734561920166,3.5876495838165283,3.702658891677856,22
0.49953294,70.64599609,263.65194702,2.29769802,2.68027997,0.39349151,0.85862112,1.13368559,1.25167251,1.31837726,1.37027192,1.41179633,1.44822216,21
0.93023845,34.92294594,50.01850307,2.6,2.5,0.4785068,1.1014533,1.5479302,1.8544178,2.0803661,2.2595568,2.4071426,2.534317,19
0.60660504,150.68277778,1.48959173,2.2,2.6,0.29528975,0.56721497,0.78859735,0.9733088,1.1289973,1.2626867,1.3784866,1.4793456,8
0.33416871,103.30678195,162.06137433,2.5,2.8,0.50305915,1.2348733,1.682931,1.8206639,1.8723087,1.9142103,1.9519353,1.9848161,0
0.38194199,22.52983905,114.52214043,2.5,2.3,0.8115947,2.3549554,3.5205743,3.9814742,4.050973,4.052662,4.054653,4.056774,23
0.7319650337819792,0.7507711816568834,0.0081628476996563,2.002953028066384,2.478407638181818,1.1930513381958008,3.9083876609802246,6.72512674331665,8.703895568847656,9.66811180114746,9.856071472167969,9.878114700317385,9.897964477539062,12
0.72939524,93.66219748,249.60972853,2.4,2.9,0.25386524,0.4376843,0.58082724,0.7004001,0.8013015,0.88834,0.9637017,1.0289431,17
0.5438880125635256,46.64373823316895,0.0113346327752269,2.055235107965356,2.1354035412922805,0.6412665843963623,1.67771315574646,2.2747838497161865,2.553294897079468,2.7198054790496826,2.840572118759156,2.943564176559448,3.028095960617065,18
0.6102814072339466,197.6910566721925,400.0,2.93990827,2.25485444,0.1317336559295654,0.1529672145843505,0.1788480281829834,0.1961312294006347,0.2176411151885986,0.2331898212432861,0.2479321956634521,0.2641375064849853,11
0.9112955565883208,2.235746462847408,0.0149192253757041,2.8399639277238853,2.152130892292021,1.0567328929901123,2.97588324546814,4.307796478271484,5.030606269836426,5.507211685180664,5.899375915527344,6.204594612121582,6.43968391418457,5
0.41138682,209.96394348,297.81973267,2.9497633,2.49674892,0.21598101,0.29173374,0.35110235,0.40245175,0.44822788,0.4889102,0.52585006,0.55990624,4
0.5365721230565091,77.2396973810944,0.0242457310475087,2.747320597810868,2.541340448593994,0.5841360092163086,1.5092666149139404,2.107734441757202,2.4196927547454834,2.615840673446656,2.76514744758606,2.890558958053589,2.9949448108673096,18
0.77111071,18.45687485,189.09202576,2.79724169,2.19339728,0.51794028,1.26608562,1.72059822,1.9005022,1.97876167,2.02343178,2.05654192,2.08417082,0
0.36503358,95.66418708,260.79282195,2.5,2.7,0.40670848,0.88069344,1.1418133,1.2222989,1.2656126,1.3005564,1.3299544,1.3556187,21
0.62482697,34.12941962,332.72286633,2.8,2.9,0.44903874,1.0383124,1.4043808,1.5267425,1.5561395,1.5748839,1.5902905,1.6031423,1
0.86314454,229.7550343,11.82213904,2.1,2.0,0.11512113,0.20219064,0.28351116,0.3612032,0.4365511,0.50812674,0.57725286,0.64260054,2
0.30902109,151.28605028,184.76411477,2.39398336,2.32784452,0.35598564,0.70610666,0.88998938,0.97690034,1.03717804,1.08737159,1.12880945,1.16396713,21
0.66122475,18.30778426,330.50715616,2.01141729,2.0,0.34384966,0.67499661,0.79761982,0.80219817,0.80273056,0.80348849,0.80411124,0.80464149,21
0.33635592,126.37397766,245.83746338,2.14782691,2.03699112,0.26294065,0.4181056,0.49170923,0.54341221,0.58513284,0.61924052,0.64725876,0.6710279,21
0.6933148224452104,2.221976722507416,0.1853823430337641,2.285743949978227,2.651626673413808,1.1840324401855469,3.763112783432007,6.199976921081543,7.680617332458496,8.309735298156738,8.55135440826416,8.697463989257812,8.810416221618652,12
0.649146033906105,1.6340198146282787,0.0048271318043104,2.04347757904062,2.7113600888553044,1.191873550415039,3.9180908203125,6.756942272186279,8.71571159362793,9.603212356567385,9.801397323608398,9.83245849609375,9.873321533203123,12
0.54351416,294.24749182,337.34045035,2.98322184,2.7464241,0.15579081,0.1719625,0.20766211,0.24793553,0.27815819,0.30652642,0.33449936,0.36064529,4
0.7761192,102.04083418,380.49286603,2.5,2.1,0.15937757,0.22219276,0.28366852,0.3367436,0.38436937,0.4271629,0.465801,0.5009973,4
0.78983675,235.85511016,332.69933203,2.80115239,2.73462851,0.1496954,0.17652869,0.21847796,0.2713697,0.31594491,0.35630465,0.39582014,0.43307066,4
0.3986680806818178,2.129666809912153,0.0355043505394862,2.818601009812868,2.8255384163536554,1.2961318492889404,4.330584526062012,7.855234146118164,10.933751106262209,12.836995124816896,12.90402889251709,12.909645080566406,12.91437816619873,12
0.65997743,118.05338031,349.55764572,2.7,2.6,0.2211957,0.33392954,0.4252243,0.5038812,0.57225704,0.6329241,0.6869786,0.7353711,17
0.8833139616410293,58.57703017896205,0.0475515955414737,2.6148072987740774,2.941880137702355,0.4585039615631103,1.0314538478851318,1.4713199138641355,1.802649736404419,2.061025381088257,2.271683931350708,2.449401617050171,2.602614641189575,18
0.42759391,217.46840719,258.70527171,2.44288844,2.17696988,0.15890503,0.20192313,0.2456243,0.28241682,0.31671214,0.34825087,0.37733388,0.4044292,4
0.57774367,100.30524242,181.38250863,2.5,2.4,0.33438396,0.66166306,0.8865175,1.047657,1.1698098,1.2681053,1.3507969,1.4194746,10
0.56567264,80.68475225,37.42949344,2.6,2.4,0.50979424,1.2392797,1.7069266,1.9600055,2.1313999,2.2603848,2.370045,2.4650648,19
0.34529858,143.91366752,278.47936359,2.9,2.8,0.37511206,0.7519529,0.96456623,1.0658364,1.1329165,1.1876798,1.2334466,1.2722354,21
0.94104761,40.1101265,216.19010925,2.03059721,2.97666955,0.33723998,0.70881701,0.99283576,1.21041751,1.3777144,1.51201463,1.62064886,1.71199799,10
0.31008289,90.46021286,394.08697562,2.9,2.7,0.38582468,0.7923074,0.98531604,1.020396,1.0359044,1.0502899,1.0626576,1.0737655,21
0.3,85.19907609,97.16523231,2.0,2.0,0.52384377,1.30055332,1.68882656,1.76892996,1.79977179,1.8272624,1.85208297,1.87492085,0
0.39406572,19.45727816,13.84032092,2.16813299,2.67421748,1.00684381,3.12770104,4.95785427,5.92766094,6.19907188,6.25644875,6.28835106,6.31519699,6
0.87259239,218.84474182,144.30018616,2.91795421,2.59520483,0.16209722,0.25101185,0.34130645,0.43393016,0.51930976,0.59848571,0.67409182,0.74593377,17
0.8348251,17.53478813,49.93535614,2.59268355,2.05311465,0.60877895,1.50158477,2.05144238,2.3512814,2.54332519,2.67865872,2.79327607,2.88700461,19
0.6036047,263.40558044,101.98032756,2.3,2.1,0.13541746,0.21212244,0.28534555,0.35283017,0.41764235,0.47813988,0.5344441,0.588186,2
0.4089798079576636,22.434652787262024,0.2659842857994431,2.012559514435788,2.50335561388182,0.9784202575683594,2.987417697906494,4.614164352416992,5.383544445037842,5.604107856750488,5.684740543365479,5.735328674316406,5.770515441894531,5
0.9946286,56.67733623,248.23942133,2.2,2.1,0.20207334,0.34710956,0.47546744,0.58499956,0.68045354,0.7641995,0.83691406,0.9011948,17
0.43392927,241.70803359,86.35870924,2.5,2.8,0.26646185,0.45552564,0.60198283,0.7269628,0.8351028,0.9300127,1.0140655,1.0891132,16
0.58028793,28.2376367,261.99737767,2.4,2.0,0.45629048,1.0968728,1.4457092,1.5097733,1.516628,1.5236268,1.5298083,1.5353045,1
0.91381069,32.22606986,113.74934682,2.8,2.9,0.4978304,1.1750383,1.6609173,1.9732623,2.1923375,2.3618922,2.4984522,2.6120086,20
0.5005065905244137,2.480836989047025,129.20029939551674,2.812691559484195,2.6553264362347555,0.9184253215789796,2.819815397262573,4.55794620513916,5.53740119934082,5.715475082397461,5.746031761169434,5.748861312866211,5.749069213867188,7
0.57351646,117.71800142,86.59284314,2.4,2.6,0.3515296,0.71320105,0.9751146,1.1689286,1.318999,1.441683,1.5456402,1.6365345,10
0.3887436,24.93639416,50.56579194,2.9,2.7,0.99123263,2.96547,4.64684,5.5388002,5.7913456,5.8714027,5.8983564,5.910454,7
0.76711893,151.24052429,377.56454468,2.04985976,2.04903531,0.08482456,0.112813,0.13177419,0.14596939,0.16332364,0.17878079,0.19277072,0.2067585,11
0.74878031,87.03608696,246.13335213,2.7,2.0,0.24804592,0.44605017,0.60674334,0.7407677,0.8537593,0.9503186,1.0332613,1.1062138,17
0.75166893,69.15206909,90.95973206,2.44187665,2.05443549,0.3175447,0.63467193,0.87605405,1.06199455,1.20780206,1.32890964,1.42886782,1.51366568,10
0.73022208,233.63142908,371.63813234,2.9,2.7,0.15169144,0.1814692,0.22585154,0.27595115,0.31602812,0.3557124,0.39269233,0.4277811,4
0.85486722,50.70697483,207.84513618,2.9,2.2,0.35012126,0.732728,1.0188484,1.2321568,1.3960097,1.5265045,1.6313465,1.7186353,10
0.4051678968361888,35.81071092077922,102.4382753130432,2.921646403877061,2.925812397958527,0.8054897785186768,2.404646873474121,3.661876201629639,4.265676021575928,4.457816123962402,4.514116764068604,4.538987159729004,4.558509349822998,23
0.97788562,216.89817341,46.67882971,2.3,2.8,0.14050317,0.23899245,0.3318839,0.42263293,0.51043487,0.59517074,0.6751766,0.7525749,16
0.69341356,232.97048856,140.04117019,2.8,2.1,0.15421462,0.24802947,0.34033155,0.4272375,0.5081084,0.5842898,0.65570545,0.7231207,17
0.3685096674888027,5.193963859288262,0.6098043355694277,2.2724666841336054,2.7397712927572484,1.211609125137329,4.004517555236816,7.10447883605957,9.539616584777832,10.729925155639648,10.799670219421388,10.80410385131836,10.808070182800291,13
0.9335857,231.68746948,298.78076172,2.60434961,2.50688887,0.12423706,0.16196322,0.20232034,0.24680352,0.29287696,0.33415484,0.37252593,0.41054177,4
0.76650616,104.05582155,346.42564349,2.9,2.6,0.22930026,0.36333442,0.47738886,0.57630205,0.6626742,0.73958063,0.80799747,0.86921334,17
0.8006882,248.86618106,98.03359547,2.0,2.79679899,0.13101935,0.21946478,0.30339789,0.38437748,0.46287179,0.53713918,0.6086936,0.67674613,2
0.59969066,22.36907794,116.5272894,2.90250315,2.48373173,0.71371388,1.95193481,2.78102493,3.13323355,3.26467752,3.32591581,3.36567831,3.39928532,23
0.8363895355655495,11.423557915391068,0.1170429752960345,2.5547557864004187,2.5080449339861395,0.8479626178741455,2.329624652862549,3.2968616485595703,3.8087549209594727,4.109197616577148,4.322116851806641,4.488752365112305,4.618868827819824,22
0.75791643,256.82548608,43.21714538,2.72815943,2.97353823,0.19583821,0.3211422,0.44648075,0.56893873,0.68144774,0.78757167,0.88748264,0.98205924,15
0.3011317109609738,2.5185660763902744,5.823161372650113,2.68811059,2.1955061,1.2013568878173828,3.915655851364136,6.930385589599609,9.478875160217283,11.041852951049805,11.091948509216309,11.095782279968262,11.09915256500244,14
0.506098,280.98707004,268.51950398,2.8,2.3,0.14581323,0.19551063,0.24699974,0.2949121,0.33996868,0.38136148,0.4199946,0.45687652,4
0.8064971525723678,8.986822105683913,0.0166484680975045,2.3230303501036538,2.897916349976716,0.9460341930389404,2.7706122398376465,4.074336528778076,4.718576431274414,5.046854972839356,5.258586883544922,5.416356086730957,5.548727035522461,5
0.62591818,43.09955988,144.03449697,2.1,2.6,0.45457196,1.0506237,1.410434,1.5789068,1.6819098,1.7557776,1.8157485,1.8672664,20
0.445615,109.48009493,216.17820889,2.3,2.9,0.33671427,0.645797,0.82645535,0.9362781,1.0161622,1.0795541,1.1309791,1.1744976,21
0.35441611,116.68972066,161.40781851,2.7,2.2,0.4531777,1.0955105,1.4805276,1.615418,1.681731,1.7340438,1.7797534,1.8183861,0
0.54603462,94.5336987,313.82631037,2.6,2.2,0.2750213,0.47480273,0.5992596,0.6925101,0.7671032,0.826643,0.8759227,0.9179361,17
0.85141492,12.56097031,0.18738428,2.02181792,2.65037918,0.79614139,2.16798353,3.01495218,3.42989683,3.66446781,3.83340025,3.95901203,4.06022072,22
0.42611315,223.27702309,349.27193353,2.5,2.1,0.14308572,0.17070007,0.20303655,0.22831345,0.2521186,0.27415466,0.2958002,0.31573534,11
0.55328226,129.9225893,153.88740148,2.3,2.7,0.28480816,0.51810145,0.688941,0.8252499,0.9368088,1.0304024,1.1094844,1.1796439,10
0.96910733,111.14635468,101.52229309,2.26796126,2.07693267,0.17153597,0.30178189,0.42602348,0.54089117,0.6465807,0.74421096,0.83415771,0.91664457,16
0.3056844445183226,113.06053090228878,0.0145364559685661,2.540457296283537,2.7672532287188525,0.6966776847839355,2.005456924438477,2.917902946472168,3.291778087615967,3.427978515625,3.5061511993408203,3.570197582244873,3.62736701965332,22
0.69071202,164.21531237,312.35733,2.7,2.5,0.17868662,0.2583096,0.3376608,0.40879178,0.47315168,0.5317848,0.58577704,0.63584924,4
0.72243927,33.00323017,297.24028861,2.1,2.6,0.32510662,0.61812973,0.7794044,0.85662866,0.90518665,0.9389298,0.9640267,0.984288,21
0.51806921,147.0895229,351.84628858,2.3,2.3,0.16330576,0.20375156,0.2452178,0.27981067,0.31023598,0.3380785,0.3634956,0.3867023,4
0.6026452326740857,3.506690807860737,0.0078185249963152,2.2849681770876407,2.068451150214828,1.1054611206054688,3.3840267658233643,5.330057144165039,6.433252334594727,6.891073226928711,7.088854789733887,7.245293617248535,7.347018241882324,5
0.5935716850942347,1.732992312182039,0.3450162501004772,2.867018591615667,2.08322090408819,1.1768848896026611,3.7080752849578857,6.195965766906738,7.910680770874023,8.681866645812988,8.838353157043457,8.895615577697754,9.018354415893556,13
0.60818279,156.75928485,263.70854378,2.3,2.2,0.16626668,0.2391572,0.30967665,0.3716581,0.42726517,0.47737718,0.52301,0.56456995,4
0.58761042,223.91650391,70.64646149,2.04026532,2.10194802,0.15250254,0.2482655,0.33920908,0.42148542,0.49749184,0.56788301,0.63246775,0.69260716,16
0.94956633,179.35292125,129.09879314,2.6,2.1,0.13670397,0.23362017,0.3253796,0.41350913,0.4976256,0.5780046,0.65444183,0.72653985,17
0.9320617139739984,7.551664643313065,0.0404653086244297,2.01788776551562,2.515521234716,0.8308205604553223,2.275876522064209,3.1807427406311035,3.644998073577881,3.919291019439697,4.113119602203369,4.265192031860352,4.391212463378906,22
0.40760713,137.18565115,192.04185119,2.6,2.7,0.3679886,0.7472575,0.9773319,1.111459,1.2067649,1.2830861,1.3463929,1.4006073,10
0.89451931,219.38262903,66.15030313,2.1,2.1,0.11021066,0.1898284,0.26290488,0.33205342,0.40075254,0.4659412,0.5279808,0.5878272,2
0.43753713,214.41928585,365.87968749,2.13799362,2.33228945,0.12805796,0.14841771,0.17191219,0.18759942,0.20389676,0.21901155,0.23480892,0.24963951,11
0.49418607,288.89267423,195.75158615,2.0,2.0,0.09621406,0.13370728,0.16529322,0.1933291,0.22237492,0.24995828,0.27633381,0.30082941,11
0.7000308242109192,1.3432677846583982,76.12277852049351,2.462612117289148,2.437597237532041,0.9926331043243408,3.0797181129455566,4.964761257171631,6.057821750640869,6.336806774139404,6.356935024261475,6.365151882171631,6.366268634796143,7
0.6242493344306743,117.94278464476388,16.154521364914444,2.630866374947028,2.25306866492354,0.3496932983398437,0.7242283821105957,1.010094165802002,1.2307469844818115,1.4063987731933594,1.5531015396118164,1.6765737533569336,1.785200595855713,9
0.81496568,125.40245237,118.40387264,2.1,2.5,0.19176054,0.3290515,0.4584322,0.5740819,0.67811537,0.7728517,0.85885525,0.9369962,16
0.6252739071235516,1.841547469894227,0.0474857235670895,2.827144737890193,2.211433899122404,1.1907312870025637,3.7466323375701904,6.213804244995117,7.843694686889648,8.553951263427734,8.760772705078125,8.905282974243164,9.049276351928713,12
0.98611915,18.80333138,181.65692139,2.00991344,2.41452622,0.42018318,0.94657135,1.29543614,1.50421262,1.6399169,1.73629951,1.81152296,1.87284899,20
0.601480346900253,4.43495523417668,0.0896910022401021,2.3093384443428686,2.6941648085049628,1.1631953716278076,3.6678619384765625,6.0108842849731445,7.3964033126831055,7.9503583908081055,8.151056289672852,8.265128135681152,8.359909057617188,12
0.99702983,299.99999492,392.2796126,2.12486966,2.222122,0.05772352,0.08860803,0.11580682,0.11645508,0.12629914,0.13937259,0.15471244,0.16700125,11
0.40691492,199.54443359,91.40560913,2.53398633,2.17257905,0.26538301,0.4592824,0.60041237,0.71449685,0.80935502,0.89116907,0.96241593,1.02326155,16
0.79914399,157.84906155,366.7831972,2.14714754,2.46595444,0.11738896,0.16016197,0.20383954,0.24123812,0.27772689,0.31140089,0.34349918,0.37371516,4
0.66653261,111.02632427,11.50772856,2.9,2.8,0.4237635,0.92193985,1.2984433,1.5800223,1.7991714,1.9773912,2.1264205,2.254448,18
0.49985694,75.19347811,161.36698709,2.9,2.7,0.5200527,1.3114674,1.8366425,2.0662353,2.1780474,2.2582786,2.3234704,2.3794649,20
0.5475749160077341,1.2623968794471252,0.0088585688033311,2.567091958960405,2.3992571727125283,1.2371008396148682,4.045360565185547,7.128201484680176,9.534563064575195,10.727084159851074,10.785307884216309,10.790894508361816,10.795406341552734,12
0.79521345,167.64470279,360.36215986,2.4,2.3,0.11536098,0.15716004,0.19855666,0.23286366,0.26709747,0.29894233,0.32979608,0.3587463,4
0.8958749544903497,3.108656512600151,127.94630145563151,2.086849611843097,2.2395217837588137,0.7360494136810303,2.065533399581909,2.937001943588257,3.25836443901062,3.3355534076690674,3.342177152633667,3.346205472946167,3.3505642414093018,23
0.77888107,248.96697907,344.98090505,2.6,2.9,0.15006948,0.16001105,0.19150472,0.23574209,0.27502704,0.30653644,0.3393376,0.36962628,4
0.591267765897986,45.42761478945549,0.0348958077146697,2.833315776871359,2.280209480147341,0.6585474014282227,1.7325704097747805,2.4104177951812744,2.763301610946656,2.979914426803589,3.136826276779175,3.263962984085083,3.3731510639190674,22
0.5972246850110922,48.615929434700725,114.9905489453,2.123628287538016,2.111487155588568,0.4539110660552978,1.0767734050750732,1.4410040378570557,1.617459774017334,1.7304747104644775,1.8190598487854004,1.890284299850464,1.94959044456482,20
0.9053366790901612,250.0533170937265,347.39414233978874,2.3,2.1,0.0708904266357421,0.1036121845245361,0.1289448738098144,0.1386070251464843,0.1572296619415283,0.176234483718872,0.1946961879730224,0.2119209766387939,11
0.51650816,9.09635162,34.80359268,2.95225954,2.19548225,1.02622533,2.94189787,4.39464283,5.08559513,5.36146545,5.53444195,5.64577579,5.69142246,7
0.6460371525367434,5.534707768505539,0.0345826241282165,2.393885673528578,2.52045679953481,1.1029047966003418,3.3531343936920166,5.207671165466309,6.178174018859863,6.596432685852051,6.823561668395996,6.999750137329102,7.132047653198242,5
0.38725285,78.81123623,279.58495014,2.5,2.9,0.42202616,0.9335797,1.2138176,1.2901607,1.323029,1.3502307,1.373302,1.3930483,21
0.84212335,249.716164,249.9250957,2.8,2.5,0.1358211,0.19089556,0.24477124,0.30872512,0.36746,0.4209106,0.4727826,0.5219147,4
0.52498631,162.99955357,9.28588297,2.3,2.6,0.3237965,0.63490057,0.87161565,1.0594871,1.2118196,1.3398361,1.4481676,1.544822,9
0.4122606583382552,9.04294733913762,0.1427411277518538,2.1104683313750634,2.265182538211367,1.093963384628296,3.443554162979126,5.626615524291992,6.957237243652344,7.423934936523437,7.511433601379394,7.550736427307129,7.581225395202637,5
0.89434843,124.33676708,223.6635,2.9,2.3,0.19430995,0.32702088,0.45515227,0.57225394,0.679302,0.77715683,0.86715984,0.95046926,17
0.97565544,237.33506775,1.62662709,2.56610465,2.68716908,0.1581347,0.27044058,0.37334204,0.4826436,0.58674693,0.68434644,0.77775598,0.86742377,15
0.43545207,211.0258155,193.90683719,2.4,2.6,0.22427821,0.3407805,0.43531013,0.5153482,0.5857785,0.6493428,0.70590234,0.75775886,17
0.9450222012112528,1.3077341799438664,15.44220263100034,2.9808734,2.41049929,1.1107635498046875,3.281921863555908,4.964025974273682,5.86728572845459,6.363673210144043,6.753715515136719,7.085206031799316,7.325750350952148,6
0.54595145,246.97175776,46.51207262,2.1,2.3,0.16704512,0.26867843,0.36528826,0.45315075,0.5333078,0.6072166,0.67533517,0.7390325,16
0.71715125,274.9827466,29.49913325,2.80004522,2.35096674,0.15632892,0.25500727,0.35168004,0.44307351,0.5293622,0.61187363,0.68916798,0.76235199,15
0.71237965,103.71950134,21.82379182,2.0,2.5,0.2911563,0.5696521,0.79652643,0.9845872,1.1413455,1.2739012,1.387532,1.4876947,9
0.36303736,128.19487417,336.3597496,2.1,2.0,0.19232392,0.23690176,0.26692843,0.29200697,0.31401062,0.33367157,0.35130382,0.3671062,4
0.62235241,87.77196151,199.11105464,2.0,2.0,0.24078679,0.41767406,0.5488043,0.652827,0.73740053,0.8069451,0.86632824,0.9157257,17
0.77780478,80.87687205,191.72541618,2.4,2.8,0.285712,0.53381276,0.7282412,0.88804245,1.0202231,1.1315496,1.2260308,1.3069048,10
0.588664,114.02198151,251.2356451,2.5,2.3,0.2573812,0.4402964,0.5760708,0.68588066,0.7770734,0.85512114,0.9211254,0.9799235,17
0.32475534,213.39006135,378.14218853,2.6,2.7,0.20491171,0.2430358,0.27013087,0.29325223,0.31541657,0.33456373,0.35224247,0.36924648,4
0.9317428053284892,1.7498518291857976,0.0194287763141636,2.9023782418567308,2.6768914829825,1.1575970649719238,3.431991577148437,5.227531909942627,6.199927806854248,6.742852687835693,7.169846057891846,7.54138708114624,7.820395946502685,5
0.5923011045733497,1.3930851897126328,0.0529914017446002,2.355409636239614,2.5896131735450663,1.232461929321289,4.058849811553955,7.121238708496094,9.425392150878906,10.603013038635254,10.768943786621094,10.78126335144043,10.791141510009766,12
0.7067221,158.9537042,304.95748811,2.2,2.3,0.13022804,0.1794424,0.22858667,0.27220678,0.31316328,0.35105824,0.38627744,0.4188094,4
0.40285107,20.99508321,152.70572709,2.3,2.7,0.72140217,1.9981797,2.873017,3.1664321,3.204397,3.204789,3.2053092,3.2061713,0
0.35647757,127.30694595,138.30566863,2.1,2.2,0.35688186,0.72301435,0.9178188,1.0185335,1.0907199,1.1486149,1.1955321,1.235553,21
0.3,56.65676486,139.12002143,2.0,2.0,0.55727673,1.41952276,1.86667609,1.92131257,1.929106,1.93713832,1.94501495,1.95251656,0
0.67940679,133.84442345,142.90832491,2.4,2.8,0.25274897,0.44760227,0.6114931,0.7524805,0.87527514,0.98293614,1.0780704,1.1623118,17
0.91806334,194.00204093,170.52071076,2.8,2.4,0.15133047,0.24635863,0.33695793,0.42793036,0.51402545,0.5943284,0.66993976,0.7424362,17
0.95225006,280.57817979,54.89378958,2.7,2.7,0.15890479,0.23159075,0.3090899,0.40019584,0.48546982,0.5646851,0.6414139,0.71538424,16
0.64766237,86.10570393,58.94976412,2.1,2.2,0.34204507,0.6984055,0.9566982,1.1456621,1.2923167,1.4108324,1.5089872,1.5957603,10
0.6366739,286.16582864,1.42756569,2.9,2.8,0.21719122,0.3589599,0.49954677,0.6306617,0.750335,0.8626075,0.96652865,1.0640819,15
0.95363135,199.20543887,198.20967636,2.1,2.9,0.11549568,0.1776352,0.23501158,0.28910398,0.3424785,0.39511085,0.44491386,0.4916532,3
0.54267722,23.47679138,14.53021622,2.0495255,2.19115925,0.82854819,2.27192497,3.17822075,3.54568291,3.68931866,3.77990723,3.83591366,3.88332891,22
0.67840594,28.8354846,336.98327097,2.1,2.1,0.30355215,0.5457368,0.6545508,0.69692564,0.7206371,0.73829913,0.7533469,0.7641654,21
0.6676281768451162,2.938304659124031,106.3788848641366,2.1800778801544864,2.490085455736698,0.8760561943054199,2.654557466506958,4.123035430908203,4.79412841796875,4.911914825439453,4.925878524780273,4.926234245300293,4.926328659057617,23
0.3,8.203362970781145,0.7589036536174218,2.71200524,2.26367762,1.1745917797088623,3.7601158618927,6.482927322387695,8.475716590881348,9.42733383178711,9.494189262390137,9.499958992004396,9.50522804260254,13
0.5456932238291848,20.85464114921085,0.0140541380258749,2.0456918316079062,2.0224775922266973,0.8281676769256592,2.279405117034912,3.1857638359069824,3.57452392578125,3.773508071899414,3.88671875,3.9827609062194815,4.056775569915772,22
0.99619538,191.73570251,391.23324585,2.71297026,2.53204656,0.13364172,0.15016556,0.17984128,0.21750093,0.25449657,0.28519106,0.31415009,0.34327197,4
0.90599388,64.19935464,89.04538414,2.5,2.9,0.3486662,0.7154937,1.0124433,1.2542548,1.4513268,1.6157465,1.7548294,1.8757148,10
0.40114095,244.99929201,340.35487321,2.7,2.3,0.16461277,0.20092058,0.24014878,0.27330375,0.30424595,0.33262968,0.35887146,0.3834238,4
0.6940704583521684,10.318305010915118,0.0176025268082612,2.69799772108766,2.4141355625393484,0.969879388809204,2.759389162063598,4.008566856384277,4.632124900817871,4.970027923583984,5.210319519042969,5.395249366760254,5.527636528015137,5
0.98716325,171.56690979,304.07501221,2.28296423,2.12388563,0.09403944,0.14070201,0.18094516,0.21405721,0.2514658,0.2875092,0.32089305,0.35244322,4
0.4865969723849161,1.9296126472724664,0.0066161645801489,2.98624468255004,2.0249892195771,1.1806893348693848,3.766656875610352,6.449557304382324,8.463652610778809,9.558941841125488,9.698554039001465,9.70711612701416,9.7146635055542,12
0.70271086,30.68949925,393.51500278,2.70677957,2.80971876,0.3823967,0.79764342,1.03318119,1.1205802,1.1543076,1.17674804,1.19419384,1.20812678,21
0.81061628,60.769965,356.70053397,2.7,2.6,0.26940084,0.4649999,0.60287523,0.71410465,0.8049362,0.88007283,0.9418509,0.99388576,17
0.4117937,58.74573759,141.978965,2.8,2.4,0.62258005,1.7122748,2.4430377,2.6869009,2.739487,2.7687356,2.795427,2.8206708,0
0.75461716,122.99416881,60.94612412,2.3191327,2.66416483,0.28110909,0.53276753,0.74960613,0.93747973,1.09999704,1.24132895,1.36591744,1.47614765,10
0.8234520018282181,4.993321808354002,0.0114194310555823,2.392268879149753,2.2886364967048864,0.9887046813964844,2.7813003063201904,3.999708890914917,4.611218452453613,4.974064826965332,5.231152534484863,5.415560722351074,5.565638542175293,5
0.5022273,151.13949051,291.69985651,2.2,2.6,0.19364691,0.2647071,0.32666683,0.37833,0.42349458,0.4639163,0.50065327,0.533654,4
0.33805219,178.88871279,157.92083722,2.3,2.4,0.30536008,0.54935646,0.69069624,0.7875414,0.8654144,0.92879987,0.9829252,1.0283861,10
0.63140475,201.21098115,308.24317322,2.4,2.4,0.13611841,0.18221712,0.23074341,0.27296758,0.31233072,0.34958053,0.38439894,0.41675067,4
0.67759727,223.94017394,190.13785577,2.4,2.9,0.1609652,0.23915792,0.31902242,0.39173126,0.46048427,0.52322006,0.582083,0.63734794,3
0.73342616,185.09097444,381.08071276,2.6,2.1,0.11132264,0.14956379,0.18771243,0.21987915,0.2502532,0.2789607,0.3069706,0.3335259,11
0.6997543,204.95787188,310.48778784,2.9,2.6,0.16528535,0.23277211,0.30241418,0.37086058,0.43101382,0.48766804,0.5402138,0.5895581,4
0.62717175,11.10455036,22.02356339,2.59713483,2.69773722,1.01837206,2.97381282,4.468997,5.21689606,5.51667118,5.6742506,5.77363586,5.82773209,7
0.77712333,129.06184387,242.86378479,2.74848461,2.72790861,0.2248764,0.36967397,0.50080013,0.61745143,0.72073293,0.81397963,0.89814353,0.97441983,17
0.71028069,75.7953539,239.76004458,2.70214228,2.64255188,0.3264482,0.63364196,0.85238028,1.01740956,1.14559436,1.24874735,1.33237147,1.40343022,10
0.38612685,227.61450671,191.82103621,2.2,2.6,0.20325732,0.2867756,0.35852075,0.41915154,0.47232008,0.5209458,0.56454754,0.60407877,3
0.67745078,229.10243225,225.34848022,2.0,2.0,0.09225345,0.13637924,0.17453766,0.2083199,0.24352503,0.27692723,0.30785584,0.33771729,11
0.95777671,284.64473159,155.15270936,2.1,2.6,0.09167743,0.14872837,0.19276786,0.23127699,0.276232,0.3211174,0.36367917,0.4042821,2
0.51537001,262.64111328,0.02601745,2.2513237,2.20140982,0.19438863,0.32266927,0.44255781,0.54984665,0.64707875,0.73550034,0.81611061,0.89061713,15
0.8296453630827649,0.7521640029805718,4.279191024509761,2.152551235733065,2.038009665802214,1.1206812858581543,3.4612534046173096,5.501932144165039,6.717432975769043,7.254975318908691,7.517552375793457,7.684331893920898,7.789525985717773,6
0.30400852,72.13805127,109.19838697,2.66430398,2.39719907,0.64886212,1.75705385,2.48422909,2.71095371,2.75354481,2.77590036,2.79673243,2.81638288,0
0.7797853479301153,0.9851960445407536,0.0046442715869985,2.120143947570968,2.007370622808299,1.1303911209106443,3.493292093276977,5.566647529602051,6.813136100769043,7.357054710388184,7.61725902557373,7.788849830627441,7.901119232177734,5
0.8539253300190841,44.62057461775734,1.561898512986365,2.319975643149315,2.8968865426977795,0.5158720016479492,1.2394654750823977,1.7459821701049805,2.086104393005371,2.3384413719177246,2.539834976196289,2.7075233459472656,2.850677013397217,18
0.39701033,106.69434521,165.57226448,2.6,2.9,0.46337342,1.0864155,1.4746695,1.6328783,1.7176461,1.7820954,1.8378401,1.8858957,0
0.63043072,64.29270755,186.53213095,2.4,2.9,0.39827085,0.8612037,1.166852,1.346961,1.4666605,1.5598888,1.6366992,1.699861,10
0.96614945,113.2783432,149.2335968,2.12509012,2.67436028,0.18914413,0.33222413,0.47002959,0.59734178,0.7136066,0.82142019,0.92043233,1.01166081,17
0.45098625,278.44615642,185.43458842,2.5,2.1,0.15677667,0.22023582,0.28423524,0.34158444,0.39408088,0.4425826,0.48784685,0.5302634,3
0.7705746562194825,50.85351910654592,16.139062347554887,2.37603593,2.08510375,0.4350044727325439,0.9809415340423584,1.363086462020874,1.6235816478729248,1.819122552871704,1.9785864353179927,2.1100761890411377,2.221111536026001,19
0.38191277,279.48861694,218.98922729,2.90642452,2.67265797,0.2159934,0.29948258,0.37167954,0.43463635,0.49068999,0.54183173,0.58880997,0.6318965,3
0.32448104,185.00112882,341.62995347,2.7,2.2,0.23512793,0.33384848,0.38653922,0.43029618,0.4688232,0.50316167,0.53293586,0.56000805,4
0.9818846559043456,208.33811059329025,331.40654101211214,2.0,2.0,0.0664935111999511,0.0999891757965087,0.1276314258575439,0.1449007987976074,0.1681187152862548,0.189180850982666,0.2102813720703125,0.2311606407165527,11
0.43556236,107.9934128,288.58756872,2.6,2.9,0.34513307,0.65668654,0.8280113,0.9247134,0.9948733,1.0493174,1.0957131,1.133769,21
0.9396555455318693,263.5693745209731,369.2725542041335,2.93990827,2.25485444,0.123892068862915,0.1279942989349365,0.1483857631683349,0.1681485176086425,0.198333740234375,0.2171301841735839,0.2341234683990478,0.2551193237304687,11
0.6915933606611957,6.993815759147544,0.0044399050093297,2.0372113042385256,2.887351640573168,1.0370676517486572,3.1954827308654785,4.956607818603516,5.845834255218506,6.192619800567627,6.375037670135498,6.489780902862549,6.592106342315674,5
0.5614333135409332,9.239492745226215,1.0104258692870116,2.63231584839228,2.273669675896609,1.0505084991455078,3.103322029113769,4.690749168395996,5.483442783355713,5.838599681854248,6.077815532684326,6.253148555755615,6.377233028411865,5
0.3748588803178606,222.1839509781933,386.8310602839228,2.69600062,2.13065618,0.1327617168426513,0.1474888324737548,0.1633276939392089,0.1688692569732666,0.1759898662567138,0.184823989868164,0.1921465396881103,0.1982820034027099,11
0.95970279,284.69049367,0.42649485,2.9,2.7,0.1662128,0.25746322,0.34836817,0.45375443,0.5502436,0.6419213,0.73045254,0.81636834,15
0.70680755,100.68812571,266.63836557,2.3,2.0,0.19108725,0.30214405,0.39973807,0.48245263,0.55426645,0.6177244,0.673095,0.7231896,17
0.39513118,104.80837914,391.78780854,2.9,2.4,0.31275773,0.5576551,0.66744375,0.72801113,0.77254844,0.8104758,0.8420217,0.86924434,21
0.5746487,288.33222736,225.71635217,2.3,2.9,0.12833953,0.17311502,0.2183218,0.25641227,0.295712,0.33235407,0.36589837,0.39900064,3
0.97833688,95.11743881,166.69997115,2.3,2.5,0.19608808,0.33962727,0.47592878,0.5988085,0.7098322,0.8107631,0.90233254,0.98581696,17
0.97579913,96.49538823,167.9888206,2.7,2.5,0.22996783,0.40919495,0.5771351,0.7285328,0.86427,0.9875791,1.09869,1.2001975,17
0.3709451,107.10843615,209.86631053,2.5,2.5,0.41550875,0.9254503,1.2134862,1.3218052,1.3821356,1.4299893,1.4706993,1.5051923,21
0.36376619,149.945433,194.57142059,2.0,2.0,0.24571133,0.39414573,0.48467851,0.5549798,0.61173844,0.65787959,0.6994772,0.73403287,17
0.64961884,159.50887643,278.05267584,2.6,2.7,0.19997072,0.29973888,0.39216232,0.4727168,0.5449791,0.61024785,0.66957927,0.72395444,17
0.52108277,151.11443251,337.3342246,2.5,2.5,0.20469666,0.28533173,0.35100126,0.4063108,0.4554577,0.4995768,0.53864026,0.57478476,4
0.3103739984797874,8.817122300570723,27.5414451509511,2.11983705,2.42653418,1.068559646606445,3.405906915664673,5.746010780334473,7.34754467010498,7.898862838745117,7.91494083404541,7.915931701660156,7.9169769287109375,7
0.53048129,183.76944328,267.49337167,2.1,2.8,0.155617,0.20507717,0.25554967,0.2982483,0.3370731,0.3732214,0.40618372,0.43639827,4
0.43167045,298.97368205,160.25644969,2.42305255,2.41403834,0.16323709,0.22584534,0.29126453,0.34774303,0.39987493,0.44810772,0.49316549,0.53513861,2
0.3360799068451113,2.8430026892691447,23.118627463756827,2.9,2.1,1.1151480674743652,3.543391227722168,6.076364994049072,7.96980619430542,8.804708480834961,8.861948013305664,8.862743377685547,8.86346435546875,14
0.62120814,291.83630479,114.17209546,2.4,2.1,0.1238513,0.19258952,0.25803375,0.31783247,0.37678504,0.4322958,0.4851613,0.5351739,2
0.7258127081731699,1.9850976520199293,0.0384035077204678,2.259113208149212,2.025083201832837,1.1032662391662598,3.327491521835327,5.144083023071289,6.146514892578125,6.608901023864746,6.880322456359863,7.075052261352539,7.220126152038574,5
0.31886279,169.6202673,195.49443845,2.5,2.0,0.3147447,0.5934632,0.74787164,0.84123874,0.9111781,0.9699619,1.0177267,1.059067,21
0.34337312,297.43137826,205.09477372,2.8,2.7,0.22988033,0.32797456,0.40449238,0.47150183,0.5308256,0.5848868,0.63418794,0.6794553,17
0.9372690236001122,55.988039627757786,0.0213385904747215,2.941208217487107,2.683423775187994,0.4272208213806152,0.9342398643493652,1.3365931510925293,1.6494369506835938,1.898319721221924,2.103387355804444,2.277005672454834,2.427776336669922,18
0.5580706,218.00452156,336.39308531,2.54027298,2.89817153,0.17460585,0.23287416,0.29384303,0.35025764,0.39990568,0.44610286,0.4888916,0.52861834,4
0.98522645,64.40070814,214.68637298,2.0979421,2.47219868,0.22273755,0.39963698,0.55673671,0.69394922,0.81415439,0.91977859,1.0128932,1.09492707,17
0.99887269,30.53625017,234.56819849,2.40688925,2.18630188,0.30352116,0.59130025,0.80418229,0.96330976,1.08394456,1.17756367,1.25153494,1.31039381,10
0.56050754,167.8809967,386.90164185,2.8963275,2.2453382,0.14801598,0.17721081,0.20847273,0.22850823,0.25112867,0.27129555,0.28887582,0.30625749,11
0.9674899784643504,174.7078795378075,316.9514551176599,2.45469809,2.23449016,0.1042523384094238,0.1518836021423339,0.1941971778869629,0.2315011024475097,0.2689054012298584,0.306309700012207,0.3418645858764648,0.3751978874206543,4
0.73480642,182.30532837,362.97982788,2.1303823,2.02735949,0.08354402,0.11162257,0.13193583,0.14354849,0.16150951,0.17725921,0.19138288,0.20547533,11
0.36912106,164.44095017,24.54420611,2.1,2.1,0.36553764,0.75798917,0.9944351,1.1424229,1.2506108,1.3385057,1.4139504,1.4773376,9
0.7743020477453444,57.01244872959835,0.4492419720364305,2.688892865034293,2.6834241734670297,0.5070326328277588,1.2015671730041504,1.6929333209991455,2.018173933029175,2.2565906047821045,2.4474222660064697,2.606586217880249,2.742999792098999,18
0.33985397,67.2810829,86.70282875,2.6,2.1,0.664798,1.8623662,2.6484106,2.8889544,2.9332001,2.9597905,2.9847238,3.0088408,0
0.48789446,296.18363821,199.43071538,2.2,2.7,0.1347487,0.17996573,0.2265172,0.26497698,0.30168343,0.33854723,0.3727994,0.4047985,3
0.58049599,117.19324529,298.04694708,2.90194711,2.46435366,0.25075483,0.40184236,0.50645566,0.59384561,0.66706872,0.73062849,0.78508902,0.83414078,17
0.7686882,265.93353271,372.78726196,2.6043992,2.60328221,0.12396717,0.13964939,0.16148996,0.19201565,0.22439599,0.24899507,0.27179003,0.2950151,11
0.67928508,251.54041698,340.94378983,2.9,2.1,0.11096668,0.15489197,0.19445395,0.23235202,0.27011442,0.30557108,0.33877897,0.37052178,4
0.5392935434713264,8.62032256264291,0.5123305653539665,2.9390538576483967,2.366814942382376,1.094036102294922,3.285337448120117,5.071873664855957,6.016778945922852,6.411230087280273,6.667200088500977,6.884878158569336,7.048711776733398,5
0.99247741,188.17046583,96.94914589,2.6,2.3,0.14234495,0.24479222,0.34116912,0.43509746,0.52543235,0.61172247,0.6935842,0.77134275,16
0.80513489,75.55096436,162.67131042,2.28528714,2.6239028,0.30598783,0.59849453,0.83043599,1.01934552,1.17471695,1.30412149,1.41292953,1.507936,10
0.6204663667130296,67.83005702360997,0.8560900834626537,2.597677158292273,2.385482524775292,0.531792402267456,1.306666612625122,1.8129260540008545,2.1084535121917725,2.3122870922088623,2.471611738204956,2.6061689853668213,2.718498945236206,18
0.30407235,96.57711371,161.94463862,2.6,2.4,0.53170776,1.3701229,1.884567,2.0120327,2.0391781,2.0646203,2.087499,2.1084168,0
0.30126901,71.86562469,152.91504813,2.6,2.3,0.60495853,1.6441412,2.320566,2.4908273,2.502988,2.5144274,2.5254729,2.5361001,0
0.8272900782608699,35.94053379676471,1.9310517499273,2.8,2.5,0.576960563659668,1.4223484992980957,1.9974184036254885,2.354600429534912,2.6055688858032227,2.803072452545166,2.9654903411865234,3.1044249534606934,18
0.79952985,157.64860535,15.09472084,2.05427766,2.08430433,0.17131782,0.30698013,0.43473196,0.55209756,0.66094089,0.76077223,0.85393119,0.93956494,15
0.4135129490198653,3.9618162819002687,0.0113713384847439,2.3515326110024883,2.8244720516032817,1.235593318939209,4.1043701171875,7.327753067016602,9.88047695159912,11.266648292541504,11.444293022155762,11.45054531097412,11.455954551696776,12
0.6164385749418049,2.374212676347761,0.5248555011813996,2.590382319400229,2.224192987096292,1.1667861938476562,3.644000768661499,5.959711074829102,7.410268783569336,8.014130592346191,8.218925476074219,8.36622142791748,8.486614227294922,13
0.49020761,187.47721476,356.9077799,2.5,2.6,0.17599964,0.2213068,0.26481724,0.3013575,0.33616877,0.36715007,0.39562368,0.42227173,4
0.88637663,25.06129957,196.79431271,2.8,2.4,0.47193265,1.1256053,1.5648441,1.8102591,1.9624555,2.0678966,2.1497834,2.2167041,20
0.6818040720742558,0.971757263372474,0.0042537745327512,2.1295797052029672,2.9308940519723885,1.2336759567260742,4.103440284729004,7.271380424499512,9.631897926330566,10.859599113464355,11.083185195922852,11.09790325164795,11.108946800231934,12
0.3148981,94.64189911,59.88618851,2.49192047,2.81777644,0.68714523,1.94619608,2.83423138,3.16765356,3.25200081,3.2951479,3.33287811,3.36749887,23
0.99946797,252.64952087,393.49539185,2.01056671,2.00755644,0.05166912,0.07815433,0.09873104,0.10336804,0.1153543,0.12434959,0.13213468,0.14268517,11
0.93018436,31.95829087,140.91002424,2.1,2.7,0.36912632,0.78458166,1.0857289,1.2978537,1.4524214,1.57285,1.6698711,1.7531483,10
0.86433151,164.59024414,55.01050937,2.77406976,2.22406409,0.18210983,0.31415391,0.44360328,0.56349421,0.67428827,0.77803326,0.87378621,0.96362662,16
0.840887,91.294464,3.084243,2.5,2.0,0.27311659,0.53267241,0.75767612,0.95089674,1.11698031,1.26086116,1.38691592,1.49724627,8
0.63931902,106.59607234,157.12312702,2.23751345,2.36041832,0.27528524,0.50528336,0.68287277,0.82794881,0.9478159,1.04818201,1.13285685,1.20638084,10
0.59640029,134.2741673,332.2908032,2.6,2.9,0.22527051,0.33419275,0.4187324,0.4913969,0.55503607,0.6107862,0.6603794,0.70574427,17
0.6727329188989543,41.018914900987454,0.181808354359018,2.247762876828003,2.841602962543287,0.6629970073699951,1.8005821704864502,2.5243475437164307,2.891921281814575,3.114427328109741,3.280851125717163,3.416637659072876,3.529724836349488,22
0.88705259,42.75709247,131.73930531,2.8,2.5,0.42446208,0.9461243,1.3283951,1.5969563,1.796258,1.9519944,2.0780363,2.1846733,20
0.4067083810424306,31.47682715335485,29.24798023409795,2.8519719960939103,2.168797517982549,0.8321599960327148,2.363779306411743,3.432297945022583,3.902531862258911,4.111941337585449,4.23851203918457,4.311359405517578,4.363236427307129,23
0.4646591352525397,20.24470828306205,0.0237690931650932,2.5419450277697235,2.7483092025018614,1.0298731327056885,3.1417713165283203,4.892551898956299,5.7796735763549805,6.09560489654541,6.250383377075195,6.353964805603027,6.423377990722656,5
0.53520795,37.75278131,314.44429603,2.06472433,2.55376877,0.404814,0.91121507,1.18460488,1.24223685,1.25694036,1.27007008,1.28112769,1.29062891,21
0.48672988,153.87495959,49.26038214,2.8,2.9,0.41679096,0.9085028,1.2544026,1.4847984,1.654192,1.7936354,1.908246,2.0048103,19
0.99582516,90.24050934,370.65245898,2.2,2.2,0.12602186,0.17634106,0.22666144,0.26929235,0.30982804,0.34708953,0.38081217,0.411623,4
0.332920841551089,1.1196657160651229,0.0907895673110884,2.2671470421188014,2.823860298786624,1.269850730895996,4.317347526550293,8.003994941711426,11.45709991455078,13.755925178527832,13.813664436340332,13.818814277648926,13.823039054870604,12
0.83571192,36.44488943,224.28799784,2.39038266,2.80123046,0.41047907,0.91687179,1.26541734,1.48248172,1.62620234,1.73099685,1.81521916,1.88479686,20
0.3980668314012859,5.441562287018392,0.0143970948621259,2.445315277363876,2.029263965027804,1.127833366394043,3.549379825592041,5.918282985687256,7.538119792938232,8.220218658447266,8.333290100097656,8.349573135375977,8.377788543701172,12
0.8011131327033719,69.1481130277742,0.3173566034245196,2.053685648847877,2.806835742714534,0.4020476341247558,0.8858342170715332,1.2536497116088867,1.5331501960754397,1.7542483806610107,1.9367005825042725,2.0913004875183105,2.223971366882324,18
0.7433436223375128,105.86023065424332,0.0289323087683395,2.4694737384986003,2.6902939118487605,0.3629512786865234,0.7529699802398682,1.066711664199829,1.3217709064483645,1.530982255935669,1.7072553634643557,1.8589553833007808,1.9907112121582031,8
0.74535978,234.14385986,373.91073608,2.79219699,2.44887662,0.13099504,0.14679933,0.17382264,0.20223451,0.23318577,0.25787044,0.2804625,0.30390167,11
0.5202287416596569,0.8103448213882494,27.702487004746985,2.746738653996812,2.8379860130981776,1.215153455734253,4.009292602539063,7.169126510620117,9.782658576965332,11.335046768188477,11.492780685424805,11.493056297302246,11.493321418762209,14
0.91941385,220.74325894,249.57280964,2.2109219,2.88917786,0.12008238,0.19012713,0.25093865,0.31456017,0.37718344,0.43597364,0.4914608,0.54461861,4
0.83947945,30.65906067,174.74631587,2.52880592,2.66322935,0.46943641,1.1040504,1.53152657,1.77618027,1.93323183,2.04580879,2.13568735,2.20956898,20
0.8977582,156.122914,159.34899905,2.07555493,2.47593202,0.14745021,0.24696255,0.34315538,0.43329096,0.51785445,0.59702134,0.67078257,0.74072719,17
0.8205978256993949,6.56970087975851,0.0711178953160554,2.2947421334350646,2.929269192432976,0.9946553707122804,2.9512298107147217,4.402929306030273,5.125017166137695,5.476808547973633,5.702755928039551,5.870203018188477,6.000873565673828,5
0.90547501,278.74054102,143.0519106,2.61911984,2.04771571,0.09365439,0.15012646,0.19447303,0.23464346,0.28132629,0.32607651,0.36844277,0.40958428,2
0.9076557,80.50390208,85.18670305,2.3,2.1,0.24474096,0.4607272,0.65190434,0.81984425,0.9661236,1.0957825,1.208802,1.310518,10
0.59890211,281.53225708,24.49666977,2.16272354,2.08819222,0.13450551,0.21808052,0.29741478,0.37174034,0.44259334,0.50846219,0.5710218,0.62982988,2
0.75225401,292.23510742,255.06637573,2.89012098,2.40218854,0.13624263,0.15932965,0.19688821,0.2371347,0.28099847,0.31656766,0.35058165,0.38537359,4
0.73025586,272.33007374,90.35676702,2.6,2.5,0.15190935,0.24190855,0.3289299,0.41432905,0.49516296,0.5711596,0.64269257,0.7109182,16
0.71028457,188.3720246,9.05437166,2.2,2.4,0.1986587,0.34785318,0.4883368,0.6167698,0.73384213,0.8412826,0.93917227,1.0301533,15
0.65693535,290.20386682,88.15997257,2.9,2.4,0.16801143,0.26619244,0.36284542,0.45776272,0.5454607,0.62788653,0.7053788,0.7788236,16
0.55629098,163.51106262,52.19187927,2.43633294,2.49541402,0.30081725,0.57120347,0.78258467,0.95626736,1.10016847,1.2235713,1.32904458,1.4213717,9
0.79898983,288.06125004,9.03605682,2.6,2.2,0.13484216,0.22854877,0.3156073,0.40068865,0.4832282,0.56246185,0.6378262,0.7103224,15
0.5198165063406598,24.20088831645325,0.0518289675332725,2.262894328166188,2.6744528536454952,0.9160025119781494,2.710169553756714,4.027230262756348,4.634408950805664,4.874447822570801,5.006052017211914,5.095503807067871,5.173775672912598,5
0.71180558,169.68663429,302.51590031,2.0,2.0,0.09746647,0.13564658,0.16822505,0.1969881,0.22639132,0.25416636,0.2803738,0.30423975,11
0.86347567,143.94658315,173.42404357,2.6,2.7,0.19802642,0.32966304,0.45707917,0.57380056,0.6802778,0.77777076,0.86797595,0.95142984,17
0.416276030066463,3.951944717475648,0.1508445868649414,2.216542914572752,2.567149955062784,1.203918695449829,3.966371536254883,6.989147663116455,9.28939437866211,10.526334762573242,10.637823104858398,10.646865844726562,10.654670715332031,12
0.63768415,24.80892306,296.39682904,2.9,2.6,0.52088785,1.3378198,1.8803194,2.0510147,2.061189,2.0637405,2.0663188,2.0687048,1
0.73381768,132.20753518,150.56057165,2.11698831,2.29031018,0.19272518,0.32578564,0.44868946,0.55739546,0.65496731,0.74304295,0.82274771,0.89565635,17
0.97163094,264.04302393,36.9487681,2.6,2.5,0.1379416,0.22693849,0.3079567,0.39439392,0.47969723,0.55957556,0.636235,0.71046686,15
0.8564784710287003,1.9471596808360447,3.555892497955281,2.9433699916802403,2.398491503562995,1.137209415435791,3.3683290481567383,5.111525535583496,6.046219825744629,6.566954612731934,6.971308708190918,7.327029228210449,7.594217300415039,6
0.8338050314042625,241.1032803356635,0.0135932731414633,2.803450473840757,2.3637463363528624,0.1628129482269287,0.2751936912536621,0.3846561908721924,0.4909050464630127,0.5912387371063232,0.6869049072265625,0.7771484851837158,0.8634612560272217,15
0.31390285,69.23625183,191.29699707,2.09144735,2.30240893,0.49401164,1.23004603,1.62386036,1.67333198,1.68265486,1.69188786,1.70062995,1.70903325,0
0.97909772,290.47133098,357.16270124,2.8,2.2,0.09565735,0.12572336,0.15090346,0.17833638,0.21248388,0.24433899,0.27152944,0.29855227,11
0.3710043436900043,1.6202996973793258,64.63320186173068,2.573951992016892,2.9766678057955325,1.110529899597168,3.610548257827759,6.329531669616699,8.504021644592285,9.608332633972168,9.711264610290527,9.711291313171388,9.711302757263184,14
0.46909995,271.50422105,249.93073135,2.7,2.3,0.16072226,0.21751976,0.2771635,0.32945085,0.37811542,0.4228518,0.4643445,0.50381017,4
0.30444097,116.53784294,213.76435347,2.97942263,2.38875297,0.42485261,0.9411087,1.22218609,1.30256081,1.34250641,1.37812805,1.40867424,1.43489933,21
0.88080633,183.92750549,341.81503296,2.61445761,2.03398347,0.09100294,0.12617111,0.15125155,0.16981411,0.19452715,0.21694183,0.23688459,0.25619793,11
0.6301791232006116,18.74199668405972,0.1194924975498923,2.221975667621554,2.615770573939049,0.8797774314880371,2.536801815032959,3.674649238586426,4.202446937561035,4.448551177978516,4.600528240203857,4.713658332824707,4.80600118637085,22
0.3690190743803562,22.46617687078032,26.10230707686445,2.20975828,2.22886324,0.9158599376678468,2.723811149597168,4.108779430389404,4.708637714385986,4.866114616394043,4.93367338180542,4.968625545501709,4.995068073272705,23
0.37633102,272.13280946,353.23805882,2.5,2.3,0.13499045,0.15482068,0.1783526,0.1933608,0.21056819,0.22656584,0.24166226,0.25600624,11
0.71922769,183.80664546,252.27354688,2.2,2.7,0.14158463,0.20305538,0.2650454,0.31949115,0.37028956,0.4183147,0.46325564,0.5049093,4
0.58198017,298.29147339,367.74298096,2.23751807,2.98555684,0.11127687,0.14568663,0.17178655,0.20174289,0.23213148,0.25921941,0.28359628,0.3082037,11
0.31224074,257.79548251,30.59048723,2.5,2.3,0.33085918,0.6391473,0.83788013,0.9788401,1.0884075,1.1773608,1.2541327,1.3205781,9
0.4768170855747959,3.2034306175374616,11.558612206306105,2.590327735592919,2.575353118451991,1.195033073425293,3.8667733669281006,6.674736022949219,8.725068092346191,9.666702270507812,9.771920204162598,9.77645778656006,9.782257080078123,14
0.79460731,232.42450951,26.53234462,2.9,2.9,0.21153808,0.3528571,0.4959538,0.6324892,0.7575455,0.8755393,0.9859295,1.089648,15
0.33379059,260.18345903,295.7254981,2.2,2.0,0.12673569,0.14614463,0.16595078,0.18048692,0.19708681,0.21257734,0.22714591,0.24075866,11
0.8315350860327538,8.546605550361097,0.2178601537828865,2.9800554635197605,2.4216855492143967,0.9171638488769532,2.526949405670166,3.604442596435547,4.186062335968018,4.555532932281494,4.820532321929932,5.026443958282471,5.192362785339356,5
0.97346592,68.62713623,356.8744812,2.35092735,2.56655407,0.19295382,0.30169559,0.40225649,0.48797274,0.56315899,0.62999821,0.68923831,0.74258947,17
0.9020791671918372,2.976825963690169,0.2694600403240778,2.043603753608652,2.116566713895792,0.9758083820343018,2.702157974243164,3.831425189971924,4.399941921234131,4.739269733428955,4.972411632537842,5.148594379425049,5.276844501495361,5
0.97619794,246.16009192,266.29383016,2.6,2.0,0.08610344,0.1388495,0.18451262,0.22294998,0.26369286,0.30410957,0.34385753,0.38213038,4
0.32440433,203.56708306,41.83019498,2.4,2.4,0.382823,0.8081131,1.0680373,1.2155414,1.3212066,1.4078245,1.4824476,1.5452368,9
0.3186638950657258,1.673263046782942,0.1047015170895397,2.326553904156756,2.749130189815057,1.2676613330841064,4.290053844451904,7.902199745178223,11.229903221130373,13.351351737976074,13.385994911193848,13.393320083618164,13.39939308166504,12
0.570725893493616,6.139787543240249,2.5680118247569834,2.93376422,2.00713515,1.0587406158447266,3.1196560859680176,4.7272162437438965,5.5595479011535645,5.949364185333252,6.236749172210693,6.476712703704834,6.639652729034424,6
0.4882319414377407,46.1391569776812,8.55290256866115,2.92274088946686,2.8282990406406068,0.8194432258605957,2.377854347229004,3.5009841918945312,4.0481038093566895,4.297032356262207,4.445661544799805,4.547592639923096,4.63243579864502,22
0.5686839822488265,49.50459969437315,57.30717395874641,2.2499340121065323,2.735357704700265,0.6224186420440674,1.696235179901123,2.3778793811798096,2.6847760677337646,2.845694303512573,2.957703828811645,3.054847002029419,3.1351993083953857,23
0.7994600672093664,13.654039172685618,3.616711095183552,2.920669984650712,2.098675382242802,0.7675695419311523,2.003109931945801,2.7868990898132324,3.234792232513428,3.524977207183838,3.7332701683044434,3.8957462310791016,4.027326583862305,22
0.3134934205566704,27.45889218870468,161.68240940542816,2.0138554198423866,2.75775846137336,0.7218551635742188,2.1763358116149902,3.30946683883667,3.7445602416992174,3.7646484375,3.7648110389709473,3.764914035797119,3.765025138854981,23
0.3276884703716081,20.648470840510058,4.845939031718251,2.774525808388578,2.997206640455458,1.1309235095977783,3.586353778839112,6.004182815551758,7.585696220397949,8.152692794799805,8.237735748291016,8.274581909179688,8.303390502929688,14
0.7872223984301527,115.6853730489837,226.2422637359143,2.4972230035916,2.9096846732181847,0.2493655681610107,0.4361474514007568,0.6001627445220947,0.7438502311706543,0.8708043098449707,0.9836115837097168,1.0837876796722412,1.1728649139404297,17
0.8289861328294272,50.38180092943031,0.636714238169211,2.067541065435277,2.1020777545115874,0.398353099822998,0.8650565147399902,1.2067859172821045,1.4582860469818115,1.6545732021331787,1.816335678100586,1.9515631198883057,2.0665977001190186,8
0.8932734114357497,9.088563087528202,2.95100232563174,2.5675873579743262,2.709527817126996,0.8756473064422607,2.4411275386810303,3.488027811050415,4.0381622314453125,4.367241859436035,4.597502708435059,4.779568672180176,4.919900894165039,22
0.3570771336502025,7.781723727441732,1.203715971581029,2.9666156843834424,2.111422849991424,1.1324682235717771,3.5465054512023926,5.906397819519043,7.460660934448242,8.120195388793945,8.216841697692871,8.278395652770996,8.356734275817871,13
0.52639657145589,20.673747732373585,4.729789393995429,2.90535241673431,2.634330153468937,0.97519850730896,2.877970695495605,4.328969478607178,5.041134357452393,5.362576961517334,5.567258358001709,5.699087619781494,5.809406757354736,6
0.3684080800936159,79.17506362338857,23.087125493360944,2.414693255717184,2.8717237922497896,0.7196102142333984,2.097652196884156,3.064911127090454,3.468779325485229,3.616167306900024,3.696069478988648,3.759753942489624,3.8142030239105225,23
0.5314752373786297,52.78206468806032,1.791606193100966,2.091434640651628,2.5569101755285866,0.6662282943725586,1.8185029029846191,2.523395776748657,2.840517282485962,3.0100367069244385,3.136125326156616,3.2342231273651123,3.325679540634156,22
0.3489034885886973,65.3412664419515,14.550984205235626,2.816087949908097,2.631849372980511,0.8052735328674316,2.350700616836548,3.482187032699585,3.9981186389923096,4.199122428894043,4.297379493713379,4.361515045166016,4.411565780639648,22
0.7003207022535067,106.94795226840222,2.00963207670758,2.593512006313941,2.093515624174136,0.3126959800720215,0.6289732456207275,0.8852977752685547,1.0944223403930664,1.2673704624176023,1.4147250652313232,1.5410969257354736,1.652883768081665,8
0.7520627419641726,9.182052160889665,2.7292453455232484,2.7665567484776643,2.12271436023024,0.9051532745361328,2.471893787384033,3.4977283477783203,4.040435314178467,4.370855331420898,4.61102294921875,4.79362154006958,4.924587249755859,22
0.8495505487424018,6.003932131501983,151.57647513375795,2.9143557875621,2.742506314514446,0.7601132392883301,2.1891493797302246,3.2210044860839844,3.698458194732666,3.8896002769470215,3.953822135925293,3.97296142578125,3.9834413528442383,23
0.7198822620052664,83.76367502450925,4.741814549730606,2.678494558248225,2.815571446933854,0.4564883708953857,1.0382275581359863,1.467632293701172,1.7729058265686035,2.005534648895264,2.194109916687012,2.351747512817383,2.4866743087768555,18
0.7270193729896949,185.42094788964965,21.003114123737102,2.818326125268248,2.5107559875522587,0.2396941184997558,0.4260814189910888,0.6005010604858398,0.7578732967376709,0.8997116088867188,1.0292408466339111,1.1466381549835205,1.2540876865386963,15
0.3196769877603428,167.95972486678895,0.6936780867114878,2.0636841818599123,2.949520273985692,0.5249760150909424,1.414994239807129,1.9845125675201416,2.218228578567505,2.3375375270843506,2.4298665523529053,2.5095736980438232,2.580989122390747,18
0.4847131122290465,13.547745696454044,83.73623372748797,2.6471231922613727,2.501407697816715,0.8813233375549316,2.633134365081787,4.025696277618408,4.657567024230957,4.851508140563965,4.919737339019775,4.941617012023926,4.952349185943604,23
0.6047391590745952,6.028013694000206,5.431744397427216,2.0932569456061425,2.169008412990612,1.029773235321045,3.062942743301392,4.629789352416992,5.3965559005737305,5.7046403884887695,5.863428115844727,5.982846260070801,6.056620597839356,6
0.3368541130711415,59.40112050321313,4.1524980651871655,2.9602156652572784,2.562763936409313,0.8554577827453613,2.51309871673584,3.750520706176758,4.323464870452881,4.562159538269043,4.676208019256592,4.753218650817871,4.811710834503174,22
0.480696832426302,56.96536097109292,27.564041451628203,2.502481328596707,2.910576274730229,0.7256042957305908,2.0876998901367188,3.032357692718506,3.4554171562194824,3.641353130340576,3.7518720626831055,3.835424423217773,3.91400146484375,23
0.5981938331337274,28.4023832879671,23.22883515510859,2.131571761786712,2.973389668133445,0.7906010150909424,2.3319246768951416,3.410423994064331,3.895569086074829,4.097709655761719,4.219966888427734,4.305061340332031,4.379862785339356,23
0.6722076540100816,15.091276834575137,1.2521641464341575,2.042002194167237,2.06914714953877,0.8152406215667725,2.207359313964844,3.060742855072021,3.45445203781128,3.6699061393737793,3.8167710304260254,3.9240126609802246,4.0109052658081055,22
0.9445244985868196,67.36943547749091,4.5565182451764095,2.8709485479004253,2.8229910743159308,0.3963370323181152,0.8350062370300293,1.198512315750122,1.4977271556854248,1.7436792850494385,1.9507296085357664,2.1272051334381104,2.280822992324829,8
0.3980435255738196,145.6607883514647,110.36396877000506,2.803817174055218,2.222764278889706,0.3574912548065185,0.7421646118164062,0.986769676208496,1.136946678161621,1.2467365264892578,1.3353271484375,1.4107751846313477,1.4751663208007812,10
0.429156429095159,68.18314462728478,4.112543567266785,2.461385673545002,2.5508380493807845,0.7012019157409668,1.960043907165528,2.776000022888184,3.12666654586792,3.296085834503174,3.402477264404297,3.4873528480529785,3.565703868865967,22
0.7156197432543518,176.83838510256473,38.83924808828937,2.379438584154152,2.41394394517028,0.2171962261199951,0.3823220729827881,0.5376503467559814,0.6774857044219971,0.8040518760681152,0.9194684028625488,1.024589776992798,1.1210265159606934,15
0.7519340584992015,15.544442964316133,1.0605094851630597,2.80034892674852,2.4722026126160586,0.8415546417236328,2.3144760131835938,3.2855653762817383,3.797429084777832,4.093918323516846,4.305518627166748,4.4715495109558105,4.597805500030518,22
0.9286451857688274,142.42959653396673,22.224072423311444,2.323958551355392,2.076615459945082,0.1743004322052002,0.3104081153869629,0.4413108825683594,0.5646371841430664,0.6796059608459473,0.7863824367523193,0.8861289024353027,0.9781041145324708,15
0.4367684982040773,158.1282993937201,25.130248683816383,2.260015258438186,2.853186440692384,0.4305915832519531,1.0066380500793457,1.390298843383789,1.620680332183838,1.7834246158599854,1.913740873336792,2.023592710494995,2.1130640506744385,19
0.505188667951333,57.23816110098005,0.7402117503238042,2.1857893563786264,2.895682067924393,0.7105333805084229,2.037095069885254,2.9153432846069336,3.302335262298584,3.488341808319092,3.605199813842773,3.70664119720459,3.794044971466065,22
0.3802801863445896,17.922877556769368,37.43530179028754,2.726941547416752,2.81269813235585,1.0335664749145508,3.217299222946167,5.203852653503418,6.362471580505371,6.704737663269043,6.771967887878418,6.818192481994629,6.8419952392578125,7
0.5643951861775919,113.36964216015473,9.275438707047488,2.645099684067848,2.109974448112402,0.3698129653930664,0.7909276485443115,1.0943570137023926,1.3109159469604492,1.476285457611084,1.613393783569336,1.727625846862793,1.828941822052002,9
0.3994987570265757,9.121978404719162,183.3009797842429,2.324543436035752,2.6580914470059227,0.76045823097229,2.2805209159851074,3.4983906745910645,3.998905658721924,4.046883583068848,4.047426223754883,4.047623634338379,4.047584056854248,23
0.5628381291922078,61.39457011849386,8.756799013851975,2.853377337382579,2.2566753786619547,0.5853185653686523,1.4997122287750244,2.080275774002075,2.3879330158233643,2.5811307430267334,2.7333977222442627,2.8524630069732666,2.9615752696990967,18
0.9128097063605056,6.760491481553183,56.66128738913962,2.384561863594809,2.394953541824484,0.790071964263916,2.1698648929595947,3.059436082839966,3.5021774768829346,3.740756750106812,3.896284341812134,3.997074842453003,4.081449508666992,23
0.94288815840448,154.19416487168746,2.802423406913267,2.2348050612984247,2.3014614415228705,0.1733345985412597,0.3109719753265381,0.4435756206512451,0.5694825649261475,0.6876428127288818,0.7993278503417969,0.9032182693481444,1.0010724067687988,15
0.4992756625483189,14.20913735977392,2.71049117190028,2.6128090467897795,2.842591598235971,1.0786986351013184,3.3268282413482666,5.262531280517578,6.296903610229492,6.685940742492676,6.852874755859375,6.978402137756348,7.068178176879883,6
0.5809114951119694,133.96391441054388,0.7810965966856808,2.554416553294108,2.286691174832734,0.3466339111328125,0.7130758762359619,0.9912736415863036,1.2053308486938477,1.3776302337646484,1.5200772285461426,1.6420040130615234,1.747059345245361,8
0.6041820762924646,19.53792673691735,72.74799644308706,2.22906866855487,2.942031690267643,0.8034615516662598,2.409235954284668,3.60006046295166,4.140722274780273,4.318353176116943,4.394753932952881,4.44413948059082,4.48455810546875,23
0.34451557309925,75.46728271654017,1.494187844790819,2.595646958366643,2.5011276920793093,0.7599048614501953,2.180815458297729,3.1631171703338623,3.5856645107269287,3.756916761398315,3.8459560871124254,3.908935308456421,3.9696199893951416,22
0.6967530540512217,32.09092799681655,2.2523710308707847,2.160825536850893,2.8892225263771114,0.7014775276184082,1.953141927719116,2.7534682750701904,3.148265600204468,3.3744027614593506,3.5382416248321533,3.670942068099976,3.7800614833831774,22
0.6168587434732887,19.76046941474264,33.9931646348539,2.900117797837665,2.3733172237260662,0.8253269195556641,2.325007915496826,3.342092990875244,3.8417134284973145,4.100216865539551,4.263253211975098,4.367295742034912,4.45713996887207,23
0.4967533561085973,36.68828753862832,204.3765498040195,2.3891245546762554,2.244898708271596,0.5089402198791504,1.303490161895752,1.767899751663208,1.89206337928772,1.9231889247894287,1.9466636180877688,1.9673306941986084,1.985731840133667,1
0.5921358201117666,51.15922210001166,1.868117571228424,2.0844629382026,2.1659870291301173,0.5715537071228027,1.4354650974273682,1.939397573471069,2.200056791305542,2.371545553207397,2.5056607723236084,2.615558862686157,2.7128689289093018,18
0.4891020959148981,33.60580208338775,53.53881689711495,2.317905130249674,2.5641633113469564,0.7696051597595215,2.2269411087036133,3.2329111099243164,3.659735202789306,3.816626071929932,3.896670341491699,3.953622817993164,4.000165939331055,23
0.7974039946233975,106.6921745929074,0.92619702046022,2.4365385426541977,2.8850908941581386,0.3475399017333984,0.7075865268707275,1.0081157684326172,1.2606863975524902,1.4728903770446775,1.6543383598327637,1.810931205749512,1.9488701820373533,8
0.3255313235327878,130.19594274245742,15.404017417970923,2.3183053136561105,2.0696234153461406,0.4963078498840332,1.23193359375,1.6472268104553225,1.8156943321228027,1.9177899360656736,2.003720760345459,2.0762152671813965,2.1381216049194336,19
0.8782414811457884,139.20209518594427,114.70619204372127,2.369074914380288,2.595915797843116,0.200047492980957,0.3477616310119629,0.4908983707427978,0.6224238872528076,0.7429301738739014,0.8541901111602783,0.9571220874786376,1.0515806674957275,16
0.7797459615721718,39.57866295764724,5.196005740095197,2.155761639307722,2.589122201617021,0.5533308982849121,1.3699851036071775,1.897301435470581,2.2142703533172607,2.4386913776397705,2.6140072345733643,2.758150815963745,2.8848230838775635,18
0.9940075716871904,87.39100165577472,8.02548170223989,2.1889712998416493,2.1507226039959124,0.2309920787811279,0.4375355243682861,0.6298844814300537,0.8039259910583496,0.9593713283538818,1.0993897914886477,1.2256455421447754,1.3391637802124023,9
0.9930384327019832,7.36838614153829,6.501912923288792,2.208105677424059,2.135899716240005,0.7505447864532471,1.921667098999024,2.64042329788208,3.0453081130981445,3.306056022644043,3.503703117370605,3.660302639007568,3.7893929481506334,22
0.3722949363982518,6.688113775061467,119.99684862479026,2.461014627460921,2.3720517856319807,0.8633894920349121,2.614938735961914,4.099971771240234,4.80402946472168,4.90001106262207,4.912130832672119,4.912546157836914,4.912740707397461,23
0.4894353001526581,6.172922780265034,1.5462635484067389,2.743202792826782,2.850153770672625,1.207380771636963,3.862311124801636,6.5305376052856445,8.306085586547852,9.04039478302002,9.212388038635254,9.287479400634766,9.368117332458496,13
0.9216758022744278,65.62191458889185,1.274483017649808,2.1264707524948863,2.913680638697876,0.3681321144104004,0.7775039672851562,1.1155781745910645,1.392601490020752,1.6222074031829834,1.8158795833587649,1.981870412826538,2.126232385635376,8
0.413840633779894,66.63095696075582,52.52970464033769,2.1748542428504747,2.880029578742275,0.6779065132141113,1.9721195697784424,2.857067346572876,3.211817502975464,3.335844278335572,3.407086133956909,3.466450929641724,3.518404722213745,23
0.4226600704776158,9.060364888571828,4.273024464427293,2.613700358035735,2.5886993208089013,1.1502211093902588,3.6426212787628174,6.052664756774902,7.598652839660644,8.191580772399902,8.297279357910156,8.346144676208496,8.397086143493652,14
0.5860244616700014,18.92565862540064,192.59738572136845,2.4224170584421283,2.5420169365769247,0.6218006610870361,1.7284033298492432,2.4563238620758057,2.694502115249634,2.7314302921295166,2.7399442195892334,2.748743772506714,2.7569754123687744,0
0.4863643482286006,88.937674682981,1.9442996174315093,2.6299893482788104,2.78344053464647,0.6090421676635742,1.630713939666748,2.300687789916992,2.6262998580932617,2.8123269081115723,2.9533934593200684,3.066170215606689,3.1683082580566406,18
0.954877141583354,46.8338997621681,20.42434571795101,2.425213672075135,2.447223130597596,0.4001145362854004,0.8640024662017822,1.2279443740844729,1.510606050491333,1.7350666522979736,1.9208872318267824,2.0782558917999268,2.2142655849456787,9
0.3916470693168397,28.481429053797715,3.022674603057003,2.410141980646617,2.6320190344820533,0.9808104038238524,2.97969651222229,4.610041618347168,5.398415565490723,5.650264739990234,5.761543273925781,5.831979751586914,5.88014030456543,6
0.933222370844634,30.26540984064123,16.04873417235549,2.712379957457246,2.953072119113322,0.5812442302703857,1.4411165714263916,2.0435678958892822,2.43100905418396,2.7070319652557373,2.924969434738159,3.1058290004730225,3.260449171066284,19
0.5706063296193281,113.51481175824848,67.73222588907139,2.5397854532348494,2.6591554523382976,0.4023313522338867,0.8842325210571289,1.2255115509033203,1.459049940109253,1.634018898010254,1.7771663665771484,1.893350601196289,1.994645118713379,20
0.6739268037711379,12.704282026607046,113.64227207456317,2.756249735001103,2.556254763743861,0.7601578235626221,2.1729445457458496,3.1592659950256348,3.6034493446350098,3.777678966522217,3.849811553955078,3.890073299407959,3.920385837554932,23
0.9503128696220003,91.77686697771674,0.7038330596202861,2.841599977401206,2.4340406973364024,0.2963292598724365,0.5796291828155518,0.833601713180542,1.056980848312378,1.2520177364349363,1.4237873554229736,1.5751526355743408,1.709336519241333,8
0.8080950520486041,130.7847268885398,3.601671421083797,2.801188924658076,2.988159969881909,0.3214111328125,0.6225149631500244,0.8881368637084961,1.1208343505859375,1.3236370086669922,1.5021123886108398,1.659374713897705,1.7986931800842283,8
0.5054646393232729,28.686185188957555,42.912833278571576,2.176736143152496,2.72836442042878,0.8093223571777344,2.3975255489349365,3.5379998683929443,4.028700828552246,4.19188117980957,4.272368431091309,4.32696533203125,4.3730058670043945,23
0.8141931687119877,204.1098037933851,52.85247990463078,2.868443099598516,2.150393300033601,0.1619830131530761,0.2701082229614258,0.3766250610351562,0.4770348072052002,0.5715563297271729,0.661142110824585,0.745631217956543,0.8247458934783936,16
0.9191647932353544,15.788275737921948,3.2568595949460186,2.2094372186870124,2.4921153747476823,0.6751923561096191,1.7360832691192627,2.3966827392578125,2.772329807281494,3.0213637351989746,3.212064266204834,3.3703203201293945,3.505035400390625,18
0.8134872109461762,34.73543456833739,1.3232754313982655,2.5702725278729326,2.846052284609961,0.6209330558776855,1.5961487293243408,2.2438948154449463,2.6242854595184326,2.8836095333099365,3.083500623703003,3.249094247817993,3.391315698623657,18
0.4455125489377768,16.893283461720536,176.07196576123005,2.60251176368776,2.699772267817282,0.7416152954101562,2.1921489238739014,3.305633306503296,3.776839017868042,3.856218099594116,3.857467412948608,3.857525587081909,3.857708215713501,23
0.3478522163214071,72.36546320081018,14.762632803955404,2.223057778417993,2.796919989122568,0.7561666965484619,2.2328691482543945,3.2854132652282715,3.723931789398194,3.861459255218506,3.932074546813965,3.9859795570373535,4.033634662628174,22
0.6954354892310539,32.70060959439966,0.8112118610860722,2.440458025654636,2.0010322566894208,0.6066343784332275,1.5204856395721436,2.077244281768799,2.388052463531494,2.592247009277344,2.749200820922852,2.8773980140686035,2.988286018371582,18
0.4552438624554255,14.078132394909852,44.45002739877645,2.026848052976144,2.392776763876772,0.9149179458618164,2.7661004066467285,4.2419114112854,4.896804332733154,5.045632362365723,5.09177827835083,5.112799644470215,5.12836217880249,23
0.7176582594872547,6.494295401602182,101.83717405596096,2.9194419566733663,2.521842598799744,0.8527677059173584,2.4946298599243164,3.72334098815918,4.295041561126709,4.531064987182617,4.627240180969238,4.663764476776123,4.680622100830078,23
0.569472975382673,17.60814825212472,3.8881470553536728,2.1588146508203025,2.0231379837293253,0.8473412990570068,2.337689161300659,3.28332257270813,3.71194052696228,3.923255205154419,4.060447692871094,4.14785099029541,4.23143482208252,22
0.4203115396555019,115.14272689524988,157.33374775743468,2.665262165104901,2.5455184727330376,0.4156672954559326,0.9427127838134766,1.2720727920532229,1.4375624656677246,1.5437746047973633,1.628706932067871,1.6986775398254397,1.7579607963562012,20
0.3779432869666007,19.369007423259543,226.8898127360364,2.3091885783712893,2.2117079849865253,0.5790464878082275,1.5834922790527344,2.197941780090332,2.300107479095459,2.2996268272399902,2.299882411956787,2.300522804260254,2.3007612228393555,1
0.3098349578891471,121.97701492990234,84.96036842265022,2.424124347347676,2.6102977460930754,0.5413665771484375,1.434196710586548,1.9948265552520752,2.186195611953736,2.2644121646881104,2.3259313106536865,2.3789875507354736,2.426011800765991,0
0.726474717419594,13.388303063836943,8.516421140435943,2.919064116290621,2.022155467915518,0.8051900863647461,2.1392135620117188,2.9859414100646973,3.4496288299560547,3.743122100830078,3.947820663452149,4.096965789794922,4.223296165466309,22
0.7054197968046396,138.58137346125378,152.83807485741443,2.4727808418609287,2.4330982335506137,0.2313082218170166,0.4004418849945068,0.5517137050628662,0.6834979057312012,0.799907922744751,0.9046385288238524,0.997922658920288,1.0818374156951904,17
0.6001789505430233,12.18751503566363,9.118247682579485,2.28369510796748,2.12765425514428,0.9208927154541016,2.6114509105682373,3.76660418510437,4.29456901550293,4.550680160522461,4.701376914978027,4.816274642944336,4.892499923706055,22
0.8048135814865498,60.687008127106175,2.7631807819892416,2.8550812705555293,2.339565677148241,0.4350903034210205,0.9744055271148682,1.3789823055267334,1.6727259159088137,1.8981273174285889,2.081078290939331,2.2342541217803955,2.36777663230896,18
0.8363334065963606,198.8713562118,252.05528476764263,2.322675798400671,2.931116334805356,0.1488852500915527,0.2290334701538086,0.305858850479126,0.3845562934875488,0.4570245742797851,0.5249176025390625,0.5893285274505615,0.6499245166778564,4
0.3931466367425883,186.4941718444933,3.6623682154029593,2.732427040101479,2.9479888931743394,0.4697785377502441,1.1228065490722656,1.5707862377166748,1.82637906074524,1.999475717544556,2.135420083999634,2.250293016433716,2.348555326461792,18
0.8433211886905787,18.986043730595405,219.1797688359129,2.992018814604355,2.0425049430464624,0.4130516052246094,0.9405970573425292,1.267824649810791,1.4224214553833008,1.5045514106750488,1.5615744590759275,1.604851245880127,1.638979434967041,1
0.4657896661031701,59.31075712584601,149.09446768508678,2.42007492689604,2.633107676971606,0.5542144775390625,1.4806551933288574,2.0722734928131104,2.287315607070923,2.371816873550415,2.4318273067474365,2.482989549636841,2.5280606746673584,0
0.4211802642493901,72.71831312287667,19.569646987979183,2.374521291631364,2.379082882712965,0.6475679874420166,1.7683064937591553,2.464611291885376,2.757699728012085,2.8997275829315186,2.99712347984314,3.0770294666290283,3.1507837772369385,23
0.7993925214920758,8.029230614643387,9.037277704528208,2.1999992776355746,2.770106162848928,0.9377937316894532,2.743739604949951,4.031981468200684,4.6451921463012695,4.946125984191895,5.130572319030762,5.273614883422852,5.3788251876831055,6
0.5589153828299633,45.67317072864804,2.28673074812819,2.437848036260857,2.057811811161513,0.6355838775634766,1.6506915092468262,2.256948471069336,2.56026554107666,2.74141263961792,2.879509449005127,2.987260341644287,3.083686351776123,18
0.5611998942517934,19.350517965101663,12.609428865625938,2.6757518283215656,2.871063936517454,0.9588325023651124,2.8650708198547363,4.336365222930908,5.060161113739014,5.368185520172119,5.540064334869385,5.6504645347595215,5.739473819732666,6
0.6242773129384183,43.497836596893066,3.283105360912415,2.7459005154926186,2.488307134350125,0.6677725315093994,1.7758467197418213,2.482774019241333,2.851990938186645,3.075061082839966,3.2366459369659424,3.3679044246673584,3.4821207523345947,22
0.5401322711359792,24.316110785790183,65.96709205630088,2.07234215671544,2.446275141318623,0.7518007755279541,2.1542723178863525,3.086204767227173,3.450891733169556,3.582631826400757,3.646043062210083,3.693547964096069,3.7333366870880127,23
0.9199417124931346,29.80036012195114,183.46075114194304,2.5964666907814378,2.49648746062795,0.4177861213684082,0.939995050430298,1.309125900268555,1.551384687423706,1.7216756343841553,1.8500654697418213,1.953840494155884,2.0393974781036377,20
0.8818835120483943,56.93312371172249,23.10522914341356,2.591799081162065,2.79760006712043,0.4355766773223877,0.9663615226745604,1.3732311725616455,1.6792290210723877,1.91847825050354,2.113630533218384,2.2779691219329834,2.4199159145355225,19
0.6364611263949878,100.96534447830273,21.3373595811722,2.305676190652751,2.4853094433189176,0.3869931697845459,0.8352985382080078,1.1628179550170898,1.4010977745056152,1.586078643798828,1.7369353771209717,1.8649299144744875,1.9751813411712649,9
0.7498422603914655,116.55178741872749,6.830209017029261,2.245020427769306,2.614455837126698,0.3095912933349609,0.6130661964416504,0.8688757419586182,1.0854523181915283,1.269428253173828,1.427966594696045,1.5654873847961426,1.6874771118164062,9
0.868643131817229,52.87262309823381,12.648084097922618,2.6124033081923828,2.829560074207958,0.4734766483306885,1.0841329097747805,1.5389115810394287,1.8686773777008057,2.119173288345337,2.322152853012085,2.4923746585845947,2.6384966373443604,18
0.8792980161233488,107.77716641401716,6.601300013713754,2.894850079938528,2.6868065316514493,0.3157932758331299,0.6174445152282715,0.8838629722595215,1.1170191764831543,1.319662094116211,1.4975371360778809,1.6538681983947754,1.7921628952026367,9
0.7516348320693647,57.98484137581581,15.656600276187993,2.4313714871010603,2.7712608894018214,0.5027792453765869,1.203474998474121,1.6888277530670166,2.0051491260528564,2.2348086833953857,2.416619062423706,2.5685746669769287,2.6989738941192627,19
0.884204808827602,17.34623594688061,33.64229148432825,2.271074026480809,2.495326879051829,0.6484241485595703,1.6777012348175049,2.320055723190308,2.674857378005981,2.9030745029449463,3.074814558029175,3.209129571914673,3.329246282577514,19
0.5591542166839908,18.78489581933073,14.977492451600405,2.9455777149387354,2.430302119269235,0.9154531955718994,2.629434108734131,3.847917079925537,4.437319278717041,4.738846778869629,4.925663948059082,5.06538200378418,5.161196708679199,6
0.7193347558871492,160.4254037343125,7.674342350672378,2.438153320757929,2.9750627582167253,0.2930033206939697,0.5568556785583496,0.7897725105285645,0.9942314624786376,1.1735398769378662,1.3320810794830322,1.4724595546722412,1.598249435424805,9
0.5646381146845085,35.03063627211013,3.1493241142275528,2.041137386840391,2.2096162026627053,0.7060682773590088,1.8997268676757808,2.611261367797852,2.930062770843506,3.099251747131348,3.2210240364074707,3.314136981964112,3.399620056152344,22
0.606975496666029,11.755943256653966,60.62433626950339,2.0475853526134817,2.0807537369316047,0.7901129722595215,2.217245101928711,3.141115665435791,3.499812602996826,3.637438774108887,3.6937880516052246,3.727914333343506,3.756366729736328,23
0.7347412816708829,6.345126753871863,46.73947097541038,2.344708623000236,2.2842248764828628,0.8937296867370605,2.5684237480163574,3.734009742736816,4.2654900550842285,4.5005784034729,4.633339881896973,4.699769496917725,4.746053218841553,23
0.9906972513259862,189.5515431054783,0.8062141454313254,2.248841125833762,2.383984133591005,0.1518805027008056,0.2682125568389892,0.378706693649292,0.4865326881408691,0.5898928642272949,0.6891896724700928,0.7833230495452881,0.8730738162994385,15
0.6381095434115975,53.534645284784986,68.95873237056469,2.150373118783085,2.7164122576533973,0.5315220355987549,1.35809063911438,1.8805997371673584,2.153795003890991,2.329192876815796,2.458970785140991,2.57007384300232,2.663148641586304,20
0.4192125046490148,10.406352385164556,38.64584492784015,2.19923882389966,2.60001777230866,1.0177843570709229,3.1857223510742188,5.152904510498047,6.293931484222412,6.603487491607666,6.630405902862549,6.642898082733154,6.649302005767822,7
0.4396909182542518,45.26636869972965,4.0106388738005565,2.3430919605969542,2.364590111325887,0.7799336910247803,2.2008190155029297,3.136138916015625,3.543666362762451,3.716392517089844,3.8273653984069824,3.90810775756836,3.974652767181397,22
0.6604271821799164,95.66547921623214,0.6236231036169005,2.9276048587161,2.233218226319061,0.3890941143035888,0.84433913230896,1.1858320236206057,1.4373178482055664,1.632370948791504,1.7913641929626465,1.927802562713623,2.0447726249694824,8
0.9835453062346308,205.514471689226,4.966029426346628,2.480160567343191,2.4910716100891683,0.1553277969360351,0.2708597183227539,0.3796768188476562,0.4872939586639404,0.5913078784942627,0.6903903484344482,0.7851147651672363,0.8750193119049072,15
0.6831667687421207,142.98634697890674,126.55126232226792,2.622324024388321,2.2097995597802984,0.2226128578186035,0.3842449188232422,0.5285470485687256,0.6545717716217041,0.7658059597015381,0.8654351234436035,0.9546988010406494,1.034569501876831,16
0.4547387142734633,107.61021331816934,4.064462607023883,2.0046483249386404,2.9617258818727352,0.5398976802825928,1.4460160732269287,2.019181251525879,2.290806770324707,2.454752922058105,2.579066753387451,2.6845040321350098,2.7761459350585938,18
0.3350037354536138,56.24604070410669,23.57250813684561,2.402612894869795,2.1330935460685376,0.7453675270080566,2.087987184524536,2.968147039413452,3.316587209701538,3.4479572772979736,3.518460512161255,3.5705063343048096,3.6159398555755615,23
0.6033696732790399,174.3897518836041,1.1654529733573955,2.1519632333451755,2.905235853918019,0.3010454177856445,0.5905418395996094,0.8311543464660645,1.03468656539917,1.2077507972717283,1.35768723487854,1.4884028434753418,1.6038661003112793,8
0.9058207428350232,13.428726073372395,82.83698768750031,2.384760639334176,2.88889820484856,0.6870510578155518,1.888671636581421,2.681816339492798,3.085089921951294,3.311662435531616,3.464827299118042,3.581641435623169,3.680257558822632,23
0.5020627634985586,11.541688477408574,4.662127426613223,2.465299209971519,2.341666040410085,1.0414490699768066,3.1239242553710938,4.788131237030029,5.621517658233643,5.935672283172607,6.0979533195495605,6.219686031341553,6.295701503753662,6
0.5416635130218505,140.13574195288845,2.7419378995065053,2.245966562507248,2.7978085925356657,0.3999793529510498,0.8846449851989746,1.2310905456542969,1.4755303859710691,1.6619246006011963,1.815882921218872,1.9441564083099363,2.054837942123413,18
0.6525161986115711,6.194643235345735,140.287761013992,2.626011776931433,2.030269453804162,0.7024035453796387,1.955832481384277,2.773221492767334,3.073869705200196,3.156503200531006,3.163661003112793,3.1656856536865234,3.168071746826172,0
0.4375780569408358,115.03195698824236,77.72237281565081,2.087399447976808,2.570899395624465,0.4453105926513672,1.069316864013672,1.455071210861206,1.650639533996582,1.7787654399871826,1.876772403717041,1.9626424312591555,2.035176992416382,20
0.7066316768700884,185.6144375802132,215.0086030401105,2.719248160055282,2.950513931679972,0.2160718441009521,0.342336893081665,0.4658968448638916,0.5781288146972656,0.6790909767150879,0.7729284763336182,0.859358549118042,0.9391429424285888,17
0.4346906076553971,9.363828634705408,28.629937977478946,2.270156365038785,2.578851075277237,1.0537452697753906,3.301753759384156,5.383175849914551,6.619866371154785,7.002120018005371,7.036469459533691,7.050174713134766,7.060768127441406,7
0.5433014389573512,19.50572266982724,1.1062092669656338,2.554931886284064,2.285093526894632,0.9130783081054688,2.603392601013184,3.773200035095215,4.319006443023682,4.589418411254883,4.762498378753662,4.876692295074463,4.96336555480957,22
0.3259600589014703,6.070174894987094,19.76035719875447,2.421442088837656,2.066991864802179,1.0820984840393066,3.4136345386505127,5.7222900390625,7.324015617370605,7.922502517700195,7.955001831054687,7.956592559814453,7.958183288574219,14
0.7005430878324677,8.72287703222653,1.5122724153110094,2.729476529829647,2.5371659629367374,1.014432430267334,2.9488513469696045,4.363564491271973,5.066616058349609,5.438571929931641,5.696533203125,5.888178825378418,6.02812385559082,5
0.5516176014603854,141.83710051008626,147.1159471077224,2.0698085037056786,2.4232463588815696,0.2583570480346679,0.4666438102722168,0.6289975643157959,0.763113260269165,0.8749232292175293,0.9706199169158936,1.054147243499756,1.1273903846740725,17
0.4749018817978362,9.230882592481668,11.178209689950066,2.882595269468605,2.791932417993098,1.142533302307129,3.5780606269836426,5.864820957183838,7.251301288604736,7.770938396453857,7.913595676422119,8.016010284423828,8.099649429321289,6
0.4462865941538274,8.097400879128605,90.85460991089056,2.509061264390972,2.141439921181868,0.8575091361999512,2.53760290145874,3.847361564636232,4.389533996582031,4.510654449462891,4.548013687133789,4.553981304168701,4.556682586669922,23
0.4924923373052143,19.41122457729297,9.079979178586148,2.0807645147199665,2.263621574325281,0.9072718620300292,2.641662359237671,3.8689682483673096,4.392455101013184,4.590605735778809,4.689732551574707,4.754364013671875,4.817601203918457,22
0.9093194313433433,14.7674562995081,4.168919059720005,2.1417801121734588,2.005436655442721,0.6308121681213379,1.5495364665985107,2.1120073795318604,2.4406816959381104,2.667968511581421,2.8408749103546143,2.9863860607147217,3.108032464981079,18
0.508995964939344,28.03662545157629,1.4316056536943076,2.9842791884628843,2.1360459737044217,0.8383991718292236,2.331559181213379,3.32346248626709,3.81280517578125,4.084298610687256,4.259243011474609,4.3855485916137695,4.4751057624816895,22
0.3299510536314495,13.33690506705316,88.82056936690833,2.603842490371496,2.1848074406370164,0.8682479858398438,2.5921313762664795,3.9870693683624254,4.59926700592041,4.712060928344727,4.751632690429688,4.757726669311523,4.760229110717773,23
0.3890640385168294,17.179046848043967,1.2078461950887796,2.6472684649353493,2.658670228311028,1.098168134689331,3.412388801574707,5.5044379234313965,6.712601184844971,7.1121697425842285,7.230691432952881,7.309045314788818,7.362098217010498,5
0.8630217524323744,11.152194942336102,1.817378131864425,2.6286863665718805,2.874718305552784,0.8757791519165039,2.4770054817199707,3.57094669342041,4.146049976348877,4.480489253997803,4.714516639709473,4.893625736236572,5.035782337188721,22
0.5714451711943762,7.295602599868157,195.7957845764644,2.5262284740503214,2.5838886382660653,0.7236013412475586,2.12287712097168,3.1744303703308105,3.579097270965576,3.625945091247559,3.625915050506592,3.626171112060547,3.626307487487793,23
0.8902958013601985,9.677290183852742,6.032132322780008,2.081097936592447,2.0891618636713085,0.7486264705657959,1.9285800457000728,2.636439085006714,3.0162570476531982,3.255223035812378,3.428948163986206,3.564160108566284,3.680058717727661,22
0.4193791386925243,73.55718012674197,4.215961222335093,2.1008831183345413,2.3480706130207643,0.6403770446777344,1.7329561710357666,2.3853700160980225,2.6525795459747314,2.7850749492645264,2.887527704238892,2.968334436416626,3.036640882492065,22
0.4947399584529107,38.91369960582404,34.46889445435911,2.6715262455482955,2.0472175944254425,0.677009105682373,1.807446002960205,2.49978256225586,2.821178913116455,2.987187385559082,3.093728542327881,3.181084156036377,3.2532382011413574,23
0.4546795316070414,74.90504164241575,3.230648810027519,2.5331656507583578,2.7130406032424044,0.6778838634490967,1.8879051208496087,2.682559967041016,3.039931297302246,3.2182493209838867,3.337137222290039,3.439044952392578,3.5233402252197266,22
0.9002625042519696,16.597573778329576,80.08053472206615,2.829712844007079,2.7398448668645163,0.6564440727233887,1.7379953861236572,2.4601290225982666,2.8538315296173096,3.0939829349517822,3.2654945850372314,3.398791074752808,3.5108468532562256,23
0.381645492263429,59.80636593055039,16.2790601525118,2.4827892902162887,2.53422624775542,0.7666828632354736,2.205994129180908,3.197502613067627,3.623779296875,3.7850594520568848,3.869751453399658,3.938212394714356,3.995778560638428,22
0.940481369592356,131.6513861044944,2.433891334027062,2.279621700365616,2.986636568782566,0.2395563125610351,0.4434270858764648,0.6392741203308105,0.8207097053527832,0.9871606826782228,1.1402225494384766,1.280552864074707,1.4089462757110596,8
0.3505533196639619,36.22934772059956,34.10520045205697,2.4149594464669235,2.447386455201931,0.8698036670684814,2.582602262496948,3.8909013271331774,4.460260391235352,4.626226425170898,4.691459655761719,4.731257438659668,4.761724472045898,23
0.4213654264916344,10.236967097894825,17.962572065457753,2.857899855316467,2.15406408826578,1.041496753692627,3.152052164077759,4.950359344482422,5.932232856750488,6.244434356689453,6.381680488586426,6.478544235229492,6.534281730651856,6
0.5033998134744473,180.3986352524984,46.128310139183945,2.2530516543263266,2.912688606320495,0.3375980854034424,0.6884994506835938,0.9511106014251708,1.1546244621276855,1.3189704418182373,1.4562671184539795,1.5726346969604492,1.674682378768921,9
0.5659162581348989,88.32541692895488,0.759960171255321,2.737086647571287,2.632755210066511,0.5359630584716797,1.332585096359253,1.867184400558472,2.172015428543091,2.378675699234009,2.5383336544036865,2.67368483543396,2.7873013019561768,18
0.3474638919050748,10.942632523960144,1.4079361398321095,2.8734616720450084,2.090688232874147,1.0992655754089355,3.3956620693206787,5.550400733947754,6.868549346923828,7.367534637451172,7.480212211608887,7.561283111572266,7.628376960754394,5
0.70746604786157,181.52888138543875,1.889632019661425,2.838209608534199,2.120965842448157,0.2174842357635498,0.3861446380615234,0.5449404716491699,0.6874227523803711,0.8168931007385254,0.9342978000640868,1.041658878326416,1.1392719745635986,15
0.966306695774295,46.535011627768704,40.6367369469439,2.738869799468943,2.734253684357114,0.4274001121520996,0.9397754669189452,1.3408782482147217,1.649188756942749,1.8920094966888428,2.0910446643829346,2.258219003677368,2.4021456241607666,19
0.8181345248080527,15.709787482720715,1.7636913019702372,2.353005022919372,2.490391907231317,0.7642102241516113,2.0542054176330566,2.865969657897949,3.292547702789306,3.5507941246032715,3.737825870513916,3.8831052780151367,4.010032653808594,22
0.9296049886772432,99.0011036799142,105.72988050643944,2.6675748907645453,2.625274887227716,0.2613646984100342,0.4847187995910644,0.688223123550415,0.8693485260009766,1.0302019119262695,1.174421310424805,1.302412033081055,1.417963981628418,10
0.4295093418344221,28.308008801930548,10.19581063989084,2.720746569124896,2.6256293347215007,0.9585561752319336,2.8678648471832275,4.374643325805664,5.096169471740723,5.367980003356934,5.519222259521484,5.604247093200684,5.667903900146484,6
0.4267639640105908,19.04690464882053,6.96722503972768,2.695238817605328,2.9940242995192814,1.079435110092163,3.359025716781616,5.405745506286621,6.565563201904297,6.95787239074707,7.095911979675293,7.191210746765137,7.255819320678711,6
0.4406676282856436,7.283659147486995,38.20083452398192,2.012405677834615,2.868260350204123,1.0451366901397705,3.3661417961120605,5.640061378479004,7.135806560516357,7.650270938873291,7.67275857925415,7.675417423248291,7.677380084991455,7
0.484126419318641,59.47844888549513,5.098806246146426,2.0970511354969306,2.6474593803261897,0.6813933849334717,1.909287929534912,2.682589292526245,3.012157201766968,3.175233602523804,3.2835819721221924,3.3785340785980225,3.4586870670318604,22
0.9362619648737588,6.232488594437905,2.333760680506116,2.0519709811491142,2.4297667636357003,0.8551769256591797,2.333138465881348,3.261817455291748,3.7347731590271,4.014149188995361,4.208570957183838,4.358239650726318,4.485005855560303,22
0.4565756579618212,15.258763585758654,2.595946558657226,2.0718532021977647,2.771887003334365,1.04056978225708,3.254817247390747,5.186614990234375,6.229006767272949,6.552944183349609,6.642024040222168,6.690587043762207,6.7313337326049805,6
0.7892504599218237,12.52357162902588,1.972856459264043,2.1494337128722285,2.180637553977649,0.785416841506958,2.079661130905152,2.867818117141724,3.2679617404937744,3.507253408432007,3.673654317855835,3.810357809066773,3.914419889450073,22
0.5578619372343572,62.27079331052911,12.202052220604044,2.9590740393295087,2.1133801448186595,0.5460431575775146,1.366877555847168,1.8824787139892576,2.163034439086914,2.350008010864258,2.492098808288574,2.610185146331787,2.7125606536865234,18
0.7760308773712654,22.16084585420252,20.886960868780843,2.585113930685909,2.159222873605096,0.6480541229248047,1.65871262550354,2.286857843399048,2.631006956100464,2.853315114974976,3.0208871364593506,3.155608892440796,3.267042875289917,19
0.5931563458653079,46.47603377709601,61.91519438064202,2.6829877890101828,2.0507715425584405,0.5251126289367676,1.3022210597991943,1.7760796546936035,2.0185656547546387,2.172157287597656,2.287478446960449,2.3808035850524902,2.464029788970948,19
0.4174218441094351,75.36541478407483,4.153858265331065,2.4657745656270524,2.252594283540892,0.6435606479644775,1.730733871459961,2.3969531059265137,2.686099052429199,2.839233875274658,2.94580078125,3.0304269790649414,3.108850479125977,22
0.4094479194140116,6.809852863812855,0.7699238411136475,2.655293198022287,2.4682165278453723,1.1827383041381836,3.7761483192443848,6.397999286651611,8.198902130126953,8.968223571777344,9.076736450195312,9.10645866394043,9.152946472167969,13
0.7589259615497554,7.947553085567364,1.7444395357378917,2.395107506003628,2.114820158777014,0.9086225032806396,2.477915048599243,3.4907748699188232,4.008149147033691,4.315610885620117,4.5293684005737305,4.677945137023926,4.804088592529297,22
0.7174621404900619,125.29509093452606,1.5868686077281255,2.012633846623076,2.353451228883907,0.2698550224304199,0.5198550224304199,0.7350718975067139,0.9196784496307372,1.0787882804870603,1.2178833484649658,1.3396928310394287,1.4477486610412598,8
0.7446683163364194,60.84444193880965,7.542894140893152,2.276713676846396,2.882218866416808,0.5003674030303955,1.2063682079315186,1.693892240524292,2.014301061630249,2.24756932258606,2.433042287826538,2.58647084236145,2.7182791233062744,18
0.6965118004466198,106.26995011134188,3.11686309396519,2.142649483067063,2.0659873907828343,0.2971780300140381,0.5886225700378418,0.8252232074737549,1.020132064819336,1.1817841529846191,1.3196372985839844,1.4386253356933594,1.543687343597412,8
0.6684977377660786,61.19788545243035,1.211125706133715,2.494133459266341,2.57748105487279,0.5433363914489746,1.3452959060668943,1.872910022735596,2.1866817474365234,2.403849124908448,2.573951244354248,2.7140660285949707,2.83689546585083,18
0.4099283389134069,9.796044616151043,77.01019582703469,2.059045844877075,2.351455800325565,0.894296407699585,2.7215583324432373,4.231491088867188,4.938809394836426,5.043613433837891,5.059164047241211,5.062763214111328,5.065239906311035,23
0.7618717819451016,8.018236260269292,0.5174642769533045,2.5908542063439253,2.2252350257005564,0.9383199214935304,2.5970561504364014,3.694105863571167,4.261945724487305,4.59890079498291,4.837972640991211,5.012442588806152,5.143816947937012,5
0.4017215146330435,55.0174090129452,0.8450234590587192,2.6066679663127843,2.438726972671529,0.7936270236968994,2.2700846195220947,3.2861335277557373,3.737254858016968,3.937879800796509,4.04060173034668,4.125231742858887,4.195807456970215,22
0.7538933620048826,6.443208884583386,0.7982277876183981,2.612092645279291,2.595468147905666,1.0378799438476562,3.037010908126831,4.521786689758301,5.264538764953613,5.652750015258789,5.9191741943359375,6.123785018920898,6.271295547485352,5
0.4161553890690028,78.60791555747863,1.1008114766003236,2.9098273385598823,2.39568102860266,0.6696298122406006,1.8291306495666504,2.5787954330444336,2.9232845306396484,3.1058807373046875,3.222363948822021,3.3248629570007324,3.409038543701172,22
0.3427002872365562,90.51392738864376,111.836414088075,2.6933900845282746,2.724606663555715,0.5990760326385498,1.6522047519683838,2.359238386154175,2.618976354598999,2.7007625102996826,2.75122332572937,2.7976834774017334,2.8396317958831787,0
0.660285091148511,19.846482365244093,31.852058714761508,2.091824419685476,2.833900153265988,0.8015213012695312,2.3447506427764893,3.407335996627808,3.885166883468628,4.08909797668457,4.211098670959473,4.296661376953125,4.3671464920043945,23
0.4485586074278702,9.98770629354407,79.56721326530317,2.6921887390066868,2.7901551061009733,0.9703769683837892,3.0021984577178955,4.819857597351074,5.835277557373047,6.08127498626709,6.141112327575684,6.162925720214844,6.168081283569336,7
0.9787461294008356,150.26309894798766,2.962831603674283,2.9728486405509043,2.6950559542918326,0.2324557304382324,0.4145371913909912,0.5943591594696045,0.764101505279541,0.9203121662139891,1.0660324096679688,1.200977802276611,1.3258929252624512,15
0.939382227872074,67.719608558221,33.43535695804536,2.417108899283765,2.222373569640695,0.2980220317840576,0.5941042900085449,0.8481359481811523,1.0638785362243652,1.2465336322784424,1.4039931297302246,1.5405900478363037,1.6606991291046145,9
0.7628617810905624,24.17226828978372,0.602266001556153,2.923893040964278,2.1469730642904192,0.6693096160888672,1.7151780128479004,2.3815088272094727,2.764923095703125,3.016722679138184,3.205209732055664,3.357985019683838,3.4901833534240723,18
0.8394125920566557,8.455295692590706,14.682485010844587,2.062753831556646,2.8029085298893657,0.8765521049499512,2.534363031387329,3.6641924381256095,4.199502944946289,4.465356826782227,4.640501976013184,4.765462875366211,4.869872093200684,22
0.7675776501463654,86.91826606753392,24.821205356440164,2.766983615535209,2.250167861816656,0.3466944694519043,0.7188282012939453,1.015139102935791,1.251495361328125,1.4429636001586914,1.604109764099121,1.740565299987793,1.8602886199951167,9
0.6089406821241179,203.00775529064936,48.53845480148603,2.4208875191822283,2.278059578895492,0.210087776184082,0.3592066764831543,0.4972751140594482,0.6208291053771973,0.7315564155578613,0.8321313858032227,0.924065351486206,1.008045673370361,16
0.6479243333194378,91.19721087769004,12.27791064565054,2.285749700851676,2.4548628703190656,0.4126291275024414,0.9149878025054932,1.2728440761566162,1.5248258113861084,1.716315984725952,1.872074842453003,2.004602193832397,2.1148102283477783,18
0.846157272662708,28.32998356833166,5.939865317793011,2.350349819291897,2.574308998376177,0.6048970222473145,1.5292651653289795,2.1254777908325195,2.4798474311828613,2.7224011421203613,2.911438465118408,3.0672507286071777,3.203000068664551,18
0.4204956004443005,158.52762723330795,19.94275020624541,2.721304107931062,2.610823237001493,0.4443039894104004,1.029975175857544,1.4223172664642334,1.6508972644805908,1.8140485286712649,1.9407942295074463,2.04961371421814,2.1419360637664795,19
0.9694834342359506,7.791910325038912,3.3088530662934104,2.696675965178561,2.960865940443922,0.8840126991271973,2.4793264865875244,3.568876981735229,4.161192893981934,4.519257545471191,4.780560493469238,4.980676651000977,5.141748428344727,6
0.3881611219282317,8.945661938190304,17.53715729328212,2.6860052498578293,2.721648105382914,1.1456091403961182,3.648857831954956,6.162666320800781,7.855926513671875,8.520706176757812,8.591864585876465,8.60494327545166,8.619261741638184,14
0.9668933331228432,44.918737998903104,47.46224573704412,2.293566746263193,2.176189994423388,0.3435704708099365,0.7155265808105469,1.0138347148895264,1.2517518997192385,1.4433226585388184,1.6043198108673096,1.7407081127166748,1.858666181564331,9
0.4075295661968684,37.498895781992026,2.958898734393123,2.7208295032371463,2.4706417662336264,0.8951356410980225,2.616368055343628,3.8845951557159424,4.46556568145752,4.713309288024902,4.842411994934082,4.937399864196777,5.006135940551758,22
0.7118956903788016,10.141944961043608,19.65957184635247,2.854346523401412,2.693512495818966,0.9697496891021729,2.8335635662078857,4.215291976928711,4.912521362304688,5.259979248046875,5.480011940002441,5.647774696350098,5.753925323486328,6
0.5591773075957579,21.84573052189345,1.774734175460718,2.885010579001498,2.637044349704054,0.9428017139434814,2.7491512298583984,4.077692031860352,4.732790470123291,5.04634428024292,5.25333833694458,5.396261692047119,5.504438877105713,5
0.6188366051125971,13.928477623610908,35.51710575084173,2.1201963496552843,2.3970044367955943,0.8566641807556152,2.4740140438079834,3.5872914791107178,4.070051193237305,4.27263069152832,4.367683410644531,4.4395856857299805,4.497195243835449,23
0.3447669726744689,32.21503967655848,24.307324976551588,2.960561265153652,2.630047625293689,0.9688899517059326,2.930455207824707,4.56879997253418,5.387518882751465,5.646897315979004,5.773947715759277,5.841010093688965,5.883597373962402,7
0.6395546742495128,166.64173199746384,1.5467617332401398,2.7885800825058094,2.551032798431761,0.3004417419433594,0.5764033794403076,0.8081588745117188,1.0066916942596436,1.1764516830444336,1.3252668380737305,1.4549446105957031,1.5705862045288086,8
0.5470314080363466,83.46115455259837,63.50671753146061,2.66282262190133,2.4876916810535,0.4836533069610595,1.1685283184051514,1.6171464920043943,1.8640451431274407,2.0308494567871094,2.157371997833252,2.266830921173096,2.3561720848083496,19
0.8764931765545945,16.961820403687675,222.3926660183084,2.2484385979410004,2.0596568951714693,0.411212682723999,0.9366557598114014,1.2517175674438477,1.394944190979004,1.4707612991333008,1.522162675857544,1.5601825714111328,1.5899357795715332,1
0.9447772141965852,17.12497093162162,0.568183057063124,2.7510257234412907,2.2662640744401994,0.6398811340332031,1.5950698852539062,2.223994255065918,2.61002779006958,2.876694202423096,3.0863680839538574,3.2570948600769043,3.4028854370117188,18
0.454978110379038,46.91074775050873,2.217590440852156,2.3517159105017944,2.9294440299812607,0.8246850967407227,2.449926853179932,3.639859676361084,4.181977272033691,4.388354778289795,4.499004364013672,4.5760273933410645,4.640550136566162,22
0.7129775994442761,75.29980127158231,1.5524536790811758,2.8426387974244127,2.751291056443435,0.4938969612121582,1.1598188877105713,1.6399309635162354,1.963090181350708,2.1999495029449463,2.389516115188598,2.5471060276031494,2.681950330734253,18
0.3264038687652897,17.279778817198537,11.666221168975014,2.477267530671442,2.2596051734958964,1.043177366256714,3.2113819122314453,5.142063140869141,6.232917308807373,6.556437015533447,6.611992359161377,6.6430487632751465,6.6641764640808105,6
0.6898426853347348,13.778439598749555,183.70651705199225,2.4759034409152862,2.837242124988532,0.6757371425628662,1.9410991668701167,2.838217258453369,3.19984769821167,3.2888498306274414,3.306227684020996,3.3172473907470703,3.327832221984864,23
0.6986819882018664,6.28998241114443,5.985529294766677,2.170855365475619,2.171542290627132,0.9779894351959229,2.7937920093536377,4.058234214782715,4.651947021484375,4.949405670166016,5.147696495056152,5.274670600891113,5.375409126281738,6
0.6103997208219115,44.95976119883432,205.56087089655705,2.0979599749303586,2.0110345543894503,0.3641011714935303,0.7815301418304443,1.0196852684020996,1.140583038330078,1.218001365661621,1.2751905918121338,1.320436954498291,1.3570146560668943,21
0.8582457322339656,77.03815137173385,0.579113341167805,2.864652125026814,2.4668110383088635,0.3696825504302978,0.7752103805541992,1.1063282489776611,1.375852346420288,1.5959570407867432,1.7810537815093994,1.9392693042755127,2.076592206954956,8
0.5935233894490566,13.67401932744443,36.3741579646674,2.5098704909021943,2.3847116027044515,0.8958806991577148,2.6011524200439453,3.823606014251709,4.380243301391602,4.625464916229248,4.756990909576416,4.842684745788574,4.9027910232543945,23
0.5457802796974598,23.771765908592823,2.7738678129204595,2.9886671968187,2.3815220867398166,0.8965363502502441,2.5535154342651367,3.713414669036865,4.281789779663086,4.5793232917785645,4.777769088745117,4.909933090209961,5.019635200500488,22
0.7238054520423582,26.25332400143524,10.702556132262265,2.375736834059788,2.0275211040909955,0.6282763481140137,1.585989475250244,2.167003870010376,2.4829509258270264,2.688608407974243,2.84472918510437,2.967721700668335,3.07745623588562,18
0.4949868534728523,8.334212772981658,16.93842006011757,2.33563087822791,2.2587259780993705,1.0401890277862549,3.1628217697143555,4.938611030578613,5.874834060668945,6.167902946472168,6.279963493347168,6.347361564636231,6.386814117431641,6
0.456438703276492,9.852014859273565,2.7474215119483216,2.975149941591403,2.407307520046179,1.1204938888549805,3.448451042175293,5.5173187255859375,6.707192420959473,7.142463684082031,7.323698997497559,7.477795600891113,7.597733497619629,6
0.5057365111064314,53.12843447185924,5.028249318314251,2.250378532681384,2.004188521634433,0.6154015064239502,1.5888307094573977,2.152931928634644,2.41929030418396,2.5795094966888428,2.694385290145874,2.796308279037476,2.8779399394989014,18
0.5324501168798228,24.479437310205483,9.367808351491345,2.7581065682640578,2.565199255971747,0.9083893299102784,2.643009662628174,3.9041032791137695,4.509981632232666,4.791897773742676,4.959567070007324,5.077140808105469,5.155029773712158,6
0.6249238613895536,63.38180402053378,16.44898958740432,2.5109065232554566,2.7141628217728826,0.5694751739501953,1.4577949047088623,2.038562297821045,2.355882167816162,2.564451217651367,2.7230563163757324,2.8563122749328613,2.9693641662597656,19
0.6668212216579397,57.835335225479824,38.532613762151904,2.8642043186871504,2.2137719800336693,0.4849522113800049,1.1542670726776123,1.6058847904205322,1.8806712627410889,2.0733964443206787,2.22566294670105,2.350216627120972,2.458648443222046,19
0.999456924788422,14.015529634093186,5.905378117755567,2.5539263340921066,2.8002210145683266,0.6984708309173584,1.820898532867432,2.556084156036377,2.99095106124878,3.282815933227539,3.506599903106689,3.689616680145264,3.8460168838500977,22
0.5561155161558412,32.38865897149807,172.82389791744052,2.415885041540937,2.191812331894385,0.5266878604888916,1.3525094985961914,1.832647562026977,1.9940464496612549,2.05176329612732,2.092613458633423,2.127119302749634,2.156940698623657,0
0.8956392571061316,88.91361523758758,34.18543045877328,2.3995547579566394,2.2633467619198733,0.2711091041564941,0.5229136943817139,0.7461793422698975,0.9406402111053468,1.1096787452697754,1.2576162815093994,1.3883705139160156,1.5041112899780271,9
0.5568452191119055,51.00907117622245,19.60131702935345,2.664392678584911,2.706313073950189,0.6898980140686035,1.9052977561950684,2.708103656768799,3.0908408164978027,3.2940406799316406,3.437122344970703,3.548232078552246,3.64362907409668,23
0.7015295158226349,88.80544823239825,1.0061819213983427,2.1769661112512035,2.254143581680558,0.3634891510009765,0.764960527420044,1.070143699645996,1.3030908107757568,1.4893333911895752,1.6428442001342771,1.772346258163452,1.885883092880249,8
0.6279995555065512,148.10901613444207,7.080307824858052,2.3652290223227426,2.266516080689408,0.2846498489379883,0.5452666282653809,0.762160062789917,0.9453752040863036,1.1004579067230225,1.235353946685791,1.3526644706726074,1.4568991661071775,9
0.8077867029536898,28.53976524770309,13.022268432922692,2.302193819754904,2.166698113170222,0.5613691806793213,1.3685340881347656,1.879058599472046,2.1818130016326904,2.391240358352661,2.557689428329468,2.6950032711029053,2.808128595352173,18
0.5828600067158458,49.713559813029626,6.220454549367626,2.5026032085691403,2.3291404266750044,0.6333930492401123,1.6604480743408203,2.2972874641418457,2.6158504486083984,2.809990406036377,2.955620288848877,3.07138729095459,3.1751108169555664,18
0.3502807405291837,118.3907137583054,257.8590497389761,2.899050751375773,2.961813023541457,0.4400274753570556,1.0276596546173096,1.401437759399414,1.5487875938415527,1.6149654388427734,1.666092872619629,1.7089824676513672,1.7470684051513672,1
0.4425557680306931,57.29539517700839,1.0194582424279532,2.491487792361584,2.2807653843275992,0.7097642421722412,1.9462323188781736,2.7255539894104004,3.074740409851074,3.2430219650268555,3.359891891479492,3.4499478340148926,3.5210986137390137,22
0.6076093999640402,8.678618952374652,0.9605816762283542,2.0233527053025613,2.429058980368545,1.0117409229278564,3.019196033477783,4.548507213592529,5.259304523468018,5.545900821685791,5.707720279693604,5.81310510635376,5.886066913604736,5
0.861107736424608,109.2742752958805,105.93985456069468,2.1325200678441814,2.908633767153752,0.2502992153167724,0.467698335647583,0.6661543846130371,0.8429889678955078,0.9996464252471924,1.1404588222503662,1.2657620906829834,1.3783819675445557,10
0.640501086431941,10.6602691295893,2.786935947829164,2.672955034056897,2.1086277315448387,0.9375045299530028,2.613388538360596,3.74470329284668,4.302577018737793,4.62054443359375,4.850621700286865,5.015692710876465,5.1237616539001465,6
0.8679894905603074,153.84044645946827,3.737134049409406,2.852493677977372,2.649249839516038,0.2470829486846923,0.4478721618652344,0.6399471759796143,0.8167273998260498,0.9775288105010986,1.1251153945922852,1.259899377822876,1.3830358982086182,8
0.9000597821765546,7.041978347622718,5.530464280524923,2.9335374581913243,2.481452189376019,0.9062178134918212,2.4918460845947266,3.549656391143799,4.132164001464844,4.493595600128174,4.760796070098877,4.9644927978515625,5.123435497283936,6
0.4391021160357123,50.31154515211844,4.676429849325142,2.5448809067277383,2.136981025338215,0.7239742279052734,1.9759397506713867,2.7637248039245605,3.119781494140625,3.293395519256592,3.4075160026550293,3.492318153381348,3.5624547004699707,22
0.6057799247641097,7.228219585670798,5.168726318745216,2.918724497079115,2.044865846544364,1.0122966766357422,2.903128147125244,4.28046178817749,4.961719036102295,5.331660747528076,5.625524044036865,5.845324993133545,5.995335102081299,6
0.4058425332486483,60.8717368050295,6.207816437370632,2.925687576339488,2.7441158173955,0.8006017208099365,2.3200626373291016,3.411537170410156,3.9252758026123047,4.152015686035156,4.268764495849609,4.360454082489014,4.432907581329346,22
0.7188737648773038,7.6086967004126205,0.8596247885216473,2.143690314162891,2.164304233925137,0.9444220066070556,2.6484687328338623,3.775934934616089,4.315349578857422,4.604854583740234,4.789376258850098,4.935359954833984,5.02999210357666,22
0.4321862322234864,46.372919685780246,92.6536086516364,2.7924336523866145,2.0806892360898424,0.6102025508880615,1.6289920806884766,2.249298572540283,2.491508960723877,2.5973196029663086,2.661242961883545,2.7145562171936035,2.761248111724853,0
0.3143091869156473,103.0327889537268,210.18441487194409,2.471113840551156,2.330335951033911,0.4187285900115967,0.9673147201538086,1.2675395011901855,1.3534808158874512,1.396507740020752,1.4330577850341797,1.4643380641937256,1.491391897201538,1
0.5870833748221642,9.529938418866186,119.80662156225756,2.6856714198411225,2.186396669241317,0.7631535530090332,2.1753857135772705,3.155537366867065,3.5594170093536377,3.6911075115203857,3.725623369216919,3.734433889389038,3.7423717975616455,23
0.9157332427950382,24.54844196410804,10.39539839079228,2.4165488455689488,2.841490837139779,0.6158921718597412,1.5684504508972168,2.2008001804351807,2.5837295055389404,2.848280191421509,3.054760694503784,3.2245843410491943,3.369331121444702,18
0.5306234537783376,101.8103093160924,1.3403476397060552,2.58729394341684,2.2366160696753123,0.4496779441833496,1.044121026992798,1.43686842918396,1.676525354385376,1.8500950336456297,1.987210035324097,2.103139638900757,2.2039167881011963,18
0.6660311782973354,84.36602461688076,3.39793165925027,2.5388728361460293,2.488902303202858,0.4415805339813232,1.000698804855347,1.3991496562957764,1.6719770431518557,1.877946376800537,2.043830394744873,2.181447505950928,2.301154136657715,18
0.6778451873051674,111.40841381197735,70.29150901420165,2.409478501466712,2.6827978470118508,0.3382794857025146,0.6871771812438965,0.9596717357635498,1.176966428756714,1.3539605140686035,1.5021045207977295,1.6287691593170166,1.7382843494415283,10
0.3853157822454889,33.436074763500415,174.70525456528077,2.4078697223398287,2.923957293447799,0.6979434490203857,2.0654070377349854,3.1042325496673584,3.516941785812378,3.566119432449341,3.5690839290618896,3.573063611984253,3.577165365219116,23
0.8548243718974813,16.00285788381149,6.72319232211791,2.0405329804050627,2.5151913179965417,0.7065384387969971,1.8790481090545648,2.5943479537963867,2.970932483673096,3.205221652984619,3.3804078102111816,3.518843650817871,3.637070178985596,22
0.3145863129379939,19.568717021586806,0.7297593794062851,2.393670414827928,2.9775113512104934,1.127645492553711,3.6307318210601807,6.153429985046387,7.852900505065918,8.496681213378906,8.569503784179688,8.581841468811035,8.592534065246582,13
0.9363165721265404,17.50562261557312,2.279384221098298,2.067943208247629,2.9847794632524547,0.6657977104187012,1.7747802734375,2.4790308475494385,2.880945444107056,3.148197889328003,3.352999925613404,3.5200603008270264,3.6617467403411865,22
0.4290894085427891,13.568410368084704,51.67483998613668,2.033803232102817,2.231626532639947,0.8902304172515869,2.6585440635681152,4.022024154663086,4.596147537231445,4.710738182067871,4.742199420928955,4.7559075355529785,4.766740798950195,23
0.6469467831055109,119.68576386380649,140.7891375393065,2.665793631009628,2.8639464681580225,0.3334572315216064,0.6599929332733154,0.910154104232788,1.1109023094177246,1.2737154960632324,1.4111151695251465,1.5278425216674805,1.628885269165039,10
0.433716581484924,62.82796003391849,0.5704198317488312,2.999518698505043,2.9404825598188906,0.8076379299163818,2.3626513481140137,3.5062618255615234,4.062000274658203,4.305628776550293,4.445377826690674,4.545089721679688,4.625120162963867,22
0.6816557503419696,33.411266608722606,1.7322331749205286,2.518335827051513,2.086898064736369,0.6251296997070312,1.5860838890075684,2.177051067352295,2.49741792678833,2.706583499908448,2.86853551864624,2.9985384941101074,3.1076436042785645,18
0.7889507614922286,119.98452723598804,105.1306889220301,2.653018002889858,2.028537066533538,0.2065708637237548,0.3623049259185791,0.5056977272033691,0.6333017349243164,0.7465529441833496,0.8485870361328125,0.940937042236328,1.0242242813110352,16
0.7136109384950744,49.59570295050924,2.073609686532913,2.7437921775018324,2.442308082976619,0.5622539520263672,1.3943707942962646,1.949135065078736,2.277764081954956,2.506629705429077,2.684021711349488,2.832862615585327,2.960684061050415,18
0.967952333482256,153.8756969885239,13.80870983182787,2.9545893835253945,2.038385563615293,0.1728935241699218,0.3034467697143554,0.4323318004608154,0.5548453330993652,0.6699810028076172,0.7779176235198975,0.8791937828063965,0.9735300540924072,15
0.4326184378185476,21.355496639575563,1.442572822691491,2.487299230279556,2.6446322293837747,1.021296501159668,3.110586166381836,4.830104351043701,5.696488857269287,5.98942232131958,6.12524938583374,6.217258930206299,6.280576229095459,5
0.7646067867363202,10.00833525524902,97.4308583896953,2.353804618145631,2.785914430770917,0.7863650321960449,2.2932515144348145,3.360401153564453,3.843098640441896,4.026627540588379,4.107190608978272,4.156883239746094,4.194071769714356,23
0.4417104258613526,34.65767070221934,8.696622910618153,2.7761735130316265,2.214524652122539,0.833367109298706,2.3528494834899902,3.3858327865600586,3.862131595611572,4.094046592712402,4.228792190551758,4.319943904876709,4.39858341217041,22
0.7088472243028852,14.18845955666428,0.9626753633791766,2.383055291760192,2.7200899199584683,0.9073812961578368,2.6200850009918213,3.81384015083313,4.392675399780273,4.679370880126953,4.871260643005371,5.009588241577148,5.122773170471191,5
0.4505036508641812,203.2617725498626,5.768608930691545,2.1267462145741622,2.479096418272706,0.3095312118530273,0.6056289672851562,0.826765775680542,1.0017991065979004,1.1439216136932373,1.2639117240905762,1.365964412689209,1.4558837413787842,9
0.4846013801324752,191.21852102777763,2.4703343657252965,2.6790404262649434,2.281445260280141,0.3090119361877441,0.5992045402526855,0.8218162059783936,1.0012388229370115,1.1483213901519775,1.2737386226654053,1.382190227508545,1.4762983322143557,8
0.350780375794311,84.59430823700352,222.66584774415685,2.8609009201210527,2.111886018233379,0.3863186836242676,0.8431439399719238,1.0782530307769775,1.150484323501587,1.1931545734405518,1.2276451587677002,1.256671667098999,1.2816665172576904,21
0.7596760504239148,11.31333841996974,2.13505154231177,2.522604340997104,2.5018333632420218,0.9052913188934326,2.5510082244873047,3.664387702941896,4.21792459487915,4.529207229614258,4.73718786239624,4.894314289093018,5.02051305770874,22
0.5596420678505175,22.2493879824456,75.9220295827912,2.113777130807279,2.444848550882891,0.7433137893676758,2.125540018081665,3.0442769527435303,3.409893751144409,3.528351068496704,3.5897862911224365,3.635470151901245,3.6754868030548096,23
0.4460897437538997,23.845686021117054,12.935062617056625,2.390092601276541,2.9601480687818382,0.9862453937530518,3.044119119644165,4.787147521972656,5.683320999145508,5.968277931213379,6.073117256164551,6.147241592407227,6.196215629577637,6
0.5341600695136391,71.01715009682272,1.3081159800125477,2.290553216978408,2.1971984593551444,0.5445027351379395,1.3599934577941897,1.8511021137237549,2.1058952808380127,2.2747514247894287,2.40425992012024,2.517024278640747,2.610175371170044,18
0.7529241498084129,64.18732598431035,3.137932296881557,2.529815035243,2.7760132910894733,0.4923288822174072,1.1597754955291748,1.632862567901611,1.952728271484375,2.188960075378418,2.3778443336486816,2.534870147705078,2.6684226989746094,18
0.7134507303455577,58.11832826294424,0.8794472728529547,2.8531233209247326,2.288137317284612,0.4950153827667236,1.1712682247161863,1.64178729057312,1.9434173107147217,2.1627776622772217,2.3367044925689697,2.4809272289276123,2.604057550430298,18
0.712631248278788,54.41821922194213,2.558711866483353,2.083791539662277,2.4808901671541768,0.5008635520935059,1.1989920139312744,1.6522092819213867,1.935127019882202,2.140058279037476,2.3008201122283936,2.437551259994507,2.553901433944702,18
0.6415703144560971,54.63815961341917,9.660934836472732,2.5940737826230653,2.0481395242944305,0.5029551982879639,1.2073628902435305,1.659632444381714,1.928368330001831,2.115424394607544,2.263739824295044,2.385328531265259,2.492229700088501,18
0.4686469285296369,32.17485700313935,5.936509834275438,2.8254333731006938,2.7800234600331915,0.925950288772583,2.745187997817993,4.136514663696289,4.817410469055176,5.103175163269043,5.2600603103637695,5.369789123535156,5.443816184997559,6
0.4999755953390288,12.358774426797227,14.075354253170026,2.5055912544572494,2.319776982396631,1.0091891288757324,3.008505344390869,4.5846266746521,5.340724945068359,5.62410831451416,5.790165901184082,5.886962890625,5.955521583557129,6
0.938927911724063,29.69143628497667,0.8321144811335923,2.803036188170897,2.0910375129710665,0.4825253486633301,1.116726636886597,1.5736536979675293,1.8872804641723635,2.123576641082764,2.3128228187561035,2.4708728790283203,2.606719970703125,18
0.3285786718051069,8.973351949452104,31.06717159752296,2.4811158746896345,2.4569202628862845,1.0838778018951416,3.431403160095215,5.765951633453369,7.335407733917236,7.900519847869873,7.920119762420654,7.92171049118042,7.923110485076904,7
0.3171211058301614,110.26322089684584,8.257090359262538,2.723688552817344,2.984621901177928,0.7158005237579346,2.085412740707397,3.0811116695404053,3.5174591541290283,3.6773793697357178,3.761174440383911,3.8271777629852295,3.8841607570648193,22
0.4754909840406945,63.46047371877716,0.8330938147608575,2.576692613283843,2.757172455320425,0.7230315208435059,2.047093629837036,2.9367501735687256,3.347979784011841,3.5422885417938232,3.670830011367798,3.766879796981812,3.858320474624634,22
0.3172472926357346,91.42150504959172,236.43519182971704,2.256435070945999,2.0211638291591885,0.3471624851226806,0.7102982997894287,0.8747150897979736,0.9249765872955322,0.9591469764709472,0.9868745803833008,1.0101256370544434,1.0302026271820068,21
0.4431569753297751,175.596668746275,30.16227375726036,2.140503054836289,2.0842604790459744,0.2924273014068603,0.5599963665008545,0.7556667327880859,0.907440185546875,1.029923677444458,1.1319947242736816,1.219839096069336,1.294806718826294,9
0.6102451426729234,100.7624444741355,19.9997228323824,2.5034878486441685,2.974293482417739,0.4710326194763183,1.113605499267578,1.566884994506836,1.8610210418701167,2.074967861175537,2.2446179389953613,2.386180877685547,2.508159637451172,19
0.8552916806222901,7.659122012099414,108.5410721183764,2.5763107629284048,2.304417047354804,0.7082610130310059,1.9325816631317136,2.7169835567474365,3.074475049972534,3.2487590312957764,3.3353936672210693,3.3871963024139404,3.4271228313446045,23
0.6840018050297577,105.10205298877568,107.21672774311908,2.054624229917888,2.969911585048423,0.3209240436553955,0.6595001220703125,0.925893783569336,1.1387176513671875,1.3122005462646484,1.457685470581055,1.5810816287994385,1.688140869140625,10
0.8410398471213787,91.59843044362609,0.6860309100228867,2.133472351137637,2.2408036192165457,0.2799432277679443,0.5476386547088623,0.7805185317993164,0.980443239212036,1.1517276763916016,1.301281452178955,1.4319024085998535,1.548081874847412,8
0.6837170407161324,8.51358683631976,1.9527843845401924,2.6458847477577647,2.8893348275534736,1.063483953475952,3.209790706634521,4.926429271697998,5.809817790985107,6.207993030548096,6.456607341766357,6.642826557159424,6.7714152336120605,6
0.655636399955917,6.283519581443536,1.0226008644627034,2.270613716298157,2.338074649541182,1.0478477478027344,3.1039464473724365,4.667436599731445,5.434462547302246,5.785472869873047,5.9977617263793945,6.159666061401367,6.265420913696289,5
0.4864879091330952,40.38360542159787,0.6039559520123945,2.984147508144215,2.7099817328695828,0.8583028316497803,2.4861059188842773,3.664871215820313,4.241097450256348,4.513586521148682,4.676215171813965,4.790734767913818,4.877150058746338,22
0.8104992725147286,33.29543716864967,2.138681793964236,2.0390600770469423,2.107904680667554,0.5072402954101562,1.190244197845459,1.627309799194336,1.9057605266571045,2.1063809394836426,2.2691893577575684,2.4037394523620605,2.515768527984619,18
0.6703975012188843,73.0605006234821,99.84828432194809,2.220883592577797,2.0493015839890654,0.3293612003326416,0.6736645698547363,0.922072172164917,1.1018741130828855,1.242176532745361,1.3557069301605225,1.4491353034973145,1.5315046310424805,10
0.6045124523763258,26.317073035001787,12.328660149871473,2.239045163914239,2.043275272856838,0.7130908966064453,1.884290218353272,2.583462238311768,2.919538974761963,3.1027255058288574,3.2325496673583984,3.329197406768799,3.416750431060791,22
0.9626489189052754,23.52255986465659,5.565913134783271,2.590459576069009,2.7007440132585785,0.598557710647583,1.486011266708374,2.0888383388519287,2.470066785812378,2.742107629776001,2.955497026443481,3.131962537765503,3.2843363285064697,18
0.8838458861255207,65.70272279056763,4.389161497781157,2.535314259565648,2.5910571420898223,0.3907899856567383,0.8328897953033447,1.185964822769165,1.4659607410430908,1.691972732543945,1.880235195159912,2.0406970977783203,2.1798672676086426,8
0.7302691788248801,6.260370796350627,6.044091310683022,2.9635558574403733,2.9316643942872447,1.0963125228881836,3.297752857208252,5.077226638793945,6.015644073486328,6.468205451965332,6.770016670227051,7.009519577026367,7.1866559982299805,6
0.6853265417046623,12.638426999682576,1.1364727131188654,2.1707298219966384,2.628713833685032,0.925227165222168,2.7024853229522705,3.9603331089019775,4.539595603942871,4.808429718017578,4.979301452636719,5.0973711013793945,5.196315765380859,5
0.6547832049478093,28.24994522288252,52.98088942527562,2.403614870197421,2.130433192004887,0.6303579807281494,1.646144151687622,2.256732702255249,2.552268743515014,2.721846342086792,2.8390824794769287,2.938217878341675,3.017527341842652,19
0.5148030947532951,83.00713214427493,0.5291938828178453,2.798357777676592,2.059798241195281,0.5059189796447754,1.2322969436645508,1.6920547485351562,1.948072910308838,2.121924877166748,2.2600040435791016,2.372159481048584,2.471176624298096,18
0.4956989727710941,68.41811707697833,0.7319539260116402,2.1144495584572343,2.812347110465604,0.6501078605651855,1.819129228591919,2.561529397964477,2.8912699222564697,3.062410593032837,3.1851656436920166,3.288203954696656,3.373960256576538,22
0.8355364909505814,19.91864306221083,1.61221864977239,2.607959238011043,2.343911700495886,0.6864743232727051,1.7734224796295166,2.461755514144897,2.8525002002716064,3.1104929447174072,3.3030002117156982,3.45911717414856,3.591663122177124,22
0.4880822442498848,89.57305436476318,1.30143526612314,2.082487944995242,2.9493326503387154,0.578418493270874,1.5750885009765625,2.2077057361602783,2.5046818256378174,2.6796658039093018,2.80892300605774,2.9191410541534424,3.0113871097564697,18
0.9514416435935816,13.481840237146615,144.14604213011168,2.5196681907806284,2.3872270275474823,0.5486218929290771,1.3823750019073486,1.918065071105957,2.1967148780822754,2.360708236694336,2.470095157623291,2.5563836097717285,2.6276602745056152,20
0.6922516747806261,61.679719814568735,2.351008808422288,2.112265314696296,2.3919490667722654,0.4760735034942627,1.1158151626586914,1.5396301746368408,1.812145471572876,2.0124075412750244,2.172293901443481,2.3044145107269287,2.419539213180542,18
0.4280064355624015,35.42298720706913,1.3006428119277982,2.094498474414291,2.651091285193416,0.8781931400299072,2.6301815509796143,3.930667161941528,4.500022888183594,4.682168006896973,4.776571273803711,4.842598915100098,4.892725944519043,22
0.5248684543898713,8.311653926672403,10.02819028157606,2.596158757641288,2.9889188191205296,1.1361277103424072,3.591179609298706,5.888836860656738,7.281518936157227,7.803823471069336,7.969581604003906,8.056376457214355,8.120609283447266,6
0.6960409579654896,26.49848941744962,36.52878712714826,2.4606252965599014,2.389048846598925,0.6808726787567139,1.821805477142334,2.5324254035949707,2.88731336593628,3.0895562171936035,3.233229637145996,3.347720146179199,3.444417953491211,23
0.8082478923600616,86.03888610094648,0.5643597249641744,2.72530524012772,2.534923466297058,0.3720204830169678,0.7793402671813965,1.108531475067139,1.3733656406402588,1.5897581577301023,1.7713029384613037,1.92688250541687,2.061666250228882,8
0.8295430159615484,6.857893592943527,111.99398287683668,2.0156852459592765,2.7929090043996303,0.7587203979492188,2.226292133331299,3.249998092651367,3.684452533721924,3.8197059631347656,3.8682470321655273,3.895086288452149,3.91744613647461,23
0.4474448144216976,7.18363628809234,1.7780301383629138,2.462608037339564,2.2801735488313764,1.124342441558838,3.512123107910156,5.7356791496276855,7.095804691314697,7.605024814605713,7.728090763092041,7.802161693572998,7.861765384674072,5
0.5752017135616829,47.85734696405077,197.87348577543503,2.2036769859907457,2.7562888202117146,0.4904088973999023,1.2541377544403076,1.7378878593444824,1.935624599456787,2.0271053314208984,2.092947006225586,2.1469521522521973,2.1919384002685547,1
0.4111542654809655,96.48008092107936,78.39341461646531,2.082570099064988,2.5818754989190897,0.5135612487792969,1.3319306373596191,1.8253147602081297,2.0227386951446533,2.1309492588043213,2.2128946781158447,2.2809178829193115,2.340193033218384,0
0.935584259623892,11.484051928071622,0.8951372360931573,2.5860046778043064,2.3488366526793976,0.744884729385376,1.935638189315796,2.691304445266724,3.124565839767456,3.407400369644165,3.6219284534454346,3.7909634113311768,3.9356558322906494,22
0.7887608026236681,161.1526428797848,1.3983172455585955,2.352096714326967,2.275753875281852,0.2101290225982666,0.3772156238555908,0.536135196685791,0.6813666820526123,0.8137986660003662,0.935450315475464,1.04673171043396,1.148909330368042,15
0.6594290489745835,33.46128451101152,50.02084105240282,2.6217928809842115,2.5605719794197133,0.6676208972930908,1.8079259395599363,2.542151689529419,2.905351400375366,3.105310678482056,3.245685815811157,3.356101751327514,3.4520504474639893,23
0.4649039251311267,29.51331354256839,74.55260929727885,2.698318207473247,2.827910392040539,0.8307783603668213,2.480272054672241,3.7464425563812256,4.340238571166992,4.547697067260742,4.623011589050293,4.6607666015625,4.690959930419922,23
0.7358827366463815,17.03583338854665,5.6517894586562125,2.753469106298428,2.290735208661772,0.7930254936218262,2.134191036224365,2.994436264038086,3.451341152191162,3.7271809577941895,3.919395446777344,4.073131561279297,4.189572811126709,22
0.7784232755913887,87.03528322628135,4.211526882284326,2.0830239723129003,2.559028721324599,0.3489794731140136,0.7261435985565186,1.028223752975464,1.2709040641784668,1.469163417816162,1.635733127593994,1.7794394493103027,1.9039571285247805,8
0.7587421842777824,77.09756645967812,2.986068789110369,2.5171664304623143,2.4557077884864187,0.407771348953247,0.8898756504058838,1.2534825801849363,1.5256056785583496,1.7378559112548828,1.9117546081542969,2.059637546539306,2.187072277069092,18
0.3498585119905198,99.95729649869074,6.514188827912387,2.5035326115099483,2.4900511740665205,0.6443464756011963,1.773393154144287,2.4917778968811035,2.783557415008545,2.9204373359680176,3.0117478370666504,3.0865354537963867,3.151700973510742,22
0.5082833593580443,175.0048640052721,32.686259672076176,2.826065948296341,2.332207720235116,0.317136287689209,0.6203160285949707,0.850459098815918,1.0328004360198977,1.182703733444214,1.30924391746521,1.4186060428619385,1.5135953426361084,9
0.3640486699992933,149.19791337924505,53.73800183081119,2.8026416844273827,2.1005110309197863,0.3950111865997314,0.8751649856567383,1.1697752475738523,1.3331871032714844,1.448503017425537,1.5391249656677246,1.614516258239746,1.6827964782714844,9
0.4718961392371597,18.011094109289875,22.304475308554185,2.108172864563848,2.6866517359294475,0.9549238681793212,2.931539297103882,4.545499801635742,5.31960391998291,5.540751457214356,5.61375904083252,5.664472579956055,5.703164100646973,7
0.4656485597035575,11.991175639633036,0.5022637699131928,2.820648522481573,2.318504661015744,1.080547332763672,3.2594501972198486,5.082198143005371,6.034994125366211,6.392810821533203,6.593442916870117,6.753072738647461,6.869344711303711,5
0.948807409640288,10.097653681683244,36.95164485166968,2.643598854306208,2.9587459553387387,0.7934424877166748,2.212313175201416,3.17191743850708,3.685647010803223,3.988269329071045,4.199842929840088,4.359552383422852,4.4943013191223145,23
0.5287956728135943,24.04246954923453,151.0835887030715,2.9717221740588613,2.6944235428162586,0.7163665294647217,2.061934471130371,3.040201187133789,3.46059799194336,3.597987651824951,3.64064359664917,3.662840843200684,3.682812213897705,23
0.82082083916137,34.12926225458407,0.7542245213264576,2.1114467627674025,2.6361019739065696,0.5663411617279053,1.4134492874145508,1.9578502178192136,2.289937257766724,2.52349066734314,2.70789647102356,2.859184980392456,2.990180730819702,18
0.3388652714748257,41.16219830300958,2.4147976799263486,2.247345606008735,2.4593611079083906,0.903200387954712,2.69881558418274,4.067865371704102,4.669371604919434,4.842085838317871,4.92805290222168,4.980146408081055,5.021324157714844,22
0.7762397773724208,157.36075276688442,142.3066944670894,2.591265239001378,2.9719503731932777,0.2385540008544922,0.4128992557525635,0.576585054397583,0.7244613170623779,0.8577420711517334,0.9790332317352296,1.0899112224578855,1.1906490325927734,17
0.503607796917608,21.697643875223743,2.158428901824151,2.9544058745985904,2.189556632330456,0.916433811187744,2.6067662239074707,3.783750534057617,4.346304893493652,4.645771026611328,4.849715232849121,4.981136322021484,5.091970443725586,22
0.8618744457144649,9.002781582126829,2.219672777367573,2.761712528575392,2.663420074617303,0.9050338268280028,2.530862331390381,3.635119915008545,4.219621658325195,4.568071842193604,4.814879894256592,5.009727478027344,5.160332679748535,6
0.9613661690418628,25.72196572452216,2.21094588640553,2.302338468873013,2.5017265793131367,0.5434298515319824,1.2981183528900146,1.8128159046173096,2.154568910598755,2.404754877090454,2.604661226272583,2.770394086837769,2.9122097492218018,18
0.5983581918487029,8.649418839851007,2.8115246393722675,2.351932337035872,2.089973332528272,0.9915475845336914,2.8506994247436523,4.183290481567383,4.813289642333984,5.122677326202393,5.327949047088623,5.459789276123047,5.564175605773926,6
0.6962534593168126,24.08159592841724,51.93519154866069,2.068616846601835,2.431437844667265,0.6616544723510742,1.77559494972229,2.446472406387329,2.7555105686187744,2.92102313041687,3.0407164096832275,3.1335251331329346,3.211026906967163,23
0.4756031398922761,32.12674068612965,0.6749210501287708,2.7397335906526967,2.2179531867116693,0.8396203517913818,2.360201120376587,3.378464460372925,3.859988451004028,4.104994773864746,4.249800682067871,4.361297607421875,4.439698219299316,22
0.9370819887778968,15.774414313100722,6.2372016740126135,2.188731974986192,2.598637036572679,0.6717724800109863,1.7397887706756592,2.4076414108276367,2.790555477142334,3.0472536087036133,3.2423667907714844,3.401902198791504,3.5376901626586914,18
0.5103361624108131,122.47357840689422,78.29383320781027,2.9851109652987704,2.468650697279126,0.4040958881378174,0.8875937461853027,1.2232608795166016,1.4435524940490725,1.6030535697937012,1.733208179473877,1.841510772705078,1.9303231239318848,20
0.8248530109251626,52.203913103422586,116.11378064546696,2.359570303636797,2.0942588831653377,0.3303775787353515,0.678220272064209,0.9409112930297852,1.139589786529541,1.2951972484588623,1.4208776950836182,1.5276262760162354,1.6184563636779783,10
0.4003170752733824,81.31510741606631,212.59705569218548,2.436088336277613,2.786302346864428,0.4827101230621338,1.225841045379639,1.6981968879699707,1.8582510948181152,1.9166364669799805,1.9621257781982424,2.001147747039795,2.0349574089050293,1
0.7471771575655513,15.2078285149241,238.86756861416004,2.710679377415164,2.3282522500177096,0.5150704383850098,1.315415620803833,1.802816152572632,1.962652921676636,1.9980113506317136,2.014239549636841,2.0281989574432373,2.04017186164856,1
0.7064877881677798,19.112888052802155,67.65545244095878,2.096636657608041,2.775821463175059,0.723684549331665,2.065816640853882,2.9495222568511963,3.3364346027374268,3.5158073902130127,3.615954160690308,3.696319818496704,3.766069650650024,23
0.7673417594131586,15.95410479675305,64.88488932869286,2.370496380898922,2.8612109353844017,0.755171537399292,2.14811635017395,3.0906107425689697,3.5383946895599365,3.7558281421661377,3.8881642818450928,3.982331514358521,4.066035270690918,23
0.8174713705908108,10.560231341317005,3.3639651581005645,2.7076924097544093,2.34995815646988,0.8558478355407715,2.324949026107788,3.277324914932251,3.7886884212493896,4.0955095291137695,4.317317962646484,4.489036560058594,4.625679969787598,22
0.5676892832386773,85.80171066623416,58.34450738048399,2.0961914199981417,2.49436636035937,0.435847520828247,1.0127346515655518,1.3868613243103027,1.6116328239440918,1.7725887298583984,1.899889707565308,2.005202531814575,2.0938870906829834,19
0.5852690418033404,8.76662862463513,215.3931843152083,2.495208342405314,2.3107167223970952,0.6365149021148682,1.785297393798828,2.549844741821289,2.7678990364074707,2.774669647216797,2.7746400833129883,2.7743191719055176,2.773943424224853,1
0.8621750375365587,32.53402527646476,0.8037900555222343,2.9772364987731663,2.660494757265898,0.6021056175231934,1.5014214515686035,2.122898578643799,2.5101442337036133,2.781161308288574,2.992248058319092,3.168147563934326,3.3188838958740234,18
0.4343960883280772,13.025219487951084,0.5569500961035057,2.884553885565305,2.549582064298438,1.1138052940368652,3.426944732666016,5.480625629425049,6.640915393829346,7.053380489349365,7.21002721786499,7.352174282073975,7.452085018157959,5
0.5891867859685436,8.609426187257053,3.434611870869462,2.7446218863974963,2.946198376194033,1.124720573425293,3.4887478351593018,5.5616655349731445,6.723668098449707,7.192728996276856,7.419763565063477,7.594562530517578,7.724186897277832,6
0.8340056603665273,33.14135190203889,3.527005637677403,2.2225858838441788,2.056501984220279,0.5023083686828613,1.1748099327087402,1.620469570159912,1.9083271026611328,2.1202926635742188,2.288264274597168,2.426090240478516,2.5475049018859863,18
0.4583658740284472,9.172697243353472,166.71361189857006,2.438646730322972,2.2140006275358064,0.7091588973999023,2.0332579612731934,2.96183443069458,3.2666501998901367,3.2996792793273926,3.3001675605773926,3.300302028656006,3.30027723312378,0
0.983984038866866,56.17431545243944,65.6009405319598,2.4986492707069576,2.424565480061647,0.3268592357635498,0.6651217937469482,0.9478015899658204,1.1834750175476074,1.379108190536499,1.544919490814209,1.6879477500915527,1.811741828918457,10
0.5016338237420054,174.08155704159788,93.41129940263563,2.683134123996456,2.487929913702836,0.299844741821289,0.5634629726409912,0.7615556716918945,0.9223580360412598,1.0555088520050049,1.1685173511505127,1.2666471004486084,1.3518986701965332,10
0.5649346382561934,139.74669733064508,56.58693106910028,2.1546697426249,2.6812935393615365,0.3330335617065429,0.6791763305664062,0.9394655227661132,1.1410820484161377,1.302532196044922,1.4379050731658936,1.5519673824310305,1.6499390602111816,9
0.7916272629334357,103.80252581147997,31.38191025918611,2.8859907278431165,2.5671216290738896,0.3361978530883789,0.6767652034759521,0.9595174789428712,1.1964340209960938,1.394850730895996,1.5639290809631348,1.710860252380371,1.8385610580444336,9
0.8472209587871726,18.942506620953687,11.882464977631177,2.967086284913889,2.404038393114861,0.6977453231811523,1.8178787231445312,2.5472488403320312,2.964677333831787,3.23891830444336,3.4430365562438965,3.607515335083008,3.7466325759887695,22
0.7903704407512434,54.53444953239419,63.09443497100615,2.2868265697460464,2.160749192961843,0.378828763961792,0.8150091171264648,1.1337358951568604,1.3649849891662598,1.5421209335327148,1.6848604679107666,1.8047358989715576,1.9075171947479248,10
0.6792341751499502,69.75663757754627,5.126637833613983,2.5660748724415767,2.384468428878321,0.4765574932098388,1.1154441833496094,1.5550587177276611,1.83870530128479,2.045161008834839,2.212050199508667,2.3497493267059326,2.466254949569702,18
0.8991473497877434,28.89376741348569,30.376446792705444,2.748445312962975,2.839727731931666,0.5936579704284668,1.491342067718506,2.1112756729125977,2.492408275604248,2.7565155029296875,2.9610486030578613,3.1305460929870605,3.2761330604553223,19
0.4995920595550616,106.0204869817408,4.375562596347914,2.8047551283203536,2.474195180621333,0.5054590702056885,1.2341346740722656,1.7155733108520508,1.986060619354248,2.167811393737793,2.3105287551879883,2.430508136749268,2.5304269790649414,18
0.7080820762819868,6.580613946981041,10.42749653552444,2.5974316631691194,2.7749380512015818,1.0602233409881592,3.1932713985443115,4.889324188232422,5.760955810546875,6.142287254333496,6.382360458374023,6.559062004089356,6.6790771484375,6
0.4470962629731581,187.3877955303195,0.5362167609579923,2.0000690673278765,2.284566869874195,0.3081448078155517,0.6064317226409912,0.8262083530426025,0.9958095550537108,1.1318650245666504,1.2456963062286377,1.3435308933258057,1.426461696624756,8
0.6039577340515863,17.104654680503234,5.516596002305261,2.18428056906677,2.025228200340768,0.8272755146026611,2.2581982612609863,3.152169704437256,3.5598506927490234,3.780258655548096,3.9254074096679688,4.0252838134765625,4.098485469818115,22
0.4734395708506709,184.85458426993463,2.0265613849076187,2.884338944582282,2.295084957035069,0.3318767547607422,0.6649580001831055,0.9133017063140868,1.1047921180725098,1.258918285369873,1.3883957862854004,1.4983282089233398,1.5944828987121582,8
0.9579509201116628,8.922311005426701,3.78977465905846,2.625120218986232,2.546875212793316,0.8117129802703857,2.1737852096557617,3.05468225479126,3.550520896911621,3.8651022911071777,4.096956253051758,4.279477596282959,4.427766799926758,22
0.7945777469865682,94.73535552434356,4.396142664624666,2.0029068296156223,2.1050354130394533,0.2685005664825439,0.5231509208679199,0.7416214942932129,0.9275498390197754,1.0874533653259275,1.2257471084594729,1.347097873687744,1.4538860321044922,8
0.8398144057025099,119.90069734323816,0.5779616737806222,2.445905403776471,2.277434691338992,0.2523887157440185,0.4748353958129883,0.6783578395843506,0.8588900566101074,1.0186400413513184,1.1611604690551758,1.289180040359497,1.403273582458496,8
0.7349656768243527,23.447327546481965,29.689586271057067,2.6918294909380087,2.7405379370897185,0.7416870594024658,2.0462801456451416,2.909391164779663,3.3494389057159424,3.599151849746704,3.7691709995269775,3.905904531478882,4.014350891113281,23
0.5474795299419477,142.89751404878697,2.3413129991280672,2.855377490840909,2.304678447851386,0.3576407432556152,0.7450122833251953,1.0345509052276611,1.253112554550171,1.427586317062378,1.5722758769989014,1.6950352191925049,1.7999064922332764,8
0.7603360100091463,7.081718484763534,214.10580473682663,2.7825404056468304,2.431065787191373,0.6328737735748291,1.751235008239746,2.491321563720703,2.746189594268799,2.78079891204834,2.780708312988281,2.7808971405029297,2.780883312225342,1
0.8186863372058806,24.96364149459354,2.475835950820018,2.1904266053023016,2.9767861463244416,0.6795868873596191,1.8427677154541016,2.5855398178100586,2.986448287963867,3.2410683631896973,3.431687355041504,3.585836410522461,3.7168664932250977,22
0.8732642745648087,23.25933526941256,10.86916191748097,2.7181660841829216,2.308359822197627,0.6143589019775391,1.5385491847991943,2.144243001937866,2.5071046352386475,2.75502610206604,2.9464991092681885,3.1062662601470947,3.2418529987335205,18
0.9486267320936788,12.519073423913076,6.887222450052007,2.6402708685733898,2.952752850252126,0.7818920612335205,2.142107963562012,3.048468589782715,3.550992965698242,3.864799022674561,4.098998546600342,4.284826278686523,4.436825275421143,22
0.7503839179825456,18.664912594652662,0.7974344648668857,2.5849402958482663,2.1802395562600347,0.7383823394775391,1.93198561668396,2.6778404712677,3.079964399337769,3.32960057258606,3.5107362270355225,3.650600671768189,3.774211168289185,22
0.7105767910883825,193.6685469341936,2.506651774504604,2.9049773551082843,2.183680554754941,0.2129640579223632,0.3741781711578369,0.527961254119873,0.6669430732727051,0.7938172817230225,0.9102215766906738,1.0171780586242676,1.1148152351379397,15
0.3211712517488989,102.96610628810886,26.65016762955308,2.660237312235377,2.7516226867191778,0.6857109069824219,1.9634323120117188,2.8553237915039062,3.2272257804870605,3.356375217437744,3.4278664588928223,3.489736557006836,3.545886516571045,23
0.8060662411056949,8.542861530405075,2.0918796238145294,2.006294017003029,2.033837412379088,0.8295896053314209,2.197592735290528,3.030106544494629,3.4484825134277344,3.691463947296143,3.8577866554260254,3.987338066101074,4.088418006896973,22
0.9005749475325273,77.37322458784699,190.1003831212797,2.532964264113889,2.180798654324009,0.2203075885772705,0.3880152702331543,0.5368647575378418,0.6660912036895752,0.7783722877502441,0.8775241374969482,0.9652888774871826,1.04272198677063,17
0.6463617083763938,17.83422955823228,11.509457378846204,2.267769355232349,2.989974948378271,0.8943524360656738,2.667896509170532,3.975342035293579,4.5944671630859375,4.858758926391602,5.0023298263549805,5.11781120300293,5.202719688415527,6
0.3470743226865272,13.202313387142642,1.6717464699421172,2.0209631298041,2.413053096675739,1.0802185535430908,3.428575038909912,5.654189586639404,7.062537670135498,7.526247501373291,7.566392421722412,7.580783367156982,7.593235492706299,5
0.3715190598323135,41.58115183064392,3.6741616046837495,2.1988727846040343,2.446624138154525,0.8683538436889648,2.562469005584717,3.8069872856140137,4.331046581268311,4.4989399909973145,4.582235813140869,4.639404773712158,4.686326503753662,22
0.782963583693421,6.63139359493681,18.536799385908964,2.729691370437115,2.998985586830888,1.0225532054901123,3.0552804470062256,4.645811080932617,5.472076416015625,5.853055953979492,6.096377372741699,6.277437210083008,6.396912574768066,6
0.8494229200492436,181.3397502078089,4.825525591839203,2.929196224808916,2.4325169291255926,0.2057204246520996,0.3619930744171142,0.5143518447875977,0.6568021774291992,0.7882344722747803,0.910621166229248,1.0247011184692385,1.1300301551818848,15
0.4426315726150163,26.38665307377433,137.63645611567878,2.563690190399423,2.8726443433346467,0.7605950832366943,2.2609851360321045,3.4114644527435303,3.919515371322632,4.035351753234863,4.055661201477051,4.065058708190918,4.074577331542969,23
0.5876151253325282,57.1552441995751,17.39701831919193,2.422847618207891,2.154445360313305,0.5421984195709229,1.3449110984802246,1.8362271785736084,2.0980827808380127,2.274895429611206,2.406817674636841,2.522922277450561,2.615257978439331,19
0.7573063954518804,73.663711694574,98.06219472391912,2.1205480055176293,2.153277558090516,0.3035061359405517,0.6034579277038574,0.8374087810516357,1.0220179557800293,1.1717746257781982,1.2960782051086426,1.4015884399414062,1.4923982620239258,10
0.9842868725300352,13.647848472579152,198.02759411096983,2.2703991921195903,2.0391996695688253,0.4116044044494629,0.931898832321167,1.257098913192749,1.4277501106262207,1.5271985530853271,1.5946557521820068,1.64351224899292,1.6822295188903809,20
0.8706203805563832,49.18603180341126,10.311918212158137,2.424658700608336,2.622605708916768,0.4604218006134033,1.047923564910889,1.4788737297058103,1.7900068759918213,2.027289628982544,2.219709634780884,2.3810298442840576,2.519150972366333,18
0.6500462274693533,72.75741178683325,9.844198910189942,2.6153806264319903,2.365134737460506,0.4738385677337646,1.109187364578247,1.5435974597930908,1.819729566574097,2.020599603652954,2.1786553859710693,2.3127872943878174,2.426727056503296,18
0.794898724054443,79.15414995637784,95.7460659063214,2.333411699770888,2.360111969479571,0.3078439235687256,0.6107220649719238,0.8544647693634033,1.0526123046875,1.2148184776306152,1.352174997329712,1.46950364112854,1.5713906288146973,10
0.8007800299211345,27.369450576861485,51.45605522805534,2.8229919681616145,2.498850963231341,0.6150176525115967,1.5846173763275146,2.222749948501587,2.5769612789154053,2.805393934249878,2.97746205329895,3.116389513015747,3.2322022914886475,19
0.6174936377921452,70.77950250951046,249.3497095354057,2.833040410200988,2.1100629929285493,0.2870280742645263,0.5276541709899902,0.6828556060791016,0.7929537296295166,0.8769717216491699,0.9450485706329346,1.001108169555664,1.048255443572998,10
0.6437806262891556,21.745757727722555,0.9779465751047196,2.5802822425458505,2.055820403955626,0.7724013328552246,2.062023401260376,2.869065046310425,3.28006911277771,3.522146463394165,3.683227777481079,3.817461252212525,3.9156219959259033,22
0.468942581568964,16.451031627031206,3.82542862965102,2.074213989912289,2.422143390679642,0.9837732315063475,2.955830335617065,4.491849899291992,5.202732086181641,5.430962562561035,5.539708137512207,5.614335060119629,5.663614273071289,6
0.5746140364352432,7.095763213683241,2.4431872596498505,2.890315566841532,2.104499561981473,1.0509026050567627,3.080648899078369,4.635847091674805,5.424238681793213,5.804159641265869,6.091421604156494,6.320663928985596,6.483192920684815,6
0.8880614277393479,9.929085955375294,30.66112460244253,2.341600632475032,2.647921487851825,0.7975718975067139,2.213963031768799,3.1362595558166504,3.6051974296569824,3.867746829986572,4.049479007720947,4.184165954589844,4.298127174377441,23
0.7808821806739996,145.86828059151185,7.465299966020879,2.984988855708542,2.525290818864105,0.2759232521057129,0.5173256397247314,0.7354879379272461,0.9294042587280272,1.1011619567871094,1.254500389099121,1.3921914100646973,1.5154738426208496,9
0.9827715674761052,95.84684762382494,1.633373283035464,2.736595843049108,2.816030289954732,0.3048615455627441,0.5881991386413574,0.8488883972167969,1.08135724067688,1.287647008895874,1.4713561534881592,1.6346170902252195,1.7805416584014893,8
0.7329762398722601,202.7622294569928,1.485409715676976,2.544443164569083,2.558830401352472,0.215104341506958,0.3773303031921386,0.532890796661377,0.6758406162261963,0.8066906929016113,0.9273757934570312,1.0389187335968018,1.1415224075317385,15
0.9928094535502908,10.877550536281214,20.19683673947809,2.5932975643751006,2.5240985900636046,0.7197213172912598,1.8814313411712649,2.63091254234314,3.063467741012573,3.3461248874664307,3.55661940574646,3.727129220962525,3.8716299533844,23
0.4620922774602902,36.81529253272453,8.164825274751703,2.818128048075012,2.430980986698806,0.8375964164733887,2.39145302772522,3.4660027027130127,3.970463991165161,4.207807540893555,4.35741138458252,4.45125675201416,4.524255752563477,22
0.7689175729432625,8.938974034250291,32.34968393741405,2.924313627924464,2.0856034205937344,0.8285491466522217,2.2509074211120605,3.1704015731811523,3.653311252593994,3.941223621368408,4.140360355377197,4.269091606140137,4.380285263061523,23
0.3184357163690446,210.4666908806537,1.2908840823670773,2.518964152442214,2.528481054352211,0.4301576614379883,0.9953794479370116,1.3507130146026611,1.540274143218994,1.667347431182861,1.7721762657165527,1.860402584075928,1.935518741607666,18
0.3129496858191648,25.02492608366869,4.411891875060936,2.4195210917420744,2.583401105300186,1.0487215518951416,3.2618439197540283,5.26097583770752,6.413208961486816,6.746771812438965,6.79620361328125,6.827622413635254,6.849736213684082,6
0.7680009758227215,32.91267032981486,3.651718143027142,2.6651502849584494,2.549364637610803,0.635662317276001,1.634899616241455,2.2830452919006348,2.651985645294189,2.893484592437744,3.080265045166016,3.2339086532592773,3.363768577575684,18
0.7456098955309841,45.02782477619728,30.210002165271224,2.7968720581772937,2.268900995124647,0.5126845836639404,1.2316398620605469,1.7190022468566897,2.019381523132324,2.230854034423828,2.396928310394287,2.531151294708252,2.6508026123046875,19
0.9883471953952472,27.50039446551229,2.2491871069073146,2.807866616012353,2.5530183709677035,0.5373938083648682,1.27327299118042,1.8005318641662598,2.159867763519287,2.425976753234864,2.63798189163208,2.8152313232421875,2.9676947593688965,18
0.6681597108775577,177.64719274535523,5.499563370247539,2.9106850802905884,2.583049408158976,0.282825231552124,0.5273962020874023,0.7412533760070801,0.929180383682251,1.093982219696045,1.239940166473389,1.3701438903808594,1.4860849380493164,9
0.6884676320250571,8.533664262008635,0.6664854606599522,2.297813142565372,2.813985384658095,1.0286190509796145,3.108569860458374,4.739090919494629,5.5493574142456055,5.892189025878906,6.095203399658203,6.236139297485352,6.348857879638672,5
0.3033324004964056,67.30272779206075,3.5837005621776754,2.0245137420483226,2.87745165965618,0.8239071369171143,2.525474071502685,3.85905122756958,4.443493843078613,4.587733745574951,4.638398170471191,4.674196720123291,4.705838680267334,22
0.8161906602848503,72.85161536373262,264.522357328407,2.5670860779990976,2.962883146964786,0.3080077171325683,0.5898685455322266,0.8070995807647705,0.9843435287475586,1.1288025379180908,1.2498602867126465,1.352097988128662,1.4402482509613037,10
0.3139218224775413,14.911949613052585,1.365031032612536,2.7699855376120923,2.271277238241324,1.108614444732666,3.455410480499268,5.678949356079102,7.074552536010742,7.555342674255371,7.631982803344727,7.688387870788574,7.7383623123168945,5
0.8823868216967867,7.878593248544602,95.78460867814964,2.7004637643993483,2.894913972998956,0.800668478012085,2.30499005317688,3.373197317123413,3.9005205631256095,4.151371955871582,4.283452987670898,4.370541572570801,4.431990623474121,23
0.8006504967239472,40.089821649002005,6.897705900882516,2.4921674242165435,2.058535200068649,0.4847011566162109,1.129044771194458,1.5686945915222168,1.8553781509399407,2.066372871398926,2.234557628631592,2.3748202323913574,2.4953103065490723,18
0.9276248426692786,117.85007305558725,153.0643412518894,2.4302920485723813,2.6190121099511465,0.204230785369873,0.3551914691925049,0.5002386569976807,0.6324126720428467,0.752744197845459,0.8632402420043945,0.964942216873169,1.0576186180114746,17
0.7219378798894918,20.56706184820708,167.52030501926677,2.634861525265749,2.7054964642328407,0.6144857406616211,1.6740665435791016,2.3801517486572266,2.6835341453552246,2.8052549362182617,2.871178150177002,2.919652938842773,2.963381767272949,23
0.848845793106594,35.47978544369708,2.4559706526083662,2.1941704990281616,2.531397750372589,0.5331079959869385,1.2855868339538574,1.784924030303955,2.105189800262451,2.337594509124756,2.5217361450195312,2.674801826477051,2.8053016662597656,18
0.5395122480764483,20.24117574366636,0.6327742824313944,2.215679107855185,2.704540197797341,0.943279504776001,2.82242488861084,4.23972749710083,4.899065017700195,5.151576519012451,5.285716533660889,5.376983642578125,5.458414077758789,5
0.3100096517795291,6.190875093944948,30.59962913611045,2.026604636875324,2.1721624360781697,1.0397562980651855,3.297142505645752,5.5120720863342285,7.030012607574463,7.537431240081787,7.547325611114502,7.547873020172119,7.548403263092041,7
0.3495893156078826,135.4760373250069,86.61112663679904,2.227883427122824,2.233923406041673,0.4116191864013672,0.938035011291504,1.2412631511688232,1.383133888244629,1.4790480136871338,1.5557911396026611,1.618849277496338,1.6721150875091553,20
0.5419242372113776,17.444154070731962,3.3685895333213964,2.0378690440477025,2.123794883811827,0.8852763175964355,2.5154929161071777,3.5944137573242188,4.063136577606201,4.269522190093994,4.381394863128662,4.47130298614502,4.542786598205566,22
0.43924824464559,65.35533103237516,2.896180569916916,2.0594263782184115,2.5163681656366603,0.6818068027496338,1.9028222560882568,2.665032148361206,2.976752519607544,3.116523504257202,3.218463659286499,3.302688837051392,3.373046636581421,22
0.328454356177877,21.48448993073177,15.33631440794716,2.213315900564181,2.389815879792376,1.0020134449005127,3.083968162536621,4.887896537780762,5.852194309234619,6.089132785797119,6.127838611602783,6.151978969573975,6.170716762542725,6
0.9213649855040992,182.29577861212024,7.110082044351681,2.5149157318913824,2.635308644302801,0.1934220790863037,0.338871955871582,0.4803555011749267,0.617274284362793,0.7449362277984619,0.8647534847259521,0.9774208068847656,1.083103895187378,15
0.555879437699315,11.628192991234904,19.37256817981649,2.8453030830900903,2.9983912767038863,1.0685348510742188,3.282372236251831,5.196310043334961,6.233213424682617,6.631241798400879,6.8222503662109375,6.95218563079834,7.042594909667969,6
0.6357011273806881,74.30953177227856,52.47123209722809,2.4484354799723542,2.588872377021822,0.47115159034729,1.116788387298584,1.552013874053955,1.8171124458312988,2.0053486824035645,2.153743267059326,2.2738146781921387,2.381168842315674,19
0.5194839330930546,19.30028176186617,83.63846746076993,2.1411854764294374,2.776882148930553,0.8139345645904541,2.449218511581421,3.6907222270965576,4.226930618286133,4.371370315551758,4.4127960205078125,4.435264587402344,4.454567909240723,23
0.8501892363794399,188.9137757757036,1.3901634354279222,2.7060496486713035,2.2017757670329754,0.1807458400726318,0.3139863014221191,0.4446654319763183,0.5678443908691406,0.682440996170044,0.7904317378997803,0.8910131454467773,0.985222339630127,15
0.9864084914907842,19.07659402875468,43.34024609705503,2.7628286580971726,2.8963098758063976,0.6275804042816162,1.605863094329834,2.2766571044921875,2.683417797088623,2.960792064666748,3.1743483543396,3.3485918045043945,3.495420455932617,19
0.8058778695246125,6.659309456484869,90.963307020982,2.3770558453113466,2.201153448577987,0.7613730430603027,2.1133553981781006,2.988990068435669,3.375353574752808,3.547151803970337,3.627480745315552,3.66973614692688,3.70003342628479,23
0.8009248490720504,42.23191757574144,3.5472936445599186,2.804152734339277,2.945668961216044,0.6016709804534912,1.5258064270019531,2.1657071113586426,2.5539798736572266,2.820368766784668,3.0279107093811035,3.1994872093200684,3.3479156494140625,18
0.7524098110546225,15.313157839785797,6.053865354550719,2.9076362658579926,2.7288791811411293,0.8749856948852539,2.469651222229004,3.567795753479004,4.140417575836182,4.464152812957764,4.686556339263916,4.856718063354492,4.98587703704834,22
0.3609352908447861,9.728680501893784,39.8609183827494,2.1916224668744704,2.4772409787987426,1.0262300968170166,3.226670265197754,5.286236763000488,6.5672383308410645,6.929585933685303,6.936183452606201,6.939500331878662,6.941634654998779,7
0.4886431559121149,38.18280273819409,10.66203964165868,2.9478559398429702,2.268236943638027,0.7818841934204102,2.175722599029541,3.0978989601135254,3.5451488494873047,3.777988910675049,3.9176621437072754,4.028025627136231,4.114587306976318,22
0.88764752885542,19.53122753523627,2.337814503767097,2.3989169617212363,2.541049665718771,0.6672070026397705,1.7186410427093506,2.387348890304565,2.7715260982513428,3.0287582874298096,3.225898504257202,3.386325120925904,3.5208451747894287,18
0.4531321489026481,10.928121832565116,1.4528417826491002,2.65246595400352,2.745440993129705,1.136793613433838,3.5638585090637207,5.8193888664245605,7.156149387359619,7.651113986968994,7.798258304595947,7.887984752655029,7.961018085479736,5
0.6979658323798881,15.399766823006676,1.021906868692941,2.124084755669837,2.532691288317171,0.8582932949066162,2.431881666183472,3.4719021320343018,3.954566240310669,4.19938850402832,4.364351272583008,4.477913856506348,4.580226898193359,22
0.5378297522581035,119.48839904350892,1.437907308022349,2.6641417440812027,2.486965309405219,0.4379117488861084,0.9967749118804932,1.3847813606262207,1.637187957763672,1.8240928649902344,1.9734182357788088,2.097423553466797,2.207313060760498,18
0.4164036437058138,23.67867079794709,203.8224895873606,2.9865340014963886,2.4228365204840063,0.6358780860900879,1.7803635597229004,2.5618672370910645,2.816702365875244,2.8456172943115234,2.8466596603393555,2.8479061126708984,2.849231719970703,1
0.4104860719558909,37.21321213563039,2.8358765253619405,2.6425034594506545,2.118053144242569,0.8366906642913818,2.3605637550354004,3.391084671020508,3.8530540466308594,4.0693888664245605,4.200789451599121,4.281167984008789,4.349981307983398,22
0.4529661401766143,11.181047560066752,20.801209129902915,2.8562088840374544,2.645587332418473,1.0889742374420166,3.3685553073883057,5.427447319030762,6.617510795593262,7.018078804016113,7.132687568664551,7.224729537963867,7.281529426574707,7
0.4537633074611922,46.22680472296976,30.53104921122964,2.4481005472651725,2.9825174787401423,0.801619291305542,2.387414932250977,3.557016372680664,4.089473247528076,4.289717674255371,4.381641864776611,4.443992614746094,4.504321575164795,23
0.9142978239960726,20.14244347730996,1.9959251091854304,2.173694830058346,2.847551901758527,0.6499361991882324,1.6988186836242676,2.368001699447632,2.7558720111846924,3.018651247024536,3.2197864055633545,3.3848345279693604,3.5251967906951904,18
0.8885549942582858,9.139515540562192,21.042719944822554,2.9832056357573697,2.6732453487217973,0.860975980758667,2.3915157318115234,3.427581310272217,3.989823341369629,4.325785160064697,4.563915729522705,4.746701240539551,4.892196178436279,23
0.8526118980121487,15.521172469343862,124.85028820122204,2.9153890560562856,2.5418278606684144,0.6252624988555908,1.6547255516052246,2.3331046104431152,2.67529821395874,2.865875720977783,2.987722396850586,3.07780122756958,3.155414581298828,23
0.6191301017480068,11.06483647860502,42.15636968195833,2.521938838936617,2.0172789904846016,0.8371772766113281,2.333959579467773,3.317869186401367,3.762516975402832,3.978596687316896,4.113537311553955,4.191830158233643,4.2400736808776855,23
0.8636360514662376,55.83564111797346,22.480817537624027,2.590081948489528,2.8606681186911995,0.4558675289154053,1.0322229862213137,1.4648277759552002,1.781094312667847,2.02420973777771,2.2213504314422607,2.3861663341522217,2.527963399887085,19
0.5522461807811089,200.4820484760453,1.1592545400189789,2.667421266092968,2.925008593279666,0.3299014568328857,0.6443257331848145,0.8968865871429443,1.1081571578979492,1.285254955291748,1.43800687789917,1.5704259872436523,1.6872358322143557,8
0.4728757289033938,19.49235807013132,15.767564880708944,2.3727412721851047,2.992939957227536,1.0023839473724363,3.100654363632202,4.888079643249512,5.813738822937012,6.116341590881348,6.232414245605469,6.298876762390137,6.344988822937012,6
0.9867620620286356,92.4751864277664,17.12391142686449,2.179310443038644,2.5800221644267065,0.2497844696044922,0.4756309986114502,0.6866166591644287,0.877504825592041,1.0485939979553225,1.2028696537017822,1.3415091037750244,1.4670886993408203,9
0.6490673977304637,7.87051967506704,0.7886028573596944,2.7838818523293662,2.249134451435161,1.0316555500030518,2.9871153831481934,4.409986972808838,5.124362945556641,5.504829406738281,5.784806251525879,5.996392250061035,6.150308609008789,5
0.9285010118426338,9.114717951104137,217.46808729939173,2.7408734791352067,2.157146337744648,0.5008764266967773,1.243293523788452,1.6911251544952393,1.86635422706604,1.924732446670532,1.9517977237701416,1.971076726913452,1.9865801334381104,1
0.3050790270653005,78.37673901271913,238.42713059705605,2.8752686998473704,2.1912958988527604,0.4326374530792236,1.021747589111328,1.3337621688842771,1.3906760215759275,1.4094533920288086,1.4268746376037598,1.442576885223389,1.456756591796875,1
0.5347686973960419,84.92626581379213,257.5750177549544,2.8742603787198524,2.44698028799265,0.3474404811859131,0.6976068019866943,0.9160475730895996,1.0493979454040527,1.144413948059082,1.2193107604980469,1.2798094749450684,1.3295345306396484,10
0.9551239565579216,90.24833393200689,6.54390657307992,2.0077720383366966,2.741682853246761,0.2639946937561035,0.5119976997375488,0.7407810688018799,0.9451024532318116,1.1264710426330566,1.2883517742156982,1.432584524154663,1.561753273010254,9
0.5910560148969772,13.282440283087206,205.4313246581381,2.4405917852511063,2.8014572916434126,0.6798801422119141,1.9737005233764648,2.9142794609069824,3.2639966011047363,3.303955078125,3.304013729095459,3.30431604385376,3.304388999938965,23
0.631158782073339,33.97929383553838,5.084487569251608,2.975396012104197,2.5178844197276824,0.7464251518249512,2.042173385620117,2.8977270126342773,3.3407974243164062,3.5961709022521973,3.7712669372558594,3.910237312316896,4.027560710906982,22
0.7506958418870201,10.703296413017828,4.534406044712112,2.9219145694917046,2.2458827260677845,0.8969073295593262,2.4672884941101074,3.5116090774536133,4.060616970062256,4.398636341094971,4.637084484100342,4.811423301696777,4.953463077545166,22
0.6670100055762722,30.54736913785087,22.961013305055808,2.597146188583644,2.8626630498579377,0.7448937892913818,2.091623067855835,2.9958817958831787,3.442370653152466,3.681039094924927,3.837850332260132,3.968119382858277,4.071773529052734,23
0.7317139016826368,18.192731372566485,2.12801272710917,2.491649742314708,2.036016504718076,0.7301862239837646,1.89730167388916,2.61075496673584,2.9961495399475098,3.2323074340820312,3.403292655944824,3.532747745513916,3.650566577911377,22
0.9525267922307998,28.438886448295133,88.5879970049252,2.953163514964896,2.5972528799531616,0.4988563060760498,1.182469367980957,1.6744060516357422,1.997557640075684,2.2289695739746094,2.410244464874268,2.557870864868164,2.683041572570801,20
0.5762424902534959,204.7293283317311,4.219411138590472,2.409207271147003,2.352303345863669,0.2439463138580322,0.4375233650207519,0.6087660789489746,0.7582399845123291,0.8903968334197998,1.0080199241638184,1.1135385036468506,1.2086296081542969,15
0.4606431734334312,12.505693253191088,89.64484642739966,2.582589279679853,2.0612216846179146,0.8056330680847168,2.320772886276245,3.3967621326446533,3.820069551467896,3.947998762130737,3.995515584945679,4.009812355041504,4.020264625549316,23
0.9062253139570812,77.49432939470661,3.698163491434916,2.7115895678016395,2.977360540051647,0.3872065544128418,0.8096964359283447,1.1601853370666504,1.4499971866607666,1.6896641254425049,1.892214059829712,2.0658299922943115,2.217202425003052,8
0.7608261837867805,120.63688173901724,254.73370214450344,2.345809901983803,2.3559094873429034,0.1836626529693603,0.2875053882598877,0.3866748809814453,0.4732990264892578,0.5507845878601074,0.6211118698120117,0.6851062774658203,0.7434849739074707,17
0.7247342879398719,14.122811521596976,31.60224577359989,2.42860812891992,2.642321778317757,0.8406164646148682,2.4052846431732178,3.4746248722076416,3.984834909439087,4.234748840332031,4.385602951049805,4.497506141662598,4.57868766784668,23
0.4638277773124857,111.05015432101808,21.968705923399664,2.5928306220524115,2.750149424677203,0.5374667644500732,1.3770534992218018,1.927294969558716,2.205244302749634,2.375575304031372,2.508838415145874,2.617629289627075,2.7121708393096924,19
0.3499789389499568,21.682118981403725,1.7162153038207832,2.8157587883582123,2.0024562111153763,0.9830830097198486,2.8962242603302,4.376437187194824,5.08894157409668,5.3547468185424805,5.510616302490234,5.628684997558594,5.694952011108398,5
0.7620205002190252,51.7787680704849,158.28667005585805,2.3385866370158617,2.715318359099489,0.4121713638305664,0.9298672676086426,1.2912614345550537,1.5281610488891602,1.6986513137817385,1.8290934562683103,1.9370059967041016,2.0281453132629395,20
0.683815055226336,126.44237043497468,4.07108411014747,2.942341062411595,2.062467147717644,0.2903809547424316,0.5699224472045898,0.8028898239135742,0.9979777336120604,1.1624183654785156,1.3044686317443848,1.4273619651794434,1.536696434020996,8
0.410745341123828,130.13972279431792,57.90016857657472,2.4221610542821894,2.0138930103505723,0.377021312713623,0.8166229724884033,1.08988356590271,1.2497496604919434,1.3678350448608398,1.4607059955596924,1.5356340408325195,1.6043922901153564,9
0.901407719048132,90.80290613577846,105.54849659326008,2.957846693570572,2.0991905497917163,0.2332422733306884,0.4287593364715576,0.6052916049957275,0.7602100372314453,0.8969597816467285,1.01769757270813,1.1255793571472168,1.2220311164855957,16
0.4691282049594044,65.95714133426263,5.544203142420748,2.837363199587596,2.519954648720338,0.6890394687652588,1.8955681324005127,2.6855337619781494,3.0550425052642822,3.2494285106658936,3.3798534870147705,3.4864866733551025,3.5747644901275635,22
0.5946937849924269,23.70954143598893,17.28500832628323,2.9269540660566298,2.1477676526079854,0.7816369533538818,2.132477283477783,3.006409168243408,3.4490180015563965,3.697917461395264,3.857357978820801,3.9822025299072266,4.072896480560303,22
0.9885629807086896,22.56885103499458,101.64051281364614,2.36278179556688,2.7763722232771944,0.507805347442627,1.228095769882202,1.7270641326904297,2.046332359313965,2.271258354187012,2.4446001052856445,2.585391044616699,2.7033653259277344,20
0.6436861419225448,33.83373555256684,2.9308392847716,2.813243720482351,2.4541738102726907,0.7250669002532959,1.9603097438812256,2.757005453109741,3.169454336166382,3.4115259647369385,3.5859792232513428,3.722450017929077,3.8367841243743896,22
0.3940661519021958,122.74505845342804,1.1029820041042595,2.989591164292812,2.0970541440174424,0.4843242168426513,1.181704044342041,1.6131491661071775,1.8374943733215328,1.9821090698242188,2.1006178855896,2.197326183319092,2.2794575691223145,18
0.3032789818424466,183.06570895322625,117.32917311328296,2.741585135662867,2.3369944336865967,0.3714187145233154,0.7812857627868652,1.0201590061187744,1.1473007202148438,1.237955093383789,1.3122708797454834,1.373683214187622,1.42626690864563,10
0.9650666095078853,124.0066264250985,28.23506645872364,2.347856094973637,2.217100859014925,0.1932225227355957,0.3493509292602539,0.4995574951171875,0.6400890350341797,0.7696139812469482,0.8896222114562988,1.0006802082061768,1.1025347709655762,15
0.5254640189125472,24.90234903592012,0.5343681054801847,2.498359926290972,2.0903657355705696,0.8328709602355957,2.299912929534912,3.248782157897949,3.695605754852295,3.929837226867676,4.081954002380371,4.18614387512207,4.278833866119385,22
0.9305296744986272,37.90136626269853,9.807702948879902,2.6257208602164823,2.6016042142251905,0.493743896484375,1.1450912952423096,1.6192708015441897,1.9516639709472656,2.201742649078369,2.403524875640869,2.5718579292297363,2.716360569000244,18
0.3458040997376241,18.51912744840009,0.736699817913452,2.036700458920083,2.34144052350465,1.0313904285430908,3.194635391235352,5.099773406982422,6.149111270904541,6.431422710418701,6.481139659881592,6.510666370391846,6.533228397369385,5
0.3650136206681627,51.536404270341606,106.4243968009587,2.668418668785601,2.1654245140441746,0.6209993362426758,1.687541961669922,2.3481717109680176,2.5748982429504395,2.6485800743103027,2.689821243286133,2.72541618347168,2.7569003105163574,0
0.647091889246302,128.3760465183043,14.406288649015844,2.21379417989411,2.551928576881399,0.3250181674957275,0.6538972854614258,0.9154739379882812,1.1272497177124023,1.3022291660308838,1.4495162963867188,1.5768814086914062,1.6885473728179932,9
0.4050497443092454,15.63003557727508,28.418106463732585,2.8388102534681807,2.097992095079893,0.94756817817688,2.7888433933258057,4.214638710021973,4.870561599731445,5.102831840515137,5.234167098999023,5.317784309387207,5.367679595947266,7
0.4635353624930175,196.570445364376,217.01577900374323,2.2580296897230543,2.4427463736569,0.2122502326965332,0.3257093429565429,0.4206840991973877,0.5024807453155518,0.5746357440948486,0.6389470100402832,0.697481632232666,0.7499909400939941,17
0.4589788081672649,12.353350778681166,19.50147398016857,2.8566022355440936,2.25735744553956,1.0189716815948486,3.046815156936645,4.69847583770752,5.525420188903809,5.824977874755859,5.983354568481445,6.103706359863281,6.171119689941406,6
0.4752184607507302,96.99284438965071,5.072574552023773,2.9383041186410352,2.7734246265554123,0.601616621017456,1.5948781967163086,2.261353015899658,2.5938720703125,2.7849249839782715,2.931714534759521,3.0477957725524902,3.150304317474365,18
0.6657209513211386,51.3581283382296,7.303909574542483,2.480846487485516,2.024242750862819,0.501227855682373,1.1961591243743896,1.6421113014221191,1.9104528427124023,2.098714828491211,2.250084400177002,2.3714327812194824,2.4802393913269043,18
0.5193013253465878,10.336756942800204,13.648452076192426,2.5702245859735635,2.999323355413997,1.1005542278289795,3.4407894611358643,5.561164855957031,6.781572341918945,7.229791641235352,7.371874809265137,7.470425605773926,7.53878116607666,6
0.7284558391900022,73.12002939731137,4.836206186126399,2.6125992390828428,2.158340798039127,0.396552562713623,0.8655478954315186,1.2137534618377686,1.4687869548797607,1.6671082973480225,1.8292195796966555,1.9638187885284424,2.08219313621521,9
0.686733107049011,157.03881605707085,0.884214407183895,2.6773923717854133,2.350984409226041,0.2683844566345215,0.5036559104919434,0.7099294662475586,0.8898658752441406,1.0473103523254397,1.1859676837921145,1.3095293045043943,1.419579029083252,8
0.7109551961847924,79.28903109931132,29.962064363780403,2.3760535773335696,2.464687498967636,0.4052071571350097,0.8891952037811279,1.2434265613555908,1.499145746231079,1.6953222751617432,1.8558437824249268,1.989903211593628,2.106663465499878,19
0.9420341569624584,10.025668728519875,1.7551663842436789,2.5611316366581267,2.0594008661717624,0.7277736663818359,1.8477776050567627,2.550018548965454,2.9634058475494385,3.2388203144073486,3.446239233016968,3.611027956008911,3.748521566390991,22
0.6589748029339267,118.05766779113424,17.625423547084942,2.905593328067142,2.319044019818051,0.3459596633911133,0.7113323211669922,0.9979815483093262,1.2255582809448242,1.4094395637512207,1.5645723342895508,1.696123123168945,1.8111648559570312,9
0.3793779209816145,19.38681406888804,105.57290605011588,2.783603028412548,2.08408330648817,0.7578151226043701,2.162998676300049,3.146275997161865,3.517173290252685,3.641588687896729,3.673063278198242,3.6827449798583984,3.6917529106140137,23
0.5718886939595282,153.63276338588577,0.9571772259478734,2.2980630582785384,2.6002729709148222,0.3385679721832275,0.6882994174957275,0.958725929260254,1.173377275466919,1.347628116607666,1.4947013854980469,1.6198418140411377,1.729036569595337,8
0.9623731643410444,68.94041775924596,32.987722309979084,2.610804789321908,2.122183253776984,0.2869069576263428,0.5676088333129883,0.8135726451873779,1.0250446796417236,1.2058475017547607,1.3624162673950195,1.499863862991333,1.6205251216888428,9
0.6320370084528042,138.69833860230912,3.591812797745537,2.053795399469868,2.4728026250952744,0.2984359264373779,0.5882935523986816,0.8246684074401855,1.020505666732788,1.1848702430725098,1.3250346183776855,1.4476048946380615,1.5545730590820312,8
0.8876973488352684,83.41372310850683,4.602813815049764,2.185290094731434,2.8633172478774123,0.333169937133789,0.6778326034545898,0.9726240634918212,1.2216496467590332,1.4329729080200195,1.6141571998596191,1.7712697982788086,1.910017013549805,8
0.3352962269327617,7.093023786728665,9.6835132187227,2.198286814838967,2.242965700732636,1.1102497577667236,3.553104877471924,6.008301258087158,7.73884916305542,8.44361686706543,8.500272750854492,8.501758575439453,8.503349304199219,14
0.789501519223343,17.67182643457852,236.7762911932583,2.558899952031866,2.807398874338052,0.5410211086273193,1.416240692138672,1.9957990646362305,2.2320518493652344,2.3130412101745605,2.354421615600586,2.3859362602233887,2.412327766418457,1
0.6213617227617934,39.50301253398089,1.17616312459268,2.295589937358362,2.687397359510506,0.706108570098877,1.9527146816253664,2.7456634044647217,3.1255147457122803,3.3381030559539795,3.489952325820923,3.608786821365357,3.713654756546021,22
0.4328781099859881,69.33002624117599,8.848282978957029,2.468848347158682,2.078223410802448,0.6143450736999512,1.611114501953125,2.200347423553467,2.466559410095215,2.617741584777832,2.725537300109864,2.8132777214050293,2.8932995796203613,18
0.9264622839662636,22.56349409682607,3.831385463442072,2.944406775750052,2.9467461562800628,0.6783061027526855,1.7653493881225586,2.510409355163574,2.9566397666931152,3.2574000358581543,3.4921679496765137,3.6839208602905273,3.846309185028076,22
0.8210021731441919,6.941458467363539,1.126202441277687,2.8676094758352257,2.8806980440556864,1.0246257781982422,3.003582239151001,4.479692459106445,5.251916885375977,5.665004730224609,5.957296371459961,6.176560401916504,6.337497711181641,5
0.7025563365066474,60.28158462999918,84.56260500350179,2.390745556898397,2.1969802731042347,0.4032759666442871,0.8941559791564941,1.2330083847045898,1.457263469696045,1.622531175613403,1.7541768550872805,1.8639395236969,1.9527866840362549,20
0.371344923390457,42.38476708398276,17.04860905192119,2.1512548804776928,2.9998171407733207,0.8811440467834473,2.723140954971313,4.213178634643555,4.924399375915527,5.1201677322387695,5.1836442947387695,5.220895767211914,5.250665664672852,6
0.9615031218359475,7.729176775754611,156.9652545789407,2.5207255534753106,2.075488998297066,0.5592224597930908,1.422118902206421,1.9416608810424805,2.175144672393799,2.282662868499756,2.3422884941101074,2.3838706016540527,2.417037010192871,0
0.9164453736945756,17.701462483589843,8.863289999919028,2.179686939970225,2.3656248104559205,0.6259691715240479,1.5656077861785889,2.1524899005889893,2.4967448711395264,2.733714818954468,2.916542291641236,3.0646779537200928,3.1902377605438232,18
0.482259876015052,9.068797349121914,3.978813619632423,2.0540981631489394,2.4717963406714647,1.068162202835083,3.3366951942443848,5.34340238571167,6.44440221786499,6.810347080230713,6.90619421005249,6.959086894989014,6.998283863067627,6
0.9753652181990112,65.93730114719875,210.88250731509828,2.2994423789894496,2.9575648174365625,0.2725584506988525,0.5169155597686768,0.7292506694793701,0.9128804206848145,1.070859432220459,1.2091917991638184,1.32889723777771,1.4339463710784912,10
0.5375353479995056,46.63387536938809,16.09565200245556,2.36186417672656,2.840218679593766,0.7300620079040527,2.0859293937683105,2.994387626647949,3.405638694763184,3.5986404418945312,3.725733757019043,3.825550556182861,3.90735387802124,22
0.9259033305059964,132.27858095745648,0.813637002976255,2.774923344108436,2.843827769645835,0.2687819004058838,0.4966638088226318,0.712975263595581,0.9108078479766846,1.089637279510498,1.2525129318237305,1.4005470275878906,1.535097599029541,8
0.9944002648214392,36.96663284488398,4.688949223151713,2.489884089302632,2.461124844193704,0.444244384765625,0.9887299537658693,1.4043850898742676,1.7155485153198242,1.9588356018066408,2.157504081726074,2.3249759674072266,2.4695043563842773,18
0.6698378294561269,18.026948357970483,110.09415451667743,2.7216194791615087,2.8372655681771546,0.752436637878418,2.1704256534576416,3.186753511428833,3.6562306880950928,3.8455135822296143,3.9323227405548096,3.9910147190094,4.037662506103516,23
0.968133965172214,100.38831757468498,77.20445664255763,2.8984277422933915,2.955630659570706,0.2940301895141601,0.5517044067382812,0.789639949798584,1.0020220279693604,1.1908636093139648,1.3599553108215332,1.510765552520752,1.646043300628662,10
0.733818831855158,92.0304086062212,4.125037028671676,2.554711318345434,2.8858273021663,0.4215731620788574,0.9278171062469482,1.3136372566223145,1.6049985885620115,1.833418846130371,2.021667957305908,2.179788589477539,2.316488265991211,18
0.4860471430185319,16.272785938182007,88.22154416658996,2.817176051633812,2.794843475775197,0.8915584087371826,2.689812421798706,4.155640602111816,4.880317687988281,5.111724853515625,5.192636489868164,5.221670150756836,5.235529899597168,7
0.5003047347824904,175.45285337909957,0.6393371605724564,2.169692825798157,2.4099724094063,0.3171815872192383,0.6290638446807861,0.8660614490509033,1.0524203777313232,1.2042911052703855,1.3325738906860352,1.4418747425079346,1.5358116626739502,8
0.558768890393827,38.04432064247286,217.9467282779336,2.3702344906141715,2.133752953023292,0.4387702941894531,1.0398478507995603,1.3751535415649414,1.4859583377838137,1.5346333980560305,1.5714664459228516,1.6018145084381104,1.6271641254425049,1
0.5168052253226931,72.30290714840599,3.3415482566175467,2.7148003310462245,2.303536747142956,0.5767529010772705,1.4788386821746826,2.0423853397369385,2.3300392627716064,2.509065866470337,2.647084474563598,2.761202573776245,2.861128568649292,18
0.7020353517187095,12.21096719300534,152.50206375203234,2.640036353942921,2.036628860095675,0.598010778427124,1.578174114227295,2.161554336547852,2.3796257972717285,2.4478702545166016,2.4777798652648926,2.5014119148254395,2.5225558280944824,0
0.4566743458200992,29.187929526900767,132.15243766518728,2.767182546080345,2.90361778272288,0.7631313800811768,2.263871192932129,3.415620803833008,3.9384493827819824,4.089449405670166,4.127917289733887,4.145411491394043,4.161436080932617,23
0.5412354798253207,10.57646530891008,7.517348936526321,2.687537438456485,2.7742687693742383,1.0919606685638428,3.3522870540618896,5.287541389465332,6.325135231018066,6.72344970703125,6.916135787963867,7.064774513244629,7.166675567626953,6
0.5413695751324241,77.43281535533542,16.900445132701574,2.6175314212708574,2.2051281581231006,0.509230375289917,1.2453932762145996,1.710939645767212,1.966465711593628,2.1376707553863525,2.274696588516236,2.386394739151001,2.4844205379486084,19
0.856411704663643,21.587998503327515,0.7508025010001136,2.235508561111254,2.464040458092484,0.6490771770477295,1.6623547077178955,2.292566299438477,2.65293550491333,2.893392562866211,3.078210830688477,3.230233669281006,3.3623337745666504,18
0.7114206141221993,37.56551633758741,3.665491752393526,2.6479696377671287,2.917065906314776,0.6852703094482422,1.855405330657959,2.6302475929260254,3.041965961456299,3.293418884277344,3.4795408248901367,3.6295957565307617,3.7597813606262207,22
0.4978984079137284,42.372079908725325,7.224064861946303,2.458328561368693,2.066464488782425,0.7027945518493652,1.8849177360534668,2.605553150177002,2.9389209747314453,3.1176958084106445,3.238279342651367,3.3353004455566406,3.4136643409729004,22
0.6241961647724776,94.43071993542009,0.7752229098133366,2.411583756238496,2.73069027708848,0.4620113372802734,1.0763578414916992,1.503645896911621,1.78643536567688,1.995571851730347,2.162959337234497,2.3021271228790283,2.4213545322418213,18
0.8772901390010468,13.15886886986556,1.4144694444956758,2.894011787684015,2.641270199608745,0.811547040939331,2.2021589279174805,3.122753620147705,3.632473945617676,3.95617151260376,4.19049882888794,4.377189159393311,4.532169818878174,22
0.9652335144182228,18.714383904896383,8.119597781061225,2.409683547610647,2.004519735278543,0.5437328815460205,1.2885229587554932,1.7832024097442627,2.102861166000366,2.332547426223755,2.515589952468872,2.666226625442505,2.79414963722229,18
0.4662576948785645,80.62309697364533,0.9011009005819662,2.3957663807969567,2.2913015031458728,0.5790479183197021,1.4985618591308594,2.05102276802063,2.3115932941436768,2.471527338027954,2.590589761734009,2.695281744003296,2.7828519344329834,18
0.8280300055408436,8.23048990889698,49.77781747933319,2.7910338320914705,2.773822501725164,0.8844504356384277,2.549155712127685,3.7422432899475098,4.344963550567627,4.652191162109375,4.839817047119141,4.966783046722412,5.052966594696045,23
0.547774361078794,22.902234290585657,14.347387513885462,2.034739279938689,2.1529580433292588,0.7988460063934326,2.217352867126465,3.110507011413574,3.4937620162963867,3.66129732131958,3.770669937133789,3.843081951141357,3.9013280868530273,22
0.4781243593441118,6.277234604887245,0.9875060912325506,2.3044929024627976,2.2690455552490807,1.118767261505127,3.500494718551636,5.699830055236816,7.028511047363281,7.53403377532959,7.657110214233398,7.727571487426758,7.781538963317871,5
0.5058739131953836,14.615298500031152,1.0673445698998838,2.94326571574478,2.308089034500564,1.0249860286712646,3.013908863067627,4.534759044647217,5.277440071105957,5.62153434753418,5.859688758850098,6.0362749099731445,6.163996696472168,5
0.4883734182414584,83.15301326564699,0.6203205497583132,2.3605017888909057,2.033640996790178,0.503108024597168,1.225562334060669,1.6569390296936035,1.8841371536254885,2.0381522178649902,2.161010265350342,2.2652058601379395,2.3486037254333496,18
0.5100860019884379,165.04807394607064,0.594948853630469,2.9640186216507725,2.6858639682964287,0.4053840637207031,0.8775827884674072,1.2224202156066897,1.470042705535889,1.6607322692871094,1.81636905670166,1.9472174644470213,2.0623579025268555,8
0.3011346239751493,100.05140002720808,5.031972794757854,2.804661679500962,2.175032948430622,0.6439707279205322,1.7463760375976562,2.430793285369873,2.710759162902832,2.842959403991699,2.9252285957336426,2.992866516113281,3.050647258758545,22
0.9703298087301712,92.11831922738548,239.4007037663092,2.5369898908774324,2.4817672084815627,0.1975331306457519,0.3307032585144043,0.4580621719360351,0.5710866451263428,0.673245906829834,0.7660262584686279,0.850114107131958,0.9262619018554688,17
0.9786250428582912,12.894590758187816,9.198172049516131,2.221928116741961,2.2194648205206424,0.6423301696777344,1.5969524383544922,2.19500732421875,2.550936698913574,2.794433116912842,2.983456611633301,3.138230800628662,3.267390727996826,18
0.9496974456244957,20.609771418510643,19.718490746207813,2.7753679088493053,2.319528152405577,0.5842828750610352,1.4355735778808594,2.009294986724853,2.368678569793701,2.6224851608276367,2.821033477783203,2.98379135131836,3.1223511695861816,19
0.7884524423263561,149.41829431545918,45.00497187125111,2.873089682455335,2.104878111561933,0.20599365234375,0.3639688491821289,0.5142297744750977,0.6505115032196045,0.7739741802215576,0.8871502876281738,0.9897823333740234,1.0845897197723389,16
0.3987489702621327,10.564720421207,87.27951780546722,2.4058739071729063,2.56350864621177,0.9235551357269288,2.844202756881714,4.5223541259765625,5.404976844787598,5.5674591064453125,5.595757484436035,5.60076904296875,5.60240364074707,7
0.6478424667227954,59.4480030601375,0.6312792845383338,2.655951022648764,2.6216475294736696,0.5767226219177246,1.4603385925292969,2.0413403511047363,2.3684983253479004,2.588381290435791,2.7590723037719727,2.9001293182373047,3.018627643585205,18
0.9822271961643738,61.75489826515992,65.00393493967937,2.969901500484776,2.4625234616741767,0.3331680297851562,0.6795055866241455,0.9710297584533693,1.2154006958007812,1.419769287109375,1.5932316780090332,1.7426214218139648,1.8731365203857424,10
0.5428793391163489,32.66466641012481,2.3908003847735007,2.030540261825849,2.9729149355513824,0.8171675205230713,2.4437923431396484,3.60050630569458,4.116627216339111,4.314183235168457,4.434816837310791,4.523324966430664,4.58990478515625,22
0.8404765811291692,147.3680315998166,7.77339593832681,2.326670524314202,2.820255041139246,0.2478959560394287,0.4568583965301513,0.6540307998657227,0.833242654800415,0.995302438735962,1.142628192901611,1.2769725322723389,1.3988008499145508,9
0.8816137119572485,208.19942748943777,74.94598605907913,2.8635052257106057,2.188510001531561,0.150186538696289,0.2485983371734619,0.3442585468292236,0.436037540435791,0.5233964920043945,0.6070108413696289,0.6861176490783691,0.7611467838287354,16
0.8521528851851239,27.86046506188144,2.827193910532504,2.4357135603073345,2.824412375776757,0.6392529010772705,1.658994197845459,2.326090812683105,2.7138452529907227,2.973227977752685,3.175100803375244,3.340729236602783,3.483490467071533,18
0.7999244724120933,44.76033155288738,41.74151355362771,2.63185569589965,2.1184887016235834,0.4459941387176513,1.0200340747833252,1.4239249229431152,1.6935029029846191,1.8932199478149407,2.0515928268432617,2.184457778930664,2.296909809112549,19
0.6861056955431846,9.448649417203384,99.93632206592234,2.6254105942382253,2.6006938280937204,0.8221297264099121,2.4003820419311523,3.554671287536621,4.081522941589356,4.2774577140808105,4.35814094543457,4.394069194793701,4.417037010192871,23
0.5422722481759639,6.573729912513334,14.454306122175003,2.406051273860685,2.4544365120866702,1.084092378616333,3.346479177474976,5.319982528686523,6.408503532409668,6.790746688842773,6.929025650024414,7.012571334838867,7.0658721923828125,6
0.8440607481675328,128.23644813210075,0.6435697093522891,2.632688751473649,2.7262236299320746,0.2858467102050781,0.5429379940032959,0.7765583992004395,0.9841477870941162,1.167774677276611,1.3315038681030271,1.477290153503418,1.6083850860595703,8
0.9160797458590568,26.61147555408948,90.63887269493328,2.219711584624154,2.2859769185561527,0.4576249122619629,1.0565612316131592,1.4637272357940674,1.7272441387176514,1.913722038269043,2.062540054321289,2.181593418121338,2.2839102745056152,20
0.7649082896343069,7.26496322671482,5.816978741900841,2.6595002504792244,2.716760675371505,1.015303373336792,2.975183486938477,4.4325480461120605,5.165863037109375,5.543031215667725,5.797064304351807,5.984936237335205,6.120426654815674,6
0.6226311857785612,121.01501673735916,21.39973267496996,2.1567836110315257,2.9191048143676817,0.3758158683776855,0.8125,1.1407415866851809,1.3881311416625977,1.583860158920288,1.744856834411621,1.88163161277771,1.999436616897583,9
0.445106177605584,16.985882422175703,23.99657363345316,2.420455329843327,2.5595540414164484,0.9909670352935792,3.015874147415161,4.697562217712402,5.529351234436035,5.7864274978637695,5.883584976196289,5.944423675537109,5.98220157623291,7
0.3611816869411087,21.060656736684976,79.73700095543556,2.5840565733293337,2.178049840822128,0.8155314922332764,2.36869215965271,3.5082719326019287,3.944965124130249,4.087607383728027,4.131776809692383,4.146515846252441,4.157747268676758,23
0.539324621758515,17.80871542187601,51.98065262502732,2.606764975569224,2.407916082906378,0.8543150424957275,2.479169607162476,3.6457302570343018,4.169857025146484,4.383429527282715,4.492417335510254,4.549784660339356,4.589067459106445,23
0.4170908893439615,24.378370193091264,1.530934833854295,2.0479363574127816,2.235384790303088,0.9159467220306396,2.683073043823242,3.963680744171143,4.504404544830322,4.685545921325684,4.774816513061523,4.834761619567871,4.874593257904053,22
0.7852569486340388,130.85182476419246,1.6525750606033964,2.512055663978696,2.5663303097738432,0.286724328994751,0.5492265224456787,0.7817118167877197,0.9852790832519532,1.1631598472595217,1.3197617530822754,1.45917010307312,1.5828909873962402,8
0.5866908903395991,6.819094558619275,1.2356841565393326,2.0945731801509453,2.6972923776081554,1.0900774002075195,3.414738893508911,5.440888404846191,6.562390327453613,6.980572700500488,7.128756523132324,7.226515769958496,7.300515174865723,5
0.708222581965436,26.92607237117145,7.791874851932169,2.460295051985357,2.7523001441978665,0.7475235462188721,2.0789051055908203,2.947053909301758,3.3808088302612305,3.625370979309082,3.7980027198791504,3.932773113250733,4.049263000488281,22
0.8218690013436856,18.610341165600342,229.84097435212445,2.5209628101132187,2.853501351168136,0.5325033664703369,1.3835430145263672,1.951732158660889,2.201381206512451,2.30569839477539,2.3667774200439453,2.4131226539611816,2.4506149291992188,1
0.4987294830761931,16.6551981794887,7.30695550497511,2.3986371373089423,2.021793693472199,0.9107403755187988,2.58614468574524,3.724147081375122,4.237749099731445,4.484075546264648,4.635802268981934,4.733957290649414,4.8028717041015625,22
0.8609089653449127,73.81903023765285,24.606174804346896,2.561791628498645,2.633762287468753,0.374600887298584,0.7876865863800049,1.1194777488708496,1.3868281841278076,1.6038525104522705,1.7855913639068604,1.9400584697723389,2.074928045272827,9
0.3898539365284664,21.206680952858203,4.520364412132943,2.9008241847295806,2.3624208572250285,1.0181405544281006,3.0416088104248047,4.684902191162109,5.491308689117432,5.784378528594971,5.964574337005615,6.080616474151611,6.168288707733154,6
0.4381406963210372,7.232410689793999,29.798245925124863,2.6518511360978865,2.4571289573383344,1.0823512077331543,3.3727293014526367,5.532068729400635,6.8497700691223145,7.277554035186768,7.337172031402588,7.365646839141846,7.383110523223877,7
0.6073487940546078,180.69934165071487,68.65162658276915,2.020066767450503,2.416402668161352,0.2157883644104004,0.3787517547607422,0.525322675704956,0.6546871662139893,0.7694671154022217,0.8725919723510742,0.9653542041778564,1.0490179061889648,16
0.3222467480022313,20.999024716860795,6.712041767882229,2.313826499815034,2.70412652218819,1.0737957954406738,3.3899474143981934,5.573817729949951,6.904640197753906,7.3244781494140625,7.361947059631348,7.379143714904785,7.397013664245605,6
0.7932936270920514,18.77070040615256,13.344616328266046,2.51861970423281,2.259988791122696,0.7051019668579102,1.8443012237548828,2.558371067047119,2.943121910095215,3.183337688446045,3.360165596008301,3.496635913848877,3.617110252380371,22
0.5872717514983137,64.91587245941571,2.973984026630679,2.6041284676066496,2.406513393739954,0.5681533813476562,1.4409172534942627,1.9957640171051023,2.297487497329712,2.4953601360321045,2.6465394496917725,2.775762796401977,2.882596254348755,18
0.6430776694724861,36.14087918106446,1.792407388705746,2.847727543985279,2.294044440795536,0.6788821220397949,1.7873384952545166,2.490763902664185,2.8661391735076904,3.0976970195770264,3.265053987503052,3.401565790176392,3.5161077976226807,22
0.5292802601752127,94.07142695955662,164.14163054637137,2.302812575542264,2.7993168111671034,0.4049756526947021,0.919325828552246,1.2585713863372805,1.4549789428710938,1.591296672821045,1.696269989013672,1.7805588245391846,1.852067232131958,20
0.5201660488051034,116.8086987266543,176.31085171899738,2.968919220079689,2.225652743874852,0.3044252395629883,0.5761241912841797,0.7615914344787598,0.8989486694335938,1.007603645324707,1.0978684425354004,1.173269271850586,1.236149787902832,10
0.6559712442130092,43.853793284960574,5.390388557905172,2.12547023914796,2.9473619455123723,0.6494054794311523,1.7865560054779053,2.5118777751922607,2.8730790615081787,3.087270975112915,3.2486259937286377,3.375976324081421,3.488304376602173,22
0.9801300538829004,143.6785996449565,25.80906922188024,2.9903744797804253,2.4572553158476627,0.2125403881072998,0.3793723583221435,0.5427134037017822,0.6965553760528564,0.8384768962860107,0.9706032276153564,1.0935511589050293,1.2075562477111816,15
0.3261371509724408,148.63660946644995,56.28562137962593,2.0563095095097053,2.936039791350305,0.5041444301605225,1.3366899490356443,1.865009307861328,2.0717074871063232,2.1727306842803955,2.2504498958587646,2.3169262409210205,2.377800226211548,0
0.4542072521597547,37.73391725450718,4.257604934094663,2.0861872374009134,2.7474926628218457,0.8394491672515869,2.4967682361602783,3.693745374679565,4.207252502441406,4.385382652282715,4.481324195861816,4.547457695007324,4.601804733276367,22
0.4744674608093555,201.73728012095864,48.00208282090375,2.5891075027014585,2.6266807500568223,0.3199648857116699,0.6204788684844971,0.8447988033294678,1.0241060256958008,1.1715717315673828,1.2963898181915283,1.404573678970337,1.4991390705108645,9
0.7398410592455709,37.67149643730626,9.016888974568497,2.9175309622728305,2.4369621609668832,0.615368127822876,1.5687785148620603,2.200194358825684,2.561728000640869,2.803162097930908,2.987365245819092,3.137159824371338,3.267975330352783,18
0.7192419140757309,28.77360896212757,0.8972958123261042,2.5042634475929204,2.7161265158779697,0.727553129196167,1.985316276550293,2.7993197441101074,3.218935966491699,3.468189716339112,3.646502494812012,3.7882637977600098,3.915848731994629,22
0.8256413831188754,52.805295906604016,2.358496635032969,2.813872587615301,2.680100961513224,0.4977126121520996,1.1630027294158936,1.646653413772583,1.978620767593384,2.2250173091888428,2.42317795753479,2.588855028152466,2.730994939804077,18
0.6928979832779536,8.014065367624477,7.253929472335614,2.312723048090951,2.245279720238421,0.9671847820281982,2.766136646270752,4.013784408569336,4.608640193939209,4.912886142730713,5.103084087371826,5.252057075500488,5.347168445587158,6
0.5673930388760944,116.37929670181404,0.8169523532556117,2.295175748554429,2.4798878853445623,0.4069006443023681,0.8985714912414551,1.243997573852539,1.4834527969360352,1.665318727493286,1.812917947769165,1.938366174697876,2.042184591293335,18
0.4703328057096331,41.39074796927133,8.202127731553523,2.2995818032135475,2.1549150222360822,0.7373347282409668,2.0156285762786865,2.814802885055542,3.158322095870972,3.3287060260772705,3.432082414627075,3.5104305744171143,3.5865237712860107,22
0.4711744927374196,204.67888960781704,3.778782540504287,2.1669135774641326,2.6267940233330163,0.3140404224395752,0.6190230846405029,0.8520324230194092,1.0374937057495115,1.1900243759155271,1.3191828727722168,1.4300224781036377,1.5265343189239502,8
0.8333605900540093,121.69721497723148,4.668352486289829,2.671231749453854,2.1316850241655523,0.2434160709381103,0.4563782215118408,0.6516695022583008,0.825453519821167,0.9799654483795166,1.118755578994751,1.2423570156097412,1.3541316986083984,9
0.3400455322528668,16.80689055961326,7.760871753496045,2.088381657808416,2.702454892693105,1.0711915493011477,3.4232771396636963,5.681188583374023,7.098742485046387,7.57180118560791,7.611762046813965,7.622722625732422,7.632158279418945,6
0.3482477447439916,34.19862581580096,88.90660659332666,2.7402854287694507,2.973770701595015,0.864116907119751,2.640733480453491,4.129940986633301,4.889776229858398,5.091014862060547,5.144721031188965,5.1614274978637695,5.172459602355957,7
0.8728792020606102,6.912433258845873,9.644098583738588,2.1718553102392506,2.828999515967984,0.9142186641693116,2.660325765609741,3.880718946456909,4.471272468566895,4.774781227111816,4.971259117126465,5.115573883056641,5.235994338989258,6
0.9030691841809572,160.8879068544615,69.57387178088312,2.565352188916294,2.4006653172678014,0.1857392787933349,0.3200910091400146,0.4516868591308594,0.5752849578857422,0.6895022392272949,0.7968628406524658,0.8962125778198242,0.989499807357788,16
0.637086980007576,53.59013751840648,259.5250454118548,2.2595409090496696,2.90819639713856,0.4075074195861816,0.941265106201172,1.2916152477264404,1.4754700660705566,1.588360071182251,1.6712172031402588,1.7369873523712158,1.7910068035125732,20
0.4063803875544306,46.75267495105374,1.9320518091120311,2.180032011630108,2.3299693399956403,0.7926440238952637,2.258904218673706,3.2371985912323,3.640358686447144,3.796245813369751,3.8890206813812256,3.953558206558228,4.006667137145996,22
0.8124717821209184,6.117576582412264,18.141858211127328,2.8209488926466006,2.505703185872504,0.975743532180786,2.791527032852173,4.0891523361206055,4.746548652648926,5.108722686767578,5.364823341369629,5.555329322814941,5.692593574523926,6
0.4463471431866045,10.952290281252976,11.201470784370825,2.2082738773183697,2.5583514722131944,1.064995527267456,3.3181285858154297,5.326923370361328,6.452399730682373,6.809858798980713,6.883615016937256,6.927797794342041,6.958476543426514,6
0.7152642210167066,91.44114085215308,1.7068834456765147,2.8962935092258704,2.794469370922659,0.4435069561004638,0.9905614852905272,1.4034442901611328,1.7042975425720217,1.9361553192138672,2.125502109527588,2.284459590911865,2.420544147491455,18
0.386576450950342,121.20159958446222,175.5855595635847,2.4400582398131343,2.1002554519749403,0.3277051448822021,0.6461520195007324,0.8279569149017334,0.9344596862792968,1.0138764381408691,1.0774335861206057,1.128814458847046,1.171778678894043,21
0.3832159842495569,25.090134951517136,79.08553394223493,2.390307676586048,2.9114611214904995,0.881964921951294,2.7141764163970947,4.268146514892578,5.045169830322266,5.2195234298706055,5.260648727416992,5.273606300354004,5.282523155212402,7
0.7029015526944677,51.73293272035083,0.720198717704567,2.6634067338224496,2.904166084297954,0.6080131530761719,1.572641372680664,2.22219181060791,2.591006278991699,2.8362088203430176,3.0235466957092285,3.1769886016845703,3.3122053146362305,18
0.927114207637481,67.24941682393492,0.5355115162091578,2.1013143826630363,2.3944274419423333,0.3195714950561523,0.6467912197113037,0.9269108772277832,1.1622216701507568,1.3607125282287598,1.5315382480621338,1.6794321537017822,1.808921337127685,8
0.3665709254636203,57.44904506433692,73.91773874903885,2.182262223598288,2.9007287899634537,0.7288103103637695,2.1711959838867188,3.2275633811950684,3.659060001373291,3.7649545669555664,3.8060789108276367,3.839362144470215,3.8692145347595215,23
0.5636894464674811,80.2294029749954,225.29628684336123,2.455681651290041,2.487324952157864,0.3523457050323486,0.7281656265258789,0.9678542613983154,1.117572784423828,1.2246880531311035,1.3089745044708252,1.3769803047180176,1.433345079421997,10
0.5176113617047313,8.989501874905859,2.4036544837090377,2.416362055576262,2.395947880809921,1.0805189609527588,3.297880411148072,5.155766487121582,6.147126197814941,6.506766319274902,6.667078018188477,6.788186073303223,6.86722469329834,6
0.6012113474051791,19.86469291161738,39.49057395111244,2.165804794083417,2.892502927822668,0.8416976928710938,2.520829439163208,3.753819704055786,4.3157148361206055,4.518038749694824,4.623165130615234,4.689178466796875,4.7391462326049805,23
0.7681847795061039,21.774857869947343,20.356999656342406,2.9058930090633166,2.894044733243004,0.7780816555023193,2.165447235107422,3.113232135772705,3.61454963684082,3.903134822845459,4.1040520668029785,4.2610297203063965,4.38813066482544,23
0.9645883238741246,156.63330477534947,1.5275938565882443,2.927965682277351,2.382414598311139,0.2032270431518554,0.3625514507293701,0.518416166305542,0.66591477394104,0.8026399612426758,0.9306044578552246,1.05023455619812,1.161320686340332,15
0.5207362454768587,64.71594895788905,1.4048549875903524,2.1631447145777383,2.319384432321272,0.5959932804107666,1.550686597824097,2.1176235675811768,2.3877503871917725,2.550873041152954,2.678373575210572,2.781811475753784,2.873841524124145,18
0.3308445251704985,7.9891476001613455,95.04901250324744,2.684006082660569,2.004288899738946,0.848552942276001,2.517539024353028,3.843658924102783,4.40394926071167,4.491095542907715,4.526266098022461,4.529860019683838,4.531002044677734,23
0.7228603694321531,16.30664350187383,127.91916666739196,2.4443238484147267,2.4199365639355603,0.645848274230957,1.758399486541748,2.4598464965820312,2.755544185638428,2.8802618980407715,2.946993827819824,2.995168209075928,3.035900592803955,23
0.9604232381438488,10.52678403877244,7.203896547752083,2.025838878690099,2.668277301755624,0.7367582321166992,1.975419998168945,2.742117404937744,3.1564536094665527,3.4163241386413574,3.6089606285095215,3.763384342193604,3.89124059677124,22
0.6326155657731567,28.015754024994585,37.34874316288639,2.265290558343091,2.7486950848336567,0.7456591129302979,2.1266934871673584,3.042956590652466,3.461345911026001,3.6595189571380615,3.781923055648804,3.875273942947388,3.960738897323608,23
0.3463388436474491,46.54907270720285,0.7330877889560983,2.9553866137722573,2.7337347005987143,0.939117193222046,2.8138394355773926,4.30629301071167,5.038298606872559,5.312159538269043,5.451046943664551,5.541813850402832,5.602989196777344,5
0.3719373723375851,7.936549134185295,11.440503264636432,2.4076389279386583,2.8762143002156693,1.173542022705078,3.8306901454925537,6.663796424865723,8.741670608520508,9.669331550598145,9.757180213928224,9.760598182678224,9.763978958129885,14
0.880491294108996,8.700115791107793,11.780544799796804,2.6429197646496214,2.073698830748856,0.7910807132720947,2.067739486694336,2.8718137741088867,3.322767734527588,3.6075520515441895,3.814866065979004,3.9773740768432617,4.099688053131104,22
0.8948967969830846,9.630993746012278,1.805818074212318,2.008059393477244,2.024835332785836,0.7382755279541016,1.8775088787078853,2.559236526489258,2.926560878753662,3.162301540374756,3.3337512016296387,3.47300672531128,3.586250305175781,22
0.734008697170771,6.693526466597074,37.1205109122331,2.382161711090144,2.510162384941823,0.9447023868560792,2.7727267742156982,4.114670753479004,4.750662803649902,5.02711296081543,5.179876327514648,5.280969619750977,5.343767166137695,7
0.5398306674095709,11.717071212337224,1.4996949413752296,2.21940249837011,2.435966737360109,1.024942398071289,3.0834460258483887,4.70454740524292,5.49002742767334,5.785836696624756,5.939635753631592,6.041704654693604,6.121995449066162,5
0.5047685196937204,19.27418046466319,2.196274617879008,2.2404967994342013,2.037941319510589,0.8816628456115723,2.478038787841797,3.5341763496398926,3.995120048522949,4.20950984954834,4.353194713592529,4.4389753341674805,4.503714561462402,22
0.9069819309237404,79.94956473389914,46.35138987400378,2.2683181540497164,2.521139937480636,0.2978484630584717,0.5869491100311279,0.838125467300415,1.0533649921417236,1.2376272678375244,1.3968145847320557,1.5364530086517334,1.659043312072754,9
0.3841323633357365,8.790145147911959,13.758097343699188,2.1295058185219524,2.1471133526236934,1.0543327331542969,3.2768776416778564,5.324920654296875,6.554510116577148,6.939027786254883,6.980267524719238,6.994518280029297,7.003708839416504,6
0.7642453703128594,152.61696540884626,204.9034857117225,2.657480690932996,2.3271060763371536,0.1794941425323486,0.2836430072784424,0.3860199451446533,0.4771103858947754,0.5602982044219971,0.6373081207275391,0.7079925537109375,0.7732410430908203,17
0.6891451432802722,6.2240934770445,4.496075015431604,2.239676552031699,2.494916706324477,1.0342109203338623,3.0742287635803223,4.619370460510254,5.383017539978027,5.715893745422363,5.920700550079346,6.054503917694092,6.167137622833252,6
0.9227836088290936,217.8787807148812,1.6394567070336052,2.7159297029422698,2.174200999000656,0.1479010581970214,0.2526948451995849,0.3530304431915283,0.4513444900512695,0.5458295345306396,0.6363744735717773,0.722273588180542,0.8040077686309814,15
0.9904672992161638,131.7339263487612,8.023118272618113,2.7977102502978592,2.507378152796327,0.22615647315979,0.4113280773162842,0.590601921081543,0.7580471038818359,0.9118931293487548,1.0544254779815674,1.1858737468719482,1.3065581321716309,15
0.3735798037266282,21.646049384686005,4.240828350821877,2.074267630084192,2.966036756543491,1.0373249053955078,3.3001821041107178,5.395886421203613,6.623290061950684,6.997907638549805,7.053251266479492,7.080696105957031,7.103510856628418,6
0.327295193924363,15.74568330547824,16.16406673453454,2.301386289768065,2.175634187100328,1.0119671821594238,3.093853712081909,4.909001350402832,5.909008979797363,6.183344841003418,6.226086616516113,6.248598098754883,6.262726783752441,6
0.8899484226867422,44.63167924664838,46.193271018202886,2.3363013881211283,2.404762907672504,0.4171674251556396,0.9227690696716307,1.2963850498199463,1.5690782070159912,1.7788796424865725,1.94855546951294,2.091407299041748,2.2133708000183105,19
0.3748790677922617,29.408735278359472,28.32694494795249,2.8329788994488974,2.306170506804464,0.8929603099822998,2.6081020832061768,3.891154527664185,4.458426475524902,4.675002098083496,4.802792549133301,4.872823715209961,4.914468765258789,23
0.3249826306039113,29.572315414166887,1.043274635588461,2.493495436689046,2.279039201575209,0.9778752326965332,2.93285608291626,4.493749618530273,5.24022388458252,5.466678142547607,5.5657639503479,5.633269786834717,5.679028034210205,5
0.9115108649243864,74.44865488874382,68.17938473381113,2.6598217464458545,2.1676526778329466,0.2771248817443847,0.5404562950134277,0.7678577899932861,0.9621174335479736,1.1279246807098389,1.2718265056610107,1.3965578079223633,1.507279396057129,10
0.6149037535407109,10.069483268207192,3.34620628656114,2.2570052315879647,2.573774062361759,1.0178570747375488,3.0455005168914795,4.6082611083984375,5.364927291870117,5.672409057617188,5.854608535766602,5.97233772277832,6.069514274597168,6
0.9230106771829912,9.288881945415683,1.6448297868729589,2.027794171979964,2.827599959763461,0.8118515014648438,2.2825284004211426,3.228302478790283,3.710374355316162,3.9848952293396,4.182530879974365,4.337470531463623,4.46422290802002,22
0.9829231176627446,33.0934148335176,0.836666498550975,2.123593114167177,2.743245030164505,0.4770729541778564,1.0972797870635986,1.5486905574798584,1.8749878406524656,2.1249382495880127,2.3286468982696533,2.499152898788452,2.645485639572144,18
0.9189055388603804,29.05842173537641,0.7450334291954327,2.996186040018664,2.9761260867763,0.627871036529541,1.5840301513671875,2.256246566772461,2.6783652305603027,2.97360897064209,3.2051100730896,3.3963441848754883,3.560523509979248,18
0.8946244461074735,109.50875680748088,1.2759221044852955,2.7407235355209982,2.183471311664453,0.2529428005218506,0.479468822479248,0.6885495185852051,0.8750889301300049,1.0412111282348633,1.1901540756225586,1.3232223987579346,1.4423048496246338,8
0.441386258207846,42.97327901223951,92.68568729461686,2.774220716480289,2.3053109044480915,0.6595134735107422,1.814779281616211,2.557203769683838,2.858438968658448,2.9711222648620605,3.0369949340820312,3.088286876678467,3.1325459480285645,23
0.897462479814819,162.60253633159357,0.5327321611761143,2.329769795733875,2.597037263342704,0.2030785083770752,0.3630471229553222,0.5185413360595703,0.6645946502685547,0.7996499538421631,0.9254469871520996,1.042708158493042,1.1508538722991943,15
0.3563658590135045,82.14834844544853,227.77428576519208,2.8042900345088246,2.4200179718948847,0.4463016986846924,1.064366579055786,1.421173095703125,1.5232172012329102,1.563162326812744,1.5966873168945312,1.6255669593811035,1.6507925987243652,1
0.7562868972625351,40.631522232256096,134.45483773993777,2.1982124931232523,2.9483552246397493,0.4923539161682129,1.232010841369629,1.7275056838989258,2.006102561950684,2.185352325439453,2.320812225341797,2.4308981895446777,2.519404411315918,20
0.7294436532608217,85.76304541324374,1.6735668449370191,2.488791713766532,2.9219597367123384,0.4398581981658935,0.9897797107696532,1.3999104499816897,1.7002301216125488,1.9323821067810056,2.1215829849243164,2.28031063079834,2.4163293838500977,18
0.3312546599592061,34.236772183495056,2.1519091089435483,2.7419844652422087,2.028496739470358,0.8962221145629883,2.581848859786988,3.789989233016968,4.314737319946289,4.532611846923828,4.667972564697266,4.743768692016602,4.804300308227539,22
0.9836559500087272,45.23416925208319,0.5657258650069836,2.931846497190985,2.916337492749582,0.4753780364990234,1.0681052207946775,1.5308589935302734,1.8808579444885247,2.1541748046875,2.376833438873291,2.564672470092773,2.7269392013549805,18
0.8166255455224902,162.82432815531314,63.84213484038178,2.868208060318347,2.572171897359965,0.2283403873443603,0.4006755352020263,0.5657875537872314,0.7170042991638184,0.8541741371154785,0.9810788631439208,1.0968122482299805,1.203861951828003,16
0.86744361971906,129.58218426131873,11.921840731879318,2.786977514210653,2.952659554443543,0.297353982925415,0.5609705448150635,0.8031067848205566,1.0196309089660645,1.212167263031006,1.3845176696777344,1.538559913635254,1.67673921585083,9
0.83639536523031,29.353945883348803,7.941449666632738,2.87580632229397,2.1877486924227343,0.5688645839691162,1.393993854522705,1.9478087425231927,2.2898173332214355,2.52960205078125,2.7166337966918945,2.872915744781494,3.0065417289733887,18
0.8283376973756653,66.52857307166981,47.10054603449915,2.4707579334124383,2.2978613033729096,0.3528788089752197,0.7365233898162842,1.0380680561065674,1.2756202220916748,1.4669742584228516,1.625599384307861,1.7608981132507324,1.8775548934936523,9
0.8358281442987661,160.78324450406362,0.659839543877652,2.0777096334217537,2.8831449592741163,0.218346357345581,0.3994777202606201,0.5736117362976074,0.7350306510925293,0.8829059600830078,1.0191600322723389,1.144887924194336,1.2600994110107422,15
0.4827900126560992,28.61837105770522,0.8014692882911891,2.718969339443621,2.503003996629774,0.9162535667419434,2.669957399368286,3.9473159313201904,4.552786827087402,4.825412750244141,4.97972297668457,5.097516059875488,5.178112030029297,5
0.6209568171181701,121.7606055320618,45.36292256684028,2.0554718717168186,2.540098632209519,0.3257708549499511,0.6618373394012451,0.9199724197387696,1.12180757522583,1.2865056991577148,1.4234647750854492,1.5405771732330322,1.643390655517578,9
0.8367772949336614,35.3237334616952,21.10363789884521,2.811466428971553,2.792261079819127,0.5900390148162842,1.4820787906646729,2.0937302112579346,2.4661457538604736,2.7221930027008057,2.9222114086151123,3.086291074752808,3.2284505367279053,19
0.4854612473902366,17.23441768495713,0.613811463428968,2.5876804306055936,2.950072523663558,1.0662000179290771,3.2944037914276123,5.217899322509766,6.251955986022949,6.622384071350098,6.788483619689941,6.901726722717285,6.977724075317383,5
0.408232629047993,10.80031053480922,2.4281947435830897,2.538706921136429,2.253226635874778,1.0959949493408203,3.3874969482421875,5.453373908996582,6.654270172119141,7.068604469299316,7.188755989074707,7.266570091247559,7.31791877746582,6
0.7099844849698258,110.51006278752826,28.945412828585688,2.892589777051824,2.891042504240356,0.3961865901947021,0.8391549587249756,1.186415195465088,1.4594011306762695,1.6780109405517578,1.85924768447876,2.0137109756469727,2.146749973297119,9
0.3083584663349622,72.25021144908779,3.730397363818437,2.6798838860962046,2.9666923562050584,0.8590507507324219,2.604590892791748,3.995779037475586,4.672959327697754,4.886233329772949,4.977382659912109,5.030953884124756,5.072771072387695,22
0.8987720961956605,8.903917649009477,242.0416941571074,2.345038497041,2.283451153232939,0.5006973743438721,1.2570583820343018,1.7034153938293457,1.844242572784424,1.8668599128723145,1.873173236846924,1.8786659240722656,1.883222579956055,1
0.4309946127317579,18.968751615283782,20.47459221647109,2.2053052850005623,2.9439212571255853,1.0043034553527832,3.15236234664917,5.050707817077637,6.089284420013428,6.389914035797119,6.457679271697998,6.49813985824585,6.526538372039795,7
0.6554446698710716,20.35003090127992,27.699129755820245,2.76092265986236,2.2410139310934425,0.7641308307647705,2.076883316040039,2.920144557952881,3.343912601470948,3.58191442489624,3.732858180999756,3.8552751541137695,3.9463372230529785,23
0.5992695123345457,209.4249708367676,1.4623113326818018,2.146406355343001,2.8827932906566547,0.2579813003540039,0.4770302772521972,0.671259880065918,0.8428387641906738,0.994164228439331,1.1294167041778564,1.2497713565826416,1.3585937023162842,8
0.3269732573175072,8.366257012820505,18.56836676302224,2.68492547957281,2.62918247911503,1.155853033065796,3.726529598236084,6.428445339202881,8.377569198608398,9.229909896850586,9.294885635375977,9.297388076782228,9.299747467041016,14
0.9491493837740042,34.52044497795966,236.0720265647633,2.4141416274896046,2.3916297910448945,0.3262760639190674,0.6593155860900879,0.9040496349334716,1.0851821899414062,1.222038745880127,1.3302998542785645,1.4175634384155271,1.4888300895690918,10
0.9971883734332454,23.475526981122933,2.103541837154255,2.8516245262633504,2.4088067165698144,0.5529303550720215,1.3230950832366943,1.8677890300750728,2.2309648990631104,2.49790358543396,2.710103273391724,2.88567852973938,3.037442922592163,18
0.5186558565373232,6.780588241128191,81.524772275493,2.66961802091822,2.554408052345149,0.9434471130371094,2.875311851501465,4.518707275390625,5.359710216522217,5.5616841316223145,5.626145839691162,5.647742748260498,5.652886867523193,7
0.5869247181912829,41.93248738450702,20.888981427685074,2.068833014845844,2.3306506200061623,0.6367416381835938,1.6876845359802246,2.3086154460906982,2.595698118209839,2.758646249771118,2.8834035396575928,2.9780433177948,3.068326234817505,23
0.7802180605913673,187.6423490041956,84.04166862779829,2.6383573855178555,2.858154891531893,0.2206096649169922,0.3766663074493408,0.5284805297851562,0.6690115928649902,0.7971529960632324,0.9160871505737304,1.0258290767669678,1.1270976066589355,16
0.3214709886583922,15.082534485216843,242.73095098003583,2.385277910736436,2.633428643718865,0.6611120700836182,1.93031907081604,2.877859354019165,3.176453351974488,3.1762545108795166,3.176560163497925,3.175752878189087,3.175462484359741,1
0.9935128614274276,14.70780470495208,10.066169821449972,2.655721953155185,2.2285170383019257,0.6188573837280273,1.5235590934753418,2.119138717651367,2.489090919494629,2.7503957748413086,2.9521217346191406,3.1183619499206543,3.2595653533935547,18
0.6855460235034625,10.084218016433562,197.43330186936527,2.5647590359511563,2.4116014049537555,0.6382193565368652,1.7738659381866455,2.5181734561920166,2.7666032314300537,2.804523229598999,2.8050801753997803,2.80688214302063,2.80877423286438,1
0.6239188860176522,55.208161838734895,7.73873642814236,2.6200445806335915,2.935817283015999,0.6421828269958496,1.7272350788116455,2.443801164627075,2.8182389736175537,3.044326066970825,3.2106773853302,3.346815347671509,3.465512990951538,22
0.9747710268973016,12.464165922387169,10.08831118227726,2.174415155850895,2.46957159866391,0.6798717975616455,1.745697259902954,2.409215211868286,2.7893412113189697,3.043453454971313,3.237066507339477,3.3924548625946045,3.5242388248443604,18
0.5674729820205415,58.20336917070141,0.8191621718870288,2.977494701471092,2.727420787216308,0.6773045063018799,1.836039543151856,2.611919403076172,3.0088510513305664,3.2378296852111816,3.400831699371338,3.536531448364258,3.647653102874756,22
0.6455305134319673,19.03039028039638,5.495230566016168,2.193536919160975,2.22408042363594,0.804481029510498,2.2028188705444336,3.078410148620605,3.487833499908448,3.702639579772949,3.851772785186768,3.954469203948975,4.051253318786621,22
0.5535772476823256,35.245135699976565,3.2182214132920675,2.083637319048312,2.7788183808869453,0.7805428504943848,2.2651522159576416,3.2615835666656494,3.698086977005005,3.887694120407105,4.012606620788574,4.10326099395752,4.179928779602051,22
0.3065698122714448,12.222336106908186,4.571487554558809,2.752259076289598,2.08587860600282,1.0906248092651367,3.381035804748535,5.556011199951172,6.931329727172852,7.432291030883789,7.511445999145508,7.560056686401367,7.601048469543457,6
0.7307128708645321,158.88904996475543,4.982917547172743,2.580173709637156,2.73924484588833,0.2807121276855469,0.5265090465545654,0.7456779479980469,0.9386594295501708,1.1084749698638916,1.2602322101593018,1.3949110507965088,1.5154454708099363,9
0.3733653664773272,157.2080810900289,0.8411005335093973,2.329360688264764,2.0489787227991627,0.3940865993499756,0.873964786529541,1.1670644283294678,1.338474988937378,1.4599885940551758,1.5627236366271973,1.6477205753326416,1.7186670303344729,8
0.4916324130646573,12.624407137915448,56.52713987013629,2.3375719855535646,2.637866206808278,0.9403858184814452,2.872281551361084,4.475833892822266,5.255871772766113,5.457122802734375,5.519944667816162,5.549609184265137,5.566226959228516,7
0.3055257225400176,62.22187359423255,13.874899065436932,2.2237335616060405,2.0478011930592523,0.726963996887207,2.015177726745605,2.822351455688477,3.123486042022705,3.239716053009033,3.3026819229125977,3.3508009910583496,3.391998767852783,22
0.8832712705613113,17.896612240338523,9.451150348604996,2.599338526756652,2.376478358232974,0.6777114868164062,1.7450640201568604,2.429311513900757,2.8221781253814697,3.079998731613159,3.276811361312866,3.437697172164917,3.573280572891236,18
0.4607707059149771,22.58931466379739,4.357145515610671,2.272550705661561,2.902733298078407,0.988511323928833,3.046851396560669,4.759077072143555,5.617064476013184,5.893678665161133,6.000016212463379,6.07710075378418,6.1357831954956055,6
0.3465614145193258,43.07832616505099,7.330480594154392,2.696999175675305,2.270877898565302,0.8677709102630615,2.514652967453003,3.702961206436157,4.222168922424316,4.433714866638184,4.548336982727051,4.615038871765137,4.661988258361816,22
0.6672840540579373,214.57984892586387,57.77720541833862,2.924994098301535,2.7351988367522333,0.2381312847137451,0.4076626300811767,0.5672488212585449,0.7119002342224121,0.8426284790039062,0.9625186920166016,1.0719563961029053,1.1726584434509275,16
0.7809937681463028,114.18432062455211,7.703117231519696,2.0974249028880787,2.177706952844151,0.2467110157012939,0.4671950340270996,0.663642406463623,0.835479736328125,0.9860398769378662,1.1184628009796145,1.2372796535491943,1.343092679977417,9
0.8033367587957068,200.55759269807496,46.26607751634004,2.947409766722676,2.3859279244848377,0.1925256252288818,0.3258442878723144,0.4572596549987793,0.5805549621582031,0.6944413185119629,0.8008570671081543,0.8998613357543945,0.9927694797515868,16
0.907619382365151,10.747866458312089,7.168051869213959,2.95631511147638,2.062041252024508,0.736483097076416,1.8877739906311035,2.6221890449523926,3.0592074394226074,3.350792407989502,3.5665645599365234,3.741929531097412,3.884973526000977,22
0.9312010689418032,48.17832869808915,5.403335424757024,2.117655084265017,2.22367859364735,0.3664970397949219,0.7734284400939941,1.0962042808532717,1.3507657051086426,1.5562994480133057,1.7279064655303955,1.8740932941436768,2.000307321548462,9
0.4341036269785585,189.0237995398836,86.30311748976351,2.1761857645163074,2.179709451464433,0.2533502578735351,0.4465467929840088,0.5940690040588379,0.7152361869812012,0.8167719841003418,0.9042141437530518,0.9806473255157472,1.0472805500030518,16
0.5179420072078211,31.337774618393087,3.855040357523764,2.527058918999422,2.026751357086987,0.7615225315093994,2.055952548980713,2.861321926116944,3.24938440322876,3.4555234909057617,3.589390277862549,3.6877245903015137,3.774348735809326,22
0.5110379585949198,16.447296367373408,5.136598476653254,2.4169562785990446,2.917494675063768,1.0291070938110352,3.1636993885040283,4.953122138977051,5.883197784423828,6.21025276184082,6.353815078735352,6.45439338684082,6.521767616271973,6
0.758261485879939,23.265428822749545,25.76343254549312,2.086930610291884,2.091540040430222,0.6129717826843262,1.544586181640625,2.092857599258423,2.385283708572388,2.570063352584839,2.713005781173706,2.8289167881011963,2.9259674549102783,19
0.3596176973527157,15.29830584831923,232.17069596221663,2.093090855557584,2.3703801060935845,0.6145219802856445,1.739018201828003,2.497047185897827,2.6430914402008057,2.642789125442505,2.6432998180389404,2.6441752910614014,2.643601179122925,1
0.4989147922213021,75.58521036928946,72.84562551279814,2.700041188286518,2.438439478231394,0.53751540184021,1.3738009929656982,1.9036166667938232,2.1540749073028564,2.2987067699432373,2.4092910289764404,2.503843069076538,2.581714868545532,20
0.4274392853141033,26.874832664328068,0.5454919879886403,2.449650149999256,2.798883436265607,0.9893205165863036,3.006624698638916,4.659187316894531,5.469077110290527,5.743279933929443,5.865185260772705,5.954562664031982,6.016685962677002,5
0.5964547663528201,52.97367197476654,14.393520688015837,2.618059155300081,2.188273238368017,0.5772466659545898,1.463932752609253,2.016505002975464,2.3079349994659424,2.4969727993011475,2.641386747360229,2.7611782550811768,2.860738515853882,19
0.5769605230920345,22.24028904494105,4.812202146653668,2.47212109007831,2.789584093479008,0.9109292030334472,2.685065269470215,3.9850263595581055,4.609449863433838,4.880624771118164,5.036671161651611,5.149847984313965,5.232124328613281,6
0.9225145686207876,18.37458125252176,3.0169805966329024,2.4343490359396296,2.302821985502852,0.6255021095275879,1.555945873260498,2.151984214782715,2.5108017921447754,2.757205009460449,2.950058460235596,3.10838270187378,3.2456631660461426,18
0.6734935716327587,10.310977201417325,13.432585999386175,2.999301533277549,2.592006760449543,0.9932942390441896,2.8926234245300293,4.306092262268066,5.019118785858154,5.38175106048584,5.6291351318359375,5.811538696289063,5.945317268371582,6
0.6202716785869602,74.66626166219636,179.51021004466455,2.067467160802368,2.797037668685705,0.3794734477996826,0.8434233665466309,1.1561110019683838,1.354275465011597,1.4963383674621582,1.6055493354797363,1.692871332168579,1.7690446376800537,10
0.6360074655979174,6.328699044012904,49.89025997472168,2.7990074477782443,2.1320964547758314,0.9224236011505128,2.680553436279297,3.9636502265930176,4.551260471343994,4.810298919677734,4.956475257873535,5.051546096801758,5.098298072814941,23
0.6822525864920188,86.77054122889129,41.56268227676053,2.2643084994519334,2.9426894537859267,0.4297032356262207,0.9836695194244384,1.383836269378662,1.6632640361785889,1.8741300106048584,2.044911623001098,2.1871840953826904,2.307223081588745,19
0.6976777295640788,82.29075651492366,7.91467364139577,2.301688023097328,2.9790915492102257,0.4558529853820801,1.06131911277771,1.495499849319458,1.7958848476409912,2.022284746170044,2.204051733016968,2.355590581893921,2.48624587059021,18
0.4357391507486475,35.34366824737893,50.58095016502577,2.771418126456056,2.8945834221861846,0.861663818359375,2.586362361907959,3.940290927886963,4.596605777740479,4.824862480163574,4.92832088470459,4.9847798347473145,5.026922225952148,23
0.9744534642388628,16.56430235677303,65.45824915503884,2.92807581959142,2.4524742834453312,0.5965807437896729,1.4979729652404783,2.1059823036193848,2.472219467163086,2.7167272567749023,2.9035143852233887,3.0553994178771973,3.1798644065856934,19
0.6876826002452828,17.432817920806553,3.035959852629348,2.278477528280765,2.493692862841139,0.8368134498596191,2.341308832168579,3.319936513900757,3.788090944290161,4.034440994262695,4.200560569763184,4.322225570678711,4.424549102783203,22
0.5952515830138989,110.09550648830928,118.15766609276372,2.3649985417074566,2.083586888080273,0.2815496921539306,0.5316734313964844,0.7209360599517822,0.8708806037902832,0.9930753707885742,1.096137762069702,1.1843907833099363,1.2595546245574951,10
0.6806244561613812,22.93674562514897,35.88384348937456,2.646322587199346,2.0501098880792967,0.6640424728393555,1.7307186126708984,2.3838372230529785,2.717212200164795,2.9192323684692383,3.059136390686035,3.1700034141540527,3.25730562210083,23
0.7923688929770273,30.64573822326885,5.232233676976012,2.654229952487729,2.6351051350565102,0.649742603302002,1.6865544319152832,2.3660006523132324,2.7511892318725586,3.0021705627441406,3.194958209991455,3.353797912597656,3.488886833190918,18
0.951554407861879,10.678829925267108,4.913387218542007,2.834670021758858,2.08629827177067,0.7067766189575195,1.78827166557312,2.4792721271514893,2.897588968276977,3.181148767471313,3.392930746078491,3.566962480545044,3.711677312850952,22
0.3633792594849915,20.274281132400795,21.62886513426904,2.995638222520571,2.6023358931605047,1.041656494140625,3.191739082336426,5.081107139587402,6.122103691101074,6.443048477172852,6.554041862487793,6.628871917724609,6.687058448791504,7
0.5772763061711086,41.293814390587066,2.109676244224633,2.534462321279869,2.191077359129221,0.6758356094360352,1.7872858047485352,2.471385955810547,2.8143200874328613,3.0134153366088867,3.1548757553100586,3.2725601196289062,3.3707075119018555,22
0.742472636904612,28.21591004370345,2.1440538047080064,2.3643255626489266,2.6727957335141923,0.6956906318664551,1.8696446418762207,2.611654281616211,2.999631404876709,3.236504554748535,3.41318941116333,3.552084922790528,3.675572395324707,22
0.9325482537374924,114.90989055732793,192.9345394475384,2.3497099261396066,2.961221529164136,0.2144999504089355,0.3726937770843506,0.5244629383087158,0.6636641025543213,0.7901787757873535,0.9063243865966796,1.0125224590301514,1.1101505756378174,17
0.3784343127841576,20.86241468388981,2.1819966246682263,2.843753405809049,2.897085827959077,1.1067540645599363,3.460357904434204,5.6283464431762695,6.918966293334961,7.361224174499512,7.477413177490234,7.570215225219727,7.633831024169922,6
0.4645562344360869,136.09909769877473,25.422647334666,2.892899685178366,2.2805517977719765,0.4108312129974365,0.9195282459259032,1.2636651992797852,1.4804973602294922,1.6394891738891602,1.765697956085205,1.8727149963378904,1.9621930122375488,19
0.6810395028566891,30.102821669262426,42.64296358664343,2.044403481042208,2.6841926134076046,0.6531860828399658,1.7811737060546875,2.4740800857543945,2.800388813018799,2.9769883155822754,3.1091198921203613,3.212024211883545,3.2985997200012207,23
0.6576316028131103,22.378701288493325,243.75670619549533,2.092896081456921,2.0132233781473445,0.412156343460083,0.9500448703765868,1.229797601699829,1.302574634552002,1.328125238418579,1.3469069004058838,1.3619472980499268,1.374337911605835,21
0.8827969444644495,8.804157513550747,155.57071424897936,2.1369958960347986,2.051650610646781,0.5516817569732666,1.3993570804595947,1.881108045578003,2.0670669078826904,2.1390788555145264,2.180055856704712,2.2112982273101807,2.2365944385528564,0
0.8744737215636318,168.57252394932388,9.39027678293019,2.202248291707148,2.925827109988885,0.2082128524780273,0.3734223842620849,0.5342788696289062,0.6858937740325928,0.8261308670043945,0.9565813541412354,1.0778040885925293,1.190377712249756,15
0.6565976189099465,25.39913009450133,140.43882690397405,2.7245406104082845,2.751882865591829,0.6537826061248779,1.815655946731568,2.6098344326019287,2.961538553237915,3.1045258045196533,3.1831090450286865,3.243804693222046,3.2945339679718018,23
0.5142810454602733,207.41287659215487,5.9586613837713385,2.7694486321008016,2.9724286242175912,0.3522531986236572,0.7040390968322754,0.9765737056732178,1.1965923309326172,1.377488613128662,1.5309462547302246,1.662435531616211,1.7783408164978027,9
0.699549128205375,47.10790490463196,11.357457844313926,2.6013583426529423,2.079809485350681,0.5110478401184082,1.227581024169922,1.69573712348938,1.9804399013519287,2.1786048412323,2.3366177082061768,2.4660208225250244,2.5787150859832764,18
0.6452858377503493,71.09275976831613,26.548945742104333,2.2838289540436207,2.620156473751816,0.4855713844299316,1.1629626750946045,1.612074613571167,1.888297319412232,2.0832207202911377,2.238099813461304,2.3666141033172607,2.475209474563598,19
0.934618948448228,189.8132004126309,115.07190209599854,2.8687590255185924,2.1672905046645097,0.1405668258666992,0.2297945022583007,0.315934419631958,0.3983578681945801,0.4775054454803467,0.5534510612487793,0.6253011226654053,0.6935634613037109,16
0.3905019657121595,26.00221305195316,8.006371189354484,2.797291692612208,2.886307273826066,1.0403740406036377,3.2103271484375,5.107299327850342,6.136355400085449,6.47712516784668,6.609935760498047,6.697281837463379,6.762945175170898,6
0.9722398151223436,188.6175761920455,42.45462796169122,2.216275450787474,2.19878450750685,0.1341962814331054,0.2345612049102783,0.3286128044128418,0.419447660446167,0.5077297687530518,0.5921139717102051,0.6728012561798096,0.7494268417358398,15
0.9547465702188282,177.4927237751409,15.815837764338596,2.5379294290257777,2.115860953120739,0.1522004604339599,0.2652244567871094,0.3741695880889892,0.479339599609375,0.5801346302032471,0.6750137805938721,0.7654068470001221,0.8503987789154053,15
0.90553653281167,147.54597062125455,67.42346886606636,2.1507365870422315,2.9296574357757432,0.2007193565368652,0.3593840599060058,0.5131402015686035,0.6573657989501953,0.7907309532165527,0.9152841567993164,1.0301697254180908,1.1374032497406006,16
0.8260020791781739,29.270847367069056,35.79321540863771,2.6073600624222264,2.279635792732884,0.553396463394165,1.3580312728881836,1.8858325481414795,2.2033488750457764,2.421680212020874,2.5909268856048584,2.727785348892212,2.848582983016968,19
0.8090433044823322,185.8940437121585,2.862669755234937,2.8081986437495265,2.247282445333822,0.1975042819976806,0.3462035655975342,0.4907729625701904,0.625075101852417,0.7490835189819336,0.8644182682037354,0.9718449115753174,1.0710818767547607,15
0.7381358218954311,19.16268777079257,12.770356686758507,2.618259901827206,2.507747649821138,0.7848775386810303,2.155712366104126,3.051222085952759,3.5075576305389404,3.768212080001831,3.946827173233032,4.082093238830566,4.199856758117676,22
0.5623484187532944,56.33603409372783,89.68408137662642,2.708194076942128,2.6207193869877727,0.5697429180145264,1.4904606342315674,2.08524489402771,2.36548399925232,2.5200469493865967,2.635197877883911,2.72726845741272,2.80478835105896,20
0.3740839826886594,108.60368477330898,83.51462923814687,2.9050469896119187,2.8681221750984016,0.5804243087768555,1.5648269653320312,2.236824989318848,2.517918586730957,2.642937183380127,2.72932243347168,2.8005428314208984,2.86255407333374,23
0.8713803594447371,187.0040388112667,18.24145732633046,2.6044414523826847,2.4101252376495554,0.1837620735168457,0.3189790248870849,0.4510841369628906,0.5763778686523438,0.6935372352600098,0.8035564422607422,0.9071526527404784,1.0037415027618408,15
0.441217053670154,44.70393817587049,1.2632229170166844,2.326007069879919,2.237230100227196,0.7651913166046143,2.125871658325196,2.992790699005127,3.369109630584717,3.5436878204345703,3.650737762451172,3.729917049407959,3.7976346015930176,22
0.7346628329561253,8.407023222982104,17.992030352459764,2.0489045664191643,2.0100611451556305,0.848583459854126,2.3166279792785645,3.2335524559021,3.6649765968322754,3.887896060943604,4.017614841461182,4.1257405281066895,4.201266765594482,23
0.3395631891589081,118.51264443695064,124.64618161019774,2.803721790193106,2.2538091123457544,0.4494879245758056,1.071441411972046,1.4385428428649902,1.5823955535888672,1.6622395515441897,1.7249813079833984,1.7798266410827637,1.828841209411621,0
0.874817390685328,53.84145919724756,127.63213497216611,2.7932953932566416,2.200758264894509,0.3293409347534179,0.6744122505187988,0.9434924125671388,1.1542670726776123,1.3211798667907717,1.4597506523132324,1.5756793022155762,1.6738991737365725,10
0.5296100380473576,10.499334171216288,48.73282344716864,2.028144669670925,2.232443595122451,0.8865756988525391,2.61476469039917,3.8857789039611816,4.408920764923096,4.553266525268555,4.603480339050293,4.62584924697876,4.642698287963867,23
0.7130453118273619,92.40511226395472,20.593004530706946,2.911603969154972,2.435079721159596,0.3923985958099365,0.8442964553833008,1.1903367042541504,1.4524154663085938,1.658968448638916,1.828410625457764,1.9716534614562988,2.096139907836914,9
0.9820337431961416,113.67823212540094,5.890347332705957,2.961548686053342,2.6508520355813827,0.2691874504089355,0.5034527778625488,0.7251498699188232,0.9265270233154296,1.1078228950500488,1.272472858428955,1.421095848083496,1.555427074432373,9
0.6098839140657677,27.115987604750497,4.787149773281397,2.423311420322505,2.787659775949248,0.8295807838439941,2.3951008319854736,3.4733407497406006,3.981634378433228,4.225077629089356,4.376751899719238,4.491436004638672,4.581364631652832,22
0.8712223347423396,101.44012919803149,64.15696611022658,2.196696096474696,2.678591859226517,0.2651214599609375,0.5034146308898926,0.7180240154266357,0.9067702293395996,1.0722944736480713,1.2185237407684326,1.348653793334961,1.464191198348999,10
0.8995461904947948,154.7812481647515,211.4724805606875,2.325299934824359,2.025890274586395,0.1211249828338623,0.1885204315185547,0.252070665359497,0.3122768402099609,0.3705565929412842,0.4248425960540771,0.4757134914398193,0.5237240791320801,3
0.4113332553168601,71.15389019513114,1.440804188151556,2.9032287159735777,2.3003231759018203,0.6817517280578613,1.860527515411377,2.613120079040528,2.9589858055114746,3.142364025115967,3.2584142684936523,3.355776786804199,3.438949584960937,22
0.9455062811136864,53.03572124027944,259.7955126090632,2.200772821546229,2.3171758630159363,0.2386767864227295,0.4263191223144531,0.5823683738708496,0.7117817401885986,0.8205502033233643,0.9133307933807372,0.9924986362457277,1.0612998008728027,17
0.5990831131717278,138.94153368195705,123.92032726611404,2.0090843224234027,2.520653287277029,0.2604875564575195,0.4811666011810303,0.6599421501159668,0.8100497722625732,0.937187671661377,1.0466272830963137,1.1420555114746094,1.225970983505249,10
0.6662884416948385,16.85424374575874,1.1963389135799063,2.413989790095156,2.3253693520035807,0.8557014465332031,2.3785221576690674,3.3744022846221924,3.85622811317444,4.115020751953125,4.293379783630371,4.415041923522949,4.525579452514648,22
0.7821987540216748,13.554127583193274,104.36065609205772,2.1449145500086364,2.267181763252857,0.6418673992156982,1.7162916660308838,2.3621866703033447,2.6405460834503174,2.770557165145874,2.8493216037750244,2.906888246536255,2.9579861164093018,23
0.4624618234619326,43.85970972897586,30.848942653838257,2.1628130250542936,2.9566810702353243,0.7801685333251953,2.338144540786743,3.4712393283843994,3.966607809066773,4.1299333572387695,4.215441703796387,4.277324676513672,4.32856559753418,23
0.9021001834095256,113.4498823406887,11.160458712521724,2.7084236467523386,2.3471758481527654,0.2540977001190185,0.4781570434570312,0.6854515075683594,0.8706467151641846,1.0359299182891846,1.1838016510009766,1.3171727657318115,1.4368913173675537,9
0.9912053982531844,68.79991424149877,1.0392825979209024,2.203337312739641,2.8041236754937366,0.3248593807220459,0.6558735370635986,0.9463114738464355,1.196522235870361,1.4104602336883545,1.5959134101867676,1.757767677307129,1.9008684158325195,8
0.3339272924664731,31.00482115533749,171.35886870835208,2.009941227663257,2.769275002817338,0.6872384548187256,2.0487303733825684,3.0718259811401367,3.4269676208496094,3.4389052391052246,3.4389567375183105,3.439226627349853,3.439781188964844,23
0.8697693948520466,41.03930241080579,66.978023513023,2.5422333708078546,2.94863360381344,0.5015370845794678,1.2006888389587402,1.700216293334961,2.0325660705566406,2.2729806900024414,2.461847305297852,2.617001533508301,2.750093936920166,20
0.8833026019090686,13.91640713416541,1.7598688352908245,2.876085580844385,2.916579718480104,0.8210759162902832,2.2662081718444824,3.245704174041748,3.784435272216797,4.114328861236572,4.357530117034912,4.546103000640869,4.700292587280273,22
0.4308788896687435,7.366566283774354,65.26475184193883,2.62066580004394,2.620769080085472,1.0048794746398926,3.125355958938598,5.069310188293457,6.226184844970703,6.540946006774902,6.564268112182617,6.577105522155762,6.580405235290527,7
0.3269158548128557,31.940491679198644,54.4445272874836,2.010354806751039,2.5693022743894622,0.8554162979125977,2.600402355194092,4.004690170288086,4.605885028839111,4.71938419342041,4.74387264251709,4.756925106048584,4.768454551696777,23
0.5117644510768269,12.749578081063696,48.98194922246724,2.042272480996425,2.8259037832558507,0.9332904815673828,2.906533718109131,4.571561336517334,5.407374858856201,5.608458042144775,5.657789707183838,5.680995941162109,5.696524620056152,7
0.9293757024414409,15.13979631958194,2.640865389870159,2.370991802759008,2.1554223999119206,0.6447398662567139,1.6017115116119385,2.207215547561645,2.5667192935943604,2.814584970474243,3.0043232440948486,3.1615140438079834,3.292310953140259,18
0.4240133405024465,29.11654424901012,5.634143959032444,2.5453106342811584,2.3744941441959844,0.9203522205352784,2.702232837677002,4.018945693969727,4.618694305419922,4.8526692390441895,4.985855102539063,5.064695358276367,5.12624454498291,22
0.8940540315505818,13.306421541954446,40.889285739692944,2.453244426491862,2.9726194924251343,0.7536430358886719,2.102395534515381,2.999073028564453,3.4672560691833496,3.735075950622559,3.923338890075684,4.06594181060791,4.186366081237793,23
0.9266093857426992,121.46757281360584,220.70523180055727,2.339907913067011,2.740384394028272,0.1869659423828125,0.3117952346801758,0.4333219528198242,0.5452907085418701,0.647270679473877,0.741441011428833,0.8283934593200684,0.908470630645752,17
0.8453008391611463,7.856336316184819,38.9853242379949,2.623079168089502,2.805094020727852,0.8920769691467285,2.568739891052246,3.7517919540405273,4.349695682525635,4.653872966766357,4.85142707824707,4.987764835357666,5.08939790725708,7
0.8376958353903226,9.989482874920178,2.369319305480455,2.6739182603794296,2.8919355111359915,0.920623779296875,2.644686698913574,3.855513572692871,4.482069492340088,4.824951171875,5.064793109893799,5.245131015777588,5.393809795379639,6
0.9926348212113796,90.93085952634036,35.38061357774101,2.9398565631781066,2.3102818868210475,0.2625288963317871,0.5009655952453613,0.7205307483673096,0.916487455368042,1.090205192565918,1.24528169631958,1.3839116096496582,1.5081915855407717,9
0.7485181970954664,7.160625974868657,0.7286427371565976,2.1740049295835666,2.9759426600931467,1.015495777130127,3.0854251384735107,4.707305908203125,5.51023006439209,5.860611915588379,6.05735969543457,6.200623512268066,6.310430526733398,5
0.6846494547076489,105.83144072727244,0.7278038384501225,2.4805402224482425,2.06558939305993,0.319800853729248,0.6469078063964844,0.9077377319335938,1.1173555850982666,1.2897846698760986,1.4356482028961182,1.5607848167419434,1.6705260276794434,8
0.5736745139982409,111.2227658257658,1.2658684855090891,2.588958268501735,2.927309739851013,0.4800400733947754,1.1420109272003174,1.604274034500122,1.8966495990753167,2.1085307598114014,2.2752578258514404,2.4158132076263428,2.535513162612915,18
0.7549183472176613,11.65596103500812,49.692362991314525,2.592605042151128,2.564948977814206,0.833202600479126,2.3680789470672607,3.4188120365142822,3.930384874343872,4.182243347167969,4.337265968322754,4.431116104125977,4.515285491943359,23
0.553931590718954,10.279637376300313,255.5952797912892,2.689365906493128,2.720827145351431,0.6483821868896484,1.861236333847046,2.74776577949524,3.0429704189300537,3.053074598312378,3.053253412246704,3.0535809993743896,3.053715467453003,1
0.3709829022826988,187.44986297930544,75.53359855007554,2.266839747471848,2.468974262138084,0.3501908779144287,0.7229328155517578,0.9642868041992188,1.1210918426513672,1.240276336669922,1.337571382522583,1.4178466796875,1.485701560974121,10
0.6265491227428712,29.15682292595855,143.411283149085,2.771602237441188,2.8688099352541663,0.650477409362793,1.8130359649658203,2.617761611938477,2.970110893249512,3.111278533935547,3.188262939453125,3.247344493865967,3.2983837127685547,23
0.8846845436872022,7.710033525274455,235.42124090993624,2.225855116408905,2.2768934054551058,0.5224282741546631,1.3397579193115234,1.8190245628356927,1.9521212577819824,1.960851669311524,1.9613513946533203,1.961902141571045,1.9623699188232424,1
0.8749644981022751,101.11346842353458,160.18942784816932,2.609680585136391,2.874295299077762,0.2723238468170166,0.5009469985961914,0.7046616077423096,0.8841686248779297,1.0420362949371338,1.181901931762695,1.306403875350952,1.417165994644165,10
0.9156007204404346,42.77092949058064,44.610859404190336,2.5650692531612505,2.6934933621471213,0.4617953300476074,1.0540165901184082,1.4927594661712646,1.805579423904419,2.0430524349212646,2.23409390449524,2.3939850330352783,2.530644178390503,19
0.5429278902679009,40.68675731817128,3.5626568547830133,2.1167611674220663,2.8668631750322207,0.7566671371459961,2.194933652877808,3.154807806015014,3.57694411277771,3.771679162979126,3.8872220516204834,3.986750841140747,4.069205284118652,22
0.335660974268101,105.3151080675023,160.65190815928733,2.039348486911952,2.7772695671715195,0.4796688556671142,1.2475581169128418,1.721994161605835,1.8696720600128167,1.9267168045043943,1.9736011028289795,2.0144805908203125,2.050872802734375,0
0.823871567494771,17.39143721225817,173.6872749833667,2.286523097727647,2.826915910677472,0.577974796295166,1.55143141746521,2.1891610622406006,2.474787950515747,2.602788209915161,2.6819441318511963,2.7437527179718018,2.7948310375213623,0
0.3671837507676413,14.506885786463537,36.60887257188183,2.484693603997812,2.006405372936239,0.9307003021240234,2.7670960426330566,4.221006870269775,4.889894008636475,5.067178249359131,5.132923603057861,5.165576934814453,5.181953430175781,7
0.5237085332685217,110.29405038614397,263.6724240216522,2.205025644652087,2.107683364084352,0.2209551334381103,0.3461232185363769,0.4372105598449707,0.5119004249572754,0.5738832950592041,0.6274969577789307,0.6739521026611328,0.7140226364135742,17
0.3516326677205606,7.325160391309487,0.6180076771735942,2.6605003062400057,2.5090367330944585,1.2022078037261963,3.887026309967041,6.72584867477417,8.830474853515625,9.794343948364258,9.891334533691406,9.898397445678713,9.904993057250977,13
0.7547453243402724,39.09354505939109,2.4597743218211905,2.0987268834574944,2.77451057474976,0.5877523422241211,1.5150675773620603,2.102747678756714,2.437810182571411,2.666481733322144,2.842660665512085,2.9895336627960205,3.115104913711548,18
0.6520510203602958,7.996221759651338,12.841139611427812,2.588074916396418,2.513027772300811,1.0269076824188232,3.0447137355804443,4.59047794342041,5.350220680236816,5.688414573669434,5.902793884277344,6.050422668457031,6.163080215454102,6
0.6086181499094294,204.37694520538432,1.5247272698831726,2.058437655214908,2.401229009788915,0.2203056812286377,0.3919506072998047,0.5490469932556152,0.6883585453033447,0.8136155605316162,0.9262490272521972,1.0278067588806152,1.1201512813568115,15
0.983328348054149,91.33282281052576,1.1932759131845885,2.277770925112649,2.748354611912093,0.2797696590423584,0.5405740737915039,0.7818584442138672,0.997727632522583,1.1893932819366455,1.3608715534210205,1.5139224529266355,1.651141881942749,8
0.561481829357747,31.385464650372217,102.96803942930066,2.318856856287216,2.896160882094273,0.7016615867614746,2.0367627143859863,2.9659314155578613,3.353199005126953,3.493704319000244,3.5616493225097656,3.613093852996826,3.658126831054688,23
0.5498915028981868,161.38975170174123,9.605062445032562,2.7444317519250294,2.233713978668985,0.3071398735046386,0.5997552871704102,0.8304500579833984,1.017500638961792,1.1728947162628174,1.304668664932251,1.419050931930542,1.5203254222869873,9
0.8786722138749212,88.57657161687656,9.246041245922068,2.796642362272,2.674227348758328,0.344090461730957,0.6972270011901855,0.9967167377471924,1.2504096031188965,1.4642844200134275,1.6477742195129397,1.806366920471192,1.9452948570251465,9
0.3006205850612324,25.34417250748156,8.082894166056809,2.382712592009484,2.087104031318156,0.967144250869751,2.895284414291382,4.444729804992676,5.193042755126953,5.399665832519531,5.471858978271484,5.511524200439453,5.536096572875977,6
0.7920670438311583,158.01302730495786,61.97274116981111,2.040772102543865,2.1616273990347024,0.1660435199737548,0.290518045425415,0.408963680267334,0.5185716152191162,0.619457483291626,0.7126047611236572,0.7994153499603271,0.8797531127929688,16
0.9123213822448126,97.12398955122391,7.005524945436918,2.5198647942387864,2.3089904886041728,0.2721261978149414,0.5240774154663086,0.7518515586853027,0.9525978565216064,1.1289708614349363,1.285017490386963,1.422824144363403,1.5466275215148926,9
0.8854702274212225,49.10286893504632,9.270231473876978,2.1221666007973563,2.320687945951211,0.4026544094085693,0.8746609687805176,1.231189250946045,1.5009405612945557,1.7125194072723389,1.8861949443817136,2.033268690109253,2.16098952293396,18
0.769509586759849,150.5078639924086,5.33308029936636,2.420642629802388,2.7620242844445406,0.2699818611145019,0.5059912204742432,0.7205891609191895,0.911431074142456,1.0810284614562988,1.2334442138671875,1.3696160316467283,1.4916648864746094,9
0.7403479365069485,16.957493256564348,9.155836335618472,2.615665213693371,2.992678980306347,0.8638041019439697,2.500571012496948,3.6494414806365967,4.223878860473633,4.526650428771973,4.721482276916504,4.869635581970215,4.986854553222656,22
0.7856591386601532,18.16770319626941,3.973639338106529,2.840701284487886,2.219790863542382,0.7301216125488281,1.9096381664276123,2.657542943954468,3.074934720993042,3.344543218612671,3.5408952236175537,3.693015813827514,3.8274877071380615,22
0.9490089738162852,157.68224448318156,95.01807446034148,2.317485585623741,2.500470702260429,0.1710095405578613,0.2939298152923584,0.4137895107269287,0.5279004573822021,0.6346042156219482,0.735095739364624,0.8293821811676025,0.91736102104187,16
0.5525599192596609,25.69925376301186,4.288354983368307,2.164919472458493,2.317336485151661,0.8218235969543457,2.3198182582855225,3.2940022945404053,3.726943254470825,3.9286820888519287,4.047865867614746,4.142581939697266,4.2188873291015625,22
0.7499971570143824,102.3405277706932,19.13014569483484,2.7908886906828214,2.311997524448728,0.3300683498382568,0.6691749095916748,0.9455571174621582,1.1725049018859863,1.36051607131958,1.5202059745788574,1.6569576263427734,1.7771210670471191,9
0.3662303742261316,45.33346148778568,3.750816813958671,2.5976995570885606,2.878245088438024,0.9273948669433594,2.820326566696167,4.358335494995117,5.117523193359375,5.368547439575195,5.482542991638184,5.545914649963379,5.591333389282227,6
0.5354297772324605,8.038923166330422,106.82251692534562,2.160351681734605,2.369492920890305,0.8195297718048096,2.420781373977661,3.639686346054077,4.119665145874023,4.206736564636231,4.217891693115234,4.220278739929199,4.223306655883789,23
0.3775448400811816,206.67958074609427,66.20657870351785,2.78847330576705,2.529084478024491,0.3538386821746826,0.7178094387054443,0.9626493453979492,1.1315443515777588,1.262242317199707,1.3680429458618164,1.459886074066162,1.539139747619629,10
0.3616506320100534,16.812041317483885,3.805978675711424,2.626694798118678,2.332801363791249,1.0680196285247805,3.2673020362854004,5.211277484893799,6.294913768768311,6.63550329208374,6.7369160652160645,6.801581859588623,6.84899377822876,6
0.9032926972031672,41.41515185152378,14.361860103940884,2.3210731328400134,2.5297275309223712,0.4615592956542969,1.0509955883026123,1.4782657623291016,1.7825369834899902,2.014243125915528,2.201623916625977,2.35802698135376,2.491988182067871,19
0.4423613031566554,6.008831507147732,21.695381358134547,2.2400467322201902,2.4046068153480227,1.085561990737915,3.436500072479248,5.690240383148193,7.112673282623291,7.628751277923584,7.673384189605713,7.681240558624268,7.687084674835205,7
0.3072584070074109,47.006524404820425,61.11145829162865,2.473868567422693,2.252434428326928,0.7674684524536133,2.206192970275879,3.222750186920166,3.622781276702881,3.7369775772094727,3.774189949035645,3.798598766326904,3.8232922554016113,23
0.4971461596131208,7.602989739128513,2.947446335031625,2.229391552593793,2.755256329983889,1.130380153656006,3.609372615814209,5.972694873809815,7.426285266876221,7.974483966827393,8.094940185546875,8.150711059570312,8.195552825927734,14
0.7212015698421973,51.94461579200578,182.6210209063213,2.442807701177101,2.1083410116332035,0.3354477882385254,0.6882584095001221,0.9286761283874512,1.090486764907837,1.2094953060150146,1.301438808441162,1.374711513519287,1.43835186958313,10
0.3468424782972149,17.070545980322393,234.5480930958824,2.621205259917704,2.710458309835654,0.6812880039215088,1.9929063320159912,2.991981744766236,3.3511078357696533,3.3639137744903564,3.363708257675171,3.3643133640289307,3.363929510116577,23
0.6806846679303413,26.550696000754915,17.922248603133653,2.300197571364693,2.195159880477489,0.679602861404419,1.785858392715454,2.456741571426392,2.790945291519165,2.988755464553833,3.1305954456329346,3.246447324752808,3.3378708362579346,23
0.4150178796991748,75.4930281289175,29.35255672457225,2.8306601939813936,2.10552868630032,0.5844566822052002,1.5246260166168213,2.0918238162994385,2.346699953079224,2.4878499507904053,2.58882212638855,2.6761066913604736,2.7537553310394287,19
0.8779934945870858,7.758023297969584,0.5232316192169131,2.119272968062341,2.074288183603593,0.8193953037261963,2.146951913833618,2.961000680923462,3.3915345668792725,3.656014204025269,3.845380067825317,3.996110200881958,4.106151580810547,22
0.5308156041734814,7.615310600883731,17.435890451794116,2.237068301396104,2.097308460930268,0.9979636669158936,2.961824893951416,4.502542018890381,5.247008323669434,5.505796909332275,5.62644100189209,5.693827152252197,5.737636566162109,6
0.6586409905133288,34.34192940380795,0.6171755172723232,2.9911595956018613,2.112470660451172,0.6469779014587402,1.6640324592590332,2.306617259979248,2.6658506393432617,2.8953022956848145,3.0677876472473145,3.2021822929382324,3.3243274688720703,18
0.4294389050344873,19.676661094522245,16.650035280113126,2.0180592149731296,2.581102678228937,0.957911729812622,2.934677124023437,4.547458171844482,5.318416595458984,5.520200729370117,5.588174343109131,5.624856948852539,5.652864456176758,6
0.8316806766520963,197.9741357438256,1.1204298771554415,2.5745648350350185,2.4401182559950603,0.1929807662963867,0.335200548171997,0.4744880199432373,0.6054527759552002,0.7275035381317139,0.8416111469268799,0.9481315612792968,1.0476734638214111,15
0.8767079380643672,7.506539625505843,26.28727586809405,2.0828540866365937,2.3454799746763864,0.8149950504302979,2.229142904281616,3.1182701587677,3.5499751567840576,3.7888901233673096,3.9420692920684814,4.066232681274414,4.1535234451293945,23
0.7041709628403006,25.54346212974269,16.11750417533473,2.0753343405333013,2.0154324791204306,0.630258321762085,1.5996179580688477,2.1596853733062744,2.451460599899292,2.632143259048462,2.772611379623413,2.881553888320923,2.9807560443878174,19
0.6788021708024343,219.78066869906863,12.67265941427363,2.151550083687144,2.196585623367193,0.1695971488952636,0.2900338172912597,0.4054408073425293,0.5129015445709229,0.6119728088378906,0.7044322490692139,0.7905073165893555,0.8705582618713379,15
0.8680883357287079,37.85297450851219,9.613110228197876,2.491787724433269,2.3868859930284314,0.5012176036834717,1.1744105815887451,1.6457881927490234,1.9612603187561035,2.1947293281555176,2.381255626678467,2.5361433029174805,2.667953491210937,18
0.9697030038376702,13.953740551017887,12.862429192483594,2.707218172422972,2.29219681023097,0.6550107002258301,1.647923231124878,2.292890787124634,2.68267035484314,2.94653868675232,3.1518094539642334,3.3169820308685303,3.4592268466949463,18
0.7614454041249785,65.74974832848022,68.37085412017035,2.995107867250241,2.077710441043699,0.3589801788330078,0.7636916637420654,1.070361614227295,1.3004150390625,1.479210376739502,1.6263060569763184,1.749337673187256,1.8552393913269043,10
0.30813612794615,68.27153666673215,4.6441275154716095,2.320918072703989,2.6917001524308053,0.8259432315826416,2.46863317489624,3.705809116363525,4.244362831115723,4.405936241149902,4.4734086990356445,4.5186944007873535,4.557795524597168,22
0.4135316211670941,47.34120420855659,49.8042456376658,2.45523640598772,2.7573171487971884,0.7805759906768799,2.30277681350708,3.4152426719665527,3.902005195617676,4.057963371276856,4.131312370300293,4.18280839920044,4.226798057556152,23
0.6315043111168875,17.212230348602056,7.953405054321566,2.10407889272918,2.257050966274335,0.8369078636169434,2.339163064956665,3.3094308376312256,3.742736577987671,3.956545114517212,4.093784332275391,4.192997932434082,4.267745971679688,22
0.6552748031966793,11.845320666236418,25.933782984652268,2.0922829454347016,2.010283353952813,0.8220691680908203,2.259894132614136,3.162086248397827,3.5604889392852783,3.760446786880493,3.8722269535064697,3.958450555801392,4.022757530212402,23
0.5343881567617682,6.249005224186018,2.73665717961455,2.871349156365718,2.696033904183597,1.1797454357147217,3.702100992202759,6.071030616760254,7.520387649536133,8.101483345031738,8.3023681640625,8.452238082885742,8.574143409729004,14
0.4815766642187619,55.38949307119917,0.7796988547828335,2.184549588178303,2.8984735987335783,0.7416586875915527,2.158270359039306,3.118867874145508,3.539766311645508,3.718927383422852,3.833052158355713,3.922229290008545,3.995926380157471,22
0.5131301582719893,38.81385055391179,3.317818300565833,2.6816290234565474,2.3976345753322947,0.7835648059844971,2.1891989707946777,3.1220927238464355,3.559225082397461,3.783577919006348,3.9247384071350098,4.031411170959473,4.110829830169678,22
0.7364401288468378,20.79939397550152,25.73003793086908,2.258332441882406,2.1390460747600413,0.6751194000244141,1.7562148571014404,2.4084393978118896,2.741215944290161,2.941216230392456,3.082817792892456,3.201955556869507,3.292926549911499,23
0.6017315150278906,6.837826844313322,18.40109876512265,2.9392448665706548,2.088310060104534,1.0002286434173584,2.901539325714112,4.31569242477417,4.999860286712647,5.337227821350098,5.588434219360352,5.770199775695801,5.886441230773926,6
0.5566887529690427,71.22598555196625,97.2049158935224,2.4597127560455467,2.887447037778676,0.5318479537963867,1.3761510848999023,1.9329161643981927,2.2087655067443848,2.3690710067749023,2.4907116889953613,2.588146209716797,2.671138286590576,20
0.3265395205676717,30.315543694558343,224.2482981283296,2.644808761458001,2.707959255345203,0.6538023948669434,1.889220714569092,2.800422191619873,3.107355117797852,3.119049549102783,3.119458675384521,3.119848251342773,3.119859218597412,1
0.3902728920043821,67.03528348020859,0.7558615390232049,2.1269861678179263,2.8977780787459944,0.7622897624969482,2.2678067684173584,3.3373162746429443,3.79329514503479,3.950478792190552,4.0349225997924805,4.100672721862793,4.157373428344727,22
0.8451686600397297,7.736448427029446,154.06687347340238,2.302506541120717,2.475778750195846,0.6662631034851074,1.8451688289642327,2.604038953781128,2.905124425888061,2.996685743331909,3.028040170669556,3.0480611324310303,3.0658209323883057,0
0.8182100960877616,27.72437904775688,8.24329002646566,2.683667763600276,2.714470740764498,0.6608262062072754,1.726268291473389,2.425623893737793,2.823019027709961,3.083194732666016,3.281111717224121,3.442305564880371,3.579045295715332,18
0.3737220566636241,112.8526830194658,56.7516101482942,2.9549511593979383,2.002688513357032,0.4559977054595947,1.0943708419799805,1.4710311889648438,1.6480607986450195,1.7600045204162598,1.8468437194824217,1.919224739074707,1.986250400543213,19
0.8235374373441569,15.900423290725987,51.3331023723793,2.5238079681495043,2.922752921974576,0.7497200965881348,2.1040987968444824,3.011902332305908,3.471076011657715,3.72089958190918,3.886739730834961,4.015387058258057,4.117179870605469,23
0.8883073022652763,8.12125574757961,2.511745403526431,2.135794297900604,2.533028953842672,0.8552772998809814,2.3659141063690186,3.334835767745972,3.8242380619049072,4.102932929992676,4.299071311950684,4.452447891235352,4.5714874267578125,22
0.3993288877589335,46.42751413935984,152.7510005661094,2.3319326332864327,2.7375735589354884,0.6409378051757812,1.828458309173584,2.6445207595825195,2.9261021614074707,2.974084854125977,2.9943909645080566,3.013517379760742,3.031344413757324,0
0.8730248128024714,39.46037282856933,2.0211971646523894,2.266132785714768,2.173143320630907,0.4486534595489502,1.0106184482574463,1.410907506942749,1.6929397583007812,1.9069759845733645,2.080627202987671,2.225855588912964,2.349579095840454,18
0.394416464524102,96.9314154071996,7.717355772386981,2.3797662985642383,2.396186552670551,0.5962498188018799,1.5901520252227783,2.19666075706482,2.4520528316497803,2.591852903366089,2.6948816776275635,2.778527021408081,2.8543317317962646,18
0.3530929981886723,191.8055934915945,62.81444187972443,2.60588791144781,2.072458988948213,0.3174278736114502,0.6168100833892822,0.8111453056335449,0.9467940330505372,1.0522844791412354,1.1410257816314695,1.215428113937378,1.278761625289917,10
0.4819098743595495,30.752214254033007,51.042310881232034,2.9868804322439555,2.5083586212994566,0.8177487850189209,2.3607773780822754,3.47244930267334,3.9925107955932617,4.223095893859863,4.335396766662598,4.408572196960449,4.46628999710083,23
0.479103494736991,8.003683716843922,70.0935173877459,2.304751531769288,2.000022258712041,0.8646044731140137,2.534663438796997,3.7898857593536377,4.2888383865356445,4.4166765213012695,4.457843780517578,4.469408988952637,4.476465225219727,23
0.9170615198543371,125.75732989523866,12.703443128747615,2.6475241244822607,2.4462297011621583,0.2410881519317627,0.4450802803039551,0.6381616592407227,0.8135390281677246,0.9726040363311768,1.1171245574951172,1.2489724159240725,1.3686161041259766,9
0.8084177864358446,82.29715633144514,13.15363364646962,2.487635527314092,2.1921918202728743,0.3272943496704101,0.6661250591278076,0.9436018466949464,1.1707921028137207,1.3587393760681152,1.5179245471954346,1.654707431793213,1.774728775024414,9
0.8578134420954806,98.88687774514932,62.96917552647311,2.327440453617029,2.672367809244924,0.2841019630432129,0.5465395450592041,0.7776720523834229,0.977890968322754,1.1516661643981934,1.304374933242798,1.4378068447113037,1.5567083358764648,10
0.5507602621891555,8.477000505486687,0.7847554243560982,2.68038432931142,2.468299300855679,1.0977897644042969,3.3325767517089844,5.192686080932617,6.175419330596924,6.5718512535095215,6.788476467132568,6.9610981941223145,7.090042591094971,5
0.6487018924321921,17.59569170455622,89.2241674764467,2.989078121804917,2.156016001845453,0.6941738128662109,1.8845868110656736,2.6454315185546875,2.9981284141540527,3.182129383087158,3.2815098762512207,3.348507881164551,3.4073705673217773,23
0.6797744537661085,19.311195111847,27.80053422090485,2.678712553324219,2.2874033797510016,0.768038272857666,2.091148376464844,2.9426608085632324,3.369435310363769,3.6062397956848153,3.759751796722412,3.878281593322754,3.964945316314697,23
0.6094914065241501,11.8200650570377,1.5630825983524022,2.106715472673545,2.9408640456681243,1.0055086612701416,3.0991098880767822,4.812605857849121,5.662261009216309,5.971579551696777,6.12841796875,6.223339080810547,6.305712699890137,5
0.8321561852506649,102.77417135371822,0.5841753549719485,2.854006797115507,2.7285045059549966,0.3459286689758301,0.6972305774688721,0.9954001903533936,1.2489674091339111,1.463710069656372,1.6482861042022705,1.8083364963531487,1.9484331607818604,8
0.9957346117680304,120.69125172408226,2.266943221552396,2.4463847608763314,2.401352335737497,0.2174017429351806,0.398465633392334,0.5730760097503662,0.7350718975067139,0.8838951587677002,1.0216751098632812,1.1479606628417969,1.2636592388153076,15
0.7508515073983275,50.09090213330534,82.17588645220873,2.05441425522965,2.1945089398945656,0.3993220329284668,0.8829262256622314,1.2136328220367432,1.4348759651184082,1.598839521408081,1.728626728057861,1.8382925987243648,1.927052974700928,20
0.6924013337989032,136.90018477894577,0.5322467474501666,2.572458758426766,2.7124144191983,0.3335006237030029,0.6663243770599365,0.9399166107177734,1.1686687469482422,1.3607661724090576,1.5252249240875244,1.6677353382110596,1.792978048324585,8
0.8036429155920506,21.597631698046907,1.9705819396084867,2.9187587878044,2.6437159818243225,0.7459568977355957,2.0029115676879883,2.8315353393554688,3.2922840118408203,3.5771775245666504,3.7882542610168457,3.958822250366211,4.104138851165772,22
0.9396896896842546,104.51928618113968,47.70376334951239,2.10046095603162,2.1385375446757204,0.1984505653381347,0.364124059677124,0.5202620029449463,0.66359543800354,0.7937791347503662,0.9125025272369384,1.0209519863128662,1.1194746494293213,16
0.9870399845515868,32.01470417979734,35.275045061961734,2.6521139872189656,2.512257964933108,0.4747059345245361,1.089427471160889,1.5433306694030762,1.8650102615356443,2.1080098152160645,2.304055690765381,2.467496395111084,2.607433319091797,19
0.8408230362697708,34.630314692211854,27.51867228397021,2.311251651710277,2.219221170086002,0.4913835525512695,1.151214361190796,1.5950589179992676,1.8809986114501955,2.0890212059021,2.253838539123535,2.389511108398437,2.507321834564209,19
0.6588939070144444,25.74466550936558,3.473949945776272,2.2153162117833483,2.980276242438474,0.8017570972442627,2.331439018249512,3.373870372772217,3.865723133087158,4.104798316955566,4.259006977081299,4.379826068878174,4.478659629821777,22
0.9858487298707366,117.15035161577376,0.97534335789326,2.411464244566221,2.466656865009201,0.225550889968872,0.4170994758605957,0.6004819869995117,0.7699494361877441,0.9249002933502196,1.0674452781677246,1.1983366012573242,1.3179290294647217,8
0.6741136129125032,9.758375813136272,0.7863462020218545,2.4849683416145494,2.6484561879903907,1.0129117965698242,2.9938883781433105,4.475544452667236,5.206360816955566,5.549309253692627,5.762634754180908,5.925964832305908,6.0407795906066895,5
0.3289121239570086,213.6441728347073,11.55599728367526,2.8694634000050145,2.722046405861094,0.4471030235290527,1.0421044826507568,1.4341695308685305,1.6474153995513916,1.7907307147979736,1.903345823287964,1.9998095035552976,2.08335280418396,18
0.7594879129313059,47.66452368879128,108.1165210241237,2.242778597157637,2.0096797601907133,0.3681538105010986,0.7898190021514893,1.0821316242218018,1.2815780639648438,1.4301912784576416,1.548736572265625,1.6421630382537842,1.724104404449463,10
0.8757296825541319,9.2744012846951,48.92522861712052,2.501829370735886,2.939092790576078,0.8340022563934326,2.404647827148437,3.4997782707214355,4.054050922393799,4.336836814880371,4.515416622161865,4.640279769897461,4.739423751831055,23
0.746131504092199,139.99096037658322,1.859348531222888,2.245374510807236,2.0671585936975285,0.226513385772705,0.4171357154846191,0.5908870697021484,0.7455205917358398,0.8825266361236572,1.006005048751831,1.1161229610443115,1.2163825035095217,15
0.9560164437086682,83.79819169230107,21.18011721444332,2.1499644377358043,2.1380072088643773,0.2403733730316162,0.4585545063018799,0.6579103469848633,0.8356852531433105,0.993290901184082,1.1336796283721924,1.2581853866577148,1.3708906173706057,9
0.3795528861182414,6.367488002315763,2.2749230551049724,2.858875630112454,2.218557219389252,1.1614158153533936,3.67748761177063,6.2121992111206055,7.966696739196777,8.736613273620605,8.828375816345215,8.85399341583252,8.899922370910645,13
0.4878040028414402,23.8622866687671,5.488224772765157,2.464743344820993,2.830902145657055,0.9679243564605712,2.9284582138061523,4.4886155128479,5.248616218566895,5.52682638168335,5.662920475006104,5.7526535987854,5.827127933502197,6
0.6377889161243175,139.0985443129134,77.92480794434647,2.294383483208472,2.005793577043466,0.225961685180664,0.4033229351043701,0.5565090179443359,0.6887469291687012,0.8034162521362305,0.9049742221832277,0.9951391220092772,1.075709342956543,16
0.8482397011023135,54.44442441254946,79.9011648377431,2.445686776553229,2.8238837869894966,0.4267358779907226,0.9574456214904784,1.3520095348358154,1.638199806213379,1.856905460357666,2.032386779785156,2.179375648498535,2.303311824798584,20
0.5364247715987602,21.08156253362622,3.622917118492039,2.377561118359508,2.964844472420358,0.9660606384277344,2.9326488971710205,4.497895240783691,5.265331268310547,5.557462692260742,5.709683418273926,5.799412727355957,5.885931015014648,6
0.4559093794826195,36.25575358189532,17.458080713443877,2.0402690606925,2.141065258253615,0.7543632984161377,2.092350006103516,2.924507141113281,3.2585368156433105,3.400092124938965,3.4780964851379395,3.543400287628174,3.603906631469727,22
0.5608906314400806,27.62389726849576,187.42343460242213,2.624578715777832,2.1576716927004496,0.5259354114532471,1.352489948272705,1.8343958854675293,1.9843168258666992,2.029572010040283,2.058851718902588,2.084224224090576,2.1065149307250977,0
0.8165565548145046,16.10547352932728,1.1186405783860516,2.579377021001645,2.7139205772405965,0.8023459911346436,2.210522413253784,3.1332151889801025,3.621085405349731,3.908022165298462,4.115639686584473,4.278424263000488,4.412422180175781,22
0.3588810397384231,19.78536990237338,0.5257085636794679,2.551095441067305,2.265459131057248,1.037628412246704,3.147155284881592,4.922216892242432,5.847914695739746,6.14097785949707,6.2459564208984375,6.32502555847168,6.375627517700195,5
0.4378433164365309,10.549942505519704,29.914470271927588,2.798878322497204,2.159839716404077,0.9949946403503418,2.981508731842041,4.608609199523926,5.428505897521973,5.688946723937988,5.805276870727539,5.877272605895996,5.921972274780273,7
0.4587383630360169,101.99150327194808,2.050944935305896,2.409830057708116,2.918385189760683,0.5872955322265625,1.5802743434906006,2.229177713394165,2.5358245372772217,2.7114903926849365,2.8413093090057373,2.951037168502808,3.046649694442749,18
0.3080055477272903,11.979243474307356,0.938651625971738,2.042901615399616,2.76370345015396,1.1374287605285645,3.746002197265625,6.525523662567139,8.575946807861328,9.469181060791016,9.559370040893556,9.562211990356444,9.56507682800293,13
0.4415588051328393,32.48667590321624,52.69523488148713,2.949338068332019,2.162927725020594,0.7591390609741211,2.1185598373413086,3.0258522033691406,3.431926250457764,3.6155171394348153,3.7173781394958496,3.785329341888428,3.837993621826172,23
0.8467977775423199,37.14613534581201,16.97935149183391,2.6802268688018605,2.567892665927861,0.5459530353546143,1.325204610824585,1.8621597290039065,2.204240798950196,2.4485063552856445,2.641229152679444,2.8007116317749023,2.9364724159240723,19
0.6400029545662661,7.120233605309601,10.951218489808774,2.619206354262241,2.403574571484878,1.040424346923828,3.0819127559661865,4.654053688049316,5.425835609436035,5.782309532165527,6.004912376403809,6.17197322845459,6.285452842712402,6
0.3885949159625049,20.094682025457058,0.713109884213361,2.499428107536102,2.0389368279479587,0.9679503440856934,2.829214572906494,4.216007232666016,4.863651752471924,5.115190029144287,5.2563676834106445,5.363050937652588,5.428635120391846,5
0.9203340379929515,42.99662181592891,27.933021038993125,2.349041312197805,2.440869724267784,0.4286668300628662,0.951174020767212,1.3431241512298584,1.633570432662964,1.8585858345031736,2.0417046546936035,2.194815158843994,2.326589107513428,19
0.7207680390387206,44.23514240948797,0.5152209211836372,2.261137113715584,2.8240668730374576,0.6034297943115234,1.5729753971099854,2.195772886276245,2.544184446334839,2.7752673625946045,2.952677965164185,3.099007368087769,3.2235939502716064,18
0.3398688839975823,58.63502725628613,2.401292834183713,2.8033933579323715,2.617142181331476,0.8544778823852539,2.5140442848205566,3.7513036727905273,4.31768798828125,4.544759273529053,4.644990921020508,4.719563007354736,4.776811599731445,22
0.8037764309004083,38.65353045796868,4.189789760424478,2.929977990966629,2.15397803456102,0.5156981945037842,1.2291173934936523,1.7211203575134275,2.038492679595948,2.266420364379883,2.4476847648620605,2.5986528396606445,2.726827621459961,18
0.748833984860763,21.62636719900008,14.434135634803164,2.2977204983134603,2.193701505894849,0.6833984851837158,1.7794816493988037,2.4454185962677,2.7921950817108154,3.005442380905152,3.1588733196258545,3.28924822807312,3.3893163204193115,22
0.9849411696080526,9.600368119319374,14.163146558219395,2.1466225057519903,2.421918723370861,0.7176094055175781,1.8659656047821045,2.5729405879974365,2.966815233230591,3.2233235836029053,3.413750410079956,3.5637075901031494,3.691832304000856,22
0.5529473521103815,9.74311657337078,129.056033457142,2.9037811242139555,2.653569955628892,0.8381257057189941,2.494694709777832,3.818563461303711,4.435389995574951,4.622586250305176,4.676876544952393,4.684417247772217,4.686813354492188,23
0.3807414428655558,10.228694627254455,81.94387468842629,2.6301389757171125,2.598291046655373,0.9543783664703368,2.941899299621582,4.725454330444336,5.713278293609619,5.924274921417236,5.9586262702941895,5.9702887535095215,5.972435474395752,7
0.4119293659135389,6.956906823663305,16.52878460266621,2.155204747915292,2.5231669016222664,1.1041820049285889,3.538970708847046,5.961444854736328,7.565249443054199,8.184809684753418,8.238200187683105,8.244138717651367,8.249296188354492,14
0.863951237733702,38.96439649611524,1.6208878762323742,2.0763009924424938,2.205883781876329,0.455228328704834,1.0289404392242432,1.4292705059051514,1.709153652191162,1.9208109378814693,2.091439962387085,2.2335546016693115,2.3573830127716064,18
0.8897149006887171,72.17371160379481,10.206091013808738,2.695480981506716,2.115148269509126,0.3113739490509033,0.632535457611084,0.903505563735962,1.1284005641937256,1.3163316249847412,1.4761483669281006,1.614830732345581,1.736628770828247,9
0.7116967806874478,144.72109769909412,57.10640961668385,2.47889841407822,2.863034316438475,0.2907958030700683,0.550926923751831,0.7756223678588867,0.9709837436676024,1.140611171722412,1.289463758468628,1.4212696552276611,1.5378422737121582,9
0.758113165838839,18.292111823359942,1.8742344486007296,2.110754834826163,2.210650459973195,0.7250931262969971,1.9029541015625,2.611262083053589,2.9684226512908936,3.186194658279419,3.348907232284546,3.4768497943878174,3.5814716815948486,22
0.5517422341513274,68.5309082882387,8.148030401201474,2.243461433432237,2.621072164112909,0.5805766582489014,1.5152790546417236,2.093738555908203,2.383266925811768,2.561445713043213,2.7033376693725586,2.815347671508789,2.916003704071045,18
0.3487156204223759,43.54029290729258,1.152550426657432,2.0439050105722822,2.377469939176132,0.8590724468231201,2.5350241661071777,3.7586417198181152,4.248379230499268,4.400611400604248,4.464893341064453,4.507355213165283,4.543070793151856,22
0.6744741747080869,22.92703113205214,0.6098845452311394,2.136246730968325,2.146578236845621,0.7290782928466797,1.9281980991363523,2.643972635269165,3.000808000564575,3.2064993381500244,3.349008798599243,3.4711501598358154,3.563206911087036,22
0.8704626706242797,214.4352120520156,1.5156636690769345,2.218881428059147,2.582462100746259,0.1619424819946289,0.2829146385192871,0.3988697528839111,0.5112371444702148,0.6177835464477539,0.7197208404541016,0.8157639503479004,0.9072678089141846,15
0.979810612170473,14.83743431353894,3.455985493121968,2.232032370565073,2.615847270230776,0.6600885391235352,1.690070629119873,2.342923164367676,2.7302613258361816,2.992316246032715,3.1976065635681152,3.3646240234375,3.5057268142700195,18
0.665237377038775,116.69182413222316,1.6859441882877249,2.317567468811249,2.488723302279366,0.3476946353912353,0.7162339687347412,1.0037462711334229,1.231431007385254,1.4158711433410645,1.571063756942749,1.7035579681396484,1.8198919296264648,8
0.3159657179107388,44.30275744945285,40.00447465166625,2.86920830626097,2.479271283772602,0.858330249786377,2.531531572341919,3.816983461380005,4.392326354980469,4.595462799072266,4.682432174682617,4.724636077880859,4.753645896911621,23
0.5461511992172842,57.93817139368806,8.948688446187731,2.5631349564146646,2.5190742010888822,0.6466233730316162,1.734555959701538,2.4236485958099365,2.75777554512024,2.9509079456329346,3.087449789047241,3.2053897380828857,3.302506685256958,22
0.88298789877462,91.06651985210308,6.432956753127216,2.353573429205181,2.088827926438752,0.2594912052154541,0.4997577667236328,0.7152960300445557,0.9038164615631104,1.0682485103607178,1.2133045196533203,1.3411874771118164,1.4558234214782717,9
0.944943512687502,11.77563328523551,0.8243213960757079,2.6821352676364976,2.845659759997977,0.7974326610565186,2.171013832092285,3.0803046226501465,3.5847129821777344,3.9040489196777344,4.137862682342529,4.325132846832275,4.484354496002197,22
0.9222435083462576,21.793682368442845,82.74167186967478,2.415706179629439,2.924967102830508,0.5809288024902344,1.4910335540771484,2.100792169570923,2.452929735183716,2.684985876083374,2.860502958297729,3.0017354488372803,3.118210554122925,20
0.6128229569795771,152.83273344495515,20.333404523141137,2.601067933734297,2.375225022009206,0.3039429187774658,0.5888900756835938,0.8209404945373535,1.0141804218292236,1.1771235466003418,1.3169636726379397,1.4389512538909912,1.5463645458221436,9
0.9594071646647993,11.678518222756352,5.65983938755443,2.0342962467474104,2.0213568654582725,0.641897439956665,1.5742404460906982,2.1408371925354004,2.473003387451172,2.702358722686768,2.8764572143554688,3.018543243408203,3.140921115875244,18
0.6562280825332201,13.988936498622186,16.054071191219652,2.5337875347941416,2.07869288497931,0.8371589183807373,2.293458938598633,3.22842025756836,3.688457489013672,3.9433770179748535,4.107183456420898,4.226040363311768,4.313077926635742,22
0.7396219893592216,30.916357956727428,115.47593211532252,2.944505227923277,2.3748967058231263,0.5461077690124512,1.3829035758972168,1.9284591674804688,2.2146072387695312,2.387451648712158,2.512866973876953,2.61007022857666,2.6972694396972656,20
0.883793094331651,208.7081535883011,33.65996568218341,2.9677146039309177,2.750958843567123,0.2033231258392334,0.3407456874847412,0.4798099994659424,0.6153314113616943,0.7391197681427002,0.8567523956298828,0.9671101570129396,1.07084321975708,15
0.8379550674107668,62.97779438316705,4.048022226414953,2.141610370650155,2.964131175045796,0.4253139495849609,0.9561960697174072,1.3580355644226074,1.6610469818115234,1.8984506130218504,2.093538999557495,2.2578303813934326,2.3989522457122803,18
0.5574442357516569,24.004681984080783,40.21424804931553,2.990742993415856,2.7145668017573,0.8658778667449951,2.5242691040039062,3.748913288116455,4.343784809112549,4.6161208152771,4.76904821395874,4.868941307067871,4.937221527099609,23
0.6249947279608852,9.70934702969347,16.798446888222408,2.7688291013403146,2.985789948701033,1.0585145950317385,3.227480888366699,5.043302536010742,5.997809410095215,6.390083312988281,6.603628158569336,6.746395111083984,6.857229232788086,6
0.9441543634024612,99.30972147595438,2.501932714713848,2.2385362415635,2.3127919544911952,0.2432544231414795,0.4605112075805664,0.6627202033996582,0.8452143669128418,1.0087716579437256,1.1560635566711426,1.2881650924682615,1.4081087112426758,8
0.3147501073588915,17.75960387927827,15.52838001222255,2.9611888743942902,2.3139694622571505,1.061412334442139,3.2643814086914062,5.256800651550293,6.426417350769043,6.765992164611816,6.847846984863281,6.909978866577148,6.950075149536133,6
0.8671155958009003,87.74647389105428,96.11127688618632,2.064820413490234,2.244534007866356,0.2406260967254638,0.4496338367462158,0.6352314949035645,0.7971160411834717,0.937690258026123,1.0616869926452637,1.1706395149230957,1.2680041790008545,10
0.3971223604976641,158.68290701314763,2.691095904266854,2.4299148584862507,2.173749531431805,0.3964195251464844,0.8755893707275391,1.1813597679138184,1.3666608333587646,1.5049593448638916,1.6130330562591553,1.7055103778839111,1.786893606185913,8
0.337575652122331,44.55295227580352,31.354687790408487,2.95835027785156,2.344547842113412,0.8379771709442139,2.42718505859375,3.5895886421203613,4.10538387298584,4.318702220916748,4.418336391448975,4.471214294433594,4.514732837677002,23
0.8615950355365942,30.00752770327168,0.8127720063337669,2.731393850070239,2.9015555124722066,0.6393775939941406,1.646350622177124,2.328007936477661,2.735982656478882,3.012646436691284,3.228123426437378,3.4060065746307373,3.5575978755950928,18
0.6081599610820727,31.23873824774684,33.86114334138093,2.842983878214059,2.61345192961056,0.7532758712768555,2.1008126735687256,3.0046279430389404,3.445336103439331,3.672540426254273,3.823347330093384,3.93053126335144,4.025813102722168,23
0.6512970070071098,52.38519385806166,91.65321487382964,2.506893709453396,2.5807681103302462,0.5190815925598145,1.2950725555419922,1.800748348236084,2.071059226989746,2.2400479316711426,2.373764038085937,2.4781460762023926,2.568305015563965,20
0.7454402333651624,19.770206706360977,11.984872904767029,2.4331693325549377,2.814143475305273,0.796544075012207,2.2527756690979004,3.224177837371826,3.705240249633789,3.9690699577331534,4.144439697265625,4.287444114685059,4.395797729492188,22
0.9675505111707638,71.88241921802438,5.46875979089368,2.987074206693857,2.392340001046624,0.3305511474609375,0.6728744506835938,0.968773603439331,1.220846176147461,1.43464994430542,1.618580341339111,1.777867317199707,1.917630672454834,9
0.46613741775643,50.91876636121341,0.6209718356701628,2.032708497776854,2.906535010475097,0.7614381313323975,2.252945899963379,3.2834277153015137,3.719755172729492,3.891504287719727,3.9858665466308594,4.069039344787598,4.138680934906006,22
0.537213193496478,17.803221723193243,0.5492061828188046,2.559360179809148,2.789066650393049,1.0073704719543457,3.027095556259156,4.614381790161133,5.400084495544434,5.722395896911621,5.899383544921875,6.028744697570801,6.124702453613281,5
0.5923064698118699,8.663533744705305,128.35142549224702,2.284666485855986,2.420577108789079,0.7742152214050293,2.257561445236206,3.3372819423675537,3.755151033401489,3.849473237991333,3.85798716545105,3.8609020709991455,3.864471673965454,23
0.8550468817100649,6.0117042592658825,3.0334380559080256,2.907424908946252,2.013669148292907,0.8957717418670654,2.3845739364624023,3.3373289108276367,3.88023042678833,4.247257232666016,4.516885757446289,4.722484588623047,4.883084774017334,22
0.8197035267073676,8.929984980481173,1.8334226550126305,2.022728288657604,2.414860641365527,0.8631930351257324,2.391252040863037,3.3699188232421875,3.838517189025879,4.094047546386719,4.274726390838623,4.403314590454102,4.518444061279297,22
0.825168831754459,8.816253178189632,113.95761146816945,2.1782379682776285,2.8264117761837566,0.7424769401550293,2.1557886600494385,3.132756471633911,3.5628011226654053,3.713914155960083,3.783447027206421,3.825539350509644,3.85915732383728,23
0.8013818523367737,84.48781245062371,136.77873593215278,2.2422649461108626,2.35658285687996,0.2665069103240967,0.5018105506896973,0.6992690563201904,0.8653199672698975,1.006119966506958,1.1269125938415527,1.2316854000091553,1.323985576629639,10
0.3193629622949535,20.118225527499703,0.9817466335950992,2.451291530166229,2.7157609533197897,1.1062281131744385,3.5000252723693848,5.794643878936768,7.240603923797607,7.73511266708374,7.7960991859436035,7.821300983428955,7.843442440032959,5
0.5026643058871597,7.805990295846474,3.703051248649994,2.696499117291645,2.6877940235564903,1.1560966968536377,3.626361608505249,5.923609733581543,7.307313919067383,7.843828201293945,8.005194664001465,8.121041297912598,8.217668533325195,14
0.4031826771666628,161.06082576151712,162.34745217859174,2.720206834590408,2.1586807384143043,0.2816331386566162,0.5001275539398193,0.6432247161865234,0.7518742084503174,0.8391377925872803,0.9131786823272704,0.9769105911254884,1.032649278640747,17
0.7654520272782853,85.88783645525113,3.5539190425972333,2.1112496758087147,2.7397344115192626,0.3700668811798095,0.7875895500183105,1.1151220798492432,1.3735837936401367,1.582808494567871,1.7579374313354492,1.9069273471832275,2.0357511043548584,8
0.9111812846826736,95.23056180028902,47.64137600157459,2.7102013254299044,2.7400815388891373,0.3038547039031982,0.5896270275115967,0.8421595096588135,1.0625805854797363,1.2541062831878662,1.422405481338501,1.5701777935028076,1.7005035877227783,9
0.897672564918234,30.85886234779497,61.039057444685696,2.602017738807275,2.8208194803047446,0.5461702346801758,1.3465828895568848,1.902209997177124,2.250828504562378,2.4947855472564697,2.6849400997161865,2.840867280960083,2.9723422527313232,19
0.393276863922064,8.04385063515227,2.297893912058279,2.9947340425075666,2.1352366683384303,1.1266264915466309,3.508416175842285,5.759620666503906,7.200099945068359,7.7390336990356445,7.87835693359375,7.980155944824219,8.074891090393066,6
0.4525922481241992,132.62081967779366,258.2769526541685,2.949851668033198,2.2601746367812128,0.2694776058197021,0.4513068199157715,0.5624237060546875,0.6499910354614258,0.7218031883239746,0.782686710357666,0.8343410491943359,0.8788907527923584,17
0.384886988192867,104.72560085558982,135.7334653786444,2.599995301094012,2.9959258280930694,0.5340871810913086,1.4115383625030518,2.0045759677886963,2.242982149124145,2.3444607257843018,2.417814016342163,2.4807536602020264,2.5359013080596924,0
0.3513701278861853,29.19298689437749,74.77220526959204,2.275219589773733,2.3759071532183853,0.8149087429046631,2.4041826725006104,3.6004483699798584,4.080657005310059,4.187975883483887,4.213789939880371,4.228855133056641,4.242843627929688,23
0.5334490190530227,26.217655962221443,23.40586097747313,2.956846532471431,2.02449179719616,0.7665047645568848,2.0836968421936035,2.921079635620117,3.339168071746826,3.570053577423096,3.709853649139404,3.822100162506104,3.904006004333496,23
0.8297765522990088,15.447852885849665,41.63007080874627,2.343482178135908,2.806741941923758,0.7398161888122559,2.055410861968994,2.911594867706299,3.341650009155273,3.5818448066711426,3.746450901031494,3.8698863983154297,3.979859352111816,23
0.9528718917663964,16.69368286738718,14.776892344291594,2.0349753599126434,2.15097346298387,0.5734775066375732,1.3834493160247805,1.8910112380981443,2.204470634460449,2.424927234649658,2.598095893859864,2.741040229797364,2.86203670501709,19
0.785427023310391,64.58214377069127,4.631980187277443,2.350720955253758,2.496674029735291,0.4323072433471679,0.9647643566131592,1.356743097305298,1.6414804458618164,1.8617572784423828,2.040882110595703,2.191173553466797,2.319588661193848,18
0.5103653133002582,22.657072787019697,6.998943253103211,2.3796653218067028,2.784755089401957,0.947199821472168,2.846388578414917,4.312412261962891,5.012078285217285,5.276711463928223,5.407537460327148,5.504894256591797,5.575736045837402,6
0.7231844484264052,9.408675906329652,0.8043097656573465,2.0665607265026367,2.68195537100983,0.9528486728668212,2.797523736953736,4.116562843322754,4.730764389038086,5.009820938110352,5.187263488769531,5.3051300048828125,5.411586761474609,5
0.414912777073473,32.81962875816091,32.53299602272587,2.113564265821404,2.3378440441236936,0.8138165473937988,2.3582122325897217,3.4355251789093018,3.86175799369812,3.99769139289856,4.054392814636231,4.097019195556641,4.137900352478027,23
0.6983195654127894,6.508415934946301,23.24059365338647,2.4307558652697048,2.119211234924551,0.943540096282959,2.6915433406829834,3.898909330368042,4.472493171691895,4.75865364074707,4.942887306213379,5.05665397644043,5.141396522521973,7
0.8966696345609819,33.708709414668625,104.93908854698807,2.128800442308937,2.286082674930227,0.4056088924407959,0.8983027935028076,1.2465360164642334,1.4854357242584229,1.6616380214691162,1.8012053966522217,1.916187047958374,2.0127065181732178,20
0.4422499074506838,6.734985624919929,0.9071343484590104,2.3908085527000007,2.155667890106644,1.1119489669799805,3.4641478061676025,5.629931449890137,6.971631050109863,7.47681713104248,7.599798202514648,7.674488067626953,7.731671333312988,5
0.6711362655339169,44.26443138162482,16.59302624392701,2.359266486201047,2.4429453770471365,0.5934600830078125,1.5230927467346191,2.1035361289978027,2.4159207344055176,2.618375778198242,2.77290153503418,2.902962684631348,3.009770393371582,19
0.3560611379195117,16.90772033737949,53.45886857746608,2.347219457173405,2.585521419131031,0.9611814022064208,2.975552558898926,4.7439165115356445,5.692584991455078,5.894975662231445,5.933377265930176,5.949316024780273,5.9569292068481445,7
0.3105376247523269,15.320103000266942,231.6918002095971,2.106397452825354,2.343393864547481,0.6134603023529053,1.7311410903930664,2.475394487380981,2.6090328693389893,2.60955023765564,2.610426187515259,2.610905408859253,2.6096999645233154,1
0.6825611318604892,33.991715352509466,0.7054453151839613,2.5965157146576647,2.380429162201587,0.6771688461303711,1.7860291004180908,2.4862797260284424,2.854424238204956,3.0836637020111084,3.255265951156616,3.393481492996216,3.508373022079468,22
0.7979320094459681,14.240031166167164,0.6810918808024574,2.8934060897781784,2.333092464292822,0.809520959854126,2.1722307205200195,3.056950092315674,3.5404629707336426,3.848178386688232,4.0680251121521,4.236069202423096,4.379176616668701,22
0.5390697217539059,82.7162621890448,0.9557323135093156,2.6192874433583,2.71740007893018,0.5791239738464355,1.5017564296722412,2.104179620742798,2.418882131576538,2.617605447769165,2.772089719772339,2.8952906131744385,3.005762815475464,18
0.5489786934737614,149.96946434180353,243.209637932178,2.486241119515568,2.680305064384447,0.2505860328674316,0.4185588359832763,0.5481712818145752,0.6578450202941895,0.7521216869354248,0.8343820571899414,0.9071166515350342,0.971480131149292,17
0.6116125326727873,77.82828370011167,174.15878434938745,2.0107593064390183,2.053581005271179,0.2837095260620117,0.5404739379882812,0.7192807197570801,0.8508412837982178,0.9531316757202148,1.0355918407440186,1.1037318706512451,1.1601974964141846,10
0.7867901563346018,12.386939899595108,34.75090317126751,2.193931924159557,2.586355143684501,0.7983095645904541,2.24294662475586,3.184596061706543,3.630362987518311,3.858224391937256,4.003195762634277,4.111773014068604,4.195913314819336,23
0.6813904520408454,55.14208895918856,8.71360957025114,2.087025989924834,2.3425914797121634,0.500840425491333,1.200010061264038,1.6438982486724854,1.9128689765930176,2.1045734882354736,2.254349946975708,2.383865594863892,2.4903132915496826,18
0.378597931233285,11.18896519962516,21.31249319702792,2.4009516259587635,2.186631410756906,1.033637762069702,3.1755220890045166,5.072660446166992,6.148225784301758,6.442425727844238,6.500770568847656,6.532777786254883,6.551615715026856,7
0.4055666941878622,95.62252589958564,5.154740916595591,2.963480849534455,2.732353086065682,0.661200761795044,1.8273472785949707,2.615189552307129,2.977245807647705,3.1537227630615234,3.277177333831787,3.3724513053894043,3.4548702239990234,22
0.996853578737228,217.12299618956024,6.361164912121756,2.8665281519803365,2.8524429748878948,0.1833319664001464,0.3090479373931885,0.4313652515411377,0.5599193572998047,0.6780221462249756,0.7905628681182861,0.8985168933868408,1.0013222694396973,15
0.5122612616534588,167.61752308798918,117.132253521629,2.2813407557839307,2.549900281742348,0.2802402973175049,0.5162591934204102,0.6974794864654541,0.8457851409912109,0.9696075916290284,1.075798749923706,1.1674258708953855,1.248525619506836,10
0.8015837726135011,36.4770279836235,1.3694078315708431,2.1839006983624096,2.173369689740654,0.5114574432373047,1.2075188159942627,1.6603777408599854,1.947729587554932,2.1571264266967773,2.322144031524658,2.458277702331543,2.5787100791931152,18
0.8874745480308608,26.172387501974057,0.6917535463620067,2.0206362769068886,2.4760256213937204,0.5618140697479248,1.371835231781006,1.890286445617676,2.214585304260254,2.445894241333008,2.629178524017334,2.781306743621826,2.9110960960388184,18
0.955577218394616,214.16803850116,0.9642788238194407,2.3346981827436526,2.058217048939841,0.1298773288726806,0.2262120246887207,0.3153672218322754,0.403001070022583,0.4884295463562011,0.5708401203155518,0.6496016979217529,0.7246088981628418,15
0.8158984109845417,219.02532948552405,0.5541205749818865,2.0384470165642234,2.836264713990123,0.166478157043457,0.2937994003295898,0.4170103073120117,0.5355687141418457,0.6474931240081787,0.753800630569458,0.8538763523101807,0.9487016201019288,15
0.4810038467216904,119.1451827303497,44.32328442091704,2.8968119401858083,2.7496663012700044,0.4982831478118896,1.2174811363220217,1.7083120346069336,1.979654788970948,2.1576805114746094,2.294719219207764,2.410926818847656,2.508872509002685,19
0.7751290585423528,7.4636800108478,78.86802283348842,2.2773249965549542,2.977239610924914,0.8642656803131104,2.600519895553589,3.9253880977630615,4.5565595626831055,4.7803497314453125,4.878969192504883,4.925273895263672,4.954906463623047,23
0.7482587561209797,9.388549013640828,61.26605282562261,2.623947538010273,2.1699018099698093,0.7854135036468506,2.1587576866149902,3.047278881072998,3.477137565612793,3.698809146881104,3.827654838562012,3.905904293060303,3.973654747009277,23
0.5238961396230386,10.689589161876004,0.9080990842952036,2.84682482499784,2.5337876673049107,1.094031810760498,3.3161747455596924,5.1638031005859375,6.139772415161133,6.531708717346191,6.76145076751709,6.943868637084961,7.079564094543457,5
0.4928585511719642,16.325474641999236,0.6064578704822394,2.621402429208564,2.754683496667262,1.0566821098327637,3.225578546524048,5.042808532714844,5.988161087036133,6.341303825378418,6.507582664489746,6.638370513916016,6.7249908447265625,5
0.7298638149017143,24.28198474340557,2.9996627611820306,2.9489658744147578,2.1829268955528462,0.7035074234008789,1.8384666442871087,2.562087059020996,2.964111804962158,3.2213449478149414,3.409209728240967,3.5572476387023926,3.684549808502197,22
0.3858758533217127,32.156313751542406,79.26162127018655,2.9235558781045667,2.298647877271761,0.7738397121429443,2.2119269371032715,3.231971263885498,3.66501522064209,3.827775478363037,3.89509916305542,3.9294028282165527,3.956404685974121,23
0.93404979031742,49.15868549400231,54.31489793894891,2.9884745583144583,2.553985424310301,0.4115762710571289,0.899885892868042,1.282477855682373,1.5750832557678225,1.80481481552124,1.992475509643555,2.150322914123535,2.286747932434082,19
0.6446862898890855,10.42956854375825,218.56959963274664,2.3945448130794054,2.50059646704182,0.632072925567627,1.779961347579956,2.553964376449585,2.788465738296509,2.800590753555298,2.801154375076294,2.801063299179077,2.801053762435913,1
0.9039242909718596,26.48073028707429,0.665565871499187,2.0327638514661728,2.239371706319896,0.5197722911834717,1.219630241394043,1.6792991161346436,1.980391502380371,2.2015490531921387,2.3778090476989746,2.5241775512695312,2.6483211517333984,18
0.362216721418204,100.55386175238786,182.94479284038923,2.260933404143494,2.351787936986994,0.4146361351013183,0.957239866256714,1.2618393898010254,1.3702962398529053,1.4312117099761963,1.4817018508911133,1.524228811264038,1.560898780822754,0
0.998001176727512,132.42148503187744,6.938806710481258,2.40829655711649,2.269967768924672,0.1904966831207275,0.345076322555542,0.4941451549530029,0.6349632740020752,0.7657442092895508,0.888439416885376,1.002180099487305,1.107736349105835,15
0.8595501261907574,14.424137943006157,2.101212824799328,2.670355407611368,2.492717268262033,0.76786208152771,2.046126365661621,2.86680555343628,3.318808078765869,3.6069765090942383,3.814711093902588,3.981957912445069,4.116506099700928,22
0.5610852419105448,10.175634254578624,54.10664537891594,2.4494641755724977,2.3259042578160574,0.9082624912261964,2.682587146759033,4.012139320373535,4.599949359893799,4.8131022453308105,4.90281867980957,4.950445175170898,4.979324817657471,23
0.9064369500527752,78.59302194601668,3.8425242587231216,2.027233959343642,2.425964007591572,0.2896623611450195,0.5741338729858398,0.8225624561309814,1.0365946292877195,1.2207765579223633,1.3810291290283203,1.5212035179138184,1.645005226135254,8
0.6308582963130954,31.04735387040365,11.26072135880326,2.821135758667066,2.5968685287128386,0.7665524482727051,2.125598669052124,3.0251872539520264,3.4767606258392334,3.72494387626648,3.898458242416382,4.024188995361328,4.137477874755859,22
0.3685017745199573,54.92753382517876,0.7389626013638437,2.744241843751815,2.048251494142935,0.7458248138427734,2.0459301471710205,2.8774125576019287,3.2498300075531006,3.4331729412078857,3.541929006576538,3.618263959884644,3.6835877895355225,22
0.3823497920716382,70.66103825582825,121.50461625946193,2.2618467218969687,2.650492850382949,0.5899684429168701,1.629960060119629,2.2990052700042725,2.526706457138061,2.59518837928772,2.641061544418335,2.681069612503052,2.717028856277466,0
0.3558482810731588,23.96415798327881,3.299162029527118,2.1713926613820367,2.24892839152321,0.975466012954712,2.938896894454956,4.511684417724609,5.260835647583008,5.461067199707031,5.534454345703125,5.585305213928223,5.623686790466309,6
0.7114746568082436,118.81297664044814,66.81892056697147,2.5053300071562816,2.4515284244294167,0.2973508834838867,0.5752658843994141,0.8047535419464111,0.9980788230895996,1.160930871963501,1.3008973598480225,1.42223858833313,1.5296611785888672,10
0.3780547469496826,80.1290255574704,10.12217206322671,2.898099729543121,2.5653610265035014,0.716480016708374,2.0247936248779297,2.917774200439453,3.3205690383911133,3.4963274002075195,3.602293968200684,3.6871657371521,3.759698390960693,22
0.4852520843461205,8.071235590024203,5.982442813792342,2.1403923797877944,2.9355413007959967,1.119194507598877,3.60029673576355,6.016062736511231,7.526810646057129,8.106422424316406,8.213544845581055,8.245980262756348,8.270270347595215,14
0.462965915469146,13.615675893814087,0.6837868933949203,2.8056694288415023,2.3281294296092385,1.059945821762085,3.1785807609558105,4.910818099975586,5.793695449829102,6.135601043701172,6.338659286499023,6.486382484436035,6.598659515380859,5
0.9723936745788356,9.827575127204236,3.93297102408477,2.326267561037196,2.335744559592043,0.7383525371551514,1.912984848022461,2.644474029541016,3.059957504272461,3.3303356170654297,3.5327916145324707,3.698791980743408,3.836343288421631,22
0.3528057422582471,15.883124475736844,50.77140689211341,2.180599628548298,2.7177028724876973,0.9735009670257568,3.062464475631714,4.968650817871094,6.066315650939941,6.323960304260254,6.342694282531738,6.351317405700684,6.355743408203125,7
0.3048760449617829,27.741044560058533,19.68794725421696,2.084619589629571,2.2143197276978515,0.923147678375244,2.7741711139678955,4.249191284179688,4.906083106994629,5.049709320068359,5.091921806335449,5.1154069900512695,5.134185791015625,23
0.8303157767964207,144.20512152779492,31.78307047384149,2.2604317200576345,2.806077050183908,0.2391631603240966,0.4384241104125976,0.6261320114135742,0.7964680194854736,0.9506778717041016,1.0906856060028076,1.2182207107543943,1.333909034729004,9
0.5790148178950392,33.191911826122166,6.284105969170341,2.80911929248122,2.1162632087368274,0.710435152053833,1.8866305351257324,2.6253676414489746,2.998988151550293,3.220215320587158,3.372713088989258,3.490208148956299,3.5889229774475098,22
0.6947990782181384,27.941008153285072,1.3107150458875465,2.197722887956283,2.7219169029961594,0.732088565826416,2.0271692276000977,2.8457274436950684,3.245209217071533,3.4706950187683105,3.6334128379821777,3.759978294372559,3.872147083282471,22
0.4323862821532832,139.5198825559509,4.967703313652885,2.269282038611172,2.400250523999123,0.4412884712219238,1.029646635055542,1.4007947444915771,1.6156842708587646,1.7640726566314695,1.8872201442718504,1.9857981204986568,2.072345972061157,18
0.3045829838359893,15.592435346798784,174.41655564105866,2.305248532836972,2.7592129138005217,0.7743086814880371,2.347962617874145,3.652588605880737,4.239468574523926,4.297223091125488,4.297725677490234,4.297693252563477,4.297786712646484,23
0.912989139239472,207.91725163646365,33.82304662092561,2.307390388509362,2.5542430342132314,0.1568665504455566,0.2695319652557373,0.3771951198577881,0.4824776649475097,0.5826632976531982,0.6783480644226074,0.7688369750976562,0.8546140193939209,15
0.4179669048266287,7.6882916196921745,12.271539445816396,2.0380463159525584,2.482315113862412,1.0875589847564695,3.4731664657592773,5.782474517822266,7.265377521514893,7.796658992767334,7.8482537269592285,7.858660221099853,7.867023944854736,6
0.5073679971819487,142.65374038075038,1.4964316368970685,2.30320812688555,2.954170969525467,0.435861587524414,1.0157034397125244,1.4175136089324951,1.6781816482543943,1.8720362186431885,2.024869203567505,2.1550486087799072,2.2646238803863525,18
0.4776236745723076,8.595443908390944,33.76887834840915,2.3195770149484027,2.235660960652293,0.9875688552856444,2.980066299438477,4.613130569458008,5.427695274353027,5.664289474487305,5.732275009155273,5.767551422119141,5.786761283874512,7
0.360257373778296,70.73576980374187,227.1257227835408,2.761417856039645,2.401556588834368,0.4717137813568115,1.168882131576538,1.580310344696045,1.6848268508911133,1.7132878303527832,1.7375268936157229,1.7590723037719729,1.7784404754638672,1
0.6608664944943243,15.581495857286724,28.28087286722429,2.00548796170699,2.915403650953201,0.8536880016326904,2.5513415336608887,3.78604507446289,4.340204238891602,4.552212715148926,4.671355247497559,4.752799034118652,4.81422758102417,23
0.3523838520919489,57.02003037489447,0.7505179386191704,2.263226241328641,2.178758276567324,0.761483907699585,2.127846956253052,3.0076162815093994,3.3664681911468506,3.512291193008423,3.5877130031585693,3.652269124984741,3.709965467453003,22
0.4898481512367639,7.835267808847875,1.4324003309029627,2.8808316167786248,2.9749475011112576,1.2013635635375977,3.813542366027832,6.375791072845459,8.02542495727539,8.708110809326172,8.889225006103516,9.000194549560547,9.104602813720703,13
0.772819272832405,207.00517464618488,24.98894299192345,2.269904635649578,2.576963239004976,0.1859645843505859,0.3211696147918701,0.4529902935028076,0.5764672756195068,0.6911625862121582,0.7983646392822266,0.89866042137146,0.9917526245117188,15
0.6753477398129444,36.13130390695513,43.59188475686302,2.876812928333705,2.8149795003708804,0.6868374347686768,1.8784098625183103,2.684009075164795,3.0956411361694336,3.3292698860168457,3.48903226852417,3.622424602508545,3.730742931365967,23
0.5956453790835856,94.89511906407036,219.56834087282385,2.061072078692999,2.991439752758868,0.3313319683074951,0.6881036758422852,0.9391827583312988,1.115943193435669,1.250929832458496,1.3592936992645264,1.4491856098175049,1.5261790752410889,10
0.6440273291109546,16.07859819895467,202.06494508038,2.5846604804935627,2.5120579797008418,0.6153371334075928,1.6987769603729248,2.410023927688598,2.654582262039185,2.7005093097686768,2.7101004123687744,2.7194578647613525,2.7282168865203857,1
0.8939366232319359,211.4973970420644,0.971428792676286,2.75713175504034,2.485850422162694,0.1783285140991211,0.3059990406036377,0.430793285369873,0.5527200698852539,0.6669087409973145,0.7749850749969482,0.8769352436065674,0.9735321998596193,15
0.9237374834887984,41.01818243501222,9.864593003928428,2.021993412462617,2.116997350523869,0.3816378116607666,0.817425012588501,1.148226022720337,1.4005694389343262,1.5999810695648191,1.764599323272705,1.9042866230010984,2.0248513221740723,9
0.5077889448715885,23.612628189749223,1.198868835235468,2.3910503444676654,2.333820148330118,0.8981759548187256,2.583370923995972,3.757725954055786,4.288539886474609,4.530396461486816,4.662930488586426,4.773403167724609,4.848276138305664,22
0.7103572602751214,59.921147829898125,22.259003619952885,2.710416957541488,2.0803749328792494,0.4358608722686767,0.9919495582580566,1.3819620609283447,1.642246961593628,1.8339316844940183,1.987245798110962,2.1164543628692627,2.228015661239624,19
0.7921887584175982,11.929742751146003,7.818067367337628,2.9726075888248835,2.066501365117866,0.7992942333221436,2.111210346221924,2.9490771293640137,3.4194016456604004,3.7183938026428223,3.937500476837158,4.104336261749268,4.23691463470459,22
0.4177303507102033,13.47246165910707,159.26980811719886,2.4104251810264508,2.3784382002424147,0.7376770973205566,2.1537787914276123,3.198903799057007,3.5788886547088623,3.6269495487213135,3.626913785934448,3.627099752426148,3.6271040439605713,23
0.8692013621777743,58.876018566234656,31.80156682369621,2.6782099524827303,2.148184926173415,0.3569037914276123,0.7530405521392822,1.0670380592346191,1.3129658699035645,1.5100774765014648,1.673327922821045,1.8129010200500488,1.9330601692199707,9
0.6502801814919235,6.469613891923146,232.4781856639584,2.869581984685848,2.486207915619091,0.6533482074737549,1.8493449687957764,2.6862967014312744,2.95931077003479,2.978887796401977,2.9796082973480225,2.979870080947876,2.980010271072388,1
0.8947482671367046,200.28115151871324,3.2930409219471697,2.138780118019725,2.862432827930198,0.1721167564392089,0.304295539855957,0.4313828945159912,0.5552196502685547,0.6726875305175781,0.7837977409362793,0.8888759613037109,0.9881668090820312,15
0.3947644344731649,14.16556225560239,4.371214940371601,2.128243517912433,2.162427063901509,1.020108938217163,3.0932157039642334,4.816744804382324,5.70747184753418,5.9612226486206055,6.0406999588012695,6.095287322998047,6.130926132202148,6
0.960690811433342,24.84472090084782,39.68747385362232,2.5191090251414545,2.492997179721538,0.5278692245483398,1.2626752853393557,1.7691268920898438,2.0981016159057617,2.336389541625977,2.5245018005371094,2.678555488586426,2.810654163360596,19
0.4943638684057277,12.106633393676328,7.090208931941244,2.2969495224393297,2.4946335750887068,1.036163330078125,3.14788556098938,4.88484001159668,5.762408256530762,6.060370445251465,6.191611289978027,6.26708984375,6.329349517822266,6
0.6596475691593161,31.668316312784345,120.464611457487,2.01008578862071,2.291091966695004,0.5252578258514404,1.3304646015167236,1.795879602432251,1.998590469360352,2.1086010932922363,2.187222480773926,2.256279468536377,2.314488887786865,0
0.9987598840665516,6.951661391781377,47.88166955242288,2.4833190202061406,2.848137580210065,0.7994637489318848,2.232600212097168,3.1897597312927246,3.690276622772217,3.980478763580322,4.175230979919434,4.319233417510986,4.435976028442383,23
0.8184215044438343,96.1891879190234,4.554319130169912,2.541376257715513,2.5355013895796734,0.3311996459960937,0.667893648147583,0.9501194953918456,1.1877212524414062,1.3871586322784424,1.557544231414795,1.7059369087219238,1.8353257179260247,8
0.7477931948862726,22.39908483766551,4.406625545591576,2.9522540904244887,2.745068761032491,0.786747932434082,2.166656970977783,3.0895400047302246,3.580730438232422,3.873327255249024,4.080262660980225,4.242807865142822,4.381621837615967,22
0.3024157066814298,97.34387484577536,1.141372914235352,2.611334749766464,2.310221148674531,0.6895241737365723,1.92183804512024,2.724950075149536,3.051454305648804,3.1798932552337646,3.2576496601104736,3.324187994003296,3.383199453353882,22
0.3554935470190527,9.508410689509102,32.30215267279225,2.954151349841243,2.795132939517898,1.1299891471862793,3.593091011047364,6.075047492980957,7.791530609130859,8.459596633911133,8.502448081970215,8.506505012512207,8.511021614074707,14
0.4529344308876512,33.73854988512214,137.5044059194512,2.415424203507928,2.0761044519397043,0.5883023738861084,1.5705173015594482,2.145551919937134,2.324402570724488,2.373899221420288,2.4034945964813232,2.429767847061157,2.4536292552948,0
0.4318751658640146,45.74559867329603,104.65322309892252,2.279091708823588,2.699552508890851,0.6818301677703857,1.9636752605438232,2.844279527664185,3.18092942237854,3.2724392414093018,3.315973997116089,3.352773427963257,3.385694742202759,23
0.8191269250052426,102.66517943098856,24.62954245727295,2.1923350102702788,2.127445950052857,0.2534973621368408,0.4817235469818115,0.6840298175811768,0.8597912788391113,1.012376308441162,1.1472325325012207,1.2658319473266602,1.3719539642333984,9
0.7879958883434401,76.6097847795303,252.0069984609493,2.760182197861134,2.655423354591376,0.2937211990356445,0.5478944778442383,0.7422358989715576,0.901465654373169,1.0320911407470703,1.1418664455413818,1.2351841926574707,1.3158555030822754,10
0.6734391299220992,15.509544731045809,2.474966110527832,2.742506763711617,2.315338743070188,0.8810274600982666,2.4539034366607666,3.503544569015503,4.035928726196289,4.334676742553711,4.536106109619141,4.678047180175781,4.801359176635742,22
0.8177709236104098,54.79752633666556,176.80790828973585,2.188161813488154,2.928503081555111,0.3691511154174804,0.7990336418151855,1.1159946918487549,1.347691774368286,1.523220777511597,1.66489839553833,1.7814795970916748,1.8787813186645508,10
0.656917168804817,50.86919918920995,25.31837650998425,2.2253357414155173,2.201288926037148,0.5160114765167236,1.2529480457305908,1.711005449295044,1.9718966484069824,2.153509616851806,2.2944111824035645,2.410740375518799,2.511960506439209,19
0.5022501812520005,22.08677793223912,4.261350688761651,2.934006786041413,2.470492828198034,0.9535939693450928,2.779280662536621,4.132624626159668,4.782432556152344,5.091386318206787,5.282708644866943,5.424360752105713,5.514227390289307,6
0.5958697772324099,10.971925111956825,28.48258778888368,2.367925614301229,2.566805840432539,0.9648854732513428,2.888481616973877,4.375463962554932,5.081144332885742,5.3424811363220215,5.470956325531006,5.545388221740723,5.603359699249268,7
0.8665637314432642,20.69133505714321,141.62792858734124,2.565771738163265,2.659786235482504,0.555081844329834,1.4177429676055908,1.9854304790496824,2.282062768936157,2.45859694480896,2.5817205905914307,2.6787431240081787,2.75945258140564,20
0.3242071056649522,10.040451443048866,9.715397131073573,2.8519979938597366,2.6031533343966253,1.1714856624603271,3.754081964492798,6.42794132232666,8.319645881652832,9.129372596740724,9.202458381652832,9.20919132232666,9.220203399658203,14
0.728206402019848,6.752122722196414,31.51647507658219,2.356192360692884,2.5963756248214227,0.9629833698272704,2.847828388214112,4.259653568267822,4.933882236480713,5.221168518066406,5.369877815246582,5.480310916900635,5.546574592590332,7
0.4574584526396199,31.19173842231233,1.041670918573064,2.703639409145589,2.24023157095122,0.8600552082061768,2.435871362686157,3.50825572013855,4.001809120178223,4.244119644165039,4.398581504821777,4.493709564208984,4.578701972961426,22
0.3243288255679266,91.894791588856,1.1399121801823815,2.6454279829858747,2.4493398698835085,0.7086806297302246,1.9989676475524905,2.860084056854248,3.223721504211426,3.366184711456299,3.453291416168213,3.523728847503662,3.585779190063477,22
0.7170090925444368,13.695708369422462,0.6871754204413099,2.1303433986303664,2.8670338485560745,0.897144079208374,2.631945848464966,3.856208086013794,4.430429458618164,4.700679779052734,4.862222671508789,4.997368812561035,5.092931747436523,22
0.6655495130105225,58.93554500944733,59.242981215322295,2.1433121677858287,2.682077959174356,0.4906692504882812,1.1986172199249268,1.6578428745269775,1.9250571727752688,2.108868360519409,2.2531540393829346,2.370331048965454,2.4721519947052,19
0.3754334083716795,8.268516313222536,17.69505067809332,2.7567066805252995,2.05190442719041,1.0523810386657717,3.2245430946350098,5.195397853851318,6.370462417602539,6.746962547302246,6.829067230224609,6.885471343994141,6.9262542724609375,6
0.487202394396483,14.129879755927846,226.1493182525629,2.111715719022494,2.4711737968654583,0.611292839050293,1.7219865322113037,2.463989496231079,2.6256582736968994,2.6245005130767822,2.6240503787994385,2.6246416568756104,2.6252033710479736,1
0.8127402916336144,60.16673048822477,4.773074435076537,2.582036243863544,2.408241230490386,0.4307658672332763,0.9591734409332277,1.351909637451172,1.6375348567962646,1.8581750392913816,2.037489175796509,2.18892788887024,2.3193371295928955,18
0.954350116743917,14.14706228315714,1.3292266079489865,2.555290561613541,2.764188400701251,0.7326343059539795,1.9464097023010247,2.7355704307556152,3.18613862991333,3.4809470176696777,3.702694892883301,3.883775234222412,4.037530422210693,22
0.5777989852228964,93.71293440736449,25.26506251606532,2.0787055025188987,2.332498107444461,0.4147038459777832,0.9336743354797364,1.2786436080932615,1.5031473636627195,1.669753074645996,1.8028128147125244,1.9158122539520264,2.010127305984497,19
0.8872782915249056,76.97394266252886,185.1785708024757,2.5345908746389,2.574013395159353,0.2732181549072265,0.5112669467926025,0.7125847339630127,0.8846993446350098,1.0313265323638916,1.1587014198303225,1.2691566944122314,1.3659677505493164,10
0.4673728070473888,12.133386348943112,7.393246588787316,2.619713840715065,2.2651284851893494,1.0413503646850586,3.1281073093414307,4.818657875061035,5.681863784790039,5.990473747253418,6.1588287353515625,6.263921737670898,6.347027778625488,6
0.7079051168645518,195.08724901130407,1.47451542187959,2.445415873580376,2.146043539568492,0.1943280696868896,0.3378136157989502,0.475604772567749,0.601670503616333,0.7167909145355225,0.822765588760376,0.9205894470214844,1.0101101398468018,15
0.6522156623906896,8.416612648523337,40.54206812674104,2.641346027735219,2.3410610459162577,0.9297614097595216,2.699381828308105,3.988546848297119,4.592883110046387,4.864706993103027,5.018106460571289,5.1223578453063965,5.186913967132568,7
0.3025381523527253,47.90454082240807,8.616308906721173,2.6561831088269305,2.453772726109921,0.9034550189971924,2.6877188682556152,4.076388835906982,4.703875541687012,4.911749839782715,5.00748872756958,5.06443977355957,5.10407304763794,22
0.5455300711524911,13.172556207215068,19.63353492402469,2.209968506220125,2.30707404463174,0.9412450790405272,2.769284248352051,4.112602233886719,4.7080078125,4.934982776641846,5.047308444976807,5.124118804931641,5.1805925369262695,6
0.8942626902559478,33.22349725120655,24.762100188685388,2.537688551090163,2.072089907493753,0.4582047462463379,1.0470528602600098,1.464817762374878,1.750533103942871,1.963539123535156,2.134727001190185,2.276095390319824,2.397080898284912,19
0.4137398517939097,101.77521700412774,235.0406594288896,2.3668151993788134,2.255934199977495,0.334355354309082,0.6614706516265869,0.8432662487030029,0.942326545715332,1.0141851902008057,1.0715315341949463,1.1178171634674072,1.156730890274048,21
0.4044921023115875,63.666686239864966,5.837237278890212,2.481574852249173,2.5950953553581773,0.7515428066253662,2.1532745361328125,3.1049156188964844,3.51826286315918,3.690333843231201,3.7861485481262207,3.8667378425598153,3.9359450340271,22
0.9385210341977044,38.09152565583744,220.4498310072817,2.065278770550516,2.690245928685914,0.333798885345459,0.6949174404144287,0.9659936428070068,1.1694490909576416,1.3255977630615234,1.4499969482421875,1.551417350769043,1.6358325481414795,10
0.7704269031525472,6.210643323765976,0.5665369305143811,2.768562111984913,2.075840009240618,0.9622416496276855,2.650144577026367,3.765891075134277,4.359941959381104,4.73414421081543,5.022470951080322,5.232231140136719,5.394368171691895,5
0.7710146635809862,16.46809404013082,2.610821878197474,2.007335976402333,2.840998651930972,0.7933700084686279,2.260866641998291,3.2151966094970703,3.670558452606201,3.9130759239196777,4.076425552368164,4.210300922393799,4.312018871307373,22
0.6152258638936571,40.16850311013669,28.060930215021664,2.152756490102752,2.064144344112337,0.581993579864502,1.4732022285461426,1.990954160690308,2.2494208812713623,2.4153101444244385,2.535356283187866,2.640942335128784,2.726570844650269,19
0.3150800444733092,8.830454460799544,15.460487473146046,2.824729867599918,2.5046851629033338,1.157687425613403,3.704241991043091,6.351580619812012,8.253067970275879,9.03842544555664,9.09500503540039,9.096792221069336,9.099677085876465,14
0.4434418015070764,24.93559581400177,6.492331482726543,2.240542702603888,2.4768113268627987,0.9296047687530518,2.76236629486084,4.145172595977783,4.753393650054932,4.971155166625977,5.07188081741333,5.144099712371826,5.199078559875488,6
0.7315036839405266,18.353185653518302,244.6957761444588,2.9693592259626334,2.794653606153464,0.5688111782073975,1.514352321624756,2.159775733947754,2.4166712760925293,2.489968776702881,2.518430709838867,2.5403528213500977,2.5594944953918457,1
0.6424085065569417,20.70966549905213,49.43508483992336,2.5495430515210185,2.136520596704028,0.7175211906433105,1.9361162185668943,2.7012505531311035,3.0605902671813965,3.2506871223449707,3.366570949554444,3.456071853637696,3.531032085418701,23
0.770309736773435,159.43939053758783,1.5381137435173922,2.3913830965670724,2.368931957710476,0.2258155345916748,0.4089715480804443,0.581045389175415,0.7364799976348877,0.8765275478363037,1.004338026046753,1.1203718185424805,1.2260048389434814,15
0.9253251848845916,61.44818527635205,2.0853381277807674,2.822639545515319,2.670703497118844,0.4069337844848633,0.8752143383026123,1.2513148784637451,1.5498058795928955,1.7896840572357178,1.9890387058258057,2.1586382389068604,2.306037664413452,18
0.5614262376361978,48.37415628519363,1.6929376889928087,2.7583579693744538,2.638446436121781,0.7198302745819092,1.988215446472168,2.825573444366455,3.2366976737976074,3.4623842239379883,3.617185592651367,3.739910125732422,3.843503475189209,22
0.84930071032479,25.92891702168622,9.475236572797684,2.500349805899986,2.349660810458156,0.5989270210266113,1.490041732788086,2.067276954650879,2.411630630493164,2.648719310760498,2.833659172058105,2.984042167663574,3.115084648132324,18
0.7238863475628381,28.14528167825149,1.2804493094242375,2.238473193995426,2.7908208564582275,0.7134757041931152,1.9617815017700195,2.7540740966796875,3.152218818664551,3.387259006500244,3.5552520751953125,3.696104049682617,3.807839870452881,22
0.8222261467787668,9.967629252194117,2.082572597936334,2.6901167033507827,2.518219567136317,0.8948476314544678,2.4873597621917725,3.55127215385437,4.107879638671875,4.439681053161621,4.6722917556762695,4.84776496887207,4.9876203536987305,22
0.4121239420875821,93.68643787298711,21.13826335772537,2.2101546389953786,2.4039819298697864,0.5664222240447998,1.4892172813415527,2.0366311073303223,2.2670302391052246,2.3964991569519043,2.4910216331481934,2.578805923461914,2.654680252075196,19
0.636271053394227,35.78926682004007,3.124133654097074,2.810956189864851,2.2568313289929303,0.6840763092041016,1.806180000305176,2.5159807205200195,2.889379501342773,3.116261959075928,3.277873992919922,3.411825656890869,3.5222368240356445,22
0.4110175795816391,148.19013471351929,9.585243005435789,2.8840541178016705,2.380998126963246,0.4585862159729004,1.083556890487671,1.4940147399902344,1.72066068649292,1.8792839050292969,2.000917434692383,2.1059250831604004,2.1966118812561035,18
0.5484856089814176,129.27569384792872,7.587534324419957,2.531445226580515,2.2937474526910093,0.372014045715332,0.7894186973571777,1.0917456150054932,1.3105332851409912,1.4803671836853027,1.6194043159484863,1.7378864288330078,1.8403420448303225,9
0.6789712576252913,16.41440669890448,180.5661901441096,2.835111697721653,2.634568248120976,0.6519408226013184,1.8217813968658447,2.621206998825073,2.9480578899383545,3.052412748336792,3.0873773097991943,3.109812498092652,3.1297128200531006,23
0.5216687858661548,7.391728450461389,2.5471431737683683,2.367720872353779,2.8517535964091154,1.1416513919830322,3.626302719116211,5.977530479431152,7.390139579772949,7.946101188659668,8.0941162109375,8.167823791503906,8.233846664428711,14
0.8943654224835988,23.887998263662453,1.669064009130027,2.6007300250470577,2.5828896058071207,0.6322481632232666,1.60166335105896,2.2396981716156006,2.62366795539856,2.889472723007202,3.094095468521118,3.263334035873413,3.409379720687866,18
0.3824504139516556,123.90218969622136,1.8066451706517368,2.2716678808288453,2.9471157605541007,0.5879631042480469,1.6229162216186523,2.300962209701538,2.591973066329956,2.7370026111602783,2.842952013015747,2.937021493911743,3.0165183544158936,22
0.5598937848795459,218.8760328245432,14.987641732133248,2.8167947807359823,2.158012145745212,0.2240269184112548,0.3879663944244385,0.5360567569732666,0.666757345199585,0.7830052375793457,0.8879404067993164,0.9827671051025392,1.0690793991088867,15
0.8331159535093609,11.298042961223404,29.57550254176832,2.601587364260137,2.7625279796418587,0.8393697738647461,2.3771169185638428,3.4264605045318604,3.957862615585327,4.248208045959473,4.44090461730957,4.586112976074219,4.697105407714844,23
0.3420352739639704,73.3148051334788,4.818549147437926,2.38147012632498,2.191673424145644,0.7062849998474121,1.956029176712036,2.7462847232818604,3.064130544662476,3.200232744216919,3.2827484607696533,3.348807573318481,3.405395269393921,22
0.4465677733526552,6.566608877439166,37.62662459865295,2.448883264133712,2.769125890296852,1.0919513702392578,3.474900245666504,5.815111637115479,7.344489574432373,7.902511119842529,7.9423089027404785,7.948880672454834,7.953731060028076,7
0.4386294105708819,60.42756847087703,4.611204665162426,2.246822664121265,2.613580011822631,0.724846601486206,2.05845046043396,2.9305880069732666,3.30021595954895,3.461867094039917,3.565157175064087,3.6461260318756095,3.712363004684448,22
0.6605178681671817,43.63375046568829,0.6962158722954344,2.658062406750398,2.156568968463596,0.5854732990264893,1.4691705703735352,2.0260024070739746,2.339327812194824,2.546635150909424,2.7081403732299805,2.8365402221679688,2.9531021118164062,18
0.9152696667351958,6.769215521817408,92.24948768679242,2.809875167045713,2.685491818909417,0.7959203720092773,2.2505598068237305,3.260458946228028,3.7654037475585938,4.019405364990234,4.16951322555542,4.2607269287109375,4.321508884429932,23
0.4665227185204981,8.005675442775562,0.9666857689609336,2.1750858424995885,2.281554898768796,1.0883681774139404,3.3838541507720947,5.428457260131836,6.591286659240723,7.003528594970703,7.110962867736816,7.172801971435547,7.215153694152832,5
0.9299786359410808,55.70486234448459,2.3134062460154534,2.0435962099811835,2.3286375474141985,0.3455891609191894,0.7165982723236084,1.020951747894287,1.268161058425903,1.4714295864105225,1.6434714794158936,1.7906651496887207,1.9183745384216309,8
0.40845988836289,13.145116758584598,1.3368242113858313,2.691668052625871,2.08613148646141,1.0458745956420898,3.134999513626098,4.852880477905273,5.752325057983398,6.0729265213012695,6.238470077514648,6.360306739807129,6.4371843338012695,5
0.3121840488297857,163.49730341778712,16.356494834716823,2.732583090153597,2.1200998225678385,0.4529895782470703,1.0799939632415771,1.4525744915008545,1.6253039836883545,1.73879075050354,1.8291118144989007,1.903644323348999,1.968609094619751,19
0.5555298709500149,99.65926502191633,2.783804658291194,2.5504050678239643,2.1206374733816973,0.4244177341461181,0.9587407112121582,1.321117639541626,1.555156707763672,1.7292170524597168,1.8688864707946773,1.9830255508422847,2.0869064331054688,18
0.5421092297207831,168.28916085096614,24.36352558785164,2.2485345718200302,2.885632580538644,0.3451354503631592,0.7113168239593506,0.9900808334350586,1.207949161529541,1.3849074840545654,1.532447338104248,1.658057689666748,1.7682697772979736,9
0.9670374431412204,33.08010825924618,9.493423908765395,2.867080918269028,2.508782727792068,0.5051441192626953,1.1768357753753662,1.6708805561065674,2.0164735317230225,2.274702787399292,2.483126401901245,2.65716814994812,2.8064897060394287,18
0.946252763490143,16.053253350292575,6.581219227218633,2.060678922162938,2.0571303717719656,0.5889678001403809,1.424926519393921,1.944934606552124,2.262861967086792,2.485422849655152,2.6605823040008545,2.805950403213501,2.929589033126831,18
0.6206097549045646,67.86830025141956,94.46465415848152,2.3722700808953903,2.325131692569596,0.4342381954193115,1.0008492469787598,1.3727433681488037,1.593317985534668,1.7493526935577393,1.8672444820404053,1.9693548679351809,2.0543863773345947,20
0.7726613349564093,117.55228350929562,4.439989649338156,2.1356440040952824,2.368735190213369,0.2680625915527344,0.5137648582458496,0.7295680046081543,0.9172062873840332,1.0801706314086914,1.222815990447998,1.3492019176483154,1.4609971046447754,8
0.8406506298711374,25.67686297038462,0.7765652192544408,2.6770698016234507,2.8466255269994694,0.6847178936004639,1.8066401481628416,2.5493550300598145,2.971457004547119,3.244548797607422,3.453951835632324,3.624077796936035,3.771400451660156,22
0.3558076294159675,15.874380888822415,195.1390565212868,2.5514711201008824,2.061629485351592,0.6232526302337646,1.726313591003418,2.420144557952881,2.585288047790528,2.587480068206787,2.587160110473633,2.587029933929444,2.587212562561035,1
0.4227782537479696,40.86850888291993,9.2249608250849,2.265179622823894,2.5928064813914498,0.8399121761322021,2.47139859199524,3.6419851779937744,4.148941993713379,4.338315963745117,4.430061340332031,4.488597869873047,4.545536041259766,22
0.6288785507770447,29.325957269941902,3.646256375749362,2.696210327376657,2.5943916575240937,0.789501428604126,2.200905561447144,3.137326002120972,3.602920293807984,3.8554160594940186,4.019916534423828,4.155366897583008,4.257051467895508,22
0.4801902310795415,14.376314397199591,18.208715515833383,2.5759640338853607,2.874824604498334,1.0562987327575684,3.268893957138061,5.220911979675293,6.291971206665039,6.647050857543945,6.784278869628906,6.8673295974731445,6.918868064880371,6
0.4010433054342505,18.38483497439803,0.9910958089383568,2.27675101015354,2.3788707523422152,1.028135061264038,3.1322357654571533,4.882844924926758,5.773869514465332,6.051975250244141,6.146305084228516,6.2081708908081055,6.259653091430664,5
0.8813829472395189,9.645827877128404,2.188812630257317,2.2161587484862784,2.406484963730227,0.8153080940246582,2.201219081878662,3.0679702758789062,3.5229172706604004,3.795798778533936,3.990789890289306,4.134974479675293,4.26755952835083,22
0.9522832366957829,215.93484005467792,12.04773191556886,2.1848387981244217,2.7767306308749866,0.153562307357788,0.2685422897338867,0.3759992122650146,0.4838488101959228,0.587817907333374,0.6867387294769287,0.7814211845397949,0.8710415363311768,15
0.3282422264205677,35.13251347321404,40.81772463025605,2.824314492067024,2.618789512824356,0.9139900207519532,2.748321294784546,4.237366676330566,4.944952964782715,5.167218208312988,5.2573747634887695,5.29707145690918,5.322070121765137,7
0.698292233794598,9.626277257938844,8.503424795609725,2.44115700901416,2.701301255042432,0.9880797863006592,2.9177846908569336,4.357149600982666,5.058032989501953,5.380900859832764,5.58433198928833,5.719937801361084,5.837143421173096,6
0.6410494871827187,185.1827451358678,152.05412256285388,2.3943419366890666,2.8449533008781502,0.2282540798187255,0.3863673210144043,0.5299379825592041,0.6583123207092285,0.7729179859161377,0.8766510486602783,0.971139907836914,1.056887149810791,17
0.5909081446835658,34.5599092991621,10.141626310098026,2.8770940859157603,2.0359556078756684,0.6710188388824463,1.7564668655395508,2.4295196533203125,2.7810072898864746,2.993797779083252,3.150569438934326,3.268154621124268,3.372443199157715,22
0.389158977550084,52.64389689106967,7.073890514429825,2.62627946209625,2.884481775171291,0.8639466762542725,2.5885329246521,3.9165053367614746,4.552857875823975,4.78208589553833,4.895157814025879,4.963797569274902,5.016812324523926,22
0.9764412613392122,47.584530128523966,0.5059071300075942,2.936885502776011,2.014117937211113,0.3555498123168945,0.7598135471343994,1.089775800704956,1.3527979850769043,1.5656886100769043,1.7442150115966797,1.896594524383545,2.029275894165039,8
0.7567536181085778,162.87721788348478,0.5441338123298973,2.980021468660448,2.2777788286836547,0.2388002872467041,0.4353969097137451,0.6181843280792236,0.7824690341949463,0.9303596019744872,1.064742088317871,1.186016082763672,1.2968401908874512,8
0.5684345164931972,46.302930379352766,26.25051639758825,2.0548074755258163,2.2430986419091465,0.5965926647186279,1.5426154136657717,2.0907745361328125,2.3454513549804688,2.496266365051269,2.612950325012207,2.710533618927002,2.789945125579834,19
0.880307093471522,41.642097271996754,2.619359352488821,2.4439646232364685,2.24862953878841,0.4581363201141357,1.039306402206421,1.4582431316375732,1.7546257972717283,1.9792256355285645,2.161057949066162,2.313531875610352,2.444255352020264,18
0.4030219937270451,147.80486019477848,20.526155822320423,2.4046673607700937,2.9938104631334808,0.5046572685241699,1.285214900970459,1.801174879074097,2.0592525005340576,2.217109441757202,2.340777635574341,2.443193197250366,2.5301496982574463,19
0.4264991226538977,41.97580416507471,77.82811494231774,2.7240532862147546,2.472343661179191,0.7287337779998779,2.072744131088257,2.999227285385132,3.387202501296997,3.536086320877075,3.603716611862183,3.6514604091644287,3.693055868148804,23
0.9339543740835778,206.3899224390749,2.0424284335325047,2.1104985864816297,2.106798980851494,0.1235485076904296,0.2191517353057861,0.3089942932128906,0.3953351974487304,0.479083776473999,0.5596404075622559,0.6367061138153076,0.7107579708099365,15
0.8385901528689705,85.53951719672597,15.549289562645129,2.2103296494402533,2.959651110768802,0.3535068035125732,0.736884593963623,1.053250074386597,1.31445574760437,1.5312540531158447,1.7149627208709717,1.8727126121521,2.011085033416748,9
0.8315997536486341,140.0239382932836,1.0497218960511856,2.2318795664993947,2.5394286184711805,0.2337532043457031,0.4314289093017578,0.6172308921813965,0.7860715389251709,0.938138484954834,1.0773217678070068,1.2032732963562012,1.3177495002746582,8
0.3039755172331812,6.928360922594925,186.12685050566333,2.8235040858598284,2.690289765077784,0.8111777305603027,2.4495718479156494,3.847639322280884,4.513710021972656,4.641066551208496,4.644720077514648,4.644740104675293,4.644526481628418,23
0.9059436850992596,55.9529782363039,67.14550865863792,2.30655196548515,2.395171896459694,0.3465590476989746,0.7185161113739014,1.0165188312530518,1.2543623447418213,1.446336030960083,1.6072533130645752,1.7433483600616455,1.8613874912261963,10
0.4496554397836019,53.48244827988206,0.8162834565257462,2.2466574927275644,2.90112841690638,0.7867443561553955,2.3248178958892822,3.4168174266815186,3.8996407985687256,4.086420059204102,4.192614555358887,4.27237606048584,4.336014747619629,22
0.3744265308971344,14.303420072595966,47.95976004712922,2.98609901303938,2.548363674708226,1.0098650455474854,3.097123146057129,4.945850372314453,5.976921081542969,6.262153625488281,6.338273048400879,6.387381553649902,6.410051345825195,7
0.8352127906534681,36.99897775164827,51.560238909989394,2.908530976082475,2.3333345740412303,0.4979836940765381,1.1836814880371094,1.6625547409057615,1.9708003997802728,2.18992567062378,2.361715316772461,2.505345344543457,2.6273083686828613,19
0.4869503072932383,10.347275669227098,1.0736212248345367,2.383770061569708,2.0080915277044507,1.0189425945281982,2.998635053634644,4.523848533630371,5.273569107055664,5.574207305908203,5.745175361633301,5.878974914550781,5.958702087402344,5
0.9661109984959132,18.641789077776043,189.90210058524912,2.02302054762037,2.735554649323236,0.4532544612884521,1.0888020992279053,1.5104527473449707,1.752547264099121,1.909027338027954,2.020750999450684,2.10650634765625,2.174750328063965,20
0.5079674429160026,84.0163043940264,139.84751681863278,2.6483346242813,2.9684629766875537,0.5060644149780273,1.280894756317139,1.8054184913635247,2.0604944229125977,2.2016396522521973,2.306118488311768,2.394718647003174,2.4689183235168457,20
0.3990874815288741,130.28460756878962,40.59503327918197,2.089063767715933,2.4267397347991144,0.4478294849395752,1.068284273147583,1.4420499801635742,1.6280229091644287,1.754961013793945,1.856281280517578,1.9394423961639404,2.0084774494171143,19
0.4993311262914859,8.379880031662509,0.8305752452068348,2.830473459477897,2.374212411352671,1.1218137741088867,3.438956022262573,5.467166900634766,6.589224815368652,7.017145156860352,7.224920272827148,7.387137413024902,7.520957946777344,5
0.7636365018815905,40.70747010904064,6.746616238586538,2.922801347431468,2.623075312953575,0.6064753532409668,1.5374679565429688,2.168403625488281,2.5400843620300293,2.792531013488769,2.9871034622192383,3.145867824554444,3.2824525833129883,18
0.3839757023364557,21.2595007566272,55.97718002782515,2.651130860899288,2.476364885746736,0.9112858772277832,2.735400676727295,4.20018482208252,4.88629961013794,5.073502540588379,5.156500339508057,5.190009593963623,5.20800256729126,7
0.7371693918396622,8.579681606896395,32.841660672623426,2.15955023379453,2.596007988768744,0.9000241756439209,2.629977941513061,3.863225221633911,4.421665191650391,4.66572380065918,4.802040100097656,4.891169548034668,4.95395565032959,23
0.4812420701630935,9.8804908983832,2.1845540505223786,2.0417786707782373,2.981888176896621,1.0948903560638428,3.5239181518554688,5.846200942993164,7.265405178070068,7.774275302886963,7.888320446014404,7.928970813751221,7.957591533660889,6
0.3443407915446685,8.739198722989265,5.201791755885962,2.278877674089404,2.535304234114739,1.1493382453918457,3.7184345722198486,6.379120826721191,8.268665313720703,9.095531463623049,9.184409141540527,9.188785552978516,9.193292617797852,14
0.4333100735146377,115.95508950949846,1.0460764414533548,2.4012109707236524,2.639544916679393,0.5430140495300293,1.4024989604949951,1.946413278579712,2.2074944972991943,2.368869066238404,2.491339445114136,2.597698926925659,2.688513994216919,18
0.6367266621338499,6.037416245335378,22.522211878358704,2.282668869190489,2.02329052193688,0.9571216106414796,2.760704278945923,4.037842750549316,4.633378982543945,4.900285720825195,5.054256439208984,5.158537864685059,5.217462539672852,7
0.3096573917584868,6.832777322751725,2.737794362691492,2.204147778739748,2.4318053829676534,1.1669704914093018,3.810163021087648,6.639354228973389,8.823835372924805,9.911195755004885,10.015682220458984,10.018178939819336,10.02029037475586,14
0.7032212557155388,24.21134230235821,16.631999653482744,2.2526463803167203,2.144861345366386,0.6754238605499268,1.7575604915618896,2.409330606460572,2.741721868515014,2.941599607467652,3.084468126296997,3.205305337905884,3.29810643196106,22
0.6769805288607589,21.92742591427524,3.4060288787205986,2.691409260847389,2.9073215969542177,0.8610508441925049,2.4825689792633057,3.621443033218384,4.191616058349609,4.48496150970459,4.678277969360352,4.815848350524902,4.939188957214356,22
0.9935328704187644,65.53249076356629,262.4299214890803,2.951395965971253,2.727893000438021,0.2664673328399658,0.4798758029937744,0.6622936725616455,0.8196389675140381,0.95493483543396,1.0732526779174805,1.1763029098510742,1.2665519714355469,10
0.8395411429094353,38.61138495517694,117.98129178316717,2.842163224647648,2.5258915286088754,0.4617006778717041,1.075836420059204,1.5097496509552002,1.788395643234253,1.9845125675201416,2.137054204940796,2.261641263961792,2.364342451095581,20
0.8246243607928283,54.04170837537854,38.58410308814568,2.9200641091190422,2.3295962992113872,0.4284443855285644,0.9593110084533693,1.3557305335998535,1.6397910118103027,1.8554997444152832,2.0304107666015625,2.1758131980896,2.301563262939453,19
0.9818489321598768,9.864502923664356,18.7683114252405,2.5814735317142405,2.6082706747851097,0.7568511962890625,2.013079881668091,2.8258144855499268,3.2789313793182373,3.5726001262664795,3.787234544754028,3.9573352336883545,4.097917556762695,23
0.7893525371344462,59.24091618168815,35.03796787382896,2.300520075324852,2.787469690105695,0.4500148296356201,1.0329787731170654,1.4530580043792725,1.7478535175323486,1.9700086116790767,2.1484158039093018,2.297990560531616,2.425046682357788,19
0.3862440895914538,76.6610802277764,1.145589725155247,2.927238831793776,2.6846390370217748,0.7462730407714844,2.1280112266540527,3.088022232055664,3.52946138381958,3.721168041229248,3.840053081512451,3.9276857376098633,4.001554489135742,22
0.7978447112434752,11.442899496001663,47.15540164211183,2.911061479904676,2.839818236922788,0.8575155735015869,2.458207130432129,3.597574710845948,4.1778717041015625,4.485831260681152,4.675384521484375,4.813656806945801,4.912992477416992,23
0.3690327147844386,45.910163000801205,5.268222469053955,2.6347232857993825,2.1243393495028973,0.8113391399383545,2.2876996994018555,3.28224515914917,3.72117280960083,3.91937780380249,4.029276847839356,4.097176551818848,4.156191825866699,22
0.9627937744654748,71.46856142813438,2.977609152375571,2.8721157851464123,2.118530507049115,0.3006319999694824,0.6047825813293457,0.870795726776123,1.099785327911377,1.2949254512786863,1.46370530128479,1.6105926036834717,1.739997625350952,8
0.5356450146324488,18.950494029735825,57.63332430951346,2.874108744954935,2.060283185502796,0.7824585437774658,2.178206443786621,3.1012496948242188,3.5183677673339844,3.7296571731567374,3.836697578430176,3.9106950759887695,3.965606212615967,23
0.9688971276146864,133.25664496107396,27.405923704471142,2.158537984898917,2.230075625309565,0.173105239868164,0.3127379417419433,0.4462969303131103,0.572237491607666,0.6901712417602539,0.7999687194824219,0.9026024341583252,0.997710943222046,15
0.4798277279967136,43.98722604778197,1.2858224521320174,2.251784600177931,2.42353893642356,0.7609896659851074,2.1372382640838623,3.02558970451355,3.4137156009674072,3.58896803855896,3.706718683242798,3.79499077796936,3.867004156112671,22
0.4794059187121577,14.036741228883356,11.33522425584573,2.9320689717880253,2.485225291354624,1.0418503284454346,3.1295204162597656,4.82974910736084,5.686368465423584,6.021585941314697,6.216551303863525,6.366014003753662,6.46332311630249,6
0.7584069323514057,176.19711594948714,0.8690196796668143,2.131449769243165,2.764725366878756,0.2258923053741455,0.410398006439209,0.5854451656341553,0.7449300289154053,0.8902499675750732,1.0234863758087158,1.144705295562744,1.2561943531036377,15
0.3596890667521363,60.01573895296277,26.16335386008067,2.2722941211796246,2.846336603106622,0.7905349731445312,2.364245176315308,3.534630537033081,4.040868759155273,4.19547176361084,4.25876522064209,4.303815841674805,4.341792106628418,23
0.9789367953766523,213.09426439602308,0.5222875663290321,2.707810977789162,2.719966270819437,0.177455186843872,0.3030061721801758,0.4233465194702148,0.5478053092956543,0.6634321212768555,0.7732973098754883,0.8778378963470459,0.9773201942443848,15
0.5760456804402148,92.53029881062596,3.5047458633162294,2.962898561445771,2.627852266549682,0.5195133686065674,1.271489143371582,1.7877840995788574,2.094651699066162,2.305544376373291,2.471397876739502,2.6066999435424805,2.726853370666504,18
0.4628089664101732,56.80374111080665,0.5824996572315791,2.882480637945934,2.7008506541510444,0.7758448123931885,2.214331150054932,3.215536117553711,3.69248628616333,3.919523239135742,4.053949356079102,4.160840034484863,4.25092363357544,22
0.4000230575395317,46.66726873732836,6.164760964625389,2.8492027338656403,2.5216736974959755,0.8516123294830322,2.4771406650543213,3.655338048934937,4.203518867492676,4.4425859451293945,4.563597679138184,4.652285575866699,4.722631454467773,22
0.3651137063749686,13.457248840997728,1.4871803379764166,2.234125801901305,2.0626957651077498,1.044644832611084,3.193933486938477,5.05687427520752,6.085496425628662,6.421173572540283,6.501399517059326,6.545412540435791,6.576449871063232,5
0.6759799654868135,94.26335508129662,50.720616410885626,2.287352906574536,2.725789445139577,0.3877110481262207,0.8406798839569092,1.1759729385375977,1.4234950542449951,1.6164474487304688,1.7731106281280518,1.906378507614136,2.0193917751312256,9
0.6121130880894485,62.792628991884975,7.376949249844708,2.72723730476386,2.0954823264097504,0.5036919116973877,1.214852809906006,1.6758110523223877,1.9474565982818604,2.136738538742065,2.285897970199585,2.4080560207366943,2.5172154903411865,18
0.4244852721662076,16.742253831457123,36.205991622030936,2.8548488244934696,2.367006111816558,0.9588394165039062,2.858916521072388,4.379006385803223,5.092413902282715,5.34086799621582,5.468430519104004,5.548583984375,5.592792510986328,7
0.4480160040482426,10.716999334253035,12.353764912776416,2.712178543470249,2.8812643535725995,1.1353600025177002,3.5864927768707275,5.927040100097656,7.395870208740234,7.928388595581055,8.051372528076172,8.11362075805664,8.159767150878906,14
0.9097633255626016,127.48138431921242,6.648036979636631,2.820162956981086,2.220776148999698,0.2259817123413086,0.4156081676483154,0.5959317684173584,0.7602989673614502,0.9096183776855468,1.0456347465515137,1.1687281131744385,1.2817223072052002,15
0.783035430997882,12.401923428652209,79.40464621207477,2.508237149913489,2.218780588830596,0.6964616775512695,1.8711705207824707,2.607960700988769,2.9586071968078613,3.142153739929199,3.2541661262512207,3.3299450874328613,3.3986878395080566,23
0.6130593835340605,11.329246727483694,45.63562973463706,2.273000845492234,2.6192741361149885,0.9077281951904296,2.7009618282318115,4.054308891296387,4.661846160888672,4.885181427001953,4.984506607055664,5.044155120849609,5.083264350891113,23
0.8459949646925782,52.58734906220173,12.480112577587764,2.523537955317523,2.513824356937679,0.4510328769683838,1.0199849605560305,1.4387423992156982,1.738572597503662,1.967705249786377,2.154383659362793,2.310608386993408,2.4447555541992188,18
0.7419207985653491,159.1545307842544,9.91844468424641,2.9362270330290845,2.3603225773632586,0.2496328353881836,0.4587557315826416,0.6493678092956543,0.8189976215362549,0.970505714416504,1.1071491241455078,1.2294926643371582,1.3404674530029297,9
0.4875716627431813,9.309925529163715,19.20132748525616,2.057274098835324,2.902441439988106,1.0627641677856443,3.385944604873657,5.559821128845215,6.866778373718262,7.302901268005371,7.367191314697266,7.392313003540039,7.410147666931152,6
0.3819328514917758,202.34215419721903,1.2985284918385616,2.4086800630969183,2.035408819729457,0.3084368705749511,0.600975751876831,0.8063750267028809,0.9599974155426024,1.0811669826507568,1.1793439388275146,1.2663111686706543,1.340998888015747,8
0.7902913105071785,78.4352133934341,213.24497327463592,2.1510182824665542,2.246710116074901,0.2369508743286132,0.4212722778320312,0.5746514797210693,0.7032957077026367,0.8120486736297607,0.9058959484100342,0.9875006675720216,1.058479070663452,17
0.7908831652076643,48.84362104260661,3.759145927266696,2.704896206249594,2.092130363727288,0.4508955478668213,1.0305259227752686,1.4430887699127195,1.7248780727386477,1.935429334640503,2.104634046554565,2.247742891311645,2.3710315227508545,18
0.8662405301900218,85.66207142530462,0.6144619691003532,2.5711744626786244,2.688225633086908,0.3571949005126953,0.7341015338897705,1.0483193397521973,1.3098082542419434,1.527735948562622,1.7132704257965088,1.8731815814971924,2.013014554977417,8
0.4527316508611912,8.31573596457262,24.26786907388072,2.560833946550793,2.200246491962248,1.037956476211548,3.1605441570281982,4.988637924194336,5.984471321105957,6.28721809387207,6.384235382080078,6.441423416137695,6.469016075134277,7
0.743725557963051,61.948798428445016,180.22031033791964,2.898560173314639,2.253487321984257,0.3380937576293945,0.689960241317749,0.945206880569458,1.130103588104248,1.2711443901062012,1.3840079307556152,1.476945877075195,1.555598258972168,10
0.4252504955860625,6.091798198843118,22.78982519811607,2.0253302524872487,2.6624703276825192,1.090908765792847,3.528365135192871,5.993592739105225,7.678317546844482,8.330768585205078,8.37837028503418,8.381195068359375,8.383708953857422,14
0.401538981691235,9.941288079261303,216.5533175541321,2.9678052881815065,2.6175158027515124,0.719627857208252,2.1077427864074707,3.1759181022644043,3.601998805999756,3.657479763031006,3.657328605651856,3.657188415527344,3.657301425933838,23
0.500788746924232,215.0089321057488,27.587214908345416,2.1166654271723204,2.455296705379724,0.2503035068511963,0.4503092765808105,0.6187505722045898,0.763261079788208,0.8886630535125732,0.9987194538116456,1.0962300300598145,1.1838510036468506,15
0.8809746421539477,94.01804652789382,254.84912630455764,2.130738708982166,2.2667999248170125,0.1744213104248047,0.2824656963348388,0.3850014209747314,0.4758086204528808,0.557253360748291,0.6309313774108887,0.697484016418457,0.7576422691345215,17
0.848082312321172,18.856322271919147,1.767128718590382,2.025176586223254,2.190542488425697,0.6423244476318359,1.615934133529663,2.2008862495422363,2.5300354957580566,2.7501277923583984,2.9197959899902344,3.0553054809570312,3.175211906433105,18
0.4023235281204264,16.93968303409383,4.9396263203429625,2.150938027663204,2.22038319749657,0.9966278076171876,2.99675726890564,4.604637145996094,5.38590145111084,5.609114646911621,5.701830863952637,5.760063171386719,5.80153751373291,6
0.6192146282231425,10.913224508449671,28.781375172067484,2.930425791786523,2.7211200599814034,0.9981026649475098,2.972320556640625,4.53490161895752,5.315845966339111,5.654504299163818,5.8577494621276855,5.993000507354736,6.082118511199951,7
0.3455670880332169,34.978948562054,0.6263174853869947,2.824986329158788,2.2512531928819746,0.9375319480895996,2.75359845161438,4.123832702636719,4.750223159790039,4.990559577941895,5.144905090332031,5.231720924377441,5.298023223876953,5
0.8715657932085177,11.025448338910936,156.7888883510455,2.8230641425705496,2.8286811539768912,0.6764376163482666,1.8782331943511963,2.7081782817840576,3.100047826766968,3.27901291847229,3.3671891689300537,3.423424482345581,3.4699461460113525,23
0.5294561800677848,21.31366753524892,34.4153741320373,2.854576116591656,2.844475880540688,0.9309163093566896,2.781279802322388,4.23301887512207,4.950616836547852,5.242572784423828,5.401153564453125,5.490235328674316,5.548418045043945,7
0.9831300113240948,8.225329994616041,87.40846457284268,2.1229772398417475,2.04987017045294,0.600386381149292,1.5061800479888916,2.0450870990753174,2.3220880031585693,2.4898130893707275,2.6008012294769287,2.690985918045044,2.763432741165161,20
0.8722606358648013,26.2482195502394,0.8903600601175813,2.4656816589717563,2.694876179197964,0.6312594413757324,1.6144680976867676,2.256265640258789,2.636765956878662,2.8979363441467285,3.098974227905273,3.26549768447876,3.4090962409973145,18
0.7734453221097537,7.310234569314777,0.5183280255288254,2.559019001109036,2.5582272735718323,0.993572235107422,2.853628873825073,4.16773796081543,4.8212432861328125,5.187564849853516,5.439160346984863,5.622072219848633,5.771111488342285,5
0.7795741117086845,60.92729393053308,4.334020138726547,2.2222942831619314,2.5040747498023515,0.4420216083526611,0.998110294342041,1.398355484008789,1.683670997619629,1.9017558097839355,2.078330993652344,2.225693702697754,2.352612972259521,18
0.4679502974831154,99.7648276533436,3.512122496602642,2.5625110474153905,2.270173152581845,0.5143344402313232,1.2745099067687988,1.746018648147583,1.990044355392456,2.1516706943511963,2.277301073074341,2.3850362300872803,2.475163221359253,18
0.9204264666944596,31.8795977990284,4.97738146081225,2.709837709975416,2.869510692807984,0.5740945339202881,1.4093310832977295,1.993119478225708,2.3709876537323,2.6438138484954834,2.8594624996185303,3.038058042526245,3.1921956539154053,18
0.8632866248694169,11.097351438584598,17.668156060980966,2.6070213115504,2.631439371714996,0.8250985145568848,2.2862565517425537,3.252357244491577,3.762099027633667,4.055930137634277,4.263036727905273,4.420154571533203,4.545352935791016,22
0.641362904640973,6.5015356542737335,4.076459333250069,2.445003867653345,2.5904214395112275,1.0843381881713867,3.2861461639404297,5.068299293518066,5.988936901092529,6.381747722625732,6.59848165512085,6.767715930938721,6.886978626251221,6
0.3821701525919838,91.74339909063556,0.7671730149848764,2.770380746980261,2.9863309740887574,0.7244293689727783,2.0934090614318848,3.0686511993408203,3.5144686698913574,3.699509620666504,3.8091750144958496,3.8944153785705566,3.9646754264831534,22
0.7308751188982943,113.1323825779116,18.963038063938484,2.588470412204813,2.506357149756852,0.3318750858306885,0.667931079864502,0.9422409534454346,1.1686108112335205,1.356497287750244,1.5170986652374268,1.6550886631011963,1.776355504989624,9
0.3129912237573853,12.79993758284448,1.0875423246202072,2.0359738726564425,2.014835257197971,1.051567316055298,3.270423889160156,5.314233779907227,6.58557653427124,6.983288288116455,7.02311372756958,7.036048412322998,7.0451178550720215,5
0.7321170126914965,37.95874488779017,27.37120394365888,2.419118937777196,2.72292484398704,0.6103775501251221,1.5890977382659912,2.220465421676636,2.563127279281616,2.7833468914031982,2.952960729598999,3.090324640274048,3.204630136489868,19
0.4669719111521171,71.2828156521507,163.29374789393128,2.910243442707915,2.0460655478669816,0.4053354263305664,0.9167046546936036,1.214158058166504,1.3466639518737793,1.429387092590332,1.4950165748596191,1.5486650466918943,1.5944147109985352,21
0.8319551262517906,153.16694518333665,172.64099140957654,2.0162184316291336,2.355505730459552,0.1471250057220459,0.2424356937408447,0.3355770111083984,0.4216525554656982,0.5014469623565674,0.5763149261474609,0.6462252140045166,0.7112002372741699,17
0.8434255106514434,7.157598749920901,123.71173405081488,2.1439128576918853,2.1943073308563226,0.6732614040374756,1.8280630111694336,2.5348880290985107,2.816166639328003,2.915844678878784,2.957158327102661,2.984473943710327,3.0073788166046143,0
0.5465328351229357,15.688362276152768,11.819176917911651,2.5988060040085235,2.8959890164509687,1.0161786079406738,3.0941569805145264,4.797508239746094,5.662664413452148,5.992666244506836,6.167147636413574,6.27436637878418,6.363482475280762,6
0.3022385992530741,31.40477759153727,0.6240608142206805,2.8953509713949224,2.2437998748467742,0.9837768077850342,2.9347472190856934,4.502315044403076,5.258493900299072,5.51264238357544,5.642903804779053,5.745516300201416,5.806520938873291,5
0.5318623987900425,210.8292927320493,17.84863772821997,2.190087914687743,2.48963205703377,0.2532987594604492,0.4580655097961426,0.6328632831573486,0.7831077575683594,0.9136300086975098,1.028946876525879,1.1310758590698242,1.22222900390625,9
0.5112437285176661,103.29019606127088,5.709165387792634,2.741108502593016,2.624042427032561,0.5274970531463623,1.3147432804107666,1.8382837772369385,2.1272060871124268,2.318350076675415,2.466603994369507,2.592537641525269,2.695488214492798,18
0.7905443665455216,6.141504826906794,103.4695045335958,2.764635595715362,2.131993784281528,0.7552642822265625,2.092480659484864,2.96983003616333,3.372898578643799,3.549578666687012,3.6366472244262695,3.677255153656006,3.703779220581055,23
0.5570441371969314,11.01680357653145,6.847204324955133,2.685046005401646,2.1930508326402305,1.000411033630371,2.9039885997772217,4.310351371765137,4.9874114990234375,5.310237884521484,5.52843189239502,5.681271553039551,5.791988372802734,6
0.3054239397773041,32.78294043707875,1.5330670687515335,2.8803451879113102,2.338301613878546,0.9934263229370116,2.9822545051574707,4.608423233032227,5.41461992263794,5.669743061065674,5.800323009490967,5.8884711265563965,5.949699878692627,5
0.3702662254894749,129.71679768086574,1.908204079407884,2.657004550656908,2.7368732615779967,0.5837099552154541,1.5600709915161133,2.1984028816223145,2.481168270111084,2.628281593322754,2.7407283782958984,2.8360748291015625,2.9160637855529785,18
0.5726836367192132,57.50887928829092,4.759255320648463,2.5047152033495568,2.4436919737801848,0.6196281909942627,1.6266050338745115,2.258777618408203,2.577608585357666,2.769585132598877,2.918978214263916,3.0360665321350098,3.142740249633789,18
0.7719595157317536,79.72636572410087,23.04766210073783,2.921194866805011,2.2305742061078395,0.3588778972625732,0.7565815448760986,1.0698423385620115,1.3146519660949707,1.510509014129639,1.6739106178283691,1.8119897842407229,1.932372093200684,9
0.8904608965286667,127.6154833190831,136.32789071523243,2.4323051810448013,2.928106965413599,0.2264835834503173,0.400482177734375,0.5662925243377686,0.7177202701568604,0.8548438549041748,0.9808855056762696,1.0956077575683594,1.2007100582122805,17
0.3679417222943525,64.13257141610376,15.193719821348296,2.158250983447944,2.171147988355431,0.6852231025695801,1.874758005142212,2.597520589828491,2.8750545978546143,2.993582963943481,3.0686872005462646,3.130255460739136,3.1817190647125244,22
0.7144461821817594,70.48431078497737,26.71863471614152,2.1773462209555423,2.7476775267838978,0.4426901340484619,1.019208908081055,1.4241914749145508,1.7018303871154783,1.910224199295044,2.078676462173462,2.2175710201263428,2.3354527950286865,19
0.7203469605009951,215.47340242794485,2.202531097555612,2.118107085114008,2.8769571295456204,0.206841230392456,0.3651847839355469,0.5182154178619385,0.660590648651123,0.7916333675384521,0.912994384765625,1.025829553604126,1.129802942276001,15
0.5384259141262082,64.48160159731228,125.4185016011625,2.56060147940454,2.990672586295698,0.5572471618652344,1.4821617603302002,2.104292631149292,2.387178659439087,2.531705141067505,2.6343448162078857,2.7168991565704346,2.78708815574646,20
0.4826757184644328,76.5482329898741,240.3698431480635,2.2557003311938817,2.761979704801533,0.4165713787078857,0.9750103950500488,1.323063850402832,1.4758479595184326,1.560354709625244,1.6248762607574463,1.6773507595062256,1.7216970920562744,1
0.9282159789123896,37.45380943601428,212.9970098161949,2.643816014884317,2.262846885281928,0.3267085552215576,0.662470817565918,0.9102623462677002,1.094707727432251,1.2346720695495603,1.3463168144226074,1.4368829727172852,1.5110960006713867,10
0.9423926182451954,93.55763201117334,71.56649839882547,2.342251813366809,2.00157753843198,0.2067382335662841,0.3774769306182861,0.5370197296142578,0.6815309524536133,0.8109660148620605,0.9284687042236328,1.0338294506072998,1.1298720836639404,16
0.4982791648775044,7.063818901967391,1.625451059777394,2.4716916779423763,2.318391885059572,1.1164426803588867,3.458022117614746,5.545084476470947,6.753305912017822,7.200557231903076,7.359414577484131,7.460998058319092,7.545905590057373,5
0.6791288714296737,10.987752361172802,1.5252235417341458,2.650247023610409,2.6066744843403864,0.986997365951538,2.8674349784851074,4.235416412353516,4.908507823944092,5.254135608673096,5.480903148651123,5.65093469619751,5.778797626495361,5
0.3124092149100204,112.14504619218444,0.6559778450454256,2.622816407839548,2.5361477218755333,0.6639385223388672,1.8544621467590328,2.638988971710205,2.9592294692993164,3.089186668395996,3.170677661895752,3.24202299118042,3.306281566619873,22
0.5667314506480403,75.99347533672227,85.73708439249476,2.646947590542174,2.9339020184437423,0.5303521156311035,1.3490614891052246,1.9026355743408203,2.191164970397949,2.370410919189453,2.50174617767334,2.6141605377197266,2.7069759368896484,20
0.8201876349536996,120.20685920659596,24.082429638355407,2.1830053029176946,2.4733084242350896,0.2529611587524414,0.4752326011657715,0.6772799491882324,0.8556640148162842,1.0134117603302002,1.1543095111846924,1.279327154159546,1.392270803451538,9
0.3220554585740999,12.046175022261911,196.37844932389496,2.702068504415377,2.505130909636546,0.7352437973022461,2.166456460952759,3.275830030441284,3.7073585987091056,3.755803346633911,3.755925416946411,3.755884885787964,3.756155252456665,23
0.6170787742378887,26.681944907204137,1.0926214757895885,2.444570919458249,2.8812366785213794,0.8474068641662598,2.4684929847717285,3.609492778778076,4.153496265411377,4.410694122314453,4.574023246765137,4.6915202140808105,4.793307781219482,22
0.7956002520682504,14.87829511162038,10.32716154636707,2.0705826776385865,2.915696424574498,0.7985668182373047,2.286284208297729,3.267695188522339,3.739299058914185,3.9885060787200928,4.156265258789063,4.283672332763672,4.396797180175781,22
0.981453743878136,14.73733197376232,3.078982230565148,2.7554888809908284,2.3878600999507427,0.666290283203125,1.6831531524658203,2.3523006439208984,2.7601466178894043,3.0419301986694336,3.25943374633789,3.437719345092773,3.590887546539306,18
0.3038239384327847,20.811326739347496,15.436686982720154,2.879151003908504,2.9215487131595355,1.1167187690734863,3.535707950592041,5.909651279449463,7.47797155380249,8.040069580078125,8.099420547485352,8.124462127685547,8.146505355834961,14
0.3936287412620656,90.34775261353056,11.027806139139653,2.232454383469057,2.816832649228766,0.6568090915679932,1.8669171333312988,2.668323040008545,2.998000144958496,3.135493755340576,3.2305355072021484,3.311530590057373,3.382201671600342,22
0.5162996695375113,6.522659595637866,37.562729336563216,2.325216382856121,2.6466647396894505,1.0502350330352783,3.2795090675354004,5.313643932342529,6.500942230224609,6.8701934814453125,6.9226484298706055,6.947665214538574,6.959977149963379,7
0.878961247940558,13.983760952705287,1.1073660393530442,2.579864801116201,2.653478823105636,0.7816479206085205,2.1128385066986084,2.975270986557007,3.4450957775115967,3.736887693405152,3.950886487960816,4.122316360473633,4.265651702880859,22
0.3315870842229966,14.756537656122896,91.76832379927106,2.3492999400365644,2.452684477990109,0.8847987651824951,2.690509796142578,4.225997447967529,4.961839199066162,5.082392692565918,5.10249662399292,5.105125427246094,5.106787204742432,23
0.5989731173121396,20.950237673123763,3.7736972279177374,2.739396479540453,2.192874417665751,0.842188835144043,2.3284666538238525,3.30070424079895,3.784372091293335,4.053297996520996,4.23546028137207,4.3601789474487305,4.467113494873047,22
0.4132609275340693,21.11315145747946,13.278838378240009,2.617995670805854,2.3160585016383286,0.9724440574645996,2.895031690597534,4.39011287689209,5.0991411209106445,5.34327507019043,5.484661102294922,5.563789367675781,5.613520622253418,6
0.7716458323023936,30.197154826502832,0.5196574328431983,2.9033969395888506,2.532201095491248,0.6671445369720459,1.7352042198181152,2.4368786811828613,2.8351621627807617,3.094688415527344,3.290546417236328,3.4535231590271,3.591363906860352,22
0.5754561633229697,65.16554987005682,5.871874005685442,2.106185711099132,2.058440082476805,0.5010318756103516,1.205068826675415,1.6269221305847168,1.864474296569824,2.030802965164185,2.1591546535491943,2.270519971847534,2.3641536235809326,18
0.6400697972359868,8.16412543458273,5.446093661580715,2.4127606646522333,2.2452455659507007,1.0042085647583008,2.919642686843872,4.313348770141602,4.9756574630737305,5.293375015258789,5.509135246276856,5.659243583679199,5.76051139831543,6
0.4103010805737975,168.8964719046846,31.26965621920793,2.102332268756642,2.6562955273564364,0.3930685520172119,0.8802850246429443,1.1996698379516602,1.3985941410064695,1.5439002513885498,1.6618735790252686,1.7590184211730957,1.843355417251587,19
0.3761902988919852,70.50281673539939,29.91408302881062,2.8631895927140443,2.994912979747303,0.7781786918640137,2.293433427810669,3.429842710494995,3.963029146194458,4.164003372192383,4.257645606994629,4.322013854980469,4.376294136047363,23
0.8868352272066775,8.362963042051684,122.17820505909684,2.8054857818100247,2.9662985686885373,0.7655751705169678,2.1966447830200195,3.2222580909729004,3.725774765014648,3.9588217735290527,4.072866439819336,4.144290924072266,4.195370197296143,23
0.6448484736434024,6.744694067416708,6.475788002049339,2.311046480788537,2.969277636733328,1.092031955718994,3.396224975585937,5.388988494873047,6.473422050476074,6.894010543823242,7.090453147888184,7.220729827880859,7.320480346679687,6
0.9079756586424284,151.49882970431395,99.04157617357792,2.060174347849673,2.7309837654970086,0.1761114597320556,0.3082382678985595,0.4369704723358154,0.5580902099609375,0.6710982322692871,0.7765316963195801,0.8752779960632324,0.9667930603027344,16
0.588914890044004,126.86741305233006,4.708702793351551,2.970084815858497,2.0019383712689702,0.324406623840332,0.6615006923675537,0.921807050704956,1.1251544952392578,1.2889032363891602,1.426605224609375,1.5446252822875977,1.646925449371338,9
0.7195934333999443,11.602876754270936,0.9466486518221005,2.62273544788946,2.8647778222201774,0.9734337329864502,2.852898120880127,4.234539985656738,4.926505088806152,5.272731304168701,5.498011112213135,5.668707370758057,5.795680522918701,5
0.9889489232663476,23.06405313558188,153.7695818206964,2.3161768988243283,2.8489204640725063,0.4702746868133545,1.119187355041504,1.5735065937042236,1.863077640533448,2.063071250915528,2.216133117675781,2.337742805480957,2.436974048614502,20
0.5157195153156766,146.11128864665022,29.07471257486536,2.290032635430466,2.547991271249062,0.3647623062133789,0.7684974670410156,1.0577151775360107,1.2680540084838867,1.430753231048584,1.5644922256469729,1.6780383586883545,1.775668382644653,9
0.3689099747136761,137.425086263639,94.60224726142292,2.869836277524008,2.272561253758961,0.4179351329803467,0.9516704082489014,1.27953839302063,1.4457542896270752,1.55391526222229,1.6407535076141355,1.7150709629058838,1.778747797012329,20
0.3692526609063735,108.35824930744856,3.1586791664671017,2.046525335479364,2.6400296887038475,0.5945765972137451,1.6308352947235107,2.269199848175049,2.519049644470215,2.640547752380371,2.7317686080932617,2.811324119567871,2.881594181060791,22
0.6457749098558623,140.81936504409592,1.9839511211989256,2.2727693173170307,2.737126279542669,0.3296642303466797,0.6648335456848145,0.9348042011260986,1.1568703651428225,1.341045379638672,1.497530460357666,1.6331360340118408,1.7514917850494385,8
0.8802264138679265,48.59834519458719,21.834576699676848,2.712916773482364,2.1144790864776897,0.3893628120422363,0.8491318225860596,1.2008578777313232,1.46332049369812,1.668830156326294,1.838361024856568,1.980799913406372,2.1029703617095947,9
0.5044845549998206,9.385918508202195,1.011109189400885,2.381753682095059,2.399709122354446,1.0838265419006348,3.313639879226685,5.197230339050293,6.204668998718262,6.566962242126465,6.722411155700684,6.840270042419434,6.916862487792969,5
0.7836463374142495,36.698450361147856,150.5319276969966,2.000618297731286,2.926875349113758,0.4627087116241455,1.137617111206055,1.5864143371582031,1.8444631099700928,2.012425422668457,2.139561653137207,2.2426013946533203,2.3251399993896484,20
0.6293189672469588,104.34451347626764,166.1689367689005,2.2444421042804814,2.258450657413475,0.2744820117950439,0.5086033344268799,0.6877701282501221,0.8318798542022705,0.95003080368042,1.049343824386597,1.1344478130340576,1.2077207565307615,10
0.9972969354181184,15.245324506566682,0.6526376812315298,2.114711623988727,2.025260291091312,0.5638759136199951,1.3347790241241455,1.8315889835357664,2.1512715816497803,2.381333589553833,2.5639312267303467,2.7141120433807373,2.8424341678619385,18
0.776471710169643,49.90432279807718,0.9694295505827202,2.649800335506517,2.7550243358235607,0.5510845184326172,1.3523173332214355,1.90507173538208,2.253582000732422,2.5005526542663574,2.695619583129883,2.858219623565674,2.9978814125061035,18
0.8692882015830881,28.36185865470141,12.406062381944476,2.5628527740540883,2.1378333796772258,0.5324516296386719,1.274193525314331,1.7698314189910889,2.085505723953247,2.31099534034729,2.4887959957122803,2.6368277072906494,2.7635772228240967,18
0.6274098551846822,9.901032609789995,1.0318762666167918,2.663241792759547,2.663819385432003,1.0513887405395508,3.134523868560791,4.767246246337891,5.583385944366455,5.947451114654541,6.188510417938232,6.368924617767334,6.495954990386963,5
0.8224170696171398,137.6038442915237,143.90631357971426,2.4336561356748216,2.6505830849097727,0.2182023525238037,0.3776111602783203,0.5285935401916504,0.6645069122314453,0.7872433662414551,0.8987696170806885,1.000974416732788,1.093735933303833,17
0.3977749814057556,39.97572279980907,0.8224000361066761,2.510493753099666,2.291512866344757,0.8515827655792236,2.441744804382324,3.5453648567199707,4.027448654174805,4.236019611358643,4.356156349182129,4.436842441558838,4.495899200439453,22
0.89988990023477,63.010190738341045,202.93997051651223,2.1379636400714803,2.414408725317005,0.2541623115539551,0.471668004989624,0.6543452739715576,0.806922197341919,0.936636447906494,1.047529935836792,1.14310622215271,1.225999355316162,10
0.9805100203976268,44.17978922087375,5.72401665051117,2.9822476793695856,2.948755434758863,0.4884073734283447,1.1083393096923828,1.5902080535888672,1.951475620269776,2.2300286293029785,2.4572129249572754,2.647647857666016,2.8123817443847656,18
0.6341971355327376,18.544768499811696,109.5653382897296,2.463592267642109,2.5027796773976942,0.7137494087219238,2.0181097984313965,2.891807556152344,3.2573399543762207,3.399061679840088,3.4620461463928223,3.504775047302246,3.541386604309082,23
0.9600544040808544,138.45079828489406,70.66825224414568,2.44143661742131,2.353709659519005,0.1842968463897705,0.3229546546936035,0.4579169750213623,0.5845489501953125,0.7015528678894043,0.8112795352935791,0.9126393795013428,1.0075006484985352,16
0.795408158340617,79.582145630097,128.8272661218948,2.263905501827878,2.248082757507715,0.2794086933135986,0.5359251499176025,0.7453510761260986,0.9187209606170654,1.0631935596466064,1.1856322288513184,1.2907593250274658,1.3831932544708252,10
0.8695187948580847,166.94605453819705,9.993651721550718,2.822452288341434,2.8341201907492324,0.245711088180542,0.4374153614044189,0.6237297058105469,0.796234130859375,0.9533576965332032,1.098554611206055,1.232292890548706,1.3549931049346924,9
0.5434486359526838,65.46873669670869,73.54612768504617,2.557469806794198,2.1172513590533266,0.4722535610198974,1.1325066089630127,1.5362138748168943,1.7472586631774902,1.8820810317993164,1.990774154663086,2.080664157867432,2.154087543487549,20
0.5604830524524628,126.28975815922227,209.73196408406835,2.0570476376197684,2.2258519502902963,0.2245352268218994,0.3738694190979004,0.4923593997955322,0.5913050174713135,0.6758520603179932,0.7490043640136719,0.8125448226928711,0.8681175708770752,17
0.3548229993431232,69.95718744063491,9.813276971487726,2.603357468216829,2.033048354793257,0.6687743663787842,1.801919221878052,2.4953887462615967,2.790491819381714,2.926223039627075,3.0217530727386475,3.095532178878784,3.158393144607544,22
0.875223351730614,9.785968341847836,30.14498648779132,2.704490299829878,2.6811701575710307,0.830420732498169,2.309051275253296,3.296689748764038,3.8178436756134033,4.11453914642334,4.3194990158081055,4.472162246704102,4.59437370300293,23
0.6236555634329373,137.90769323495877,61.35657940307572,2.1721667222481016,2.213556901003712,0.2587249279022217,0.4809625148773193,0.6653344631195068,0.8218591213226318,0.9551503658294678,1.070326566696167,1.1708168983459473,1.2603561878204346,10
0.9123365324567048,22.2667056412878,2.671003350217488,2.7113226220676987,2.9909654862011865,0.6796424388885498,1.783324956893921,2.5246469974517822,2.959749460220337,3.25148606300354,3.475360631942749,3.659114599227905,3.816113233566284,22
0.7657056170289314,23.3653980077277,67.23799759176268,2.916341379079717,2.9350305640660053,0.7085108757019043,1.952927589416504,2.8064513206481934,3.246448040008545,3.492358684539795,3.655080795288086,3.7875452041625977,3.891685485839844,23
0.3722131277750999,11.41613436462383,245.21335795444645,2.3728014474793824,2.519555839442905,0.6445722579956055,1.8571369647979736,2.7302753925323486,2.965930700302124,2.9644315242767334,2.964550256729126,2.9634530544281006,2.9640791416168213,1
0.7069465158035262,164.20261148878618,208.6063218272356,2.48799204051914,2.7503395103253334,0.2099537849426269,0.3414373397827148,0.465667724609375,0.5769598484039307,0.6773831844329834,0.7694063186645508,0.8533673286437988,0.9304392337799072,17
0.412874669226722,101.5450916573293,5.696328464926229,2.1188839450342303,2.297261886350108,0.534726619720459,1.3619413375854492,1.8411736488342283,2.0582644939422607,2.186661958694458,2.295483350753784,2.383472204208374,2.458623170852661,18
0.5781830647082866,154.0531000164079,1.6089155810877376,2.879653795503147,2.2182347588073883,0.3125317096710205,0.6191272735595703,0.861823558807373,1.0590391159057615,1.222848415374756,1.3617634773254397,1.481215476989746,1.586465835571289,8
0.8937498916733717,148.34829982793687,71.32682077223278,2.7757590707723296,2.0932461773385485,0.1762003898620605,0.3031175136566162,0.4274394512176513,0.5435409545898438,0.6505894660949707,0.7507719993591309,0.843435525894165,0.9298038482666016,16
0.653235794675628,36.40912723095786,109.7687762073988,2.8751000803124027,2.4822327407562588,0.5777559280395508,1.5048942565917969,2.104872226715088,2.395680427551269,2.5583724975585938,2.672806739807129,2.761281490325928,2.837714672088623,20
0.4033964751130425,26.199733177980228,10.052994267688344,2.9858815519543915,2.090186933652056,0.9032421112060548,2.594222068786621,3.79304838180542,4.339336395263672,4.603662967681885,4.775369644165039,4.885468006134033,4.953068733215332,22
0.5817003527744848,52.91834135711281,5.064818222635157,2.488190119291229,2.8109577670101005,0.6715428829193115,1.8406128883361816,2.5999889373779297,2.970076560974121,3.177334785461426,3.330439567565918,3.451097011566162,3.55762243270874,22
0.5882814241164651,8.569694184543092,8.79628209001699,2.9422177817031114,2.1105148626450827,0.9998888969421388,2.874824047088623,4.238071441650391,4.899363040924072,5.247929573059082,5.517131805419922,5.714978218078613,5.855076789855957,6
0.5618656944420206,56.87171294786655,1.7242671175340758,2.095914611586181,2.696859615317779,0.6352720260620117,1.7286016941070557,2.4045979976654053,2.722780466079712,2.9078967571258545,3.043866872787476,3.1577956676483154,3.2512786388397217,22
0.514137088192651,106.5707665215865,243.99995920981,2.632209895800119,2.824860165350512,0.3624131679534912,0.748176097869873,1.0013375282287598,1.162430763244629,1.27945876121521,1.3711857795715332,1.447415828704834,1.513019561767578,10
0.4238839632608726,67.63799144482961,18.69478905876636,2.9747626061116748,2.5535212474743365,0.7091219425201416,1.9799880981445312,2.837826728820801,3.231381893157959,3.4222116470336914,3.536201000213623,3.631228446960449,3.710232734680176,23
0.9880402904128688,9.514876238245606,56.26978490861015,2.8701722355265247,2.5470248704848064,0.7177424430847168,1.903008222579956,2.6820828914642334,3.119365930557251,3.390601396560669,3.58774733543396,3.738444566726685,3.86031174659729,23
0.3344706290292205,19.01212828171333,0.9976324162318788,2.1531991418577494,2.7461301511080625,1.0800189971923828,3.438950777053833,5.68855094909668,7.08586311340332,7.549298286437988,7.59860897064209,7.616448402404785,7.632476806640625,5
0.6301114510747143,11.926037669478402,13.0759453264808,2.9436191872945288,2.642095148712623,1.0019152164459229,2.946564197540283,4.429234504699707,5.164488792419434,5.522502899169922,5.758891105651856,5.924323081970215,6.05081844329834,6
0.9248578130633808,35.55136651101236,1.521626649858732,2.033387511830147,2.206355118928974,0.4352023601531982,0.9664640426635742,1.3508851528167725,1.6309123039245603,1.8459677696228027,2.0219101905822754,2.1691389083862305,2.2950382232666016,18
0.5285604875167738,34.8113389165264,3.541321441820116,2.683840865761309,2.832000342766753,0.8576984405517578,2.5108413696289062,3.7036690711975098,4.280676364898682,4.538470268249512,4.688243389129639,4.794594764709473,4.886754512786865,22
0.3817582497418363,10.481866804437454,29.502881728054675,2.2862836157176543,2.1212101708651936,0.9999442100524902,3.051734209060669,4.840437889099121,5.814413070678711,6.066911697387695,6.104823112487793,6.122829437255859,6.132451057434082,7
0.680365895053372,45.59980723643267,4.296900251260772,2.570985368102709,2.958901333226513,0.6570649147033691,1.7724411487579346,2.510449171066284,2.901714563369751,3.1413328647613525,3.321343183517456,3.4682810306549072,3.591618776321411,22
0.8599529528265737,186.67680458320456,228.9671520882545,2.6381667098329955,2.7639886055037906,0.166095495223999,0.2559893131256103,0.3456325531005859,0.4356544017791748,0.5168266296386719,0.5930345058441162,0.6650896072387695,0.7327444553375244,17
0.4763459682707827,71.61222300422943,8.99643160446133,2.669921868417688,2.3461519299575584,0.6179952621459961,1.6342763900756836,2.26702880859375,2.5670108795166016,2.7400059700012207,2.864293098449707,2.970268726348877,3.058814525604248,18
0.866468431892748,21.36157951790156,2.0324916032423483,2.3751709688402074,2.875947898760818,0.6961607933044434,1.866575002670288,2.625144720077514,3.045623540878296,3.316901922225952,3.521515130996704,3.687861680984497,3.828171014785767,22
0.4904770349897047,30.067968433936365,3.76278956769678,2.119689289502329,2.438120123039551,0.8484902381896973,2.4571712017059326,3.566045045852661,4.044136047363281,4.240466117858887,4.343731880187988,4.421300888061523,4.491501808166504,22
0.6902668720197134,65.09830945190359,40.78082965634558,2.8888305223102835,2.7059874903469208,0.5134599208831787,1.241142749786377,1.7518563270568848,2.067368507385254,2.287850856781006,2.4606151580810547,2.602555274963379,2.7250351905822754,19
0.8043823817279356,11.389073019613598,128.15230635115228,2.7151550352285105,2.603276663524462,0.7006874084472656,1.950974702835083,2.7864859104156494,3.1713736057281494,3.34002423286438,3.4281270503997803,3.4841434955596924,3.52851939201355,23
0.5741576980990379,178.0822037722281,56.40108572579667,2.670545266399663,2.7467739841637004,0.3051373958587646,0.5795419216156006,0.8002374172210693,0.9865834712982178,1.1437923908233645,1.2798504829406738,1.3987879753112793,1.503415584564209,9
0.4872647883725826,81.51484913757193,3.879448553289863,2.8176590526426724,2.4912880529033865,0.59895920753479,1.5722429752349854,2.193524122238159,2.5014302730560303,2.682335138320923,2.8232967853546143,2.934034585952759,3.0330159664154053,18
0.5468579496710225,171.42958735444054,3.371665193854925,2.467593281710428,2.925297821856005,0.3634002208709717,0.754763126373291,1.053030252456665,1.286567211151123,1.47473406791687,1.6331830024719238,1.7683463096618652,1.8858184814453125,8
0.5514513409874361,6.947247828982926,15.923337344821691,2.9145316795334306,2.8376256547260352,1.1391806602478027,3.55611515045166,5.7730584144592285,7.104859828948975,7.6042914390563965,7.791093349456787,7.919002056121826,8.025924682617188,6
0.4533495783317478,199.0249762441285,0.501502500340051,2.294536724068908,2.2404036294844443,0.2937097549438476,0.5598146915435791,0.7632858753204346,0.9262423515319824,1.0604822635650637,1.1740281581878662,1.2730283737182615,1.3590905666351318,8
0.5210905924501532,98.51806207040508,6.910364422042736,2.8497593899288467,2.5621030744933746,0.5291547775268555,1.3163769245147705,1.8425767421722408,2.134869337081909,2.328899621963501,2.479898691177368,2.6064813137054443,2.712348699569702,18
0.8701262604429729,169.33928211816564,1.1865881017479114,2.8075831583888813,2.274155901247146,0.1982307434082031,0.3513319492340088,0.5004961490631104,0.6393821239471436,0.7679412364959717,0.8881330490112305,0.9991800785064696,1.1029016971588137,15
0.4903822246405819,90.1018982462875,40.08154631371131,2.3100198721996312,2.8538903204694503,0.5517725944519043,1.453803539276123,2.032803058624268,2.308919906616211,2.4718785285949707,2.5952072143554688,2.696973323822021,2.785995960235596,19
0.3257474420413717,13.296327673559071,8.444929654961138,2.6258128138082304,2.3632261558474155,1.1022214889526367,3.4468021392822266,5.685014247894287,7.0966315269470215,7.57748556137085,7.641288280487059,7.673404216766357,7.699263095855713,6
0.9223595517178096,124.1699257953332,9.78236037892844,2.031252035556792,2.3938384532403068,0.2018373012542724,0.3730161190032959,0.5355219841003418,0.6862492561340332,0.8243541717529297,0.9514007568359376,1.0685734748840332,1.1754248142242432,15
0.662953614932627,142.27317008837184,18.829275711873866,2.865137945339291,2.879991659388763,0.3614077568054199,0.7327210903167725,1.0319414138793943,1.2778732776641846,1.4814136028289795,1.65466046333313,1.8037564754486084,1.933579683303833,9
0.5716659986169941,15.657719763670576,101.33581597954613,2.581712385702323,2.221628754080484,0.7372384071350098,2.0699026584625244,2.9541261196136475,3.318384885787964,3.4502923488616943,3.505370855331421,3.5363199710845947,3.5621683597564697,23
0.4557379879803113,75.16656983343192,33.21929091140737,2.665540757017274,2.6376407261227164,0.6397521495819092,1.7514572143554688,2.4782257080078125,2.8021554946899414,2.9670205116271973,3.079697608947754,3.168022632598877,3.2503199577331543,23
0.4626118386131133,50.50552180254474,3.3315891262020085,2.9828967341779298,2.1941041073275063,0.7266974449157715,1.984518051147461,2.799541473388672,3.191580295562744,3.4033212661743164,3.543137550354004,3.648947715759277,3.7330727577209473,22
0.6374513778143481,88.50205205195003,1.6301987552778,2.098424047379749,2.213271445275602,0.3918859958648681,0.8523769378662109,1.1779208183288574,1.4096579551696775,1.588118314743042,1.734668254852295,1.8555238246917725,1.96130919456482,8
0.4008611571851649,6.412905534446884,7.967931144412488,2.4559035324963547,2.4140003743546496,1.1481304168701172,3.6596951484680176,6.189354419708252,7.914256572723389,8.634157180786133,8.717937469482422,8.727497100830078,8.741111755371094,14
0.9901686310953292,14.556992995216124,48.10536768774852,2.675747996692484,2.744963172121365,0.6544322967529297,1.6943941116333008,2.3858203887939453,2.788513660430908,3.0546889305114746,3.25423526763916,3.4137978553771973,3.551743030548096,19
0.8218008459473582,14.228703115071088,154.74608716766335,2.624359920454433,2.730373492594768,0.6394059658050537,1.7467494010925293,2.485887050628662,2.821593761444092,2.970889091491699,3.0553231239318848,3.114097118377685,3.162753105163574,23
0.9011529894355026,17.307340734049404,90.25361365105732,2.099386272816249,2.0399900160150786,0.5039801597595215,1.2046222686767578,1.635310173034668,1.8793940544128416,2.036255121231079,2.161581754684448,2.25866436958313,2.335099458694458,20
0.7513258430413828,6.127167406446018,17.24454692181088,2.644194294907462,2.5188215103994303,1.0060584545135498,2.938023567199707,4.365180492401123,5.065520286560059,5.426332950592041,5.662410259246826,5.826472759246826,5.952809810638428,6
0.4301166247625192,58.05765448272237,0.9732245626605552,2.304176948069948,2.836199917593194,0.7768104076385498,2.2836596965789795,3.341824769973755,3.803869009017944,3.988802671432495,4.0852460861206055,4.160297393798828,4.2318115234375,22
0.776961544295782,211.3310341677696,136.63639876219622,2.9503519318151588,2.186752535797292,0.1529653072357177,0.2391772270202636,0.3257429599761963,0.4060037136077881,0.4820892810821533,0.5533545017242432,0.620699405670166,0.6843531131744385,2
0.5491612957818051,14.671302104265862,127.2045944536768,2.8337635529254017,2.5221657933690222,0.776731014251709,2.2584688663482666,3.3470160961151123,3.822039842605591,3.976474523544312,4.019585609436035,4.033324241638184,4.044406890869141,23
0.8053110960022569,10.589062858738004,6.376501234146459,2.482637325547791,2.340471600066317,0.8507168292999268,2.32480525970459,3.272672653198242,3.7660536766052246,4.054813861846924,4.252677917480469,4.397311210632324,4.52406120300293,22
0.5702231966319697,6.900752510584093,27.455483825247786,2.163577451045046,2.59550679712732,1.028075933456421,3.1742918491363525,5.007490158081055,5.973447799682617,6.279932022094727,6.37315559387207,6.424080848693848,6.449989318847656,7
0.5638616830366956,131.91335033842185,6.472475712774867,2.624951473173792,2.1603976434973022,0.3422234058380127,0.7048337459564209,0.9768941402435304,1.1839280128479004,1.3481740951538086,1.4845600128173828,1.5999550819396973,1.700368881225586,9
0.7569254944609494,33.51136454432407,8.775772686513912,2.8414282724620605,2.067868914191365,0.5649430751800537,1.3936870098114014,1.932964563369751,2.252478837966919,2.474305391311645,2.6454451084136963,2.788996934890747,2.9104840755462646,18
0.6986131886585286,188.1676222058712,13.148787618755096,2.09394930761155,2.726476067806392,0.2213704586029052,0.3985092639923095,0.5651543140411377,0.716212272644043,0.8529229164123535,0.9781327247619628,1.0919044017791748,1.1962435245513916,15
0.3432414664450416,49.47066392002441,107.82679439621845,2.35548103035322,2.0274081164948243,0.6040067672729492,1.6269264221191406,2.22265100479126,2.404636859893799,2.4516916275024414,2.4814138412475586,2.508844375610352,2.534125804901123,0
0.8604902978363065,24.01749413073587,2.0888776063202648,2.870638588471568,2.011351120391022,0.5708315372467041,1.3898756504058838,1.9337189197540283,2.272707223892212,2.513951539993286,2.7019026279449463,2.855760335922241,2.9868509769439697,18
0.4471933648147659,30.97588812679881,96.44017358616011,2.167581069666941,2.03444293564514,0.6447873115539551,1.7478647232055664,2.396735906600952,2.618006467819214,2.6815998554229736,2.718477487564087,2.750197649002075,2.7780301570892334,0
0.5897559627673059,19.21773235614449,0.7493359035793543,2.3971209793422563,2.379929229891645,0.89339280128479,2.547447919845581,3.678644895553589,4.204148292541504,4.462309837341309,4.627964019775391,4.739463806152344,4.828313827514648,22
0.5697637066961825,7.97027361005855,1.0535322879471167,2.7898961642305973,2.427811270615943,1.0926480293273926,3.287135124206543,5.069012641906738,5.998061180114746,6.395890235900879,6.647724151611328,6.856034278869629,7.007210731506348,5
0.9458453993456004,169.67242207095882,2.933950357666496,2.520394746760939,2.262465760322196,0.1751055717468261,0.3087594509124756,0.438570499420166,0.5626401901245117,0.6795847415924072,0.7896602153778076,0.8933169841766357,0.9904050827026368,15
0.4570569331232925,129.10203454733437,117.50336733455131,2.254257547753445,2.092385112108793,0.3116028308868408,0.6089687347412109,0.8066937923431396,0.9467196464538574,1.0539326667785645,1.1407458782196045,1.212268590927124,1.2723510265350342,10
0.5019007861771194,22.06211718868761,116.51132127365504,2.6904214591107984,2.841790265815919,0.7965326309204102,2.369005918502808,3.578089475631714,4.133028030395508,4.3076372146606445,4.357776641845703,4.378487586975098,4.395238876342773,23
0.5650723774151194,10.18323773885326,5.552695754042809,2.747437124331655,2.412211334197039,1.044461011886597,3.101579427719116,4.706372261047363,5.494881629943848,5.851097106933594,6.073906898498535,6.24875545501709,6.362756729125977,6
0.4617263690596213,13.186292831495898,5.377592062425887,2.950244896110883,2.875471801768314,1.131171703338623,3.521483421325684,5.710325241088867,7.001720428466797,7.479690551757812,7.649258613586426,7.780557632446289,7.881955146789551,6
0.5607231548786645,25.41251447538037,22.82660906972251,2.107152995434298,2.938476531319407,0.8410568237304688,2.5345723628997803,3.784935712814331,4.349184036254883,4.558193206787109,4.657975196838379,4.7287445068359375,4.795738220214844,23
0.537044296148925,29.464265432978326,21.500275692184687,2.255908892717061,2.08771240475996,0.7362596988677979,1.993701696395874,2.769721746444702,3.1123416423797607,3.2853000164031982,3.393954038619995,3.472892999649048,3.546827554702759,23
0.6937128896244462,116.97256129573378,144.90321859299988,2.5077180414059006,2.3894711013731693,0.2647271156311035,0.4840903282165527,0.6658110618591309,0.818601131439209,0.9499714374542236,1.0635452270507812,1.1623563766479492,1.2497596740722656,10
0.6050883881530713,8.557808883052182,25.84527827204301,2.0070276304411547,2.825274892699129,0.9926495552062988,3.0803446769714355,4.830676555633545,5.711437702178955,5.99237585067749,6.091010570526123,6.149533748626709,6.187696933746338,7
0.7850744164057084,8.854704614486169,1.0139163189879352,2.992493781861139,2.3730871533991027,0.9429290294647216,2.630302906036377,3.7769036293029785,4.386092185974121,4.754340171813965,5.024510383605957,5.229344367980957,5.391142845153809,5
0.3935490656418903,218.2631548670074,16.33745774858438,2.78456561983616,2.8991729431187934,0.4048299789428711,0.881295919418335,1.2128965854644775,1.4324798583984375,1.5985021591186523,1.7334537506103516,1.844443798065185,1.943437576293945,9
0.3124902816667506,191.47635584828424,25.50728623604329,2.003807278992177,2.200682846946015,0.3744213581085205,0.8147363662719727,1.074737310409546,1.2163035869598389,1.3187999725341797,1.4042787551879885,1.475198745727539,1.5352137088775637,9
0.5875114054783555,77.60415514150736,75.433667836118,2.2521479195984857,2.9571523896497744,0.4974019527435303,1.2493572235107422,1.7502491474151611,2.025756597518921,2.2063958644866943,2.3438408374786377,2.4598777294158936,2.556710958480835,20
0.3863652850854529,17.403428114861345,129.5955726736007,2.991491097708128,2.213114245810813,0.7544994354248047,2.1720786094665527,3.1957597732543945,3.592885971069336,3.719831943511963,3.745698928833008,3.749579429626465,3.754086494445801,23
0.6842888207987143,176.0303017023977,13.328720926658836,2.000767656736667,2.289357887809179,0.2035346031188964,0.3639259338378906,0.5127503871917725,0.6468000411987305,0.7679388523101807,0.8780770301818848,0.9780120849609376,1.0697300434112549,15
0.5767544333826424,152.29679640508016,72.06731313842822,2.782767671754996,2.924040162333504,0.3597548007965088,0.7317771911621094,1.0152630805969238,1.2378597259521484,1.4169368743896484,1.567188739776611,1.6948599815368652,1.806248664855957,10
0.9697838583600756,15.211119871347533,5.46330816766269,2.5899827015016417,2.68942261217513,0.6961100101470947,1.8138196468353271,2.543566942214966,2.9706456661224365,3.258495569229126,3.476045846939087,3.6559417247772217,3.810188055038452,22
0.6676754297935187,141.15292786326046,1.605577112727908,2.1299710557200022,2.2547607337672804,0.2688372135162353,0.5120632648468018,0.7196807861328125,0.8974559307098389,1.0502314567565918,1.1835451126098633,1.3002171516418457,1.404738187789917,8
0.7678102701891129,59.01219462034026,18.83906446984634,2.1986390019853976,2.8790150633731546,0.4780938625335693,1.135920524597168,1.5960605144500732,1.9048104286193848,2.1334986686706543,2.316813468933105,2.469674587249756,2.5997800827026367,19
0.4156883160690514,26.060090562661347,2.38157158264223,2.3212791929246896,2.7093534551372924,0.9849441051483154,2.9996581077575684,4.653837203979492,5.457394599914551,5.710267066955566,5.816013336181641,5.881731986999512,5.936535835266113,6
0.6219777996970004,11.48934734886667,28.121047045769675,2.723443460027753,2.8273147592332384,0.9944353103637696,2.989104986190796,4.586271286010742,5.386841773986816,5.716704368591309,5.901474952697754,6.0154314041137695,6.10306453704834,7
0.4985372326770386,145.95288573232284,1.0654046202294742,2.39219036469228,2.9814872179750025,0.4455974102020263,1.0438470840454102,1.4582858085632324,1.722988843917847,1.9164516925811768,2.070028066635132,2.199596643447876,2.3094794750213623,18
0.9758212189573908,42.90326671260191,12.244343143346384,2.3128203135841563,2.7456389109789696,0.4319138526916504,0.9556643962860109,1.359116792678833,1.6666550636291504,1.9093055725097656,2.108458995819092,2.2765135765075684,2.4216365814208984,18
0.970705544226931,109.6269811993924,13.9679888866434,2.5096571923940747,2.8570398431928568,0.2693221569061279,0.5064752101898193,0.7293510437011719,0.9317305088043212,1.114156723022461,1.2793424129486084,1.4284567832946775,1.5632295608520508,9
0.4849998490241204,56.42427288762932,0.7208998499948772,2.0188633979003,2.1120380654223525,0.6218230724334717,1.6192762851715088,2.1852331161499023,2.4356613159179688,2.583800792694092,2.688356399536133,2.785365104675293,2.8640918731689453,18
0.8136945177140835,20.43864178043188,209.2862307557413,2.304634673223813,2.075733760849816,0.4209728240966797,0.9678411483764648,1.2933809757232666,1.4404034614562988,1.521561622619629,1.577500820159912,1.6202270984649658,1.653743028640747,1
0.5212556189131612,54.11271736220494,83.00976303772654,2.4019801107910457,2.7837897030698344,0.6233546733856201,1.7189414501190186,2.43599820137024,2.742748022079468,2.8846189975738525,2.981331586837769,3.060677289962769,3.128368616104126,23
0.6153652487908384,61.72580080441203,8.351130111396428,2.975718760575354,2.7741584681784417,0.6206483840942383,1.6269216537475586,2.3082165718078613,2.6759676933288574,2.90679931640625,3.0817980766296387,3.224942684173584,3.3449621200561523,18
0.3797822144499751,192.90829839638783,119.46599875776236,2.1898737101706707,2.882599921010737,0.3479623794555664,0.7278060913085938,0.978052854537964,1.14375901222229,1.268765211105347,1.370382308959961,1.4565434455871582,1.5295982360839844,10
0.9517955561115692,66.29782170915612,64.09129362948768,2.5029059948298498,2.7672624377814925,0.3448872566223144,0.7046177387237549,1.00616192817688,1.2591092586517334,1.4703073501586914,1.6498794555664062,1.803706169128418,1.93845796585083,10
0.375739601160151,43.41110908247534,0.6633287692632699,2.7146411704648568,2.6666175147045106,0.913748264312744,2.721822500228882,4.114075660705566,4.76289176940918,5.013419151306152,5.138362884521484,5.223071098327637,5.281998634338379,5
0.7531269971558456,78.88906329424803,41.43999000068563,2.5073420896277776,2.041613491277416,0.3208849430084228,0.6552278995513916,0.9180736541748048,1.1258916854858398,1.2939927577972412,1.4344351291656494,1.5549163818359375,1.6578454971313477,9
0.3377258494417551,168.39546125230578,8.963260365357813,2.492301340391589,2.426113067385955,0.4647502899169922,1.1204655170440674,1.522653102874756,1.7158617973327637,1.844739437103272,1.946340560913086,2.029611587524414,2.1030240058898926,18
0.6920563531138861,7.818996419088586,63.34519447010824,2.3075587791762944,2.6703828234759257,0.9003121852874756,2.6835246086120605,4.036046028137207,4.652924537658691,4.880715370178223,4.9707770347595215,5.021787643432617,5.054849624633789,23
0.6543111570915049,8.326500221707711,10.096868923916542,2.48677225276002,2.484934930064335,1.0115809440612793,2.98183536529541,4.456984043121338,5.169855117797852,5.493626594543457,5.701798915863037,5.849935054779053,5.949807643890381,6
0.6783497561332099,41.73425780396181,12.982922741273438,2.63501803225614,2.580389861134341,0.6384928226470947,1.6760287284851074,2.346857070922852,2.7020583152771,2.9252562522888184,3.095163345336914,3.232855796813965,3.347888946533203,18
0.8425222958802292,98.67701085911192,62.32974330320619,2.7199712453407288,2.1562796573658645,0.2561891078948974,0.4835329055786133,0.6854078769683838,0.8613641262054443,1.014225959777832,1.149376392364502,1.26842999458313,1.3748953342437744,10
0.7086433345735161,15.53001202926039,1.6848038127748746,2.662492630387144,2.080126684518128,0.8056206703186035,2.148833751678467,2.9974350929260254,3.4473023414611816,3.7210636138916016,3.908301830291748,4.051796913146973,4.167072772979736,22
0.7018078285289032,11.135122789165372,1.209552528997755,2.1911910407282327,2.006066740918529,0.8599281311035156,2.323498249053955,3.239814758300781,3.6862363815307617,3.9400787353515625,4.117647171020508,4.2356061935424805,4.343425273895264,22
0.581073432104982,155.87036711820286,2.180082098406159,2.460099528318307,2.5365935623417,0.333428144454956,0.6703011989593506,0.9327452182769777,1.1437435150146484,1.3164169788360596,1.4624488353729248,1.5878791809082031,1.6986455917358398,8
0.5881622617517517,70.88441926468577,18.427055216109228,2.280952716662868,2.447867094073016,0.5205914974212646,1.287703275680542,1.771831750869751,2.040761232376098,2.219931364059448,2.3652007579803467,2.481583833694458,2.5842111110687256,19
0.8893981135324163,129.33201284730208,6.335960943026744,2.228916374807783,2.3347481994516164,0.2147755622863769,0.394132137298584,0.5642366409301758,0.7208168506622314,0.8636536598205566,0.9942166805267334,1.1135401725769043,1.223057508468628,15
0.5451817290694381,15.950844440270648,6.191373450605087,2.6274400273858616,2.152395989939099,0.9244482517242432,2.6228389739990234,3.796590805053711,4.346814155578613,4.631650924682617,4.818940162658691,4.947274208068848,5.035257816314697,22
0.3869316408497222,46.72104078226656,2.48758294867332,2.055602552455138,2.7135825234656124,0.8428597450256348,2.5268313884735107,3.779686689376831,4.312255859375,4.473493576049805,4.554146766662598,4.609548568725586,4.653567314147949,22
0.6785738051803005,217.81265417996096,42.2393939385902,2.453487492649524,2.481029919340413,0.198911428451538,0.3362860679626465,0.4691722393035888,0.5908706188201904,0.7016165256500244,0.8048326969146729,0.8999755382537842,0.987342357635498,15
0.3176959541951173,94.5347578917833,3.2490567087415063,2.267210868355565,2.781072059691945,0.7220625877380371,2.111262083053589,3.082510232925415,3.4750263690948486,3.5984437465667725,3.670027017593384,3.729256391525269,3.781028985977173,22
0.6393675417082811,33.84284956516156,124.1323163907678,2.929460352239028,2.6711720302553834,0.6160948276519775,1.656308650970459,2.3505682945251465,2.6730194091796875,2.8312106132507324,2.9366936683654785,3.016443252563477,3.083028793334961,23
0.5377932647005048,14.003289113083756,5.578736659387476,2.6586387553840467,2.95609186059963,1.065488576889038,3.276472568511963,5.160289764404297,6.163737773895264,6.5436882972717285,6.733667850494385,6.8590826988220215,6.956366062164307,6
0.5440531681432229,201.35687409787,6.0758696963695575,2.51402961193353,2.5784206896966206,0.294140100479126,0.5557823181152344,0.7698297500610352,0.9507923126220704,1.1057891845703125,1.239484786987305,1.3574180603027344,1.461862564086914,9
0.941126871276152,172.90691086341468,82.01916126798378,2.961951014949128,2.079163487814617,0.1540827751159668,0.2571685314178467,0.3589937686920166,0.4560134410858154,0.5478181838989258,0.6353580951690674,0.7173178195953369,0.7945511341094971,16
0.7786315125492128,105.73311963739484,203.95248503478777,2.5181430603825103,2.821701449485737,0.2704002857208252,0.4924595355987549,0.6793270111083984,0.8405294418334961,0.9797680377960204,1.1010823249816897,1.2075932025909424,1.3014841079711914,10
0.8291699173906519,116.14607671044396,2.225385706193113,2.522104820561739,2.048633993027009,0.2354536056518554,0.4419660568237304,0.6306660175323486,0.7984464168548584,0.9469175338745116,1.0798392295837402,1.1986939907073977,1.30519700050354,8
0.5381607145195291,9.843585030474436,7.563827471480447,2.388952096676864,2.2345565688179767,1.0153095722198486,3.000860452651977,4.52082633972168,5.2508087158203125,5.550407409667969,5.722269058227539,5.845250129699707,5.920445442199707,6
0.9113158017448516,54.86724790111733,43.9523070173536,2.352779735534277,2.336605770052351,0.3574593067169189,0.7483258247375488,1.0610175132751465,1.3093130588531494,1.5101518630981443,1.6777124404907229,1.8198819160461424,1.9439425468444824,9
0.7888203679454109,91.01703970843931,12.996639422641124,2.60082488381129,2.78530135107449,0.3818526268005371,0.8046669960021973,1.142221212387085,1.414139986038208,1.634826421737671,1.8198473453521729,1.977261304855347,2.114211320877075,9
0.7060095840601031,12.96411343059692,24.451766870655486,2.194687194097796,2.629269498432886,0.8673529624938965,2.5128836631774902,3.650463104248047,4.177379608154297,4.4161882400512695,4.555538654327393,4.655444622039795,4.736263751983643,23
0.7803776802296173,69.67488438334271,40.40680553967693,2.878115764990886,2.8809527345404566,0.4625244140625,1.0527002811431885,1.4961390495300293,1.811357021331787,2.0496697425842285,2.241955280303955,2.401872634887696,2.5384488105773926,19
0.613634604020777,9.13606832171626,2.117166577692981,2.1956828806869977,2.032529902167107,0.9565315246582032,2.7077698707580566,3.890928745269776,4.445783615112305,4.7259063720703125,4.909604072570801,5.030224323272705,5.119524955749512,22
0.5210178302141725,20.736396449044125,4.318536184342073,2.7700980297256645,2.609289945749942,0.9658443927764891,2.8435306549072266,4.2593607902526855,4.935753345489502,5.245027542114258,5.428025245666504,5.563784599304199,5.65682315826416,6
0.4521536095117959,19.06422936703848,27.01490399327337,2.063356904444563,2.4827261325704195,0.920297622680664,2.7652742862701416,4.194452285766602,4.818799018859863,5.000330924987793,5.0644941329956055,5.101228713989258,5.128992080688477,23
0.3296807286507885,19.26040345173882,1.4056080040281609,2.2175757542139496,2.838549448592488,1.0955190658569336,3.506399631500244,5.874450206756592,7.379882335662842,7.913931369781494,7.975111484527588,7.9929633140563965,8.007272720336914,5
0.7961193751939133,10.077157984698191,57.80994221355901,2.76815918891893,2.634109753893311,0.8374693393707275,2.383403778076172,3.4573869705200195,3.992292881011963,4.265288829803467,4.430300235748291,4.54296875,4.61896562576294,23
0.3656914931711212,15.936740992924184,0.8456793460348762,2.6999738947476675,2.619568178123646,1.1189582347869873,3.4967615604400635,5.71837329864502,7.058940887451172,7.519023895263672,7.614599227905273,7.67484188079834,7.731765747070312,5
0.727882134922493,28.088311657950925,7.992516922365134,2.8789170787957845,2.8551766325004744,0.7517659664154053,2.07028865814209,2.9574694633483887,3.4273037910461426,3.701333999633789,3.9003477096557617,4.056646823883057,4.184379577636719,22
0.4934704021909674,143.44770793345245,1.244388713784503,2.9622443690446243,2.43652442187881,0.4243028163909912,0.9525856971740724,1.323139190673828,1.5678935050964355,1.7479033470153809,1.894164085388184,2.0167346000671387,2.120039463043213,18
0.4965696421289091,47.88431501318274,84.16438520630587,2.5772599795873723,2.902249971593297,0.6932790279388428,1.9899027347564693,2.8939664363861084,3.287649393081665,3.43731427192688,3.5232670307159424,3.589345216751098,3.6468236446380615,23
0.8959277760144599,170.07362023055435,0.5917761005525004,2.8994090010377995,2.3357905694238785,0.2011916637420654,0.3562331199645996,0.5077686309814453,0.6500740051269531,0.7818586826324463,0.9047248363494872,1.0192561149597168,1.125600814819336,15
0.8614894659576529,18.73004480255277,45.29676237522224,2.6895825442591583,2.838413122925445,0.7001144886016846,1.8916785717010496,2.681393384933472,3.107250452041626,3.368607759475708,3.5549681186676025,3.706360101699829,3.8299319744110094,23
0.6006700241805965,124.80170530158898,20.25567844014129,2.2096514041186857,2.8356339099426,0.3827481269836426,0.831883430480957,1.162116765975952,1.406855583190918,1.598788499832153,1.7562782764434814,1.889215469360352,2.0026674270629883,9
0.7458926651418768,22.293107103425136,1.8179751311956072,2.646031202018885,2.207305213693539,0.7077326774597168,1.8461003303527832,2.561704158782959,2.951167106628418,3.1965060234069824,3.376904487609864,3.516918182373047,3.643035888671875,22
0.9580801923398088,164.5543166119032,0.5377363359933802,2.158064047758629,2.0473163089072144,0.1432752609252929,0.2562777996063232,0.3645939826965332,0.4683823585510254,0.5672607421875,0.6608684062957764,0.7494595050811768,0.8330740928649902,15
0.5713959968815977,135.3589495411558,14.208097790255689,2.63341852423616,2.82986854062488,0.4141697883605957,0.9118614196777344,1.276869535446167,1.5376033782958984,1.7370643615722656,1.901450634002685,2.038071632385254,2.156536102294922,18
0.5169820529041715,17.878052656037934,162.54808561725997,2.581795998539961,2.41945862683296,0.6816606521606445,1.9311816692352293,2.782002210617065,3.087811231613159,3.1507179737091064,3.1580984592437744,3.165337324142456,3.1723997592926025,0
0.7511618173325811,190.474577811177,0.7481314494553668,2.086746671282106,2.382944841777952,0.1874172687530517,0.3314571380615234,0.4693603515625,0.5975215435028076,0.7151625156402588,0.8246910572052002,0.9253902435302734,1.019219160079956,15
0.3451069063555769,39.03018928882896,38.05721100894894,2.441889485193584,2.725219457219845,0.8846921920776367,2.675191879272461,4.109799861907959,4.783044338226318,4.968331336975098,5.036525726318359,5.070606231689453,5.096238136291504,23
0.7250689467822353,6.560566311712985,7.984859885555187,2.735915708197742,2.360987662658558,1.008145809173584,2.899851083755493,4.255975723266602,4.930670738220215,5.30217170715332,5.566788673400879,5.761706352233887,5.897896766662598,6
0.3963026314203648,64.59248184814265,0.9591446555034072,2.3582005573306164,2.1959670154576285,0.699880838394165,1.9181146621704104,2.674398422241211,2.9913697242736816,3.1424450874328613,3.239757537841797,3.316887855529785,3.3809213638305664,22
0.7624295987532886,87.16716426406366,120.09862299297878,2.2642342878655155,2.866072874399003,0.3328859806060791,0.6795265674591064,0.9529249668121338,1.1728973388671875,1.351526975631714,1.5012476444244385,1.6279911994934082,1.737506628036499,10
0.9310025637469606,36.101695518382606,0.9355704995131244,2.0657294733498737,2.419146695697275,0.4547030925750732,1.025101661682129,1.4352540969848633,1.7314984798431396,1.9584596157073968,2.142594575881958,2.2973086833953857,2.430460214614868,18
0.6134848546261287,191.00304515007008,2.70278554070397,2.5402694080798307,2.466343195947413,0.2631580829620361,0.4832618236541748,0.6757099628448486,0.8434367179870605,0.9911003112792968,1.1218931674957275,1.2386186122894287,1.3429086208343506,8
0.5936734926120699,14.58627873331749,0.5462639380046228,2.975789165292305,2.046977223372328,0.9028773307800292,2.4937095642089844,3.54439640045166,4.078034400939941,4.404101848602295,4.636343002319336,4.809634208679199,4.93294095993042,22
0.5597897979392108,30.473693850638256,63.19447881934187,2.801329127058401,2.450677986937376,0.7315959930419922,2.0485048294067383,2.927074909210205,3.3341102600097656,3.5226101875305176,3.633782863616944,3.709359645843506,3.770658493041992,23
0.4697340739432716,6.457466182832443,37.21842515259457,2.65083483890769,2.063300044186932,0.9969301223754884,3.0084481239318848,4.7057318687438965,5.603135585784912,5.850648403167725,5.940524578094482,5.990786075592041,6.012780666351318,7
0.5949219130865444,14.109081269405626,1.1116742036847391,2.992796823277402,2.813258266707356,1.0416107177734375,3.1160597801208496,4.765674114227295,5.603542327880859,5.998396873474121,6.247751235961914,6.428335189819336,6.566252708435059,5
0.8540221435493922,98.15024586816337,162.84810383886563,2.994477366971441,2.923663515087327,0.3018360137939453,0.5649974346160889,0.7912876605987549,0.9873008728027344,1.1566157341003418,1.3054852485656738,1.4351015090942385,1.5501446723937988,10
0.5276283807765952,8.605213630929972,53.39874534136201,2.299836160226908,2.658824786364461,0.9750051498413086,3.006700277328491,4.739455223083496,5.636894226074219,5.875246047973633,5.928360939025879,5.956886291503906,5.971114158630371,7
0.4184237950109879,195.98257651777752,22.49924486800962,2.3833453027556226,2.805354685170991,0.382033109664917,0.8244900703430176,1.1299984455108645,1.338145732879639,1.4954383373260498,1.6242125034332275,1.7336232662200928,1.8253920078277588,9
0.9368085932298872,80.71716633684223,116.86455023536736,2.545039093220627,2.0158768276211143,0.2186441421508789,0.3981411457061767,0.5621397495269775,0.7064886093139648,0.8337724208831787,0.9467744827270508,1.0480623245239258,1.1388146877288818,16
0.9896272785976494,22.47985063399176,14.28805966455962,2.697894610306663,2.579863755103518,0.5768358707427979,1.4083945751190186,1.9827873706817627,2.3540966510772705,2.6207263469696045,2.8314764499664307,3.0061185359954834,3.1556756496429443,19
0.435623076895678,107.4623591402364,3.4164214165347646,2.73298996904321,2.526117319752007,0.5632247924804688,1.4574763774871826,2.032572031021118,2.311068296432495,2.4780867099761963,2.6062705516815186,2.7143986225128174,2.8050334453582764,18
0.7052033725174192,154.91829982184677,15.615432776556888,2.4004132538072134,2.1325085729638538,0.2285521030426025,0.414536714553833,0.5840370655059814,0.7343571186065674,0.8675429821014404,0.9879510402679444,1.0957250595092771,1.1924607753753662,15
0.3904682886202072,15.0655750015342,0.6985779841765077,2.288287305025694,2.738146450665328,1.0984725952148438,3.4701054096221924,5.7052507400512695,7.045441627502441,7.501038551330566,7.579598426818848,7.615726470947266,7.642337799072266,5
0.7739499603863758,12.373706536562638,1.8940439703182264,2.2636653978828254,2.927155036540932,0.8908421993255615,2.591252565383911,3.7800004482269287,4.35958194732666,4.647989273071289,4.840310096740723,4.981882095336914,5.099076271057129,22
0.9268612083551916,54.36065386017817,39.01237747346856,2.546675925818615,2.172688521989148,0.3391714096069336,0.7041003704071045,1.000504493713379,1.2388122081756592,1.4321608543395996,1.5942320823669434,1.7334909439086914,1.8534855842590328,9
0.6686150648084427,133.8190658590652,50.25836090481427,2.918097318405209,2.697874457674557,0.3412947654724121,0.6808879375457764,0.953453779220581,1.1778826713562012,1.3642497062683103,1.5228700637817385,1.658968448638916,1.7778024673461914,9
0.9647613483760292,6.123424718119131,126.40813239441638,2.8213290381150795,2.111630380427778,0.6339020729064941,1.6580936908721924,2.290579080581665,2.6020314693450928,2.7646167278289795,2.8500330448150635,2.9060795307159424,2.9521071910858154,23
0.782676874950361,36.392346979108055,155.20025664705656,2.791823157067824,2.343215968362013,0.4434616565704345,1.0288209915161133,1.423539161682129,1.657759189605713,1.8115544319152832,1.929152011871338,2.023984909057617,2.099825859069824,20
0.9803660897130662,11.277032750714769,133.9448684477761,2.1894439469479674,2.01158619846631,0.4996557235717773,1.2036113739013672,1.6298105716705322,1.8528733253479004,1.9847564697265625,2.08021879196167,2.151217460632324,2.2062292098999023,20
0.5743186810042475,44.36507072007064,3.608838548270575,2.75937322289058,2.3658545389050314,0.6846299171447754,1.831870079040528,2.559751033782959,2.925628662109375,3.137315273284912,3.2924952507019043,3.412224769592285,3.517975330352783,22
0.5139340182922274,77.99706375525764,75.76665132490854,2.0370116223419066,2.6246678625416893,0.499035120010376,1.2660143375396729,1.737156867980957,1.9613559246063232,2.1027369499206543,2.210659980773926,2.2959742546081543,2.37420654296875,20
0.318559028609318,63.08938357615749,2.65755771070126,2.6147865482720114,2.0683456290128808,0.75746750831604,2.109948873519897,2.998000383377075,3.366081953048706,3.5335686206817627,3.619825601577759,3.677520513534546,3.7308757305145264,22
0.3035185741455837,31.56973206776988,3.2154700510597425,2.6588839938578968,2.7026988742475817,1.0437302589416504,3.234788417816162,5.191859245300293,6.303654193878174,6.627387523651123,6.7106451988220215,6.760403156280518,6.793830394744873,6
0.3280982628689699,165.4399312171616,5.672009532586907,2.310322850390819,2.2328594181195327,0.4455344676971435,1.054497241973877,1.4111831188201904,1.5832633972167969,1.6982498168945312,1.7886056900024414,1.8659420013427728,1.9357833862304688,18
0.7577077995625906,17.363821416551975,7.554865866432511,2.718356228028685,2.6296603891752595,0.8218910694122314,2.28744912147522,3.2633841037750244,3.765057325363159,4.056157112121582,4.252635002136231,4.408336639404297,4.534533500671387,22
0.3333606991486463,40.13730168428366,53.78090495461821,2.3837094787668667,2.0157144290778297,0.7421793937683105,2.0807058811187744,2.954725980758667,3.2831313610076904,3.392820119857788,3.4357664585113525,3.46477484703064,3.4938719272613525,23
0.6678889342851564,23.112233724718354,82.33301079163348,2.976058119959149,2.376561074011077,0.6884233951568604,1.875236988067627,2.654245376586914,3.028853416442871,3.2287697792053223,3.347536087036133,3.44175386428833,3.5188679695129395,23
0.6974193355541674,117.55941719956726,0.6513838931205639,2.777247476276912,2.906193937704809,0.3963446617126465,0.8411211967468262,1.1902012825012207,1.4656729698181152,1.6871099472045898,1.8712706565856927,2.028182029724121,2.1642565727233887,8
0.654179743260098,180.13009859881456,12.543599189315866,2.989251382223392,2.323127288299074,0.2565310001373291,0.468048095703125,0.6567671298980713,0.8228366374969482,0.9695415496826172,1.101391315460205,1.218996524810791,1.3252286911010742,9
0.9637198318333488,11.570612099124787,2.1298280239727623,2.549000553055364,2.427504286765464,0.7291550636291504,1.886432647705078,2.6248092651367188,3.050697326660156,3.33548355102539,3.5491251945495605,3.721527576446533,3.8660964965820312,22
0.3600799522386868,31.53042820176218,160.70612637172837,2.621653554883708,2.163673880566648,0.6240029335021973,1.7196800708770752,2.410444021224976,2.609412908554077,2.633087396621704,2.6397836208343506,2.646612405776977,2.6531455516815186,0
0.8652603581625347,215.84134347991608,64.73210760170292,2.059563770579873,2.4248536989554705,0.1338982582092285,0.2286703586578369,0.3185434341430664,0.4046635627746582,0.4876308441162109,0.5670204162597656,0.6423614025115967,0.7143731117248535,16
0.6952490609364316,146.20626085439292,9.106961387703322,2.0581378718158447,2.8483721661239607,0.2844958305358886,0.552753210067749,0.7847468852996826,0.9847593307495116,1.1572275161743164,1.3081810474395752,1.4410812854766846,1.5588247776031494,9
0.652981006622967,43.30157375653687,36.40278593648348,2.272002638649096,2.041251386931323,0.5189228057861328,1.2615292072296145,1.7105679512023926,1.957669973373413,2.1209070682525635,2.2542097568511963,2.3580663204193115,2.450031518936157,19
0.7435240291183813,40.25103189601517,35.20332307173839,2.548364774576414,2.0821209184016705,0.4968607425689697,1.1823325157165527,1.6312255859375,1.904714584350586,2.095978260040283,2.248233795166016,2.3722729682922363,2.477777004241944,19
0.3878244501124764,7.635544751478339,36.89127268283596,2.298724294017727,2.244259027142892,1.026226043701172,3.195340394973755,5.197844505310059,6.406756401062012,6.737947463989258,6.750267028808594,6.755406379699707,6.758172035217285,7
0.8119493204155892,12.879710532213087,6.185424461083249,2.4040580021193727,2.6500263664174826,0.8352859020233154,2.330595731735229,3.314324140548706,3.815735101699829,4.097017288208008,4.291383743286133,4.439152717590332,4.562512397766113,22
0.55000213064595,8.251874034410056,6.553084170058834,2.631146615433752,2.5937854255222,1.101665496826172,3.3747429847717285,5.31440019607544,6.369537830352783,6.7774271965026855,6.968821048736572,7.1183695793151855,7.2233452796936035,6
0.9083052334416828,23.48482037570461,54.12479373252202,2.5577331742028804,2.7084824063006065,0.5895001888275146,1.4901914596557615,2.092801570892334,2.4488534927368164,2.6903505325317383,2.873631477355957,3.024930477142334,3.152693271636963,19
0.5107939478352497,120.78602834532732,20.373129413306625,2.13986948854045,2.806824381275442,0.444122314453125,1.0510342121124268,1.4549691677093506,1.7010703086853027,1.8768932819366453,2.0174672603607178,2.134738206863404,2.232972383499145,19
0.9183252862952852,27.31725787134076,33.948127680622754,2.0357406078192035,2.7632800749445554,0.5291624069213867,1.299633502960205,1.812327861785889,2.139999866485596,2.376101493835449,2.561257839202881,2.7130126953125,2.843658924102783,19
0.916763315580802,72.11375971654539,2.256104792126409,2.12794761817958,2.602085695283143,0.3290214538574219,0.6697287559509277,0.9592559337615968,1.203521966934204,1.408919095993042,1.5851008892059326,1.737637996673584,1.8712365627288816,8
0.8849403262746864,23.746540880755244,169.91226936093483,2.5639545969218585,2.4187845268817867,0.464043378829956,1.098841428756714,1.5219619274139404,1.7607691287994385,1.914369821548462,2.0239627361297607,2.111920118331909,2.184889078140259,20
0.4348591973967416,119.44407680122713,38.69059511936257,2.208693245015172,2.478541357617848,0.4638803005218506,1.119558572769165,1.522702932357788,1.730515480041504,1.8672690391540527,1.9791336059570312,2.0689010620117188,2.1447882652282715,19
0.3842811935954286,28.592326592387227,76.32550704183176,2.697306460522628,2.4285717773272286,0.8177950382232666,2.3903467655181885,3.5601260662078857,4.059170722961426,4.219139099121094,4.277358055114746,4.305448532104492,4.326629638671875,23
0.7751034366901614,8.886520849932461,8.925984360131269,2.1067685002889376,2.284476046632719,0.8742866516113281,2.4268743991851807,3.425048589706421,3.901410818099976,4.154916763305664,4.3176679611206055,4.446125984191895,4.539555549621582,22
0.4718147605114051,192.31735834932584,46.54841659869429,2.616008640901163,2.550345677555668,0.3213250637054443,0.6248254776000977,0.8506641387939453,1.0288515090942385,1.174499750137329,1.2979824542999268,1.405040264129639,1.498760461807251,9
0.8986594145243252,14.335781594299975,43.48364486653197,2.2909635760619467,2.099688076976752,0.6146857738494873,1.535299301147461,2.102383852005005,2.4192049503326416,2.6240017414093018,2.778239488601685,2.903804063796997,3.0045621395111084,19
0.4481082131159412,202.03057158831325,2.612004462625628,2.6529401552322645,2.177765403031338,0.2956352233886719,0.5636482238769531,0.7674887180328369,0.9308946132659912,1.0655817985534668,1.1795082092285156,1.2789242267608645,1.3655037879943848,8
0.978241072791738,23.56147558826744,3.0162567626219543,2.8391283627668,2.300127767529337,0.5426058769226074,1.293667554855347,1.8200714588165283,2.169278860092163,2.426234483718872,2.629783868789673,2.79862380027771,2.943544149398804,18
0.6872809560462299,52.45543680729276,194.3766516874952,2.917170073881658,2.4224599322607654,0.4031124114990234,0.894395112991333,1.2255115509033203,1.4222679138183594,1.5569510459899902,1.659512996673584,1.740149974822998,1.806329727172852,20
0.6355497333233319,11.213813513554634,8.763228902471969,2.9490628004414066,2.504988496765039,1.002082347869873,2.9192605018615723,4.3434367179870605,5.054965972900391,5.411940574645996,5.661164283752441,5.8470306396484375,5.98185920715332,6
0.6197751184120894,6.6510220173292645,3.180439763193424,2.2858860365510543,2.1387926568346813,1.0265841484069824,3.009047746658325,4.483967781066895,5.200101852416992,5.527984619140625,5.737616539001465,5.878278732299805,5.980626106262207,6
0.8810326111647089,27.191321341252053,179.75704698848028,2.3230918706063424,2.1332740573826063,0.3874680995941162,0.8512680530548096,1.1615636348724363,1.3524813652038574,1.485137939453125,1.5842130184173584,1.6595544815063477,1.7205166816711426,20
0.4260192911898723,40.305510727230015,70.5066597628452,2.7166700111149225,2.3876711189443984,0.7381167411804199,2.0940749645233154,3.0225493907928467,3.413015127182007,3.567590475082397,3.636817693710327,3.684593915939331,3.7254478931427,23
0.3205127846335209,209.36291462929057,43.380657499453534,2.328129781180285,2.020308878872217,0.3080232143402099,0.5916216373443604,0.7716858386993408,0.8960254192352295,0.9936542510986328,1.0734624862670898,1.141024827957153,1.2006328105926514,9
0.7541110185480244,20.72139219517463,1.205981536794937,2.5383689006722867,2.369874160662914,0.7382185459136963,1.9602875709533687,2.728219509124756,3.1357693672180176,3.387148857116699,3.565490245819092,3.7101058959960938,3.8309812545776367,22
0.8545943061424732,80.42668090250055,4.181520704251543,2.1129491625958603,2.41541502944813,0.3135838508605957,0.6304693222045898,0.8986485004425049,1.1241257190704346,1.314234972000122,1.477772235870361,1.6192631721496582,1.7433977127075195,8
0.5603529804215439,44.59877935376734,4.119513660251772,2.9654870538828915,2.234217684100376,0.6754682064056396,1.7925090789794922,2.4982004165649414,2.8632078170776367,3.079305648803711,3.230119228363037,3.355835437774658,3.4548020362854004,22
0.6338980003553356,97.77249402124455,241.00068018931523,2.024788714120974,2.256137263004089,0.2303462028503418,0.3917648792266845,0.517808198928833,0.6219265460968018,0.7096207141876221,0.7843160629272461,0.8496198654174805,0.9061238765716552,17
0.7161293719023243,113.81860888397664,21.77970176600908,2.101613405820288,2.8048546943871178,0.3237197399139404,0.6575520038604736,0.9308102130889891,1.156999111175537,1.3457965850830078,1.50647234916687,1.6454734802246094,1.767120361328125,9
0.4765657824172435,128.5624778722433,198.727542669278,2.3336548875279943,2.531713324869231,0.3155775070190429,0.6093499660491943,0.802678108215332,0.9391841888427734,1.045637845993042,1.132789134979248,1.2044143676757812,1.2662672996520996,10
0.5278160237249558,14.8505198500156,103.63158609195906,2.077879878385633,2.8472239349203763,0.8146696090698242,2.481577157974243,3.790592432022095,4.375113487243652,4.497829437255859,4.518607139587402,4.527280807495117,4.535446166992188,23
0.8504089980631371,146.7366865833334,6.87290523834803,2.0816725248412915,2.4581997848882904,0.2052152156829834,0.3733336925506592,0.5337376594543457,0.6817004680633545,0.8168036937713623,0.9414608478546144,1.055858850479126,1.1607036590576172,15
0.7860986286961789,10.884979520937703,141.48534547030613,2.7642381302531978,2.416126183645121,0.6703395843505859,1.8410611152648928,2.6035847663879395,2.938673973083496,3.083953857421875,3.1493067741394043,3.189868450164795,3.222756862640381,23
0.6854441265586706,8.866823898022458,2.891269116602257,2.91332336164792,2.893308327341208,1.0686423778533936,3.208606719970703,4.914662837982178,5.798415660858154,6.22027063369751,6.496032238006592,6.711169719696045,6.867846965789795,6
0.5970717363200226,107.8512940758536,1.707910393231424,2.778782515674087,2.1752525371672435,0.3821654319763183,0.8257431983947754,1.15008544921875,1.3834381103515625,1.562077522277832,1.7099804878234863,1.8346567153930664,1.9426665306091309,8
0.7469103393131661,80.30313283427306,0.9893532826174868,2.733842038279984,2.017238978315869,0.349045991897583,0.7343416213989258,1.0366780757904053,1.2720415592193604,1.4602138996124268,1.6176707744598389,1.7520883083343506,1.868155717849732,8
0.3109659000664223,9.026964712333156,34.785408376731084,2.160629484311693,2.793391272679252,1.0831289291381836,3.51920485496521,6.0515899658203125,7.893309593200684,8.653040885925293,8.688159942626953,8.688725471496582,8.689255714416504,14
0.961097116584172,84.22901564310752,2.4944596964797063,2.247835224555345,2.098019833200054,0.2454798221588134,0.4714236259460449,0.6778655052185059,0.8616116046905518,1.023778200149536,1.167900323867798,1.29689621925354,1.412073850631714,8
0.5509197859623124,85.3329405442114,10.799584480442771,2.8685324759398982,2.6237029458658583,0.5544116497039795,1.4018027782440186,1.969882249832153,2.281623601913452,2.484662771224976,2.6400368213653564,2.770355463027954,2.8809945583343506,18
0.3359664807045662,6.998554818148892,27.287739967675112,2.2854953778110936,2.588258273158325,1.1099638938903809,3.5861566066741943,6.152557373046875,8.012065887451172,8.766573905944824,8.810552597045898,8.811868667602539,8.812929153442383,14
0.4287600360234531,15.009271557899122,14.478083427219584,2.7832858907494766,2.4237910597856027,1.0369796752929688,3.136783599853516,4.883775234222412,5.796787261962891,6.105731964111328,6.244318962097168,6.353320121765137,6.420261383056641,6
0.535070323975678,182.8315493085669,0.8389448364055131,2.098147136844147,2.0329691766885336,0.2368280887603759,0.4302065372467041,0.594325065612793,0.7349495887756348,0.8562192916870117,0.9627737998962402,1.057159662246704,1.141864776611328,15
0.3590327102426708,29.01261571412787,6.141419675664942,2.9044855243641643,2.4752340704902207,0.991765022277832,2.974541187286377,4.582331657409668,5.361819744110107,5.631210803985596,5.790098667144775,5.8842597007751465,5.951195240020752,6
0.3696024831733335,22.73832857706884,24.676242873263053,2.6294668123188805,2.335204167423563,0.9579861164093018,2.868412494659424,4.399235725402832,5.113670349121094,5.34212589263916,5.442513942718506,5.511497020721436,5.550681591033936,7
0.6754039364048284,28.82041157206821,91.2936413871763,2.072944334341316,2.9708062946333547,0.6418206691741943,1.8110942840576167,2.5738394260406494,2.911388635635376,3.067490339279175,3.173506021499634,3.256899118423462,3.32543683052063,23
0.7775441660610316,127.92730582498186,200.6160023030864,2.7920266018287974,2.686372882799644,0.2419741153717041,0.415783166885376,0.5715999603271484,0.709031343460083,0.8311402797698975,0.9408242702484132,1.0390563011169434,1.127502679824829,17
0.6290691647678113,6.016497519033368,3.991080720657925,2.349792259066466,2.659394772692284,1.0988874435424805,3.3816404342651367,5.316831588745117,6.349553108215332,6.758784294128418,6.964287757873535,7.104462623596191,7.213706016540527,6
0.4907009949945067,68.90742600204646,1.306834996290061,2.8349718610576007,2.9544058610164794,0.7160212993621826,2.028926610946656,2.937955141067505,3.372853994369507,3.5879881381988525,3.733575582504273,3.843481302261353,3.9431769847869873,22
0.8051011957427374,36.440468194379086,102.65598084548412,2.2807268232008293,2.738334194862523,0.4978821277618408,1.215801239013672,1.6950969696044922,1.9803283214569087,2.172631025314331,2.322016954421997,2.4410855770111084,2.5426766872406006,20
0.6107223610149899,16.511290111702106,1.4269166799388209,2.938054126068268,2.550606959325929,0.953847885131836,2.7459073066711426,4.0280938148498535,4.671104431152344,5.004155158996582,5.235377311706543,5.402986526489258,5.525951385498047,5
0.6539738796258386,51.48726454985087,2.3306356865718696,2.034130772085597,2.18583079108454,0.5254292488098145,1.2754292488098145,1.7321627140045166,1.994856357574463,2.1763978004455566,2.3238019943237305,2.444366455078125,2.5475096702575684,18
0.5986468527354484,17.055040227401232,5.829120130122623,2.4733582720202363,2.2388086703703607,0.878511905670166,2.4612927436828613,3.514590263366699,4.014597415924072,4.274831771850586,4.443758487701416,4.557503700256348,4.645354747772217,22
0.5151042454894543,18.53391877285415,2.6452441935120605,2.156403373854743,2.036916150627822,0.878272294998169,2.4651010036468506,3.50847601890564,3.960026025772095,4.1704607009887695,4.304253578186035,4.392511367797852,4.45784854888916,22
0.5400740055732238,30.79609119000184,2.628313671797617,2.0135165957336203,2.445463774756308,0.7933206558227539,2.2574048042297363,3.204919815063477,3.611997604370117,3.7915101051330566,3.9069395065307617,3.9895968437194815,4.06386137008667,22
0.3774298816071355,23.50724682309565,43.74562100555903,2.705884043107981,2.865617795710791,0.9777815341949464,3.013162851333618,4.783093452453613,5.732132911682129,5.997174263000488,6.081489562988281,6.122410774230957,6.143304824829102,7
0.5631445924499148,101.15985088725,9.06366313334284,2.878531817797508,2.917736475405723,0.5270414352416992,1.300432205200195,1.840592861175537,2.158468723297119,2.373420238494873,2.541756153106689,2.6827502250671387,2.799422264099121,18
0.5857672481048583,27.17814687141748,14.123286833527285,2.973214149124916,2.094823906289695,0.7482669353485107,2.014087677001953,2.817312717437744,3.2343811988830566,3.475006580352783,3.636977195739746,3.758734226226807,3.85353946685791,22
0.9036520049783604,41.25122385172602,1.678556374608808,2.062599111082406,2.918137710767017,0.4782233238220215,1.1217117309570312,1.5829482078552246,1.909719944000244,2.1576621532440186,2.358210802078247,2.5256264209747314,2.669452428817749,18
0.5739034431195482,100.1049264228018,122.8396588969706,2.713367227255547,2.9452519337094483,0.4388120174407959,1.009139060974121,1.4090158939361572,1.660125970840454,1.835395574569702,1.975126028060913,2.0881197452545166,2.1821420192718506,20
0.6184927487025944,81.5865046322952,29.003164071249856,2.075638734853635,2.990480560899253,0.4779946804046631,1.176908016204834,1.6448023319244385,1.9277026653289795,2.127643346786499,2.2857282161712646,2.41614842414856,2.527679204940796,19
0.9796167323877004,18.90125108018732,63.986502391523466,2.2346900469207487,2.390529359664809,0.5303249359130859,1.2806501388549805,1.7767863273620603,2.0854949951171875,2.3024682998657227,2.4706244468688965,2.6058363914489746,2.722154140472412,19
0.3274550231072643,41.35577120637701,15.576076466791204,2.943969615722863,2.1516567533253883,0.8563950061798096,2.4632644653320312,3.607344150543213,4.105052471160889,4.329056739807129,4.446115493774414,4.523833751678467,4.57772970199585,22
0.7714809973031329,161.47433090264323,59.971473442923525,2.666807178931572,2.570396849513801,0.2363395690917968,0.4205121994018554,0.592787504196167,0.7476880550384521,0.8880765438079834,1.0156044960021973,1.1318466663360596,1.2370171546936035,16
0.387353213113021,6.74540464768835,84.81526361823668,2.4473187314571776,2.027827189957131,0.867499828338623,2.580372810363769,3.952964782714844,4.539045333862305,4.635514259338379,4.6647467613220215,4.6687092781066895,4.670518398284912,23
0.7545255888468335,6.872062497361773,1.356145296760338,2.1674173231017178,2.8614926543778068,1.0106148719787598,3.040083646774292,4.5923614501953125,5.354243278503418,5.690869331359863,5.891132354736328,6.028751373291016,6.14811897277832,5
0.8000797901251782,8.823645736657076,7.909868849426161,2.684389785754705,2.142595965292743,0.8666641712188721,2.34070348739624,3.290714740753174,3.795017719268799,4.106298446655273,4.3228960037231445,4.486445426940918,4.613937854766846,22
0.8777961032639254,13.680730889494043,145.2318148309022,2.970635754295648,2.183208761246957,0.5591862201690674,1.4208998680114746,1.9706025123596191,2.244166374206543,2.395948886871338,2.4918975830078125,2.5662379264831543,2.6275181770324707,20
0.8206993577683244,19.897735706409893,0.6624934053953029,2.6882530158414064,2.5368307193026887,0.7299473285675049,1.9358127117156985,2.712595701217652,3.141981840133667,3.411405801773072,3.613108396530152,3.777705430984497,3.9184720516204834,22
0.9506872464233372,122.20683345763892,90.04604891644384,2.836721738344928,2.3168882388988514,0.2095732688903808,0.3709273338317871,0.5266830921173096,0.6687281131744385,0.7989304065704346,0.9183948040008544,1.02813458442688,1.1284477710723877,16
0.690083295715815,71.64095214076747,5.242844937326148,2.979797735091116,2.4398790438861315,0.4841980934143066,1.1357202529907229,1.6006793975830078,1.9054059982299805,2.1286187171936035,2.3076400756835938,2.4559812545776367,2.582366943359375,18
0.3699385872082773,42.12563968855574,0.9111339398977292,2.976814615315784,2.167887464902942,0.8495757579803467,2.413071155548096,3.4943175315856934,3.990771770477295,4.235038757324219,4.371835231781006,4.474518299102783,4.54363489151001,22
0.5360165135963169,73.87323750150794,5.217882671227135,2.342963484996597,2.459796720918148,0.5670952796936035,1.455677509307861,2.00577163696289,2.2852120399475098,2.464961528778076,2.600268840789795,2.719212055206299,2.8147850036621094,18
0.6220407233256698,17.690735913892652,54.66806498877989,2.9460202593249734,2.16972496042964,0.7631406784057617,2.0977582931518555,2.9630699157714844,3.382572650909424,3.6078691482543945,3.7392311096191406,3.834736824035645,3.905133247375488,23
0.8860027853511958,39.42775234681404,10.228155678849378,2.5580863398399933,2.7582163184815576,0.524838924407959,1.2532920837402344,1.768482685089111,2.114765167236328,2.3697257041931152,2.5728859901428223,2.741677761077881,2.88631534576416,18
0.6370260784540138,202.31837048480384,174.03284158854729,2.2326567913702204,2.259236220969044,0.1545135974884033,0.2363092899322509,0.3173556327819824,0.3908948898315429,0.4589083194732666,0.5218794345855713,0.5806112289428711,0.6353874206542969,3
0.3085581830053741,60.64534873024671,178.7041446767656,2.85553637450771,2.3477966550115084,0.5675089359283447,1.5302550792694092,2.137967824935913,2.303184747695923,2.3257105350494385,2.339802026748657,2.352998971939087,2.365502119064331,0
0.7656624245048813,12.580621755019717,3.2239818712454547,2.485745311822421,2.1353699065063,0.8159623146057129,2.1810550689697266,3.0398740768432617,3.488975524902344,3.756214141845703,3.949702262878418,4.090658664703369,4.208902359008789,22
0.4859760223164721,23.82324862684456,78.83081214397329,2.786306777218201,2.028804793578626,0.7151961326599121,1.9672164916992188,2.7678332328796387,3.106370449066162,3.254539966583252,3.327479362487793,3.374120712280273,3.4114623069763184,23
0.8688626321233428,179.78250938410804,2.7142703319138706,2.723140034596825,2.5424341173407425,0.2074909210205078,0.36513352394104,0.5191104412078857,0.6643576622009277,0.7988300323486328,0.9240591526031494,1.0409860610961914,1.149568796157837,15
0.5181156799915632,25.09776837826365,0.560156336446218,2.8008204339059617,2.437171610740879,0.9135682582855223,2.634639263153076,3.8600411415100098,4.453893661499023,4.741669178009033,4.912075996398926,5.0460524559021,5.135207653045654,5
0.6906360610748496,112.68716808525944,60.1637625551264,2.289695376337028,2.3825757858125978,0.3017032146453857,0.5910804271697998,0.825385332107544,1.0184392929077148,1.1794533729553225,1.3159840106964111,1.4347155094146729,1.5382490158081057,10
0.7146103389045082,27.308546774470056,0.8145280874017895,2.3588894296836327,2.820205135507337,0.745103120803833,2.0791540145874023,2.944953441619873,3.37690544128418,3.623559474945069,3.7969717979431152,3.9394049644470215,4.0525736808776855,22
0.5387081026392292,134.1072779753386,0.8671173701384641,2.486260892132828,2.737437698853036,0.4246752262115478,0.9550392627716064,1.3293967247009275,1.5862488746643066,1.7785563468933103,1.9347448348999023,2.0667624473571777,2.178088665008545,18
0.6627376421400069,216.8095147267884,114.35683075114332,2.9807995466166584,2.9713679340270858,0.2441756725311279,0.404017686843872,0.5581018924713135,0.696326494216919,0.8218989372253418,0.937568187713623,1.043370246887207,1.1413226127624512,16
0.648189506561009,105.16611786073015,2.3957789653215955,2.434018288188181,2.849832653796213,0.429621934890747,0.9656872749328612,1.356935739517212,1.6360979080200195,1.8501577377319336,2.022999763488769,2.169388771057129,2.2945709228515625,18
0.6879952047561955,48.78385994787844,18.344990026597365,2.024240570816254,2.187272706321412,0.4990842342376709,1.191147804260254,1.6222102642059326,1.8782942295074463,2.0611581802368164,2.204898834228516,2.3224587440490723,2.426413059234619,19
0.5925376932591027,35.67129286724971,0.8824162032690168,2.4962984440124982,2.861643106433233,0.7888753414154053,2.2562475204467773,3.254083633422852,3.733458995819092,3.970761775970459,4.12907075881958,4.245241641998291,4.351482391357422,22
0.5479272384746239,17.45692087579316,245.4107835300931,2.213712017870137,2.054290831520754,0.4768481254577636,1.1896963119506836,1.5535211563110352,1.588818073272705,1.5895915031433103,1.590073585510254,1.5903558731079102,1.5905368328094482,1
0.5065327237098033,86.98345219785816,1.4699747439227024,2.3181672734066274,2.891707742208029,0.5906322002410889,1.5864787101745603,2.2284035682678223,2.54125452041626,2.7252001762390137,2.866323947906494,2.9794092178344727,3.0825743675231934,18
0.8650450041096269,9.155578349105763,154.01048128635125,2.043190849589453,2.2483139091132105,0.5937576293945312,1.566988468170166,2.1405277252197266,2.358894824981689,2.4337925910949707,2.47342586517334,2.5038137435913086,2.529801368713379,0
0.945652933025362,100.90615267528096,6.781655264435365,2.4643341713917613,2.491649892242424,0.2631042003631592,0.4998927116394043,0.7189414501190186,0.9147708415985109,1.0889811515808103,1.2450957298278809,1.384645938873291,1.509737491607666,9
0.3298039510808066,135.26123399725714,5.587149857913839,2.7995461307201723,2.685529065699042,0.6096105575561523,1.662062168121338,2.363801956176758,2.6619043350219727,2.797429084777832,2.897544384002685,2.9821200370788574,3.053910255432129,22
0.8964337757646701,14.32746880789026,189.05484266351027,2.4373042116260253,2.3747371311639016,0.5182623863220215,1.299860954284668,1.791790008544922,2.017460823059082,2.12914514541626,2.198729515075684,2.2518792152404785,2.295093536376953,0
0.3638327979621417,9.637751654938134,6.230873518130066,2.143169910096665,2.615598218677203,1.1234323978424072,3.628421545028688,6.156460762023926,7.897672653198242,8.5813627243042,8.648819923400879,8.655962944030762,8.662383079528809,14
0.7700069002365999,32.6054480790943,18.379723954167947,2.510627074102384,2.177178925716487,0.557685136795044,1.369098663330078,1.888261318206787,2.194082260131836,2.40310001373291,2.568490982055664,2.7021756172180176,2.816305160522461,19
0.8684959490803792,31.652748237681323,42.00241927408474,2.2296112279876565,2.951076538223908,0.5533201694488525,1.396873950958252,1.9631047248840328,2.3108229637146,2.552725315093994,2.740740776062012,2.896215438842773,3.0278801918029785,19
0.9177678320951188,49.66481566103877,2.413331239384007,2.9317377950881305,2.5822327085322168,0.4544775485992431,1.0190892219543457,1.4526824951171875,1.776254177093506,2.026566505432129,2.230747699737549,2.40271520614624,2.550769805908203,18
0.4710846007210527,37.23627607190379,1.1477652422860394,2.639431295607928,2.038127069691379,0.7625775337219238,2.0696043968200684,2.892820358276367,3.2864818572998047,3.491072654724121,3.627949714660645,3.718019962310791,3.803518772125244,22
0.4453364342218705,12.665388492215389,20.13462865244704,2.2820662153394267,2.7730951909726587,1.052828073501587,3.302513360977173,5.342089653015137,6.517533302307129,6.886713027954102,6.957614898681641,6.993193626403809,7.015397071838379,6
0.8415060311362208,31.315220076621426,2.107648822259684,2.252831908581857,2.577582816408332,0.5810079574584961,1.44858980178833,2.0107743740081787,2.3515470027923584,2.591094255447388,2.77846360206604,2.933471918106079,3.066436529159546,18
0.7607177299710428,74.12781677965319,1.168322387636794,2.458057353940511,2.56557894562855,0.4281370639801025,0.9517977237701416,1.3401331901550293,1.623725414276123,1.843722343444824,2.0233068466186523,2.1743950843811035,2.3039841651916504,18
0.3866783929272673,46.99020032091389,8.63863198318962,2.315862972326698,2.910400287557296,0.870720624923706,2.642322540283203,4.021451473236084,4.65779972076416,4.867433547973633,4.950139999389648,5.002248287200928,5.052879810333252,22
0.5232762904880179,61.04282944015901,3.4207223655692665,2.9873383851741844,2.5546899176882074,0.6718947887420654,1.8170337677001955,2.5680551528930664,2.941779136657715,3.1530070304870605,3.305241584777832,3.424457550048828,3.531064987182617,22
0.6579034102606625,135.6763312217513,8.424380405086223,2.187334794389856,2.6538427223048022,0.3194339275360107,0.638859748840332,0.8980863094329834,1.111640691757202,1.2894837856292725,1.4417595863342283,1.572697401046753,1.6885085105895996,9
0.4888093992146397,42.86128444102769,0.6477289198509386,2.513823542509469,2.0406290296849496,0.7060067653656006,1.8832573890686035,2.601559638977051,2.94066858291626,3.1275339126586914,3.252638339996338,3.354219913482666,3.432654857635498,22
0.3647784105772436,26.66085619486368,1.8852196011733888,2.8282321782514046,2.372864840980574,1.0043861865997314,3.0050127506256104,4.626660346984863,5.41035270690918,5.684623718261719,5.845954895019531,5.945647239685059,6.018433570861816,6
0.4722852313543945,17.00304221520728,2.2917128976784347,2.584403150497232,2.848613693367489,1.0629758834838867,3.2689883708953857,5.158819198608398,6.163430213928223,6.514301300048828,6.676575660705566,6.784345626831055,6.859324455261231,6
0.9319240035071412,177.2965740545195,0.8256849802833225,2.295813300976458,2.7206542634278543,0.1850292682647705,0.3292243480682373,0.4685888290405273,0.6030130386352539,0.7290289402008057,0.8481500148773193,0.9601857662200928,1.0648417472839355,15
0.8338626633192314,23.632276519012738,22.67490370058617,2.012185798050238,2.898211722588807,0.6375813484191895,1.708462476730347,2.3827872276306152,2.7481045722961426,2.9799842834472656,3.1564207077026367,3.298447608947754,3.4157185554504395,23
0.7059499687314945,26.11584538197725,7.062399980413907,2.82858397662498,2.845204350890381,0.7866361141204834,2.202080011367798,3.160270929336548,3.65160870552063,3.9320547580718994,4.122342109680176,4.277286529541016,4.398680686950684,22
0.6941703997389281,21.19742148371233,57.185343186666415,2.437696711688776,2.019551020313713,0.6387522220611572,1.6577138900756836,2.267730236053467,2.563422203063965,2.7379674911499023,2.851135730743408,2.94821834564209,3.026970386505127,19
0.7405430892822527,8.874448455760716,0.5911160119998733,2.912974100669726,2.4644266342726264,0.983328104019165,2.793950080871582,4.073610782623291,4.727790355682373,5.104869365692139,5.376891613006592,5.5880045890808105,5.746786594390869,5
0.9671207543580864,20.48940918289664,1.3929529463088142,2.4475180541498625,2.13079683076523,0.5514199733734131,1.3133859634399414,1.8254485130310056,2.157223701477051,2.3973684310913086,2.589362621307373,2.747650146484375,2.882822036743164,18
0.8449783738585652,6.240313832516822,10.238894726552,2.298807971661182,2.5213151302341266,0.9373366832733154,2.669398069381714,3.8598573207855225,4.438871383666992,4.749244689941406,4.953429222106934,5.10898494720459,5.220210075378418,6
0.5004427341464612,6.381360729374259,84.4185891359183,2.3586618208974253,2.337684359882957,0.9038305282592772,2.7324161529541016,4.23539924621582,4.940539360046387,5.0814642906188965,5.114933490753174,5.121295928955078,5.123791694641113,23
0.7490647824874307,25.853972324051487,63.76119140224685,2.093513776214281,2.833157864943167,0.6380441188812256,1.74633526802063,2.4496304988861084,2.7888996601104736,2.983313798904419,3.119259119033813,3.230596780776977,3.3184139728546143,23
0.5539208153804966,36.0508553147232,220.05146298253297,2.9136337014333296,2.763197947058077,0.566781759262085,1.5200119018554688,2.168088912963867,2.4150404930114746,2.486166477203369,2.522210121154785,2.55264663696289,2.5797228813171387,1
0.624524326957459,97.88138563486991,0.8384650406705546,2.5867497115130424,2.047514546028085,0.3653309345245361,0.7794880867004395,1.0832467079162598,1.305466651916504,1.479707956314087,1.6224629878997805,1.7431433200836182,1.846221208572388,8
0.9719763954557794,178.67234019545245,42.065283229185766,2.14795637130227,2.9799729297040565,0.1691079139709472,0.2990210056304931,0.423379898071289,0.5461790561676025,0.662956953048706,0.7739043235778809,0.8784997463226318,0.9782214164733888,15
0.5887211080225587,57.38073670892352,24.40781946737504,2.9019107611208,2.419516953355998,0.5891890525817871,1.5200920104980469,2.121155261993408,2.437499046325684,2.6378049850463867,2.7850241661071777,2.910703182220459,3.011692523956299,19
0.3846818793493393,104.63940697092023,2.229500581266704,2.474837795627683,2.212041605416509,0.5591096878051758,1.4417924880981443,1.967811584472656,2.201465129852295,2.3379368782043457,2.443840503692627,2.531853199005127,2.606608867645264,18
0.7825914544906968,11.77962535865584,0.904375318353908,2.534939294546521,2.6124932476336715,0.8890366554260254,2.498346328735352,3.5807833671569824,4.127404689788818,4.437492370605469,4.646213531494141,4.803215503692627,4.936164855957031,22
0.9713894235752678,79.96608489558115,0.5812968314152255,2.4144647238439103,2.949778552632676,0.3313624858856201,0.6642231941223145,0.9589030742645264,1.21526837348938,1.4365155696868896,1.629298448562622,1.797882318496704,1.946938753128052,8
0.3771335338218911,8.447339694635811,1.975234171850461,2.505036982691869,2.855270479361096,1.199854850769043,3.891870021820069,6.7468976974487305,8.80189037322998,9.72031307220459,9.82806396484375,9.834403038024902,9.843546867370604,13
0.7819433660673052,104.8120841439161,2.212592757239568,2.362515832771386,2.8083540980317463,0.3409936428070068,0.6936120986938477,0.9870538711547852,1.2327678203582764,1.4387013912200928,1.6143674850463867,1.7665834426879885,1.9004197120666504,8
0.8878656343557643,9.423066182978468,98.57263357654934,2.292602060686956,2.2283914336574404,0.65236496925354,1.7194838523864746,2.369649171829224,2.6743719577789307,2.834599256515503,2.933042287826538,3.003446817398072,3.059623956680298,23
0.4493513277750232,53.668441220375925,112.8609823225675,2.6687615745307403,2.4676275737385853,0.6106545925140381,1.6625142097473145,2.337033271789551,2.59700345993042,2.698766231536865,2.7628865242004395,2.8169007301330566,2.864487648010254,0
0.7616780536465159,40.93921514755037,2.1618869532205407,2.330492920462391,2.7087378794889925,0.5858213901519775,1.4897422790527344,2.074368476867676,2.4146738052368164,2.6490283012390137,2.830827236175537,2.979870319366455,3.109057903289795,18
0.7310671844232581,24.65843887524976,26.34766215750586,2.470467464888209,2.117915470502174,0.6335203647613525,1.6189475059509275,2.221330642700196,2.540682792663574,2.7459044456481934,2.8975629806518555,3.0165414810180664,3.122730255126953,19
0.7877839668908729,9.34001400093945,2.38775176606385,2.973725430720959,2.815307121084882,0.9842307567596436,2.8547511100769043,4.213271617889404,4.926493644714356,5.319460868835449,5.591818809509277,5.8019304275512695,5.9657182693481445,6
0.7940889833441702,97.60455739767907,9.351274686043327,2.513635344769092,2.484153293899884,0.3302276134490967,0.6672627925872803,0.9467122554779052,1.179218053817749,1.3735575675964355,1.5390172004699707,1.6817245483398438,1.807314395904541,9
0.3540128071023035,15.562549579214496,4.106024423248845,2.6906792430706146,2.758354822571475,1.1395313739776611,3.6084587574005127,6.025294303894043,7.571975708007812,8.139028549194336,8.220623016357422,8.258527755737305,8.294634819030762,14
0.5919965072382747,42.455111396350944,79.21576132038224,2.3575405339222764,2.1167011946645324,0.5332727432250977,1.3358917236328125,1.809628963470459,2.033663272857666,2.164799213409424,2.266345977783203,2.3506078720092773,2.4222946166992188,20
0.902813450413523,45.94084416664012,11.473274338270503,2.2745916651594,2.3500635433210486,0.4151895046234131,0.9104366302490234,1.2833383083343506,1.561448097229004,1.778836011886597,1.9572250843048096,2.1080739498138428,2.237675905227661,18
0.9431282859537062,16.392780568670325,8.390771144849031,2.528843075962384,2.598837369943047,0.6776957511901855,1.7498040199279783,2.444060802459717,2.8489480018615723,3.1217494010925293,3.329274177551269,3.499386787414551,3.643293857574463,18
0.9067331179261418,29.94464275607574,8.807257661625375,2.686810543066776,2.4056011296839865,0.5421197414398193,1.3020260334014893,1.8268768787384035,2.167100191116333,2.413725614547729,2.6087567806243896,2.7708170413970947,2.910245656967163,18
0.886297198553126,58.427642545430174,2.867531479840045,2.694540736516754,2.0294347696343675,0.3493850231170654,0.7379100322723389,1.0505094528198242,1.2971374988555908,1.4964306354522705,1.663487195968628,1.806280851364136,1.9304649829864504,8
0.383459933891959,47.62490885237614,26.336682737221068,2.995479552350478,2.5762658004282826,0.8396036624908447,2.45562744140625,3.65353012084961,4.216335296630859,4.444639682769775,4.5623273849487305,4.631742477416992,4.68143367767334,23
0.5695951887663391,22.01317911100519,11.855055800011144,2.5892652770035016,2.36139406542332,0.8547215461730957,2.414329290390014,3.471006155014038,3.968354463577272,4.217630386352539,4.363882064819336,4.47940731048584,4.561312675476074,22
0.5041055910324539,11.4259907472056,24.872105792227828,2.3372631528713703,2.3695986441837285,0.9822137355804444,2.939279556274414,4.482275485992432,5.21127462387085,5.451928615570068,5.561533451080322,5.622296333312988,5.665159225463867,7
0.9415887867196284,30.92609386103246,2.096649587239784,2.371011239859007,2.069974525846241,0.4596519470214844,1.042604923248291,1.4601216316223145,1.7528927326202393,1.975757837295532,2.156437635421753,2.3069956302642822,2.4361159801483154,18
0.6188512124918,9.312674113797126,14.151077700323071,2.7819006934825463,2.980977495025547,1.075669527053833,3.294206619262696,5.165910243988037,6.171000480651856,6.5734453201293945,6.793538093566895,6.955819129943848,7.062287330627441,6
0.397624245149469,13.455570671649578,54.61024822658566,2.9566278183013623,2.785029381574642,1.0260663032531738,3.1743922233581543,5.145168304443359,6.288920402526856,6.617143630981445,6.694364547729492,6.742556571960449,6.763651847839356,7
0.4641824659522654,12.30697904032746,0.7602421041684415,2.019957158906156,2.765283338443546,1.0662477016448977,3.3675646781921387,5.4607930183410645,6.637071132659912,7.0264153480529785,7.121881008148193,7.170949459075928,7.207286357879639,5
0.5930307129812566,44.16720975978065,12.510191221442378,2.377996398281618,2.4439122836323697,0.6635313034057617,1.7806084156036377,2.475756883621216,2.809194326400757,3.0034844875335693,3.1436007022857666,3.257376909255981,3.3514726161956787,22
0.6688042795828664,12.71973796182296,57.46854147404245,2.303956536919766,2.78282749736848,0.8567707538604736,2.5424563884735107,3.777909994125366,4.350011825561523,4.561103820800781,4.667734146118164,4.729780197143555,4.775791168212891,23
0.4720570065209882,6.159840009531238,19.18424615549266,2.68525865605551,2.933419144200518,1.165615797042847,3.736943006515503,6.320714950561523,8.07713794708252,8.791661262512207,8.904592514038086,8.924220085144043,8.947622299194336,14
0.7111605062430479,16.77616009161935,3.9485051120985086,2.2549235253759616,2.4264853566835534,0.8170571327209473,2.2536046504974365,3.175879716873169,3.620962858200073,3.864393949508667,4.025978088378906,4.154479026794434,4.249368667602539,22
0.4540410019252511,16.73113107456989,38.78904581441677,2.901599988685895,2.5500737818821952,0.9694786071777344,2.9106483459472656,4.484097957611084,5.2457594871521,5.513477802276611,5.657228946685791,5.7397284507751465,5.784718036651611,7
0.4285547437542469,49.4346119168824,120.71661309947444,2.8976594444115893,2.1810174842300856,0.5902080535888672,1.577592372894287,2.1892614364624023,2.4175281524658203,2.503035068511963,2.55781888961792,2.6043624877929688,2.646081924438477,0
0.4129205819626543,49.336370627364055,1.8264664618229087,2.82557059608053,2.129670331786586,0.7640914916992188,2.112309217453003,2.98584532737732,3.397963285446167,3.601535558700561,3.727853536605835,3.8107874393463135,3.892736196517944,22
0.4732383106351866,41.47603432032391,6.627406119026839,2.368965179333458,2.843591463104312,0.8310415744781494,2.4587931632995605,3.642045497894287,4.180381774902344,4.388483047485352,4.501529693603516,4.579329490661621,4.643254280090332,22
0.4772514580958745,12.835219958142526,180.08995233265497,2.5017417085753912,2.373833528430183,0.6975233554840088,2.0061349868774414,2.936683654785156,3.2594785690307617,3.295207500457764,3.2955150604248047,3.295769214630127,3.2957563400268555,23
0.9471228774696638,152.37104070606017,123.10666133288665,2.4592966040671964,2.9196624710512906,0.196343183517456,0.3361153602600097,0.4732317924499511,0.604677677154541,0.7255597114562988,0.8391158580780029,0.9445633888244628,1.0436780452728271,16
0.9472988103191844,6.449165216337074,0.5495264009120253,2.230295875860985,2.6733426643951845,0.8820974826812744,2.463322162628174,3.502899169921875,4.033901214599609,4.348484039306641,4.566954612731934,4.737790584564209,4.874643802642822,22
0.6570839954830099,111.80339354474252,4.450998599622987,2.1949435805668136,2.74920314019327,0.3816080093383789,0.8222360610961914,1.1550467014312744,1.4075562953948977,1.6075546741485596,1.7735211849212646,1.914093017578125,2.0348563194274902,8
0.984715773214631,153.4477289818867,24.1307220737691,2.469878016103624,2.5573224602953544,0.1894094944000244,0.3361029624938965,0.4787094593048095,0.6152455806732178,0.7428419589996338,0.8628196716308594,0.9757459163665771,1.0808262825012207,15
0.964972670352809,60.13538113671328,12.08409474058524,2.421747336525564,2.228793057983242,0.3201720714569092,0.6518075466156006,0.9326927661895752,1.16778302192688,1.3647592067718506,1.532681941986084,1.678309679031372,1.805697679519653,9
0.6918648974709332,199.5227308957509,4.346073121392344,2.772059169886202,2.1514198285921773,0.202730655670166,0.3523042201995849,0.4953413009643554,0.6256170272827148,0.7438788414001465,0.8535151481628418,0.9537932872772216,1.0458855628967283,15
0.7897203023606663,203.5976783831014,52.1627486552358,2.703449621553649,2.661589321305862,0.2037899494171142,0.3452706336975097,0.484525203704834,0.6152403354644775,0.7358064651489258,0.8475704193115234,0.952211618423462,1.0490822792053225,16
0.4272171091730413,56.31427151710526,167.31656727152605,2.483040289011444,2.679230129430991,0.5723698139190674,1.5536856651306152,2.1951847076416016,2.4091897010803223,2.4672164916992188,2.5054616928100586,2.539854049682617,2.5709829330444336,0
0.5549071806240308,38.99199031712779,113.31723492195528,2.3612512036854705,2.6570920334202586,0.6246058940887451,1.7228045463562012,2.432248115539551,2.719021797180176,2.8395304679870605,2.91515588760376,2.975237369537353,3.02737808227539,23
0.9233939120472816,30.1352846540264,22.15135128754949,2.165372954077307,2.7755805737740245,0.5262091159820557,1.273473024368286,1.7836949825286863,2.1202762126922607,2.365033864974976,2.558950662612915,2.7196834087371826,2.857263803482056,19
0.8296148172302278,74.0524201793666,1.2133982695195222,2.560067939417409,2.462137476387892,0.3820223808288574,0.8122701644897461,1.1522343158721924,1.4192445278167725,1.6340792179107666,1.813460111618042,1.9662482738494875,2.098226308822632,8
0.3888314156119924,104.88564492075128,90.1535329456114,2.540682919025393,2.331398082460474,0.485382080078125,1.2008512020111084,1.632646083831787,1.8115715980529783,1.9164862632751465,1.998823165893555,2.067202568054199,2.1262927055358887,20
0.9130602926819318,62.34830220848062,0.675959576582505,2.060314433730152,2.4679053879156707,0.3468492031097412,0.7189292907714844,1.0245845317840576,1.2748205661773682,1.4810707569122314,1.6555466651916504,1.805392265319824,1.9370014667510984,8
0.3430656896743802,36.50310626315979,60.74124760627229,2.3257620574721067,2.594960517240408,0.8360106945037842,2.500182628631592,3.789785385131836,4.343745231628418,4.480854034423828,4.523657321929932,4.545310974121094,4.563639163970947,23
0.51598644762366,35.15119320981265,1.0304797671604664,2.471364459243804,2.9974166967159266,0.8681323528289795,2.585395336151123,3.859462738037109,4.46258020401001,4.710277080535889,4.854358196258545,4.949120044708252,5.026915073394775,22
0.9841585751577684,13.270550726707894,64.50925474155731,2.3315301873071084,2.1392771325658293,0.5672943592071533,1.3929011821746826,1.916460037231445,2.2213282585144043,2.426304817199707,2.582259178161621,2.707426071166992,2.811553955078125,19
0.9909524984042132,28.82707436257697,18.797356809544684,2.9901964092860296,2.868622045935333,0.5576472282409668,1.341712474822998,1.9134159088134768,2.299479961395264,2.582236766815185,2.8070521354675293,2.9939212799072266,3.1544623374938965,19
0.6628489767970567,20.174301913184383,48.47331263424936,2.5479782248907283,2.683542702441488,0.788966178894043,2.2465734481811523,3.2374701499938965,3.703633308410645,3.923110008239746,4.059001922607422,4.153391361236572,4.223474025726318,23
0.8172055470495856,33.37403139009571,29.63121082432544,2.542443958547161,2.967315955166088,0.6114897727966309,1.5871624946594238,2.24129056930542,2.619420528411865,2.8710498809814453,3.063063144683838,3.218940734863281,3.354623794555664,19
0.7967527549012775,51.9497690646588,0.863263046625275,2.760607309741217,2.152701856066515,0.4465115070343017,1.0163440704345703,1.4290289878845217,1.7157363891601562,1.9318289756774905,2.107141494750977,2.2534985542297363,2.378488540649414,18
0.6148047405456153,17.846961367803143,173.48974516185987,2.961373783726643,2.2763922351064743,0.6142110824584961,1.666698932647705,2.333911418914795,2.5851683616638184,2.6630234718322754,2.69082260131836,2.71146821975708,2.730034351348877,0
0.9686604697408157,24.768398545926765,8.897442647030346,2.918453993197687,2.65669645926146,0.588407039642334,1.4432344436645508,2.042210102081299,2.428662776947021,2.706518650054932,2.924184799194336,3.1061081886291504,3.2620925903320312,18
0.4840772225581584,18.747371326247706,4.719773910658931,2.9637624772999915,2.469374783038002,1.002145528793335,2.9563279151916504,4.468073844909668,5.198497772216797,5.520895004272461,5.730436325073242,5.878337860107422,5.987617492675781,6
0.9313325679395974,6.178849762203874,196.7780017832365,2.2470659977799863,2.561192071396285,0.6221959590911865,1.7122323513031006,2.4171793460845947,2.680094003677368,2.743612051010132,2.752968072891236,2.75976300239563,2.766324281692505,1
0.3153698428291143,8.17483899142045,4.9224454706409775,2.2743559874978145,2.522982478831399,1.1635639667510986,3.791197538375856,6.590531349182129,8.687874794006348,9.64586353302002,9.759882926940918,9.762534141540527,9.765185356140137,14
0.8366172266992213,111.9776187610864,162.9785983294498,2.1033951167646463,2.108880542722761,0.1710705757141113,0.2896044254302978,0.4011106491088867,0.5020763874053955,0.5930612087249756,0.6758475303649902,0.7511556148529053,0.8199448585510254,17
0.6706895098784578,7.276252341333437,3.238847760782928,2.814300595738274,2.3588971961155893,1.037510633468628,3.012906789779663,4.46422004699707,5.187736511230469,5.572880744934082,5.859566688537598,6.076030731201172,6.229347229003906,6
0.7084082579001616,10.370365995954446,6.707865515929715,2.1852427996966,2.164088750771475,0.8814260959625244,2.434335708618164,3.428517818450928,3.905003547668457,4.161091327667236,4.333522796630859,4.448956489562988,4.5467915534973145,22
0.6613688313988015,38.3240935059619,1.0083499534730358,2.172441261605909,2.7028302586866486,0.6697866916656494,1.8208940029144287,2.537255048751831,2.8940298557281494,3.105685472488404,3.258429288864136,3.388676404953003,3.4944217205047607,22
0.7218723887074717,100.68102565668492,37.19511514625362,2.408161847914696,2.2036876063142268,0.3077392578125,0.6121766567230225,0.85829758644104,1.0597450733184814,1.2263593673706057,1.368156909942627,1.4903266429901123,1.596186876296997,9
0.8469758986140414,15.41926671334086,3.424925895976918,2.309906394750399,2.9386446711317467,0.7891590595245361,2.2163305282592773,3.155506134033203,3.639866352081299,3.920994758605957,4.121123313903809,4.280799865722656,4.41038990020752,22
0.5144906879668081,154.58858517561592,2.869896300692932,2.0399722964605087,2.915247980123311,0.3758025169372558,0.8258912563323975,1.1510887145996094,1.384610652923584,1.565058708190918,1.713141918182373,1.838785171508789,1.9470696449279783,8
0.6165902273005507,194.59695142161203,1.0793956799715585,2.145795352881071,2.183755631851625,0.2145428657531738,0.3810987472534179,0.5329005718231201,0.668302059173584,0.7887065410614014,0.8984460830688477,0.997438907623291,1.0871024131774902,15
0.4965030554343599,39.875112247018905,0.580266538602866,2.3407278006889816,2.246983292711861,0.7609851360321045,2.1069822311401367,2.961428165435791,3.340847969055176,3.533283233642578,3.6473546028137207,3.746211528778076,3.8274388313293457,22
0.3925315065647901,162.15898208597227,76.2896216569275,2.0644958418043053,2.4616587321896346,0.3647799491882324,0.782569169998169,1.0468134880065918,1.211787462234497,1.3321454524993896,1.4268884658813477,1.5086488723754885,1.5787615776062012,10
0.6847684146912589,156.83445264323072,42.73328345410526,2.6858223652830544,2.2693815348413526,0.2477598190307617,0.4506087303161621,0.6309401988983154,0.7882990837097168,0.927276372909546,1.050657033920288,1.1607425212860107,1.2598469257354736,9
0.4041589962463915,156.7220437073648,11.546701944455616,2.5855310001599867,2.8458388247177004,0.4912991523742676,1.2153165340423584,1.695251703262329,1.9462287425994875,2.1088545322418213,2.2348201274871826,2.3431670665740967,2.432485342025757,18
0.4312951397855589,146.94882406970257,0.7090671935606071,2.4541446741617485,2.465369709117209,0.4466977119445801,1.0441584587097168,1.4320893287658691,1.653972625732422,1.8140735626220703,1.9369568824768064,2.0452709197998047,2.1358509063720703,18
0.8170398358315258,12.248990373559709,215.51024984441523,2.792668904329428,2.962209273317039,0.634577751159668,1.7646207809448242,2.566967487335205,2.915524959564209,3.0283799171447754,3.065113067626953,3.087011337280273,3.1060385704040527,23
0.7560181383725937,14.356442674205573,55.79570900601585,2.8817337922209223,2.5466377020587734,0.7841250896453857,2.1822805404663086,3.1187047958374023,3.593188762664795,3.848465919494629,4.014443874359131,4.124275207519531,4.220951557159424,23
0.9749517570772236,11.35462454074076,11.140644996934528,2.00860291604124,2.4941212333819327,0.6874167919158936,1.7768306732177734,2.444143772125244,2.818311214447021,3.0631914138793945,3.2495694160461426,3.401183605194092,3.530342102050781,22
0.7555502608624356,12.45193669385719,1.5395491742482237,2.9041994876392065,2.4699388567789944,0.8944399356842041,2.484246253967285,3.556982517242432,4.123616695404053,4.454626083374023,4.690164089202881,4.868831634521484,5.013616561889648,22
0.3317730555660109,45.162386080670274,23.434500506962223,2.7768504879219944,2.750578753737336,0.9133780002593994,2.7659406661987305,4.274080753326416,5.012031078338623,5.24942684173584,5.3513689041137695,5.403270721435547,5.438249588012695,7
0.6223217442682936,213.9897824373757,5.40614415170817,2.698553994686687,2.322664116650917,0.2290356159210205,0.4016103744506836,0.5608081817626953,0.7026462554931641,0.8300879001617432,0.9460721015930176,1.0507452487945557,1.1467499732971191,15
0.9473947886371316,187.8768204424304,1.627812451863652,2.562497177387213,2.5288019533824406,0.1815030574798584,0.3162763118743896,0.4472572803497314,0.5749771595001221,0.6948256492614746,0.8077168464660645,0.9147677421569824,1.0151560306549072,15
0.8070762487382155,113.2496250763072,69.49577402269348,2.373758854723103,2.078459558614985,0.2238972187042236,0.4076294898986816,0.574894905090332,0.722297191619873,0.8526794910430908,0.9691588878631592,1.0736703872680664,1.167017698287964,16
0.5092385231235277,67.53026577745823,1.475959110788741,2.7734283324997646,2.1845845783767897,0.5961897373199463,1.5413541793823242,2.130362033843994,2.4269824028015137,2.610137462615967,2.7447800636291504,2.86146879196167,2.958496570587158,18
0.7912983964612438,81.47047013081983,94.23919093177112,2.2572995793418023,2.3793497510229784,0.3076834678649902,0.6104257106781006,0.8551743030548096,1.0554282665252686,1.2200849056243896,1.359635591506958,1.4790284633636477,1.5823397636413574,10
0.5465982592613408,76.89581908775318,12.567974324191182,2.8864198180165763,2.418333071281508,0.5500600337982178,1.388073444366455,1.933736801147461,2.2268853187561035,2.4190540313720703,2.5671777725219727,2.689659595489502,2.793478488922119,18
0.8307037760020108,13.215216344599163,36.6304546422907,2.253668855256221,2.4975883255324125,0.7490541934967041,2.046927690505981,2.867614984512329,3.27719521522522,3.506169557571411,3.666082143783569,3.7817227840423584,3.883294343948364,23
0.8088824340179999,14.288250275458452,30.783358674809897,2.005114100777059,2.3584900535335604,0.7149829864501953,1.9077794551849363,2.629567146301269,2.9796385765075684,3.179314136505127,3.3266162872314453,3.4321365356445312,3.5313520431518555,23
0.904339814428659,10.826553200575054,11.420571562794724,2.265613794152884,2.684452537930974,0.7873654365539551,2.1545193195343018,3.0294759273529053,3.482777833938598,3.7582204341888414,3.95220160484314,4.102900505065918,4.23323917388916,22
0.5666412580995837,115.4040567537309,1.3167615658614922,2.264964236315729,2.0193060230522755,0.3465797901153564,0.7220661640167236,0.9947190284729004,1.1953229904174805,1.3531956672668457,1.482222557067871,1.5913169384002686,1.6868305206298828,8
0.8466014144850833,8.962594880652913,0.6031180861571186,2.886510603413581,2.295904608327308,0.87052321434021,2.3441882133483887,3.305337905883789,3.8354663848876953,4.180365085601807,4.428020000457764,4.619099140167236,4.767647743225098,22
0.5302827721610661,13.383700036711923,15.631131459905912,2.677982074270489,2.0408516991288668,0.9196445941925048,2.6146717071533203,3.783442497253418,4.321188926696777,4.594725608825684,4.780218601226807,4.891198635101318,4.9738640785217285,22
0.6730762370711874,52.23215219634727,234.3262124457967,2.006984084872196,2.4802701794346014,0.349956750869751,0.7396647930145264,0.9932165145874025,1.1475534439086914,1.254488468170166,1.3353281021118164,1.3991639614105225,1.4507012367248535,10
0.8926940301883901,92.29172377079664,5.92752865407227,2.0720186927008464,2.8163921367049345,0.2973110675811767,0.5895285606384277,0.848731517791748,1.0746736526489258,1.2703843116760254,1.4417767524719238,1.5921730995178225,1.7261569499969482,9
0.4374158063123746,9.190250901959793,14.84934290618142,2.9458410659691574,2.975453050224276,1.1700806617736816,3.7300291061401367,6.26683521270752,7.943855285644531,8.622431755065918,8.747673988342285,8.796029090881348,8.842123031616211,14
0.5594967046840925,68.00382181696088,17.113116523991472,2.296145093709904,2.058767260437518,0.4989559650421142,1.2029354572296145,1.6326851844787598,1.8689286708831787,2.0297000408172607,2.156889200210572,2.2640979290008545,2.3548195362091064,19
0.9163214396356244,30.584957263523165,250.3880933121238,2.746122396914448,2.813628128369695,0.414302110671997,0.9239435195922852,1.2871482372283936,1.5227038860321045,1.6844685077667236,1.8041636943817136,1.8969614505767824,1.9725205898284912,20
0.4925487063592522,131.14880549210164,43.66744004477695,2.117998768437645,2.834333569681622,0.4165627956390381,0.964630365371704,1.333539962768555,1.566432237625122,1.7330563068389893,1.8695075511932373,1.98080849647522,2.0748326778411865,19
0.5941420671386874,68.33431942394539,11.79369131250407,2.8802078200993018,2.0295753826227787,0.479102611541748,1.1404500007629397,1.5743188858032229,1.833573341369629,2.0159153938293457,2.161883354187012,2.28173828125,2.3876852989196777,18
0.991589291095752,11.521613804811034,2.6644800327115306,2.754372716530409,2.68069315528633,0.7504665851593018,1.975684642791748,2.7799854278564453,3.24820327758789,3.561033248901367,3.795292854309082,3.987451076507568,4.147117614746094,22
0.3738769335122713,46.93753010558531,0.9841807051439252,2.8116517321751826,2.768889291956732,0.9156904220581056,2.7397592067718506,4.167704582214356,4.857874870300293,5.1197509765625,5.254254341125488,5.3298444747924805,5.388970375061035,5
0.4998130785020201,75.73458279846963,4.364330578352193,2.7016656704371864,2.2456420557155856,0.5759081840515137,1.4794228076934814,2.0426366329193115,2.3256609439849854,2.4986917972564697,2.6353189945220947,2.7423765659332275,2.8427178859710693,18
0.8462783176263062,6.770301191345844,5.605350316519652,2.779043866912016,2.381995333324324,0.9383928775787354,2.608948230743408,3.732583522796631,4.32980489730835,4.686324119567871,4.946951389312744,5.143378257751465,5.299507141113281,6
0.5678425295317648,148.0095580442388,6.343327058773725,2.1639256850538584,2.5723233019092304,0.3387658596038818,0.6942150592803955,0.9659185409545898,1.1784327030181885,1.3502662181854248,1.4941763877868652,1.6170167922973633,1.722684621810913,9
0.9334384648135404,106.53414843750852,1.1379871602851828,2.674927163880938,2.443036967460522,0.2678956985473633,0.5101101398468018,0.7332367897033691,0.933178186416626,1.1113684177398682,1.2708537578582764,1.4137039184570312,1.541987419128418,8
0.6573152090490166,6.131875410366329,11.116867518640372,2.7170106377649343,2.320972574645836,1.0482661724090576,3.091048002243042,4.656028747558594,5.432419776916504,5.803722381591797,6.055142402648926,6.247648239135742,6.378060340881348,6
0.6892267594056798,36.27148071720067,16.387900905744488,2.5259574582615896,2.42128047598174,0.6323175430297852,1.645975112915039,2.2823939323425293,2.6179141998291016,2.829095363616944,2.9917454719543457,3.121966361999512,3.231795310974121,19
0.4209187742999847,13.149137443806517,8.573862567770686,2.596938121582607,2.819312390910432,1.118572235107422,3.5240581035614014,5.804103851318359,7.192843437194824,7.690228462219238,7.795278549194336,7.8439788818359375,7.884250640869141,6
0.4899586092260186,173.62873143657515,2.752288021516283,2.0440027989573544,2.834669519624508,0.3540306091308594,0.753974199295044,1.0462288856506348,1.262488842010498,1.4336352348327637,1.573760986328125,1.6934964656829834,1.797966480255127,8
0.7423565303234876,8.190155515340058,0.7068242346425936,2.009634425894561,2.563236843753467,0.955164670944214,2.795874118804932,4.099206447601318,4.706062316894531,4.985063076019287,5.163763999938965,5.284662246704102,5.3902997970581055,5
0.6211486912848896,82.59880157540383,0.604764563285764,2.4199787458604103,2.0454643447786047,0.4073636531829834,0.9032974243164062,1.2474377155303955,1.4806361198425293,1.6552917957305908,1.8003137111663818,1.9186265468597408,2.0209572315216064,18
0.8575540387497245,7.682593480223296,1.6590159724132496,2.5517047827050825,2.7560314347864114,0.9445631504058838,2.7100658416748047,3.943732738494873,4.574527740478516,4.918081760406494,5.157932758331299,5.343625068664551,5.491780281066895,5
0.6644507371692271,38.76468188403654,33.71819558226019,2.5193667071105588,2.8815932957086425,0.6738162040710449,1.8539237976074217,2.6335654258728027,3.020591735839844,3.237639904022217,3.396047115325928,3.518667697906494,3.627023220062256,23
0.8676181788922614,17.626705995458725,5.748740838672187,2.2755279321774045,2.425545631926747,0.6811642646789551,1.7607834339141846,2.4302103519439697,2.802638292312622,3.048515558242798,3.2313826084136963,3.379591226577759,3.50878643989563,22
0.3373384422779971,22.51744022789512,33.30929302164796,2.8394496890042777,2.980642108546219,1.0489439964294434,3.285292863845825,5.372768402099609,6.640336036682129,7.028112411499023,7.093112945556641,7.132899284362793,7.160320281982422,7
0.4401879775686423,74.75475087584894,3.3037617465194646,2.77511370977118,2.093445804089157,0.5974736213684082,1.555064678192139,2.1331377029418945,2.409883499145508,2.576090335845948,2.6935739517211914,2.7957420349121094,2.882028102874756,18
0.7754008460381081,32.874727004018595,120.3761557704363,2.7942058863129824,2.503252049097668,0.5254600048065186,1.3019795417785645,1.82118558883667,2.108212471008301,2.289433002471924,2.423559665679932,2.533080577850342,2.621969699859619,20
0.6764997830530655,22.72170308558609,4.447621211993047,2.8634698273761248,2.1010067405559263,0.7355537414550781,1.939924955368042,2.6953909397125244,3.1032426357269287,3.352403402328491,3.5354578495025635,3.6727468967437744,3.787441492080689,22
0.4024138923766125,39.69665885742979,26.397149957147768,2.4670585807110985,2.9563239892655164,0.8874225616455078,2.706799030303955,4.164505958557129,4.874972820281982,5.09972095489502,5.191662311553955,5.243757724761963,5.282317638397217,7
0.8771403238372921,57.698968797910354,124.2890418206755,2.1440661124651896,2.604752058262448,0.3320128917694092,0.6825685501098633,0.9594957828521729,1.1795802116394043,1.3561711311340332,1.5037286281585691,1.627781867980957,1.7336666584014893,10
0.9189913143826732,13.76084528686334,0.5960735923347622,2.417329779006644,2.8575334393112737,0.7623453140258789,2.0733139514923096,2.922435998916626,3.384538412094116,3.677445650100708,3.8917853832244873,4.065878868103027,4.212088584899902,22
0.9289649800047994,87.2429465725839,1.5091768676960564,2.074654265542884,2.3861429831745005,0.2672173976898193,0.5179386138916016,0.7443454265594482,0.943946123123169,1.118765354156494,1.2738251686096191,1.411062240600586,1.5328853130340576,8
0.9700032149892226,48.0837653087661,2.5073364806653435,2.0385869532652654,2.726549768974661,0.3868227005004883,0.8318562507629395,1.1890745162963867,1.4738445281982422,1.7048218250274658,1.897782325744629,2.061666488647461,2.204371452331543,8
0.6808310687334796,66.73952344783149,110.25380603056298,2.089948591222282,2.6750556463718382,0.4084165096282959,0.9243659973144532,1.2791790962219238,1.5125927925109863,1.6827383041381836,1.8169407844543457,1.9258511066436768,2.021403551101685,20
0.3194802191838121,72.96277524316977,22.060377969006232,2.3120165908638315,2.5377323726576178,0.7475631237030029,2.1611714363098145,3.1407718658447266,3.5335402488708496,3.651736736297608,3.713703155517578,3.764188766479492,3.8087968826293945,23
0.8455774501139575,17.258828726371085,0.7022360046068626,2.024431724448085,2.51676221606878,0.7027115821838379,1.8614897727966309,2.5676231384277344,2.942337989807129,3.1776275634765625,3.35581636428833,3.49719762802124,3.615609645843506,22
0.9561466937743466,34.488761965478915,13.51970123279575,2.113393454283723,2.4175153450977587,0.4429330825805664,0.9909782409667968,1.3924243450164795,1.686551809310913,1.9133071899414065,2.097474813461304,2.2515709400177,2.383678674697876,18
0.8659432559056361,9.834771556830855,28.55104416737328,2.706845963733601,2.0528831642588927,0.7355444431304932,1.9086081981658936,2.640387296676636,3.046837568283081,3.30525279045105,3.484140634536743,3.628223180770874,3.7379519939422607,23
0.4726087686921145,62.55652282579173,16.713275778561172,2.224260000496238,2.102834284408038,0.5917491912841797,1.5294530391693115,2.070897102355957,2.3143205642700195,2.4525861740112305,2.5612668991088867,2.6541967391967773,2.729099750518799,19
0.4938717361432151,11.045295438373456,0.6195792021673424,2.251707003833725,2.420784566675688,1.0587172508239746,3.2211124897003174,5.00716495513916,5.935114860534668,6.255693435668945,6.393983840942383,6.48529052734375,6.559453964233398,5
0.4612525781413772,25.496071321259144,1.957135476530269,2.1870559118073523,2.8914588552019267,0.9607698917388916,2.946122169494629,4.561594009399414,5.341324806213379,5.595179557800293,5.705685615539551,5.77813196182251,5.83420991897583,6
0.5963136591717895,20.895723346989502,4.501851099567585,2.4237046649415843,2.9697243639209265,0.9213976860046388,2.7580502033233643,4.139439582824707,4.8093461990356445,5.088356018066406,5.25331974029541,5.3597259521484375,5.447198867797852,6
0.9677460752205552,56.72901690847327,1.448986755453907,2.6810893159367986,2.0646717759780246,0.3284211158752441,0.6803176403045654,0.9752018451690674,1.2194969654083252,1.4213247299194336,1.5928168296813965,1.7405848503112793,1.86968994140625,8
0.3537054791928564,23.206609584209826,58.45422278336998,2.2545493652455035,2.71084536659803,0.9173784255981444,2.8315179347991943,4.464325904846191,5.284215927124023,5.459880828857422,5.494071960449219,5.506669044494629,5.514817237854004,7
0.7353151505688365,7.030126763036118,3.80275975936181,2.5947839289553407,2.3551023324907394,0.9945778846740724,2.8407299518585205,4.142092704772949,4.781244277954102,5.144506454467773,5.395585060119629,5.575409889221191,5.718513488769531,6
0.998388926228284,125.50610729652556,262.6663661007513,2.0550553275970818,2.7669675683129484,0.148810863494873,0.2429368495941162,0.335604190826416,0.4235799312591553,0.5052392482757568,0.5821952819824219,0.6539912223815918,0.7212588787078857,17
0.9119783800199672,173.30650671748114,150.27742182091407,2.251111550015948,2.009445576438581,0.1198821067810058,0.1949284076690673,0.2661411762237549,0.3337633609771728,0.3997738361358642,0.4616851806640625,0.5203828811645508,0.5758874416351318,2
0.3174479435762035,10.457771659186916,47.77618555025496,2.0774039781826263,2.905312095795775,1.0384716987609863,3.3578765392303467,5.727777481079102,7.388479232788086,8.018136978149414,8.033716201782227,8.033910751342773,8.03412914276123,14
0.532903742487892,144.79578885725843,4.52234234834146,2.077165796197745,2.662070252994656,0.3684055805206299,0.7906155586242676,1.09436297416687,1.3160617351531982,1.4891047477722168,1.6325185298919678,1.7526905536651611,1.8548576831817627,8
0.4370391547864489,22.752475610631432,20.083015872671503,2.533692743090021,2.197628826467592,0.9009263515472412,2.617671489715576,3.856643676757813,4.400904655456543,4.614991664886475,4.743915557861328,4.819317817687988,4.865532875061035,23
0.7807172094469773,10.816812234391584,19.389366125976,2.057594772449836,2.7090835235355986,0.8548319339752197,2.4639699459075928,3.554957628250122,4.060532569885254,4.30564022064209,4.456214904785156,4.571567535400391,4.65384578704834,23
0.5251062135122664,79.0862411467588,145.8998460594739,2.1683441040088938,2.1254971774965257,0.3714532852172851,0.8017706871032715,1.0671184062957764,1.217357158660889,1.324657917022705,1.4083960056304932,1.4755678176879885,1.5306520462036133,10
0.4255646322837969,109.68769897792254,17.007242476744906,2.969034298082555,2.706636098323225,0.5865392684936523,1.5517916679382324,2.19465446472168,2.501502513885498,2.67393159866333,2.798685073852539,2.9059648513793945,2.997218132019043,19
0.5519402295643393,64.25502409316391,1.3775538112582746,2.883277323879804,2.282895145311431,0.5893218517303467,1.5127501487731934,2.098297119140625,2.4105443954467773,2.6072397232055664,2.7578511238098145,2.8827710151672363,2.9878711700439453,18
0.6942905183012902,25.044774879487857,19.46697958045171,2.54450057383755,2.3064117364055314,0.7021253108978271,1.864457607269287,2.586928367614746,2.9599051475524902,3.179826736450196,3.3329553604125977,3.457852840423584,3.557938575744629,23
0.7691814425460519,90.39440489092274,230.1617957692784,2.022305518258441,2.314811228828741,0.2127747535705566,0.364797830581665,0.495762825012207,0.6083424091339111,0.705601692199707,0.7904512882232666,0.8658058643341064,0.9324495792388916,17
0.6377286062909695,16.028488514294605,1.702955812516134,2.71854542082329,2.75584267427093,0.9615933895111084,2.8192646503448486,4.193403244018555,4.874987602233887,5.205650329589844,5.40990161895752,5.566247940063477,5.6766767501831055,5
0.8509107379854062,37.987522883576446,5.26323806397283,2.496849581584116,2.198077345852356,0.4887874126434326,1.1382107734680176,1.5891242027282717,1.8906035423278809,2.1142687797546387,2.292989730834961,2.4415717124938965,2.5683393478393555,18
0.4177889184157364,125.90921716073456,2.5433970730722377,2.4227014358188907,2.770595093036357,0.54282546043396,1.411534309387207,1.970479249954224,2.237290620803833,2.3980519771575928,2.520277738571167,2.625740766525269,2.714914083480835,18
0.388285346868645,7.035084942748803,15.843037824150384,2.849411672622828,2.609047424609763,1.1637051105499268,3.716167688369751,6.326639175415039,8.127279281616211,8.882607460021973,8.96290111541748,8.971596717834473,8.988250732421875,14
0.8914081231200048,25.46925038944873,263.1321326345353,2.0807327730507104,2.9111568149812026,0.4036238193511963,0.9345626831054688,1.2943317890167236,1.504428148269653,1.6374452114105225,1.7311251163482666,1.8029379844665527,1.8598699569702148,20
0.5479946046917135,34.60530331816313,63.22110270686009,2.902659871563808,2.507219409368379,0.7236611843109131,2.027625560760498,2.904680252075196,3.3136019706726074,3.507138252258301,3.6218957901000977,3.700908660888672,3.768956661224365,23
0.6755864193750287,53.40271604754676,20.45142924180547,2.134973339817312,2.5600149641199903,0.5360167026519775,1.337796688079834,1.8465118408203125,2.136307954788208,2.333934545516968,2.4886152744293213,2.6177146434783936,2.7268307209014893,19
0.463780280055988,172.58887786377062,40.15586022476125,2.3659081226214504,2.753808105252747,0.3742525577545166,0.7991523742675781,1.097757339477539,1.3093645572662354,1.472832202911377,1.6064295768737793,1.7184710502624512,1.8144474029541016,9
0.999693345011882,25.25478269322402,111.02013315163572,2.373525523770847,2.5319342488844803,0.4516756534576416,1.0377187728881836,1.455986261367798,1.7389075756072998,1.9461658000946045,2.1085054874420166,2.240534543991089,2.3517539501190186,20
0.6661721296109719,45.1127599463256,14.919547413418009,2.648910097236796,2.6561828023379483,0.6327793598175049,1.6648755073547363,2.3360724449157715,2.6903791427612305,2.9126453399658203,3.081051826477051,3.217834949493408,3.3331198692321777,19
0.9539320078544896,45.84531781003636,22.619695140683653,2.628911485367289,2.638823292864501,0.4368834495544433,0.9684460163116456,1.3788938522338867,1.689131736755371,1.9313883781433103,2.129838466644287,2.297118186950684,2.441262722015381,19
0.8080165820705656,197.2061667660968,82.61022402139677,2.8891834047044544,2.432298717828695,0.1829075813293457,0.3037812709808349,0.4235527515411377,0.5357658863067627,0.6402812004089355,0.7374453544616699,0.8288998603820801,0.91438889503479,16
0.664649142404864,6.611422240398976,0.6381871007414647,2.495355351083639,2.068693684455876,1.007845163345337,2.877985000610352,4.19087028503418,4.838936805725098,5.198985576629639,5.451399803161621,5.628267765045166,5.761586666107178,5
0.423104335532975,26.39711155211007,18.60119487963444,2.2733097335964096,2.0680495326585926,0.8498835563659668,2.421412229537964,3.484426736831665,3.93091893196106,4.105247497558594,4.199836730957031,4.256709098815918,4.301022529602051,23
0.6239298664566035,54.61257629285268,1.5193564203605072,2.928736491089362,2.8037483246668486,0.6538906097412109,1.7411799430847168,2.4680662155151367,2.85587215423584,3.092318534851074,3.2690768241882324,3.411579132080078,3.535287857055664,22
0.7593322162878189,15.275119909358711,1.857743796517624,2.193492823929806,2.571991214417149,0.8216052055358887,2.295278549194336,3.2453484535217285,3.7080116271972656,3.959531784057617,4.133790016174316,4.261489868164063,4.377814292907715,22
0.5928873480629162,117.43070877488113,41.00420369350162,2.9931527235619573,2.695571115851111,0.4238762855529785,0.9367947578430176,1.3139410018920898,1.5791096687316897,1.7790675163269043,1.9412841796875,2.0771608352661133,2.1942591667175293,19
0.5545272828648535,6.259094622604765,1.3814313522764894,2.776597527015043,2.121284303924257,1.0882933139801023,3.26389217376709,5.045535087585449,5.997410774230957,6.393811225891113,6.639518737792969,6.851320266723633,6.999086380004883,5
0.6978562515650818,15.387331243587862,12.138716572148986,2.788060351515544,2.9573304573872328,0.927544355392456,2.7231740951538086,4.048823356628418,4.720178604125977,5.054540634155273,5.261483192443848,5.410850524902344,5.524872779846191,6
0.6912015495130701,196.67036658827428,1.904811534668038,2.7225786958405065,2.6099559289771053,0.2474851608276367,0.4431679248809814,0.6247506141662598,0.78800368309021,0.9350266456604004,1.069037914276123,1.190394639968872,1.301296949386597,8
0.8846682586826768,22.05354472713949,6.850483735546492,2.1752775739925623,2.041187568248859,0.5495831966400146,1.311344861984253,1.7956843376159668,2.094798803329468,2.308532953262329,2.4775478839874268,2.618062734603882,2.7370717525482178,18
0.6972019406919824,28.637987767093545,1.173544629328116,2.9967052929390325,2.6976059526109983,0.7695715427398682,2.11989688873291,3.0243115425109863,3.5037312507629395,3.784841060638428,3.982752799987793,4.135788440704346,4.27073335647583,22
0.9100728758389138,23.70743480460715,65.76542589809765,2.859247982591387,2.309077820725282,0.5383322238922119,1.3124563694000244,1.8408496379852293,2.1653707027435303,2.388995409011841,2.563018560409546,2.70522141456604,2.821887254714966,20
0.8980858250035353,28.98623848677771,188.48283299887683,2.442431055090504,2.1600757789811404,0.3680622577667236,0.7910840511322021,1.0827314853668213,1.2718088626861572,1.4055509567260742,1.5084588527679443,1.5890851020812988,1.6524133682250977,10
0.9478103870195388,57.31092487048962,249.838831122918,2.400749031648821,2.331667123628885,0.2411096096038818,0.4305164813995361,0.5897934436798096,0.723872184753418,0.8374090194702148,0.9348273277282716,1.0188887119293213,1.09195876121521,17
0.9117191467534498,12.48837085758175,7.8333289848172765,2.8877785998580285,2.800491410563512,0.8041620254516602,2.1910600662231445,3.1172332763671875,3.635173320770264,3.959297180175781,4.196893692016602,4.385095596313477,4.537124156951904,22
0.793640823663291,85.22386900517134,10.52581982031844,2.7204805838167565,2.6218132669339256,0.3834578990936279,0.811631441116333,1.1519620418548584,1.421776533126831,1.6396973133087158,1.8217675685882568,1.9766504764556885,2.110245943069458,9
0.4855006689339115,63.74885456097839,1.851271741932634,2.8567584617278,2.2733519982789736,0.6480453014373779,1.726921796798706,2.4065754413604736,2.739243745803833,2.9285542964935303,3.062744379043579,3.173771619796753,3.2704126834869385,22
0.3166867259184521,124.92536962605745,68.51821498539947,2.8323319198278227,2.8349137370433595,0.5981335639953613,1.6455285549163818,2.364054918289185,2.64764142036438,2.75651478767395,2.82776951789856,2.8891842365264893,2.943918943405152,23
0.3154415041581609,18.241974382420725,2.696472980418902,2.351174946018113,2.5332658639031687,1.0911171436309814,3.443371295928955,5.674219131469727,7.0634355545043945,7.530611038208008,7.581921577453613,7.601630210876465,7.616189956665039,6
0.9016451114805512,27.03443526692555,2.884740660885044,2.5795154702810605,2.3936974105488367,0.5703606605529785,1.390599489212036,1.940942525863648,2.2889716625213623,2.536092519760132,2.7323362827301025,2.894471883773804,3.032824754714966,18
0.7344074278654027,84.02670252513091,2.9807586436142333,2.442572084618221,2.3159947582338214,0.3818590641021728,0.8163926601409912,1.1467409133911133,1.3978137969970703,1.5958571434020996,1.7603397369384766,1.899573802947998,2.018631935119629,8
0.3658167851831606,66.70133560966084,157.70298003447132,2.313703509286129,2.887677770725938,0.6046221256256104,1.716808795928955,2.48924207687378,2.7514896392822266,2.800000667572021,2.8273963928222656,2.8529534339904785,2.8765997886657715,0
0.7731716963233222,9.03955505873827,0.6580023905715783,2.70974461115202,2.407180065369345,0.9388320446014404,2.6265885829925537,3.766885995864868,4.352736473083496,4.698873519897461,4.941767692565918,5.123108863830566,5.262172698974609,5
0.983854033102725,84.67237240126346,15.38524055276767,2.236665499619364,2.7459041061573988,0.279799222946167,0.5432050228118896,0.7845597267150879,0.999859094619751,1.1899795532226562,1.3590881824493408,1.5093986988067627,1.6435747146606443,9
0.6724535953447743,6.202526890444646,9.547733160149413,2.117168466790301,2.6270474629267024,1.0370962619781494,3.1646225452423096,4.866842269897461,5.720046043395996,6.047872543334961,6.219294548034668,6.32091236114502,6.402468681335449,6
0.7958499280767573,6.203879826190968,5.912430439473298,2.6882107154682444,2.2128378610694748,0.9562835693359376,2.6570937633514404,3.7966387271881104,4.383248329162598,4.741974830627441,5.003466606140137,5.192044258117676,5.342510223388672,6
0.5223419827266729,20.52889241669648,20.83931301477209,2.1602231028155425,2.3150898009221184,0.8640584945678711,2.498239755630493,3.6284120082855225,4.114475250244141,4.309988975524902,4.407364845275879,4.474396705627441,4.531383514404297,23
0.7746390072886957,13.082357298175456,88.30897377645307,2.528589619403144,2.1688762301174247,0.6680281162261963,1.7772455215454102,2.461174488067627,2.7831711769104004,2.9516162872314453,3.05419921875,3.127523899078369,3.1856436729431152,23
0.5069966207741565,25.3678625521277,20.62766689119368,2.3956702076362903,2.074038208989291,0.8000819683074951,2.215810060501098,3.1289737224578857,3.535764455795288,3.724454641342163,3.844366788864136,3.925400972366333,3.982952833175659,23
0.6766708791531547,14.67681846739758,3.1933799477583427,2.976358225519382,2.352909497621997,0.8973178863525391,2.5016794204711914,3.58681058883667,4.14335823059082,4.471206665039063,4.695796012878418,4.867984294891357,4.99470853805542,22
0.7965624182188038,6.082242104288935,190.6019443984359,2.285065771250068,2.875173143219831,0.712385892868042,2.09834361076355,3.12636399269104,3.545627355575561,3.616028070449829,3.616248369216919,3.6162402629852295,3.6163737773895264,23
0.6118274164154673,25.294183142185087,53.88998135881769,2.616336698651512,2.421642928149557,0.7345690727233887,2.038481473922729,2.8866302967071533,3.281401395797729,3.475642442703247,3.5920512676239014,3.675302267074585,3.751243829727173,23
0.9958794658856822,8.277136040782008,205.9143469757196,2.164192576076484,2.0893117160844064,0.4724562168121338,1.1387834548950195,1.5261116027832031,1.67765474319458,1.7382917404174805,1.772284984588623,1.796374797821045,1.8152134418487549,1
0.6182068341145845,16.66274087803898,102.45671098664974,2.098817998687496,2.994649882004567,0.7672028541564941,2.306631326675415,3.4479658603668213,3.94193959236145,4.082928657531738,4.128131866455078,4.15631103515625,4.180734634399414,23
0.9086210396177332,11.303071718348525,7.175887071981208,2.8812257399480528,2.977899540420577,0.8500862121582031,2.3748159408569336,3.41892147064209,3.990142822265625,4.334456443786621,4.586291313171387,4.777469635009766,4.933919429779053,22
0.4224795365817471,18.14842644198943,181.47709953944167,2.6030794297643443,2.177337340433496,0.6330137252807617,1.754443883895874,2.473074197769165,2.6708872318267822,2.685266256332397,2.686103582382202,2.68674111366272,2.687441110610962,0
0.998591844695628,6.476678815793095,84.29117887249348,2.6374592304529263,2.607798006738,0.7457084655761719,2.03920316696167,2.893712043762207,3.3366565704345703,3.5831775665283203,3.7394919395446777,3.85076904296875,3.937732696533203,23
0.563978682169664,6.29850863599724,0.8731616416874548,2.435801223441072,2.8789049751373623,1.162494421005249,3.670043468475342,6.032962322235107,7.448692798614502,8.014898300170898,8.198812484741211,8.315149307250977,8.405782699584961,13
0.5527503987812723,16.34207503427009,10.68517900665715,2.5578522436727726,2.9363071779913987,1.0016982555389404,3.0443902015686035,4.697285175323486,5.530153274536133,5.848559379577637,6.014874458312988,6.121777534484863,6.193240165710449,6
0.7462794867405143,31.85018273967269,221.6593736214544,2.739891177276587,2.3256732088416907,0.4282441139221191,0.9854166507720948,1.3433215618133545,1.5240132808685305,1.6284911632537842,1.7041771411895752,1.7635009288787842,1.81172776222229,20
0.555366528865894,37.80076861228912,117.73959894417256,2.741475251567218,2.1746550482770792,0.5593359470367432,1.4458606243133545,1.981261968612671,2.209517240524292,2.318830728530884,2.3915140628814697,2.457019567489624,2.513982057571411,0
0.975251607095032,10.869882374827032,49.63313195733439,2.2585497037262643,2.044152823084092,0.6045010089874268,1.4914517402648926,2.0415546894073486,2.354746103286743,2.5622870922088623,2.7170569896698,2.84367299079895,2.94537091255188,19
0.3383991376570722,141.91000820246694,0.5201610294140326,2.406516678051508,2.9405180553703683,0.5960919857025146,1.6518995761871338,2.357668161392212,2.651304006576538,2.7887203693389893,2.8859851360321045,2.967238664627075,3.038707971572876,22
0.4730498992662592,48.41200521673609,1.1224617618522874,2.0322410963901083,2.0577286859156403,0.6776392459869385,1.806448459625244,2.462247371673584,2.742608070373535,2.887906551361084,2.988663673400879,3.078636646270752,3.151092529296875,22
0.851371203652991,10.043011107554602,0.8793058406113594,2.04624067575524,2.901321766632139,0.8536257743835449,2.464203357696533,3.5497446060180664,4.072326183319092,4.349029541015625,4.5368170738220215,4.674830913543701,4.799177646636963,22
0.8269260742620199,26.42104087909156,4.623549277176678,2.908194128009346,2.762374728434353,0.6888506412506104,1.8132147789001465,2.566514015197754,2.997596740722656,3.276885986328125,3.4867820739746094,3.660327911376953,3.8095006942749023,22
0.4777462793977169,76.85072142835716,46.05418292636288,2.085655724255776,2.345560404248296,0.527482271194458,1.3420031070709229,1.8151891231536863,2.0303242206573486,2.158347845077514,2.2619454860687256,2.34680438041687,2.4197027683258057,19
0.5838502168370452,214.88815462647744,19.990694460427346,2.301971417910922,2.4737029413966924,0.2295253276824951,0.4032466411590576,0.561225414276123,0.7006492614746094,0.8254647254943848,0.9378340244293212,1.0392663478851318,1.131767511367798,15
0.605601039023566,148.91950889250398,59.02399638372777,2.180937168156756,2.832298306163809,0.3083090782165527,0.60953688621521,0.8507359027862549,1.0495316982269287,1.21453857421875,1.3559157848358154,1.477825164794922,1.584153413772583,10
0.6949726039495758,125.32777998631477,2.5415169517144136,2.787209995507824,2.2498934659550893,0.3102023601531982,0.6153254508972168,0.8671717643737793,1.0775892734527588,1.2538118362426758,1.4057307243347168,1.536633014678955,1.6527128219604492,8
0.752847734664096,9.58551173690994,20.65850408696921,2.1291320224555,2.963214322961928,0.9196350574493408,2.7531402111053467,4.125181198120117,4.775689125061035,5.052330017089844,5.205944061279297,5.31749153137207,5.399783134460449,7
0.4915562925146122,188.4201363582549,156.51139937322552,2.2759478764898384,2.103501387917272,0.1925370693206787,0.2993559837341308,0.3942685127258301,0.4764614105224609,0.5488274097442627,0.6143739223480225,0.6733567714691162,0.7271456718444824,17
0.852443118990696,144.51131164730904,3.131866615947143,2.6292012257541133,2.9414523237337065,0.2775390148162842,0.515082836151123,0.7372112274169922,0.938042163848877,1.118718147277832,1.282257318496704,1.4297962188720703,1.5629658699035645,8
0.4430718440716289,9.685514319952924,26.00346173706804,2.7330682733499265,2.0913191116465555,1.0000650882720947,2.9926187992095947,4.626090049743652,5.457508087158203,5.715832710266113,5.843201637268066,5.920387268066406,5.957549095153809,7
0.3120322157843697,31.457631200892223,8.452976870386921,2.1057424958255613,2.860306409080111,0.990839958190918,3.124695062637329,5.043135643005371,6.114993095397949,6.391892433166504,6.429814338684082,6.451583862304688,6.4695892333984375,6
0.3425349998910287,7.845011059995472,3.8683949496678585,2.2363813738373355,2.6374109080436865,1.1697039604187012,3.8302526473999023,6.6781392097473145,8.804555892944336,9.799528121948242,9.951948165893556,9.955890655517578,9.959602355957031,14
0.4284053641944698,12.577790573314276,24.50057250040938,2.028900800087136,2.483854263718388,0.997889518737793,3.090602397918701,4.890448570251465,5.841331005096436,6.090753078460693,6.13162088394165,6.1529316902160645,6.1682610511779785,7
0.4676008147722824,15.142115957640298,18.00279034517884,2.0042715802276936,2.463795469376081,0.9656031131744384,2.929517269134521,4.504604816436768,5.239621639251709,5.442903995513916,5.517820358276367,5.564723014831543,5.599578857421875,6
0.3354701024307442,82.54927291357875,76.57210277643064,2.794763489544775,2.768581610892437,0.68153977394104,1.952253818511963,2.852902889251709,3.2250123023986816,3.3452582359313965,3.4025697708129883,3.4487123489379883,3.4907150268554688,23
0.5708312528094786,12.149907813815185,4.33089606518317,2.679482949420064,2.754330349736997,1.056164026260376,3.197700023651123,4.944221019744873,5.843466281890869,6.210507869720459,6.417593479156494,6.562835216522217,6.67504358291626,6
0.8603053105201628,20.2101898570646,0.7010653688491038,2.4268214993086192,2.045051225817667,0.6049506664276123,1.4824254512786863,2.0358126163482666,2.3680732250213623,2.595997095108032,2.773847341537476,2.921644449234009,3.048013925552368,18
0.4220277527642744,7.726794766349518,31.6757389251598,2.555123268292548,2.0964186876914144,1.008697748184204,3.062112808227539,4.846987724304199,5.825852394104004,6.085494995117188,6.156101226806641,6.195923805236816,6.213022232055664,7
0.4395451848200035,8.114555307258849,135.2566826504871,2.756900955960632,2.888309870811172,0.8973019123077393,2.767740726470948,4.4405517578125,5.367332458496094,5.572136878967285,5.604927062988281,5.606204986572266,5.606294631958008,7
0.8020097797009171,8.64027068877723,5.087505447311425,2.6930643398435343,2.427023155779278,0.9185492992401124,2.554959535598755,3.6522276401519775,4.217695236206055,4.555998802185059,4.792189598083496,4.962830543518066,5.109155654907227,6
0.3078273360341969,6.354970957103732,7.467285310220145,2.8250950021774344,2.9545862712097155,1.2535698413848877,4.140995979309082,7.404597282409668,10.096253395080566,11.645544052124023,11.814593315124512,11.8167142868042,11.818700790405272,14
0.7255108845803635,119.32873845153958,2.2403104317447786,2.17893438614232,2.7134865342692907,0.3181078433990478,0.6386880874633789,0.9057888984680176,1.1298584938049316,1.3181774616241455,1.4805569648742676,1.6205060482025146,1.7442374229431152,8
0.3542872374105539,16.25169970694627,49.09957007057673,2.152243566451176,2.0394955257449827,0.8788402080535889,2.593743085861206,3.9019854068756095,4.441592216491699,4.5492143630981445,4.58543586730957,4.599376678466797,4.609230041503906,23
0.639712420405514,18.6483155603894,0.7464039009876715,2.497938999016878,2.88690215518198,0.924290895462036,2.7257275581359863,4.047255039215088,4.69404935836792,4.989678382873535,5.1783976554870605,5.304173469543457,5.416865825653076,5
0.6156801751635173,39.397249229443645,5.3209144946355424,2.535518430870803,2.3112836697105346,0.6738433837890625,1.7875704765319824,2.482071876525879,2.8294239044189453,3.035830497741699,3.1899962425231934,3.307422637939453,3.415623188018799,22
0.9564128689032738,23.04629919189584,2.236357299769237,2.338914979827917,2.5681719983184728,0.5829555988311768,1.4312448501586914,1.9957752227783203,2.354796886444092,2.610946655273437,2.814633846282959,2.982717990875244,3.1263651847839355,18
0.9319919296432636,79.81974175015125,26.439858462674657,2.865429891168419,2.9536109123269783,0.3671412467956543,0.7486085891723633,1.074312448501587,1.3499906063079834,1.583590745925903,1.783233880996704,1.955482721328736,2.10591721534729,9
0.763300461784657,20.34241268404533,38.32123526887722,2.5374117030067165,2.654284424049444,0.7281064987182617,1.9985427856445312,2.823620319366455,3.240496635437012,3.4747061729431152,3.638225555419922,3.760485172271729,3.867008209228516,23
0.4620336384762503,9.19918851688752,3.4815284153668062,2.7555118455427023,2.026559613454692,1.0510611534118652,3.138336181640625,4.839903354644775,5.740766525268555,6.089345932006836,6.2835693359375,6.439853668212891,6.540630340576172,6
0.4123378498922827,100.857060857714,98.93436790840153,2.993668693035524,2.0438403063139066,0.4188721179962158,0.9616754055023192,1.287824630737305,1.4510812759399414,1.5562453269958496,1.6371493339538574,1.708427906036377,1.7697558403015137,20
0.7449478836436277,212.78751093820787,29.44120227308718,2.9602861622928267,2.734877651709027,0.2282662391662597,0.3906142711639404,0.5489189624786377,0.6956896781921387,0.8291723728179932,0.9528489112854004,1.067397117614746,1.1730427742004397,15
0.7968488723986984,108.24538616975548,81.00490197404383,2.3353778437383608,2.6823691679412587,0.2827258110046386,0.5404915809631348,0.7631785869598389,0.954824924468994,1.1195790767669678,1.2642371654510498,1.3901889324188232,1.5021979808807373,10
0.3057064109072797,48.58227743908006,8.340841070414946,2.4690319401998284,2.428913389613278,0.8807086944580078,2.60282039642334,3.911919593811035,4.479920864105225,4.656867027282715,4.741081714630127,4.791219711303711,4.82992696762085,22
0.4146152389436582,15.814614002767506,7.286041469025325,2.8915267746205684,2.605691316954308,1.085761785507202,3.331501007080078,5.311254024505615,6.4137282371521,6.788486003875732,6.928525447845459,7.043918132781982,7.126153469085693,6
0.9051087171189413,20.429377167814348,15.250829267310582,2.670909622669229,2.286406934361253,0.6075809001922607,1.5083494186401367,2.099095344543457,2.456449031829834,2.703096866607666,2.894683361053467,3.0515098571777344,3.183732032775879,19
0.3202270797210639,71.74808301506764,144.82431254087874,2.046306125185874,2.171256309891913,0.5062108039855957,1.3031365871429443,1.730483055114746,1.8209521770477293,1.850311040878296,1.8762786388397217,1.8994264602661133,1.9203946590423584,0
0.927231325804986,13.225181026562096,2.0699502889315693,2.1921523679218,2.19845729184794,0.6797363758087158,1.7197842597961426,2.357795238494873,2.722903251647949,2.965102195739746,3.1518330574035645,3.3055543899536133,3.4322400093078613,18
0.9587088962630412,192.5519604276156,3.207793151960501,2.5832334059952453,2.4111112286132634,0.1686854362487793,0.2930266857147217,0.4135801792144775,0.5307374000549316,0.6417117118835449,0.7473323345184326,0.8468990325927734,0.9417548179626464,15
0.5503463753871778,29.83440841593919,9.8950433091405,2.052619365232817,2.715049829969353,0.8064661026000977,2.356541156768799,3.41762113571167,3.877120971679688,4.06751823425293,4.17490291595459,4.256289958953857,4.329655647277832,22
0.6657699821403102,23.59740992199641,156.0224264773451,2.7345682808806324,2.185267188085878,0.5546634197235107,1.4336397647857666,1.970898389816284,2.194164037704468,2.2906253337860107,2.350029706954956,2.398842096328736,2.4426395893096924,0
0.7464788002027691,12.072773444031004,0.7650323908185847,2.2782457408712,2.12292199240516,0.8363299369812012,2.251673460006714,3.1413400173187256,3.5871012210845947,3.8468425273895264,4.028139114379883,4.162631988525391,4.271422386169434,22
0.3161160498889001,202.6448302276048,7.488690911349741,2.8147594753359897,2.5846259144876136,0.4611802101135254,1.1034276485443115,1.5152032375335691,1.7203118801116943,1.8527271747589111,1.9554736614227293,2.043647527694702,2.121640920639038,18
0.5520705672394439,48.66297388748565,71.03901851754641,2.8110264426138967,2.3884401466520675,0.607346773147583,1.6115338802337646,2.248924970626831,2.5453155040740967,2.710235357284546,2.821998357772827,2.9108150005340576,2.992877721786499,20
0.7260150084108419,75.85480577490232,41.23584513323856,2.5134189029226897,2.9343383725111662,0.4518132209777832,1.0385146141052246,1.4648759365081787,1.7612648010253906,1.9835891723632808,2.161921977996826,2.3110718727111816,2.4375529289245605,19
0.606060962651009,21.465834048124872,168.12210687102373,2.644472092326666,2.3264290850099867,0.6039700508117676,1.6333990097045898,2.280296802520752,2.5173068046569824,2.589555263519287,2.621828079223633,2.647745609283448,2.6709117889404297,0
0.3951910405079022,42.61134628082352,3.2765741634230623,2.512876378688607,2.103176582757352,0.7969491481781006,2.221752643585205,3.1541061401367188,3.560545921325684,3.74730920791626,3.859726428985596,3.938300132751465,4.000962734222412,22
0.3707870344946726,23.005673614096512,61.52206012487407,2.403015806155325,2.8923956404591857,0.9332585334777832,2.9023234844207764,4.628676414489746,5.545843124389648,5.76591682434082,5.808780670166016,5.823953628540039,5.832566261291504,7
0.6092733512828772,13.36638335988428,10.476697517558865,2.9416082889526307,2.133642879164857,0.914355993270874,2.564892768859864,3.683586597442627,4.238144397735596,4.556146621704102,4.778547286987305,4.931071758270264,5.048354148864746,22
0.9446076955944862,47.98001684741365,66.75025917308616,2.929641386093179,2.2084926933777576,0.3592653274536133,0.7624702453613281,1.0829226970672607,1.3343305587768557,1.5348873138427734,1.7012596130371094,1.8411998748779297,1.962862491607666,10
0.3328160375776208,12.98205869091482,1.3580655712523826,2.8362249068063456,2.4700466482604284,1.148512363433838,3.621649980545044,6.060972213745117,7.663449287414551,8.2772855758667,8.368155479431152,8.410237312316895,8.456546783447266,13
0.6862898217486728,7.211195772445288,10.894694606669256,2.05619629491542,2.5517022861686884,0.9920053482055664,2.9533579349517822,4.421581268310547,5.106210708618164,5.38907527923584,5.548947334289551,5.652092933654785,5.736211776733398,6
0.4911170530010593,18.467621403254668,223.288324616866,2.253857447954858,2.3327055470359706,0.5793426036834717,1.586881160736084,2.2142841815948486,2.342641115188598,2.3428428173065186,2.342578172683716,2.3426859378814697,2.342905282974243,1
0.5804618437270563,135.13434160032878,3.459010136186024,2.6898090030631616,2.892067676355969,0.4244523048400879,0.9418458938598632,1.3220727443695068,1.5942881107330322,1.8030107021331787,1.972699880599976,2.1148688793182373,2.238631010055542,18
0.829909847645917,18.259056246973923,0.7629673883258266,2.387929637534781,2.893676949154972,0.7652368545532227,2.1186115741729736,3.001872301101685,3.4655191898345947,3.7395002841949454,3.93900990486145,4.101648330688477,4.2387895584106445,22
0.7460431879971431,74.26174450259849,80.25258241502621,2.6100991573811823,2.265824064920389,0.3540949821472168,0.739948034286499,1.032548427581787,1.255765676498413,1.43103289604187,1.5759756565093994,1.6973912715911863,1.802595853805542,10
0.6054297886717055,183.8818521920971,0.7993810503169811,2.636261395658646,2.6940066853338696,0.3073573112487793,0.589346170425415,0.8238322734832764,1.0242979526519775,1.1953589916229248,1.3448262214660645,1.475214958190918,1.5912065505981443,8
0.7597358335220585,9.749102828283734,1.890566029495242,2.796341293909102,2.635678302571012,0.967270851135254,2.775326728820801,4.059596538543701,4.71628475189209,5.080461025238037,5.330302238464356,5.513604164123535,5.663333892822266,6
0.7091057602105824,38.5289100502287,54.80403107066603,2.9529712821427485,2.800903132133861,0.630035400390625,1.6651344299316406,2.3630833625793457,2.736614227294922,2.9641551971435547,3.128509521484375,3.264857769012451,3.3763232231140137,19
0.8499796437343734,29.91413443202857,141.2927526227323,2.724457740488785,2.6204376728500103,0.4935963153839111,1.190650224685669,1.6692116260528564,1.9507029056549072,2.1376240253448486,2.274452447891236,2.3882243633270264,2.480903387069702,20
0.597588061936702,175.91524020834558,22.651719508329915,2.530987779947321,2.345917120519551,0.2666893005371094,0.492999792098999,0.6849279403686523,0.8505451679229736,0.9933583736419678,1.119187831878662,1.2301106452941897,1.3288767337799072,9
0.4700678958830788,26.85412443598032,0.6218584648467845,2.204264604369868,2.551385403251636,0.9109466075897216,2.688929557800293,3.996847152709961,4.5703840255737305,4.787134647369385,4.89870548248291,4.976011276245117,5.041418552398682,22
0.7354290683226691,9.33209104235876,0.9846142619793666,2.758765457817552,2.7051879847638216,1.001981258392334,2.918848991394043,4.323677062988281,5.034906387329102,5.413796424865723,5.672245979309082,5.862767219543457,6.00871467590332,5
0.6408834657845993,11.36934074419957,92.06590607285118,2.732137688629096,2.1870159921091124,0.7712843418121338,2.169016599655152,3.111633062362671,3.526047468185425,3.7061526775360094,3.787432909011841,3.829198122024536,3.858800649642944,23
0.8917986423875859,138.03441839776417,191.51712697217525,2.385753384990588,2.0838239252523296,0.1437556743621826,0.2290406227111816,0.3131108283996582,0.3914034366607666,0.4643380641937256,0.5322690010070801,0.5951380729675293,0.6537542343139648,3
0.7342687635662852,13.315449048297156,128.4202519091122,2.875687149141444,2.536410448922433,0.7062571048736572,1.973405361175537,2.831420421600342,3.2227344512939453,3.393289566040039,3.472110748291016,3.520918369293213,3.561771869659424,23
0.923346695483756,7.238100707490236,2.0954302497306707,2.5564866688720813,2.60615124005008,0.888904333114624,2.460134029388428,3.5003676414489746,4.053568840026856,4.3885884284973145,4.626251220703125,4.81058406829834,4.954571723937988,22
0.9351568084190294,23.167082120470194,4.051709259917103,2.4262637388522097,2.807057436931652,0.6173720359802246,1.560060977935791,2.185942888259888,2.5694658756256104,2.8376381397247314,3.047022581100464,3.219698190689087,3.3680598735809326,18
0.4543500061403435,106.84423989597065,33.50201712493094,2.0275266628314585,2.795854733063103,0.503854513168335,1.2948603630065918,1.7874679565429688,2.025457859039306,2.173737049102783,2.289109230041504,2.3872270584106445,2.4698801040649414,19
0.6549514893790972,62.39341037998334,36.25635997412124,2.7045929021255013,2.237748311839282,0.4717259407043457,1.1118195056915283,1.5416381359100342,1.803335428237915,1.990633249282837,2.134709119796753,2.258338689804077,2.3621675968170166,19
0.3366509606671053,12.92395726462966,4.193730661044338,2.738516186857784,2.327801668348394,1.1169211864471436,3.501089811325073,5.778870582580566,7.220270156860352,7.740619659423828,7.823881149291992,7.868376731872559,7.908683776855469,6
0.9244126264196356,14.498275596391116,150.713581758805,2.591518526347363,2.060069234881482,0.4917724132537842,1.1881120204925537,1.6252577304840088,1.8549988269805908,1.988165616989136,2.084779500961304,2.15642523765564,2.213473558425904,20
0.931734700416635,205.7100135824036,50.85618810045299,2.6635919012491533,2.179759356458935,0.1411349773406982,0.2379684448242187,0.3308706283569336,0.4208197593688965,0.5072100162506104,0.5908827781677246,0.6696760654449463,0.7446467876434326,16
0.891305425220547,179.60987140620574,260.64125650798934,2.719734208499649,2.1462673935224648,0.1189887523651123,0.1751763820648193,0.2281723022460937,0.2768099308013916,0.323779821395874,0.3696174621582031,0.4127664566040039,0.4536097049713135,4
0.9643570716818028,45.51253155739998,159.68364194441162,2.861319458124219,2.1724403827718013,0.3004417419433594,0.5970096588134766,0.8348171710968018,1.0254440307617188,1.18082594871521,1.309784173965454,1.4183752536773682,1.5109684467315674,10
0.6676089826389731,6.0966149971661,0.6286918714630332,2.4074208020890344,2.530629012259676,1.078129768371582,3.242154359817505,4.947598457336426,5.819160461425781,6.202134132385254,6.443093299865723,6.625683784484863,6.751825332641602,5
0.8309117582785326,73.95353214067653,21.81477686685608,2.0663228719054687,2.7243956839351453,0.3589425086975097,0.7573812007904053,1.0749387741088867,1.3297700881958008,1.536588191986084,1.7100141048431396,1.8585360050201416,1.986628770828247,9
0.380426590578438,39.76815476099496,0.7581971047118192,2.2283398231369347,2.8997607103148777,0.9224271774291992,2.836181163787842,4.392665386199951,5.141769886016846,5.364592552185059,5.446172714233398,5.496501445770264,5.542197227478027,5
0.4774151413395762,23.430335966437728,44.528506183857466,2.5930381881834466,2.082919429861389,0.7974786758422852,2.2367780208587646,3.19447922706604,3.607969522476196,3.792630910873413,3.890114068984986,3.955119848251343,4.002613067626953,23
0.7729557467513946,19.63635457437679,191.90612849240017,2.468683004543511,2.849515113122054,0.5787856578826904,1.5548820495605469,2.2056097984313965,2.4872164726257324,2.6055078506469727,2.6717653274536133,2.723074436187744,2.7662911415100098,0
0.7615653473376383,12.784619932822665,3.719095337701994,2.9325356360452544,2.1999869912768104,0.8383228778839111,2.2568435668945312,3.1815223693847656,3.6825380325317374,3.989135265350342,4.210292339324951,4.383485317230225,4.5127482414245605,22
0.5504525881416529,19.100782166108207,58.75544333535021,2.2794455787830383,2.5753473156552005,0.8314468860626221,2.446531057357788,3.6154897212982178,4.124272346496582,4.299776077270508,4.379716873168945,4.425690650939941,4.460951805114746,23
0.3404098082201474,47.384247609366525,94.0649744562292,2.9426462668319866,2.5841828815594168,0.7603557109832764,2.2126946449279785,3.2898998260498047,3.754908561706543,3.906677722930908,3.9567384719848633,3.983401298522949,4.006817817687988,23
0.6858603610799345,180.5992782478817,9.316108841685695,2.957102748279188,2.46359997722322,0.2600421905517578,0.4748566150665283,0.6680586338043213,0.839012622833252,0.9908936023712158,1.1275420188903809,1.2495574951171875,1.360060214996338,9
0.6581145479962839,22.12538530451205,208.2086151115832,2.4843170958849785,2.370136267644491,0.5367646217346191,1.394878625869751,1.922990322113037,2.1000008583068848,2.152173042297364,2.181818962097168,2.206472873687744,2.2275938987731934,1
0.9758941851102638,14.04180670151333,1.389693554502317,2.9309602138464568,2.0263750571457124,0.6204094886779785,1.5169963836669922,2.114391803741455,2.4913363456726074,2.7552361488342285,2.9637269973754883,3.1323561668396,3.274930953979492,18
0.5744353577942377,192.08858946994408,15.940012685634713,2.268824738960715,2.4022625813921312,0.2543752193450928,0.4635848999023437,0.6442561149597168,0.8001148700714111,0.936455488204956,1.056492567062378,1.1630258560180664,1.258816480636597,9
0.9412558188739132,114.42563825289253,4.383660202638981,2.219185542955872,2.5756193152462163,0.2373459339141845,0.4437947273254394,0.6393177509307861,0.8182616233825684,0.9803857803344728,1.1286911964416504,1.2632672786712646,1.3853890895843506,8
0.5366230592427033,13.119836178229177,8.882216601040943,2.955133457825738,2.388977314562167,1.016709327697754,2.9923219680786133,4.5080246925354,5.250392913818359,5.587362289428711,5.818641662597656,5.985151290893555,6.108626365661621,6
0.6484435273790294,12.93765193854651,1.380248672118231,2.029229555789912,2.51739647528165,0.9230742454528807,2.694955825805664,3.935257911682129,4.499678134918213,4.744902610778809,4.887349605560303,4.997571468353272,5.080843448638916,22
0.6068409191256737,96.00232737413224,73.95360741243606,2.037271842992081,2.4327595247382763,0.3582134246826172,0.7589414119720459,1.0439517498016355,1.2469429969787598,1.4035148620605469,1.5277788639068604,1.6345834732055664,1.725881814956665,10
0.4734206941534414,189.6981995978561,2.724746363971591,2.356839377854204,2.643759688564202,0.3499290943145752,0.7186703681945801,0.9887473583221436,1.1944630146026611,1.3580255508422852,1.4963388442993164,1.6137940883636477,1.7134385108947754,8
0.879554864315711,31.90391246992931,3.1858143976096382,2.1918301564677263,2.435264801171002,0.5314369201660156,1.2730391025543213,1.7671141624450684,2.086956024169922,2.320166110992432,2.505272388458252,2.659487247467041,2.790943622589112,18
0.3028000652855293,28.87379560074566,55.64382010708255,2.396030619556094,2.7616629331096085,0.9312465190887452,2.887178659439087,4.604592323303223,5.511944770812988,5.703710556030273,5.7422637939453125,5.755990982055664,5.763702392578125,7
0.7870648874384366,16.019388305869814,21.61859650641806,2.701852544052323,2.7048861638634154,0.8041999340057373,2.2436044216156006,3.205030679702759,3.697676420211792,3.979746580123901,4.170299530029297,4.3210296630859375,4.43796443939209,23
0.3029917531000162,19.827043358473645,223.54021039867268,2.5739558560092286,2.006932681034755,0.5621509552001953,1.5103480815887451,2.058098077774048,2.128479242324829,2.128432035446167,2.1288230419158936,2.1293694972991943,2.1295721530914307,1
0.9654601931908716,6.169152853229141,3.121774732713487,2.812492353499965,2.1631919662570573,0.8352744579315186,2.1825973987579346,3.0422475337982178,3.545623540878296,3.88156533241272,4.127681732177734,4.325526237487793,4.485769271850586,22
0.945051063962548,42.6685842901852,193.46573655960256,2.9401699826443486,2.3563784300754387,0.3286986351013183,0.6680996417999268,0.9277129173278807,1.1278505325317385,1.2844910621643066,1.4111933708190918,1.5161876678466797,1.6053895950317385,10
0.7712621777541009,7.38335883311993,17.74478681707956,2.9926591145290207,2.2928696806882862,0.9330105781555176,2.607822895050049,3.749767303466797,4.346081733703613,4.695902347564697,4.947782516479492,5.134243011474609,5.263401031494141,6
0.5406133567732102,6.386115333908336,251.55283774433283,2.7777982991827352,2.9538977923967367,0.7197010517120361,2.146261692047119,3.304506778717041,3.811365127563477,3.859239101409912,3.860280513763428,3.859854698181152,3.860136032104492,23
0.8264293341998659,194.8522660506561,174.9880006346322,2.7927791356810974,2.803295238162852,0.1832027435302734,0.2902655601501465,0.3978850841522217,0.5023977756500244,0.5974595546722412,0.6865861415863037,0.7700290679931641,0.8487982749938965,17
0.917263288475157,25.1986797290024,16.200632475795743,2.458912342869477,2.9262362369276,0.6121413707733154,1.5627341270446775,2.1979470252990723,2.583003520965576,2.849998950958252,3.0573697090148926,3.2280073165893555,3.373635768890381,19
0.3501058601661336,6.043291084073231,1.435752971628379,2.4276760088180795,2.061458035893452,1.1370091438293457,3.6225531101226807,6.140522003173828,7.93227481842041,8.764938354492188,8.855765342712402,8.863359451293945,8.871721267700195,13
0.8536594799270119,57.76240752245405,41.0706382235504,2.532255685661794,2.40286549293774,0.3927907943725586,0.8482654094696045,1.1974313259124756,1.46276593208313,1.6707649230957031,1.8413982391357424,1.9858603477478027,2.109261512756348,9
0.6507728115414066,8.693020972199438,7.399327983883714,2.97195353705204,2.094664802469145,0.9652330875396729,2.718266487121582,3.9183621406555176,4.526957988739014,4.891962051391602,5.161990165710449,5.3627119064331055,5.500880241394043,6
0.7246494535006971,81.17691710370359,169.7267758527777,2.230130650272136,2.145063445352892,0.2626819610595703,0.4861280918121338,0.6627674102783203,0.8063106536865234,0.9245507717132568,1.0244255065917969,1.109846115112305,1.1840107440948486,10
0.91798508509572,180.9523436252793,2.63637577991848,2.499811322450915,2.493967151064812,0.1845550537109375,0.3239834308624267,0.4599313735961914,0.5898826122283936,0.7112839221954346,0.8262360095977783,0.9337077140808104,1.0347387790679932,15
0.9974397278924624,11.22842563710468,1.656501651553578,2.075814011039949,2.385364968626193,0.6842248439788818,1.7421157360076904,2.394033193588257,2.7712113857269287,3.0282466411590576,3.2245442867279053,3.383565664291382,3.516932249069214,18
0.7667524905586501,107.23758389858712,31.180620906771463,2.187572345731833,2.3581210803048216,0.2822892665863037,0.546104907989502,0.7715010643005371,0.9633657932281494,1.1265709400177002,1.268244743347168,1.392251968383789,1.5014681816101074,9
0.4372417673199495,218.46487710167665,201.2805695631885,2.758518463675055,2.7479052332946323,0.2588119506835937,0.4211573600769043,0.5417022705078125,0.6457998752593994,0.7358014583587646,0.8154497146606445,0.8865182399749756,0.9506142139434814,17
0.307165673673144,45.42253431034635,24.24427215235604,2.670042599242284,2.3882113760492607,0.871875524520874,2.572943210601806,3.8645620346069336,4.433192253112793,4.628596782684326,4.707254409790039,4.749726295471191,4.784425735473633,23
0.9207008080276506,39.29414804773769,179.09718948564122,2.427785769869565,2.7716199117914475,0.3894731998443603,0.8491523265838623,1.190070629119873,1.4358537197113037,1.6204311847686768,1.7662107944488523,1.8857862949371336,1.9859654903411863,10
0.6492454505875072,11.999528488694049,99.14159249264377,2.157388456131479,2.294840469243044,0.7374610900878906,2.072885274887085,2.9476912021636963,3.2829601764678955,3.396092176437378,3.4388997554779053,3.4671905040740967,3.4916131496429443,23
0.3019940648559858,7.408164616399445,8.173733679128476,2.164571202940471,2.731709278948437,1.1683766841888428,3.86396861076355,6.846056938171387,9.187986373901367,10.394267082214355,10.541332244873049,10.544014930725098,10.546429634094238,14
0.9954726078754232,103.57218788584508,26.04493918885188,2.713624948712829,2.678852734296928,0.2643465995788574,0.4953625202178955,0.712792158126831,0.9096059799194336,1.086561679840088,1.2467548847198486,1.3912465572357178,1.5216925144195557,9
0.9330495925529764,9.240559214676589,24.13156258393499,2.9140967793785952,2.1453444512016366,0.7396912574768066,1.9165682792663568,2.669328689575196,3.107825756072998,3.3925552368164062,3.6007089614868164,3.765624523162842,3.896022319793701,23
0.5893911107745836,6.549602324987649,6.63487616434632,2.888314535486403,2.01342950321575,1.0296216011047363,2.993903636932373,4.4653167724609375,5.202638149261475,5.5693135261535645,5.857534885406494,6.081104755401611,6.231799602508545,6
0.304393673239457,29.8775449575592,166.5025533344884,2.1929632859354173,2.982815675034334,0.7442495822906494,2.2669100761413574,3.506441116333008,4.05551815032959,4.103425979614258,4.104083061218262,4.104175090789795,4.104316234588623,23
0.7789126862305128,49.00506669180384,196.69718585475616,2.02829591925934,2.049727602083197,0.2840726375579834,0.5478646755218506,0.7382299900054932,0.879521369934082,0.9887287616729736,1.0751063823699951,1.1439573764801023,1.2022476196289062,10
0.7575909438682791,34.4534848680239,154.89323585810553,2.4068147045770343,2.7408348214411697,0.5023114681243896,1.2478103637695312,1.7395431995391846,1.9987986087799072,2.1570498943328857,2.2699902057647705,2.364762544631958,2.4418270587921143,20
0.530360489635472,112.22613492561024,9.13795034623186,2.2802039481223355,2.601838537169481,0.4524335861206054,1.059018611907959,1.46271014213562,1.7123985290527344,1.891024827957153,2.0356547832489014,2.1539947986602783,2.257016897201538,18
0.6851018821270967,7.801825740051082,161.20550670775845,2.2991030237752605,2.5614570456137864,0.7303280830383301,2.124040365219116,3.124772787094116,3.514555215835572,3.587695360183716,3.589401960372925,3.590216398239136,3.592037439346313,23
0.7057551034409332,59.29211561442242,0.828852945580521,2.385244173332246,2.896549800611308,0.5498549938201904,1.379246473312378,1.936361074447632,2.270339250564575,2.5039989948272705,2.686811208724976,2.839218854904175,2.970048189163208,18
0.4202059680110591,49.27841278162752,1.5636709547309413,2.305301568293741,2.3988510855427934,0.7829985618591309,2.2287538051605225,3.1910383701324463,3.605157613754273,3.772618055343628,3.8758351802825928,3.9482715129852295,4.0069684982299805,22
0.5653394086489266,178.94909764437978,232.7617127994614,2.6378911058372063,2.263834422340549,0.1863210201263427,0.2739527225494385,0.3567895889282226,0.4282381534576416,0.4927206039428711,0.5513889789581299,0.6052422523498535,0.6541814804077148,3
0.849769668036582,18.088668753491632,2.480692389802515,2.4799753329907555,2.106336278782021,0.6517841815948486,1.6365327835083008,2.252264499664306,2.608594417572021,2.846433162689209,3.0295543670654297,3.1784729957580566,3.300544261932373,18
0.56576509996877,66.90785765521224,1.853040262041107,2.7479357241239386,2.4545154613512143,0.5921370983123779,1.5287420749664309,2.1316397190093994,2.4479310512542725,2.6492302417755127,2.804211378097534,2.927951574325561,3.039323568344116,18
0.5756308039456424,21.164144055606176,2.631709662291585,2.768390326392039,2.3752849598173054,0.8942887783050537,2.54055404663086,3.679060935974121,4.230018615722656,4.516826152801514,4.707850456237793,4.834996700286865,4.943008899688721,22
0.7585569265526382,62.754294696925335,43.53937786531516,2.828807586392603,2.6971608130272227,0.4751417636871338,1.1051077842712402,1.5608913898468018,1.8680546283721924,2.093716859817505,2.2736904621124268,2.4225375652313232,2.550536870956421,19
0.788330639098423,96.13228681228918,1.6943515124734216,2.907115290442208,2.6070883406944434,0.3696241378784179,0.7696785926818848,1.093863010406494,1.3579483032226562,1.5742173194885254,1.7559971809387207,1.91135835647583,2.047049045562744,8
0.8739337742897955,30.15530052024367,33.10053465268058,2.9035784060147245,2.396408804492154,0.5462636947631836,1.3296551704406738,1.868995189666748,2.208058834075928,2.447179317474365,2.635204792022705,2.789761066436768,2.922389030456543,19
0.9018133250464084,174.04846542735598,11.30140219494234,2.092589016794562,2.2900326349300424,0.156318187713623,0.2782208919525146,0.3947339057922363,0.5059380531311035,0.6108300685882568,0.7107439041137695,0.8041543960571289,0.8927936553955078,15
0.908131283572292,12.17555981779963,87.53427845667599,2.3695175818752223,2.2703177541406068,0.6239666938781738,1.61112380027771,2.222074508666992,2.5369787216186523,2.720226764678955,2.8520779609680176,2.951125144958496,3.029844284057617,20
0.6314071204155501,11.381318846361427,2.922123166381301,2.4904713891896577,2.059103289131772,0.9249827861785888,2.5810790061950684,3.689843654632568,4.224969387054443,4.519640922546387,4.716904163360596,4.855266571044922,4.95756196975708,22
0.809610926136775,34.316514559539364,69.82599216000672,2.4706111717021,2.3059991241010933,0.4922380447387695,1.1713614463806152,1.624225616455078,1.899628639221192,2.093761444091797,2.2407655715942383,2.3659377098083496,2.4684038162231445,20
0.8021671491765587,9.401459707841536,35.6121133866858,2.16914782581742,2.581595251327532,0.8379285335540771,2.3890326023101807,3.426509141921997,3.9095613956451416,4.145132064819336,4.283735275268555,4.39049243927002,4.4665117263793945,23
0.5006197203885974,55.740206340846505,10.359485243396968,2.5395806838136563,2.130173620655825,0.6316747665405273,1.6605677604675293,2.285727500915528,2.5803847312927246,2.7514238357543945,2.872530937194824,2.973869800567627,3.062744617462158,18
0.5535617328700798,109.79722593290684,70.77697877344865,2.456587234425612,2.166065905460559,0.3475680351257324,0.7214469909667969,0.9835236072540284,1.1705045700073242,1.3141536712646484,1.4301979541778564,1.5290074348449707,1.6120762825012207,10
0.5120448044487669,24.51876381341293,25.21019875035505,2.0175898897531,2.6783089397990696,0.8484492301940918,2.5251007080078125,3.740002632141113,4.255641937255859,4.429650783538818,4.516178131103516,4.5718512535095215,4.6137871742248535,23
0.3837538553716648,20.18806093691328,170.0706643735927,2.6486965560309423,2.4624534863350034,0.7137725353240967,2.0693564414978027,3.0586371421813965,3.425109386444092,3.4813551902771,3.481674671173096,3.4820995330810547,3.482804775238037,23
0.4647999979277363,20.903786626708435,2.718447344860826,2.049533183224199,2.265582402245329,0.9211678504943848,2.7004265785217285,3.983395576477051,4.528645515441895,4.722222805023193,4.8205246925354,4.897242546081543,4.951474666595459,22
0.943052693367164,29.72251671586584,165.08842313672812,2.674568615580349,2.762939576460889,0.4529488086700439,1.0472567081451416,1.4752249717712402,1.7566962242126465,1.9557671546936035,2.108767032623291,2.229747772216797,2.331706047058105,20
0.7440416194630308,18.890572851151088,2.5304660405431534,2.1617280931740672,2.7002365785441467,0.7870495319366455,2.210520505905152,3.125550508499145,3.569800615310669,3.811408758163452,3.97601580619812,4.108974456787109,4.213418006896973,22
0.9673195656151452,33.16582623454141,10.60418363237383,2.963229127533044,2.590949228310692,0.5145139694213867,1.2062201499938965,1.7145967483520508,2.067601203918457,2.3314175605773926,2.542882442474365,2.7193617820739746,2.870908737182617,18
0.7421332477406823,34.710090772478445,4.015504100845287,2.5568957362813305,2.030583923555653,0.5541224479675293,1.3502528667449951,1.8562474250793457,2.1584935188293457,2.3664350509643555,2.529890537261963,2.6635427474975586,2.7806053161621094,18
0.6049672372529689,13.105406116178122,42.55407618789457,2.452095532173768,2.660973169085529,0.9150023460388184,2.7151451110839844,4.077088356018066,4.71103572845459,4.952840805053711,5.081541061401367,5.152163028717041,5.196410655975342,7
0.6254674951668446,130.7072345425974,10.27038674396894,2.358487230157365,2.3027429892937845,0.3146917819976806,0.625140905380249,0.8718001842498779,1.0716438293457031,1.2373061180114746,1.3773105144500732,1.4981942176818848,1.6048226356506348,9
0.9453327168465344,6.391700789752148,1.5977686806973466,2.1827536010717887,2.294634442450441,0.8423161506652832,2.2452125549316406,3.1203808784484863,3.5885229110717773,3.8751397132873535,4.082250118255615,4.2437520027160645,4.369640350341797,22
0.4610313284781006,59.0438557995685,0.5259153441666825,2.0748196427086536,2.020658349234404,0.6219418048858643,1.617683172225952,2.1779606342315674,2.4266111850738525,2.5689051151275635,2.6754324436187744,2.75837779045105,2.8399131298065186,18
0.8002369822153887,20.05565744829398,0.6425130195202406,2.5411319562320904,2.6142366145452955,0.7443110942840576,2.002591609954834,2.809342384338379,3.2402172088623047,3.503120422363281,3.695851802825928,3.853506088256836,3.986722469329834,22
0.886144647691985,68.0922984320351,132.84958407751796,2.489606195740949,2.256496013672552,0.2811207771301269,0.541020393371582,0.7585475444793701,0.940281867980957,1.0933451652526855,1.223857879638672,1.3368136882781982,1.4354536533355713,10
0.5999719323263204,137.72248253436592,1.0908360595949629,2.970936630907014,2.5245351998739096,0.3759326934814453,0.7901482582092285,1.106271743774414,1.3493571281433103,1.543541431427002,1.7046470642089844,1.841721534729004,1.9589715003967283,8
0.9894456610524878,99.20673995870476,5.001334037590562,2.230664779392501,2.8544205736773787,0.2606146335601806,0.496333360671997,0.7187800407409668,0.9214532375335692,1.1037733554840088,1.2690587043762207,1.4181053638458252,1.552790641784668,9
0.4694224521842076,90.73800227976425,0.71728395255817,2.0131669161476973,2.070265157639068,0.4884529113769531,1.1821765899658203,1.579780340194702,1.786674976348877,1.9280171394348145,2.0413832664489746,2.1348891258239746,2.2191033363342285,18
0.8275316882853914,69.88661606437788,11.93705974361172,2.577689043380045,2.8389780746157407,0.429110050201416,0.9473884105682372,1.3452281951904297,1.647104024887085,1.883732557296753,2.07813048362732,2.241661787033081,2.3825838565826416,18
0.8962768915634292,172.74276043666694,1.4828781135114115,2.323627146146261,2.107286771700665,0.1611709594726562,0.2838771343231201,0.4016246795654297,0.5143413543701172,0.6202969551086426,0.7201766967773438,0.8136398792266846,0.901646614074707,15
0.5243025415710684,40.5943967299621,5.804287056858409,2.7623625340076563,2.87927473369162,0.8272538185119629,2.4094138145446777,3.548269748687744,4.097206592559815,4.351602554321289,4.503464221954346,4.614680767059326,4.700536727905273,22
0.5196528957892592,82.39088367896872,14.657261286570716,2.31976359886968,2.3832867775828466,0.5290255546569824,1.3256456851959229,1.8167519569396973,2.0715198516845703,2.2364540100097656,2.36648941040039,2.474838256835937,2.569216251373291,19
0.6181381205511203,66.78218228366893,0.8514821738656048,2.3286798063453364,2.1841130316972523,0.497699499130249,1.1917612552642822,1.6337149143218994,1.8958206176757808,2.0808539390563965,2.2289018630981445,2.3500938415527344,2.456212043762207,18
0.93076194976628,41.85912947010292,251.1895944186521,2.006105039317041,2.354910165550429,0.2666454315185547,0.5022499561309814,0.6848459243774414,0.8297164440155029,0.9459221363067628,1.0412695407867432,1.12037992477417,1.1860337257385254,10
0.5847006832054249,153.2516106500479,96.25367563694708,2.1468875845930366,2.5780040849462287,0.274181604385376,0.5126478672027588,0.7061312198638916,0.8675425052642822,1.0043962001800537,1.122586727142334,1.225327730178833,1.3160133361816406,10
0.3676613149277918,18.116885900482416,8.32971786843887,2.659027911339837,2.3164604284539063,1.0416314601898191,3.170597076416016,4.984540939331055,5.966092586517334,6.259249210357666,6.37136697769165,6.444274425506592,6.48755407333374,6
0.6138742771858576,14.866971448358733,0.5893610669275383,2.7280819350855348,2.645108896305913,0.9846985340118408,2.8850882053375244,4.302750587463379,4.999380111694336,5.336616516113281,5.548007965087891,5.710845947265625,5.8206939697265625,5
0.6015288477626441,21.95157572201497,40.23797352795885,2.3327808335837465,2.690906515337917,0.818962574005127,2.38626480102539,3.484668731689453,3.979722499847412,4.191437244415283,4.296802997589111,4.37951135635376,4.445868968963623,23
0.7122418394464669,95.8073051830338,36.50167910507481,2.059966495499608,2.045737174956868,0.2828123569488525,0.553687334060669,0.7731926441192627,0.9522495269775392,1.1012852191925049,1.228229284286499,1.3371188640594482,1.433427095413208,9
0.3393180424876841,145.4707167645893,26.490996864945068,2.291445773890135,2.7736314942261866,0.5340445041656494,1.4112954139709473,1.967878580093384,2.1948931217193604,2.3156683444976807,2.408682107925415,2.487826108932495,2.554106950759888,19
0.8067114849587449,112.40841192449564,4.202603040826229,2.301111697701478,2.93741820278096,0.3191413879394531,0.6370224952697754,0.911773443222046,1.1481883525848389,1.3508915901184082,1.526993989944458,1.680699110031128,1.8162729740142824,8
0.720414276547849,10.755444454841234,58.55902520821209,2.03617145193556,2.753733593095862,0.8290443420410156,2.456666946411133,3.6198697090148926,4.130746364593506,4.322688102722168,4.411663055419922,4.462848663330078,4.504582405090332,23
0.8600037319319926,34.17341844710485,2.495808835369151,2.716977286430179,2.7677338620141194,0.5933399200439453,1.4816796779632568,2.089316129684448,2.466572999954224,2.731635332107544,2.9385154247283936,3.1104161739349365,3.258718252182007,18
0.7141392416008876,102.12914787314432,52.26687651320714,2.6506229300187183,2.154557636725571,0.3003072738647461,0.593372106552124,0.8298964500427246,1.0236141681671145,1.1848938465118408,1.3213400840759275,1.439436435699463,1.5426793098449707,9
0.3979902628400522,72.51349766988059,16.925321983741217,2.2817071216882256,2.88351042579166,0.7233157157897949,2.118029832839966,3.0899178981781006,3.504162549972534,3.651974439620972,3.736438989639282,3.807903528213501,3.870571851730346,22
0.8349143376729729,11.057193988993902,0.5214001746361275,2.784855754122636,2.7342370967583363,0.8903839588165283,2.4963903427124023,3.5886778831481934,4.165521621704102,4.506868362426758,4.74722957611084,4.931563854217529,5.079927921295166,5
0.9642148145968488,17.151219841038127,9.095743243810444,2.4977133335157693,2.794078412867901,0.6711335182189941,1.7390170097351074,2.440190315246582,2.853549003601074,3.134502410888672,3.3492565155029297,3.5261526107788086,3.6772828102111816,18
0.9808964498949776,53.019461354866685,13.26619122027939,2.506039142952797,2.64193333322688,0.3905706405639648,0.8308112621307373,1.1888601779937744,1.477175235748291,1.7112736701965332,1.9070301055908203,2.073535442352295,2.2181472778320312,9
0.4159904912705098,6.716634408341138,41.65286855820495,2.873883210866905,2.3904601114290367,1.0611693859100342,3.2997658252716064,5.393266677856445,6.700942039489746,7.1085205078125,7.145601272583008,7.167573928833008,7.180242538452148,7
0.4154254074114613,140.35971007702005,108.81118281362866,2.0566594310866924,2.564399741446365,0.3801076412200928,0.8401336669921875,1.1312522888183594,1.3002121448516846,1.4197936058044434,1.5158696174621582,1.595116138458252,1.6616573333740234,10
0.9011197153250414,27.965231226785622,5.735450224785254,2.2017871569352225,2.0752156322493365,0.4967019557952881,1.1510553359985352,1.5925676822662354,1.8847475051879885,2.099936962127685,2.27282190322876,2.4174070358276367,2.5406064987182617,18
0.4738837308364384,6.88332686510687,5.478306072239438,2.127277050172925,2.738986167160828,1.130413293838501,3.633098840713501,6.080395698547363,7.655743598937988,8.26123332977295,8.356894493103027,8.38405704498291,8.407608985900879,14
0.3703723812183676,44.45543414688526,37.5184486753193,2.810603420228939,2.6939781186896745,0.8578202724456787,2.5550131797790527,3.861581802368164,4.483722686767578,4.698102951049805,4.7954816818237305,4.847609519958496,4.886819839477539,23
0.9347539747738672,7.019784546999149,0.514845691243609,2.7904012899948616,2.995019624675453,0.9425253868103028,2.68537712097168,3.913240432739258,4.568195343017578,4.957154273986816,5.228960037231445,5.4415788650512695,5.614311218261719,5
0.9564487341614832,7.565444378959963,7.276195082773765,2.95338242674348,2.722733357094812,0.881166934967041,2.4267821311950684,3.4696435928344727,4.049915790557861,4.415152072906494,4.681434631347656,4.889920711517334,5.056879997253418,6
0.5219530816223019,79.47234397193398,133.32873751411628,2.439746038923095,2.6178100126708803,0.4625833034515381,1.1157963275909424,1.533710479736328,1.7416772842407229,1.8702378273010247,1.9711580276489256,2.0518760681152344,2.118868827819824,20
0.3381306975466768,164.09866670495632,0.7820920989102311,2.2954574548795814,2.6647723771227034,0.5041460990905762,1.281693935394287,1.7659504413604736,1.9815123081207275,2.110595464706421,2.209965467453003,2.2973339557647705,2.3733227252960205,18
0.5396313564700317,187.1723820949049,126.87232356484706,2.524338903103097,2.995298814854531,0.2929418087005615,0.540449857711792,0.7354393005371094,0.9002640247344971,1.0399653911590576,1.1616387367248535,1.2679522037506104,1.3620924949645996,10
0.6272331069063983,36.618480744533386,1.6061270680208577,2.874706487400751,2.2631942604977144,0.6888449192047119,1.823500156402588,2.5443124771118164,2.926653861999512,3.159464836120605,3.325685501098633,3.4590864181518555,3.573781490325928,22
0.8557830033875626,30.69614823030052,19.852096474768167,2.1734481596734425,2.4670806367869043,0.5392539501190186,1.3086156845092771,1.8108174800872805,2.1231529712677,2.345050573348999,2.521082162857056,2.6673834323883057,2.7905309200286865,19
0.7666642628175291,14.600781580262264,1.215363615089973,2.742247199315867,2.261562229625068,0.813450813293457,2.185834646224976,3.069338083267212,3.543154001235962,3.831406354904175,4.037402153015137,4.190998077392578,4.321779251098633,22
0.8971166269517037,25.810977569371097,0.8495331840901281,2.321694559564496,2.110252972259372,0.5282783508300781,1.2477178573608398,1.7251558303833008,2.032432079315185,2.257115364074707,2.434888362884521,2.58263635635376,2.708751678466797,18
0.8982702526484083,84.45186122085708,2.5897986891892546,2.434880661730183,2.1329264170743776,0.2817494869232178,0.5533335208892822,0.7915377616882324,0.9969313144683838,1.1736669540405271,1.3278682231903076,1.462707281112671,1.582148551940918,8
0.9857938838412988,63.788474203218186,44.0311776790613,2.073915789516195,2.6722043074467368,0.304518461227417,0.6098363399505615,0.8762941360473633,1.1043226718902588,1.299305438995361,1.4678285121917725,1.6149168014526367,1.7440083026885986,9
0.5200218616591266,6.895879896216293,50.62945742220579,2.754732209715032,2.66600060423615,1.0374183654785156,3.202508449554444,5.13373613357544,6.223140716552734,6.558494567871094,6.643113136291504,6.695106506347656,6.719357490539551,7
0.6915110555771309,158.97460342915636,184.927301543657,2.0510646910872405,2.8122236555405133,0.1992809772491455,0.3373239040374756,0.466646671295166,0.5824470520019531,0.6864140033721924,0.7815523147583008,0.8684582710266113,0.9476666450500488,17
0.3267215791608654,12.469180837178463,45.14015832425499,2.495939632667352,2.598226178804053,1.0343008041381836,3.251028060913086,5.355165004730225,6.682432651519775,7.074558734893799,7.086268901824951,7.092304706573486,7.095240116119385,7
0.5573023466173248,88.40659466157562,37.68490758267133,2.363855014087396,2.378115781425122,0.4603054523468017,1.0842249393463137,1.4898908138275146,1.730477809906006,1.9010744094848635,2.032998561859131,2.1463780403137207,2.2418875694274902,19
0.4221936785321983,167.1165858002534,85.64340830423741,2.839552988247929,2.96240749983294,0.4305636882781982,0.9761054515838624,1.3514435291290283,1.5764296054840088,1.734816312789917,1.8596665859222408,1.962085008621216,2.052751302719116,20
0.3644994901853989,7.196271036129204,58.37374881368029,2.602835933566314,2.503649337690922,1.031236171722412,3.2333285808563232,5.339489936828613,6.702297210693359,7.116089820861816,7.122278213500977,7.125645637512207,7.126897811889648,7
0.3580479040219993,182.10251047397648,55.31058454110318,2.552630043624537,2.555487263136801,0.4047248363494873,0.9009549617767334,1.2173407077789309,1.3971266746520996,1.5258851051330566,1.6278338432312012,1.7112045288085938,1.7848200798034668,19
0.3982229487448332,25.77369614594328,6.3097565091210654,2.8962184802317488,2.7961073152669096,1.0323283672332764,3.1493167877197266,4.945425033569336,5.891849040985107,6.216161251068115,6.368600368499756,6.481388568878174,6.55510950088501,6
0.6465460860131389,10.307949793586824,200.4331221135704,2.762109297885243,2.318890920092451,0.6369485855102539,1.7684454917907717,2.510955333709717,2.762735366821289,2.79862117767334,2.7986373901367188,2.7988648414611816,2.799262523651123,1
0.3491992549359863,14.570307801481013,6.446112429485895,2.984546562680536,2.1198923132197875,1.064354419708252,3.244096279144287,5.167414665222168,6.262064933776856,6.607526779174805,6.747515678405762,6.851963043212891,6.919142723083496,6
0.6200806580283797,9.346500224230851,4.935120441685867,2.635341142811838,2.3418027611119685,1.0145013332366943,2.956357955932617,4.386615753173828,5.084375381469727,5.430224895477295,5.665365695953369,5.830302715301514,5.954799175262451,6
0.5319602303036153,10.521472075563434,0.6010330922897237,2.2552340015628416,2.942454972743437,1.0937840938568115,3.438770532608032,5.543631553649902,6.728659629821777,7.155234336853027,7.314714431762695,7.406304359436035,7.472470283508301,5
0.913715996364214,78.87833045622561,33.55399440886369,2.660818893214895,2.8329537965768994,0.3529996871948242,0.7193069458007812,1.029195785522461,1.2899436950683594,1.5098280906677246,1.6975512504577637,1.859121799468994,2.0006065368652344,9
0.9388444922493496,211.79819555670085,3.0444901892260483,2.533292681837413,2.527983329805261,0.1648132801055908,0.2847616672515869,0.3996293544769287,0.5133512020111084,0.6215732097625732,0.7242398262023926,0.8216516971588135,0.9144978523254396,15
0.8821693433915978,25.574290696557853,0.5722693055585125,2.397474807006382,2.557790523640928,0.6061222553253174,1.5160014629364014,2.108114957809448,2.466369867324829,2.7174832820892334,2.912724733352661,3.074450254440308,3.212467908859253,18
0.6021395998473765,146.39076868970736,0.503353574339066,2.739195660080534,2.869436278215669,0.3851387500762939,0.8110504150390625,1.1381325721740725,1.3926284313201904,1.5969984531402588,1.7672321796417236,1.912191152572632,2.0370876789093018,8
0.5502034759122776,74.38088368828858,6.133546712684921,2.848755533006168,2.600937305467116,0.591411828994751,1.53342604637146,2.1531569957733154,2.479081392288208,2.680958032608032,2.839118719100952,2.964141130447388,3.076567888259888,18
0.414289204287419,58.145471551571966,4.595080094812584,2.89052319403074,2.109567999573717,0.6977601051330566,1.888106346130371,2.636801719665528,2.9859213829040527,3.173354148864746,3.289273738861084,3.383345127105713,3.4647293090820312,22
0.583069817293749,11.94150431147388,132.32254950202002,2.740207675427415,2.6058214274803344,0.7866735458374023,2.304434061050415,3.435554265975952,3.937157869338989,4.091553688049316,4.131545066833496,4.140671730041504,4.148499488830566,23
0.9049473541410036,126.03877238104604,0.860767471607616,2.9245462550157626,2.9092311069401937,0.2948224544525146,0.5544981956481934,0.7962877750396729,1.0133328437805176,1.207350254058838,1.38201904296875,1.5388269424438477,1.6799631118774414,8
0.8030573968257255,14.157796598379583,97.52588809292428,2.12551285631006,2.844158662127902,0.69476318359375,1.96521258354187,2.800661325454712,3.176828622817993,3.3486673831939697,3.451493501663208,3.5237066745758057,3.581561326980591,23
0.8699185472932571,32.88053869018365,122.99513163155956,2.5537170057224188,2.367822412007903,0.4378550052642822,1.0008277893066406,1.3917105197906494,1.6443452835083008,1.824095726013184,1.9635696411132808,2.074720859527588,2.1692862510681152,20
0.5851931166947327,48.86111419370625,55.46007056727413,2.9652083381799925,2.577242575467612,0.6327636241912842,1.6955995559692385,2.3955140113830566,2.740698337554932,2.9349889755249023,3.070644855499268,3.1793761253356934,3.2746782302856445,23
0.906192282497836,30.653675471738445,4.830103285240325,2.539263901329851,2.95165035614934,0.5927276611328125,1.4882760047912598,2.101012706756592,2.4879250526428223,2.7619519233703613,2.975900650024414,3.1533994674682617,3.306278705596924,18
0.9861681449746764,207.8639163327157,11.761612652998927,2.8899874011037885,2.6815959219896985,0.1803593635559082,0.3056221008300781,0.4278666973114013,0.5541572570800781,0.6704983711242676,0.7809274196624756,0.8863301277160645,0.9860968589782716,15
0.5096083104370391,31.82314254170737,65.06471224453449,2.391866332654446,2.590242949199772,0.7539412975311279,2.170905828475952,3.142897367477417,3.5594265460968018,3.71246600151062,3.786407709121704,3.845235109329224,3.894118547439575,23
0.5138236451175131,39.83069528113223,195.502424697534,2.627192946648382,2.3362873020921686,0.5168623924255371,1.3274972438812256,1.816133975982666,1.977213382720948,2.030088424682617,2.066847801208496,2.098571300506592,2.1260986328125,1
0.843787456691532,98.01181450482969,35.85469395448073,2.201356829262183,2.195696869263462,0.255242109298706,0.4851033687591553,0.689375638961792,0.8673892021179199,1.0219526290893557,1.1583967208862305,1.2787761688232422,1.3862922191619873,9
0.3570025304397517,6.602621107368891,50.45602993805442,2.7803203435912742,2.474331905041164,1.0582706928253174,3.3219056129455566,5.516977310180664,6.9831743240356445,7.473306655883789,7.483573913574219,7.485627174377441,7.486852645874023,7
0.612493541706703,38.85529030513669,1.738232027129354,2.5707011515978047,2.399931106382207,0.6962902545928955,1.868680715560913,2.604875326156616,2.975386381149292,3.191006898880005,3.3457300662994385,3.468602418899536,3.5750200748443604,22
0.3460581868134019,47.55631756895231,2.425453418603098,2.8874444760352813,2.2060353505353,0.8451399803161621,2.4158105850219727,3.5168261528015137,4.012680530548096,4.241321563720703,4.361845970153809,4.447431564331055,4.51341438293457,22
0.915022233877272,9.431709334991284,10.986441749681935,2.258831330969766,2.688956990761086,0.816521167755127,2.265964269638061,3.2047927379608154,3.687326669692993,3.972541093826294,4.170352935791016,4.326966285705566,4.457756996154785,22
0.7799270636039004,40.36553343866299,30.079145588654328,2.970462257520574,2.1437632140376435,0.498392105102539,1.186655044555664,1.6603007316589355,1.960054397583008,2.174272060394287,2.341419219970703,2.478951930999756,2.6005454063415527,19
0.5283986434800262,6.320516212510789,103.29003940150918,2.168576999289844,2.851057924261989,0.9033830165863036,2.823094129562378,4.521200180053711,5.438107490539551,5.602998733520508,5.616184234619141,5.616875648498535,5.617182731628418,7
0.6551771286879116,21.812027394451743,0.5076152821978922,2.375946083780616,2.435548280801781,0.8182144165039062,2.276869535446167,3.231102705001831,3.691274404525757,3.935748338699341,4.096467971801758,4.222651481628418,4.321839332580566,22
0.6635395687517989,6.586829062672506,1.9125288751722096,2.9393790686914034,2.157937221069427,1.0306024551391602,2.957368850708008,4.342853546142578,5.038299560546875,5.438299179077148,5.7564897537231445,5.999959945678711,6.17832088470459,6
0.6076610789640022,7.764931988015564,1.6173884923855126,2.6405354218332064,2.863738143773481,1.1184415817260742,3.4431514739990234,5.4377522468566895,6.5163092613220215,6.968355655670166,7.20381498336792,7.379353046417236,7.520422458648682,5
0.3520452937519464,165.73017716825302,13.470597292122726,2.925143833964297,2.7107464591450303,0.5156104564666748,1.2983593940734863,1.8165702819824217,2.0647826194763184,2.212390422821045,2.327970504760742,2.421189785003662,2.5044169425964355,18
0.5837315652680897,105.64825345450828,15.296033139786134,2.872938342221404,2.520315280069191,0.4470002651214599,1.0222563743591309,1.430023431777954,1.7001683712005615,1.898744344711304,2.0595638751983643,2.1902687549591064,2.3056342601776123,19
0.8787608714568707,27.812559645280555,58.91579311206794,2.3437024582883845,2.144254232553366,0.4822328090667724,1.1287190914154053,1.562420129776001,1.837165355682373,2.0339841842651367,2.188314914703369,2.3142809867858887,2.421689510345459,19
0.8683218522783891,25.791208714352003,14.029258740083645,2.861041637813305,2.1348160327091543,0.5609805583953857,1.3665659427642822,1.9076149463653564,2.2451560497283936,2.4838225841522217,2.670637845993042,2.824206590652466,2.95346474647522,18
0.7784743871934849,14.393516644506557,185.66506901751103,2.2685191772917865,2.409028646904796,0.5622923374176025,1.4816243648529053,2.04229998588562,2.24759840965271,2.316310167312622,2.353071928024292,2.3829805850982666,2.4089572429656982,0
0.4687525342678313,33.753507051080454,104.81464942830934,2.0256108432090145,2.855699417896944,0.7089993953704834,2.0976505279541016,3.0872011184692383,3.4690980911254883,3.552212238311768,3.5843148231506348,3.6112451553344727,3.63565444946289,23
0.7820914481893895,109.31981199643916,8.52962018365125,2.362193917387845,2.337085521110982,0.2893640995025635,0.5631141662597656,0.7995753288269043,1.0020098686218262,1.1755847930908203,1.3270349502563477,1.4595298767089844,1.5768377780914309,9
0.5262472936960685,38.03282505080107,135.0448750421405,2.288186849208189,2.775419386727701,0.6305160522460938,1.778484582901001,2.543750047683716,2.835455656051636,2.929839372634888,2.9819648265838623,3.025006055831909,3.0631368160247803,23
0.5844738754480427,13.773168150710308,163.53603746960854,2.600155049989313,2.7729040890429,0.7432780265808105,2.1823909282684326,3.2671024799346924,3.727893114089966,3.8392159938812256,3.853174924850464,3.856931447982788,3.861694097518921,23
0.5190105115125987,15.681074325296615,97.99077415492032,2.1451599072265224,2.4272961800596065,0.7784504890441895,2.266629457473755,3.3190758228302,3.730491399765015,3.8281400203704834,3.852238416671753,3.8660833835601807,3.8789546489715576,23
0.3724893350994532,15.976582876772484,138.8217021128254,2.6750872935027497,2.120284491472331,0.7294633388519287,2.0886807441711426,3.043052673339844,3.385033130645752,3.459692001342773,3.4630746841430664,3.464560508728028,3.46651029586792,23
0.6172123490374073,190.96319434497823,0.998763997696958,2.946407535736318,2.4133891092732536,0.270672082901001,0.4996800422668457,0.6981520652770996,0.8715884685516357,1.022890567779541,1.157569408416748,1.2765932083129885,1.3837008476257324,8
0.5692993768241645,87.54070939614074,55.35898681723347,2.452652966977655,2.300641638527493,0.4270219802856445,0.9731202125549316,1.3351364135742188,1.5574498176574707,1.718033790588379,1.8444175720214844,1.951233386993408,2.0406289100646973,19
0.8388149019186055,11.07058684659568,1.4821319021432695,2.476155848677841,2.591620853913118,0.8548693656921387,2.371135234832764,3.3667006492614746,3.883133411407471,4.181271553039551,4.388164520263672,4.556788921356201,4.688267230987549,22
0.95378863376856,162.39253124097834,1.376126761465603,2.966777133968852,2.9872399664511544,0.245462417602539,0.4310321807861328,0.6178791522979736,0.7923731803894043,0.9530460834503174,1.1027908325195312,1.241797924041748,1.370860576629639,8
0.8806586883510088,37.64191350262558,12.804240546986778,2.5632904528367284,2.351032948858974,0.4877963066101074,1.1336734294891355,1.591073751449585,1.900166749954224,2.1303536891937256,2.315157175064087,2.4684393405914307,2.6004669666290283,18
0.5205942076095502,16.487661803890298,22.41230378879995,2.030261450768678,2.0271749337744707,0.8478093147277832,2.389243602752685,3.3960447311401367,3.8140206336975098,3.974343299865722,4.070338249206543,4.132908344268799,4.180813312530518,23
0.9379392738826788,171.90071863121906,1.41254147870866,2.06162865261706,2.790468602198893,0.1770122051239013,0.3181047439575195,0.454460859298706,0.5856020450592041,0.7095768451690674,0.8265938758850098,0.9362185001373292,1.040095329284668,15
0.5131605902824872,26.09717749507176,1.4713073771847374,2.972274313440915,2.436443961499927,0.9128599166870116,2.6290435791015625,3.856576919555664,4.456513404846191,4.757561206817627,4.942671298980713,5.081943511962891,5.1782941818237305,5
0.90462426283014,123.24949252645264,149.45522650396055,2.1770171763077,2.145971258464434,0.1588912010192871,0.2695050239562988,0.3760452270507812,0.4741969108581543,0.5652713775634766,0.6492555141448975,0.7266507148742676,0.7978549003601074,17
0.669625675278355,152.94527708450607,0.8536169289430532,2.8712371385412694,2.892755441736217,0.348515510559082,0.6939935684204102,0.9793655872344972,1.219369649887085,1.421569585800171,1.594850778579712,1.7460277080535889,1.878201246261597,8
0.3107705972247386,49.62416619342181,8.070021022202779,2.79538046797382,2.5727270893976746,0.9124159812927246,2.731373310089112,4.169593811035156,4.846742153167725,5.079825401306152,5.1841559410095215,5.240388870239258,5.286395072937012,6
0.3538486104235734,56.03689362332669,44.63161159851312,2.330512342994948,2.69066512252295,0.7777714729309082,2.3018741607666016,3.4184775352478027,3.886817932128906,4.027117729187012,4.082012176513672,4.120070934295654,4.153329849243164,23
0.9494054589214644,127.09705280045978,46.407757278591895,2.218189589347157,2.569159173498046,0.2067980766296386,0.3749127388000488,0.5368220806121826,0.6872987747192383,0.8257715702056885,0.9543294906616212,1.072484254837036,1.1818222999572754,16
0.9391033337801152,35.57174674661414,26.78419255198469,2.909431022941347,2.304172496725504,0.4573335647583008,1.0438392162322998,1.4797630310058594,1.7882823944091797,2.021674156188965,2.209920883178711,2.367274284362793,2.5016918182373047,19
0.7501220563428362,38.12997525212946,4.321329344753072,2.583662838365686,2.91462250457177,0.6461632251739502,1.709049940109253,2.4100005626678467,2.7985684871673584,3.051084280014038,3.241206407546997,3.3971760272979736,3.532655000686645,18
0.5050573156022833,155.1127950591852,16.26396604048819,2.923263558205555,2.778712790011066,0.4232356548309326,0.9367594718933104,1.3062033653259275,1.5597476959228516,1.751119613647461,1.9065799713134768,2.034265518188477,2.1475095748901367,19
0.6529151328546962,24.40019001213356,89.06175739061315,2.5939543159396314,2.4420808232472524,0.6768684387207031,1.8546884059906008,2.6166799068450928,2.964296102523804,3.1259524822235107,3.232039213180542,3.309876203536988,3.373508214950561,23
0.7282717373192851,14.63969410888041,91.44347982256949,2.5476801055488023,2.9220959321595914,0.7772822380065918,2.25845718383789,3.312870502471924,3.808003425598145,4.015079021453857,4.122887134552002,4.188143730163574,4.238448143005371,23
0.6351948306182551,40.044210575420784,0.6852352166452723,2.622141131478882,2.0118069259592373,0.6040205955505371,1.525214672088623,2.09153699874878,2.403458595275879,2.605337619781494,2.7585391998291016,2.8875560760498047,2.991210460662842,18
0.4090645075177075,36.95384593246186,98.70462688792554,2.1422206905853365,2.4021285924739937,0.6969518661499023,1.985440015792847,2.8394148349761963,3.138061761856079,3.2030041217803955,3.2304866313934326,3.2544920444488525,3.27771544456482,23
0.6726690407438534,30.72431224442989,52.36341582319767,2.3203751774643515,2.4488163318937417,0.645174503326416,1.7232279777526855,2.390235424041748,2.710188865661621,2.8883838653564453,3.018107891082764,3.1164426803588867,3.207869529724121,23
0.7427373524924386,45.79332744266863,2.6849223774517097,2.78445709732168,2.9169437684230783,0.6168906688690186,1.5902132987976074,2.2512216567993164,2.635580539703369,2.891509532928467,3.088325500488281,3.2492809295654297,3.3909058570861816,18
0.8952304514664957,16.88329598496375,130.32724961719046,2.7677834329072115,2.878422396637953,0.6253340244293213,1.667372703552246,2.377272129058838,2.7484450340271,2.959609031677246,3.0992469787597656,3.208563327789306,3.298677444458008,23
0.4857684555673128,14.201254169962944,3.60038653416881,2.0800829260404106,2.9969025492162715,1.0441229343414309,3.29195237159729,5.28352165222168,6.385882377624512,6.739160537719727,6.845428466796875,6.907953262329102,6.955927848815918,6
0.6868264817728988,34.68157376664854,3.353866752710878,2.941492638960926,2.074932100323964,0.6170709133148193,1.5661053657531738,2.169151782989502,2.5102453231811523,2.7351765632629395,2.9047069549560547,3.043498039245605,3.1642074584960938,18
0.6859550681185334,50.13865992478355,72.61626660699639,2.114777069097791,2.6890708641491816,0.50726318359375,1.2658469676971436,1.75270676612854,2.026899576187134,2.209924459457397,2.349133253097534,2.465696096420288,2.56243109703064,20
0.590845477394345,12.43619364698106,35.54942973531584,2.277536377533048,2.003478482791531,0.8401622772216797,2.3498857021331787,3.3371264934539795,3.766589879989624,3.958782911300659,4.072525978088379,4.144268035888672,4.194192886352539,23
0.8643055137510705,26.95560948232753,1.9979467704264624,2.246473441710948,2.8902615053667144,0.6294054985046387,1.6367793083190918,2.2910664081573486,2.673021078109741,2.930135488510132,3.1310088634490967,3.2951014041900635,3.436551332473755,18
0.3448692672320437,10.49024197840738,1.272142140135567,2.98166285798096,2.7385009026694944,1.206944465637207,3.876847743988037,6.651959419250488,8.616071701049805,9.477813720703123,9.573859214782717,9.588689804077148,9.624669075012209,13
0.4097613933313189,143.95983342159374,47.40986284633562,2.1861125449035854,2.0320299060447566,0.3505830764770508,0.733680009841919,0.9759883880615234,1.1316444873809814,1.246943712234497,1.3417112827301023,1.419546365737915,1.4848995208740234,9
0.5150562046635954,169.928823870742,2.3628149467733843,2.9680431950942965,2.39460646261903,0.3504672050476074,0.7177188396453857,0.9928390979766846,1.2042450904846191,1.3739829063415527,1.516080379486084,1.6374154090881348,1.7423591613769531,8
0.5553015601115865,28.90657392184752,33.36355630524011,2.456420611738426,2.216019966807701,0.7380108833312988,2.0247697830200195,2.837021350860596,3.2066988945007324,3.3862171173095703,3.502995014190674,3.590224266052246,3.6595993041992174,23
0.6516466091769633,42.93063885072792,257.11700113695065,2.4057436001691,2.9107704083314587,0.4510269165039062,1.0934312343597412,1.5159592628479004,1.7132461071014404,1.8140227794647217,1.883145093917847,1.9389336109161377,1.985132932662964,1
0.8541452283757243,29.754340424431323,100.68618366428844,2.60640837911302,2.321207170139975,0.4855461120605469,1.1540567874908447,1.6072638034820557,1.8822543621063232,2.073312997817993,2.2169129848480225,2.3363773822784424,2.436021089553833,20
0.4502132921408028,65.27416167089409,16.314729608228138,2.978686441352372,2.52650787899464,0.6999938488006592,1.939513683319092,2.768206119537353,3.1548337936401367,3.3499093055725098,3.475600242614746,3.5763087272644043,3.660468101501465,22
0.5966853857062934,40.00909987550183,31.94755017657653,2.2186948641166966,2.5457715773922587,0.6617472171783447,1.7971997261047363,2.501491069793701,2.825634479522705,3.0000929832458496,3.125177383422852,3.2243199348449707,3.3131203651428223,23
0.4131664809792014,10.542878884282914,59.32460568544447,2.9013135776966807,2.8563986363049354,1.0394401550292969,3.245591640472412,5.309432506561279,6.588037014007568,6.971254825592041,7.020203113555908,7.049932956695557,7.062370777130127,7
0.7395921267476752,171.1257410301668,9.580464958202642,2.366710200142703,2.190922239778695,0.2057545185089111,0.365225076675415,0.5160582065582275,0.6538100242614746,0.7784185409545898,0.893235445022583,0.997462272644043,1.093630075454712,15
0.3547186702772453,208.35024555039325,2.055210061506902,2.07020849932876,2.5593417387731487,0.382335901260376,0.8433353900909424,1.13985276222229,1.3232574462890625,1.458970546722412,1.5656895637512207,1.6586947441101074,1.7385823726654053,8
0.6458287417069563,6.554171543057509,3.4914562751525167,2.705518632001985,2.9920818155171376,1.1341509819030762,3.5046932697296143,5.557394981384277,6.698678016662598,7.183187484741211,7.439304351806641,7.634725570678711,7.777400016784668,6
0.6411061034198802,209.82146331318376,7.439170425393955,2.4892130464649243,2.2855673153294163,0.21063232421875,0.3649630546569824,0.5112063884735107,0.642758846282959,0.7620351314544678,0.8708047866821289,0.9711065292358398,1.0627477169036863,15
0.5403363997939659,116.0221935511405,95.1980267431366,2.3324368532414668,2.364181726118331,0.347879409790039,0.7199656963348389,0.9780232906341552,1.161815881729126,1.3025414943695068,1.4168024063110352,1.512209177017212,1.593886375427246,10
0.8592658748095066,43.716146874259074,4.2510265190310585,2.973270641899368,2.0106384349606183,0.4297690391540527,0.9713213443756104,1.3753280639648438,1.6637043952941897,1.8835806846618648,2.0623421669006348,2.212400436401367,2.341832160949707,18
0.3911334115205545,6.375082742904791,1.2487886048055548,2.8875147364485616,2.8432238083949835,1.2450432777404783,4.052395343780518,7.079070568084717,9.34670639038086,10.413597106933594,10.54334831237793,10.550806045532228,10.558534622192385,13
0.8323474186957467,21.32908829958772,10.61079918790965,2.974631086476834,2.500127961015788,0.7018115520477295,1.8424043655395508,2.593789577484131,3.02242374420166,3.29954481124878,3.5054330825805664,3.6750564575195312,3.81635332107544,22
0.386097407180314,197.6561133310569,2.047475589060074,2.525254482718057,2.3217050638569336,0.369058609008789,0.779423713684082,1.0560686588287354,1.240314483642578,1.38130784034729,1.496593952178955,1.5921669006347656,1.6767101287841797,8
0.8897622435859265,10.959856971821472,37.03653521124794,2.472359439631164,2.8130123897667203,0.7936110496520996,2.225961685180664,3.182537078857422,3.6765060424804688,3.95063066482544,4.138901710510254,4.277560234069824,4.396673202514648,23
0.336302917613252,203.66773458302808,8.693468839648505,2.6646050974055826,2.789277689256796,0.4588875770568847,1.09529709815979,1.513326644897461,1.7319612503051758,1.874241828918457,1.989431858062744,2.0851306915283203,2.1642327308654785,18
0.4248026877896043,35.18590908858848,35.712354146553814,2.467810698321748,2.561947791513255,0.8424844741821289,2.4852962493896484,3.697350025177002,4.235592365264893,4.429135322570801,4.514939308166504,4.566018104553223,4.606360912322998,23
0.3856339084413578,69.36124004436572,175.96210169814162,2.800163330176636,2.070771054357783,0.4527192115783691,1.0894553661346436,1.442643165588379,1.5516643524169922,1.6025633811950684,1.6433124542236328,1.6777868270874023,1.708108901977539,0
0.8098691855799565,123.31819916184878,11.314441303107529,2.0260087790036225,2.7422102953776992,0.2576544284820556,0.4926719665527344,0.7059996128082275,0.8953080177307129,1.0627658367156982,1.211808204650879,1.3454580307006836,1.464668035507202,9
0.4067799174515664,75.78035470300182,22.322694299441352,2.7266059988397164,2.1782983038663164,0.6113252639770508,1.61810564994812,2.2296454906463623,2.502227067947388,2.646784543991089,2.752967119216919,2.837780714035034,2.9069344997406006,19
0.7510796409776279,11.951014976246888,31.44902935076936,2.35506791907398,2.648690837291511,0.852841854095459,2.446773052215576,3.5378336906433105,4.054903507232666,4.306290626525879,4.467041015625,4.567569255828857,4.660386085510254,23
0.9494494490915302,9.69205479926358,10.635239462281936,2.844684912783639,2.2625945185980663,0.7581813335418701,1.9746320247650144,2.757800340652466,3.213092565536499,3.511718988418579,3.733823537826538,3.909347295761109,4.054704666137695,22
0.9553474651060804,23.24023102214708,101.75989335900398,2.406405361197721,2.021668898885674,0.4227392673492431,0.9526040554046632,1.3205642700195312,1.5623493194580078,1.7364518642425537,1.8737924098968504,1.984553575515747,2.074908971786499,20
0.892520643617158,17.96258979574262,13.713222967038815,2.218401970974144,2.41508198764506,0.6458315849304199,1.647066593170166,2.2699451446533203,2.6255574226379395,2.8625826835632324,3.043983459472656,3.191662311553955,3.315781116485596,18
0.6031415694749653,63.43322692472508,145.58070116648236,2.211085095900033,2.0896422486102377,0.3698632717132568,0.7977993488311768,1.066960334777832,1.23004412651062,1.3436641693115234,1.4295871257781982,1.5026912689208984,1.5641891956329346,10
0.6511437922431855,6.146245993486194,16.838025336910405,2.555985223695042,2.7595093202848147,1.0803251266479492,3.314572334289551,5.199718952178955,6.197723388671875,6.598219871520996,6.790474891662598,6.935652732849121,7.029905319213867,6
0.4744772371433868,8.714346377491108,62.166039083676935,2.125071096877705,2.7797631128776485,0.9710235595703124,3.0507962703704834,4.930459022521973,5.98110294342041,6.243712425231934,6.265363693237305,6.273894309997559,6.277854919433594,7
0.4020910313316779,216.14068498353123,2.527282229465935,2.923158109725784,2.379621919027055,0.3499593734741211,0.7100605964660645,0.9648070335388184,1.1522669792175293,1.2999958992004397,1.4220256805419922,1.5270609855651855,1.619028091430664,8
0.5408581921614956,73.46601883924394,8.2210007876522,2.4370233003820947,2.897325426816288,0.6159470081329346,1.6649808883666992,2.348960876464844,2.685159683227539,2.8790769577026367,3.027036190032959,3.144207000732422,3.2493386268615723,22
0.8515470157452076,54.20221096455494,16.680285971445297,2.0273910126595696,2.596692404254112,0.4076659679412842,0.8980166912078857,1.2653462886810305,1.5410120487213137,1.7567026615142822,1.9331769943237305,2.081729888916016,2.210653781890869,19
0.6282768928258233,11.554993879643524,166.04408324526383,2.574387766309338,2.854951847762542,0.7495725154876709,2.213557481765747,3.320430517196656,3.803448915481568,3.9205482006073,3.9348084926605225,3.937772035598755,3.9420669078826895,23
0.772359511567247,93.01075384990044,5.345823221364848,2.4327380532451013,2.6758003169684086,0.3660733699798584,0.7646567821502686,1.083122968673706,1.339470624923706,1.5482518672943115,1.7234399318695068,1.873257398605347,2.0035440921783447,9
0.9145073407084257,57.784416666602,0.6549982232182272,2.842398195234895,2.193989257162944,0.3710432052612304,0.7918946743011475,1.1307649612426758,1.3991258144378662,1.615086793899536,1.7955873012542725,1.949413537979126,2.083225011825561,8
0.3087339806703684,151.58741717436178,4.482717886968942,2.5086194601182727,2.9018652267699308,0.5994851589202881,1.66019868850708,2.373745918273926,2.664024353027344,2.78474235534668,2.8742504119873047,2.9519147872924805,3.0189871788024902,22
0.4814563089544105,172.11680664385574,1.9380097054980483,2.8637543934468788,2.0184191153098063,0.304072618484497,0.5952894687652588,0.8168532848358154,0.9910778999328612,1.134005784988403,1.2550365924835205,1.3588979244232178,1.4495065212249756,8
0.7610990544023818,109.05874176531086,0.6827096309120075,2.9879684958084054,2.8565548756332864,0.3841843605041504,0.7987124919891357,1.1362261772155762,1.4115605354309082,1.6380767822265625,1.829049587249756,1.992509841918945,2.134533405303955,8
0.5973271521812396,7.750408924205671,100.3728282553772,2.357983735741796,2.9657031245947705,0.9010932445526124,2.792688369750977,4.404971122741699,5.24970293045044,5.452149868011475,5.494671821594238,5.502105712890625,5.504774570465088,7
0.8477928692109631,7.5757898941633295,3.89274510923274,2.693988206050581,2.4566011342729595,0.924180269241333,2.570826768875122,3.6733901500701904,4.256450653076172,4.598989486694336,4.844575881958008,5.035442352294922,5.187601089477539,6
0.7225470538101716,117.72870323653343,45.43103165563534,2.6972201740100727,2.6064554258016983,0.3262553215026855,0.6487057209014893,0.9120979309082032,1.130561351776123,1.3135430812835691,1.4694688320159912,1.6038048267364502,1.7218611240386963,9
0.4385505379424568,7.448914613593902,2.022171572524206,2.4546505163394885,2.110869509487109,1.0918166637420654,3.3594064712524414,5.404496192932129,6.605538845062256,7.028634548187256,7.167980670928955,7.26427412033081,7.33144998550415,6
0.6869463770201427,10.506863770609698,202.43236479446776,2.179184382605264,2.430018355197678,0.6090307235717773,1.6779444217681885,2.352136373519897,2.540443181991577,2.550655603408813,2.551262617111206,2.5523364543914795,2.553416967391968,1
0.6595266411458323,14.810842676637796,0.5188644749600198,2.9814051987672547,2.574751660602847,0.9532690048217772,2.738124370574951,4.013754367828369,4.656274795532227,5.011509895324707,5.250659942626953,5.423786163330078,5.564907073974609,5
0.8633381931451927,76.23457006205273,21.43034605483928,2.847082326490353,2.826647601220421,0.3996918201446533,0.8490140438079834,1.2119500637054443,1.5038955211639404,1.740424871444702,1.9381744861602783,2.1060049533843994,2.251631498336792,9
0.9772669433682986,13.092806334310623,10.824963936408718,2.3106228708045458,2.0086598430873823,0.6101524829864502,1.487982988357544,2.043626308441162,2.3821730613708496,2.6186060905456543,2.800942897796631,2.9515905380249023,3.077770233154297,18
0.93726314819788,179.35756959982615,13.613551719424215,2.831660649672368,2.655029997147065,0.2047731876373291,0.3553669452667236,0.5042150020599365,0.6481525897979736,0.7808923721313477,0.9053292274475098,1.022486686706543,1.1315629482269287,15
0.7389890104464696,213.3551964194102,26.077193066855173,2.7130026490283505,2.081684962890362,0.1683056354522705,0.2817456722259521,0.3936998844146728,0.4979603290557861,0.5953865051269531,0.6863641738891602,0.7713961601257324,0.8512430191040039,15
0.4288323286866958,144.41148337409487,12.744360480920705,2.3332373950891303,2.2580323059876672,0.4118204116821289,0.9265282154083252,1.2561640739440918,1.4544754028320312,1.597323656082153,1.714345932006836,1.807664394378662,1.8926076889038088,18
0.9047554450226616,7.4204378852157,132.08248198692445,2.738166608574612,2.96892580304655,0.7588074207305908,2.1824777126312256,3.2036354541778564,3.699644804000856,3.916625738143921,4.021750450134277,4.078478813171387,4.117088317871094,23
0.3607428574211301,30.770155671123053,259.0768890429118,2.2067050001394226,2.911542488126168,0.5966293811798096,1.7178168296813965,2.532137870788574,2.762305736541748,2.760899543762207,2.760599136352539,2.760054588317871,2.759956359863281,1
0.5793271813456811,12.562454672749432,6.318459886598833,2.7297997716015256,2.894420173529328,1.0565543174743652,3.2131145000457764,4.998008728027344,5.92533016204834,6.304745674133301,6.509047508239746,6.666349411010742,6.770151138305664,6
0.8870655216311989,129.50197124235166,172.2972139609294,2.81358577207864,2.543063215204032,0.2084155082702636,0.3518285751342773,0.4898982048034668,0.6154067516326904,0.7295181751251221,0.8335957527160645,0.9292738437652588,1.017228603363037,17
0.4747620488515974,130.53766145867053,130.80545308495525,2.347446607345132,2.031056861095525,0.2821846008300781,0.5233199596405029,0.6915903091430664,0.8185315132141113,0.9192826747894288,1.0022611618041992,1.0736100673675537,1.1358437538146973,10
0.5783221577380064,161.73037456716924,12.889773270741788,2.6408296302334087,2.989680528838924,0.3727240562438965,0.7750389575958252,1.0847725868225098,1.327873468399048,1.5240206718444824,1.6880927085876465,1.8278040885925293,1.950228214263916,9
0.9322117838797752,87.57389323523746,17.47808925210399,2.5837761747681665,2.6137690845148547,0.3065900802612304,0.6027588844299316,0.8644411563873291,1.0916037559509275,1.2880723476409912,1.46000075340271,1.6107561588287354,1.744072198867798,9
0.476624507769083,20.30300210161565,1.0525572119090376,2.444182717245396,2.6778068695109787,1.0005569458007812,3.013201236724853,4.614201068878174,5.386897087097168,5.669830799102783,5.811728000640869,5.916615962982178,5.995748996734619,5
0.7017006325062561,17.251257493471233,54.479592744543375,2.386735448964782,2.160906033595244,0.7035775184631348,1.8831074237823489,2.611295461654663,2.955714464187622,3.137085199356079,3.255267858505249,3.33776593208313,3.415405511856079,23
0.7258099212565818,69.62061521804218,212.03019209024703,2.0094112851075474,2.723530045915467,0.3132827281951904,0.6320359706878662,0.8676009178161621,1.044461011886597,1.1827075481414795,1.2952816486358645,1.3893499374389648,1.4680137634277344,10
0.5750430796933222,7.508859567820935,34.37485373206503,2.5667631387823127,2.366633805509886,0.9948208332061768,2.967111349105835,4.530126571655273,5.283098220825195,5.5593671798706055,5.698245048522949,5.78956413269043,5.840556144714356,7
0.7334813084310317,128.86615106065355,4.58051616617501,2.511672540278369,2.3156751494608847,0.2851316928863525,0.5498125553131104,0.7775993347167969,0.973353624343872,1.141613245010376,1.288845777511597,1.4174516201019287,1.5324525833129885,8
0.9620472911340228,11.638031809896209,2.2729644693176074,2.274086392269797,2.658288751557872,0.740880012512207,1.9689819812774656,2.7459371089935303,3.1760189533233643,3.456348657608032,3.665142774581909,3.8335578441619873,3.9743459224700928,22
0.3772480209644507,66.06045763511933,129.81196439098534,2.3275983174853256,2.4993223026691527,0.5865530967712402,1.604114294052124,2.2494001388549805,2.451900005340576,2.510791301727295,2.552052021026612,2.589517116546631,2.623574733734131,0
0.6263137784704804,11.710926827514566,1.0949906528297506,2.7656798957862345,2.257801532946608,0.9708504676818848,2.7658047676086426,4.023117542266846,4.639275074005127,4.983926296234131,5.223752975463867,5.391179084777832,5.526981353759766,5
0.5061908883131658,15.113891803814967,0.742342574177114,2.3880146075154665,2.434395506695404,1.0139129161834717,3.0293118953704834,4.597594261169434,5.344708442687988,5.636244773864746,5.806029319763184,5.912567138671875,5.995975494384766,5
0.6427528703918687,100.44438298469632,5.794468778356085,2.777493862371541,2.849453439888036,0.4624383449554443,1.0634973049163818,1.500319480895996,1.799642562866211,2.023090362548828,2.2026290893554688,2.352560043334961,2.480396270751953,18
0.9656167387004416,13.728338509832929,2.701718370109136,2.3143548545497143,2.22205778106839,0.6494219303131104,1.6168267726898191,2.2257843017578125,2.590021133422852,2.838876247406006,3.0337228775024414,3.1910672187805176,3.3253159523010254,18
0.4166222095556905,157.43588268555052,12.390017460092418,2.425346602088119,2.4485840736724733,0.4244728088378906,0.9685192108154296,1.3216640949249268,1.5322551727294922,1.6826884746551514,1.8023931980133057,1.905588865280152,1.99070143699646,18
0.3494981807481889,117.92518324093103,18.633474362640275,2.692702457108397,2.922428154796351,0.6421701908111572,1.8031809329986568,2.600018262863159,2.939338445663452,3.084779977798462,3.179797410964966,3.2562053203582764,3.3227360248565674,23
0.6881741336294428,60.24802147255685,171.84956489428032,2.613898276446438,2.0629333589300782,0.333536148071289,0.6799623966217041,0.9193823337554932,1.0848240852355957,1.20862078666687,1.3056774139404297,1.3838658332824707,1.4517505168914795,10
0.6638218537715042,76.19205566476998,50.28676048702733,2.0213815782746454,2.671490209006194,0.4212298393249511,0.964320421218872,1.3379054069519043,1.587571620941162,1.7731080055236816,1.9226996898651123,2.0454254150390625,2.149984359741211,19
0.4458910444569075,170.52762258824822,2.064435977301982,2.346200667004504,2.560887389967181,0.3960866928100586,0.8693006038665771,1.193636178970337,1.4116809368133545,1.5748987197875977,1.7088279724121094,1.8206391334533687,1.9174308776855469,8
0.4520302551930343,11.802171165490645,0.8942312715920617,2.4814507075740613,2.5382620227670447,1.0982913970947266,3.401902675628662,5.440807342529297,6.582845211029053,6.977860927581787,7.1036763191223145,7.193397045135498,7.263814449310303,5
0.4475799517741179,59.16465280621246,231.31099878887045,2.0301269899533225,2.2953117937323,0.4059250354766845,0.93625807762146,1.2199456691741943,1.3070037364959717,1.3517279624938965,1.3874843120574951,1.4166884422302246,1.441352605819702,21
0.8544979340792547,7.16692616041605,131.05627128132596,2.136267034947104,2.8281985312824025,0.7333059310913086,2.1329457759857178,3.110306024551392,3.526485681533813,3.666151762008667,3.714909315109253,3.7409555912017822,3.7623484134674072,23
0.7881797420425942,89.30103165640513,238.9620488782853,2.0875197964356778,2.661365237018051,0.2362406253814697,0.4195485115051269,0.5755228996276855,0.7086167335510254,0.8228833675384521,0.9225349426269532,1.0095856189727783,1.0861437320709229,17
0.9794085706144467,121.30529734110812,0.9286071800920052,2.141408201171512,2.8804931899948647,0.2285666465759277,0.4255845546722412,0.615530252456665,0.792299747467041,0.954984188079834,1.1049838066101074,1.2425823211669922,1.368750810623169,8
0.8918725692271339,136.1833256029228,55.52849234733127,2.2415429806702294,2.9379520311656275,0.2283861637115478,0.4163973331451416,0.5966665744781494,0.7632269859313965,0.9155123233795166,1.055497169494629,1.1832594871520996,1.3012361526489258,16
0.8244106551733381,104.96637883688712,52.36240317444356,2.3193177448445823,2.264368204585098,0.2560069561004638,0.4818243980407715,0.6827239990234375,0.8577733039855957,1.009925365447998,1.144453048706055,1.2630393505096436,1.3690860271453855,9
0.903453822631456,56.746859998202034,1.1552014745668155,2.1496172105099327,2.199392860474705,0.3515841960906982,0.7325944900512695,1.0396273136138916,1.285688877105713,1.4860727787017822,1.6542742252349854,1.7974400520324707,1.9233763217926023,8
0.6024067284260471,25.139491706304863,103.0995244007384,2.031961196014351,2.727501578097355,0.6762616634368896,1.9338607788085933,2.760533332824707,3.0832204818725586,3.190998077392578,3.25275993347168,3.302452564239502,3.3456244468688965,23
0.5233700193708435,12.286106053074832,9.746954295381569,2.974200138295661,2.025731900341895,0.9611937999725342,2.749794006347656,4.023604393005371,4.631227970123291,4.950174331665039,5.187810897827148,5.358197212219238,5.464523315429688,6
0.9618217212298316,8.76374084225316,58.00896860465028,2.8571603332415907,2.49598600755286,0.7371795177459717,1.973347425460816,2.7809031009674072,3.22568154335022,3.4971678256988525,3.685545682907105,3.8262197971344,3.942219018936157,23
0.3532837927990047,131.93521954728993,171.9771002333024,2.6048020568649783,2.603607029476731,0.4177405834197998,0.9559855461120604,1.2813925743103027,1.4264347553253174,1.5136353969573977,1.582707166671753,1.6396033763885498,1.6876862049102783,20
0.8230426342759112,15.862173853194228,81.38567512594919,2.13182200164745,2.173929589435472,0.5994179248809814,1.5305507183074951,2.081519365310669,2.351708173751831,2.5122263431549072,2.623154401779175,2.709869623184204,2.7877719402313232,20
0.3919667349941312,11.123442241458603,8.676507725830248,2.813457162785112,2.402563995709799,1.1122689247131348,3.457683801651001,5.629879951477051,6.949030876159668,7.401120185852051,7.514812469482422,7.593862533569336,7.653800964355469,6
0.4096692410357803,21.417221095471827,7.034332497348116,2.8276111634592542,2.9211173812299416,1.070265293121338,3.304428815841675,5.2898664474487305,6.393298149108887,6.76386833190918,6.916126251220703,7.013614654541016,7.084869384765625,6
0.4073148401397847,7.356366529567702,111.55921707892188,2.552910436436457,2.1960837375648348,0.8399512767791748,2.494246482849121,3.822514057159424,4.370851993560791,4.4772233963012695,4.497954368591309,4.498491764068604,4.498840808868408,23
0.8237024286434209,6.183606786379537,3.339880046086883,2.77176757596519,2.097685221492797,0.921337366104126,2.490372657775879,3.517295360565185,4.070566654205322,4.432215690612793,4.69903564453125,4.894528865814209,5.046218395233154,6
0.7274249828239148,207.6523438783148,1.7852678219900835,2.200476349259649,2.6250559627226213,0.2035224437713623,0.3569779396057129,0.5055525302886963,0.6427562236785889,0.7682750225067139,0.8851783275604248,0.992506504058838,1.0923871994018557,15
0.690428594324586,9.601945061084546,44.22997813350852,2.899583951088927,2.8574934170702586,0.961179494857788,2.860461711883545,4.333763122558594,5.078639030456543,5.413500308990479,5.600921154022217,5.724693775177002,5.807297229766846,7
0.7093232255734114,12.33340041119845,0.834411092342513,2.221265595556827,2.493004473752272,0.9004132747650146,2.556969165802002,3.672578811645508,4.202601909637451,4.471977233886719,4.644612312316895,4.774002552032471,4.87205171585083,22
0.63852067603264,50.43658305766267,16.468695149332568,2.751824733665522,2.821087281176613,0.6496350765228271,1.7417922019958496,2.469237804412842,2.8498239517211914,3.078340530395508,3.2476229667663574,3.381744384765625,3.5030531883239746,22
0.3336943181882007,61.53019338114085,9.31136646615616,2.8355687285677136,2.126059002381122,0.7575616836547852,2.1168062686920166,3.020451784133911,3.414276361465454,3.593482732772827,3.686123132705689,3.7598392963409424,3.820582151412964,22
0.7532917317589662,7.7151580548916465,0.537060238118934,2.254140838789199,2.717061875462147,0.9942333698272704,2.9303767681121826,4.355239868164063,5.043423652648926,5.379317283630371,5.5857439041137695,5.74008846282959,5.861599922180176,5
0.4054268881979713,25.17007125361633,1.047400830890686,2.7501304939316897,2.719460616342761,1.030930757522583,3.1354904174804688,4.890875339508057,5.797699928283691,6.112357139587402,6.267094612121582,6.375258445739746,6.452797889709473,5
0.7171520695681184,28.65725981446837,59.64692152072757,2.28287564902023,2.1139618285901,0.5612101554870605,1.401864767074585,1.9055635929107664,2.1666996479034424,2.332568883895874,2.455667734146118,2.5593669414520264,2.642784833908081,19
0.4379785683331754,92.8135739492264,19.27777718303864,2.020278506003197,2.0771591749121536,0.4888982772827148,1.1923420429229736,1.58758544921875,1.7782857418060305,1.9022879600524905,2.0015854835510254,2.0886659622192383,2.162482738494873,19
0.3830011082960399,38.51842588487411,2.309020270343065,2.991952922158444,2.323821371767173,0.8957397937774658,2.59851598739624,3.844902992248535,4.422630786895752,4.683726787567139,4.834982872009277,4.935479164123535,5.01044511795044,22
0.7989826311405483,24.33959430810743,0.5761227083495509,2.170180653819291,2.4856796922595903,0.657512903213501,1.704979419708252,2.347554922103882,2.699115514755249,2.928683042526245,3.1022818088531494,3.2426745891571045,3.365917921066284,18
0.8074388686645138,6.359164759016107,32.10765473178507,2.3874783298307056,2.6416569264034075,0.9364218711853028,2.731590986251831,4.028632164001465,4.650697708129883,4.948948860168457,5.123042106628418,5.248774528503418,5.335290908813477,7
0.610825746365622,21.53257685755364,34.88760014342977,2.004165077907401,2.429564144201786,0.7651865482330322,2.1532788276672363,3.0390305519104004,3.417250633239746,3.580228328704834,3.6831979751586914,3.7598719596862793,3.818402767181397,23
0.7012321941250889,8.52117176498246,10.737030764998275,2.3502361566814693,2.007405083555734,0.8993368148803711,2.479987144470215,3.501552104949951,4.002128601074219,4.280180931091309,4.468626022338867,4.58867073059082,4.690989971160889,22
0.7439019963708466,40.21928343499078,11.07764801186788,2.802979562223273,2.1617603854490475,0.5375766754150391,1.3065648078918457,1.816429615020752,2.125172615051269,2.341009616851806,2.510788917541504,2.6522254943847656,2.769873142242432,18
0.5157844028272809,11.86474312271435,261.8426623223591,2.73346714655768,2.065326533503442,0.5204141139984131,1.3548271656036377,1.8230464458465576,1.87320876121521,1.873438596725464,1.8732993602752688,1.87408185005188,1.874151468276977,1
0.331471731311427,196.22737080907305,34.534720041984926,2.283077842870952,2.7182650442626235,0.425983190536499,0.99682354927063,1.3563592433929443,1.5446269512176514,1.6683712005615234,1.7713353633880615,1.8564732074737549,1.9285261631011963,19
0.5061033279779026,7.074833855436724,0.5082591229913799,2.3863980208646103,2.2419953647538327,1.0936238765716553,3.34665846824646,5.284757614135742,6.351627349853516,6.746786117553711,6.912552833557129,7.028866767883301,7.118861198425293,5
0.4802659098140452,63.7169880936483,4.09759438048925,2.7573955168331694,2.5913663394282773,0.6982126235961914,1.9317855834960933,2.741856098175049,3.1257529258728027,3.321537971496582,3.4556031227111816,3.558032989501953,3.65250825881958,22
0.9598130531720894,16.291623768842854,34.13273199134402,2.227257572573196,2.577797302092168,0.6217160224914551,1.585883855819702,2.201260089874268,2.5597047805786133,2.803170680999756,2.987860679626465,3.1376442909240723,3.265829563140869,19
0.5547324584614529,12.08021947343601,0.9457687250854928,2.5310494352904014,2.9711238841359684,1.0818367004394531,3.342861652374268,5.283367156982422,6.32079029083252,6.728089332580566,6.913417816162109,7.05487060546875,7.145464897155762,5
0.6969143807554657,102.17977442660325,6.3722545268325455,2.243529197891637,2.261903717564479,0.332186222076416,0.6770508289337158,0.949500560760498,1.1678509712219238,1.3460650444030762,1.4956779479980469,1.62465500831604,1.737140655517578,9
0.7245048976964045,48.015612091604986,12.1812454589801,2.0766055883834564,2.888157244039144,0.5537765026092529,1.4202070236206057,1.9784061908721924,2.3027193546295166,2.5245697498321533,2.697859525680542,2.838552236557007,2.960066080093384,18
0.8741290941363802,78.24260768533901,5.645400076605342,2.132955330208049,2.9785139541402232,0.3542613983154297,0.7407145500183105,1.0621871948242188,1.3294823169708252,1.551361083984375,1.7401666641235352,1.9024426937103271,2.0438687801361084,9
0.9882204700840832,6.991052390749094,6.949853429188464,2.0995568793112698,2.9990814741014264,0.8341991901397705,2.367530584335327,3.3796627521514893,3.8993399143218994,4.20210075378418,4.414179801940918,4.577593803405762,4.712754249572754,22
0.7553956161960731,7.647458441416852,0.6412213128741284,2.537114233965528,2.731827623027605,1.0148210525512695,2.976724624633789,4.434334754943848,5.159904479980469,5.524784088134766,5.769928932189941,5.952802658081055,6.086909294128418,5
0.5448510628762823,211.0292252887988,106.91281689266656,2.1882811216698594,2.890620515435016,0.2445688247680664,0.4292478561401367,0.5886976718902588,0.7276041507720947,0.8501427173614502,0.9592287540435792,1.056579351425171,1.144517183303833,16
0.3418099378857264,149.74801700378435,6.823673118251878,2.705032302220156,2.296906294795323,0.4893918037414551,1.2095980644226074,1.6462619304656982,1.850830316543579,1.9756968021392824,2.0754525661468506,2.1625335216522217,2.236694097518921,18
0.798836650711783,36.88447967710759,6.686327026904699,2.095593705858996,2.9029302721148404,0.5745925903320312,1.474118709564209,2.056450128555298,2.403520345687866,2.642103433609009,2.829042196273804,2.982861280441284,3.1139094829559326,18
0.501045041992913,7.588309221564002,56.90905236157639,2.20582902705494,2.4890399646493337,0.9613490104675292,2.954024314880371,4.643398761749268,5.495540618896484,5.703094482421875,5.740325927734375,5.756694316864014,5.764780521392822,7
0.8066134719845544,13.0566522521381,5.573836248797632,2.1961456054877444,2.3335666395887884,0.7878565788269043,2.119330883026123,2.944319725036621,3.362128734588623,3.6086483001708975,3.784655094146729,3.9208264350891113,4.029407501220703,22
0.8710560522807695,115.5087259230905,19.08863660426344,2.061389669866012,2.9746953627975623,0.2633018493652344,0.5045273303985596,0.7276997566223145,0.9271471500396729,1.104614019393921,1.2635209560394287,1.4054782390594482,1.5336806774139404,9
0.6674201465200593,111.15797688651924,23.00057631555992,2.578249953790526,2.7020597979104544,0.3868601322174072,0.8264195919036865,1.159970760345459,1.4144985675811768,1.616124391555786,1.7827460765838623,1.9240453243255613,2.0448639392852783,9
0.3301522687517589,8.134609483391834,4.907867699557032,2.4853990851201497,2.21758521450206,1.1324009895324707,3.606614589691162,6.088132381439209,7.835171222686768,8.55908203125,8.635644912719727,8.642087936401367,8.650304794311523,14
0.339511862807222,7.107106619846693,1.2589368382147503,2.367013539230608,2.344977510350781,1.164273023605347,3.758264541625977,6.464374542236328,8.461709976196289,9.359959602355955,9.443211555480955,9.44800853729248,9.452367782592772,13
0.879877239159164,23.968890115254133,82.45178690144404,2.466418440224361,2.079564402380696,0.4844198226928711,1.1455724239349363,1.5804805755615234,1.8428826332092283,2.0266709327697754,2.166032791137696,2.2786459922790527,2.3754196166992188,20
0.6535026627055875,6.784605590745915,0.7712002812157521,2.5731642038898928,2.395439896345038,1.064354419708252,3.1472108364105225,4.73332405090332,5.537040710449219,5.912070274353027,6.172283172607422,6.372745513916016,6.513801574707031,5
0.7907674473112696,95.07427980332388,1.0029127154298578,2.4391403316085127,2.541496209525841,0.3451516628265381,0.7067911624908447,1.0021154880523682,1.2447986602783203,1.4455077648162842,1.6157450675964355,1.762406826019287,1.8900046348571773,8
0.5651479817608052,181.6831330322553,205.03927325371805,2.906341112557129,2.823488252199957,0.2637960910797119,0.4427318572998047,0.5884194374084473,0.715017557144165,0.825333833694458,0.9234623908996582,1.0111145973205566,1.0897092819213867,17
0.8784495665181005,183.62364512004632,7.499023870200544,2.291159019189314,2.803185718445377,0.1931562423706054,0.3421368598937988,0.4867510795593261,0.62485671043396,0.753427267074585,0.874539852142334,0.9877212047576904,1.0935101509094238,15
0.7213763785594012,7.271235910474495,8.82833253432369,2.5058212857957005,2.49083333995415,0.9992632865905762,2.902139663696289,4.277718544006348,4.956434726715088,5.290689468383789,5.521903991699219,5.690919876098633,5.804903030395508,6
0.3390519268682029,13.582995007476356,0.5620918878867295,2.3980312368961623,2.128787443774625,1.076582908630371,3.3225080966949463,5.385586738586426,6.615166664123535,7.0084333419799805,7.095458984375,7.145737648010254,7.181695938110352,5
0.4921212075960927,93.17666885872804,14.598262324971094,2.911779051354605,2.196418178658769,0.50185227394104,1.2268781661987305,1.6923284530639648,1.9458494186401367,2.116707324981689,2.2483372688293457,2.3600149154663086,2.4543027877807617,19
0.9513010747733396,54.306951771902256,2.677425362672597,2.011977412720653,2.9652003192767493,0.3830862045288086,0.8281943798065186,1.189335584640503,1.4802634716033936,1.7174675464630127,1.916251420974732,2.0860724449157715,2.2338080406188965,8
0.558157718106189,46.08554971651476,6.756701799165766,2.0670569636843217,2.6131192281093014,0.6810734272003174,1.8777551651000977,2.612464189529419,2.943722486495972,3.115602731704712,3.244690179824829,3.344690084457397,3.430401086807251,22
0.7369794985900733,40.88706583177864,1.5600272549512455,2.9347330609664577,2.305125784668645,0.5728480815887451,1.4198884963989258,1.9819412231445312,2.317840576171875,2.549312114715576,2.729741096496582,2.8789424896240234,3.007737159729004,18
0.7271981410639589,12.68232121919963,0.7946952138958163,2.9078299836409776,2.8584540729751504,0.962653636932373,2.795426845550537,4.132236480712891,4.81846809387207,5.180538654327393,5.427370548248291,5.614626407623291,5.760311603546143,5
0.522835443998681,16.200045312771312,1.6827247621973676,2.0659358305119286,2.3920542617441822,0.9564828872680664,2.8265936374664307,4.205397605895996,4.820459365844727,5.049297332763672,5.17209529876709,5.249995231628418,5.32491397857666,5
0.8818006834236571,66.89266042257219,8.30422049717273,2.806988654949961,2.932930872204368,0.4295051097869873,0.9360730648040771,1.336787223815918,1.6506657600402832,1.9000868797302248,2.1061363220214844,2.280118942260742,2.430373191833496,18
0.3220077734427371,60.33676489734452,15.678029785603174,2.7731217342571965,2.5897991759399672,0.837740421295166,2.4655137062072754,3.686934471130371,4.24240779876709,4.4408040046691895,4.536833763122559,4.592771053314209,4.636966705322266,22
0.6514755018075773,36.18841992685033,93.00169201378873,2.402063625231715,2.142949109908625,0.5301456451416016,1.324639081954956,1.8032243251800537,2.033611536026001,2.175910711288452,2.279151678085327,2.362520933151245,2.433932065963745,20
0.6065015291341724,11.591294081551004,28.894228349618864,2.846030431643692,2.472544842446537,0.957705020904541,2.801138162612915,4.174728393554688,4.840849876403809,5.147696495056152,5.335099220275879,5.462306022644043,5.543056488037109,7
0.99421123035522,96.69427184023507,2.7783767142193034,2.260528111731375,2.817192510249125,0.2689964771270752,0.5143516063690186,0.7444674968719482,0.9525611400604248,1.1392643451690674,1.3076400756835938,1.4590508937835691,1.595587968826294,8
0.3626618270222838,38.44523621846869,9.771633515556289,2.935834777033224,2.3123035130688674,0.8956503868103027,2.6127514839172363,3.891273498535156,4.473272323608398,4.716754913330078,4.855276107788086,4.930779933929443,4.997787952423096,22
0.3603844983509796,45.99553206244384,172.98823011268175,2.9508557362205767,2.2399256143173525,0.571650505065918,1.537813663482666,2.130117893218994,2.3003783226013184,2.3321242332458496,2.3493566513061523,2.3655314445495605,2.3804473876953125,0
0.5577733986739353,22.81922919816238,0.6316126708640584,2.818828763463761,2.8728723745902096,0.9556028842926024,2.8269145488739014,4.2428483963012695,4.946601867675781,5.266721725463867,5.464227676391602,5.601652145385742,5.706965446472168,5
0.7861606944864488,36.77876898828453,60.04953063789967,2.610280412286308,2.996536931614599,0.5878400802612305,1.5187532901763916,2.151148557662964,2.5111262798309326,2.745980024337769,2.923556566238404,3.067547082901001,3.189861536026001,19
0.9659391647830344,16.832998415839715,201.0667275637597,2.2359152519511687,2.5406450609547537,0.4590010643005371,1.0913774967193604,1.5073022842407229,1.7342381477355957,1.873868465423584,1.971853733062744,2.0435733795166016,2.100538730621338,20
0.8894986278404831,128.10728362313267,3.821896336849547,2.5178513390016195,2.981655941414412,0.279120922088623,0.5250813961029053,0.7540955543518066,0.9607696533203124,1.1460676193237305,1.3134324550628662,1.4640345573425293,1.599862575531006,8
0.7869402634135084,86.64278655878836,13.102664487127122,2.915786572779969,2.290884918023565,0.3476183414459228,0.7223525047302246,1.0247511863708496,1.2681431770324707,1.4666967391967771,1.6333746910095217,1.7758092880249023,1.9002752304077148,9
0.973946266116858,35.22010831354476,2.4198126798591804,2.6119675344722104,2.279982778670432,0.4489960670471191,1.0083703994750977,1.428623914718628,1.7367832660675049,1.9739582538604736,2.167139768600464,2.3296902179718018,2.4699151515960693,18
0.3371418020309299,101.39601024566196,0.5925337844568108,2.4117947164699256,2.475387815762384,0.6546676158905029,1.8126046657562256,2.549171209335327,2.842517137527466,2.972647428512573,3.0579259395599365,3.129575490951538,3.1901943683624268,22
0.8706971075174974,161.9696055358918,3.1427572732911586,2.8575135802320832,2.659546554129605,0.2378332614898681,0.4266207218170166,0.6090948581695557,0.7783305644989014,0.9330549240112304,1.0756452083587646,1.2065050601959229,1.327550172805786,8
0.5199519993340234,13.232335885786211,12.6273371612594,2.8291818798581745,2.6433992773864867,1.048043966293335,3.1650002002716064,4.9011993408203125,5.790121078491211,6.136440277099609,6.326424598693848,6.472652435302734,6.562699317932129,6
0.5779595567451149,110.91077218222811,10.015289601576267,2.165601858582459,2.428152611179732,0.3913142681121826,0.8526821136474609,1.1778347492218018,1.4062867164611816,1.580061674118042,1.7232346534729004,1.842590570449829,1.9459192752838133,9
0.5955374467151051,67.1495719780074,15.503598258513138,2.8922095990564785,2.3993169981676106,0.548792839050293,1.3739686012268066,1.916097640991211,2.219190120697021,2.420351505279541,2.574398994445801,2.7053589820861816,2.813803672790528,19
0.6229761419190719,30.36684000869259,164.34218448125424,2.3476896399835088,2.5990725596626723,0.5701119899749756,1.523679494857788,2.1259684562683105,2.362609386444092,2.4531970024108887,2.5109176635742188,2.558562755584717,2.598989963531494,0
0.4653049013792396,8.665862446137156,23.89856440735228,2.7786447303674766,2.570649160874344,1.0937132835388184,3.396397113800049,5.507568359375,6.753182411193848,7.173514366149902,7.273870468139648,7.337082862854004,7.375642776489258,7
0.5670928521060923,14.2805277022945,3.1337080799297223,2.822033130845405,2.677353016411095,1.0256638526916504,3.048429250717163,4.61872673034668,5.399316787719727,5.746126174926758,5.968439102172852,6.141458511352539,6.252543449401856,6
0.7152884301519168,8.745479081646849,244.5311451738223,2.8065300243620355,2.103256162998422,0.5220911502838135,1.3489108085632324,1.8210692405700684,1.9141321182250977,1.91408109664917,1.9139375686645508,1.9137630462646484,1.9136614799499512,1
0.3917659273201264,6.597457902642734,4.431709579086656,2.429744803505704,2.287529648199056,1.1392745971679688,3.622441530227661,6.102150917053223,7.789722442626953,8.477733612060547,8.557790756225586,8.569965362548828,8.58752155303955,14
0.3423263500816178,83.07407200990798,46.66810058448103,2.0220049749467384,2.716507757411986,0.6545000076293945,1.8828284740448,2.693272590637207,2.982675552368164,3.067171573638916,3.1216788291931152,3.16849136352539,3.213176727294922,23
0.4398628647765127,6.6288930699201725,96.69576758171613,2.308094344836162,2.505386261917648,0.9134938716888428,2.810154438018799,4.46884298324585,5.329749584197998,5.472726821899414,5.49090576171875,5.493039608001709,5.493801593780518,7
0.3573650940454031,108.8860102590818,0.593752180675578,2.2313175993774954,2.8595802892930755,0.6423401832580566,1.821812629699707,2.5971083641052246,2.910116672515869,3.043753147125244,3.137643337249756,3.214442253112793,3.2794647216796875,22
0.933511035766012,11.534877241547791,0.6877244528309432,2.4927047402532576,2.338789161295604,0.7420997619628906,1.9288582801818848,2.6773886680603027,3.103846549987793,3.3787970542907715,3.5862903594970703,3.7540416717529297,3.8965811729431152,22
0.4922855148577528,115.26939039214066,10.978509304402216,2.236911661350453,2.899582001843628,0.4974222183227539,1.247859001159668,1.738844633102417,2.009218692779541,2.1900792121887207,2.333237648010254,2.4493513107299805,2.5531301498413086,18
0.9571929559099016,10.626078789945549,1.922293202446496,2.587113334411113,2.594561015305151,0.7795083522796631,2.0772297382354736,2.91223692893982,3.384856939315796,3.685809850692749,3.911630392074585,4.091764450073242,4.241724014282227,22
0.5135887664452483,13.71473925258124,8.595548035060734,2.4768519705466203,2.242515406314328,0.975318431854248,2.849534511566162,4.230912208557129,4.868798732757568,5.146897792816162,5.315807342529297,5.42482852935791,5.495190620422363,6
0.4623745467140849,40.54429128700824,32.37979393100742,2.1380616528679486,2.2226617635091563,0.714057445526123,1.9694764614105225,2.745807886123657,3.060051679611206,3.193885564804077,3.2739527225494385,3.336670160293579,3.396151304244995,23
0.7429424119347512,54.063375010215374,58.21950518152834,2.5401418403245657,2.096696731281406,0.4087963104248047,0.9098715782165528,1.2619338035583496,1.5014138221740725,1.6785473823547363,1.8201050758361816,1.9407048225402832,2.038025379180908,19
0.3232441939714202,103.24091083887647,0.5115270528581964,2.668156423217013,2.718718190085406,0.7081584930419922,2.027694702148437,2.945387840270996,3.334153652191162,3.487415313720703,3.571310520172119,3.6383676528930655,3.6961708068847656,22
0.9823263490146068,44.42037950471913,0.6080906833161853,2.893233010794809,2.816599000667997,0.4733614921569824,1.0651071071624756,1.524980545043945,1.8712196350097656,2.140540599822998,2.3603954315185547,2.54568862915039,2.705852031707764,18
0.3718327675301136,6.334604202329713,10.937315502275524,2.6313202794536683,2.660054087139908,1.1880199909210205,3.844116687774658,6.652428150177002,8.721532821655273,9.636491775512695,9.72566032409668,9.728137969970703,9.731595993041992,14
0.8742089872900984,71.9794388551685,1.7514731041187828,2.9595873936359864,2.250987564421062,0.3547132015228271,0.7437713146209717,1.062814712524414,1.3206110000610352,1.531832218170166,1.7090449333190918,1.8612966537475584,1.9943218231201167,8
0.4281812788279896,31.62306204195396,0.5279462504647896,2.682386603457369,2.908791873514227,0.977691888809204,2.972961902618408,4.603228092193604,5.420414447784424,5.715955257415772,5.861363887786865,5.957041263580322,6.019629955291748,5
0.6305881603486362,20.00731605452304,59.76925721120131,2.877810908383143,2.8095949482756173,0.8273658752441406,2.3978004455566406,3.5313920974731445,4.087355613708496,4.340124130249023,4.48155689239502,4.569150447845459,4.634613513946533,23
0.7039537145315111,139.3448092542703,99.44248050445223,2.36401271058052,2.5577044206387702,0.2510099411010742,0.4549939632415771,0.6345882415771484,0.7909443378448486,0.9277820587158204,1.0496370792388916,1.157644510269165,1.2538917064666748,10
0.8401642028338976,7.524971822778556,32.64869396236965,2.387599561546976,2.0444006915120614,0.7900590896606445,2.0999348163604736,2.911808729171753,3.333587884902954,3.5772182941436768,3.739076375961304,3.854698896408081,3.942310571670532,23
0.8625373518959241,16.26973165551225,24.043413341232,2.795870659784492,2.1558594538682283,0.6603724956512451,1.6830153465270996,2.3332762718200684,2.709136962890625,2.956037998199463,3.1395087242126465,3.28997802734375,3.4128708839416504,19
0.8776295119476571,10.59654181628614,0.6572376247226406,2.399948554202937,2.717833567491155,0.8431971073150635,2.3460404872894287,3.3305227756500244,3.844339609146118,4.142450332641602,4.356395721435547,4.524379730224609,4.66204833984375,22
0.4789188291871707,156.41075923192153,171.53276789051313,2.52232449303058,2.2033337765439627,0.2538225650787353,0.4337151050567627,0.5669782161712646,0.676159143447876,0.7682411670684814,0.8479945659637451,0.916949987411499,0.9773390293121338,17
0.8278854451712807,12.288219529177251,2.1414864819386725,2.369782237595769,2.7575738212611687,0.8475539684295654,2.396632671356201,3.4250497817993164,3.947125434875488,4.236501216888428,4.4366888999938965,4.591672897338867,4.717946529388428,22
0.3341613672860201,9.45562367084978,10.172742976493703,2.7690315679204227,2.608990441003055,1.1680147647857666,3.7427186965942383,6.404406547546387,8.278055191040039,9.078984260559082,9.15203857421875,9.158851623535156,9.1688871383667,14
0.4457315037491485,60.53967294003661,22.709957554803733,2.2568887456033533,2.4961996080104907,0.6858980655670166,1.9179790019989007,2.7059333324432373,3.0345981121063232,3.175585985183716,3.274476289749145,3.3556911945343018,3.4231998920440674,23
0.9664759943673152,20.02732725040393,9.15178547695698,2.743349857139168,2.6403793060348457,0.6322216987609863,1.5917227268218994,2.239605188369751,2.6392948627471924,2.918268918991089,3.133680582046509,3.3128983974456787,3.465651273727417,18
0.5364953929804199,9.560011244392731,0.5839370767291178,2.25785577961662,2.890221190915573,1.101609706878662,3.4636147022247314,5.585903167724609,6.783425331115723,7.225981712341309,7.376969337463379,7.47538948059082,7.546392440795898,5
0.9593405745723274,88.05855563429083,3.162364520278123,2.339271042033707,2.7302056756613178,0.2954397201538086,0.5769836902618408,0.8319125175476074,1.0561985969543457,1.2524352073669434,1.4260835647583008,1.5796566009521484,1.716383934020996,8
0.3437285223227115,28.20902871336169,23.6146897414771,2.3163058573481177,2.0848989617778257,0.8794975280761719,2.558436393737793,3.785858154296875,4.286092281341553,4.438367366790772,4.511693477630615,4.557190895080566,4.589416980743408,23
0.9441899309026068,7.545534737397952,18.87262922130267,2.8145596455902586,2.044511797881319,0.7555890083312988,1.940736532211304,2.6880061626434326,3.127384901046753,3.419023275375366,3.631385087966919,3.793318033218384,3.926961660385132,23
0.3894749413061738,10.201832470188815,31.22760533212766,2.521572251413812,2.6496518889503813,1.0789010524749756,3.3973817825317383,5.623465538024902,7.027778625488281,7.495146751403809,7.531890869140625,7.545510292053223,7.554811477661133,7
0.921144596592036,77.27910823186517,1.1344816467241323,2.389451572586608,2.835241239918818,0.3515191078186035,0.7206370830535889,1.0344417095184326,1.2988741397857666,1.522233963012695,1.713299036026001,1.8781898021698,2.0224077701568604,8
0.978011951416081,194.65192301343583,2.124415267577069,2.9898484917360024,2.934649638406791,0.2099001407623291,0.3563601970672607,0.505988359451294,0.653306245803833,0.7888879776000977,0.9179160594940186,1.0402045249938965,1.1554193496704102,15
0.448886371382552,79.35478222256013,14.730145515637997,2.798592642165324,2.663091874520643,0.6561646461486816,1.7986536026000977,2.5551819801330566,2.9046378135681152,3.0790414810180664,3.205283164978028,3.3036251068115234,3.386641025543213,22
0.6131263027350805,153.49431279358186,78.20900475724629,2.342105604505388,2.792560927904029,0.2990384101867676,0.5733556747436523,0.7962875366210938,0.9829940795898438,1.1407132148742676,1.2766854763031006,1.3951592445373535,1.499413251876831,10
0.8558093886981382,47.46634256310361,256.57855926846247,2.608157201120794,2.0605044243925934,0.2609353065490722,0.4724187850952148,0.6297810077667236,0.7527859210968018,0.8501965999603271,0.9300947189331056,0.9960737228393556,1.0519506931304932,17
0.900869343185318,62.423881281374456,0.9026644983298432,2.181834159175737,2.7569600603668207,0.3879990577697754,0.8318042755126953,1.1858694553375244,1.4677119255065918,1.696577787399292,1.887778282165528,2.050227165222168,2.1919283866882324,8
0.3952822434902971,21.13021237640616,3.39043878026826,2.3078960098182284,2.3769001240990355,1.0035772323608398,3.031017780303955,4.673908233642578,5.478557109832764,5.719965934753418,5.833322525024414,5.901453971862793,5.94365119934082,6
0.9531063742338992,67.57243884994732,181.1059817412452,2.189121785752439,2.945932477647443,0.281726598739624,0.5445699691772461,0.7715344429016113,0.9664263725280762,1.1333250999450684,1.2773869037628174,1.4031486511230469,1.512650728225708,10
0.317538830951906,132.98788648321755,29.283152150929315,2.9365515289062496,2.465190209377436,0.5663886070251465,1.497307300567627,2.0929102897644043,2.3335814476013184,2.454822063446045,2.544506072998047,2.620938777923584,2.685311794281006,19
0.776538256814669,134.33931502663566,5.972341681555342,2.508464529899784,2.625859102177168,0.2883634567260742,0.5515954494476318,0.784407377243042,0.9883432388305664,1.1665992736816406,1.3235883712768557,1.4632508754730225,1.5873050689697266,9
0.3484606360040241,11.876919304866345,57.06563394341549,2.628431815047211,2.4536974211645592,0.991849422454834,3.065609931945801,4.937154293060303,6.0075554847717285,6.268167972564697,6.294980525970459,6.3117499351501465,6.317471981048584,7
0.3631150773088211,68.1338392680708,27.25091891752568,2.4776397273927984,2.423438185843038,0.7112164497375488,2.0024704933166504,2.851922512054444,3.201422691345215,3.337040424346924,3.41029691696167,3.469931602478028,3.527409553527832,23
0.3635608245740246,32.33704571264177,1.6885301386727918,2.386156208091576,2.654907839120716,0.974865198135376,2.9682886600494385,4.5996503829956055,5.394208908081055,5.635536193847656,5.728355407714844,5.795336723327637,5.840991020202637,5
0.5246142318399769,133.51756917552964,104.2102800530946,2.7697397862794264,2.2520315350045266,0.3229730129241943,0.6386113166809082,0.8655164241790771,1.0361173152923584,1.170823574066162,1.2828388214111328,1.3774781227111816,1.458235740661621,10
0.6498101299070485,20.22216300362242,2.3251140510195047,2.121251915668976,2.1155296134399806,0.7668352127075195,2.0498225688934326,2.8290884494781494,3.196265935897827,3.4057271480560303,3.5502383708953857,3.658789873123169,3.7461907863616943,22
0.7494149069097519,85.10895799431209,206.46745844172392,2.446527739705535,2.897742918581572,0.3194971084594726,0.6303932666778564,0.8687677383422852,1.0599462985992432,1.2144176959991455,1.3433916568756104,1.4528510570526123,1.5471277236938477,10
0.7096243069672976,15.035161082821272,0.9301909535988676,2.4280752434647868,2.441490061860253,0.8671302795410156,2.429030179977417,3.46472430229187,3.9701764583587646,4.241216659545898,4.427793502807617,4.562575340270996,4.676424026489258,22
0.3156978457910627,18.440469011203536,0.9182081230429684,2.5642934919095195,2.4492089276588644,1.101095199584961,3.4437711238861084,5.635302543640137,6.992302894592285,7.43741512298584,7.507258415222168,7.547552108764648,7.577566146850586,5
0.5583467817260157,32.061696906489566,31.59079410755245,2.886197414985652,2.4990032753040308,0.7800447940826416,2.197014808654785,3.1630096435546875,3.627041339874268,3.857907772064209,4.002378463745117,4.098783493041992,4.187417984008789,23
0.9218563176808736,109.18432412252288,6.390574401673703,2.581220437416514,2.683232769809148,0.2786977291107178,0.530128002166748,0.76155686378479,0.9682037830352784,1.1515634059906006,1.315483808517456,1.4618971347808838,1.5928704738616943,9
0.3320830155112638,7.1488646712305535,145.4909136362907,2.336156559188606,2.1291923411109543,0.762293815612793,2.232295513153076,3.3456525802612305,3.71687650680542,3.757627487182617,3.757681846618652,3.7578821182250977,3.757824420928955,23
0.4078875531023769,47.0667667046178,17.322375488204308,2.0690456196137896,2.0917546074739706,0.7181122303009033,1.969188928604126,2.727452039718628,3.021368265151977,3.151557683944702,3.2288739681243896,3.290085554122925,3.342171430587769,22
0.9567553265634384,31.06775792958065,135.96778663455387,2.979712256009891,2.418580144293846,0.4212632179260254,0.9447205066680908,1.3306751251220703,1.5989904403686523,1.797022819519043,1.950991153717041,2.077737808227539,2.1829214096069336,20
0.7541512424963235,64.81214752682745,1.9662653918408048,2.77442982811556,2.760115635096552,0.5031149387359619,1.188244104385376,1.6810126304626465,2.010979175567627,2.254058837890625,2.447838306427002,2.609055519104004,2.74860954284668,18
0.6328127271692305,84.70243654630616,2.349889445709796,2.6035853863891787,2.204241330727271,0.4301197528839111,0.9693377017974854,1.3491740226745603,1.6061980724334717,1.7967512607574463,1.95117735862732,2.0828211307525635,2.19187331199646,18
0.5345262136661111,61.09064800895574,19.868959011565945,2.657568774092036,2.031933798972545,0.5431315898895264,1.3578977584838867,1.8539528846740725,2.1122045516967773,2.2747678756713867,2.406161308288574,2.509440898895264,2.599813461303711,19
0.9730190238428068,26.01790402483701,35.23379954749661,2.4267200397204465,2.835333326696696,0.5458767414093018,1.3314075469970703,1.875545740127564,2.2328569889068604,2.490719556808472,2.694084405899048,2.861658811569214,3.003828287124634,19
0.4174863862161044,6.699651246793099,2.6151807755691445,2.9599465768163267,2.275698810871703,1.1579909324645996,3.631335735321045,6.047115325927734,7.632230758666992,8.256723403930664,8.386584281921387,8.471224784851074,8.56495475769043,14
0.6302603375497382,6.339658138042829,24.335540586654112,2.645579535572205,2.274759865762668,1.0092899799346924,2.9740519523620605,4.482091903686523,5.208532333374023,5.524842739105225,5.729700565338135,5.859275341033936,5.947906970977783,7
0.5485623807553424,17.05132992377696,1.238236789004454,2.52519193340921,2.4180172660550805,0.957326889038086,2.781713962554932,4.095855236053467,4.717147350311279,5.005561828613281,5.175940036773682,5.311187744140625,5.398992538452148,5
0.4363333700103016,21.2902945174164,0.9315770981622904,2.25543090856122,2.9440600915619703,1.0290918350219729,3.2085864543914795,5.120795249938965,6.133365631103516,6.46070671081543,6.573456764221191,6.638371467590332,6.689565658569336,5
0.8120803939245123,172.47303413747363,11.038102573315266,2.8704545720682724,2.5238910450942376,0.230365514755249,0.4106168746948242,0.5833449363708496,0.742161750793457,0.8874213695526123,1.0208959579467771,1.1435296535491943,1.2561776638031006,15
0.73909204294008,154.35641251273313,3.745004434011917,2.214261389365757,2.896817170752453,0.2708475589752197,0.5123429298400879,0.7306923866271973,0.923558473587036,1.0944421291351318,1.246757984161377,1.3821351528167725,1.503993272781372,8
0.7385002958667768,47.28551164358783,0.6951570004626366,2.695937411981604,2.331825256538003,0.5382235050201416,1.3093278408050537,1.824037313461304,2.141737699508667,2.364556074142456,2.5413191318511963,2.687950372695923,2.811121225357056,18
0.5712372081991144,146.56085150942792,19.06207846175854,2.5603513225104058,2.811075919720647,0.385195255279541,0.8209326267242432,1.146104335784912,1.389463186264038,1.5820682048797607,1.7406671047210691,1.8749520778656008,1.9901349544525144,9
0.5369451179339574,8.053354616507695,0.5511665898613534,2.196827194598088,2.7156632517705086,1.1057696342468262,3.470149517059326,5.578711032867432,6.770198345184326,7.206933498382568,7.348162174224853,7.4321980476379395,7.503274440765381,5
0.7844282913069837,115.15867110644058,2.853142749712067,2.7027676573710275,2.5549529947693825,0.3164656162261963,0.6255271434783936,0.8885304927825928,1.1125733852386477,1.303887128829956,1.46927809715271,1.6130831241607666,1.7397444248199463,8
0.5463139859500236,17.855206354015888,19.775292267220188,2.123961969743364,2.40533535318078,0.8861982822418213,2.5839297771453857,3.7817323207855225,4.301177024841309,4.5059309005737305,4.610223770141602,4.675505638122559,4.740077018737793,23
0.3459899494659354,201.92564064401463,102.184697192278,2.191289033099856,2.7588478556592424,0.3576414585113525,0.7571759223937988,1.0112223625183103,1.1702475547790527,1.287529468536377,1.3814902305603027,1.4586496353149414,1.5276906490325928,10
0.6043502875505715,123.64844458446316,7.316347570573137,2.9777115926245354,2.996026157658362,0.4515860080718994,1.0175018310546875,1.4390506744384766,1.737241268157959,1.961566925048828,2.1438097953796387,2.296245574951172,2.427436351776123,18
0.3967198214739014,7.24348061326408,221.0092014881785,2.28876578966044,2.920722441434553,0.7392034530639648,2.2455718517303467,3.4915225505828857,4.045757293701172,4.076775550842285,4.075921058654785,4.07696533203125,4.076047897338867,23
0.6417602443485477,59.54245206388952,63.6920030994256,2.450231548245457,2.899433356527525,0.547304630279541,1.4067590236663818,1.9772872924804688,2.284891128540039,2.4786157608032227,2.6300415992736816,2.749629020690918,2.854734420776367,19
0.3896388224357741,189.4368673549633,147.5259936714359,2.267506236286814,2.9410782770875943,0.3402810096740722,0.696570873260498,0.9329655170440674,1.0944044589996338,1.2175359725952148,1.317188739776611,1.401444911956787,1.4750471115112305,10
0.9721398984495332,148.43808051199085,17.086471039802184,2.71736104855486,2.212723166457517,0.1852800846099853,0.3289487361907959,0.4694702625274658,0.6018352508544922,0.7252249717712402,0.841303825378418,0.9491276741027832,1.0499348640441897,15
0.9125777714983918,6.825553849714571,1.585227266624406,2.6996438265150187,2.818851549136244,0.9467511177062988,2.6928064823150635,3.907646894454956,4.550826072692871,4.926630020141602,5.189335823059082,5.39532470703125,5.562217712402344,5
0.7639833095180991,9.499853478734009,20.213626693086457,2.586847277220638,2.62223338942972,0.924799919128418,2.665356397628784,3.893619298934937,4.500514030456543,4.806319236755371,5.011398315429688,5.153934478759766,5.264498710632324,6
0.9770770177796896,18.313462067219685,12.493046616910442,2.167215532891724,2.1310585435377645,0.5473086833953857,1.2987897396087646,1.7897982597351074,2.1047513484954834,2.332010507583618,2.512438535690308,2.6605875492095947,2.788415670394897,18
0.5474092650752438,43.74466555729356,16.552222406743155,2.8359071925684503,2.6444268309861854,0.7445597648620605,2.0846731662750244,2.986255884170532,3.420288324356079,3.642455339431762,3.79166579246521,3.901923894882202,3.996137380599976,22
0.6061876135840318,51.99816065085592,1.346198476009494,2.8939598181010906,2.2903660019886964,0.6065764427185059,1.558408260345459,2.1667165756225586,2.495415687561035,2.706183910369873,2.868549346923828,3.001204490661621,3.1116762161254883,18
0.675100294095411,6.074272508571046,1.2182256336207151,2.964645814564297,2.44176371604054,1.0910263061523438,3.233275413513184,4.89728307723999,5.751534461975098,6.176734924316406,6.499975204467773,6.767006874084473,6.95897388458252,5
0.4821671384346145,6.73177404661409,118.6454090556196,2.048142005596315,2.7832226188137827,0.8633322715759277,2.6847925186157227,4.2850422859191895,5.107396602630615,5.2164459228515625,5.218935966491699,5.219099998474121,5.219218254089356,7
0.9277792845238344,135.88087354856432,66.47433380027498,2.4353321300311785,2.737991342843649,0.2200582027435302,0.3928511142730713,0.5594396591186523,0.713874340057373,0.8553168773651123,0.9856412410736084,1.1055028438568115,1.2158288955688477,16
0.4012944228754081,190.4816858830572,1.249803757053776,2.5878189198688952,2.02366550215813,0.3196334838867187,0.6358270645141602,0.8567733764648438,1.0184342861175537,1.1470961570739746,1.254096269607544,1.343597412109375,1.421760320663452,8
0.8176049723277306,87.42918519709325,39.22770775928099,2.8018059511169864,2.703581399974045,0.3667588233947754,0.7600152492523193,1.0784406661987305,1.338001728057861,1.5509157180786133,1.730079174041748,1.8831324577331543,2.01560115814209,9
0.9147716842217573,209.11341769516832,1.2202779632657983,2.21521071597876,2.313519229211571,0.1453382968902588,0.2550532817840576,0.3586983680725097,0.4588758945465088,0.5556347370147705,0.6483690738677979,0.7364299297332764,0.8201842308044434,15
0.9219784681501552,93.19429023600816,210.7321883833565,2.638944672340379,2.743628407529344,0.2421214580535888,0.4278287887573242,0.5958945751190186,0.7448339462280273,0.8763844966888428,0.9947974681854248,1.100358247756958,1.1944479942321775,17
0.8424702344225687,69.83758801775161,127.49693993898356,2.231653425916836,2.9082667055744915,0.3379805088043213,0.6981618404388428,0.9859158992767334,1.2178668975830078,1.4065110683441162,1.5648908615112305,1.6988239288330078,1.814264774322509,10
0.3578646632281291,7.478079022004836,20.735736488147204,2.686672330869495,2.1217289809317554,1.0803282260894775,3.3643229007720947,5.549707412719727,6.933218955993652,7.427278518676758,7.474971771240234,7.495615005493164,7.511359214782715,7
0.4043929178974702,24.18426637652324,116.4396172256202,2.256518606352582,2.756690607021508,0.7939083576202393,2.395679712295532,3.656981706619263,4.207259178161621,4.317599296569824,4.331570625305176,4.337830543518066,4.344245910644531,23
0.5299027116577778,24.846059535734085,7.266416648283504,2.7632933126203154,2.481548611316692,0.8923912048339844,2.566075325012207,3.751490592956543,4.313313007354736,4.587876319885254,4.7616047859191895,4.872571468353272,4.961151599884033,22
0.3326564687838635,13.529868424487429,248.05230331243945,2.7943462048031487,2.522462544097112,0.6524736881256104,1.8732714653015137,2.7651925086975098,3.035889148712158,3.0398941040039062,3.03995132446289,3.0402512550354004,3.039653778076172,1
0.9103738785211908,29.49702190699321,28.15735832442048,2.095342916951802,2.0374786718618942,0.4440486431121826,0.9990100860595704,1.383533000946045,1.6496689319610596,1.8488998413085933,2.0071637630462646,2.141547918319702,2.2559974193573,19
0.9169761072846992,7.655628025986823,2.4393878316195026,2.5924642057926426,2.45320523318006,0.8683159351348877,2.3658382892608643,3.3401858806610107,3.866276502609253,4.193719863891602,4.427839279174805,4.609537124633789,4.753876686096191,22
0.4596675243345758,7.578082499753727,48.37007520142867,2.3438256681710383,2.642954651458216,1.0284452438354492,3.226853847503662,5.253269195556641,6.466418266296387,6.823944091796875,6.848054885864258,6.860298156738281,6.865675926208496,7
0.7123055683673218,16.06673096451387,5.310107081855268,2.2360360630374974,2.4168534625286715,0.8216540813446045,2.2745184898376465,3.207918167114258,3.654961585998535,3.8959012031555176,4.050350666046143,4.179576873779297,4.271572113037109,22
0.4233202933736423,46.37475511021565,1.3254898523561258,2.902791187364149,2.6165933927219385,0.851952314376831,2.472574234008789,3.642539978027344,4.194501876831055,4.44360876083374,4.588719844818115,4.685540199279785,4.755003452301025,22
0.9323150257430916,7.07752422767277,18.48792863844953,2.019660476904096,2.246192986455108,0.7892317771911621,2.1038122177124023,2.9079294204711914,3.317098617553711,3.5597519874572754,3.732356548309326,3.863213062286377,3.967752933502197,23
0.6506788351553403,123.08586574651385,85.35987734955515,2.3485329922795817,2.924675770404788,0.338341474533081,0.6888673305511475,0.9620354175567628,1.1809563636779783,1.3591365814208984,1.5097527503967283,1.638573169708252,1.750474452972412,10
0.3554619697680656,95.95538430684238,138.22857934289922,2.800722052139052,2.561744707740877,0.5327236652374268,1.3908720016479492,1.9420318603515625,2.138403415679932,2.2133331298828125,2.2705512046813965,2.3205904960632324,2.3646373748779297,0
0.5824082534054918,15.43145846073326,114.99705433287026,2.3926710054132005,2.3683539169989323,0.7284762859344482,2.0641467571258545,2.962742567062378,3.31508469581604,3.41912055015564,3.45382046699524,3.4758641719818115,3.4958322048187256,23
0.6278976054472807,104.47154390444123,18.949141347203263,2.94036689775794,2.1749783670628373,0.3642146587371826,0.7744307518005371,1.0811724662780762,1.3093986511230469,1.4873900413513184,1.635488986968994,1.7588777542114258,1.8661298751831048,9
0.9415264490510088,33.67368152415872,2.06295868913687,2.541730466606116,2.948083764772225,0.5497961044311523,1.3308804035186768,1.8845295906066888,2.258209705352783,2.5334858894348145,2.7520852088928223,2.9335832595825195,3.0902557373046875,18
0.9692046340317692,32.36679224979401,242.51916661140825,2.6611093850488734,2.949145375803396,0.3984119892120361,0.8721179962158203,1.2213785648345947,1.467518329620361,1.6460494995117188,1.7836556434631348,1.894086837768555,1.985091209411621,20
0.93531252044052,27.84129337622074,6.27417669686023,2.8765667347952832,2.818506827629225,0.6053357124328613,1.5074334144592283,2.138182640075684,2.53786039352417,2.82149076461792,3.044645309448242,3.229290008544922,3.3885087966918945,18
0.8341389867485671,67.79019746848401,6.739610764267605,2.573404010216028,2.0191633946470056,0.3370254039764404,0.7022218704223633,0.9945182800292968,1.2269818782806396,1.4161603450775146,1.5745999813079834,1.7099087238311768,1.8290297985076904,9
0.8328520620830491,33.2719933939265,138.9867447045791,2.8852952672315886,2.3873308379379257,0.4616208076477051,1.083359718322754,1.5126957893371582,1.7739477157592771,1.9518675804138184,2.08388614654541,2.194705009460449,2.2853026390075684,20
0.9948249911191652,132.69110436086538,1.3141864821085651,2.408888474410874,2.679953241574434,0.2165524959564209,0.3949747085571289,0.5673136711120605,0.7298073768615723,0.8798890113830566,1.0192723274230957,1.1482889652252195,1.2680511474609375,15
0.4973296263656508,30.38936519527116,2.245035156162197,2.001387682006392,2.3213336335337336,0.8176572322845459,2.3304009437561035,3.318166732788086,3.737053394317627,3.908789157867432,4.016766548156738,4.088914394378662,4.149478912353516,22
0.8445154137669104,26.7928710501548,137.96482392423715,2.981245403108459,2.7030170804730167,0.545236349105835,1.3689913749694824,1.9379167556762693,2.2569899559021,2.456343173980713,2.602163314819336,2.715071678161621,2.8127317428588867,20
0.3430102899449567,26.905598176144853,2.902172727524805,2.555716657541426,2.791600462525897,1.0486845970153809,3.2579832077026367,5.237274169921875,6.337692260742188,6.671609878540039,6.765556335449219,6.8218278884887695,6.862334251403809,6
0.8528063448126435,182.0455021486183,4.63819597456495,2.483877422157293,2.1550416579528644,0.1708483695983886,0.2983248233795166,0.4218053817749023,0.5389323234558105,0.648949146270752,0.7520105838775635,0.8487937450408936,0.9391694068908693,15
0.334956096055703,7.29163612242947,1.26037285583747,2.0733039661689343,2.4445935766717843,1.155686616897583,3.778797864913941,6.56076717376709,8.63506031036377,9.616886138916016,9.716907501220703,9.722784996032717,9.727982521057127,13
0.9250143226965142,8.078032134628824,207.1355910196924,2.753618701084946,2.6182166937044404,0.6046350002288818,1.6258516311645508,2.301231861114502,2.585193634033203,2.684072494506836,2.717550754547119,2.73717737197876,2.753742218017578,1
0.6833436737292529,8.788814706563455,69.38985648350906,2.9978716277626383,2.437604581572149,0.8808045387268066,2.5546646118164062,3.78376054763794,4.372306346893311,4.6422953605651855,4.786014556884766,4.86786413192749,4.9204511642456055,23
0.7748328538676812,48.72537908568207,15.358390364486038,2.3340438356844446,2.741885120445722,0.5205492973327637,1.264744520187378,1.7671632766723633,2.084859848022461,2.3133082389831543,2.493447780609131,2.6415047645568848,2.770623207092285,19
0.8063467524751085,7.003305659173241,5.358611380673544,2.1994323094540547,2.074529736652748,0.885317325592041,2.3997373580932617,3.3524065017700195,3.8327016830444336,4.109799861907959,4.305417060852051,4.446756362915039,4.555264949798584,22
0.6722908836419714,14.972910763146396,125.48383802323532,2.879773233288975,2.308567813022906,0.690326452255249,1.9101896286010744,2.7114334106445312,3.062808990478516,3.215627193450928,3.2840728759765625,3.326197624206543,3.3604278564453125,23
0.3165240199525362,147.1491706912124,76.75500654098573,2.1626095868052446,2.1070618432971737,0.3947029113769531,0.8826122283935547,1.150282621383667,1.2753453254699707,1.3591277599334717,1.425492525100708,1.4821608066558838,1.5323445796966553,21
0.6728468690351804,173.22688460699965,52.68217420241467,2.0684021011631524,2.611525844549724,0.225499153137207,0.4040060043334961,0.5672876834869385,0.7130696773529053,0.842538595199585,0.9600205421447754,1.0654094219207764,1.160785675048828,16
0.8069415124598633,34.21489387033425,0.524901454643564,2.843022576406806,2.6011897437910654,0.6151902675628662,1.5560119152069092,2.187769651412964,2.5633585453033447,2.8204171657562256,3.018363237380981,3.1836283206939697,3.325713872909546,18
0.494152964199773,25.33773892889033,7.366281262896951,2.1286422838662875,2.458654309672033,0.8799796104431152,2.57519268989563,3.776222467422485,4.294963836669922,4.496996879577637,4.6014404296875,4.670804977416992,4.739115715026856,22
0.3059837502499522,75.02084589098222,1.7009027433306598,2.433474363204872,2.1024229698298527,0.7144734859466553,1.9732131958007808,2.767131805419922,3.0845446586608887,3.2148594856262207,3.294063091278076,3.353867530822754,3.405325412750244,22
0.6037784402355579,121.63026363225444,209.9776144411704,2.137039546692962,2.4339361051449995,0.2472848892211914,0.4324841499328613,0.578514814376831,0.7003068923950195,0.8028392791748047,0.8914659023284912,0.9689829349517822,1.036512851715088,17
0.7414255754383343,177.2165860870926,6.437697977978469,2.3059020789199844,2.161376547602862,0.1913321018218994,0.3375985622406006,0.476771593093872,0.6043167114257812,0.7211713790893555,0.828500509262085,0.9276463985443116,1.018582105636597,15
0.4927447406789431,16.60520887612292,189.16889856833552,2.575088999765334,2.585784219439523,0.6903557777404785,1.992358446121216,2.9333770275115967,3.2768442630767822,3.3225443363189697,3.322788953781128,3.323352098464966,3.3243396282196045,23
0.7013106604961203,9.613643164970538,2.3739314421299342,2.977847185730065,2.302103947749429,0.9619383811950684,2.704958915710449,3.904306411743164,4.512576580047607,4.887902736663818,5.157219886779785,5.357301712036133,5.501839637756348,6
0.8487813040077894,8.554561665828327,2.038922470983404,2.2026028958921136,2.123498010914634,0.8307161331176758,2.207188129425049,3.0599188804626465,3.502638339996338,3.772095203399658,3.9574713706970215,4.104032516479492,4.220173358917236,22
0.5912166246823236,160.0459230685686,99.65979443305062,2.8151130156098887,2.451051565318368,0.2813212871551513,0.5178780555725098,0.7081053256988525,0.8689460754394531,1.0058298110961914,1.1243617534637451,1.227867841720581,1.3197524547576904,10
0.3008898019926491,6.272951437870714,55.13861598797481,2.52773776571277,2.0402998342478185,0.967193841934204,2.9741525650024414,4.794887542724609,5.881542205810547,6.121219635009766,6.124933242797852,6.127269744873047,6.128161430358887,7
0.9812127770870468,56.62090125335919,15.747001473639116,2.865759679167628,2.020822297229978,0.3123786449432373,0.6421844959259033,0.9233279228210448,1.1580111980438232,1.3538620471954346,1.5207240581512451,1.6651928424835205,1.7921650409698486,9
0.5701104020035483,29.245300040682856,1.0097420386850404,2.520180379345742,2.665448634308432,0.8427116870880127,2.418464183807373,3.5054988861083984,4.020179748535156,4.267451763153076,4.415465354919434,4.534339427947998,4.626357078552246,22
0.610033204515465,173.8399303424506,9.480742841064176,2.507919942161827,2.652026478529623,0.3024370670318603,0.5814082622528076,0.8124299049377441,1.0084233283996582,1.1759960651397705,1.3209145069122314,1.4482178688049316,1.560163974761963,9
0.5274933965018832,53.2544694820541,73.64571900779367,2.386970607996504,2.143177587819543,0.5422194004058838,1.3776755332946775,1.8697655200958248,2.092659711837769,2.2160990238189697,2.314558267593384,2.39485239982605,2.464111089706421,20
0.5300377845132822,108.42973903550842,23.145114665889288,2.8272944890425724,2.7499502131353832,0.5030832290649414,1.2264926433563232,1.7221615314483645,2.0103585720062256,2.2062795162200928,2.358840227127075,2.4856297969818115,2.593777894973755,19
0.51707292644319,216.52356171065648,121.99746441188748,2.5667078002494708,2.50951284676232,0.2351863384246826,0.3918273448944092,0.5262598991394043,0.642810583114624,0.7462170124053955,0.8387858867645264,0.922081708908081,0.9971814155578612,16
0.5616392723863898,80.38460741304785,30.74543007989005,2.350892308761656,2.6531776870097925,0.5204155445098877,1.3027639389038086,1.8070487976074217,2.0813050270080566,2.26280164718628,2.404200553894043,2.52234411239624,2.6231703758239746,19
0.6067641850176677,22.036867878994155,7.882465874189089,2.3590142220320303,2.3503742888605044,0.8225595951080322,2.2985782623291016,3.257521152496338,3.708218574523926,3.9375624656677246,4.081319332122803,4.1902055740356445,4.271014213562012,22
0.980007969219417,8.878700396423984,0.5596559691023741,2.611583159081537,2.44591230904486,0.7915632724761963,2.090256929397583,2.925818681716919,3.401129007339477,3.71040940284729,3.937605619430542,4.12276554107666,4.27818775177002,22
0.6871030768946426,8.912396091819355,22.17182273736152,2.867863869460191,2.348645993720773,0.9498136043548584,2.718144655227661,3.9745585918426514,4.58642578125,4.9142255783081055,5.13593864440918,5.293071746826172,5.399679183959961,7
0.6305032310895478,30.250153040574578,146.6059247289235,2.649410456617383,2.4905951551056185,0.5808243751525879,1.5412135124206543,2.1506004333496094,2.4036879539489746,2.520479202270508,2.593935489654541,2.652740001678467,2.703246116638184,0
0.7962681294791345,162.01640481019882,32.57496936099431,2.410667931971377,2.77921723678087,0.237548828125,0.4285867214202881,0.6093695163726807,0.7737712860107422,0.9228792190551758,1.05879807472229,1.1832900047302246,1.2960419654846191,15
0.6269813174424276,10.33440483734103,1.3633604737673697,2.0791624169815552,2.9194921744279814,1.0145127773284912,3.1159346103668213,4.81770133972168,5.656702995300293,5.967482566833496,6.128232955932617,6.229698181152344,6.313979148864746,5
0.9072407148583526,58.54322704191801,1.3267901398425377,2.809663956839724,2.458484184251289,0.4037153720855713,0.8723428249359131,1.244245529174805,1.5351853370666504,1.767054557800293,1.9589171409606927,2.122031211853028,2.2633423805236816,18
0.4494983666834644,50.932049952949086,3.445382516457552,2.9150487882353024,2.5060549893999315,0.7898139953613281,2.2413649559021,3.245011806488037,3.719650268554688,3.944792747497559,4.083496570587158,4.179839134216309,4.260034561157227,22
0.5114082262610123,10.778251972525863,0.7891796507839837,2.4965567838218488,2.6273474136534047,1.0969157218933103,3.373124599456787,5.335290431976318,6.39827823638916,6.78961181640625,6.956071853637695,7.085465431213379,7.17207145690918,5
0.7035738088984096,22.110131991789263,2.5689778902232376,2.542535332180321,2.667354733311244,0.8022189140319824,2.239485740661621,3.185288906097412,3.6609153747558594,3.924108505249024,4.099687099456787,4.241194248199463,4.353901386260986,22
0.9139007016213304,9.661726156019425,158.88581233175836,2.4034870529139765,2.9653743519566484,0.6630964279174805,1.859086275100708,2.6754276752471924,3.052885770797729,3.2120540142059326,3.2883245944976807,3.34040904045105,3.38354754447937,23
0.6732628674679337,21.52367836742332,5.386604819341885,2.5952834563875906,2.9402155471347404,0.8652758598327637,2.520405530929565,3.694498300552368,4.280377388000488,4.566632270812988,4.752117156982422,4.886791229248047,4.99920654296875,22
0.5495109201053172,36.53144955652414,1.2423722168008149,2.125920826796197,2.1485985066679385,0.7074308395385742,1.892223596572876,2.603014707565308,2.9286043643951416,3.1004526615142822,3.226696729660034,3.31820034980774,3.4060704708099365,22
0.4206762156472942,20.32236849768151,4.564673777658378,2.451170679119973,2.509296719954116,1.0157251358032229,3.077723979949951,4.76476526260376,5.594971179962158,5.863999843597412,5.999252796173096,6.0800652503967285,6.137582302093506,6
0.9960243976242268,17.568964990949617,224.89441185388208,2.507056923947369,2.886718974879982,0.4800770282745361,1.1660690307617188,1.641551494598389,1.9132513999938965,2.0775089263916016,2.191746234893799,2.277589797973633,2.343987941741944,20
0.8241467692356157,93.35528681651245,0.7382138242900671,2.749120883142996,2.4997799591642806,0.3477404117584228,0.7116110324859619,1.0138421058654783,1.2645440101623535,1.4732608795166016,1.6510295867919922,1.80403470993042,1.93761682510376,8
0.3768140066224953,133.62255154512255,8.484776827754946,2.709063758809781,2.3706437872490684,0.5175075531005859,1.3045613765716553,1.7959234714508057,2.02766489982605,2.166144132614136,2.277390718460083,2.3718302249908447,2.451704740524292,18
0.4404916829123415,9.414348549188778,106.13161277265172,2.36169334891075,2.25755054810274,0.833005428314209,2.4676527976989746,3.750466823577881,4.263787746429443,4.37131404876709,4.387937068939209,4.389209270477295,4.390897750854492,23
0.832388046004211,14.532177400904384,127.31853234970788,2.089366157188721,2.324277187799614,0.5827698707580566,1.5149283409118652,2.07458233833313,2.323386907577514,2.447754144668579,2.530647993087769,2.593045473098755,2.648045778274536,0
0.7918747360573364,12.915923984624929,114.65885492477877,2.373187812269115,2.226032742955087,0.6325187683105469,1.677582025527954,2.3130247592926025,2.594890832901001,2.731274366378784,2.81266188621521,2.871465921401977,2.918754816055298,23
0.4162975275776598,59.70635481437408,192.18896912259325,2.436466483351589,2.220554713694989,0.4676854610443115,1.1512441635131836,1.534224271774292,1.6418914794921875,1.6844100952148438,1.718492031097412,1.747624397277832,1.7729835510253906,0
0.4147963630730957,15.338384672838536,0.5028652150521993,2.062232674978515,2.1423535101148152,1.0037901401519775,3.011338949203491,4.606879234313965,5.379243850708008,5.617671966552734,5.704498291015625,5.767594337463379,5.814237594604492,5
0.4101760173065376,27.766858074496444,144.61199111448585,2.9429995177205184,2.9372406336693424,0.7909348011016846,2.371382236480713,3.6430821418762207,4.255818843841553,4.420628547668457,4.454442501068115,4.461917400360107,4.4690937995910645,23
0.4575391486826283,35.997082488739814,2.56275028183321,2.149028066080612,2.3940501226395807,0.8242452144622803,2.3711941242218018,3.4160377979278564,3.853886842727661,4.0381364822387695,4.134910583496094,4.209542274475098,4.275335311889648,22
0.6299854138327632,131.45094808008523,1.6343387819815165,2.6763866898404656,2.381087577473439,0.3445260524749756,0.7035553455352783,0.9850280284881592,1.2092041969299316,1.391742706298828,1.5453152656555176,1.676530838012695,1.7904677391052246,8
0.3096204912886462,12.423382500783164,121.07537020948271,2.1476277533261827,2.556592459037015,0.8390393257141113,2.557059526443481,4.013729095458984,4.690667152404785,4.759395599365234,4.761625289916992,4.7618513107299805,4.762001991271973,23
0.9135277285022684,39.56935331618815,16.727061976124084,2.1152405790173683,2.5978938971525025,0.4518766403198242,1.0258357524871826,1.4431331157684326,1.744131565093994,1.974691152572632,2.1615211963653564,2.3181068897247314,2.452349901199341,19
0.4504941462245807,35.81443358089373,44.10356022971138,2.556558956235177,2.9599165209603995,0.8515491485595703,2.5681633949279785,3.9070253372192383,4.547219753265381,4.758656978607178,4.853928565979004,4.90892505645752,4.951189994812012,23
0.4761553922802627,46.62293070157766,0.5714806532433442,2.636913229919952,2.2309614179474075,0.734032154083252,2.006225109100342,2.816287040710449,3.1947317123413086,3.38985013961792,3.522524356842041,3.622955322265625,3.7005114555358887,22
0.3131726769136071,27.14573677306792,4.510922770257253,2.5718369105333148,2.2750748852259526,0.9986250400543212,3.0091707706451416,4.672313690185547,5.512319564819336,5.742866516113281,5.845561981201172,5.907143592834473,5.943441390991211,6
0.3090870445288957,12.197555636355766,1.2316260650008397,2.951194869666997,2.307789836506552,1.1507563591003418,3.633134841918945,6.109122276306152,7.782223701477051,8.440853118896484,8.52094841003418,8.555627822875977,8.604555130004883,13
0.3788790248369026,48.49841008526551,0.6441302393633467,2.5315106494908663,2.7326591904052298,0.8791871070861816,2.619971752166748,3.940879821777344,4.553033828735352,4.768154621124268,4.882937908172607,4.952798843383789,5.005991458892822,22
0.3418613032332191,14.631672068472968,6.200045518409994,2.941980914558496,2.2292842293098367,1.079087734222412,3.3062705993652344,5.3197021484375,6.489589691162109,6.8783769607543945,6.989473342895508,7.073862075805664,7.1320343017578125,6
0.3133800732907938,7.396076581169933,2.7609699675054715,2.021723528073481,2.81906611520704,1.1738357543945312,3.9182729721069336,7.000413417816162,9.45941162109375,10.73521614074707,10.866252899169922,10.870445251464844,10.87425422668457,14
0.8841416981464945,175.7481986319524,12.715231582736903,2.055904001398402,2.869992135861386,0.1857659816741943,0.3323724269866943,0.4747118949890136,0.6102066040039062,0.7373590469360352,0.8565146923065186,0.9678258895874025,1.0722980499267578,15
0.6350980955528467,42.19185924737948,19.024929751507457,2.364727090032008,2.769848198332772,0.6666977405548096,1.8247466087341309,2.5677857398986816,2.932092666625977,3.139359474182129,3.289273738861084,3.411206722259521,3.515951156616211,23
0.4498670660578849,63.229593064269615,41.49375939001498,2.0402422165702867,2.486333202990572,0.6223549842834473,1.698713779449463,2.34813928604126,2.602756977081299,2.7198781967163086,2.807511806488037,2.881838798522949,2.9464430809021,23
0.3879218168309572,28.961458159157875,1.2674880148947394,2.785050652552669,2.5402540394957858,0.9888057708740234,2.960725784301758,4.536171436309815,5.298455238342285,5.576186180114746,5.727526664733887,5.829442024230957,5.905667304992676,5
0.5901272514254676,146.66841441251563,42.81166373108569,2.585823535270805,2.6229196987891754,0.342334508895874,0.6921567916870117,0.9606437683105468,1.1734609603881836,1.3467226028442385,1.4921133518218994,1.6169540882110596,1.7262752056121826,9
0.8412574691124799,7.047181605199111,1.2288360633171211,2.050960787855913,2.883785160440051,0.9365222454071044,2.7707314491271973,4.087108612060547,4.71449613571167,5.020260334014893,5.2126994132995605,5.356551647186279,5.473574638366699,5
0.9394666375180922,41.682356689303546,1.4933724096926992,2.7224545686398844,2.796729035861266,0.4965529441833496,1.1460258960723877,1.6310455799102783,1.9797518253326416,2.2450220584869385,2.459165334701538,2.638353109359741,2.7928054332733154,18
0.574808715209965,184.9078128964756,0.8974816072949792,2.397639810219548,2.331225036273488,0.2698309421539306,0.5023181438446045,0.6983966827392578,0.8665902614593506,1.0110890865325928,1.1378259658813477,1.249598503112793,1.349118709564209,8
0.8025028995406152,11.261774973117893,0.8809563009156579,2.6332395729821263,2.726776695712627,0.9033424854278564,2.558945178985596,3.694280624389648,4.276036739349365,4.607097148895264,4.833446979522705,5.004283428192139,5.1427001953125,5
0.3533827354844465,80.86570169383302,45.82155686325472,2.212954771817765,2.8520374784701863,0.6837112903594971,1.987807273864746,2.890803337097168,3.241796970367432,3.347470760345459,3.409313201904297,3.461942672729492,3.509331226348877,23
0.369468174500886,156.1266070370997,13.17898934337356,2.6989421323461165,2.593641084371309,0.4958665370941162,1.2294294834136963,1.7008779048919678,1.9319126605987549,2.07353138923645,2.186828851699829,2.2827298641204834,2.36423134803772,18
0.862702977412908,68.72137003991847,150.00293511406494,2.5245293061721905,2.303933821267378,0.2815163135528564,0.540642499923706,0.7529473304748535,0.9288620948791504,1.0758848190307615,1.200942039489746,1.3077239990234375,1.4010090827941897,10
0.9810518170197468,167.6878250074451,23.802361140267426,2.779538897173164,2.8103329649752165,0.208207368850708,0.3628897666931152,0.5153045654296875,0.6637294292449951,0.8007440567016602,0.9296538829803468,1.050360918045044,1.1638047695159912,15
0.6928109936709335,81.37984537203243,1.4450884277197242,2.9947529810100884,2.382193645364452,0.4422452449798584,0.9997937679290771,1.409923076629639,1.6984949111938477,1.915283203125,2.090047836303711,2.237706184387207,2.3651013374328613,18
0.5312645683075763,14.83089520982958,2.165320111309532,2.978949761144282,2.8272409990257703,1.0729951858520508,3.255514621734619,5.071713447570801,6.030006408691406,6.419320106506348,6.650155067443848,6.831915855407715,6.957993507385254,6
0.635327472968056,12.4788732814482,15.039248000526351,2.901138538917248,2.7778279224898865,0.9981553554534912,2.95828914642334,4.4746503829956055,5.234329700469971,5.58502721786499,5.80967378616333,5.97320032119751,6.083383083343506,6
0.4708078254594398,102.57998018721636,1.8391257677794408,2.783201360960536,2.5397906403395147,0.5507152080535889,1.4043235778808594,1.9582839012146,2.2428693771362305,2.419595241546631,2.5592665672302246,2.6707863807678223,2.7730283737182617,18
0.9268041560413248,110.0017663359512,239.93530603554228,2.7660014603378187,2.6153747875269686,0.2044897079467773,0.3373684883117676,0.4646928310394287,0.5799622535705566,0.6836521625518799,0.7781431674957275,0.864781379699707,0.9439370632171632,17
0.7356550759380991,43.57694280415827,7.127544209647286,2.8442191944540327,2.753425570634274,0.6206870079040527,1.6011064052581787,2.26216721534729,2.640315294265747,2.890355348587036,3.0823986530303955,3.238900899887085,3.3717429637908936,18
0.6266412834230138,15.62363115530604,0.5237497369433057,2.2534770054996853,2.692796924373361,0.939488172531128,2.771384954452514,4.109020233154297,4.7389984130859375,5.015608787536621,5.171241760253906,5.298308372497559,5.383736610412598,5
0.9766304011738391,7.348722437264031,0.5552206895923039,2.7456180163471924,2.576748237496928,0.8590266704559326,2.3286221027374268,3.2946035861968994,3.836714029312134,4.182809829711914,4.433781623840332,4.634906768798828,4.799127578735352,22
0.9427369757275804,108.02041142140187,33.48970699955607,2.919985863785275,2.4113895770776868,0.2541429996490478,0.4769504070281982,0.6836111545562744,0.8697299957275391,1.036484956741333,1.1868891716003418,1.3217239379882812,1.4434452056884766,9
0.8384553204935148,28.49194675287982,157.66437111072068,2.3940591593069804,2.935340765691796,0.5120136737823486,1.284939527511597,1.8066351413726809,2.0948874950408936,2.2754313945770264,2.4062817096710205,2.508082628250122,2.595172643661499,20
0.9291577334172004,151.81089939964272,147.2673815336954,2.0849666020934032,2.109475343051463,0.1268801689147949,0.2124879360198974,0.2937901020050049,0.3711159229278564,0.4442808628082275,0.5129621028900146,0.5781874656677246,0.6391997337341309,2
0.3851196966536765,10.651359664073972,4.083725001522519,2.7892491084915267,2.1985813659632547,1.1011788845062256,3.400679588317871,5.502092361450195,6.7665863037109375,7.220127105712891,7.335801124572754,7.422488212585449,7.497904777526855,6
0.8570577496041805,142.37071319762245,3.066908489574338,2.706358023539148,2.860766378234467,0.2736845016479492,0.507056713104248,0.7253906726837158,0.9224538803100586,1.0991575717926023,1.2592265605926514,1.4034626483917236,1.5339930057525637,8
0.7142992761400327,6.644190539394804,88.05862585505528,2.935617824803508,2.201567901356139,0.8209559917449951,2.329364776611328,3.383886337280273,3.862075328826904,4.07735538482666,4.194184303283691,4.2481794357299805,4.277050018310547,23
0.7812009276249132,32.41558543163145,246.89394571122136,2.6141131402444504,2.6914386710297054,0.440746545791626,1.029426097869873,1.4232566356658936,1.6324503421783447,1.7568838596343994,1.8448474407196045,1.912436246871948,1.9672467708587649,20
0.6622628286311485,20.472538324337982,1.1131813758296614,2.21784160616206,2.906469990262118,0.8566839694976807,2.5113306045532227,3.670883655548096,4.215892791748047,4.46898365020752,4.623601913452148,4.745182991027832,4.844569683074951,22
0.3957625170485719,6.640599286681284,30.31225321779674,2.7480348900657106,2.88996531784552,1.1539175510406494,3.711579322814941,6.379928588867188,8.303245544433594,9.118550300598145,9.18992805480957,9.191473960876465,9.19291877746582,14
0.3407968680834333,8.777199820064526,1.0628396908027484,2.7664622780796098,2.9554813771363566,1.2380914688110352,4.051600456237793,7.125904083251953,9.472219467163086,10.598074913024902,10.712684631347656,10.71645450592041,10.720166206359863,13
0.391342592202437,183.35808973390647,1.5542299003420137,2.968337119023322,2.9644410818143294,0.4896364212036133,1.1870512962341309,1.6695470809936523,1.937999248504639,2.113640308380127,2.251511573791504,2.36475133895874,2.465470790863037,18
0.4844205808637435,24.93609464854231,2.0704184036021225,2.2074085782180504,2.689816962057993,0.9332761764526368,2.806225776672364,4.238460063934326,4.892147064208984,5.11933183670044,5.24416446685791,5.320257186889648,5.379342555999756,6
0.5218563873059274,32.808104027740335,5.179041671850415,2.193225488655889,2.2299555530037085,0.7674999237060547,2.1161670684814453,2.9602322578430176,3.32840347290039,3.5139193534851074,3.62428617477417,3.718570232391357,3.796676635742188,22
0.9468155185539584,118.94005943075804,45.92297943424212,2.510136482420889,2.101979377477562,0.1942114830017089,0.3493051528930664,0.4981052875518799,0.6356170177459717,0.7612740993499756,0.8774547576904297,0.983696460723877,1.0816936492919922,16
0.5037462327599463,20.877416920697726,14.021543359340209,2.2948848231161456,2.952470461500553,0.9608726501464844,2.951014757156372,4.58015251159668,5.386568069458008,5.654387474060059,5.77638053894043,5.846787452697754,5.894695281982422,6
0.5885361554879196,39.64921835529602,18.259361590069982,2.832115101044776,2.225304513884099,0.6637074947357178,1.7561442852020264,2.4396302700042725,2.789335966110229,2.992286443710327,3.140916109085083,3.255278348922729,3.3569648265838623,23
0.400485702934712,81.0251676759469,16.794719845346147,2.293100887264458,2.189938312652828,0.6019582748413086,1.591841459274292,2.175170660018921,2.4171483516693115,2.5396153926849365,2.6357204914093018,2.718412637710572,2.78753399848938,19
0.756485537629874,7.05476385466525,18.109226252205666,2.1594005506699068,2.9435530547967725,0.9789280891418456,2.971554517745972,4.530491828918457,5.291912078857422,5.609270095825195,5.771357536315918,5.8892364501953125,5.970641136169434,6
0.9089819757140714,205.95418609281364,41.269803402752686,2.378951622628977,2.282056040055266,0.145669937133789,0.2485959529876709,0.3471641540527344,0.442359447479248,0.5332787036895752,0.6208243370056152,0.7035410404205322,0.7821261882781982,15
0.9165763803453132,7.008141325442153,7.121074639067307,2.0516595330026783,2.3653449829161195,0.8298342227935791,2.245068550109864,3.1223669052124023,3.568965435028076,3.832594394683838,4.014301776885986,4.157032012939453,4.269564151763916,22
0.6386479547563957,20.381061148009017,93.9105861466368,2.6789953225566365,2.821403105559014,0.7667407989501953,2.2228007316589355,3.2644710540771484,3.748281955718994,3.943920135498047,4.0395708084106445,4.100016117095947,4.148040294647217,23
0.4550643654418588,6.907456826144523,11.741310763655475,2.0968851050548056,2.9044548165123407,1.1242437362670898,3.666522264480591,6.256579399108887,8.015896797180176,8.731709480285645,8.820602416992188,8.828968048095703,8.836169242858887,14
0.8028003442348313,57.59889954738596,0.6490814649158343,2.673190028168219,2.729650178883129,0.4910471439361572,1.1435518264770508,1.6164274215698242,1.9421625137329104,2.186445713043213,2.3821234703063965,2.5452098846435547,2.6851158142089844,18
0.3813796470819611,14.655602504745744,13.422022391925935,2.867449348736096,2.5814900019596454,1.097018480300903,3.408628225326538,5.53879451751709,6.806808471679688,7.227766036987305,7.325259208679199,7.390554428100586,7.434055328369141,6
0.9399832130931144,74.72695968129327,3.0480486530973865,2.9396755092256743,2.364434549021005,0.3269238471984863,0.666534423828125,0.9570705890655518,1.2032356262207031,1.4106855392456057,1.5885233879089355,1.742455005645752,1.877801418304444,8
0.7814481562429905,85.56098061980326,2.9117274131714947,2.2422019122779786,2.5107062858025024,0.3579785823822021,0.7462637424468994,1.056664228439331,1.3053553104400637,1.507961988449097,1.6782608032226562,1.8238945007324217,1.9510259628295896,8
0.473963520024914,8.150270436778776,21.4791316357906,2.67440007234187,2.1973049690885422,1.0426595211029053,3.162327766418457,4.963677406311035,5.92963171005249,6.24653959274292,6.365986347198486,6.442032337188721,6.49745512008667,7
0.8721383010763883,8.057142633322913,8.563065068681599,2.017207809149987,2.244212965272603,0.820789098739624,2.2142395973205566,3.0741872787475586,3.5025758743286133,3.7508511543273926,3.924041748046875,4.053317070007324,4.161738395690918,22
0.9090966431079596,33.04487354722414,10.64910249348031,2.6776157943196788,2.392603091504802,0.5150554180145264,1.2142763137817385,1.70719575881958,2.0368285179138184,2.280357837677002,2.4743666648864746,2.635670661926269,2.773378372192383,18
0.3332265796634584,47.18484482429349,18.910452129283104,2.22170457963247,2.941849508990752,0.8887834548950195,2.754706859588623,4.294179916381836,5.049938678741455,5.247868061065674,5.301652908325195,5.332168102264404,5.357674598693848,6
0.4408523603304742,184.4641692241781,1.81260415834418,2.314693641411732,2.5251368428547423,0.3673164844512939,0.7760128974914551,1.061065673828125,1.2620110511779783,1.4186439514160156,1.5467064380645752,1.6534490585327148,1.746990203857422,8
0.3515951855759366,8.61928074075515,0.9497761271986211,2.8061855353439777,2.86744828487116,1.227262020111084,3.99143648147583,6.965716361999512,9.18952178955078,10.204496383666992,10.32087230682373,10.327527046203612,10.334914207458496,13
0.8104520506317814,76.04977007159358,37.43048294413295,2.543783947740346,2.176568509920355,0.3235318660736084,0.6591768264770508,0.9305670261383056,1.1500911712646484,1.3293066024780271,1.4814167022705078,1.610774040222168,1.7242178916931152,9
0.3365100298456904,140.57423718069393,54.7353409827727,2.727268682571161,2.273657373230323,0.468827486038208,1.137927770614624,1.5422351360321045,1.7220237255096436,1.8291995525360107,1.9133551120758057,1.9883062839508057,2.0538089275360107,19
0.4340325628221859,64.85887525609887,2.6009456232276094,2.494442273446862,2.035735484382011,0.629286527633667,1.6505498886108398,2.253994941711426,2.529775619506836,2.685181140899658,2.792492389678955,2.888064384460449,2.967335224151612,18
0.4038400087420432,145.05463425711787,21.20108510737189,2.965852271524086,2.030012065246002,0.3915174007415771,0.8680517673492432,1.175886631011963,1.3603901863098145,1.4953880310058594,1.604478359222412,1.692943096160889,1.7734594345092771,9
0.6829467754080968,6.220026736823339,1.9488804679986471,2.862615516819345,2.406122228456951,1.0693986415863037,3.142528772354126,4.711611747741699,5.51734733581543,5.928215026855469,6.236279487609863,6.476774215698242,6.650603294372559,6
0.8574620252808944,14.9481566384895,1.015839416383843,2.550732735223749,2.731060022260481,0.7869560718536377,2.1481876373291016,3.0334243774414062,3.510387420654297,3.797666072845459,4.006650924682617,4.176197528839111,4.31505823135376,22
0.9029544628673528,48.7287321405516,115.63398650732564,2.672279179241776,2.851362842284499,0.4146933555603027,0.9122083187103271,1.2908291816711426,1.5723886489868164,1.7886395454406738,1.9629101753234863,2.108173370361328,2.231761932373047,20
0.5215408861363462,10.248096459626897,121.57639576615254,2.7093926972279,2.8246398017816143,0.8735256195068359,2.658813238143921,4.15437126159668,4.903234481811523,5.095973968505859,5.144402503967285,5.150151252746582,5.151761054992676,7
0.5689543171328795,7.697868212863212,40.35835768337704,2.985439313531405,2.627595584891393,1.0422401428222656,3.1737208366394043,4.985326290130615,5.948383331298828,6.292942047119141,6.463976860046387,6.571104049682617,6.64332389831543,7
0.6785070119443046,9.25946763487494,0.711367458001748,2.483650571818957,2.497184879329309,1.0063440799713137,2.944621562957764,4.365936756134033,5.0539164543151855,5.395623683929443,5.614359378814697,5.776472568511963,5.897779941558838,5
0.3661095844490756,191.9571977360137,0.8742756325981926,2.428363635439214,2.090895018248032,0.3481338024139404,0.7196447849273682,0.9650304317474364,1.127805233001709,1.2525253295898438,1.355201005935669,1.4395568370819092,1.514256715774536,8
0.5280409152232152,70.83842149914003,3.6821698611465297,2.101131108912573,2.073785552253036,0.5167548656463623,1.2644336223602295,1.7026550769805908,1.933208703994751,2.0893585681915283,2.2132246494293213,2.3163583278656006,2.406168222427368,18
0.407135778177875,42.042772290515735,43.03049724527161,2.2119935697326545,2.98020384112826,0.8197951316833496,2.4975390434265137,3.795098304748535,4.382857799530029,4.546419143676758,4.607064723968506,4.647049427032471,4.681812286376953,23
0.8762577671115965,73.22267525569083,2.293780606101878,2.979462621876331,2.698006544216684,0.4046211242675781,0.8646070957183838,1.236795425415039,1.534719944000244,1.776099681854248,1.976942539215088,2.1475772857666016,2.2955198287963867,18
0.7930101282433577,57.46469781681767,4.801127574199491,2.695576910307345,2.8854280961122765,0.5161681175231934,1.2310550212860107,1.7439091205596924,2.0864274501800537,2.338555097579956,2.539227247238159,2.70601487159729,2.8492348194122314,18
0.4779094135684245,63.56006608744382,0.9485090030017168,2.818527622414644,2.344162989343089,0.6671299934387207,1.7986414432525637,2.515228509902954,2.859438180923462,3.048946142196656,3.1848485469818115,3.293021440505981,3.380641222000122,22
0.4796374135386264,7.102827377871095,3.3200708926856106,2.1338946286113805,2.438758533091024,1.1092808246612549,3.500686883926392,5.731619834899902,7.072160720825195,7.550333023071289,7.66041088104248,7.712560653686523,7.751734733581543,6
0.5820237142309482,8.487878077265878,1.1269681165091627,2.365607899179362,2.4766587281059573,1.0629818439483645,3.209526538848877,4.926316738128662,5.78843879699707,6.141161918640137,6.338901519775391,6.474078178405762,6.577032089233398,5
0.5087882892812867,9.03103172161086,121.20048453659248,2.292780772380052,2.84452284877199,0.8607203960418701,2.6500227451324463,4.169270515441895,4.927947998046875,5.0680437088012695,5.08206844329834,5.082358360290527,5.082873344421387,23
0.3310657797176841,31.48865360087248,32.409299466689134,2.944091273079469,2.022763678678389,0.8475344181060791,2.430854797363281,3.5543651580810547,4.02691125869751,4.22188663482666,4.34154224395752,4.401438236236572,4.437532901763916,23
0.6527696010884317,127.24598207432749,0.9787720341862142,2.7798287226724656,2.456227371884276,0.3529589176177978,0.7258751392364502,1.0194578170776367,1.2542390823364258,1.4456591606140137,1.6061954498291016,1.743490219116211,1.862685203552246,8
0.9500299921895488,7.260296484848051,134.64526602703953,2.441602411954992,2.1819293017748698,0.6221368312835693,1.6339969635009766,2.252586841583252,2.536718845367432,2.673733711242676,2.74931001663208,2.799952507019043,2.8390212059021,0
0.5270769014586898,166.55051506412985,50.04399118063805,2.662576617663549,2.925544144211964,0.3698248863220215,0.767871618270874,1.0636348724365234,1.2875895500183103,1.4659814834594729,1.6130332946777344,1.7385516166687012,1.8485074043273928,9
0.5241257478438214,178.40122468835222,219.4245221035709,2.547137317892946,2.2686161940945366,0.1985948085784912,0.2989866733551025,0.3887479305267334,0.4656822681427002,0.5337138175964355,0.5960755348205566,0.6518912315368652,0.7035887241363525,17
0.5067721467107985,11.584845424216471,18.04464655724832,2.7541044830745145,2.695342817116352,1.0678164958953855,3.266418933868408,5.165016174316406,6.177855491638184,6.541483879089356,6.710602760314941,6.820232391357422,6.904825210571289,6
0.5629009865581207,190.6789044798442,2.050559267294015,2.784101937124293,2.874045226445665,0.3439149856567383,0.6810474395751953,0.94960618019104,1.1710526943206787,1.3564181327819824,1.5141668319702148,1.650834083557129,1.770345687866211,8
0.4705302836979328,24.750938408198213,1.9936878599129948,2.501223682535124,2.018971931004977,0.8614084720611572,2.4055638313293457,3.420773983001709,3.8894219398498535,4.1272454261779785,4.26934814453125,4.374774932861328,4.449580192565918,22
0.3416261772907942,111.28693601670506,7.658235084924595,2.6619983414474024,2.34216768931774,0.5998847484588623,1.6046380996704102,2.226770401000977,2.486550807952881,2.6121602058410645,2.709817409515381,2.7902727127075195,2.8607616424560547,18
0.6428263324690451,58.374145129497,1.7277794452196666,2.511384078451645,2.75307044535983,0.598792552947998,1.5560274124145508,2.182004928588867,2.5230960845947266,2.74367094039917,2.9139699935913086,3.0524826049804688,3.1728148460388184,18
0.8915059631503524,124.67344019476418,2.464733415942772,2.624175905887645,2.2117525306778414,0.2299196720123291,0.4256508350372314,0.610206127166748,0.77728271484375,0.9282770156860352,1.0652711391448977,1.189732551574707,1.3023993968963623,8
0.3434046169967098,31.10303074953852,2.037880762418885,2.1342483387118194,2.7281226920283057,0.9818027019500732,3.0410993099212646,4.801845550537109,5.695890426635742,5.929640769958496,5.9927263259887695,6.029338836669922,6.06036376953125,6
0.8672609166819214,41.58811179456594,0.9939285502831788,2.6004726968431497,2.296523947230309,0.4731643199920654,1.0860044956207275,1.5274455547332764,1.8344590663909912,2.0645668506622314,2.250053644180298,2.405927896499634,2.540003061294556,18
0.4210046253575493,34.94555789479001,0.5443798124770771,2.4764960236593763,2.4982862243524746,0.9040327072143556,2.6659932136535645,3.966613292694092,4.563855648040772,4.790565490722656,4.916270732879639,4.994667530059815,5.051249027252197,22
0.8446883062584569,27.698259205168792,30.71441322650726,2.0089335155626267,2.966756122490896,0.5873267650604248,1.537144899368286,2.147646903991699,2.496368885040283,2.730841636657715,2.910280227661133,3.0567445755004883,3.181633949279785,19
0.8247239590973063,126.96513145451566,10.448243445924687,2.5542214698953147,2.373533866005616,0.2577323913574219,0.4835026264190674,0.6893293857574463,0.872431755065918,1.035064458847046,1.1802799701690674,1.3101704120635986,1.4269688129425049,9
0.8745357125422142,196.92370041469283,73.44085871132773,2.38054428871146,2.670912576090033,0.1712696552276611,0.2902865409851074,0.4058728218078613,0.5182983875274658,0.6233081817626953,0.7226684093475342,0.8159432411193848,0.9040541648864746,16
0.9465521936565529,17.724020891630133,164.7691974052304,2.2965786625540647,2.677202022445128,0.5066113471984863,1.2510464191436768,1.741809606552124,2.010084867477417,2.177391290664673,2.2946879863739014,2.3834645748138428,2.4599502086639404,20
0.7427569330266937,211.8749825764272,24.83003210184281,2.9411439863139672,2.5208240986681494,0.2145447731018066,0.367173433303833,0.5160574913024902,0.6536967754364014,0.7798407077789307,0.8964254856109619,1.0047430992126465,1.1045241355895996,15
0.5225194655672936,82.45675497827382,14.101903422517,2.935342947460459,2.823576199001547,0.6105010509490967,1.618974208831787,2.301450729370117,2.6476612091064453,2.8536744117736816,3.005590438842773,3.129257202148437,3.2361412048339844,18
0.4334485519655527,154.5379975497789,241.8314086959975,2.9408191938105097,2.808793588685772,0.3299911022186279,0.618579626083374,0.8001959323883057,0.9289488792419434,1.0310146808624268,1.1161680221557615,1.1877875328063965,1.248250961303711,10
0.3413550978249201,82.82572558519075,2.167347293460219,2.6432573861531075,2.9854106425564515,0.7873425483703613,2.340479850769043,3.5029077529907227,4.039144992828369,4.226949214935303,4.312613487243652,4.379505157470703,4.436870098114014,22
0.927479729281681,80.08890015918686,2.721281600405097,2.9333353222137983,2.5193111386326748,0.338649034500122,0.6879801750183105,0.9873592853546144,1.2417364120483398,1.457322120666504,1.6425271034240725,1.802534580230713,1.9429669380187988,8
0.8719829339172378,70.10540641558269,6.252469844737889,2.2171407853806464,2.1708577728552605,0.3157069683074951,0.6387073993682861,0.9085562229156494,1.1315593719482422,1.3179755210876465,1.4764835834503174,1.6134185791015625,1.733910083770752,9
0.3800092618776439,16.1266746495575,8.362538966995437,2.7755326668584126,2.81767503593673,1.120682954788208,3.523975849151612,5.813382148742676,7.222448348999023,7.723597526550293,7.824470520019531,7.877779006958008,7.9169721603393555,6
0.3225347645473844,18.062545693532822,45.84176340721906,2.7811892810941927,2.2352198808386468,0.9449663162231444,2.844247817993164,4.419862270355225,5.200428485870361,5.38839054107666,5.455497741699219,5.494876861572266,5.514601707458496,7
0.575448257716179,13.972688685901003,1.2542576379940988,2.943217733469989,2.4924837594072544,1.006859540939331,2.9344425201416016,4.372012138366699,5.08071231842041,5.430248260498047,5.678678512573242,5.867417335510254,5.992391586303711,5
0.394555444429224,8.389949350794325,53.95447226931395,2.654462639332883,2.3398859686487303,0.9975991249084472,3.069769382476806,4.918697834014893,5.981934070587158,6.24070405960083,6.273779392242432,6.295640468597412,6.303374767303467,7
0.3247800703228104,67.91202973416917,80.17296751700684,2.19509443043438,2.918869503356033,0.7116532325744629,2.11436414718628,3.148608684539795,3.55954647064209,3.642892360687256,3.673949718475342,3.701093673706055,3.7263126373291016,23
0.7402912331535153,22.67458241607132,45.24661916347308,2.99833513153622,2.5685220787946603,0.7216792106628418,1.966866970062256,2.793546676635742,3.225349903106689,3.4756197929382324,3.644655704498291,3.779764652252197,3.885579109191896,23
0.6509454538678503,11.335542084871513,3.154776739248024,2.67348814577581,2.9732126043648983,1.035678148269653,3.124157428741455,4.795897006988525,5.649203777313232,6.027004718780518,6.249172687530518,6.413878917694092,6.530899524688721,6
0.9356289937014196,133.10721446159334,1.4209299863718254,2.1958917658316697,2.0396279887716853,0.175912857055664,0.3188917636871338,0.4556164741516113,0.5842466354370117,0.7035152912139893,0.8140287399291992,0.9169254302978516,1.0114140510559082,15
0.4976173401670148,148.78307503089948,85.82469742905835,2.2803873428298846,2.938016698275923,0.3764104843139648,0.8175623416900635,1.1291921138763428,1.344696044921875,1.5084095001220703,1.641894817352295,1.752887487411499,1.8486278057098389,10
0.9817970980119344,45.0115185841241,110.49086939000516,2.755233000559217,2.976315174770548,0.4148883819580078,0.904510736465454,1.2890677452087402,1.5849065780639648,1.81746244430542,2.0071287155151367,2.1655750274658203,2.300657272338867,20
0.7285818506133503,23.07793474324792,10.370279148128938,2.726410556827685,2.3617845638051063,0.7254230976104736,1.9305031299591064,2.6983110904693604,3.1073591709136963,3.353961229324341,3.534505605697632,3.6755220890045166,3.793045282363892,22
0.9943393429652744,132.7827912669533,91.94351248701436,2.9465408084535825,2.648185073605676,0.2189321517944336,0.3822181224822998,0.5430166721343994,0.693763256072998,0.8313846588134766,0.9593300819396972,1.0777077674865725,1.186750888824463,16
0.5188025087372754,66.43225031984214,1.8619362303869664,2.1798668482428694,2.226588057127926,0.5706961154937744,1.4532630443572998,1.968943357467652,2.22253966331482,2.3859212398529053,2.5062334537506104,2.6134026050567627,2.7040789127349854,18
0.7241591704175694,7.898789060662123,137.30757347187108,2.511781862178473,2.3539762837081684,0.7249255180358887,2.0469350814819336,2.938776969909668,3.2987093925476074,3.4075474739074707,3.432450294494629,3.441948413848877,3.45212459564209,23
0.8677016977011309,8.207297722135827,17.89323629841036,2.5474534705204084,2.354352367734473,0.8430976867675781,2.294788360595703,3.2299838066101074,3.724639415740967,4.017556190490723,4.220178127288818,4.36261510848999,4.491653919219971,23
0.4615315567403054,168.15562977341068,5.626099108449225,2.413638766708268,2.312118646151495,0.3581118583679199,0.7465357780456543,1.0210533142089844,1.2180016040802002,1.3704640865325928,1.496840476989746,1.6031410694122314,1.6959373950958252,9
0.4439812899632288,22.423524478330705,4.416404033931854,2.9980551093428933,2.8508602446663005,1.045440673828125,3.1854257583618164,4.991232872009277,5.935308456420898,6.292647361755371,6.478816986083984,6.617704391479492,6.709522247314453,6
0.7864295442655883,111.68341538930868,1.226885897779475,2.559861488034244,2.0049973636703484,0.2593426704406738,0.4970300197601318,0.7065122127532959,0.8881626129150391,1.0450704097747805,1.1827826499938965,1.304692268371582,1.4131481647491455,8
0.4936322749632079,21.70959960499563,25.084621761849167,2.0416516101003217,2.727038814930891,0.8927721977233887,2.7034921646118164,4.094649791717529,4.719615459442139,4.8974223136901855,4.9830169677734375,5.036190986633301,5.07444429397583,23
0.4314615979867623,27.283060514772306,134.8509435952401,2.7738085562967747,2.106684764768494,0.6420538425445557,1.7617464065551758,2.4602856636047363,2.7094874382019043,2.774989128112793,2.796574115753174,2.814371109008789,2.830944538116455,0
0.6992797864762598,55.97716241186563,198.9493624601252,2.8409579828068856,2.9284927281993696,0.4472951889038086,1.0381639003753662,1.451535940170288,1.6982333660125732,1.8608415126800537,1.982919454574585,2.081388235092163,2.1639983654022217,20
0.8116123822461387,11.452536088215885,208.909107385662,2.118397840858566,2.2234223844589955,0.5175611972808838,1.3179409503936768,1.7752714157104492,1.916435956954956,1.9488465785980225,1.965498685836792,1.97934365272522,1.99118447303772,1
0.396819760708185,15.188345389640732,2.463210783603715,2.848358389785981,2.0123704574486303,1.0166521072387695,3.004926919937134,4.603726387023926,5.404022216796875,5.698001861572266,5.882810592651367,6.01634407043457,6.106883049011231,6
0.6461255234825063,163.13938227618291,1.6624604472214632,2.323395371207368,2.034532272618539,0.2277538776397705,0.4138476848602295,0.5798585414886475,0.7256243228912354,0.853395938873291,0.9679646492004396,1.070030927658081,1.161893606185913,15
0.3293523237431996,6.678764950122812,31.711818805975515,2.630348756111399,2.9059816025570777,1.1569011211395264,3.75977087020874,6.5665059089660645,8.710161209106445,9.71868896484375,9.803361892700195,9.803628921508787,9.80389404296875,14
0.5024248815167218,62.50127043404294,258.5992901106908,2.400144705238813,2.0958214128520614,0.3330700397491455,0.6640377044677734,0.8418178558349609,0.9279310703277588,0.9852864742279052,1.0292513370513916,1.0650885105133057,1.095345973968506,21
0.6329344819346521,28.45951930994175,185.36076205776664,2.493616766873973,2.070722599867486,0.4760534763336181,1.1626248359680176,1.5561127662658691,1.703237533569336,1.768423080444336,1.814701557159424,1.8520760536193848,1.883671760559082,0
0.4668199640084783,218.7352699658861,0.553204727965592,2.464869795850115,2.287122483761668,0.2766158580780029,0.5105793476104736,0.6971724033355713,0.8523354530334473,0.9839355945587158,1.0980675220489502,1.1981141567230225,1.2862634658813477,8
0.745025046637765,89.10055466234303,0.7253970632294373,2.701004346685883,2.6568885272639062,0.4109399318695068,0.8936972618103027,1.2633841037750244,1.544771432876587,1.7659990787506104,1.9478046894073489,2.101982355117798,2.234806776046753,18
0.7698704773975997,166.10372168171932,3.0044039622344663,2.45715256418938,2.10263429486193,0.1977231502532959,0.3509554862976074,0.4967036247253418,0.6307494640350342,0.7524313926696777,0.864377498626709,0.9664099216461182,1.0608525276184082,15
0.6390209034514196,7.885896555382697,1.5061552055463494,2.124629502032136,2.548990934370825,1.031829595565796,3.096342802047729,4.694214820861816,5.461234092712402,5.780774116516113,5.964598655700684,6.0859575271606445,6.183625221252441,5
0.6425305652047117,48.43441144401697,66.05350783323367,2.9521291550141986,2.2975013436061142,0.5323433876037598,1.3277606964111328,1.843980312347412,2.1239476203918457,2.300405502319336,2.4416961669921875,2.5508813858032227,2.6476430892944336,20
0.4468320553464651,120.9003992013904,34.639485513094606,2.211562602995833,2.5275141102986907,0.4618546962738037,1.1119236946105957,1.518800973892212,1.733630657196045,1.8799982070922847,1.9949069023132324,2.0908398628234863,2.1741013526916504,19
0.4534894341678174,11.820464959453348,26.213241508628087,2.085946545009265,2.0874936235693813,0.9427931308746338,2.7987253665924072,4.212353706359863,4.85225772857666,5.028346061706543,5.100705146789551,5.136296272277832,5.160006523132324,23
0.9417722350006276,19.88402257131023,1.332709830770526,2.9711422178504403,2.151786711472827,0.5881485939025879,1.4355454444885254,2.011488914489746,2.3784337043762207,2.638689041137696,2.845114231109619,3.014212131500244,3.1582417488098145,18
0.7172033879636638,10.261689976786547,8.31674052494961,2.2030247581842297,2.498056088973849,0.9248046875,2.668208599090576,3.872014999389648,4.4428300857543945,4.715127944946289,4.878823280334473,5.007118225097656,5.099600315093994,22
0.5710619561814884,195.74814220515697,6.668333072556717,2.572883066807657,2.5637556456266664,0.2907283306121826,0.5468707084655762,0.7597930431365967,0.9416611194610596,1.0969343185424805,1.2333600521087646,1.3527772426605225,1.4587347507476809,9
0.8791180029649823,7.92439506757106,113.0924576834543,2.5480927547536902,2.779615562892495,0.7557234764099121,2.153289794921875,3.116701126098633,3.572738647460937,3.777641296386719,3.87724494934082,3.934038639068604,3.97761869430542,23
0.7443048554868046,14.484696880100536,0.5313818919878671,2.479540462509502,2.6744626477994617,0.8746094703674316,2.4769387245178223,3.560605049133301,4.096354961395264,4.387486457824707,4.581936836242676,4.734025001525879,4.848734378814697,22
0.4833872651210948,13.501401997761914,3.325000093864777,2.806277599046036,2.3179711737013986,1.0424978733062744,3.108534812927246,4.746769905090332,5.5725603103637695,5.905718803405762,6.113950729370117,6.261309623718262,6.37413215637207,6
0.5338462630975377,86.24761215901322,159.9474557682908,2.988141015990723,2.5851163875819165,0.435344934463501,0.9995474815368652,1.376680850982666,1.587636947631836,1.7265148162841797,1.830449104309082,1.9178695678710933,1.992485523223877,20
0.6216413754506529,125.15861363036896,11.241513791798695,2.6923110168980178,2.141689853271639,0.3226115703582763,0.6512720584869385,0.9078700542449952,1.111149549484253,1.2780790328979492,1.4176499843597412,1.5380213260650637,1.6435039043426514,9
0.6173334828295363,74.97619820139748,1.088971178632827,2.264538300537052,2.723439519866905,0.5237765312194824,1.3009798526763916,1.807957410812378,2.102446794509888,2.3078649044036865,2.468528509140014,2.601051092147827,2.7179462909698486,18
0.3552803210583486,113.76655033873035,21.05379570391609,2.284992827816005,2.839490712726266,0.6118636131286621,1.7102363109588623,2.430114507675171,2.716123342514038,2.840723752975464,2.928220510482788,3.002880334854126,3.066162347793579,23
0.6177025174078452,23.92386693970792,30.9476556797848,2.368137892776409,2.127788126729987,0.7255029678344727,1.9570088386535645,2.719174861907959,3.069615364074707,3.259916305541992,3.3781299591064453,3.475457191467285,3.5550498962402344,23
0.8990076275410002,19.338944741065088,75.63456744070518,2.244659017650368,2.2803273199417307,0.5470516681671143,1.3463590145111084,1.8530991077423096,2.142241239547729,2.333073854446411,2.476073980331421,2.596837282180786,2.6932036876678467,20
0.9498414170561243,7.552524748444809,3.9502913877863928,2.557214408975022,2.6556877370918586,0.8645486831665039,2.380739688873291,3.38062047958374,3.918112277984619,4.248263359069824,4.483082294464111,4.667734622955322,4.8133063316345215,22
0.7379254484278897,61.98845444216628,1.5358423571903594,2.0129050818630043,2.535228420733124,0.4493982791900635,1.0325548648834229,1.435621976852417,1.7106008529663086,1.919216871261597,2.0879549980163574,2.228020668029785,2.3467164039611816,18
0.4081040873671879,19.81438111194984,62.48762673629693,2.9323449634661136,2.924371985208462,0.968153476715088,2.9774508476257324,4.738772869110107,5.70026159286499,5.982075214385986,6.08019495010376,6.121505260467529,6.139768123626709,7
0.7467110113842603,9.477539275872152,223.9936838741091,2.0585631954897377,2.557134596217389,0.5862154960632324,1.6120479106903076,2.2602784633636475,2.4321134090423584,2.4377329349517822,2.437826871871948,2.437764883041382,2.437889814376831,1
0.9483600097303376,25.85004715999213,1.7969997979511607,2.274937667862672,2.760602081721738,0.5726597309112549,1.4126300811767578,1.9765055179595947,2.3399364948272705,2.602853536605835,2.809826135635376,2.9812729358673096,3.128934144973755,18
0.7767413873581447,67.94896506968345,14.250223850907243,2.997420285029598,2.9789345403359686,0.4978694915771484,1.160628318786621,1.65443754196167,1.997724533081055,2.2535204887390137,2.458311080932617,2.6285605430603027,2.77539587020874,18
0.848444173757771,18.487939780182284,5.61750729372449,2.782394754659224,2.056039158549479,0.6507506370544434,1.637242317199707,2.266538143157959,2.6391749382019043,2.890073299407959,3.0801901817321777,3.234458923339844,3.3685879707336426,18
0.7973309312460964,60.42917645173483,225.62409467247875,2.1044212700556506,2.616394898528193,0.2981793880462646,0.582556962966919,0.7984955310821533,0.9660406112670898,1.0994722843170166,1.2096784114837646,1.3010749816894531,1.377502679824829,10
0.9637887848141432,6.43305082205607,112.08973445430428,2.27353186398055,2.0313627493038835,0.6210329532623291,1.599113702774048,2.1822311878204346,2.454301595687866,2.587461233139038,2.6703641414642334,2.7275073528289795,2.773198366165161,0
0.6133855876304961,8.464200875978783,143.08054335805474,2.827039799091459,2.5701637772648493,0.7976164817810059,2.346564054489136,3.526052236557007,4.048893928527832,4.213047027587891,4.248106002807617,4.250059127807617,4.2526702880859375,23
0.3144480000671104,85.05305421983174,10.5417594174753,2.050091351161804,2.296344886916492,0.6697902679443359,1.85597825050354,2.583075523376465,2.8408865928649902,2.931429862976074,2.996809482574463,3.053506851196289,3.1037368774414062,22
0.972787046785565,55.22702504406243,4.85964569791339,2.725824605187171,2.974054863019892,0.4295787811279297,0.9324557781219482,1.3385279178619385,1.6622974872589111,1.923406362533569,2.139686346054077,2.3231680393218994,2.482139825820923,18
0.3599671521663683,10.149322730372829,3.008565259707712,2.339588580487452,2.530359678101262,1.1417083740234375,3.658439159393311,6.184157371520996,7.881075859069824,8.569839477539062,8.643115043640137,8.654006004333496,8.665470123291016,14
0.6260531939322276,9.02074516066152,1.2883685166349723,2.2299542924886,2.859271280639356,1.05047869682312,3.226357936859131,5.010898113250732,5.917064189910889,6.277286052703857,6.446812152862549,6.579818248748779,6.670298099517822,5
0.5788871662480813,23.814427756139978,5.011758545200005,2.6061803374362538,2.1664002318960915,0.8080589771270752,2.214679956436157,3.119494676589966,3.557178735733032,3.798317193984986,3.9618947505950928,4.070514678955078,4.168468475341797,22
0.7875828378067571,15.728423880443303,106.27631505364424,2.9102838693113053,2.564630682527236,0.6895856857299805,1.8872413635253904,2.68689489364624,3.077181339263916,3.282393455505371,3.402098655700684,3.4937572479248047,3.5670738220214844,23
0.4400602679419191,6.8888195091106095,1.4614355777594648,2.148386409384327,2.145686531743074,1.0940184593200684,3.420632123947144,5.551774978637695,6.865415573120117,7.34034252166748,7.440953254699707,7.490476608276367,7.52876091003418,5
0.5192172170768494,18.822386760608207,4.279686037945569,2.116401397032372,2.9705088967859026,0.9701907634735109,3.000101327896118,4.66403865814209,5.481394767761231,5.752257347106934,5.860676765441895,5.942985534667969,6.003413200378418,6
0.5054311634530578,14.523363004204802,17.77382582550376,2.5268288834986614,2.584388390471672,1.004467487335205,3.028197765350342,4.661847114562988,5.458896636962891,5.744162559509277,5.888903617858887,5.976300239562988,6.0419464111328125,6
0.657802369029907,39.92552646831055,79.60726515943787,2.913206830137209,2.2262970658437427,0.5424997806549072,1.361579418182373,1.8842449188232424,2.15859603881836,2.330348014831543,2.45661735534668,2.562568187713623,2.649413585662842,20
0.3335265458412573,181.2596590006329,2.651332155844779,2.838572768033456,2.158766273807373,0.4139771461486816,0.940624475479126,1.2673094272613523,1.4442451000213623,1.570767164230347,1.6723744869232178,1.755589723587036,1.827655553817749,18
0.855488182193014,10.018975033440109,1.5798254265443326,2.93894489708763,2.313047622881644,0.848391056060791,2.282543659210205,3.216870784759521,3.736541748046875,4.072328567504883,4.315580368041992,4.505711078643799,4.653007984161377,22
0.7300033600858414,134.23700148705043,3.498192108059108,2.6760655208320365,2.071141517905448,0.2529075145721435,0.4762310981750488,0.6738896369934082,0.8462610244750977,0.9971930980682372,1.13073468208313,1.2488775253295898,1.3544325828552246,8
0.7840884323729043,180.2592327297958,11.682938431027836,2.2023071011819444,2.098853118938964,0.1690108776092529,0.2953593730926513,0.4166889190673828,0.5299029350280762,0.6350605487823486,0.7327256202697754,0.823322057723999,0.9080138206481934,15
0.737375393268922,175.2250920611833,27.7647320256422,2.112514439641487,2.631662592934408,0.2135639190673828,0.382854700088501,0.5433447360992432,0.6893746852874756,0.822420597076416,0.9442262649536132,1.0559144020080566,1.157752275466919,15
0.5410701603265775,86.15634885749205,15.788366035144662,2.7307363661400514,2.766670331956582,0.5648431777954102,1.4521706104278564,2.044102430343628,2.3582475185394287,2.5602118968963623,2.7122480869293213,2.8387973308563232,2.9469029903411865,19
0.496996988304194,122.10813361127266,14.8116788537622,2.7424399063375344,2.35781678624437,0.4345183372497558,0.9930007457733154,1.371429204940796,1.606593370437622,1.7782208919525146,1.914979696273804,2.028241872787476,2.1262476444244385,19
0.7038489769247536,184.63350630556863,144.29044254757494,2.212515346191481,2.9670525163456087,0.2062814235687255,0.3493211269378662,0.4859619140625,0.6103482246398926,0.7234032154083252,0.827613353729248,0.923065423965454,1.0104875564575195,17
0.4737273069559104,12.61972006085243,4.902424084952635,2.019128960194528,2.1512331181676587,0.9857499599456788,2.9280080795288086,4.414767265319824,5.106552600860596,5.342130184173584,5.440326690673828,5.508187770843506,5.5595808029174805,6
0.9439582196842506,24.13223207412972,138.463190363717,2.791334342809398,2.8358916647335155,0.5220472812652588,1.277803897857666,1.8100008964538568,2.1346631050109863,2.3507113456726074,2.513136386871338,2.643324851989746,2.7507100105285645,20
0.5374058133982353,163.78540326794632,28.392948113556457,2.407139783031319,2.4360658992766018,0.3204929828643799,0.6332647800445557,0.8729438781738281,1.064763069152832,1.2210538387298584,1.3531057834625244,1.4666757583618164,1.5652718544006348,9
0.6601434673616808,8.484349865342294,114.1238627962339,2.7764922631231146,2.9291191188373764,0.867455244064331,2.61609411239624,4.023789882659912,4.721593856811523,4.9519944190979,5.032351970672607,5.055456638336182,5.063628673553467,23
0.9710244980047964,199.9235099982975,0.6357796785016088,2.89367802373883,2.578702176761268,0.1852471828460693,0.3180155754089355,0.4480466842651367,0.5789413452148438,0.7001688480377197,0.8148391246795654,0.9238884449005128,1.0266900062561035,15
0.4930713024870049,33.47943540417365,47.32144084448428,2.273758631809108,2.050356937262134,0.6833789348602295,1.8385436534881592,2.530796766281128,2.8187496662139893,2.954890012741089,3.0351741313934326,3.096158742904663,3.149916410446167,23
0.7800662869497915,8.898432478829083,8.544209262152867,2.4632002475103496,2.3552919723722514,0.901602029800415,2.505838394165039,3.570484161376953,4.1026787757873535,4.405795574188232,4.604794979095459,4.758052825927734,4.870725154876709,22
0.6274469540785803,69.05046955126869,0.5090069754526199,2.47506542428543,2.3628623226755736,0.5073659420013428,1.2227461338043213,1.6905813217163086,1.9723215103149407,2.169219970703125,2.3264942169189453,2.456584453582764,2.568903923034668,18
0.7068489162866215,12.269230064369724,30.25227666655913,2.969746132052697,2.457891931797806,0.8842339515686035,2.504624843597412,3.6283812522888175,4.189793586730957,4.496347904205322,4.696474552154541,4.838207721710205,4.940978050231934,23
0.7745116270682613,6.400128319398752,76.07856545268338,2.79322107055704,2.363999970884175,0.8422260284423828,2.3998403549194336,3.481792449951172,3.994323253631592,4.236998558044434,4.372235298156738,4.441959857940674,4.480833053588867,23
0.8582706321649893,80.51941569914058,1.2241558597773254,2.432814680203919,2.984041626893385,0.3817982673645019,0.806037425994873,1.1527671813964844,1.4359819889068604,1.6687047481536863,1.8646461963653564,2.032276391983032,2.177835702896118,8
0.8586011185151665,6.305150692424992,13.253854502283218,2.378160150381849,2.3902039949310305,0.9126012325286864,2.548665761947632,3.638490438461304,4.185104370117188,4.492654800415039,4.703363418579102,4.862321853637695,4.975074768066406,22
0.6816912930038176,194.23805910033823,59.42370861389186,2.5437067402062343,2.9592020740718707,0.2532765865325928,0.4497239589691162,0.630455493927002,0.7928717136383057,0.9384706020355223,1.0710256099700928,1.1905739307403564,1.2993769645690918,10
0.8920928768340939,179.10630542917298,0.8717568916447385,2.6399909571206885,2.8117438031842497,0.221656322479248,0.3903012275695801,0.5555989742279053,0.7129793167114258,0.8578927516937256,0.9930803775787354,1.1186656951904297,1.2360363006591797,15
0.6297940499133341,73.77419802094592,7.408647295565649,2.063112364898679,2.1376236190054634,0.4328594207763672,0.9818692207336426,1.3426265716552734,1.5775794982910156,1.7490947246551514,1.8882262706756592,2.0073587894439697,2.105118989944458,18
0.8311081314649154,17.55348522471584,4.752554308896967,2.878385595576721,2.698610628463803,0.7800843715667725,2.119678974151612,3.0106821060180664,3.5003538131713867,3.800189018249512,4.018745422363281,4.195410251617432,4.341586589813232,22
0.5625562919135431,199.1376434854737,36.03031001230506,2.148136783342438,2.4085080078622263,0.2350037097930908,0.4178094863891601,0.5779213905334473,0.7180361747741699,0.8409738540649414,0.9505982398986816,1.0485875606536863,1.1369574069976809,15
0.3562858344252094,72.93439056870115,1.6432760498778187,2.124435481787214,2.5386627504091424,0.7324516773223877,2.1004998683929443,3.0078866481781006,3.36783766746521,3.4960596561431885,3.567876100540161,3.6328165531158447,3.690202474594116,22
0.8257941227991938,28.38675640254497,156.40942276623932,2.5921075132754887,2.3116926381245784,0.461993932723999,1.0921061038970947,1.5088131427764893,1.7414233684539795,1.8949735164642327,2.005855798721313,2.0923173427581787,2.1658031940460205,20
0.6145657510647675,10.463529853143282,0.9334021322030304,2.041383050722464,2.307340800486521,0.9694316387176514,2.8342032432556152,4.177133083343506,4.784275531768799,5.043529987335205,5.187333583831787,5.302011966705322,5.376220703125,5
0.5030714045461452,10.321316920669084,6.587163559045151,2.569834502686272,2.7598689047541844,1.109900712966919,3.448767900466919,5.547913551330566,6.735566139221191,7.168598175048828,7.317487716674805,7.424325942993164,7.504569053649902,6
0.9629174777097884,68.63860519449902,12.762210920855075,2.515450114166641,2.2321820068933325,0.3012306690216064,0.6029634475708008,0.8648521900177002,1.0882911682128906,1.2786834239959717,1.44319486618042,1.5867671966552734,1.7129998207092283,9
0.3750886866557753,43.92380697448152,2.791118522296702,2.001795914059882,2.799764027165585,0.8662419319152832,2.6392822265625,4.006992340087891,4.602634906768799,4.772452831268311,4.83985710144043,4.885764598846436,4.924432277679443,22
0.6932626540013525,167.2398819421136,1.194372102224753,2.346569478967274,2.889658241221523,0.2844500541687011,0.5389196872711182,0.7643623352050781,0.962188959121704,1.136411190032959,1.291029930114746,1.4277129173278809,1.550826072692871,8
0.8648226415064233,98.61839208032548,20.114059778599028,2.514374756121403,2.4347962072164404,0.2934174537658691,0.5720961093902588,0.8165767192840576,1.0285041332244873,1.211829423904419,1.3718864917755127,1.511885166168213,1.636945724487305,9
0.5799106763299791,44.10181494786712,11.708901175011013,2.495594775284925,2.526350334627269,0.6894416809082031,1.8780436515808103,2.630819797515869,2.994839668273926,3.1953721046447754,3.3337435722351074,3.449528217315674,3.547182559967041,22
0.7312592602317496,13.941785572206074,15.083479871843402,2.8481341061517105,2.708819290830573,0.8969056606292725,2.565193891525269,3.7377817630767822,4.336435317993164,4.655681610107422,4.869137763977051,5.02224063873291,5.145214080810547,6
0.6775406748918069,60.52536045705743,1.097278241505019,2.8622104262960253,2.363667898339266,0.5195896625518799,1.2552073001861572,1.7558314800262451,2.064333200454712,2.280604124069214,2.4535610675811768,2.596369981765747,2.7159359455108643,18
0.6875260659114849,73.71900810481164,12.88224555510012,2.729226858144494,2.895110637924962,0.5161690711975098,1.2480731010437012,1.7648799419403076,2.095327615737915,2.331286668777466,2.517197370529175,2.6704790592193604,2.803558588027954,18
0.3763011031673308,101.24401021189443,1.293771835283296,2.1661137385268043,2.59267393639295,0.6169750690460205,1.694396734237671,2.3604719638824463,2.628358602523804,2.757208108901977,2.854134321212769,2.935370683670044,3.005579710006714,22
0.951011129811156,52.49806787335626,0.7778376401260065,2.369264215588406,2.830421177980017,0.417522668838501,0.9107816219329834,1.301927089691162,1.609898567199707,1.8568744659423828,2.061522483825684,2.2351508140563965,2.385608673095703,18
0.7182281755534197,12.979849490737692,17.558771674020317,2.447133782574527,2.385120776391721,0.857780933380127,2.401721477508545,3.421826362609864,3.919950008392334,4.183714866638184,4.352750778198242,4.477502822875977,4.575432777404785,22
0.3783077230829229,163.90510603539968,13.87162707898507,2.8747651602724766,2.573059818884102,0.4777662754058838,1.1548452377319336,1.6012983322143557,1.8348040580749512,1.9860711097717283,2.1050057411193848,2.206631660461426,2.2932019233703613,18
0.9153469976743028,24.253096859665696,26.94744790050835,2.09989716459664,2.7487768133492585,0.571420431137085,1.4385201930999756,2.003569841384888,2.350461721420288,2.5919029712677,2.7806551456451416,2.935180902481079,3.068265199661255,19
0.542425677088481,31.13927562101008,115.34571143450876,2.7737010109901514,2.5274037706728736,0.6757774353027344,1.8901567459106443,2.701906681060791,3.042843818664551,3.181450366973877,3.249953269958496,3.2997355461120605,3.3432765007019043,23
0.7950364415718545,19.46357825309613,43.79563645755646,2.8647589083081995,2.611316920951503,0.7155637741088867,1.9341061115264893,2.735381841659546,3.160231351852417,3.4108588695526123,3.5899670124053955,3.723654508590698,3.842487096786499,23
0.4092976787220218,173.46923685760083,85.51700585988182,2.313336291085611,2.1374193984561445,0.2984535694122314,0.5654296875,0.7484002113342285,0.8841359615325928,0.992283821105957,1.0833396911621094,1.159898281097412,1.2243647575378418,10
0.8347792362973017,97.92960852670302,36.79263976965549,2.6940254686013705,2.873104934053756,0.3441135883331299,0.6928188800811768,0.98518705368042,1.2323098182678225,1.440490484237671,1.6184608936309814,1.772477388381958,1.9076645374298096,9
0.6591564183988294,27.57790559956955,93.36118995075216,2.5307065823702297,2.477403833677144,0.6395854949951172,1.7244863510131836,2.413564682006836,2.725204944610596,2.883668899536133,2.986894130706787,3.0661416053771973,3.1324291229248047,23
0.5835411717033907,89.80032034491171,13.05707273447318,2.0522144588824767,2.725455810648913,0.4656441211700439,1.118870496749878,1.5464601516723633,1.80905556678772,1.996589183807373,2.147332668304444,2.2695460319519043,2.376525402069092,18
0.7834708921568045,12.3157586679837,3.204377497038656,2.598160125539294,2.082688404871423,0.7991619110107422,2.109433889389038,2.932199716567993,3.3787848949432373,3.6563045978546143,3.852088689804077,3.9990079402923584,4.124438285827637,22
0.7590986465816197,25.23027591100168,231.0347868586386,2.688582791278538,2.788320523804003,0.5138375759124756,1.30480694770813,1.8328654766082764,2.07166600227356,2.1776578426361084,2.244690179824829,2.296359300613404,2.338310480117798,1
0.6143302881319374,124.54350723946833,152.1403847468456,2.93440051753136,2.0013565508903506,0.2360312938690185,0.410069465637207,0.5515365600585938,0.6706497669219971,0.7729480266571045,0.8625705242156982,0.941155195236206,1.0107598304748535,17
0.9825950961938172,79.750637459251,7.446564148647095,2.721889849223556,2.11318479394355,0.2625865936279297,0.5108106136322021,0.7372386455535889,0.937267541885376,1.112714767456055,1.2677021026611328,1.404724359512329,1.52744460105896,9
0.6682504121792092,55.33077978964178,118.29119930062204,2.8974173514167374,2.1491516816822096,0.4167506694793701,0.944995641708374,1.3001136779785156,1.5169196128845217,1.6664752960205078,1.7841715812683103,1.879596710205078,1.95865535736084,20
0.3003911874182495,21.6645311539656,3.862635710302163,2.97221253484745,2.0693452189920603,1.0238862037658691,3.080307006835937,4.840777397155762,5.784207344055176,6.071732521057129,6.196832656860352,6.283475875854492,6.333867073059082,6
0.9975637133824338,41.22836971579458,118.38488051017848,2.859898670831563,2.8317340828924857,0.4124839305877685,0.8984096050262451,1.279087781906128,1.5716164112091064,1.8000619411468506,1.985386610031128,2.1397597789764404,2.271564722061157,20
0.4799041451876253,10.12320915090814,29.24146380563225,2.5234222745223542,2.179378997261468,0.9755566120147704,2.9016151428222656,4.414307117462158,5.135463714599609,5.371942520141602,5.494521141052246,5.560830116271973,5.597006797790527,7
0.4305942234674856,114.75345375794168,25.03927634460704,2.4022781187348388,2.517656031860874,0.5117557048797607,1.2855188846588137,1.7688958644866943,2.00252366065979,2.1520884037017822,2.2664873600006104,2.3606860637664795,2.4464151859283447,19
0.9871227627543688,50.01110845698476,178.1875744043103,2.3804103349458217,2.511762147333091,0.2997405529022217,0.5899631977081299,0.8280720710754395,1.0244462490081787,1.1871452331542969,1.3233332633972168,1.4397196769714355,1.5398261547088623,10
0.8645877965592255,46.85419514678628,73.75309177713366,2.173905852054418,2.1347470713375456,0.3599414825439453,0.7609596252441406,1.062327861785889,1.2892258167266846,1.4663643836975098,1.61028790473938,1.7304856777191162,1.8327782154083248,10
0.6584450185310471,34.0384905711515,14.61104663740215,2.812066360586545,2.216384288694213,0.6535921096801758,1.7029411792755127,2.363954305648804,2.7166035175323486,2.9351274967193604,3.096140623092652,3.222458600997925,3.33532977104187,19
0.9256227696450644,90.5488777011696,0.7228135934781572,2.6366531808017646,2.5472853453375213,0.3063573837280273,0.6037700176239014,0.8670992851257324,1.0960814952850342,1.2946982383728027,1.4683632850646973,1.6207275390625,1.7559809684753418,8
0.5315897127019855,21.23294116270408,0.6505115022541016,2.047265987832717,2.983974985282591,0.9337778091430664,2.8650341033935547,4.396315097808838,5.116790771484375,5.362090587615967,5.476993083953857,5.5584893226623535,5.620156288146973,5
0.8922739546779503,13.79414191445706,1.037982694011576,2.489261864618335,2.796390149783083,0.7813537120819092,2.1337623596191406,3.011974334716797,3.48570203781128,3.7789626121521,3.993005752563477,4.163569450378418,4.303353786468506,22
0.4839060283479852,17.327711048379093,1.9322740126544056,2.096452102688452,2.7392772553718565,0.9993784427642822,3.071009397506714,4.765351295471191,5.597427368164063,5.860186576843262,5.976944923400879,6.045454025268555,6.094886779785156,6
0.3111816565982593,6.051193666969287,9.971847898941135,2.522971756300576,2.003994943897184,1.1076452732086182,3.505894184112549,5.940067291259766,7.670978546142578,8.399321556091309,8.44013500213623,8.443581581115723,8.446859359741211,14
0.8800999289873903,33.9155188867448,0.7524878501608956,2.00565229252642,2.4391161450357086,0.502417802810669,1.182237148284912,1.6396386623382568,1.9460580348968504,2.1730875968933105,2.35457706451416,2.5066280364990234,2.6373515129089355,18
0.3228720502494753,6.530086197083316,0.787349738364113,2.4544875795108774,2.0363106361633445,1.1312847137451172,3.5920090675354004,6.076982975006104,7.882755756378174,8.718677520751953,8.816978454589844,8.822641372680664,8.827859878540039,13
0.4910527408938286,10.12550684997292,6.654283393779294,2.4316832766976835,2.560377153745576,1.087840557098389,3.3701021671295166,5.371665000915527,6.483159065246582,6.864894866943359,6.995403289794922,7.082571983337402,7.140730857849121,6
0.6283486459827683,7.059218500694334,1.925786782928004,2.45193923642256,2.742811094501408,1.0966298580169678,3.3502893447875977,5.231105327606201,6.215370655059815,6.627974987030029,6.842620372772217,7.007771015167236,7.128570079803467,6
0.5950985085071949,118.50784021338826,0.7248927121947506,2.0375855283248474,2.5043387127329613,0.3700175285339355,0.7915792465209961,1.100492238998413,1.3296778202056885,1.5091521739959717,1.6568787097930908,1.7814719676971436,1.890782594680786,8
0.9872799191547904,25.975759507584257,2.520258946870894,2.926640975132745,2.876346404126802,0.5994741916656494,1.4756817817687988,2.0987534523010254,2.5066871643066406,2.8005599975585938,3.0328850746154785,3.2261409759521484,3.393116474151612,18
0.6417907080065182,10.840104551466618,9.515513686386416,2.9835077740757465,2.872245791044654,1.0435972213745115,3.121427059173584,4.775557994842529,5.6209821701049805,6.020071983337402,6.274049758911133,6.460577964782715,6.594034194946289,6
0.9790275372492172,38.463180172689775,1.3180150069618162,2.53665737716316,2.619958048501534,0.4626474380493164,1.0422797203063965,1.479362964630127,1.8034515380859373,2.054126262664795,2.2585911750793457,2.430485725402832,2.578657627105713,18
0.3593367076088227,79.44915998332029,58.160216062230326,2.6130518150359725,2.5200685335995363,0.654371976852417,1.822915315628052,2.5946238040924072,2.898081064224243,3.01653265953064,3.086787462234497,3.146124124526977,3.1989495754241943,23
0.675753052393768,19.947549914369336,222.3065837813828,2.9908378829664573,2.01759773017906,0.4638319015502929,1.1263628005981443,1.5019373893737793,1.6208019256591797,1.6571507453918457,1.6802763938903809,1.6992449760437012,1.715139865875244,1
0.8511148651651284,114.00574324305607,88.47025209017974,2.233106102733786,2.9550053109480547,0.2615156173706054,0.4912304878234863,0.7013232707977295,0.8879897594451904,1.0540401935577393,1.2023184299468994,1.3344762325286863,1.4535250663757324,10
0.6010249508850893,170.43608762650146,2.3173119265505515,2.363438495007653,2.3308799607433603,0.2736027240753174,0.5137524604797363,0.7169044017791748,0.8910338878631592,1.04016375541687,1.1713309288024902,1.2863140106201172,1.388211965560913,8
0.4604318424100891,112.97383684857144,29.20745604738857,2.085125562688157,2.903382575028147,0.5003368854522705,1.2879900932312012,1.790090560913086,2.0407636165618896,2.199540853500366,2.322735548019409,2.4242498874664307,2.513284921646118,19
0.918638664091438,11.90587398723994,67.36337907162142,2.865634768833903,2.007053597019748,0.6125359535217285,1.5449917316436768,2.1375763416290283,2.4706857204437256,2.6833107471466064,2.843035936355591,2.96224331855774,3.064871072769165,20
0.6827380505578684,176.58209370109662,87.68352406768221,2.482134315694465,2.8205709664648047,0.2496674060821533,0.4432456493377685,0.6188223361968994,0.7754631042480469,0.9149065017700196,1.0413498878479004,1.1548383235931396,1.2578740119934082,16
0.4671783889232498,51.694980642243394,1.178392894168758,2.765066747723377,2.0926980540023363,0.6885316371917725,1.8432135581970213,2.560122013092041,2.9012045860290527,3.095107078552246,3.2194557189941406,3.32645845413208,3.4115471839904785,22
0.3705457059838488,36.65152789113992,0.8919911573009425,2.5460603960833468,2.478856697050687,0.9260342121124268,2.7471179962158203,4.138440132141113,4.767614841461182,4.996251106262207,5.10803747177124,5.180813789367676,5.238874912261963,5
0.3067938606920192,18.220083002779543,0.6283744710567291,2.9157394009124253,2.2868864607969552,1.0918245315551758,3.366454601287842,5.46586275100708,6.732734203338623,7.144433498382568,7.240193843841553,7.321521282196045,7.381187915802002,5
0.7320238460303843,54.51241647629685,65.6762255378564,2.4050393753908423,2.357182885078404,0.4425289630889892,1.0131819248199463,1.4048058986663818,1.6588633060455322,1.8445751667022705,1.9899184703826904,2.111072301864624,2.213154554367065,20
0.4368662047462952,20.62515225382022,207.31828588449065,2.7495310623487046,2.4514927219253817,0.6452963352203369,1.825527667999268,2.640737533569336,2.90163516998291,2.923047065734864,2.9238290786743164,2.9242262840271,2.9245009422302246,1
0.3307175648238204,10.633138722743489,90.78777331946807,2.132176829614725,2.7770153882423587,0.9313383102416992,2.9354588985443115,4.812251091003418,5.930662155151367,6.159513473510742,6.163962364196777,6.1651458740234375,6.165749549865723,7
0.6761365840066558,6.878631022362267,8.206696002696994,2.787989523091833,2.65747611229985,1.0730609893798828,3.212388038635254,4.904268741607666,5.770611763000488,6.179534912109375,6.444665908813477,6.6479902267456055,6.789179801940918,6
0.7824366896298296,75.9164263690999,5.418343274591424,2.231122203684786,2.29801455273996,0.3577640056610107,0.7486884593963623,1.054413080215454,1.2950644493103027,1.4890573024749756,1.6510419845581057,1.789051532745361,1.9093990325927728,9
0.7266573794987561,21.976822940524777,2.409666881283161,2.916164269278541,2.1700442152334127,0.7206313610076904,1.8839869499206543,2.622953414916992,3.032806396484375,3.293520450592041,3.4810194969177246,3.6265673637390137,3.753507614135742,22
0.7635558290522122,135.00601580767366,2.232193390442781,2.959306457938183,2.6054713429272782,0.3069961071014404,0.5948312282562256,0.8440566062927246,1.0603060722351074,1.2471599578857422,1.4113354682922363,1.5553512573242188,1.682389259338379,8
0.8651566064338578,8.399197199342018,21.573640457646032,2.2173594066905613,2.3097650718213605,0.817965030670166,2.228325843811035,3.122070789337158,3.5692172050476074,3.823528289794922,3.996590614318848,4.121870994567871,4.225368499755859,23
0.6346182529126642,54.68928751415353,6.297656446192669,2.5364026632198646,2.941572929861672,0.6380884647369385,1.7180490493774414,2.4325222969055176,2.804868221282959,3.0313405990600586,3.2020068168640137,3.3400025367736816,3.4580535888671875,22
0.9328609021656288,42.112435903535726,10.108651708417288,2.8855333107581047,2.1925953527457485,0.4252653121948242,0.9486117362976074,1.3492894172668457,1.6444416046142578,1.8735623359680176,2.060788631439209,2.2186827659606934,2.354547500610352,18
0.7661014699929333,15.024639759818278,3.5187910473268302,2.996871537027941,2.6753934541003703,0.867563009262085,2.4263134002685547,3.4886960983276367,4.048802375793457,4.38156795501709,4.61035680770874,4.784739971160889,4.924678325653076,22
0.8260668974513306,52.72317006464193,4.095198405136908,2.595168060004845,2.2155313120034137,0.4292328357696533,0.95807147026062,1.3491244316101074,1.6314260959625244,1.8484008312225344,2.0244953632354736,2.172197103500366,2.2987372875213623,18
0.8888267186037375,17.34849505724425,61.81759976761479,2.578467693292559,2.4866147085733643,0.630657434463501,1.6300718784332275,2.27252459526062,2.6243789196014404,2.848694562911988,3.014579057693481,3.1478068828582764,3.2566797733306885,19
0.699390279798161,77.76363075950479,53.038501839855314,2.7262402117121063,2.9451916940923715,0.472646951675415,1.1040499210357666,1.5622508525848389,1.869788408279419,2.094835996627808,2.273451089859009,2.4225642681121826,2.548546552658081,19
0.3765399654610822,55.43200002764972,3.3788083982762624,2.9311764533590416,2.383166628919303,0.810662031173706,2.31704330444336,3.374905586242676,3.861313343048096,4.075658798217773,4.202780246734619,4.286940097808838,4.349697589874268,22
0.343961634614421,20.83565857037006,0.9511392092600574,2.749469248332768,2.284756355746317,1.0444328784942627,3.162679672241211,4.959807395935059,5.909542083740234,6.21327018737793,6.3332109451293945,6.429773330688477,6.487377166748047,5
0.6004935766998645,91.96140267603371,18.1296276811072,2.6662234700700287,2.5492268748928586,0.4651577472686767,1.0860962867736816,1.5140314102172852,1.7871832847595217,1.9829559326171875,2.14064884185791,2.271868705749512,2.3827695846557617,19
0.9977540859577104,7.516486539515741,71.71071305395246,2.442099275677563,2.669018940809776,0.7340083122253418,2.001762866973877,2.8248581886291504,3.2529006004333496,3.4980297088623047,3.661688327789306,3.7827844619750977,3.874642372131348,23
0.3126876460482169,23.651819039664343,1.8799416960692887,2.4053891788686497,2.5127003569288258,1.0581650733947754,3.286006212234497,5.313686370849609,6.487002372741699,6.829888343811035,6.885255813598633,6.915104866027832,6.937747001647949,6
0.4829081484881978,6.616764453841274,69.09896151661184,2.529652378287085,2.358644596065424,0.9484095573425292,2.882227897644043,4.526765823364258,5.347494125366211,5.5458526611328125,5.595827102661133,5.613346099853516,5.618259429931641,7
0.837777691877793,213.3866161522092,40.6916847189961,2.178548719446653,2.2717464620809027,0.1400907039642334,0.2400505542755127,0.3359999656677246,0.4270205497741699,0.5142843723297119,0.5976085662841797,0.6761500835418701,0.7508971691131592,15
0.8764192993444422,15.409224552036916,5.1463727050628,2.763573884385916,2.537496285592897,0.7478106021881104,1.9824604988098145,2.782397747039795,3.233715057373047,3.521728515625,3.734621524810791,3.9074435234069824,4.051840305328369,22
0.8194857645368698,19.48300699510127,1.598921433265481,2.693518378235615,2.692498791261328,0.7583789825439453,2.0542447566986084,2.903048276901245,3.361732244491577,3.646010637283325,3.854066610336304,4.018933296203613,4.15971565246582,22
0.4361018982025817,28.05996253267841,6.60887653734134,2.5001598475913114,2.224508726073755,0.8849644660949707,2.540799140930176,3.697880268096924,4.212328433990479,4.443490505218506,4.568803787231445,4.662703514099121,4.72420597076416,22
0.3813552662010775,97.2264324800891,0.5402249916075725,2.7155213671534613,2.676611205723332,0.6658811569213867,1.8536312580108645,2.639457941055298,2.9846351146698,3.145965337753296,3.250049352645874,3.3414323329925537,3.4203789234161377,22
0.6614305406558131,42.72302791321527,2.8559725249893555,2.233796709036111,2.2683042893875585,0.5927231311798096,1.501579761505127,2.052797794342041,2.3502001762390137,2.5468297004699707,2.696074962615967,2.8235554695129395,2.929116725921631,18
0.8076377624417643,42.02338966245074,233.15578366440536,2.8977954581608047,2.1890619711642554,0.3346447944641113,0.6807565689086914,0.9197609424591064,1.0825090408325195,1.2003607749938965,1.2909331321716309,1.3618197441101074,1.4212284088134766,10
0.9688089840183304,32.6365860350725,86.03969674839061,2.782023971069589,2.5392025675288967,0.4512042999267578,1.0282728672027588,1.4551010131835938,1.754622459411621,1.97870683670044,2.158020496368408,2.3052072525024414,2.429884433746338,20
0.5532256780702944,19.582348474154628,6.069796994484536,2.197028978812241,2.799712783938056,0.933434247970581,2.800992012023926,4.212989330291748,4.870330333709717,5.117788314819336,5.244863510131836,5.334968090057373,5.406257629394531,6
0.5764366085901804,44.85449378523964,81.77412326401758,2.345581322763235,2.073404687402676,0.5279099941253662,1.320831298828125,1.7874078750610352,2.0041041374206543,2.13350772857666,2.2273006439208984,2.30952787399292,2.380910873413086,20
0.5310265779994395,216.3597242112107,22.36210921319832,2.778402838858095,2.323356351212382,0.2564637660980224,0.4582777023315429,0.6301050186157227,0.7783567905426025,0.908696174621582,1.0242595672607422,1.1268765926361084,1.2188661098480225,9
0.6918088142422429,24.15042833289774,1.8986650273623744,2.5692876625115355,2.203831749568097,0.7287657260894775,1.9280407428741453,2.675997018814087,3.065542936325073,3.3026673793792725,3.468250036239624,3.60738205909729,3.713310480117798,22
0.6096725279391408,37.36433540930639,2.554123043000668,2.174500423585006,2.9603108144800387,0.7380630970001221,2.121088743209839,3.0397655963897705,3.465315580368042,3.676579236984253,3.818059206008911,3.934048891067505,4.029562950134277,22
0.7262665501402038,61.2789004127643,0.7003697043052223,2.1618083133765977,2.149405414491214,0.4266715049743652,0.9516117572784424,1.3182737827301023,1.5715935230255127,1.763453483581543,1.919285535812378,2.0498945713043213,2.162039995193481,18
0.4443761507591175,25.50874660325225,53.17601195007954,2.2456428272036506,2.811958239773374,0.875579833984375,2.670782804489136,4.106534957885742,4.7719573974609375,4.961991310119629,5.020216941833496,5.049893379211426,5.0723419189453125,23
0.3923393575391962,143.27965939623604,26.736588910857268,2.049263255875712,2.121937644390357,0.3939971923828125,0.8773148059844971,1.1677131652832031,1.335463047027588,1.4538466930389404,1.5527622699737549,1.634660720825195,1.7033884525299072,9
0.4959052489801531,35.87734520407321,163.84307041099555,2.5978645668417006,2.224398061715781,0.5548110008239746,1.456695795059204,1.9963886737823489,2.173490285873413,2.228001832962036,2.262247323989868,2.2919375896453857,2.318476915359497,0
0.8230883363951154,145.6112716245795,25.9376144344288,2.183414032144416,2.6405972187244435,0.2296826839447021,0.4194128513336181,0.5984034538269043,0.7609853744506836,0.9078118801116944,1.0420763492584229,1.16355562210083,1.2748243808746338,15
0.5448186506104167,75.63238210654472,19.404925449594288,2.2246454370521773,2.072916517991094,0.4748067855834961,1.1271488666534424,1.52634596824646,1.750725269317627,1.9070053100585933,2.032167911529541,2.1369738578796387,2.2227325439453125,19
0.5822298064651863,37.60518268094352,9.640795157996784,2.0308522809112817,2.618464518767728,0.7084658145904541,1.971859216690064,2.759376049041748,3.105041980743408,3.286853790283203,3.4088845252990723,3.510726928710937,3.594818115234375,22
0.7009306606169284,62.146231341204505,2.268296355934009,2.5740457791467506,2.96770839268743,0.5579886436462402,1.4019694328308103,1.978864908218384,2.3266026973724365,2.5666072368621826,2.7548415660858154,2.910320997238159,3.0416409969329834,18
0.4587049316875019,10.38377273750196,27.653413571671354,2.3142097553925463,2.144035036774727,0.978583812713623,2.92985200881958,4.48961067199707,5.241915225982666,5.45843505859375,5.549025058746338,5.596149444580078,5.622604370117188,7
0.47247787960001,89.71913705824626,1.295400573418227,2.312306525357307,2.926620117303401,0.6109530925750732,1.6726326942443848,2.359867572784424,2.6774301528930664,2.849087238311768,2.981325149536133,3.0852532386779785,3.179116725921631,22
0.8984101686118648,50.15634379172165,1.8764308662753024,2.7916624176505294,2.1933681261982154,0.4076642990112304,0.8944616317749023,1.2710552215576172,1.555714130401611,1.7785468101501465,1.9617767333984373,2.1169629096984863,2.2509207725524902,18
0.6444196567541294,39.97019570496808,1.1671648897705311,2.4674337802155004,2.312733353143245,0.648700475692749,1.6954073905944824,2.3443851470947266,2.6811599731445312,2.8912034034729004,3.0502939224243164,3.1747145652771,3.287633419036865,18
0.6194257761818482,7.865892273496795,14.516503245960608,2.3898959729689646,2.1364264083464803,0.9773988723754884,2.826566457748413,4.157886505126953,4.780295372009277,5.0739946365356445,5.260671615600586,5.378900527954102,5.461549758911133,6
0.370061916544152,6.971086425520368,0.5508981499362321,2.797763830977239,2.946312759032332,1.2507123947143557,4.104964256286621,7.239925384521484,9.646645545959473,10.83189868927002,10.95537567138672,10.96037769317627,10.964807510375977,13
0.6695522304193005,30.607617967503057,1.1094358901548549,2.796147872915576,2.210456918409042,0.6903805732727051,1.810285568237305,2.515554904937744,2.8958144187927246,3.1301727294921875,3.301461696624756,3.434072494506836,3.555041790008545,22
0.3791536230950658,30.83807151173824,8.60351493609659,2.826727274497542,2.9735995920093217,1.0199735164642334,3.138479471206665,4.980245590209961,5.963597297668457,6.293139457702637,6.432586669921875,6.513605117797852,6.571247100830078,6
0.6914700860307427,12.742366433868357,64.43050429137521,2.235267375964255,2.881921678052413,0.8368031978607178,2.496742248535156,3.71724796295166,4.282062530517578,4.485529899597168,4.585700511932373,4.645195007324219,4.690770149230957,23
0.5903011258611961,17.53529405280015,12.087362124738757,2.958912567053886,2.0419644925780465,0.8375601768493652,2.2938156127929688,3.2370991706848145,3.713916778564453,3.9957332611083984,4.184584617614746,4.319207191467285,4.417728424072266,22
0.5841989066008018,14.266055804985376,97.6677402571009,2.1906330017926514,2.69577840666402,0.8043651580810547,2.3950424194335938,3.581606864929199,4.088313579559326,4.229355812072754,4.267795085906982,4.286521911621094,4.302616119384766,23
0.6780468189290048,51.33302460318195,2.514764828958733,2.7039384118403857,2.164831207492352,0.5260484218597412,1.2786962985992432,1.768953561782837,2.0614750385284424,2.2657558917999268,2.428635835647583,2.5626323223114014,2.676252603530884,18
0.4609113935679305,13.744766782378376,11.99917341873715,2.266495042666375,2.751033612831678,1.0517144203186035,3.2805001735687256,5.246501922607422,6.338459968566895,6.685076713562012,6.776302337646484,6.830732345581055,6.865361213684082,6
0.8951130684796602,9.857435929881804,5.999873254181941,2.4042942262663143,2.917997796369146,0.8559496402740479,2.4234659671783447,3.481070280075073,4.027902603149414,4.33526611328125,4.550222396850586,4.722446441650391,4.859429359436035,22
0.507562968791242,61.8214032647601,2.7958621462015443,2.54948486892546,2.4211817644615548,0.6486551761627197,1.7356371879577637,2.414973258972168,2.734684467315674,2.919198036193848,3.0487260818481445,3.159441947937012,3.2498340606689453,22
0.6715749298534868,87.94305876867045,24.92329466607373,2.268226578379472,2.2211064847562443,0.3672630786895752,0.7786157131195068,1.082010269165039,1.3066251277923584,1.482149362564087,1.6264703273773191,1.7462718486785889,1.8530457019805908,9
0.3323538093155003,26.73136656958546,59.895134977170976,2.895509410784228,2.6365107339440126,0.9314234256744384,2.8320536613464355,4.442057132720947,5.254540920257568,5.475296497344971,5.561047077178955,5.594688892364502,5.609816074371338,7
0.9502293139526844,10.907007025375163,4.792226401007538,2.676917843010761,2.273242501620766,0.7345545291900635,1.8924860954284668,2.6326475143432617,3.065736770629883,3.350128173828125,3.5622048377990723,3.7352547645568848,3.882069110870361,22
0.8350132082500565,6.242669397237445,0.790718878793448,2.8258273672695013,2.400891408405667,0.974379301071167,2.724749803543091,3.9242560863494873,4.548727035522461,4.937073707580566,5.219758033752441,5.438261032104492,5.610565185546875,5
0.3681667325311727,52.53022803054952,142.0724031261882,2.62344066164785,2.053015367724253,0.5373818874359131,1.397904396057129,1.8868756294250488,2.022912979125977,2.0639524459838867,2.093909740447998,2.1204724311828613,2.144852638244629,0
0.7415302565136129,11.177693933837038,3.236108529251128,2.1215784475665904,2.157347353943114,0.8450319766998291,2.292383909225464,3.2006728649139404,3.640172719955444,3.8853280544281006,4.055649757385254,4.179184913635254,4.283670425415039,22
0.8095158880455209,75.07375021225538,1.0719009911562096,2.39657851735315,2.272488452171725,0.3584721088409424,0.7496142387390137,1.0604374408721924,1.3065316677093506,1.505753517150879,1.6719720363616943,1.814218282699585,1.9379518032073968,8
0.3884655523975749,14.98185738084817,1.2334000191765424,2.0529921739252965,2.8223323944102314,1.0798861980438232,3.463973999023437,5.758566856384277,7.177383899688721,7.668416500091553,7.732017040252685,7.752734661102295,7.769611835479736,5
0.4760168494927947,15.163286408960284,1.1238960802592095,2.661652556180556,2.786075051337485,1.082869291305542,3.3329086303710938,5.271186351776123,6.317782878875732,6.692162990570068,6.8707594871521,6.9880242347717285,7.084005832672119,5
0.3102165079561275,11.56193200617999,143.2951920107844,2.223910096074003,2.87073939615677,0.8441634178161621,2.6156325340271,4.191276550292969,5.024300575256348,5.127391338348389,5.128050327301025,5.128209590911865,5.12824821472168,23
0.498143817858164,203.8259250770392,23.703118324912523,2.303691339129961,2.0513385848142547,0.2256572246551513,0.3947494029998779,0.5391254425048828,0.6632499694824219,0.7721092700958252,0.8688876628875732,0.9550576210021972,1.031848430633545,15
0.9196884593555972,210.6360714809049,39.28030996631207,2.480493160289318,2.205322511249788,0.1405141353607177,0.2400689125061035,0.3336620330810547,0.4249043464660644,0.5128262042999268,0.5974621772766113,0.6777207851409912,0.7542898654937744,15
0.8402545329917892,57.14597491514793,1.713023924685858,2.595881336929024,2.0853107821367725,0.3845212459564209,0.831662654876709,1.1760427951812744,1.4372117519378662,1.6431100368499756,1.8137753009796145,1.9577062129974363,2.081392526626587,8
0.7413185409302581,142.14576427120744,103.8271320761618,2.237391858879289,2.153606095899129,0.1922276020050048,0.3305437564849853,0.4602949619293213,0.576340913772583,0.6813251972198486,0.7767789363861084,0.8630161285400391,0.9421212673187256,16
0.7201105981697917,10.154329452762124,7.642947449040174,2.127209666480588,2.224924817865161,0.8819031715393066,2.450430154800415,3.462491273880005,3.940297842025757,4.190553665161133,4.357791900634766,4.474246978759766,4.569923400878906,22
0.793865342754211,69.55970552924722,228.4511149726647,2.5319617099958664,2.140271967171433,0.2469995021820068,0.4389493465423584,0.5910453796386719,0.7161867618560791,0.8201262950897217,0.9081532955169678,0.984224796295166,1.049168586730957,17
0.7832941324396031,9.145741091106652,29.759456574952143,2.860144568803993,2.858933618173518,0.9376208782196044,2.733668565750122,4.050796508789063,4.724125862121582,5.066367149353027,5.281497001647949,5.4412336349487305,5.548748016357422,7
0.8188019995793812,7.144722436485088,1.3709651558266611,2.4238637675389985,2.607448223092008,0.9616262912750244,2.752575159072876,3.9942467212677,4.618279457092285,4.95228385925293,5.178656578063965,5.354440689086914,5.49058723449707,5
0.753764341687886,137.27198505523018,5.901064696533131,2.8580872111517377,2.340195817176589,0.2745110988616943,0.5208578109741211,0.7390222549438477,0.930185317993164,1.097468376159668,1.2451465129852295,1.3769004344940186,1.4935734272003174,9
0.3138157942457107,8.063791437327769,0.8854167416629005,2.0111511629895085,2.0457674231550773,1.0934007167816162,3.476263999938965,5.835951328277588,7.506998538970947,8.205635070800781,8.26588249206543,8.272247314453125,8.277887344360352,13
0.4070451327906285,47.162587550235806,215.8463316623317,2.1307576816813767,2.1892727455191605,0.4732410907745361,1.185956954956055,1.5722079277038574,1.6438720226287842,1.6601669788360596,1.6751749515533447,1.6885733604431152,1.7005281448364258,1
0.9140980630131924,57.87528927015166,13.5606022578428,2.424481434028032,2.599852879764834,0.3914000988006592,0.8365817070007324,1.1908254623413086,1.4708824157714844,1.695965051651001,1.883509874343872,2.042886018753052,2.180775880813598,9
0.4124088946678051,6.098725060389953,0.8758347589915959,2.545803169638385,2.126728533022733,1.1375911235809326,3.583198070526123,5.949406623840332,7.545645713806152,8.200432777404785,8.318184852600098,8.36526107788086,8.415790557861328,13
0.978305709757046,56.57575502226039,193.77047661766807,2.0885267173454243,2.103808687799245,0.2155590057373047,0.3880813121795654,0.5398387908935547,0.6695408821105957,0.7812440395355225,0.8784694671630859,0.9631845951080322,1.0377802848815918,17
0.8093083132785872,78.05741103179382,2.115106192807853,2.7304067704239587,2.425077776743604,0.3778328895568847,0.8018743991851807,1.138343334197998,1.4041922092437744,1.6180574893951416,1.7967956066131592,1.94846510887146,2.0804240703582764,8
0.5453723913981204,70.37841444079203,30.04214604085312,2.4184785067863337,2.931759545853169,0.6008973121643066,1.6182148456573486,2.283221960067749,2.6069276332855225,2.792027235031128,2.9300224781036377,3.0423080921173096,3.141083002090454,19
0.9437521933266152,19.927502014510694,3.244983125789481,2.474712009119218,2.825541156718924,0.6581323146820068,1.703000545501709,2.3908824920654297,2.8006668090820312,3.080652236938477,3.2965846061706543,3.4746532440185547,3.627264499664306,18
0.686555262147766,157.9438300739109,190.92283097248003,2.7228299361224857,2.19902938664612,0.1848514080047607,0.2898142337799072,0.3911068439483642,0.4803283214569092,0.561002254486084,0.6348845958709717,0.7025632858276367,0.7649195194244385,17
0.3826264455412932,10.604044676880465,0.7124581818946375,2.576781001647957,2.3386130806083494,1.124964475631714,3.5234930515289307,5.7855987548828125,7.189481735229492,7.713918685913086,7.809240341186523,7.864850997924805,7.917418479919434,5
0.4701526141577696,96.53504866707998,32.05301251685214,2.5787937241182988,2.515506900189271,0.5340056419372559,1.3585176467895508,1.8806664943695068,2.137813329696656,2.296422243118286,2.418663740158081,2.5186655521392822,2.6086342334747314,19
0.6888192686794835,77.91238031721007,0.9687687359734626,2.702665289941174,2.2378472722136027,0.4200696945190429,0.93784761428833,1.3118422031402588,1.5746872425079346,1.7743995189666748,1.936342000961304,2.072060823440552,2.1879546642303467,18
0.872539874080581,13.614160369213677,2.574293514204546,2.866231553299219,2.3373597633517424,0.7583508491516113,1.993521928787232,2.7902824878692627,3.2447545528411865,3.536475896835327,3.7552340030670166,3.925091505050659,4.074210166931152,22
0.6322626611407759,22.842604419897487,5.182334172958474,2.0707859383547755,2.4347218087590443,0.7957744598388672,2.232067346572876,3.145582437515259,3.560189008712769,3.768021821975708,3.8984687328338623,4.005861282348633,4.090762138366699,22
0.7780801918857363,6.302154805459652,12.036041501301275,2.3063671675221893,2.6946744823870983,0.9931259155273438,2.943049192428589,4.393013954162598,5.099626541137695,5.4302825927734375,5.625452995300293,5.777000427246094,5.875761032104492,6
0.9023804349023534,119.79158226722816,1.456862171605441,2.8642532705882813,2.545292127248985,0.2700028419494629,0.5093677043914795,0.7316043376922607,0.9313311576843262,1.109645128250122,1.2702233791351318,1.414088010787964,1.5443165302276611,8
0.4446841565047612,97.6759476042696,86.75982289335484,2.802122551067984,2.351687121706199,0.4760122299194336,1.155062198638916,1.580470085144043,1.7888364791870115,1.914685726165772,2.0131778717041016,2.097506046295166,2.1688289642333984,20
0.6558823431475169,7.669726794916569,135.55107854923423,2.553080508545883,2.80855729205742,0.819058895111084,2.449307918548584,3.7348885536193848,4.326904296875,4.480687141418457,4.513218402862549,4.515157699584961,4.518312931060791,23
0.3411791615493922,174.7470694364996,3.9200208717764,2.186996975561964,2.704310852337532,0.4773025512695312,1.1916582584381104,1.6380596160888672,1.844151496887207,1.9765567779541016,2.0801305770874023,2.1659164428710938,2.2401013374328613,18
0.6893948411651714,9.265624145539332,1.0953110648099529,2.3007704997538347,2.4253277316144035,0.9702441692352296,2.7938592433929443,4.08323860168457,4.691452026367188,4.989717483520508,5.19306755065918,5.330386161804199,5.44249439239502,5
0.9988455339754594,6.425381843542107,165.55239347619872,2.6720241973358423,2.5436043605419907,0.6395339965820312,1.718851089477539,2.4262523651123047,2.7549076080322266,2.8979201316833496,2.966096878051758,3.007164478302002,3.0399088859558105,23
0.8856954349928823,66.07667866588264,1.64698736914388,2.561420057114844,2.6832770963165102,0.39894700050354,0.8555192947387695,1.218315601348877,1.505340337753296,1.7359039783477783,1.927973985671997,2.09107518196106,2.232225179672241,8
0.4020231217318599,77.17199269500377,131.60920659691186,2.978015759712481,2.2933728054426044,0.5109577178955078,1.2957839965820312,1.776092529296875,1.9585380554199217,2.0461697578430176,2.1112289428710938,2.1668572425842285,2.2152156829833984,0
0.6389059356154934,14.747038223755473,3.572655925199005,2.2277021522601363,2.4044125427364573,0.900550127029419,2.570973396301269,3.70700740814209,4.231866836547852,4.481722354888916,4.645129203796387,4.750606536865234,4.847621440887451,22
0.7148209998321131,40.78165234153103,1.580844744218862,2.8664109524549484,2.8796256783167467,0.6742022037506104,1.802729845046997,2.5624797344207764,2.9794118404388428,3.2404401302337646,3.4353716373443604,3.595428228378296,3.7305667400360094,22
0.6974667234491003,51.64681688671339,5.042850927664415,2.8723859362787985,2.568753805479575,0.5820767879486084,1.4680736064910889,2.0630900859832764,2.410749673843384,2.6448171138763428,2.826918840408325,2.9775993824005127,3.1037070751190186,18
0.8117607191187142,66.22744528965866,62.69279059322542,2.8278248061848,2.7865496036817987,0.4277637004852295,0.9472479820251464,1.341240167617798,1.6313598155975342,1.8553402423858645,2.0366666316986084,2.18779730796814,2.318453073501587,19
0.6343983848233918,18.20647478627005,2.9398648171376665,2.3544863409654204,2.4979510024100864,0.8808982372283936,2.5209450721740723,3.640834331512451,4.165457725524902,4.421320915222168,4.589583396911621,4.699234008789063,4.800592422485352,22
0.9481109185233516,8.956682122306473,18.72347274175574,2.5263005552517948,2.281150723109659,0.7551090717315674,1.975691795349121,2.7459402084350586,3.177554130554199,3.453536033630371,3.6532721519470215,3.806148052215576,3.93891716003418,23
0.5081370842994851,21.01944109742028,10.769441975861152,2.780618557775965,2.566059501209607,0.9599008560180664,2.8344998359680176,4.260143756866455,4.941495418548584,5.236659049987793,5.420124053955078,5.5283308029174805,5.6203460693359375,6
0.7854887577139744,7.814881205213502,3.2599002595172064,2.2398958407703944,2.019804984426506,0.8715255260467529,2.342611789703369,3.2647581100463867,3.7313756942749023,4.007880687713623,4.194083213806152,4.3377685546875,4.441904544830322,22
0.5075469092886311,172.27395796104042,10.854131318026692,2.639508580943152,2.2111846256217653,0.3104376792907715,0.6078033447265625,0.8351953029632568,1.016735315322876,1.1645653247833252,1.290266990661621,1.398632526397705,1.4919590950012207,9
0.7474103313704479,186.2209298055692,0.5987993109105272,2.4460763159910592,2.1255247979327447,0.1919574737548828,0.3357295989990234,0.4738101959228515,0.6014504432678223,0.7180385589599609,0.8261759281158447,0.9253532886505128,1.017185926437378,15
0.7362413856037329,60.06576242377224,14.82126454513124,2.777739420343825,2.7803679298108674,0.5256295204162598,1.2722907066345217,1.7965669631958008,2.130199432373047,2.367825984954834,2.5561795234680176,2.712852001190185,2.846073627471924,19
0.9981115991245608,10.417752404448208,1.396287076394889,2.2449888866430494,2.9626332480924646,0.7641150951385498,2.0894758701324463,2.9474852085113525,3.42012095451355,3.7202765941619873,3.944072008132935,4.124539375305176,4.276297569274902,22
0.4848471124417194,32.29285947948242,18.33885938359933,2.322810829858669,2.9833843943370506,0.8745625019073486,2.644139289855957,4.000088214874268,4.63685417175293,4.858224391937256,4.969402313232422,5.038028240203857,5.091696262359619,23
0.3640861646420451,83.57418166738647,6.973602347495485,2.109685559477744,2.672642590789088,0.6860575675964355,1.959014177322388,2.7923595905303955,3.117454767227173,3.237759828567505,3.314693212509156,3.384998083114624,3.4455506801605225,22
0.3050653542424136,44.06101449905621,1.3352163206400969,2.1810912019732003,2.0349134698174307,0.8420851230621338,2.4092459678649902,3.48237419128418,3.897855758666992,4.042947292327881,4.1092448234558105,4.158103466033936,4.19903039932251,22
0.9751099009187508,16.918370339557633,139.11514708341284,2.6943770881482965,2.3841232149621634,0.5102546215057373,1.2411270141601562,1.732248067855835,2.0161964893341064,2.1980526447296143,2.333719491958618,2.4398672580718994,2.523702383041382,20
0.7189548830280175,99.0783764729196,83.87589644521769,2.661354030838901,2.866683082346261,0.369976282119751,0.771935224533081,1.0834596157073977,1.327866792678833,1.5239286422729492,1.6861181259155271,1.823725700378418,1.9428715705871584,10
0.963335857056655,42.80959094672202,12.170863450892847,2.3300363067910537,2.480198793957916,0.4153847694396972,0.908759355545044,1.2883257865905762,1.5774106979370115,1.8062348365783687,1.994357109069824,2.1530117988586426,2.2906298637390137,18
0.6573931099377646,8.287518851781742,0.5559791270592165,2.073624249654147,2.840737705174995,1.0322000980377195,3.1633083820343018,4.8792724609375,5.7276763916015625,6.062548637390137,6.233432769775391,6.348264694213867,6.444049835205078,5
0.9019639853720016,16.16139864846318,217.76848550461327,2.380006737583579,2.1670812255217053,0.4287910461425781,0.9920566082000732,1.338597536087036,1.503849983215332,1.5912532806396484,1.647932767868042,1.689589262008667,1.7220747470855713,1
0.9087461685059596,65.84646623871025,55.15787954476309,2.881810087397061,2.229196657763836,0.3203489780426025,0.6544585227966309,0.9311788082122804,1.1595220565795898,1.3484349250793457,1.5078520774841309,1.6457066535949707,1.7651329040527344,9
0.7305134810587752,26.76211661029089,4.585992573769652,2.1599047886796785,2.99105283404391,0.7233912944793701,2.0354373455047607,2.88154673576355,3.300417184829712,3.5385425090789795,3.705261468887329,3.843230962753296,3.9546773433685294,22
0.8361109080112095,50.65703394552968,4.143700458274229,2.166420786215084,2.273867377814387,0.4199509620666504,0.9264118671417236,1.2974355220794678,1.5673558712005615,1.7762985229492188,1.9468424320220947,2.0906851291656494,2.2135255336761475,18
0.5877424782496575,175.13113554905243,10.482739073877577,2.290466183826896,2.676883750333676,0.2961041927337646,0.5693693161010742,0.7949810028076172,0.985520601272583,1.146674394607544,1.2866685390472412,1.4090392589569092,1.5168161392211914,9
0.7443826707085939,19.12553782851021,0.8282502731271363,2.1119511693475843,2.8590309709176887,0.7891552448272705,2.246563673019409,3.197482824325561,3.650994539260864,3.893249750137329,4.062274932861328,4.193936347961426,4.303416252136231,22
0.9845394806977416,71.56774245394793,0.8565707572950736,2.8024120747382995,2.6747591076990305,0.3467574119567871,0.705042839050293,1.0146806240081787,1.2794666290283203,1.5038223266601562,1.69728422164917,1.8647918701171875,2.0114731788635254,8
0.7630736263447928,74.85999286097378,7.779208083257676,2.8897363474720974,2.320137164490754,0.4058973789215088,0.88918137550354,1.257069110870361,1.531050205230713,1.743873119354248,1.918052196502685,2.0657958984375,2.193696975708008,18
0.8584288319325146,81.95610772515163,29.8556697126451,2.052396709904756,2.589600573777575,0.3048739433288574,0.6115274429321289,0.8722813129425049,1.0934631824493408,1.2806196212768557,1.4420068264007568,1.5819215774536133,1.7049527168273926,9
0.8427201339972377,183.99173977265173,146.7430262234823,2.8880892966656004,2.104601361975293,0.1443624496459961,0.2271780967712402,0.3105983734130859,0.3877620697021484,0.4611093997955322,0.5309419631958008,0.5960209369659424,0.6575875282287598,2
0.3491517001140233,7.827485581836068,4.425099673651875,2.1025481004822244,2.241638949829812,1.1076209545135498,3.5449678897857666,5.963553428649902,7.635136604309082,8.325984001159668,8.392183303833008,8.399381637573242,8.405941009521484,14
0.3348018471826722,52.07588832286751,154.3207090517124,2.175641234645112,2.7464125948443616,0.6405270099639893,1.8461360931396484,2.6848695278167725,2.953483819961548,2.9783976078033447,2.989629983901977,3.0007688999176025,3.011317014694214,0
0.5259664969114668,35.05502748160239,1.781693989441171,2.1218869113825303,2.260627572876433,0.757709264755249,2.093299150466919,2.9270718097686768,3.28809142112732,3.472205877304077,3.5810792446136475,3.6793887615203857,3.759789228439331,22
0.4250614024519902,81.11116596420996,2.376739693856883,2.0066642275196527,2.1194030374354447,0.5724501609802246,1.4774913787841797,1.9857063293457031,2.2008442878723145,2.3331727981567383,2.434167861938477,2.5171709060668945,2.591520309448242,18
0.6185971703204076,68.59093677338004,1.4648264767506467,2.4668436381589904,2.586501174617476,0.5481128692626953,1.3721415996551514,1.9070053100585933,2.2088985443115234,2.415224075317383,2.5762524604797363,2.7090959548950195,2.824033737182617,18
0.6028857403329102,74.57895959681555,0.7143745150620007,2.461730722128692,2.4747923911385343,0.520237922668457,1.2749288082122805,1.7632360458374023,2.046638965606689,2.2437424659729004,2.4000468254089355,2.526451587677002,2.6395063400268555,18
0.3576260158160255,10.806665683577314,75.00115314035354,2.3685894742224525,2.065007663613549,0.8764896392822266,2.610074520111084,4.001772880554199,4.608599185943604,4.704225540161133,4.731200695037842,4.737752437591553,4.741588592529297,23
0.7369431348397806,55.045106373930224,0.7537124638798823,2.214173320119384,2.7887771040934526,0.5220584869384766,1.278337478637695,1.7834932804107666,2.099927425384521,2.3273730278015137,2.50661039352417,2.655287265777588,2.784628391265869,18
0.9849548525225826,60.77262843468621,10.155910386175371,2.896610514896881,2.296213535105382,0.3358891010284424,0.6947371959686279,0.9984011650085448,1.252612590789795,1.464071273803711,1.6440777778625488,1.7994160652160645,1.935572624206543,9
0.8796948809831566,70.95430569975754,184.63406441905624,2.470216456704576,2.622380405057617,0.2921395301818847,0.5605080127716064,0.7817082405090332,0.9672894477844238,1.1227235794067385,1.2560491561889648,1.3701884746551514,1.469351291656494,10
0.6257737726111238,12.330568104465655,169.46437530980398,2.0903985433397025,2.667698159855321,0.685110330581665,1.9843928813934328,2.887793779373169,3.2050960063934326,3.246933698654175,3.2490246295928955,3.252977132797241,3.2568390369415283,0
0.3180617459189391,24.67977294959848,194.14801949098705,2.4312485118029845,2.992325651414607,0.7366101741790771,2.226900815963745,3.438744306564331,3.976299524307251,4.026340484619141,4.027098655700684,4.026985168457031,4.027309417724609,23
0.3961528244601577,29.450673878755484,5.115707851754674,2.683383997667259,2.57503137189554,0.9736928939819336,2.9260125160217285,4.4847331047058105,5.233655452728272,5.496957302093506,5.632995128631592,5.712436199188232,5.779300212860107,6
0.9900071664893856,95.01995504477746,141.77467067790548,2.159042426389801,2.959267908917922,0.2261962890625,0.41457200050354,0.5933682918548584,0.7560949325561523,0.9033768177032472,1.037715196609497,1.1597838401794434,1.2702996730804443,17
0.5244215698636521,149.7955870674058,3.871817400699558,2.2616342165979684,2.5675839664565285,0.3739898204803467,0.7978782653808594,1.1041157245635986,1.3269670009613037,1.5004146099090576,1.642775535583496,1.7646892070770264,1.868517637252808,8
0.865697733483809,19.13749104047132,1.3683891651350206,2.516373491868785,2.66973131406888,0.7107770442962646,1.8798179626464844,2.630856513977051,3.048996925354004,3.320794105529785,3.524294376373291,3.6898465156555176,3.8285088539123535,22
0.5127787949855411,38.40520768545297,1.4588475570454629,2.9481059428793746,2.903931272907599,0.8689160346984863,2.544780731201172,3.776394844055176,4.387582302093506,4.670684814453125,4.842576503753662,4.958768367767334,5.05097770690918,22
0.8624002468173968,18.108614175225657,45.06436554041951,2.4883478455863592,2.371478973966554,0.6437709331512451,1.6646041870117188,2.312478542327881,2.665921688079834,2.889958381652832,3.06009578704834,3.193363666534424,3.304601192474365,19
0.7980835903895354,12.00312999086298,149.62407645175466,2.103066081055991,2.5485007124024457,0.6275615692138672,1.7191548347473145,2.401258707046509,2.6669704914093018,2.762540578842163,2.810432195663452,2.847455739974976,2.879223585128784,0
0.4013783710751649,6.543482171008435,134.13630739484972,2.4367883066683,2.833398692099394,0.8915376663208008,2.767539501190185,4.470666885375977,5.424921989440918,5.594804286956787,5.604869365692139,5.605147838592529,5.605213642120361,7
0.9193610951505644,24.510073510417183,0.5988475862076375,2.615190532646016,2.8198208056650467,0.6364462375640869,1.625122308731079,2.288195848464966,2.692042589187622,2.970689535140991,3.1886675357818604,3.3683125972747803,3.522425413131714,18
0.6159254386273196,110.4148304577066,9.292963369690352,2.8457472769418506,2.607523496217569,0.4260649681091308,0.946708917617798,1.3294694423675537,1.6006429195404053,1.806889772415161,1.9735338687896729,2.1145761013031006,2.2347419261932373,18
0.8226450656957185,6.062241950845087,11.715499190041584,2.3968116622903497,2.2956894867152835,0.9287855625152588,2.5895192623138428,3.693881750106812,4.248872756958008,4.561060905456543,4.776974678039551,4.925687789916992,5.0483503341674805,22
0.5450824080722201,74.19322381589154,1.5691357922610156,2.429318974055054,2.6755414743101924,0.5881011486053467,1.5374743938446045,2.1403191089630127,2.4446775913238525,2.638203859329224,2.782548666000366,2.9035441875457764,3.0063936710357666,18
0.9791966123503956,12.86958961260531,4.162202878983434,2.284339507954912,2.342784596856037,0.6692640781402588,1.6879255771636963,2.3302834033966064,2.7090766429901123,2.9645493030548096,3.163172483444214,3.3241488933563232,3.463252305984497,18
0.597821124817413,17.097714823632174,13.62634817956351,2.4624750077260456,2.6965480292011605,0.9310586452484132,2.749918937683105,4.097013473510742,4.730932712554932,5.004507064819336,5.166434288024902,5.271583557128906,5.350367069244385,6
0.3361751657566291,10.77060075243006,1.82327630647198,2.4123363840175163,2.673712317147035,1.165325164794922,3.767534971237183,6.463519096374512,8.37114143371582,9.186407089233398,9.27021312713623,9.27695655822754,9.284263610839844,13
0.4389363797224523,51.45817149846358,33.241747650422504,2.713803393437053,2.8718212573839987,0.7854106426239014,2.2989842891693115,3.3941595554351807,3.898287534713745,4.102542877197266,4.202695846557617,4.27108097076416,4.334309577941895,23
0.9962061993180278,143.95079234055345,0.7033539839643937,2.761939655738222,2.360509099880019,0.2002792358398437,0.3600108623504638,0.5159895420074463,0.6631066799163818,0.7996783256530762,0.9278202056884766,1.047067642211914,1.15761399269104,15
0.333999624997269,87.65692670727513,1.0988643151770436,2.895043732613849,2.008784617245146,0.6345126628875732,1.694183349609375,2.335514545440674,2.6197142601013184,2.7675580978393555,2.867095947265625,2.942638874053955,3.009928226470948,22
0.9716132236285128,41.43766516270308,35.457011825092216,2.52939705055778,2.29901600557356,0.3919181823730469,0.8471353054046631,1.202436923980713,1.4745559692382812,1.6897330284118652,1.86706018447876,2.017218589782715,2.1463327407836914,9
0.789953366965702,7.745770728080681,2.9440467354183983,2.019437376040832,2.8090185523712634,0.9421546459197998,2.7807393074035645,4.097795009613037,4.718052864074707,5.005829811096191,5.181788921356201,5.314734935760498,5.415424346923828,6
0.5249345093351487,152.097707120762,74.44525943063499,2.9212724155154803,2.293108952001255,0.3121740818023681,0.6065001487731934,0.8264703750610352,1.0009384155273438,1.1422333717346191,1.261402606964111,1.362536907196045,1.4504261016845703,10
0.8220595248615614,217.2898867166161,1.3425567905202067,2.5561360799797743,2.877005598933258,0.2045814990997314,0.3530824184417724,0.4985692501068115,0.6389334201812744,0.7689759731292725,0.8909380435943604,1.0052707195281982,1.1125264167785645,15
0.5655564998589373,9.58197090413024,89.27880416991475,2.0295156809775565,2.747169208959761,0.8595988750457764,2.623478412628174,4.045159339904785,4.694194316864014,4.817541599273682,4.838946342468262,4.846047401428223,4.8521246910095215,23
0.6082755269468654,9.554740176071215,0.6618750697663903,2.5582748327985545,2.5942306659844627,1.05613374710083,3.1635818481445312,4.825403213500977,5.6547393798828125,6.013389587402344,6.236562728881836,6.396368026733398,6.52015495300293,5
0.3182717987322337,73.15145161616432,2.5569186092303338,2.650353437904453,2.314284495468492,0.7635226249694824,2.1688990592956543,3.1266822814941406,3.5371522903442383,3.7006149291992174,3.788959503173828,3.85219955444336,3.905894756317138,22
0.7407198497206757,197.46350723330275,5.322552839350794,2.057760391937493,2.9287718077619767,0.2101569175720214,0.375831127166748,0.535468578338623,0.6831097602844238,0.8185567855834961,0.9433205127716064,1.0590333938598633,1.1649329662322998,15
0.9260126543453162,7.255434473880134,34.325832783012395,2.7950645042824704,2.466124689287936,0.8294084072113037,2.268450736999512,3.217283248901367,3.727244377136232,4.032016277313232,4.240001201629639,4.401302814483643,4.520651817321777,23
0.3042238593673309,76.45178634991814,109.07697729612268,2.237918342204191,2.4529042761626343,0.6118907928466797,1.6994097232818604,2.396370887756348,2.6037282943725586,2.648235321044922,2.6787147521972656,2.7069454193115234,2.733058452606201,0
0.5968765029663463,40.97783309890694,13.206943453559177,2.983254189166569,2.5550286105072604,0.7126820087432861,1.941690921783448,2.7522835731506348,3.1649928092956543,3.398782730102539,3.5591044425964355,3.6898560523986816,3.794785499572754,22
0.6649467537965955,150.38080749461938,80.8685803717835,2.477228994258743,2.165043016543664,0.2242121696472168,0.3944056034088135,0.546572208404541,0.680178165435791,0.7980952262878418,0.9034297466278076,0.9972164630889891,1.0823321342468262,16
0.3678959468385487,12.76304395727543,15.266606516917676,2.5991412074467304,2.487241854600395,1.087616205215454,3.3926055431365967,5.545855522155762,6.854147911071777,7.275914192199707,7.342808723449707,7.381913185119629,7.407731056213379,6
0.8643799257498275,43.80207494059278,7.610339423444758,2.5911973032709743,2.9981533184000995,0.5349397659301758,1.2911601066589355,1.8295185565948489,2.1882269382476807,2.451587915420532,2.660667181015014,2.834587335586548,2.9833691120147705,18
0.6748597524930651,7.3028093484314685,14.57785200144242,2.530217269108721,2.450115787832119,1.0138392448425293,2.9872426986694336,4.470845699310303,5.189890384674072,5.524423599243164,5.735573768615723,5.888835906982422,5.987932205200195,6
0.4579827840708909,9.099656384244824,92.87561829966668,2.582801402130692,2.78189551711274,0.9411332607269288,2.911384344100952,4.660495758056641,5.615286827087402,5.831833839416504,5.873779296875,5.883197784423828,5.884726524353027,7
0.5898835959420881,53.116351336628114,64.63929824231913,2.78170741819523,2.148393171248021,0.520087718963623,1.2886767387390137,1.7708492279052734,2.0215706825256348,2.1833033561706543,2.3022918701171875,2.4063258171081543,2.49118709564209,19
0.9554880817315798,136.53412224297082,81.33681292839925,2.65389703622705,2.624329556826126,0.213801622390747,0.3769152164459228,0.5350899696350098,0.6830034255981445,0.8191018104553223,0.9449212551116944,1.0615441799163818,1.1690549850463867,16
0.784295953083572,37.10017117562671,5.7430284302325765,2.194480358934671,2.7542174305396268,0.5868990421295166,1.5021202564239502,2.08938217163086,2.431392192840576,2.665841579437256,2.8479628562927246,2.997402667999268,3.124772071838379,18
0.6259876721499672,64.36273143779475,38.08814718430567,2.381023941360512,2.3437379838439587,0.4911007881164551,1.180491924285889,1.6255934238433838,1.8829762935638428,2.062622308731079,2.1999332904815674,2.3183133602142334,2.416940450668335,19
0.4429237725527858,22.85345155618169,10.344317788602597,2.4255207397349783,2.5020640656101936,0.9604952335357666,2.8775575160980225,4.3723249435424805,5.062605857849121,5.308427810668945,5.425948143005371,5.505590438842773,5.562450408935547,6
0.9002410434482446,123.7997644997284,110.8928888377065,2.7792525523882863,2.939567895394852,0.2625899314880371,0.4727816581726074,0.6701662540435791,0.8487570285797119,1.0093600749969482,1.1550393104553225,1.2867183685302734,1.4063029289245603,10
0.5257217151924881,181.9023191735109,5.522920216543621,2.266593286843888,2.8043152156552926,0.3336071968078613,0.6742537021636963,0.9361617565155028,1.1450097560882568,1.31463885307312,1.45902681350708,1.5821080207824707,1.689073085784912,9
0.7035185401682855,53.89864389200394,0.6001976344277391,2.7992883863042057,2.0714546287859203,0.4872117042541504,1.1490721702575684,1.5988149642944336,1.8857769966125488,2.090954303741455,2.256895065307617,2.393852710723877,2.508928775787353,18
0.7031040443034502,211.26162974280408,1.054812032927967,2.3033048962015426,2.54091763807404,0.2035534381866455,0.3556854724884033,0.50179123878479,0.6357529163360596,0.7590370178222656,0.8725860118865967,0.9781591892242432,1.0749759674072266,15
0.3507282339738675,136.7183431106247,60.28581801015216,2.4568600068265067,2.888572420113603,0.5376307964324951,1.4273617267608645,2.0121970176696777,2.2538418769836426,2.3716673851013184,2.459156036376953,2.5322141647338867,2.59836483001709,19
0.435172450088899,13.034375518468996,0.5575175691122639,2.7477231549872934,2.997738973282095,1.1516406536102295,3.648766279220581,6.032719612121582,7.515650749206543,8.068519592285156,8.221096992492676,8.302957534790039,8.368121147155762,13
0.7351602147110284,24.989550679177675,0.64485553880166,2.3546440241954167,2.2313212615461384,0.6782245635986328,1.755788803100586,2.413651466369629,2.765655994415283,2.987654209136963,3.1535677909851074,3.2868800163269043,3.401827335357666,22
0.9738213651397508,34.083590524900494,0.7271190291189262,2.070497266190819,2.1655625682210013,0.4136202335357666,0.9031717777252196,1.2692739963531494,1.5437264442443848,1.758406400680542,1.9357216358184808,2.084796667098999,2.2129361629486084,18
0.7951412384587679,158.45613642682338,42.896559239662864,2.289000120490971,2.416520956060346,0.2050206661224365,0.3635346889495849,0.514411449432373,0.6520669460296631,0.7781691551208496,0.8934710025787354,1.0000219345092771,1.0973215103149414,15
0.5438065288160502,173.0125239353738,10.0062661954787,2.277137236228546,2.2349980340403945,0.2759737968444824,0.5198025703430176,0.7175393104553223,0.8831038475036621,1.0226573944091797,1.1428630352020264,1.2482986450195312,1.3416635990142822,9
0.7178119977705356,133.37330461075965,34.267499949357635,2.9587101042795703,2.289963530616212,0.2773425579071045,0.52799391746521,0.742805004119873,0.9275271892547609,1.0871400833129885,1.226177215576172,1.3492112159729004,1.4580535888671875,9
0.826664478585662,110.86006361673286,3.484704327203734,2.9220215159478014,2.7984917220153456,0.3389303684234619,0.6747336387634277,0.9627194404602052,1.210036277770996,1.421152114868164,1.6040325164794922,1.7631545066833496,1.9028491973876955,8
0.4485981494323225,33.642253400823414,1.7658023122616349,2.154320122338458,2.787835372086423,0.8902268409729004,2.6826364994049072,4.042519569396973,4.655935287475586,4.85633659362793,4.961704254150391,5.034029006958008,5.08757209777832,22
0.6379846727115435,7.406159088305417,1.4900116994459651,2.3978309972104874,2.397437708013679,1.0473709106445312,3.101889371871948,4.672604560852051,5.449202537536621,5.800544738769531,6.023287773132324,6.1769866943359375,6.302346229553223,5
0.9480229615435144,76.11209403949977,77.46510236387671,2.2281101691244816,2.3022768535408087,0.2534680366516113,0.481609582901001,0.6864771842956543,0.866196870803833,1.0229988098144531,1.1605801582336426,1.283219337463379,1.391472101211548,10
0.8329448525067007,25.552274869031702,27.188824797730057,2.4273686751795944,2.185560139322815,0.5722301006317139,1.4099738597869873,1.944103479385376,2.259546995162964,2.4741299152374268,2.640812635421753,2.77592396736145,2.893515348434448,19
0.4807833623879876,89.82747699199518,1.0239732433376192,2.9138571567847027,2.0540884379217434,0.4969596862792969,1.2098917961120603,1.659156322479248,1.905831813812256,2.0701241493225098,2.2023463249206543,2.3088150024414062,2.406712532043457,18
0.8620535702403729,160.60316650928294,54.22383230782444,2.852236119396024,2.27883510998017,0.1949045658111572,0.3385965824127197,0.4789555072784424,0.6089043617248535,0.7286772727966309,0.8406772613525391,0.9438326358795166,1.040212631225586,16
0.7756134499861076,8.260540153456793,13.907859123569018,2.511016460624103,2.8599210184988584,0.9706730842590332,2.8578076362609863,4.252586364746094,4.946569919586182,5.284236907958984,5.494600296020508,5.656352996826172,5.763239860534668,6
0.7071516115348129,40.29012558114602,6.867936121592698,2.21655489311386,2.5285926843882325,0.6003625392913818,1.541806936264038,2.127297878265381,2.4470009803771973,2.659050941467285,2.823935985565185,2.958193302154541,3.0725197792053223,18
0.4297713159550341,21.27644417264704,2.446828106009369,2.521123987503833,2.344380225422776,0.9823803901672364,2.9101691246032715,4.392453670501709,5.0866379737854,5.347715854644775,5.490960121154785,5.5924882888793945,5.66619873046875,6
0.4491566873688812,15.84147004403751,22.76413578944535,2.7179526338539928,2.946806617159192,1.0628232955932615,3.304895162582397,5.327638626098633,6.475622177124023,6.865161895751953,6.987462043762207,7.059152603149414,7.106602668762207,7
0.6157946069852764,15.648873179992377,70.63148157090386,2.1384778423145456,2.60465571071936,0.7986717224121094,2.3330438137054443,3.4065592288970947,3.859058141708374,4.019556999206543,4.088501930236816,4.132171630859375,4.167511940002441,23
0.3007754375816258,107.63068504764604,26.13135761404208,2.011334588276793,2.7076788815934147,0.6398777961730957,1.831470012664795,2.6130518913269043,2.883196353912353,2.9674463272094727,3.024874210357666,3.0758867263793945,3.121673583984375,23
0.5340784304594324,41.7385530144724,186.9951454772589,2.4432318182459465,2.852601406578846,0.5716648101806641,1.560434341430664,2.2199835777282715,2.4645819664001465,2.5400991439819336,2.585155963897705,2.6243457794189453,2.659042835235596,0
0.3848016580361766,110.72238120901496,15.058843404709007,2.382844565075413,2.495044227330689,0.5630548000335693,1.4804322719573977,2.0423386096954346,2.281916856765747,2.4118478298187256,2.511981248855591,2.6002652645111084,2.676225423812866,19
0.7794535156488144,20.16034064574267,4.8557815057638685,2.366037073166143,2.181377072675644,0.6934034824371338,1.7966513633728027,2.473007202148437,2.8368921279907227,3.0650076866149902,3.2396302223205566,3.3765010833740234,3.4900012016296387,22
0.5029934476229871,194.03936894545552,24.7124257277798,2.161032580754964,2.9055989711184167,0.3178963661193847,0.6356031894683838,0.8808779716491699,1.0774755477905271,1.2397441864013672,1.3771166801452637,1.4951071739196775,1.5980112552642822,9
0.8431497423749683,63.88280462401278,0.6121435363234681,2.839762548970768,2.064352600019163,0.3648993968963623,0.7795791625976562,1.1076459884643557,1.362549066543579,1.5666534900665283,1.7368276119232178,1.8819034099578853,2.007425546646118,8
0.8597714181713927,122.94008018433055,148.12879333668553,2.6416410315380348,2.4174608138720304,0.2113387584686279,0.3647928237915039,0.5100038051605225,0.64005446434021,0.7573850154876709,0.864713191986084,0.962111234664917,1.0502991676330566,17
0.5323996312438573,12.132827907240218,167.85582894319825,2.418053807843891,2.052449149101622,0.626711368560791,1.7126214504241943,2.373067140579224,2.555280923843384,2.569632768630981,2.5709645748138428,2.572654962539673,2.5742456912994385,0
0.5043545054483727,111.48800846647214,6.08281450372883,2.7376664325680418,2.4843331067877146,0.4830138683319092,1.1560580730438232,1.6047217845916748,1.8674132823944087,2.0472753047943115,2.1933438777923584,2.310763597488404,2.415562868118286,18
0.8910304244308838,41.81115022033399,21.53622735612662,2.8051366198531658,2.309486408180763,0.4582498073577881,1.0439844131469729,1.476337432861328,1.7807941436767578,2.011202812194824,2.19691801071167,2.352522850036621,2.486459255218506,19
0.676420841012627,32.6829093662145,13.445692481229331,2.755822491000271,2.0308217027924425,0.6127893924713135,1.552868366241455,2.136594772338867,2.4617152214050293,2.671210289001465,2.828704833984375,2.956160545349121,3.065408229827881,18
0.9635358929767626,43.19210092499413,37.9078977362146,2.0351051774682345,2.0718364313079465,0.3344979286193847,0.6930711269378662,0.9808349609375,1.2102677822113037,1.3958940505981443,1.551173210144043,1.6843769550323486,1.7984094619750977,9
0.7221111771207738,164.6687902337636,0.7189948900520369,2.2131627962376705,2.999583534539489,0.2685678005218506,0.5058422088623047,0.7211649417877197,0.911935806274414,1.0814743041992188,1.232928991317749,1.3677480220794678,1.489469051361084,8
0.4750099746367318,6.933441771747183,1.2375829459394518,2.049795775126908,2.8219921735747384,1.13506817817688,3.683726310729981,6.25313138961792,7.934791088104248,8.598819732666016,8.711374282836914,8.738309860229492,8.762372970581055,13
0.9093820042708356,23.794842658826703,133.48077526278064,2.204500073251342,2.953269050209648,0.5167675018310547,1.304183006286621,1.8334708213806152,2.139148712158203,2.339597225189209,2.486156940460205,2.606218338012696,2.703484535217285,20
0.3013617501518115,188.0252754915184,5.3522536161912,2.627774567432633,2.955769765418353,0.5426170825958252,1.4366908073425293,2.0387721061706543,2.297621250152588,2.423520088195801,2.519740581512451,2.6038079261779785,2.677259922027588,18
0.8417699199427997,7.562229764913364,2.989057200655256,2.4109971453492047,2.876647229218156,0.9578359127044678,2.7998955249786377,4.126528739929199,4.791631698608398,5.134688377380371,5.3623151779174805,5.533548355102539,5.664242744445801,6
0.9467407217776752,22.410469637741183,39.41675355673197,2.326953835307598,2.507967128775336,0.5556926727294922,1.3616716861724854,1.895612716674805,2.227428913116455,2.462446689605713,2.64529800415039,2.794367790222168,2.923779487609864,19
0.7234690588952828,35.45850759715108,19.00407965260275,2.8173257735844808,2.9003405074188944,0.6850070953369141,1.8524558544158936,2.63629412651062,3.05506443977356,3.309230089187622,3.496028184890747,3.645109415054321,3.773437261581421,23
0.7925773013557701,7.3405235977239,111.3809229480706,2.5823399981421624,2.4158655835194702,0.7598316669464111,2.1471493244171143,3.083782911300659,3.499871015548706,3.672938108444214,3.742382287979126,3.775263547897339,3.79878306388855,23
0.5417003849076354,122.63135713766668,68.82997710979173,2.360027109399641,2.912037746076953,0.4121248722076416,0.9303407669067384,1.2931816577911377,1.53491473197937,1.7141199111938477,1.85676383972168,1.977886199951172,2.0794482231140137,20
0.9952557888026126,65.48244215908173,11.609698734818169,2.633598227994064,2.461965268528905,0.3305537700653076,0.6713812351226807,0.9647257328033448,1.214693546295166,1.4257946014404297,1.6073360443115234,1.7648906707763672,1.903378963470459,9
0.3892956535217223,21.43499017872281,1.4004864815021176,2.8506507776677243,2.671955031626448,1.0701086521148682,3.275407552719116,5.199323654174805,6.244885444641113,6.597548484802246,6.736969947814941,6.855903625488281,6.932308197021484,5
0.6421994888467051,73.51928729673229,0.9160940914272284,2.3132458771055893,2.4612897856083324,0.4878454208374023,1.1599175930023191,1.6055500507354736,1.881003379821777,2.081730842590332,2.2392616271972656,2.369546890258789,2.485857009887696,18
0.7094700964539036,19.717367050888548,0.5266569664351645,2.4765829016609056,2.3132782632061684,0.7864642143249512,2.13150405883789,2.984734535217285,3.4182281494140625,3.669520378112793,3.84531307220459,3.978527069091797,4.093441009521484,22
0.464447239687116,19.252615380591457,1.2790053783195656,2.212203694334604,2.996305727671799,1.022791862487793,3.184212684631348,5.0564141273498535,6.030849933624268,6.346444606781006,6.465805530548096,6.5354485511779785,6.583856105804443,5
0.7227761134956014,15.98321318090545,28.51438328619493,2.471983257497752,2.865988601314589,0.8428311347961426,2.437127113342285,3.5492162704467773,4.090526103973389,4.353156089782715,4.515992641448975,4.63328742980957,4.722048282623291,23
0.6162866832580688,111.94499903638356,1.445946888937936,2.633813474241631,2.2944505949812943,0.3770501613616943,0.8046116828918457,1.123171329498291,1.358354568481445,1.542917251586914,1.6933960914611816,1.822471141815185,1.9334945678710933,8
0.7600270121036379,35.71822495998104,2.4517338618161,2.604534783323369,2.251760544853803,0.5822629928588867,1.4472696781158447,2.0065014362335205,2.3355300426483154,2.560227155685425,2.7369863986968994,2.884718656539917,3.008380651473999,18
0.5123109491074352,37.17659720029475,1.2470076547643705,2.4938884156030428,2.9234258245523024,0.8510794639587402,2.516168594360352,3.723680019378662,4.297867298126221,4.537502288818359,4.672087669372559,4.765536308288574,4.84976053237915,22
0.6476561331338485,114.5703496486144,7.644984431100943,2.10858231145853,2.70185601145063,0.3636560440063476,0.7722737789154053,1.0836575031280518,1.3244879245758057,1.51709246635437,1.677540302276611,1.8146908283233645,1.9323351383209229,9
0.4555478099268358,84.29818727741294,1.189914084462243,2.887167411197055,2.6325021961268056,0.649446964263916,1.7670025825500488,2.507407665252685,2.8589401245117188,3.0482897758483887,3.1824607849121094,3.290234565734864,3.3869175910949707,22
0.5258953092549703,13.878574527557712,6.3272733339355565,2.385522545463924,2.840253676328873,1.042133331298828,3.2004387378692627,5.015203475952148,5.957046508789063,6.290857315063477,6.438310623168945,6.545105934143066,6.613195419311523,6
0.9991687978440238,19.427421181135824,78.02485632177118,2.249670935030053,2.0525507800265337,0.4493014812469482,1.0251758098602295,1.4189870357513428,1.6782264709472656,1.8658101558685305,2.015614748001098,2.1342227458953857,2.2362425327301025,20
0.7677412652679156,12.78196195104603,177.40058292524583,2.733723908998283,2.626275893137473,0.6493873596191406,1.8009541034698486,2.57843279838562,2.9073002338409424,3.019386053085327,3.0642597675323486,3.0926616191864014,3.1168057918548584,23
0.3606647805230325,67.01435968202753,67.95213391431648,2.997126431301056,2.767968069468283,0.7355673313140869,2.13057804107666,3.152496337890625,3.6094040870666495,3.770796775817871,3.8441686630249023,3.8953824043273926,3.940473556518554,23
0.4816991151703945,35.09390038417215,2.224185875464869,2.830829846686072,2.3648665406481326,0.8337125778198242,2.356654405593872,3.386605978012085,3.877994298934937,4.127601623535156,4.2831315994262695,4.389679908752441,4.466626167297363,22
0.5797897800165781,66.56959066658986,1.836810541184405,2.448584702752091,2.984315436335136,0.6244840621948242,1.6876425743103027,2.3856821060180664,2.7379279136657715,2.949187755584717,3.108308792114258,3.237117290496826,3.350309371948242,22
0.599675024345087,64.30878291313137,0.7315717660496318,2.4553086857705706,2.629817018326545,0.589106559753418,1.5274019241333008,2.1260151863098145,2.443769931793213,2.648878574371338,2.8042945861816406,2.935901641845703,3.0463600158691406,18
0.8769615692216979,206.81002193898445,1.11765531422324,2.6577561775384053,2.6305240020404512,0.1917726993560791,0.3311259746551513,0.4669487476348877,0.5995571613311768,0.7229204177856445,0.838653564453125,0.9481592178344728,1.050659418106079,15
0.938201186066982,18.86520836457729,20.16219754334941,2.7801146113026225,2.7613762741395,0.6709163188934326,1.7405328750610352,2.457902431488037,2.8801231384277344,3.1625990867614746,3.377946376800537,3.5538125038146973,3.702841281890869,23
0.4614354642399365,171.77367367207734,1.0033290339183318,2.4988499351781592,2.6408522238919927,0.4004073143005371,0.8777256011962891,1.2113687992095947,1.4377593994140625,1.60972261428833,1.7498302459716797,1.8674044609069824,1.9662232398986816,8
0.8132004368268115,150.1611258791953,0.809226194774937,2.882133221475578,2.51424923567256,0.2598028182983398,0.480527400970459,0.6847100257873535,0.8686573505401611,1.0335049629211426,1.182392120361328,1.316749095916748,1.4383268356323242,8
0.7393802267639243,72.61653552329737,10.917991353270931,2.879338383327294,2.127174204229456,0.3946321010589599,0.8649210929870605,1.2183799743652344,1.477536678314209,1.6772184371948242,1.8415312767028809,1.980299949645996,2.099121570587158,9
0.8153491260182271,6.044621301716154,100.78492037629056,2.65656761229712,2.979260491313394,0.868384599685669,2.592874526977539,3.925314426422119,4.581048488616943,4.836130142211914,4.946594715118408,4.994779586791992,5.019381523132324,23
0.7159648475208076,44.67824779776382,97.05892090763726,2.9125336571879394,2.6678032278695127,0.5351476669311523,1.3337597846984863,1.878027439117432,2.184156894683838,2.38047742843628,2.527467727661133,2.649163722991944,2.749451160430908,20
0.4892031993816471,24.29869777080714,1.0685964720672134,2.0940954626328514,2.836830135711647,0.9356803894042968,2.854059934616089,4.358926773071289,5.0588226318359375,5.293144226074219,5.404232025146484,5.483356475830078,5.537912368774414,5
0.476823252253637,33.33555516171722,24.95865610649492,2.8314043923711423,2.869226113552116,0.8843502998352051,2.624966859817505,3.947371244430542,4.59227180480957,4.857342720031738,4.987581253051758,5.080437660217285,5.146384239196777,7
0.8475277273143846,21.03740785497797,0.608334454496907,2.457909570811069,2.349177101295044,0.6587584018707275,1.6808080673217771,2.324164390563965,2.692451000213623,2.9366021156311035,3.124100685119629,3.280984401702881,3.412832260131836,18
0.6449997196207427,9.547112731877537,5.42965534973641,2.2963583825282328,2.857875764696873,1.026181697845459,3.118869066238404,4.792842864990234,5.631875038146973,5.966120719909668,6.144279479980469,6.266942024230957,6.35600471496582,6
0.7264914325920192,15.483228435318216,34.83053423685527,2.734104751588515,2.661136204476331,0.8319787979125977,2.3586089611053467,3.404940366744995,3.92734694480896,4.198724746704102,4.3695573806762695,4.493440628051758,4.584142684936523,23
0.6796276172729696,126.69333527457196,26.81422043803532,2.3954417257922094,2.1683732605373995,0.2739293575286865,0.523514986038208,0.7327134609222412,0.9102661609649658,1.0605978965759275,1.1916909217834473,1.3055338859558103,1.406378984451294,9
0.7669361571909661,48.15340710329288,6.417892456988731,2.32953456284072,2.2515235496944523,0.4851791858673095,1.1331381797790527,1.57112717628479,1.8564696311950684,2.0653719902038574,2.2323765754699707,2.3712191581726074,2.49110746383667,18
0.8101409744226613,205.10969660161925,44.81704115151107,2.0900800921051546,2.071714461290864,0.1329100131988525,0.2278499603271484,0.3180975914001465,0.4036915302276611,0.4858384132385254,0.5631890296936035,0.6362717151641846,0.705913782119751,16
0.3256377655828601,11.514683914023252,19.451136352497706,2.60225783699344,2.970032116857392,1.1532738208770752,3.738932847976685,6.453998565673828,8.42586612701416,9.268353462219238,9.343660354614258,9.345769882202148,9.347890853881836,14
0.3198113775753401,38.284156012943455,213.55685931743696,2.1234898024432862,2.3621244055374744,0.5609915256500244,1.5316753387451172,2.1270272731781006,2.2246100902557373,2.225003480911255,2.22575306892395,2.226336717605591,2.2269508838653564,1
0.6267999637925157,25.63669121808752,117.02736672555965,2.7031454314022336,2.5791016398022824,0.6695103645324707,1.8591463565826416,2.6490790843963623,2.9957120418548584,3.1426799297332764,3.2214572429656982,3.2813985347747803,3.334556818008423,23
0.4048242763727051,18.694016402937848,1.5583843463268618,2.0389096367872064,2.7180086437891178,1.0281963348388672,3.2218775749206543,5.156884670257568,6.203823566436768,6.511315822601318,6.575170993804932,6.618333339691162,6.650486469268799,5
0.4655211157355712,27.45502214129411,0.9219344059892176,2.727572623155595,2.247127905052409,0.8991851806640625,2.5774619579315186,3.7557780742645264,4.304520606994629,4.568649291992188,4.727339744567871,4.839262008666992,4.922268867492676,22
0.6608498011285568,17.990656876035114,14.532893274851254,2.9806392405937485,2.204950040259125,0.8168187141418457,2.2337417602539062,3.1604294776916504,3.6408534049987793,3.920998096466065,4.1136860847473145,4.250038623809815,4.363849639892578,22
0.7072339829041221,43.94619404182405,15.998067504566665,2.9468187461504587,2.3969845814881543,0.5824048519134521,1.4691133499145508,2.054962635040283,2.3909711837768555,2.6165671348571777,2.791515827178955,2.9360241889953613,3.057386875152588,19
0.987924158954646,216.9079669975528,12.92187769407364,2.860337218502,2.612503310067823,0.1708271503448486,0.2870519161224365,0.399059534072876,0.5161864757537842,0.626082181930542,0.7295689582824707,0.8289804458618164,0.9237573146820068,15
0.8391218413468482,85.94337935285665,168.93338967129625,2.807498042637256,2.725673527157399,0.3011283874511719,0.5755417346954346,0.8021349906921387,0.9940998554229736,1.1560659408569336,1.2953424453735352,1.4157390594482422,1.5208258628845217,10
0.8146482660962038,6.983383273262807,26.572169569234205,2.064173981860644,2.3690474475665164,0.8674395084381104,2.435554265975952,3.4590327739715576,3.935068845748901,4.173625946044922,4.321310043334961,4.424752235412598,4.505580902099609,23
0.6493628901806124,86.51833532640198,2.9268161232484817,2.846348824824654,2.0178113276506275,0.3862626552581787,0.8437831401824951,1.179661512374878,1.421325922012329,1.6078288555145264,1.7585031986236572,1.88620924949646,1.9962384700775144,8
0.988750014232446,13.63216520301833,39.30002937860166,2.6418955810514566,2.6349460683913644,0.6691343784332275,1.737562656402588,2.4403076171875,2.84721040725708,3.117042064666748,3.318993091583252,3.481827735900879,3.618764877319336,23
0.7366876737791269,107.07920901852064,3.654761343789911,2.6545644607268484,2.7071635605685582,0.3723819255828857,0.7759661674499512,1.0988438129425049,1.3583989143371582,1.5700812339782717,1.747938632965088,1.899181842803955,2.0317516326904297,8
0.9620120705657108,83.53829779402336,0.7446318386281605,2.109805807031815,2.3985606582526606,0.2637717723846435,0.5107309818267822,0.736133337020874,0.9367630481719972,1.113610029220581,1.2710537910461426,1.4113614559173584,1.5364925861358645,8
0.747117134645503,71.77468038833656,15.580650729370188,2.609333185991752,2.7899817482303746,0.4630787372589111,1.0628886222839355,1.5006415843963623,1.807693719863892,2.0389344692230225,2.225719690322876,2.3814022541046143,2.514064073562622,19
0.3407292771647171,215.67825182134584,9.691255791688889,2.1623399459804458,2.742480281055777,0.3949677944183349,0.8875925540924072,1.2039470672607422,1.392528057098389,1.5284457206726074,1.6365280151367188,1.729320764541626,1.808465480804444,18
0.4331390765160513,83.28017953495902,0.8881759494351436,2.3570355314536,2.2593723867848783,0.5965127944946289,1.56720232963562,2.146737098693848,2.405691623687744,2.5568175315856934,2.670286178588867,2.762474536895752,2.847330570220948,18
0.6150946972099018,55.09564513298659,72.27702885466083,2.50942022530987,2.944888064656664,0.5882883071899414,1.5694737434387207,2.2245922088623047,2.5505447387695312,2.740394592285156,2.874727725982666,2.9900479316711426,3.0851402282714844,20
0.9148491928795812,165.0728388302381,4.893380899237178,2.0147995477669887,2.8938268665772515,0.1860969066619873,0.3376252651214599,0.4844594001770019,0.6247868537902832,0.7563626766204834,0.8803961277008057,0.996173620223999,1.1046695709228516,15
0.6690351636391421,198.15563841164985,1.7485539056842794,2.37662564195678,2.190075006505883,0.2058608531951904,0.3602287769317627,0.5062155723571777,0.6380114555358887,0.7576284408569336,0.8668255805969238,0.9673774242401124,1.0587806701660156,15
0.9118677037572892,165.271703066836,125.97615894113882,2.7369457462322435,2.4118204475483784,0.1710994243621826,0.2846648693084717,0.3965692520141601,0.502025842666626,0.6006417274475098,0.6934239864349365,0.7801806926727295,0.8618755340576172,16
0.810698721775976,58.79415445907095,4.042981315284792,2.852708198574432,2.016196215263016,0.3872311115264892,0.8466391563415527,1.197800874710083,1.4600350856781006,1.6649110317230225,1.833544969558716,1.9751241207122805,2.099061727523804,8
0.3836373062475357,176.62783722015917,261.241533811008,2.2763744915039617,2.818368463081511,0.2830405235290527,0.4967541694641113,0.6284096240997314,0.7296974658966064,0.8127241134643555,0.8835210800170898,0.9441742897033693,0.9966604709625244,17
0.3346079047966134,22.53053375048955,15.41881607471181,2.957626110077564,2.66639639630318,1.0629220008850098,3.280691623687744,5.273452758789063,6.430030822753906,6.780711174011231,6.881599426269531,6.950719833374023,6.996308326721191,6
0.7773732339095845,192.8532862903832,71.90345231012257,2.742826704546151,2.1568720258691343,0.1679015159606933,0.2785534858703613,0.3879847526550293,0.4894742965698242,0.5840325355529785,0.6729533672332764,0.7559411525726318,0.8335320949554443,16
0.6366381152384484,44.78269901767214,1.5745950317724042,2.190887774400706,2.6808782576493857,0.644202470779419,1.7265958786010742,2.3952975273132324,2.731473445892334,2.935288906097412,3.0854649543762207,3.212982654571533,3.3173513412475586,22
0.6233073103764064,35.63636572606613,136.99351838957665,2.154051773264813,2.3391189040132256,0.5227363109588623,1.3300793170928955,1.8084156513214111,2.0076582431793213,2.1106116771698,2.1846730709075928,2.245234727859497,2.295049905776977,0
0.659812013651439,11.833218431650725,1.1503411298035773,2.1537370114721344,2.412844644125648,0.9322655200958252,2.681480646133423,3.886378526687622,4.438314437866211,4.702792167663574,4.873732566833496,4.985287666320801,5.081818580627441,22
0.4960543686221723,69.41836561840539,2.8291369364806176,2.7193622489105325,2.933180331564551,0.6957306861877441,1.9506819248199463,2.8048112392425537,3.2135794162750244,3.42004656791687,3.559546709060669,3.671976804733277,3.772211790084839,22
0.4945387268492338,108.20152140544413,246.3376823024212,2.226260076648348,2.972236558221387,0.3493103981018066,0.734199047088623,0.9853127002716064,1.143768548965454,1.2584447860717771,1.3489704132080078,1.421750545501709,1.4837758541107178,10
0.7777953839559124,39.05067834152978,5.854460074871226,2.979165494338328,2.7661513223198853,0.6257796287536621,1.6051578521728516,2.273484706878662,2.6671152114868164,2.9321742057800293,3.1357131004333496,3.30345106124878,3.4454574584960938,18
0.5564729743446144,140.4013141700102,132.50812067065254,2.5805823518124926,2.652700720231982,0.3221526145935058,0.6297180652618408,0.8557744026184082,1.032426834106445,1.1755523681640625,1.2951641082763672,1.3976788520812988,1.4869883060455322,10
0.5125829382236259,24.79961738116413,22.93121496213489,2.75034030171227,2.898788641816399,0.9328806400299072,2.7963647842407227,4.262178897857666,4.987207412719727,5.278475761413574,5.421141624450684,5.522921562194824,5.593303680419922,7
0.7359647266982166,137.11427396945402,48.60533582118807,2.186521025876518,2.441232451312068,0.2492427825927734,0.4608407020568847,0.6501092910766602,0.8155615329742432,0.9611845016479492,1.0902855396270752,1.2054376602172852,1.3081536293029783,9
0.9708600072625126,37.7021092952389,2.8384325518692086,2.999774402282324,2.688680578069902,0.5053055286407471,1.1698813438415527,1.6707148551940918,2.029474258422852,2.3008594512939453,2.5202603340148926,2.70417594909668,2.8624935150146484,18
0.4117614833033141,55.56713366618806,119.1412864622268,2.9863697119080377,2.36621569035399,0.6051280498504639,1.6373472213745115,2.299428939819336,2.5529580116271973,2.6516499519348145,2.7088003158569336,2.755751132965088,2.7974424362182617,0
0.8240862943453398,25.217237165924463,3.629181467554356,2.4029675667066988,2.254329207400817,0.6161081790924072,1.5423073768615725,2.128000497817993,2.469425916671753,2.701136827468872,2.880110502243042,3.0283777713775635,3.1529486179351807,18
0.3669381358450685,55.665444547675214,13.230709238331256,2.983782256047516,2.7880402175362,0.8603260517120361,2.550482749938965,3.842287540435791,4.470244884490967,4.717528343200684,4.835258483886719,4.904419898986816,4.959826946258545,22
0.3990361898360646,58.23963460151384,1.291533409351289,2.4585585302294506,2.8173473419886594,0.8168790340423584,2.422788619995117,3.596834659576416,4.126204967498779,4.328784942626953,4.42458963394165,4.494229316711426,4.559534549713135,22
0.5203597319814222,49.83555865774782,2.5744906046619964,2.031724738903765,2.795555137478031,0.7078680992126465,2.0168089866638184,2.85953426361084,3.2260618209838867,3.394793510437012,3.5152087211608887,3.61025333404541,3.686412334442138,22
0.5765502711716963,8.35532554754219,3.2636598605991853,2.944786125282951,2.1052832980203084,1.0253076553344729,2.9680705070495605,4.396279335021973,5.111033439636231,5.486255645751953,5.771549224853516,5.990052223205566,6.145943641662598,6
0.544253800282398,79.62065146270123,261.49668176881136,2.7809316707976866,2.124046889694715,0.2964391708374023,0.5431990623474121,0.6921920776367188,0.7933120727539062,0.8702318668365479,0.9310121536254884,0.981104612350464,1.0228228569030762,21
0.833743060211593,114.31634766446598,0.6352573690783972,2.548836537023184,2.766419840577692,0.3112344741821289,0.6088480949401855,0.8706088066101074,1.098355054855347,1.295804738998413,1.469019889831543,1.6211585998535156,1.755627155303955,8
0.6717972267267783,22.16339822147101,39.15431042975101,2.3884035032984245,2.5448259925505985,0.7509536743164062,2.089840173721313,2.958242177963257,3.362809896469116,3.5720789432525635,3.7050564289093018,3.806837320327759,3.888641595840454,23
0.6040574082340385,22.99332128093108,1.3441666331728286,2.0172721387775856,2.9935764333471004,0.8558342456817627,2.562044143676758,3.792858600616455,4.352156639099121,4.578605175018311,4.703322887420654,4.802933216094971,4.887625217437744,22
0.5386736624690116,14.799210872037374,1.076746536048061,2.34813697921914,2.688341693908844,1.019545316696167,3.090521335601806,4.748926162719727,5.565610408782959,5.875316619873047,6.026047706604004,6.141584396362305,6.224786758422852,5
0.3190591586787272,9.215879114335848,4.230516408349394,2.308816919726684,2.443373961883799,1.153416633605957,3.723043441772461,6.396215438842773,8.314976692199707,9.165327072143556,9.23993682861328,9.244617462158203,9.24889087677002,14
0.5382750651350369,141.63597271699433,3.409229444233451,2.091123190932491,2.19535503815246,0.324962854385376,0.6570022106170654,0.904512882232666,1.095221757888794,1.24800705909729,1.3766210079193115,1.4861690998077393,1.5818424224853516,8
0.6483243190807711,208.94764646893967,0.5606658642989336,2.2419255640368507,2.7826572580155995,0.2366900444030761,0.4249324798583984,0.6000616550445557,0.757570743560791,0.8989894390106201,1.0281760692596436,1.1447505950927734,1.251577377319336,15
0.3204663095886033,163.64758965671737,0.8587045242567646,2.45978494589951,2.255373931268622,0.4764473438262939,1.165611982345581,1.5749945640563965,1.7559990882873535,1.8752284049987795,1.9700803756713867,2.0495080947875977,2.1166138648986816,18
0.4028059604219111,171.03810745532985,47.565944600745446,2.5615871495494,2.4997055388980147,0.3988902568817138,0.8795549869537354,1.1963515281677246,1.3913109302520752,1.5307238101959229,1.6459591388702393,1.741480588912964,1.8206822872161863,19
0.7408302147326818,206.15734577022045,30.4297272149568,2.181357974668991,2.01281271255968,0.1490931510925293,0.2527072429656982,0.3523378372192383,0.4458577632904053,0.534031867980957,0.6165499687194824,0.693345308303833,0.7655782699584961,15
0.6092062616801726,156.0475890089084,44.35339930673245,2.5303237427261323,2.6775839333827034,0.3129863739013672,0.6090528964996338,0.8467750549316406,1.0448541641235352,1.2108139991760254,1.3530900478363037,1.4760751724243164,1.5843000411987305,9
0.7837896011091849,65.79862479217286,34.942866119330255,2.632846104050836,2.0830921600491767,0.3625345230102539,0.771528959274292,1.0844895839691162,1.3209798336029053,1.5068926811218262,1.6609148979187012,1.7896032333374023,1.9019899368286133,9
0.9584697698148515,112.57858618984298,24.53023226772481,2.512728180327246,2.0547202718121085,0.199228286743164,0.3637342453002929,0.5208945274353027,0.6661581993103027,0.798494815826416,0.9200437068939208,1.0314078330993652,1.133006572723389,15
0.8529168841062307,7.48800080667985,6.410970478886798,2.35412705390886,2.931497560413544,0.940753698348999,2.7491674423217773,4.03794002532959,4.681112766265869,5.014462471008301,5.228734016418457,5.390361309051514,5.520814418792725,6
0.8422545162003154,59.87581608505165,13.589654803587496,2.1651100263314014,2.084687887403156,0.3474023342132568,0.72444748878479,1.0209565162658691,1.2534918785095217,1.4400396347045898,1.5965776443481443,1.7295968532562256,1.8433480262756348,9
0.4219623990960733,38.7252784531605,28.20594282807588,2.0146451246210786,2.48994656283036,0.7884740829467773,2.289489269256592,3.326355457305908,3.726832866668701,3.86384391784668,3.927534580230713,3.974112987518311,4.014370441436768,23
0.5685111609066834,89.37955162124472,0.9131115399613964,2.085441563222135,2.2361519246285004,0.4375679492950439,1.0016560554504397,1.3658649921417236,1.5951824188232422,1.7609381675720217,1.899678468704224,2.0099284648895264,2.108553647994995,18
0.3584315157238746,10.64756125845234,9.37658809333234,2.938656772893388,2.732113348338153,1.174173355102539,3.7454214096069336,6.347063064575195,8.126313209533691,8.851543426513672,8.946887969970703,8.970420837402344,9.007611274719238,14
0.7163337910647571,86.36803338107451,21.24786184268685,2.770855645502346,2.867527370033164,0.4464926719665527,1.006077527999878,1.4229154586791992,1.7216744422912598,1.949662685394287,2.1346030235290527,2.2886219024658203,2.4219651222229004,19
0.7000444625107194,34.90214148638212,4.946874086927108,2.3548347407589927,2.9300236957968977,0.6918234825134277,1.9018006324768064,2.685677528381348,3.084645748138428,3.320803642272949,3.492016792297364,3.63288688659668,3.749954223632813,22
0.8669719315740045,16.63079211887256,158.6333099027768,2.8419168238226065,2.223164200188982,0.5164499282836914,1.2809021472930908,1.766829252243042,2.010127782821656,2.1465156078338623,2.236222982406616,2.3078367710113525,2.367764711380005,20
0.8370210552971884,61.14713203843511,8.724530915675995,2.8083413213177737,2.4000942035312915,0.4179213047027588,0.9197437763214112,1.304124355316162,1.5924468040466309,1.8165373802185056,2.000309467315674,2.1550040245056152,2.2886462211608887,18
0.8139900780850009,45.43473612185625,7.888502117003902,2.192694144177675,2.7585476857182307,0.5127129554748535,1.2374920845031738,1.7305238246917725,2.052442073822021,2.2875571250915527,2.474978446960449,2.630659580230713,2.763462543487549,18
0.8561618427417486,73.37786962444198,95.36197855023896,2.233526345236184,2.5558208196914123,0.30908203125,0.6153008937835693,0.8688557147979736,1.0790762901306152,1.2536859512329102,1.4033994674682615,1.5310404300689695,1.6426031589508057,10
0.6611206294597822,38.38168891022135,16.14658355769485,2.790548867562968,2.689552786468056,0.6932268142700195,1.8817567825317385,2.6659507751464844,3.069723129272461,3.306389808654785,3.473381996154785,3.6126556396484375,3.725533962249756,22
0.5444552243131039,104.2565307686494,170.5498919939936,2.832546175422091,2.000626323779651,0.2847793102264404,0.5300917625427246,0.7000162601470947,0.827765703201294,0.9285573959350586,1.0118200778961182,1.0830566883087158,1.1438250541687012,10
0.9344617703452156,62.09554583299024,1.3045123540951702,2.636223776400926,2.220083062486688,0.3417181968688965,0.7095320224761963,1.0148179531097412,1.265385627746582,1.4716901779174805,1.6466197967529297,1.7969555854797363,1.9282774925231927,8
0.3217331976810871,8.100018805210311,1.6981180906541558,2.2840070454564447,2.8151709160062435,1.1994318962097168,3.964022874832153,7.029461860656738,9.418251037597656,10.621407508850098,10.783280372619627,10.787257194519045,10.790816307067873,13
0.6618607370269496,132.26921509682575,11.646377564291129,2.6713820986564416,2.779324005384181,0.362107515335083,0.7447361946105957,1.0475850105285645,1.291886329650879,1.4921107292175293,1.6602139472961426,1.80413818359375,1.9295973777771,9
0.4952976516819087,81.22636313456026,0.5063789466774957,2.745267650463216,2.7841722721060416,0.6360507011413574,1.723095178604126,2.441333532333374,2.788877248764038,2.988789319992065,3.130769968032837,3.250417470932007,3.3470075130462646,22
0.623141321633621,9.925330033709624,3.847728105264872,2.392307225717742,2.4058761843073952,1.001356840133667,2.932416677474976,4.349051475524902,5.033078193664551,5.3450927734375,5.54146671295166,5.68074893951416,5.7802276611328125,6
0.7480894281006241,171.69609972872067,43.22715847174727,2.1374578622079063,2.849069021878436,0.2244021892547607,0.4039201736450195,0.5735015869140625,0.7277023792266846,0.8675386905670166,0.9952163696289062,1.1121439933776855,1.218433856964111,15
0.3062638956113641,61.50386278213147,3.470106337638286,2.8558136186496443,2.4476229002685432,0.8519158363342285,2.4928786754608154,3.713410615921021,4.265864372253418,4.477372169494629,4.586838722229004,4.649016380310059,4.694416046142578,22
0.4420531878289601,170.87824364864412,6.526886573340877,2.0569650642143027,2.569786044723944,0.3756163120269775,0.8172273635864258,1.1171085834503174,1.3197391033172607,1.475224494934082,1.598949670791626,1.7045814990997314,1.7960166931152344,9
0.7928481797124349,12.549955060053811,0.7363983297851296,2.598695019533056,2.693045108972645,0.8838167190551758,2.500074625015259,3.594225645065308,4.160433769226074,4.471832275390625,4.686736106872559,4.85678768157959,4.989493370056152,22
0.4876368429331978,9.48033526349858,8.983315320505561,2.667055994017224,2.626096985543893,1.114539623260498,3.4629440307617188,5.5861639976501465,6.813395023345947,7.254270076751709,7.393272876739502,7.49436616897583,7.570192813873291,6
0.4039540664572782,136.38984720401723,130.99347929574972,2.5007914117603702,2.6304142924798297,0.4147481918334961,0.943533182144165,1.2795906066894531,1.4580867290496826,1.576350212097168,1.668378829956055,1.7433552742004397,1.809626579284668,20
0.580091457761268,78.74266340843664,0.7423322878998794,2.164463388393392,2.401816169341135,0.4962389469146728,1.1982617378234863,1.6422500610351562,1.8997743129730225,2.0832765102386475,2.225451707839966,2.346106767654419,2.449502229690552,18
0.7647170449599806,7.621812897586843,36.09454443350009,2.819594079579596,2.44563486229827,0.920708417892456,2.629065752029419,3.839592218399048,4.436587333679199,4.748594284057617,4.957239151000977,5.093875885009766,5.194266319274902,7
0.5024960034561375,14.24578857884521,187.7421099066362,2.152288863272719,2.023803933084841,0.5830779075622559,1.569779634475708,2.13260817527771,2.241527318954468,2.2418248653411865,2.2420847415924072,2.2422616481781006,2.242517232894897,0
0.3760190439860876,57.05138616789196,2.8481210426204657,2.7726263953842167,2.9985851754892274,0.8736987113952637,2.626176357269287,3.99432897567749,4.664844989776611,4.916495323181152,5.024539947509766,5.103764057159424,5.16522741317749,6
0.3876057473960489,12.64894021213332,1.6513973918261973,2.6666466274673013,2.361502428530795,1.1022348403930664,3.411310195922852,5.507716655731201,6.726062297821045,7.15614652633667,7.26767110824585,7.358605861663818,7.424196720123291,5
0.5431602206098343,74.4712518870134,21.876429340499183,2.049063605243489,2.5149131944414047,0.5272986888885498,1.3337297439575195,1.8233022689819336,2.0737948417663574,2.241485595703125,2.3662819862365723,2.4759650230407715,2.5677199363708496,19
0.5426935314897416,17.904125234061805,252.7629341622222,2.866884736259564,2.847999660858547,0.6342039108276367,1.7979090213775637,2.6471593379974365,2.9522593021392822,2.977553606033325,2.978169202804565,2.9784324169158936,2.9785635471343994,1
0.4680621311944971,10.059427368130155,0.8353906714490476,2.008483247397628,2.8145400551316886,1.0949537754058838,3.508740425109864,5.797022819519043,7.171131610870361,7.658443927764893,7.762915134429932,7.8039774894714355,7.833812236785889,5
0.7230846191981364,56.185256549983535,134.29857772812073,2.150234106208285,2.4305383539510155,0.3848071098327636,0.840979814529419,1.15584135055542,1.3657195568084717,1.5172770023345947,1.638993740081787,1.7388556003570557,1.819756269454956,10
0.749739017422518,90.16268954666344,1.907727408768828,2.891986890207523,2.8318456789757738,0.4332466125488281,0.95318341255188,1.3539304733276367,1.6569032669067385,1.893204689025879,2.0870065689086914,2.250412940979004,2.391557216644287,18
0.5309214314385464,32.57253135811106,2.0045814673368647,2.3753393349717404,2.5135615948186434,0.8228147029876709,2.348961114883423,3.3822696208953857,3.854077100753784,4.072408676147461,4.206133842468262,4.299739837646484,4.387479782104492,22
0.6022478088924799,14.404186583352503,6.260657310647114,2.731171518501892,2.9144941326502742,1.0147922039031982,3.0528576374053955,4.670546531677246,5.488838195800781,5.839311599731445,6.048791885375977,6.198832511901856,6.304868698120117,6
0.4363230576288722,17.737181489531448,0.7075042181097088,2.142348545745297,2.0550306105004914,0.9575214385986328,2.80069899559021,4.150021553039551,4.745537757873535,4.971240997314453,5.083649635314941,5.168771743774414,5.223641395568848,5
0.8534442175739716,48.28232262339071,1.6773821941163962,2.045027029279594,2.066168441437531,0.3897206783294678,0.8392360210418701,1.174760341644287,1.425485134124756,1.6228818893432615,1.7847404479980469,1.9207899570465088,2.0375847816467285,8
0.522093434439139,38.26642326927855,17.76182486899966,2.63769748122028,2.587062761728061,0.7839629650115967,2.228466033935547,3.2115578651428223,3.669779777526856,3.885408878326416,4.016996383666992,4.109518527984619,4.194499492645264,22
0.9132595691080568,131.3160120760062,9.830641990488107,2.852862023129223,2.552158014868441,0.2482228279113769,0.4575119018554687,0.6558339595794678,0.8370707035064697,1.001563549041748,1.151728630065918,1.288050889968872,1.4118688106536863,9
0.7252296605451583,10.713389284035202,10.563141207373752,2.1453351965076783,2.20557543121032,0.8613681793212891,2.381591558456421,3.355130434036255,3.814841985702514,4.057652473449707,4.213635444641113,4.330228805541992,4.416464805603027,22
0.4184956674851255,11.231094897162864,3.6904861104406574,2.214717373397644,2.406880988544768,1.081493854522705,3.3737683296203613,5.4332709312438965,6.630815982818604,7.019082546234131,7.106899738311768,7.153579235076904,7.1844658851623535,6
0.9026304777253432,14.896458467313549,4.952833596235937,2.3453302881810583,2.8841066587192747,0.7503814697265625,2.0550646781921387,2.9002785682678223,3.3564000129699707,3.639577865600586,3.8483595848083496,4.014750957489014,4.153401851654053,22
0.5948539427950585,10.843844903652306,126.0632181394068,2.579063603187133,2.1421688848522407,0.7197699546813965,2.020391702651977,2.876986265182495,3.2069571018218994,3.3136541843414307,3.33826756477356,3.3492610454559326,3.360113859176636,23
0.7165000060392945,10.361295285788604,2.843088302370555,2.444768903364573,2.7824734186361524,0.977818727493286,2.877493381500244,4.2752299308776855,4.961292266845703,5.28356409072876,5.497637748718262,5.648667812347412,5.768212795257568,6
0.3686424080320725,8.342558345025724,9.412951499813696,2.7526352428928464,2.2662466159883983,1.1250507831573486,3.537137508392334,5.884799003601074,7.417861938476562,7.998357772827148,8.074067115783691,8.108261108398438,8.144622802734375,14
0.5531997489247313,200.1108304944916,42.41454759119912,2.9963605960056934,2.1694771893007507,0.2358880043029785,0.4120988845825195,0.5662109851837158,0.7005200386047363,0.8193130493164062,0.9255328178405762,1.020521640777588,1.1061363220214844,15
0.5361449982529529,53.1946742791356,1.7995486672076018,2.0514539715160445,2.856198331310631,0.6806890964508057,1.9243364334106443,2.7184786796569824,3.069270133972168,3.24706506729126,3.372998714447021,3.476224422454834,3.559612274169922,22
0.4512096564109609,106.08985928712026,6.79412020360425,2.569042859869995,2.024723835629268,0.4580447673797607,1.0850768089294434,1.4704129695892334,1.6823842525482178,1.8256094455719,1.9452674388885496,2.04302716255188,2.123753786087036,18
0.3938688915234896,107.00710712276816,0.5864899956762603,2.048387875365848,2.148930775415807,0.5136809349060059,1.2823081016540527,1.712348699569702,1.9064583778381348,2.029562473297119,2.1307578086853027,2.2162394523620605,2.2870683670043945,18
0.8159720495139231,94.3487093401124,188.1311967659604,2.045954247959371,2.095240334773846,0.1855196952819824,0.3167858123779297,0.4358859062194824,0.5398781299591064,0.6323063373565674,0.7150123119354248,0.7884376049041748,0.8553223609924316,17
0.7685839070188951,67.4121219180482,130.5491666891688,2.306004080736277,2.8099242549992938,0.3735780715942383,0.8018264770507812,1.1206552982330322,1.357011079788208,1.539184331893921,1.6869373321533203,1.8094418048858645,1.9136731624603271,10
0.9229356253942936,28.1114525150794,77.5745042074736,2.7110233297937945,2.417817540795193,0.4912295341491699,1.16125226020813,1.6295053958892822,1.932105302810669,2.147450685501098,2.315721273422241,2.455122232437134,2.571655511856079,20
0.3565319681078916,6.723793041801524,58.693864679925305,2.847819263030525,2.93699834353664,1.0943963527679443,3.48682188987732,5.950494766235352,7.720339775085449,8.433131217956543,8.469000816345215,8.469549179077148,8.469993591308594,14
0.8132792985444324,9.493117535613663,26.874253328990832,2.0397283822508774,2.729000941322321,0.8413069248199463,2.4219655990600586,3.4884724617004395,3.983100891113281,4.221692562103272,4.362293243408203,4.477240562438965,4.559691429138184,23
0.6288042782875007,193.88053403899576,0.6254585631680034,2.6170399675037714,2.798649696716064,0.2864730358123779,0.5333294868469238,0.7483768463134766,0.9367027282714844,1.1015064716339111,1.248004913330078,1.3778903484344482,1.494330644607544,8
0.5999471193909178,83.91510710514136,4.61440182432025,2.3566686393566734,2.911777919373955,0.5236294269561768,1.311872482299805,1.836730480194092,2.145024299621582,2.35597562789917,2.52314567565918,2.6604533195495605,2.776310920715332,18
0.8042548267218337,193.54170917479203,1.6376759183240868,2.6480140831928853,2.126435758747732,0.1788451671600341,0.3096499443054199,0.4375636577606201,0.5573880672454834,0.6691873073577881,0.7733190059661865,0.8710923194885254,0.9619927406311036,15
0.3118562234834377,58.70597833098015,0.8874159176656979,2.152725272382193,2.6780107537098563,0.8506464958190918,2.5558197498321533,3.858675718307495,4.417595863342285,4.563747406005859,4.629364013671875,4.672481536865234,4.709330558776856,22
0.6105113945973923,35.38482663202786,1.156112342486412,2.575326343269813,2.843393751781391,0.7789661884307861,2.212664842605591,3.181036710739136,3.650477170944214,3.893286943435669,4.058643341064453,4.182370185852051,4.292778015136719,22
0.5942451577194321,18.494438380337325,3.637821612681868,2.2247535749277114,2.42448530743022,0.8827774524688721,2.5267233848571777,3.6443800926208496,4.150679588317871,4.385954856872559,4.524730682373047,4.631093978881836,4.716729640960693,22
0.9256290354258916,8.145087469202577,25.236163543528924,2.993973156687353,2.8291450613765647,0.8763196468353271,2.461522102355957,3.56093168258667,4.156064510345459,4.508711814880371,4.7578864097595215,4.940937519073486,5.088967323303223,7
0.7552082463559191,20.526953624841383,3.997345851335126,2.9660038438334952,2.791174590076259,0.8118448257446289,2.2560009956359863,3.233977794647217,3.75520133972168,4.0570807456970215,4.271642208099365,4.441003322601318,4.57928466796875,22
0.7486548097471215,9.209680258538045,3.45148853501908,2.92732018412774,2.164541443715039,0.9089920520782472,2.4851198196411133,3.523238182067871,4.07649564743042,4.42020845413208,4.672090530395508,4.8587422370910645,5.006724834442139,22
0.4336648014420473,169.2767563625281,0.5749560044336718,2.4982495368018034,2.2710054711713425,0.3749387264251709,0.8006954193115234,1.091848611831665,1.2896413803100586,1.438060998916626,1.5621294975280762,1.6652355194091797,1.7523775100708008,8
0.4268861501850275,9.772609132841392,0.9540062293190542,2.7344626530331886,2.1080838960907853,1.078788995742798,3.273306131362915,5.180289268493652,6.240715026855469,6.614409446716309,6.796988487243652,6.925604820251465,7.006288528442383,5
0.5918530715326944,11.164062187545715,0.9417805398430388,2.940615277800686,2.261094788459952,1.009070873260498,2.9088730812072754,4.2957282066345215,4.970365524291992,5.334249496459961,5.604708671569824,5.804984092712402,5.951686859130859,5
0.8825852121623443,86.55682000149865,10.783714078454176,2.574919261077364,2.367358302569313,0.3060061931610107,0.6077585220336914,0.8681490421295166,1.0899865627288818,1.2791669368743896,1.4428369998931885,1.5851471424102783,1.7103650569915771,9
0.8277703273223109,49.36248263262479,65.91044963088261,2.8535844926434786,2.3095666164630244,0.4268016815185547,0.9579992294311525,1.3490521907806396,1.6243932247161863,1.8319809436798096,1.9976766109466555,2.134289503097534,2.2530434131622314,20
0.8254694811315071,30.490837075781684,33.14279770833585,2.655016650338444,2.703765392340516,0.6080090999603271,1.554617404937744,2.1866002082824707,2.552046775817871,2.796492099761963,2.982984066009521,3.133653163909912,3.265625476837158,19
0.4258456063239628,100.16977388366188,41.88639491800298,2.998939028664109,2.708025788663979,0.5910460948944092,1.573659896850586,2.231541156768799,2.5363426208496094,2.700563907623291,2.817114353179932,2.911459445953369,2.9967799186706543,19
0.994699355383832,36.3144853634727,6.696813553165449,2.053088335413699,2.270613141647416,0.395719051361084,0.8520755767822266,1.2054328918457031,1.4781501293182373,1.6947288513183594,1.8744122982025144,2.026599884033203,2.157958030700684,9
0.9433497251363988,18.40096627606471,2.483593808000679,2.3664007089565264,2.645851001548307,0.6520488262176514,1.671135425567627,2.327754497528076,2.7178993225097656,2.983443260192871,3.1902074813842773,3.359702110290528,3.503701686859131,18
0.7687199734060404,51.2149016527251,2.3036182963847507,2.580864468011674,2.250685826256155,0.4816915988922119,1.1232905387878418,1.568629026412964,1.8627731800079343,2.0792267322540283,2.253169298171997,2.398455858230591,2.52178692817688,18
0.819004012527558,54.24539934076795,252.82271683411489,2.31080772385986,2.3405560219300856,0.2820966243743896,0.5290827751159668,0.7126002311706543,0.8542172908782959,0.9663429260253906,1.0581369400024414,1.1344051361083984,1.1986453533172607,10
0.5832645590424483,27.66279278695876,4.237005476669764,2.271887373576764,2.4443829975156457,0.8025171756744385,2.259600877761841,3.207273244857788,3.643320798873901,3.859331369400024,3.9911820888519287,4.099342346191406,4.18224048614502,22
0.5642221289184018,149.52907927018492,30.97863741133264,2.2071918319620925,2.215851908563138,0.2876911163330078,0.5522146224975586,0.7606344223022461,0.9311447143554688,1.0718462467193604,1.1920018196105957,1.2961747646331787,1.3875668048858645,9
0.431155207070538,103.0951889519107,18.17241050383993,2.282265300030228,2.8260973789488366,0.5777876377105713,1.5605676174163818,2.189553022384644,2.469169855117798,2.624225378036499,2.737722635269165,2.831082582473755,2.916931390762329,19
0.6582269497644162,20.979784468250536,0.5040381217658075,2.862486342736349,2.8931256855921816,0.901498317718506,2.6191976070404053,3.857030153274536,4.483498573303223,4.806561470031738,5.0123796463012695,5.161172866821289,5.285859107971191,5
0.5571157326814228,104.02633835177215,1.1843646175700402,2.5327102483133945,2.0422711078336326,0.3899245262145996,0.8529677391052246,1.1751837730407717,1.395012617111206,1.5593342781066897,1.696312427520752,1.8087239265441888,1.906480312347412,8
0.5973111371060484,7.428320776854834,3.2951218993055886,2.922296382306901,2.502456659393829,1.1049542427062988,3.3358230590820312,5.16748571395874,6.137368679046631,6.5578227043151855,6.83004903793335,7.055520534515381,7.224280834197998,6
0.8046149756423664,51.11437464154058,1.0848144310033223,2.1396761666489423,2.5415841069316665,0.4668631553649902,1.0766551494598389,1.5025036334991455,1.7957112789154053,2.017463445663452,2.195481538772583,2.3445703983306885,2.473332643508911,18
0.9558405786996848,76.31851446726537,0.5306833111980087,2.962610282895981,2.162691130616599,0.2950196266174316,0.5912747383117676,0.8514087200164795,1.0758862495422363,1.2678170204162598,1.434593677520752,1.5802359580993652,1.708808422088623,8
0.6821937061583085,35.27429221807052,189.53261437331497,2.753971078746794,2.214997338661378,0.4450399875640869,1.0494611263275146,1.4260430335998535,1.6048588752746582,1.7051920890808103,1.7805252075195312,1.8400726318359373,1.8890070915222168,20
0.7138446369969356,17.14353081592033,61.71402660641154,2.134556706594088,2.0814578735960616,0.6651012897491455,1.752920627593994,2.3942625522613525,2.6869418621063232,2.836266279220581,2.9429914951324463,3.0233795642852783,3.0891005992889404,23
0.7504587454364502,31.957131988817224,22.573461465097992,2.503093044559588,2.6670613674027024,0.6452212333679199,1.6977086067199707,2.3734793663024902,2.7391324043273926,2.969714641571045,3.142148494720459,3.281841278076172,3.402679920196533,19
0.6127177326062219,72.42782589090938,1.104324997949728,2.46209393673826,2.1521442807145936,0.4729676246643066,1.1122310161590576,1.53025221824646,1.785578727722168,1.970456600189209,2.114628791809082,2.23972749710083,2.343451499938965,18
0.7149916531556075,31.01723041756903,4.540012469318565,2.259859581695785,2.031632493232443,0.5952448844909668,1.47849440574646,2.0111753940582275,2.3091728687286377,2.505569696426392,2.658348321914673,2.7857754230499268,2.8889377117156982,18
0.3528676736390663,124.47332294668638,32.016848363443046,2.605168548898765,2.252979889142355,0.513275146484375,1.2953648567199707,1.7658298015594482,1.969731569290161,2.084910154342652,2.1785695552825928,2.258837938308716,2.32765793800354,19
0.8091950771010841,17.49128081866773,0.6153825495365116,2.5175022203664983,2.7939040836482114,0.7908358573913574,2.185790061950684,3.1000900268554688,3.5811028480529785,3.861953258514404,4.064744472503662,4.2255072593688965,4.358077049255371,22
0.8449379488745627,15.002265938180129,11.902088406280123,2.3682990639867687,2.1307310395407573,0.6960270404815674,1.7879643440246582,2.458692073822021,2.825338363647461,3.061379909515381,3.2370638847351074,3.378881931304932,3.4929308891296387,22
0.5984514162582757,191.5625212442812,0.7695651177512729,2.0106187729464047,2.4084124331483268,0.2336041927337646,0.4249258041381836,0.5950479507446289,0.7441239356994629,0.8764858245849609,0.994309902191162,1.099555253982544,1.194725751876831,15
0.8372465577236272,126.60615595553612,0.9424470123943516,2.861562688238417,2.1269647039012933,0.241955280303955,0.4522285461425781,0.6469478607177734,0.8212311267852783,0.9768564701080322,1.1168901920318604,1.243060827255249,1.3560330867767334,8
0.8399869549643171,207.29363654765115,15.226734429907996,2.331136104044974,2.8335608966966435,0.1898744106292724,0.3293204307556152,0.4654512405395508,0.5964758396148682,0.7185337543487549,0.8335287570953369,0.9410161972045898,1.0425331592559814,15
0.3568466779811646,87.29819065106581,74.70240605893902,2.8449429469840286,2.8305316994683625,0.6624963283538818,1.8811638355255127,2.7379157543182373,3.094877481460572,3.224393606185913,3.295318841934204,3.3523976802825928,3.403092622756958,23
0.7375328660957775,145.34501252910883,3.557692160602677,2.974398599398687,2.651697930827957,0.3080973625183105,0.5927920341491699,0.8398590087890625,1.0551347732543943,1.2422585487365725,1.4066977500915527,1.5512042045593262,1.6795086860656738,8
0.3295692375135638,108.7767475531612,77.08591064956387,2.934879977024321,2.3896565386163937,0.5548734664916992,1.4595394134521484,2.029835700988769,2.2477521896362305,2.346020698547364,2.416698932647705,2.477234363555908,2.53074598312378,0
0.7269029212659688,123.5411904876712,9.200687040279034,2.919539090903789,2.9783250746872576,0.3763859272003174,0.7728826999664307,1.0959224700927734,1.3616795539855957,1.581489086151123,1.767559051513672,1.9267692565917969,2.065767765045166,9
0.3545016966626264,17.968806420204945,71.1744406106434,2.3170908958844603,2.741321316244501,0.9293677806854248,2.878268241882324,4.587786674499512,5.490865230560303,5.664525032043457,5.69062614440918,5.699131011962891,5.703292846679688,7
0.6013735107117149,185.99493893141977,107.58391205303464,2.0798439519366028,2.5674251627908333,0.2172574996948242,0.3744621276855469,0.5162265300750732,0.6413965225219727,0.7523822784423828,0.8519992828369141,0.9423620700836182,1.0242297649383545,16
0.7138889556481243,215.1071615817245,0.5898700289948607,2.0165217452866004,2.565800689319445,0.1835625171661377,0.3224844932556152,0.4560954570770263,0.5808851718902588,0.6958427429199219,0.8034348487854004,0.9027955532073976,0.9960119724273682,15
0.5733841933736178,9.0740527877245,6.126436752244199,2.6807929398721844,2.264585836023329,1.0342483520507812,3.048961639404297,4.583436012268066,5.3436598777771,5.689810276031494,5.916283130645752,6.082241535186768,6.197153568267822,6
0.7623326297003128,6.975826023107739,1.1427299337928194,2.3247632673837075,2.354735527626923,0.9705843925476074,2.751004219055176,3.974043846130371,4.5716471672058105,4.891964435577393,5.1159987449646,5.276488780975342,5.399119853973389,5
0.3114065007430416,159.76899257460522,1.2824911250788864,2.1879688005377345,2.842382291431464,0.5520226955413818,1.4961433410644531,2.097710132598877,2.3354854583740234,2.44778060913086,2.534468173980713,2.6129956245422363,2.680762767791748,18
0.8215077068065708,26.59958728370893,19.53147200641485,2.207631374773765,2.063186131059395,0.5479865074157715,1.3264524936676023,1.8118348121643064,2.103114128112793,2.3055949211120605,2.4631266593933105,2.5940866470336914,2.706184864044189,19
0.7208951522020953,34.38106076020824,0.6894396971025021,2.7277617572929644,2.7981685589381886,0.6972558498382568,1.876452207565308,2.653343439102173,3.070286512374878,3.3268845081329346,3.516972303390503,3.668459177017212,3.8013527393341056,22
0.3512164359285565,9.945284036722033,3.960316692356852,2.871912660581463,2.9901210631763213,1.2200777530670166,3.960435152053833,6.889514923095703,9.049896240234377,10.016761779785156,10.132847785949709,10.138477325439451,10.14780616760254,14
0.6197064345665828,29.604827127946187,3.4366254313229496,2.6694572021369822,2.669383351931192,0.8012149333953857,2.2535691261291504,3.232792377471924,3.712258815765381,3.964077949523926,4.1321001052856445,4.255352973937988,4.365781784057617,22
0.3827921669289634,54.88236039867258,159.8724422557626,2.6805042963797785,2.523296704553786,0.5996789932250977,1.6462602615356443,2.336881160736084,2.561751365661621,2.61383056640625,2.642024517059326,2.6678338050842285,2.691425323486328,0
0.408640958802458,59.625521863033015,20.545983795547222,2.344465752741951,2.6392260774687246,0.7459597587585449,2.155017852783203,3.1197195053100586,3.5271291732788086,3.6846885681152335,3.767003536224365,3.83369255065918,3.896566390991211,23
0.886465333138388,39.17614920632116,4.736889705433069,2.155403827233708,2.838114405564917,0.5036559104919434,1.2000656127929688,1.687220811843872,2.0199854373931885,2.267756223678589,2.4658896923065186,2.631009817123413,2.772469282150269,18
0.3239562387698858,7.789694257816754,2.6679967721038707,2.7630379694204,2.963658242810558,1.2473230361938477,4.104550361633301,7.288661003112793,9.809991836547852,11.147050857543944,11.29612636566162,11.300824165344238,11.304987907409668,14
0.4633245332881244,9.104247745769456,45.70901706070626,2.9089201985040285,2.686113264373536,1.0561773777008057,3.276089668273926,5.293751239776611,6.495749950408936,6.872028827667236,6.9557061195373535,7.0058770179748535,7.030807018280029,7
0.3188464560396022,18.305840071118528,92.4071027690078,2.762503927933655,2.0147099891129785,0.795555830001831,2.3018202781677246,3.3974318504333496,3.809524536132813,3.932973861694336,3.968927383422852,3.976607322692871,3.98238468170166,23
0.4278730538091485,31.790163183852385,4.3535135686428905,2.9817529216435967,2.40518591590282,0.9155769348144532,2.663635730743408,3.947091579437256,4.548034191131592,4.8268351554870605,5.00312614440918,5.104552268981934,5.194517135620117,6
0.7023610522077557,210.04859484555763,186.3173098060693,2.0469324242671267,2.2025054789330785,0.1205866336822509,0.1859605312347412,0.2493579387664795,0.3073313236236572,0.3635101318359375,0.4160468578338623,0.4655408859252929,0.5121588706970215,3
0.973315195256121,166.20833452209476,3.7953818020520944,2.3527206352218184,2.428442765076422,0.1723723411560058,0.306476354598999,0.435676097869873,0.559882402420044,0.6776249408721924,0.788926362991333,0.8939874172210693,0.9927947521209716,15
0.3623634069893577,63.28875097988921,207.5107044510536,2.8070123994217933,2.221402346277112,0.474123477935791,1.1750800609588623,1.5721921920776367,1.6679410934448242,1.6958022117614746,1.71995210647583,1.741356372833252,1.7604475021362305,1
0.4254518959915971,30.89152849010879,7.749460168416474,2.7724435181737306,2.371902206748058,0.9097797870635986,2.65552282333374,3.937166213989258,4.5222673416137695,4.778899669647217,4.935015678405762,5.027033805847168,5.0911078453063965,22
0.8110414648584032,14.412966580289808,3.169943683801717,2.526694838442692,2.87334720109084,0.8389720916748047,2.36791467666626,3.393621921539306,3.922748565673828,4.217819213867188,4.425069332122803,4.5893659591674805,4.716232776641846,22
0.7198222302118511,92.73697089425808,96.544122729389,2.805756379532236,2.603848468880875,0.356614351272583,0.7356126308441162,1.027503252029419,1.2557110786437988,1.4376530647277832,1.5889606475830078,1.7161388397216797,1.825969219207764,10
0.3519273380857015,22.30892406168803,4.546563200762244,2.823459367895756,2.85073698740306,1.097813844680786,3.4285638332366943,5.581131935119629,6.871222496032715,7.291770935058594,7.398918151855469,7.472311019897461,7.522286415100098,6
0.4805580901262875,99.83189996254508,9.9513348946507,2.088178766790374,2.515264560926312,0.50640869140625,1.266517162322998,1.7304353713989258,1.967341661453247,2.125230550765991,2.2481539249420166,2.3537590503692627,2.4394619464874268,18
0.4025714713231478,32.436575690937595,122.38989540380103,2.91490745944738,2.1009365399107844,0.6505439281463623,1.7880163192749023,2.504744529724121,2.771759510040283,2.849861621856689,2.8817567825317383,2.9065752029418945,2.929418563842773,0
0.3541386001154365,40.47950948742979,17.86900329793109,2.1857496889413306,2.366956631073758,0.8447544574737549,2.470750331878662,3.640899658203125,4.111745834350586,4.262385368347168,4.323620796203613,4.36556339263916,4.406271934509277,22
0.971756723661285,6.107143263508916,1.9143668025545573,2.8410527881252743,2.3723509941740955,0.8772907257080078,2.361003160476685,3.32928204536438,3.8763740062713614,4.233678817749023,4.498208045959473,4.706595420837402,4.874231338500977,22
0.9690906818721414,176.43796588482934,1.6611055637868557,2.6167270930437683,2.7527124517303623,0.1997096538543701,0.3506360054016113,0.4978973865509033,0.6424252986907959,0.7768924236297607,0.9034104347229004,1.023024559020996,1.1350741386413574,15
0.9459685483777835,133.836171290502,4.466234685585752,2.102934931818823,2.963450572921285,0.2184712886810302,0.4043560028076172,0.5842626094818115,0.7529971599578857,0.9088351726531982,1.0536036491394043,1.1871230602264404,1.310185194015503,15
0.387235918898747,17.20402106648721,15.72355662349992,2.3928322076898505,2.291955393812034,0.9972522258758544,3.00574278831482,4.664364814758301,5.49069881439209,5.723838806152344,5.818896293640137,5.871261596679688,5.901749610900879,6
0.3358091538764782,84.15427497241956,7.583114848189008,2.6186779737040227,2.9302614827648843,0.7720065116882324,2.283073663711548,3.400352716445923,3.904775857925415,4.073297500610352,4.158811569213867,4.221713066101074,4.276584625244141,22
0.9240388061775822,50.22752180837168,164.98588089027896,2.857375388189566,2.544355421025867,0.3465206623077392,0.7131557464599609,0.99961256980896,1.2244460582733154,1.4037582874298096,1.550464391708374,1.6732666492462158,1.7784078121185305,10
0.985199353477836,12.028736231284473,11.208154514645466,2.916516101533422,2.118870505132951,0.6627144813537598,1.6578731536865234,2.3091812133789062,2.710570335388184,2.985475540161133,3.197640419006348,3.369220733642578,3.5135326385498047,18
0.8703050943553157,78.26799296673164,37.86082525366994,2.7505214695586915,2.3229790352267163,0.3244273662567138,0.6579470634460449,0.9355220794677734,1.1667683124542236,1.359819412231445,1.5239806175231934,1.6650094985961914,1.7891550064086914,9
0.4182071191791913,45.3728517353601,3.895375217568328,2.4547884272862626,2.9199121415755496,0.871880292892456,2.6214632987976074,3.956980705261232,4.582468986511231,4.810177326202393,4.91246223449707,4.9835286140441895,5.047266006469727,22
0.671191456226133,13.84570509992209,41.34832313625983,2.987663065631219,2.807873528173768,0.908949851989746,2.6570539474487305,3.958497047424317,4.610411643981934,4.922236919403076,5.104439735412598,5.230109214782715,5.3117876052856445,7
0.9158628245852448,52.35232293797179,1.9557066391301483,2.5498971693404133,2.944699366418504,0.4604911804199219,1.0386533737182615,1.4814276695251465,1.814246654510498,2.073040008544922,2.2853832244873047,2.463440418243408,2.6169257164001465,18
0.88535427741896,18.32814099388853,36.301273567152975,2.374205185416983,2.1594232186890348,0.592369794845581,1.4700679779052734,2.0215322971343994,2.342892408370972,2.5590107440948486,2.722863912582397,2.85347056388855,2.9706366062164307,19
0.5771072841002725,10.792444108265927,203.2230064226096,2.840359454001134,2.6044536454163136,0.6948204040527344,2.0002758502960205,2.9517571926116943,3.316350221633911,3.375775098800659,3.3755767345428467,3.3755571842193604,3.3756940364837646,23
0.9350663667797644,155.57798659870244,0.821962393932055,2.2674429266899216,2.431583358656153,0.1855642795562744,0.332953929901123,0.4750230312347412,0.6097943782806396,0.7357172966003418,0.8535556793212891,0.96366286277771,1.0663456916809082,15
0.4782416708218194,21.562503303887222,8.835705408159411,2.6088718652264484,2.579272247344397,0.9713425636291504,2.896955728530884,4.391208648681641,5.102717399597168,5.379769325256348,5.531824111938477,5.627884864807129,5.706796646118164,6
0.8736747819593729,7.848931257188083,22.868560306233064,2.669128351079695,2.5446837259860526,0.8717691898345947,2.4238181114196777,3.46356201171875,4.0073065757751465,4.314708232879639,4.531302452087402,4.690540313720703,4.810466289520264,23
0.7410601492666334,107.40368944383658,50.97186788758364,2.585458088644625,2.334342299724658,0.3019912242889404,0.5918052196502686,0.8312492370605469,1.0306971073150637,1.1987693309783936,1.3418281078338623,1.4666240215301514,1.5758531093597412,9
0.7324466888617218,24.233393820226546,5.820415333324619,2.7938227485561526,2.8787483293040945,0.7910923957824707,2.216782569885254,3.185641288757324,3.691255569458008,3.9749021530151367,4.175694465637207,4.329701900482178,4.456775188446045,22
0.3179247762588778,15.27973460672756,38.4928743916678,2.2061330898571274,2.683965778912038,1.0200817584991455,3.2258505821228027,5.3101911544799805,6.607860088348389,6.978170871734619,6.986151218414307,6.990642070770264,6.99342679977417,7
0.6950499189255814,208.4671343459088,0.5628793447749852,2.3083614123243765,2.9568949023754554,0.2403008937835693,0.4302935600280761,0.6095211505889893,0.7727124691009521,0.9201862812042236,1.055222988128662,1.178556203842163,1.2909491062164309,15
0.6899246101145329,37.927808992302616,1.1290809124272665,2.053617831178253,2.7069493203225825,0.6368281841278076,1.702115774154663,2.357104778289795,2.691625595092773,2.90236759185791,3.062575340270996,3.193603038787842,3.303219795227051,18
0.9770747443394856,9.7366442372585,8.738906043347674,2.877739000894449,2.7328923812480763,0.8048319816589355,2.168707847595215,3.0746097564697266,3.592645168304444,3.926417827606201,4.171043395996094,4.366752624511719,4.530787467956543,22
0.7664192783546522,6.592823255391859,106.60466527271792,2.576023962655377,2.648835221305183,0.8278436660766602,2.428842782974243,3.6065728664398193,4.146135330200195,4.349322319030762,4.427489280700684,4.45694637298584,4.473415374755859,23
0.8437208580874527,15.12623730228207,62.80577714933229,2.515979138822341,2.671513743660385,0.7071256637573242,1.9278006553649905,2.719698905944824,3.123058795928955,3.351533889770508,3.503941535949707,3.626566410064697,3.724007606506348,23
0.8155182226386168,95.39971590759096,0.9550511816395206,2.4859462124678724,2.2270159432111902,0.2989540100097656,0.5915374755859375,0.8419046401977539,1.0544066429138184,1.2348806858062744,1.390949249267578,1.5267605781555176,1.6468124389648438,8
0.7738065712888905,49.955792765129694,34.57650537275223,2.120472977551675,2.281802668101624,0.4389705657958984,0.9949257373809814,1.3766543865203855,1.6343789100646973,1.8271620273590088,1.98291277885437,2.109362840652466,2.219595193862915,19
0.8010296305659017,112.3627686633661,0.9397472870548916,2.3165811729791086,2.128618239801035,0.2592003345489502,0.4938902854919433,0.7025496959686279,0.8846569061279297,1.0430593490600586,1.182051181793213,1.306046485900879,1.4158143997192385,8
0.4246676783620099,7.497326803957222,0.8088579688776298,2.6814411350449805,2.1040352970539606,1.1063804626464844,3.419008255004883,5.540253162384033,6.831222057342529,7.297849178314209,7.447919368743896,7.561320781707764,7.646610736846924,5
0.5071792827298858,42.53248138412779,15.146114711260054,2.840167491486256,2.054822663545755,0.6762685775756836,1.7930424213409424,2.4799511432647705,2.81892991065979,3.0094311237335205,3.1400606632232666,3.240803003311157,3.330144166946411,22
0.937827158583058,11.00509164902877,186.62979453624345,2.76428276418842,2.555681885704956,0.5711772441864014,1.4842662811279297,2.0808467864990234,2.360165596008301,2.4956302642822266,2.571143627166748,2.6240034103393555,2.6669235229492188,0
0.4666270833730239,53.32172126572984,102.90901659228882,2.2659260118404823,2.958154302433972,0.6500601768493652,1.8730943202972408,2.7181642055511475,3.05635952949524,3.1659905910491943,3.2282402515411377,3.2793185710906982,3.323215246200561,23
0.4962565283367138,60.741511871775,1.130588869481345,2.446781692361826,2.6322881611880886,0.6954491138458252,1.9340953826904297,2.733646869659424,3.099800109863281,3.28494644165039,3.4133191108703613,3.5135626792907715,3.6059703826904297,22
0.4036458963759615,7.422259300561769,36.72531441987342,2.176294313673547,2.166836056377292,0.9970927238464355,3.066816091537476,4.915096282958984,5.960463523864746,6.220893859863281,6.236209869384766,6.243227958679199,6.246878623962402,7
0.7096975699818306,65.04006982484128,155.75106195671427,2.568551591364598,2.4934630966098754,0.3775103092193603,0.8103222846984863,1.115891456604004,1.32470965385437,1.4802052974700928,1.604153394699097,1.7042672634124756,1.7866637706756592,10
0.7874417738436739,11.739742147473196,0.9962955666299744,2.429126667979094,2.814441267438136,0.9020223617553712,2.6013286113739014,3.7849199771881104,4.374648094177246,4.678896903991699,4.888167381286621,5.042771339416504,5.166025161743164,5
0.7926874463776497,6.439886533774384,8.058627729183176,2.9204115862775897,2.210104576110812,0.9521117210388184,2.6420788764953613,3.7795677185058594,4.377309322357178,4.752591133117676,5.030319690704346,5.233999729156494,5.382503986358643,6
0.6488556860817465,155.7456509016328,1.5132111522387617,2.044753363457225,2.646197658196465,0.2773778438568115,0.5341832637786865,0.7543349266052246,0.9433953762054444,1.1059281826019287,1.248011589050293,1.3722412586212158,1.483712911605835,8
0.3216528210474967,178.79121560361054,5.676561074537559,2.601951994926542,2.7708653630464823,0.5182628631591797,1.3288424015045166,1.85638689994812,2.0935275554656982,2.2235982418060303,2.329197645187378,2.4183051586151123,2.493849515914917,18
0.3941918672985716,36.84970791330471,46.58993334026538,2.8847601822413647,2.24337031005098,0.7867162227630615,2.2312164306640625,3.226675510406494,3.659543991088867,3.849438190460205,3.93939208984375,4.001136302947998,4.047551155090332,23
0.9922709695224412,6.265379231826778,0.8560586685374142,2.3071319501249885,2.9860199697113243,0.8890278339385986,2.5199503898620605,3.626081943511963,4.204197883605957,4.5414862632751465,4.780425548553467,4.968834400177002,5.1258063316345215,5
0.8227849834082963,38.77307448292985,0.533541265751558,2.286157388442798,2.3775904504399263,0.5210151672363281,1.241750955581665,1.7235586643218994,2.035251379013061,2.260460138320923,2.440139055252075,2.590787649154663,2.71985125541687,18
0.3237035471253594,81.75690059232221,7.628872781843898,2.322162449787441,2.1769016070304854,0.6713392734527588,1.833964347839356,2.546751022338867,2.821904182434082,2.932832717895508,3.0114073753356934,3.0748839378356934,3.130345344543457,22
0.3750474081814471,25.893550779993795,91.08708459411592,2.393955497520983,2.7885067530117644,0.8482592105865479,2.579831838607788,3.994283437728882,4.65708065032959,4.807872772216797,4.839644432067871,4.849457740783691,4.857574462890625,23
0.5833318635016591,171.47360941249005,16.50444643163134,2.2713581136766727,2.701071912286736,0.3060150146484375,0.5966644287109375,0.832129955291748,1.0291030406951904,1.1941490173339844,1.336609125137329,1.459980010986328,1.5685620307922363,9
0.4561699985700984,22.96468235000534,7.356037112260891,2.5684004777617035,2.0865555847234907,0.8913891315460205,2.5362799167633057,3.665769338607788,4.172110557556152,4.413076400756836,4.5528974533081055,4.655588150024414,4.730260848999023,22
0.9360664336296108,47.7809719799447,198.32537726371675,2.7153899712342966,2.433722718002523,0.3213963508605957,0.6435363292694092,0.8936057090759277,1.090925693511963,1.2477738857269287,1.377082586288452,1.484668493270874,1.5763928890228271,10
0.8375581398765193,7.589651332285816,44.16385782061921,2.46193870673352,2.194840726192065,0.8078169822692871,2.206298351287842,3.0998077392578125,3.545454502105713,3.791140079498291,3.939924716949463,4.055658340454102,4.134601593017578,23
0.4758222788222659,10.16613534440066,11.13237202734036,2.924206681262249,2.1175888307210955,1.0256645679473877,3.03656005859375,4.633720397949219,5.437737941741943,5.7594990730285645,5.966443538665772,6.119308948516846,6.2247233390808105,6
0.5013559141283944,13.809867760257626,14.197640662473049,2.5722449585441045,2.5624945222513604,1.027846097946167,3.1093785762786865,4.806240081787109,5.658474922180176,5.96302604675293,6.113763809204102,6.223757743835449,6.291281700134277,6
0.9304642432573832,33.25784671576812,180.7853186175124,2.116000767693143,2.985656203745138,0.4014859199523926,0.9122583866119384,1.282897710800171,1.54056715965271,1.7295660972595217,1.8776695728302,1.9963090419769287,2.0928094387054443,20
0.6110064491214064,31.203984447946464,1.331433175898103,2.8178238796877606,2.78370928181483,0.8200790882110596,2.3329193592071533,3.37541937828064,3.895196199417114,4.165828704833984,4.34532356262207,4.476865768432617,4.591713905334473,22
0.5032422428348725,50.339443316436125,2.3031153390583348,2.7956966012395545,2.018128270852276,0.6497440338134766,1.7013731002807615,2.345303535461426,2.6675119400024414,2.8556857109069824,2.9926633834838867,3.100513458251953,3.1905221939086914,22
0.9485169300442604,36.90625476853819,89.51137082549903,2.902007286599266,2.6667518282674685,0.454345703125,1.0348079204559326,1.4685306549072266,1.7760834693908691,2.0057058334350586,2.1887001991271973,2.3404436111450195,2.4696574211120605,20
0.6020444748838579,70.1390162127795,21.278819520129165,2.142913628650867,2.6212624841809395,0.5152158737182617,1.280056715011597,1.763425588607788,2.0338122844696045,2.217573404312134,2.3602163791656494,2.483650922775269,2.58330512046814,19
0.9051951078782804,118.26015858171868,5.249117153267509,2.830221592306618,2.8077383828351943,0.2923228740692138,0.5545334815979004,0.7952594757080078,1.010488510131836,1.201439619064331,1.3723208904266355,1.524852991104126,1.6612451076507568,9
0.9963616861081296,87.84316444492093,26.90438057516572,2.5462824932878734,2.539609205014997,0.2717297077178955,0.5204715728759766,0.7492611408233643,0.9536178112030028,1.1349587440490725,1.2968239784240725,1.440751552581787,1.5701303482055664,9
0.3381979910218124,61.351009946497136,177.19895118239043,2.50878494758934,2.412609517014132,0.5551645755767822,1.4904136657714844,2.071362495422364,2.2237682342529297,2.2481250762939453,2.266484260559082,2.283374786376953,2.298985958099365,0
0.3330423460769182,6.156994822170754,80.74763290720153,2.0887947358778387,2.239000179505153,0.9117891788482666,2.804027318954468,4.467465400695801,5.358489990234375,5.493215560913086,5.496249198913574,5.4971113204956055,5.497594833374023,7
0.6495852101304319,11.96681670121307,8.653962746764973,2.6173783485616964,2.0122456633566888,0.8793535232543945,2.413163423538208,3.411827325820923,3.907431364059448,4.195842742919922,4.38361930847168,4.52326774597168,4.616795539855957,22
0.463164937664984,6.417701095448214,14.95258830357628,2.506492863345151,2.20808351468116,1.0835578441619873,3.3431715965271,5.3929057121276855,6.60167407989502,7.029935836791992,7.129127502441406,7.189231872558594,7.227194786071777,6
0.9196040616387482,75.26677400183571,168.17790849788773,2.430087325779327,2.711710043711461,0.2775328159332275,0.5262818336486816,0.7404797077178955,0.9245209693908693,1.082793951034546,1.2205595970153809,1.3403356075286863,1.4451985359191897,10
0.6053284910812031,14.900506052124385,22.43585940165752,2.315065558305015,2.6110606553073232,0.9146382808685304,2.685481548309326,3.980567455291748,4.569232940673828,4.813547611236572,4.958581924438477,5.045089244842529,5.105311870574951,23
0.9104568085061217,6.487925828269528,27.833805496615668,2.892317711436271,2.5995298066354646,0.8933420181274414,2.4987664222717285,3.592935562133789,4.177702903747559,4.517940998077393,4.756951808929443,4.938951015472412,5.073933124542236,7
0.8272031970920082,219.2676516796408,4.8771772757545815,2.642368084998424,2.304859743303256,0.1670875549316406,0.2846071720123291,0.3999145030975342,0.5098159313201904,0.6134250164031982,0.711554765701294,0.8041272163391113,0.8910033702850342,15
0.4598829142239304,16.150074152134827,0.7566729900372638,2.5358120881693376,2.9811173949899943,1.089808464050293,3.404707431793213,5.477499008178711,6.648634910583496,7.0662384033203125,7.212653160095215,7.305253982543945,7.383148193359375,5
0.5268080107932703,18.68796950929748,7.709211102901559,2.516782015879883,2.440403447440359,0.948005437850952,2.776693344116211,4.1204142570495605,4.750453472137451,5.022459030151367,5.179558753967285,5.289590835571289,5.370171546936035,6
0.8726183318217262,22.621477727984423,75.28840404024909,2.967432601817753,2.543881869195044,0.5923786163330078,1.506606101989746,2.120272159576416,2.471712112426758,2.7005419731140137,2.873769760131836,3.0118370056152344,3.126383304595948,20
0.3092960351117037,10.374158645367016,59.57123315487488,2.746779268858931,2.329478583902932,0.9907243251800536,3.064608335494995,4.9564971923828125,6.093310356140137,6.359097480773926,6.371871948242188,6.3820905685424805,6.385367393493652,7
0.8661027238009291,113.00858871458314,9.880453310874492,2.2695921036835,2.772331878975396,0.2793323993682861,0.5370557308197021,0.7705931663513184,0.9775724411010742,1.1602907180786133,1.3227815628051758,1.467310905456543,1.5960693359375,9
0.448357643896241,24.815818970926266,235.89035010224464,2.336832712754127,2.987840840169637,0.6355865001678467,1.85294771194458,2.755232334136963,3.064870834350586,3.075002193450928,3.0756072998046875,3.075751304626465,3.0756897926330566,1
0.6296621165718228,7.907539743935159,2.3937380959554195,2.7301478560345864,2.077789156829783,1.0020005702972412,2.856032133102417,4.176234245300293,4.8215837478637695,5.187089920043945,5.456175804138184,5.650084495544434,5.787454605102539,6
0.5786802500592416,218.1048716703609,0.6343565306633443,2.5048677831844173,2.2537197830790365,0.2291278839111328,0.4021356105804443,0.5595693588256836,0.6981639862060547,0.8224906921386719,0.9344274997711182,1.035200595855713,1.1274616718292236,15
0.3619295512657883,26.342323534102828,4.021575311222897,2.4536052925603875,2.385683778951073,0.9875919818878174,2.9721016883850098,4.576907634735107,5.339193344116211,5.580660343170166,5.681213855743408,5.752817630767822,5.804266452789307,6
0.6959152744597273,21.49887398420629,70.39604202438098,2.086439731900322,2.3109590020042448,0.6545259952545166,1.758397340774536,2.420300245285034,2.711122274398804,2.861723184585572,2.962751626968384,3.0413148403167725,3.10663104057312,23
0.8590857380433896,111.58481114651566,98.41970827829628,2.9091732451930703,2.842857785127448,0.2930097579956054,0.5501143932342529,0.7782957553863525,0.9789986610412598,1.155409812927246,1.3114376068115234,1.449136734008789,1.5723891258239746,10
0.4196606490836917,159.5821206491767,241.51035704512896,2.7463135174364286,2.8708961313780432,0.3270542621612549,0.6151180267333984,0.795738935470581,0.9239997863769532,1.025521755218506,1.1103928089141846,1.1821136474609375,1.2428152561187744,10
0.9767972047991548,33.59215627515087,38.33598605352093,2.539107678554604,2.5301769539460275,0.4622387886047363,1.0525872707366943,1.4884214401245115,1.8006811141967771,2.037403583526612,2.228878974914551,2.388988971710205,2.526007652282715,19
0.6392694083613577,141.41690489593938,27.04311685941644,2.2272254861227774,2.334792635274265,0.2805864810943603,0.535689115524292,0.7478775978088379,0.927665948867798,1.0791912078857422,1.2115652561187744,1.3268284797668457,1.428337574005127,9
0.4261998359834199,24.063381136134502,14.640219564311762,2.341236500310695,2.491791965144815,0.9401018619537354,2.8060226440429688,4.246967315673828,4.903181552886963,5.116207122802734,5.225915908813477,5.289525508880615,5.335224151611328,6
0.7933273323969845,162.4433981569012,1.2636265204000816,2.384411043000057,2.641177960701862,0.2395589351654052,0.4363088607788086,0.6218922138214111,0.7902920246124268,0.9428842067718506,1.0816774368286133,1.208357572555542,1.3233675956726074,8
0.9535759732873064,183.2460877753836,8.405400347771096,2.4161281065640496,2.7936924831857985,0.1855378150939941,0.3265466690063476,0.4622018337249756,0.5957190990447998,0.72110915184021,0.8392550945281982,0.9507880210876464,1.0560059547424316,15
0.8753963910276934,10.21130047088405,29.400501631517223,2.7857111571378472,2.664743669128132,0.8260180950164795,2.290083885192871,3.2708611488342285,3.794064998626709,4.096052169799805,4.305225372314453,4.464348316192627,4.586351871490479,23
0.8109584604313786,92.90298067283776,0.6642288467509134,2.7211417005751635,2.7710619705967656,0.3788092136383056,0.7909691333770752,1.1270079612731934,1.40132737159729,1.626835584640503,1.817155122756958,1.980170488357544,2.1217925548553467,8
0.3926077535729332,11.699879197100046,19.150634511001584,2.6534048995040926,2.4146281973185992,1.0699057579040527,3.302069664001465,5.33674430847168,6.511841297149658,6.885655879974365,6.954125881195068,6.998660564422607,7.030287265777588,6
0.6889789380839828,16.197097065409658,17.60156769443956,2.360830561266798,2.0387317405993466,0.7601616382598877,2.0230016708374023,2.7945570945739746,3.180253028869629,3.399544239044189,3.541524887084961,3.656979560852051,3.742812633514404,22
0.6651682588621217,27.63695347515457,68.07256797624244,2.013478829468893,2.2937683176296426,0.6102864742279053,1.602137565612793,2.181523323059082,2.440469264984131,2.580033779144287,2.68589735031128,2.7678122520446777,2.836057186126709,20
0.760144930677763,14.46782243266506,0.6717862489277434,2.2490741849364726,2.139949491659417,0.7823443412780762,2.0735433101654053,2.8664376735687256,3.272279024124145,3.5168793201446533,3.6876590251922607,3.826092481613159,3.930801153182984,22
0.6747108684285263,16.494181126962005,2.077334149082768,2.559630083027673,2.691782106218984,0.9096999168395996,2.6253740787506104,3.8304097652435294,4.426565170288086,4.723316192626953,4.918150901794434,5.056194305419922,5.17315673828125,6
0.877381758272989,160.2971996522941,3.0880962213648884,2.0140538914367285,2.801844025646252,0.1953611373901367,0.355482816696167,0.5101144313812256,0.6556081771850586,0.7909977436065674,0.9172117710113524,1.0340311527252195,1.1431829929351809,15
0.6113447188918147,9.958971841049284,1.479263586385215,2.567998462084456,2.652435453367074,1.0550127029418943,3.1614339351654053,4.826167106628418,5.657951354980469,6.013285636901856,6.238946914672852,6.406136512756348,6.523211479187012,5
0.956840551694074,93.28042320204824,125.72616977150568,2.2917027222494784,2.45332666820184,0.2222123146057129,0.4026689529418945,0.5715954303741455,0.7232499122619629,0.8586442470550537,0.9820671081542968,1.0926332473754885,1.1926395893096924,16
0.9373770224760268,31.98404604908201,1.549223965401367,2.17319009095188,2.5267712968914062,0.4977078437805176,1.1585476398468018,1.6201562881469729,1.940368890762329,2.1803295612335205,2.373977899551392,2.5350759029388428,2.672373056411743,18
0.4836508025434363,15.603304793780213,61.22872390997503,2.262480422968572,2.287776415469922,0.8515589237213135,2.490418195724488,3.6856725215911865,4.174553871154785,4.322373390197754,4.373248100280762,4.400629997253418,4.4235944747924805,23
0.8212268142482186,108.56500739262444,0.7151370120889649,2.616871309252513,2.809335758895138,0.3320012092590332,0.6613285541534424,0.9443204402923584,1.1863620281219482,1.3935060501098633,1.5728461742401123,1.7292659282684326,1.867053747177124,8
0.7476263349960672,50.62067984583241,1.2001413656745676,2.107789449627915,2.819539655496327,0.5294380187988281,1.3149511814117432,1.83371376991272,2.156604528427124,2.3867037296295166,2.5681989192962646,2.718061685562134,2.845885992050171,18
0.6224176799480557,11.079455941006762,9.936068366796423,2.0059451390776,2.3576299653996142,0.9323399066925048,2.7124171257019043,3.962027549743652,4.513932228088379,4.746903419494629,4.873563766479492,4.969502925872803,5.042098045349121,22
0.5014496810345679,219.43425617166287,0.5098561983695846,2.131172083109828,2.24222346125164,0.2354397773742675,0.4183859825134277,0.5757391452789307,0.7115964889526367,0.8298814296722412,0.9352612495422364,1.0288901329040527,1.1131341457366943,15
0.7612803621327544,8.844085667992866,0.5768695146761823,2.0032547341433866,2.6399924918614683,0.9319179058074952,2.71655797958374,3.962581634521485,4.547586917877197,4.822776794433594,4.996289253234863,5.124809741973877,5.225142955780029,5
0.8273998352641276,144.9065983162554,6.4588270965519685,2.609143330178144,2.802729910075112,0.2680046558380127,0.496967077255249,0.710076093673706,0.9020929336547852,1.074460744857788,1.2303352355957031,1.370673418045044,1.497488260269165,9
0.8935646589798305,62.07718998632716,41.96650721863403,2.297483125781932,2.4322042388060634,0.3443343639373779,0.711174726486206,1.0092244148254397,1.2500889301300049,1.446687936782837,1.611898422241211,1.7531554698944092,1.8755581378936768,9
0.937691514615396,6.514940626845918,146.32946404351603,2.799819688745692,2.346918293025089,0.6592569351196289,1.777842998504639,2.4976282119750977,2.830899238586426,2.984834671020508,3.0571861267089844,3.0994839668273926,3.131111621856689,23
0.95303797217766,179.82972812650218,5.163566527244215,2.7781797767217915,2.459646254917266,0.1877872943878173,0.3281357288360595,0.4654383659362793,0.5981020927429199,0.7224431037902832,0.8393402099609375,0.9492502212524414,1.0528337955474854,15
0.625619924944707,120.46291250429375,218.23200204010115,2.9379031066243826,2.9132732159055115,0.3240761756896972,0.6139264106750488,0.8295769691467285,1.0009865760803225,1.1410770416259766,1.2591710090637207,1.3599162101745603,1.4479212760925293,10
0.7816569963510185,47.68668764816735,1.0713606661532151,2.3093304191289907,2.764364933946072,0.5380408763885498,1.320603370666504,1.8472185134887693,2.177525997161865,2.415311813354492,2.603175163269043,2.75792932510376,2.891897678375244,18
0.503976959494907,167.35533364890642,167.05637005970405,2.3994631161773468,2.624930582955665,0.2794582843780517,0.5043270587921143,0.6721570491790771,0.8097307682037354,0.9250936508178712,1.024167776107788,1.1102476119995115,1.1857759952545166,10
0.5814946031255026,80.92942894296303,31.03023222848962,2.7530916401286323,2.0505743735565463,0.4232280254364013,0.9633016586303712,1.3263492584228516,1.5552048683166504,1.723534107208252,1.8536858558654783,1.966571807861328,2.060513496398926,19
0.491315957977026,34.423634076883964,3.984591258369255,2.958192776583756,2.7060193552522414,0.8904118537902832,2.599978446960449,3.851750373840332,4.46955680847168,4.754135608673096,4.919392108917236,5.037837982177734,5.124821662902832,6
0.8560514712525651,70.03669048952467,70.20447597809073,2.891498648982568,2.934903748815425,0.4049088954925537,0.8678731918334961,1.2340965270996094,1.521003246307373,1.7492280006408691,1.9369621276855469,2.0954389572143555,2.232306957244873,20
0.8144631183411324,10.439022458899224,0.6057263521561004,2.2461078978184927,2.817974597507764,0.8957614898681641,2.58136248588562,3.7423746585845934,4.31529426574707,4.610166549682617,4.811614990234375,4.967370986938477,5.085232734680176,22
0.963085544184948,27.4314559555667,237.9260241476777,2.819030948473048,2.1247642565405704,0.3297338485717773,0.6729550361633301,0.9149055480957032,1.0815842151641846,1.2020223140716553,1.2934319972991943,1.3655846118927002,1.424463987350464,10
0.5858527699168221,44.048285067634,211.261308855468,2.614506454725764,2.1314334978745,0.4151372909545898,0.9474666118621826,1.259291172027588,1.3938241004943848,1.4691097736358645,1.5253307819366455,1.5705468654632568,1.6077187061309814,1
0.5732428774272559,117.1286688315321,69.94497403142444,2.811856086902423,2.7784080219167144,0.4197757244110107,0.9322693347930908,1.2997186183929443,1.5506184101104736,1.7362735271453855,1.8858311176300049,2.0101187229156494,2.117936372756958,20
0.7236009201975657,56.52962454856994,3.539419085367897,2.337815376886824,2.046306326429232,0.4348847866058349,0.982062578201294,1.3583385944366455,1.6126306056976318,1.801927089691162,1.953390121459961,2.083245754241944,2.1943001747131348,18
0.8566039388867148,58.82528941918468,1.9870850199767025,2.083493657759293,2.537924604252052,0.3944854736328125,0.8539028167724609,1.2058680057525637,1.4766404628753662,1.6918206214904783,1.870039701461792,2.020615816116333,2.150714159011841,8
0.5330923204588903,14.095055007192109,25.146476553066247,2.630912669459964,2.871322808550123,1.012258768081665,3.0846052169799805,4.805306911468506,5.692662715911865,6.008827686309815,6.155680179595947,6.255056858062744,6.319228649139404,7
0.5235000418254545,41.1762882686535,245.85887291594705,2.0948580677859328,2.873792659468208,0.4940204620361328,1.2998368740081787,1.81424880027771,1.977409601211548,2.016061544418335,2.0430920124053955,2.066298246383667,2.0865800380706787,1
0.3423563705874133,20.41643636599397,1.1853792906739686,2.2984779846847783,2.055316553573697,0.996117115020752,2.9818203449249268,4.601624488830566,5.4039459228515625,5.627284049987793,5.720549583435059,5.774594306945801,5.811247825622559,5
0.8612552846209536,134.54179501434962,0.9446969460505502,2.605671532046131,2.301183269786306,0.2303893566131591,0.4235968589782715,0.6059732437133789,0.771838903427124,0.921612024307251,1.058274745941162,1.1825902462005615,1.2950596809387207,8
0.819380261191281,166.38746448455518,0.8526203511992666,2.945234200439501,2.182175094671706,0.2119324207305908,0.3784778118133545,0.5390346050262451,0.6857657432556152,0.8202047348022461,0.9441583156585692,1.0575971603393557,1.162425518035889,15
0.9756030346594065,9.32067824739286,69.71322839385981,2.517318083782621,2.587861544156378,0.7063572406768799,1.893691062927246,2.6614785194396973,3.0687742233276367,3.3102355003356934,3.4793806076049805,3.6061391830444336,3.710510730743408,23
0.6087178666166293,9.219166798130413,4.458414708110379,2.335190100568298,2.4518859495064764,1.0256187915802002,3.0503830909729004,4.600845336914063,5.347337245941162,5.663700103759766,5.841017723083496,5.982552528381348,6.0717315673828125,6
0.8968084238522216,46.0324557438654,14.883908856494465,2.84356828086727,2.6640335111566413,0.4807584285736084,1.1039273738861084,1.567537546157837,1.8983676433563232,2.147862672805786,2.349533796310425,2.517819166183472,2.662736654281616,19
0.4349340281038838,195.6774920458136,17.16503281339182,2.4130495395732963,2.780781722688654,0.3743455410003662,0.7962579727172852,1.0930542945861816,1.3028790950775146,1.4640111923217771,1.597435474395752,1.7112243175506592,1.8057701587677,9
0.654566123520145,13.0735857806466,1.865738299193568,2.8972498585843343,2.0281868108220555,0.8771045207977295,2.383585929870605,3.363832950592041,3.8775129318237305,4.195905685424805,4.423702239990234,4.585580825805664,4.710239410400391,22
0.976054610023472,11.895611467262937,3.722905555722914,2.073016811500809,2.542866851369616,0.6963765621185303,1.8075478076934808,2.4917800426483154,2.8802502155303955,3.1366636753082275,3.33139967918396,3.4920814037323,3.627721071243286,22
0.7971150159359353,81.79335191774447,0.6673099439017119,2.417877751026061,2.7844795802599256,0.3972549438476562,0.8539526462554932,1.2116868495941162,1.492546558380127,1.7172858715057373,1.903886079788208,2.062018156051636,2.1993391513824463,8
0.5446459921256731,159.3543507196277,109.13664051037745,2.545704623044819,2.6655725854674195,0.3076274394989013,0.5877242088317871,0.8005785942077637,0.9734899997711182,1.1163511276245115,1.237534761428833,1.342221736907959,1.4331321716308594,10
0.5253340268182181,66.1365032770162,4.704272183937646,2.5755297446092182,2.9883209272699363,0.6789133548736572,1.9001734256744385,2.719230890274048,3.1105802059173584,3.316622018814087,3.455456495285034,3.5754520893096924,3.675215482711792,22
0.7721825281548236,48.95791029318856,101.0039605205006,2.8379070417255936,2.8620141150516503,0.4987592697143554,1.198866605758667,1.6953189373016355,2.0029566287994385,2.216466188430786,2.3806703090667725,2.5155041217803955,2.628250360488892,20
0.4511254619210844,94.64263268108748,35.9436568022617,2.250750471051827,2.4451323237375977,0.5276219844818115,1.345609426498413,1.8431427478790283,2.071202516555786,2.212132692337036,2.320756196975708,2.4092166423797607,2.4902265071868896,19
0.6358359656987411,27.1000924365914,46.99803894943423,2.925976059983368,2.063748572466196,0.6601986885070801,1.7409930229187012,2.4149718284606934,2.75586462020874,2.955759048461914,3.087097644805908,3.197457790374756,3.284348487854004,23
0.476950129749722,14.438428741611094,1.4021831490809769,2.525602115700896,2.6117808027169644,1.0615792274475098,3.2327699661254883,5.051797389984131,5.991487503051758,6.329659461975098,6.482945442199707,6.604466438293457,6.686777114868164,5
0.3929131678541581,50.829368392008696,12.009220637350698,2.3768785675307003,2.056756306438384,0.7316086292266846,2.010085344314575,2.8118040561676025,3.152660131454468,3.300251245498657,3.3910434246063232,3.464749574661255,3.525848150253296,22
0.7131759393554893,100.25303379361928,2.2570662635645715,2.558605266500701,2.199724560840291,0.3370726108551025,0.6912078857421875,0.9729321002960204,1.1981945037841797,1.3814318180084229,1.536501407623291,1.6680951118469238,1.7838263511657717,8
0.9300209720968912,11.10064663197245,208.0311779316845,2.815680991550193,2.092815632114557,0.4740610122680664,1.148876428604126,1.557922124862671,1.7379605770111084,1.816726922988892,1.862628698348999,1.8964970111846924,1.9229419231414795,1
0.9736258434740954,26.572486238621348,20.76881658168384,2.728638399370496,2.556084543895906,0.5370416641235352,1.283154010772705,1.811149835586548,2.162864923477173,2.420195341110229,2.624096632003784,2.793343305587769,2.9386637210845947,19
0.5289940050123376,37.478489243058455,5.213530624164486,2.6568621848288894,2.1401241089612766,0.7311305999755859,1.975263595581055,2.75927734375,3.138113021850586,3.34109115600586,3.485842227935791,3.588289737701416,3.678924083709717,22
0.8233633741953155,69.21387514586304,1.577101393019887,2.708893829542188,2.968182285097428,0.4582231044769287,1.0332865715026855,1.4703214168548584,1.7950966358184814,2.0463736057281494,2.250854730606079,2.4225895404815674,2.5713860988616943,18
0.6004511246436147,13.52187130474154,39.06864965805951,2.699113241791564,2.342408275630991,0.8855445384979248,2.545683622360229,3.718133211135864,4.264348983764648,4.5186614990234375,4.668840408325195,4.75339412689209,4.823447227478027,23
0.5862572607408819,43.11458885120382,0.9097968476414748,2.3469957180128307,2.608162640086771,0.7037656307220459,1.9309959411621087,2.709779739379883,3.078752517700196,3.2813448905944824,3.4287338256835938,3.541362762451172,3.6447434425354,22
0.6084102372706713,139.66893121235518,151.72136405072084,2.953760597481916,2.512858465790703,0.2896728515625,0.5337157249450684,0.7232496738433838,0.8808865547180176,1.0137643814086914,1.1278653144836426,1.2266645431518557,1.313830852508545,10
0.4443289380138094,10.612032746665808,66.30915612316095,2.2691086093444617,2.483606116419471,0.9294722080230712,2.837782621383667,4.443181037902832,5.229880332946777,5.388680458068848,5.422979354858398,5.434720039367676,5.440472602844238,7
0.7644086376177996,16.11613222310417,3.0496614101699424,2.8814728603175173,2.754879738628689,0.8633098602294922,2.4348936080932617,3.5115761756896973,4.078722953796387,4.398193836212158,4.622122287750244,4.796504974365234,4.935705184936523,22
0.6631667428675647,29.558513969776275,13.367051452099972,2.1727568269676443,2.128235907882215,0.6550450325012207,1.6992554664611816,2.317979097366333,2.6229093074798584,2.8125154972076416,2.9496171474456787,3.0621025562286377,3.1552603244781494,18
0.9463966305933128,13.505489256642168,11.381028474403072,2.332128996758556,2.8312991487354573,0.727534294128418,1.9617433547973635,2.752497673034668,3.191399574279785,3.468505382537842,3.674758911132813,3.843342781066896,3.986935615539551,22
0.5182860932103417,45.65675690474763,7.528771576218461,2.1352207158881025,2.679403276686047,0.7286403179168701,2.064554452896118,2.928224802017212,3.3049027919769287,3.475665330886841,3.5954182147979736,3.685561418533325,3.760574579238892,22
0.7736809115371543,24.44404296390557,28.76091900166857,2.571283477176093,2.639326016465429,0.6908872127532959,1.8553779125213623,2.60653042793274,3.001420736312866,3.239635705947876,3.4133145809173584,3.5485308170318604,3.669430494308472,23
0.6334247226201724,50.600538007279006,2.5820841731837896,2.516203515674248,2.590516008304854,0.62540602684021,1.6405863761901855,2.286893844604492,2.626830577850342,2.839848518371582,2.9990124702453613,3.1352758407592773,3.24589204788208,18
0.4344907792218279,29.40247009514811,40.46670144319746,2.468002101814473,2.986936159076778,0.9058001041412354,2.774195671081543,4.296155452728272,5.053251266479492,5.287117958068848,5.373172760009766,5.422783374786377,5.458206653594971,7
0.5632640321096016,32.51022760500915,56.12379020622734,2.566347635299037,2.376139300725068,0.7066230773925781,1.9538567066192627,2.759593725204468,3.117296934127808,3.295236349105835,3.399017572402954,3.478191614151001,3.549877405166626,23
0.8477475461097166,42.31507904968907,6.172648066983589,2.6098801249194734,2.514541578947396,0.5114507675170898,1.2086026668548584,1.699610471725464,2.0276572704315186,2.268646478652954,2.461575746536255,2.6214420795440674,2.759502649307251,18
0.6251724453478285,16.847432138725626,2.65636960256268,2.0352834078521505,2.3009340180418976,0.8515825271606445,2.389458179473877,3.3846168518066406,3.8273072242736816,4.0380730628967285,4.175238609313965,4.268967151641846,4.355762004852295,22
0.9918227911047386,140.7490220094644,1.5940329856344029,2.262914096444327,2.518481607599236,0.1943700313568115,0.3519587516784668,0.5044600963592529,0.6492776870727539,0.7841842174530029,0.9104862213134766,1.0286195278167725,1.1384971141815186,15
0.6879491627310399,11.79308165863272,256.0644071871567,2.514700745727196,2.61453639913007,0.5774085521697998,1.5758929252624512,2.2369842529296875,2.424870014190674,2.430830478668213,2.431154251098633,2.4311418533325195,2.4312009811401367,1
0.7996953996025726,94.5491189602009,104.47625628915937,2.1001687507006883,2.1763588714759643,0.2341604232788086,0.4313693046569824,0.6040587425231934,0.7533695697784424,0.8823809623718262,0.9964032173156738,1.096677541732788,1.186140775680542,16
0.470744453249398,8.499289437627677,36.13760847288904,2.108768311737673,2.887217567828322,1.039933681488037,3.322058916091919,5.491418838500977,6.8428955078125,7.277374267578125,7.315448760986328,7.326424598693848,7.332387924194336,7
0.8901968104916376,12.379226046719635,5.020845054167892,2.819456113954772,2.350748422848044,0.7628507614135742,2.005892515182495,2.805148839950561,3.2598578929901123,3.554627656936645,3.77378249168396,3.944555521011353,4.090237617492676,22
0.9245756548996292,17.481169544090985,7.236342389185374,2.259083091736437,2.657825298489979,0.6662871837615967,1.729656457901001,2.403537511825561,2.79094672203064,3.0485599040985107,3.245109796524048,3.408327341079712,3.5476763248443604,18
0.3743523074748639,18.0327225817866,7.036921445664844,2.225560965898376,2.700377722308015,1.0588335990905762,3.3324670791625977,5.414689064025879,6.626819133758545,7.000006198883057,7.059081554412842,7.091505527496338,7.1157002449035645,6
0.5510465189520932,120.33392987705304,3.9162267248186913,2.133042559757756,2.685004008951536,0.4216961860656738,0.9623188972473145,1.3352973461151123,1.5833747386932373,1.7691452503204346,1.9208180904388428,2.0441815853118896,2.1532371044158936,18
0.4602440789754718,25.600031350813683,3.907147618949241,2.26224813373357,2.4373983172171085,0.9197325706481934,2.71025824546814,4.037295341491699,4.622364044189453,4.843828201293945,4.95725154876709,5.034258842468262,5.096578598022461,22
0.5558370260997458,11.410827507709037,56.04571596436181,2.256203110855931,2.663688795631073,0.9208006858825684,2.7888519763946533,4.279911994934082,4.982924461364746,5.188555717468262,5.261423110961914,5.294771194458008,5.315610885620117,7
0.4824399822918147,129.0768498428045,1.5909294362389357,2.332514537668813,2.3530785624650656,0.4236128330230713,0.961129903793335,1.315119743347168,1.536475658416748,1.6977105140686035,1.8280844688415527,1.9367213249206543,2.029981136322021,18
0.882460409435754,22.7963503288564,8.26998392183352,2.6677849391703203,2.114129050755749,0.5706315040588379,1.386594295501709,1.9240469932556152,2.2556867599487305,2.4916200637817383,2.6751508712768555,2.826681137084961,2.9543981552124023,18
0.8640325594950216,28.564488477596097,2.7976882399370537,2.643153463708785,2.573578975155463,0.6101343631744385,1.532181739807129,2.1461181640625,2.5179972648620605,2.774320602416992,2.9757652282714844,3.141909599304199,3.28361177444458,18
0.6564626569035547,188.4942128833745,184.2090761413024,2.432060598040966,2.9646941229597643,0.2179391384124755,0.3592917919158935,0.4907593727111816,0.6099057197570801,0.7170531749725342,0.814767599105835,0.9043917655944824,0.9866812229156494,17
0.8311944887645313,196.10535231510124,75.9757077580211,2.9608450338594823,2.8010270437778155,0.2129223346710205,0.3559653759002685,0.4995441436767578,0.6352658271789551,0.7591662406921387,0.875067949295044,0.9834370613098145,1.0840978622436523,16
0.6027175589700047,103.52332965973456,7.682812970200162,2.48871072230423,2.1501912595924595,0.3771700859069824,0.8083341121673584,1.1205816268920898,1.3458683490753174,1.5218510627746582,1.6646432876586914,1.7846379280090332,1.8872756958007808,9
0.3789604092346895,7.89369310610018,2.1724895440172025,2.015479379271228,2.207804361995037,1.0983083248138428,3.496166706085205,5.820572376251221,7.345718860626221,7.953189373016357,8.015338897705078,8.026466369628906,8.036968231201172,13
0.7943580234811403,21.870455297330807,1.3862734597040791,2.928979951568228,2.4672569563365068,0.7245807647705078,1.913388729095459,2.6875038146972656,3.122372627258301,3.3992152214050293,3.603958129882813,3.7676172256469727,3.904292106628418,22
0.3667752500588271,147.7178634391619,0.5957637642002939,2.5533506139686657,2.238156214949385,0.4624128341674804,1.1047561168670654,1.4971585273742676,1.693500518798828,1.828453540802002,1.9335384368896484,2.021584987640381,2.101499557495117,18
0.6719427096953313,147.2868224728284,0.596989699650246,2.9312949118085587,2.228219220664723,0.2800140380859375,0.536261796951294,0.7550313472747803,0.9431877136230468,1.1050267219543457,1.2460761070251465,1.3700594902038574,1.4805526733398438,8
0.596120536694613,10.891205068783774,16.2121730496564,2.9168049374120875,2.5038769554197096,1.014394760131836,2.9968647956848145,4.527847290039063,5.278712749481201,5.629701137542725,5.854003429412842,6.019275188446045,6.131518840789795,6
0.3585214396460261,201.15197699140936,188.6981935944632,2.5214967945364744,2.1395066974670667,0.2318701744079589,0.3561537265777588,0.4436142444610595,0.5162453651428223,0.5789721012115479,0.6336102485656738,0.6823596954345703,0.7261619567871094,17
0.9777709055466032,106.46126347359927,42.3275821732123,2.0184296931440504,2.307603385007348,0.1972699165344238,0.3643672466278076,0.5226478576660156,0.6691024303436279,0.8029134273529053,0.9267663955688475,1.039734125137329,1.1437196731567385,15
0.3746925757458397,43.052988189887536,112.2569647205802,2.6410410160255315,2.524835622696065,0.711336612701416,2.044754981994629,2.982649326324463,3.355025291442871,3.4542384147644043,3.48567008972168,3.508807182312012,3.5301852226257324,23
0.5843199982081124,8.527517605079318,3.401395938226948,2.329174610302204,2.0960458816722665,0.9993269443511964,2.8896312713623047,4.260217189788818,4.908463954925537,5.213128089904785,5.414355278015137,5.54360294342041,5.6413116455078125,6
0.4660159395519686,23.94115803587444,121.85845218811512,2.722042655544069,2.0818893050201512,0.666337251663208,1.835587739944458,2.575923681259156,2.8537943363189697,2.9431488513946533,2.974632978439331,2.997474431991577,3.0183675289154053,0
0.8353735678443126,12.060283080635315,11.051804850732683,2.450726597580381,2.303329567795668,0.7798442840576172,2.074837684631348,2.886713981628418,3.316737651824951,3.578671455383301,3.767178535461426,3.914588928222656,4.028026103973389,22
0.3454060646065296,88.60396272170598,43.88498841598281,2.250066437068788,2.346423646495046,0.6084499359130859,1.6500015258789062,2.2802674770355225,2.509061098098755,2.604719877243042,2.671678304672241,2.7288973331451416,2.7806951999664307,0
0.6834733243891042,24.44739652050554,0.6737168847020639,2.145600966738969,2.3980026289218346,0.7409193515777588,2.007575273513794,2.7838690280914307,3.1626193523406982,3.3758342266082764,3.5286810398101807,3.646931409835816,3.7488157749176025,22
0.8344539347030877,19.99208604366284,102.39057193801762,2.635792244666826,2.5684898308187534,0.6115827560424805,1.602980136871338,2.2482805252075195,2.5815176963806152,2.7783427238464355,2.9158506393432617,3.024947166442871,3.111633777618408,20
0.7401054526451404,63.10045113157019,139.483540485506,2.2919846903863754,2.5666936036348527,0.3782742023468017,0.8162784576416016,1.1315820217132568,1.3543038368225098,1.521012544631958,1.6537883281707764,1.7647111415863037,1.8575847148895264,10
0.9337854422399924,62.651977960199865,53.19820912126451,2.7107705502563366,2.122328340322482,0.3083171844482422,0.6227669715881348,0.8867650032043457,1.105809450149536,1.288163423538208,1.4440109729766846,1.57765793800354,1.6951243877410889,9
0.9181515713584504,8.335726532584934,7.425876589737235,2.6741683483643683,2.171982374871336,0.7932736873626709,2.0685601234436035,2.875600814819336,3.338864803314209,3.637785434722901,3.8550524711608887,4.023955821990967,4.157912254333496,22
0.7535494399480254,28.73438699498558,4.130956678286362,2.821983491256997,2.5102515407434134,0.6877245903015137,1.8133084774017327,2.543450117111206,2.945872068405152,3.2011725902557373,3.3919126987457275,3.547121286392212,3.674910306930542,22
0.6123599774340613,8.57678424240447,5.6864710084602255,2.8092818632736285,2.439577606451679,1.0561175346374512,3.1296091079711914,4.747901916503906,5.563507080078125,5.931930541992188,6.188035011291504,6.384291648864746,6.520931243896484,6
0.7387946254446296,58.4961351025482,21.370854969261103,2.1260034617987085,2.698973712780633,0.4776761531829834,1.1345868110656738,1.5817930698394775,1.8736155033111568,2.0884439945220947,2.259353876113892,2.4007813930511475,2.520709276199341,19
0.8866202573560253,29.80689400282181,1.8223366715613136,2.750928765339701,2.1090463082407025,0.5124564170837402,1.2095658779144287,1.6921052932739258,2.010751724243164,2.242854118347168,2.428668975830078,2.582946300506592,2.7148241996765137,18
0.6701551081047216,45.18279951778298,0.8077220952385267,2.4867276155659934,2.4630510488968778,0.6119515895843506,1.575467586517334,2.1845273971557617,2.513947010040283,2.72955322265625,2.896736621856689,3.0338053703308105,3.147421836853028,18
0.450082974625804,99.40950062059548,0.5692954976844958,2.7893268274115,2.439458300986181,0.5708575248718262,1.4776825904846191,2.0584702491760254,2.343440055847168,2.5133719444274902,2.6477389335632324,2.7541375160217285,2.848998546600342,18
0.3234731906340716,7.438092692599428,15.175690500584668,2.858490165045456,2.712907531898491,1.19394850730896,3.873711824417114,6.742288589477539,8.92575740814209,9.944222450256348,10.042198181152344,10.043723106384276,10.045157432556152,14
0.8440906605209821,18.804247356731697,2.3445955615458858,2.440769086748051,2.643107496815,0.7264995574951172,1.9429712295532229,2.7180075645446777,3.137271881103516,3.403977394104004,3.601348876953125,3.758249282836914,3.893765926361084,22
0.7493882266303549,22.77497255856513,83.20371028810892,2.370749305677175,2.8540388227101725,0.6703193187713623,1.856329679489136,2.634249448776245,3.008307695388794,3.200937032699585,3.330383062362671,3.4258272647857666,3.5116188526153564,23
0.3405474190970722,174.50559117720837,116.20090000332632,2.81670443001261,2.723945728191303,0.4221169948577881,0.9572241306304932,1.2994496822357178,1.4730756282806396,1.5872128009796145,1.6773126125335691,1.7515308856964111,1.8144419193267824,20
0.3227496814234292,165.61931086839206,1.3126250393650134,2.3272125034637376,2.053335871183874,0.4184963703155517,0.959068775177002,1.2699542045593262,1.4287283420562744,1.537170648574829,1.6254541873931885,1.7024507522583008,1.7680001258850098,18
0.957414148191304,127.26768633025696,1.7306357261616527,2.614313548284586,2.186023656764855,0.2085518836975097,0.3809401988983154,0.5471475124359131,0.7014083862304688,0.8430995941162109,0.9739840030670166,1.0947778224945068,1.20556640625,15
0.8049500189446321,19.97128156454968,3.463946048203588,2.2203360795074345,2.8453190842610634,0.7391409873962402,2.041642189025879,2.874072551727295,3.3032517433166504,3.557950973510742,3.741729736328125,3.8890299797058105,4.012498378753662,22
0.9682758588869138,16.38448079486537,23.19563942670919,2.3895842250941803,2.2152630455140603,0.5884222984313965,1.438141107559204,1.988925218582153,2.3272716999053955,2.56169056892395,2.7448441982269287,2.8967645168304443,3.02670693397522,19
0.5172016203465277,86.23770823648321,1.7353885910022244,2.0623882800323847,2.5733585268249657,0.5341470241546631,1.362952709197998,1.868818044662476,2.128250360488892,2.2944371700286865,2.4312937259674072,2.5391604900360107,2.635944604873657,18
0.7326222408689791,49.76822463270842,11.959619345635154,2.474473993588564,2.9890294787756018,0.5797486305236816,1.4847135543823242,2.0936288833618164,2.4499588012695312,2.6912288665771484,2.878425121307373,3.03318452835083,3.1656746864318848,18
0.9546380079405724,16.366150325769656,197.22024628394325,2.7362209207657724,2.861807103306868,0.5348660945892334,1.3503119945526123,1.910423994064331,2.210002183914185,2.382293462753296,2.496131658554077,2.580913782119751,2.648255109786988,20
0.6958182168793405,126.21573426840544,37.76820623683543,2.74975549614016,2.628921400752948,0.3358874320983886,0.6719682216644287,0.944288730621338,1.1694965362548828,1.3565459251403809,1.5164899826049805,1.653517723083496,1.7740283012390137,9
0.3319875234069357,21.750564795664143,3.839920204026481,2.6563714369362628,2.055590691693157,0.997481107711792,2.975654125213623,4.582418441772461,5.383642673492432,5.626500606536865,5.753147602081299,5.832702159881592,5.876448154449463,6
0.3632836732753614,52.16248077489571,57.38898793576397,2.5996743373362574,2.532756120245451,0.7595093250274658,2.1956217288970947,3.218153715133667,3.646806478500366,3.794370889663696,3.856943845748901,3.900107145309448,3.9381606578826895,23
0.6616049746278383,118.0992625182424,0.8269501056290945,2.679684544469967,2.0202263955262083,0.301011323928833,0.5988819599151611,0.8399221897125244,1.0374205112457275,1.2017431259155271,1.3411226272583008,1.4619426727294922,1.56779146194458,8
0.4383063944559761,20.37481140814652,55.66596556630092,2.3442200403003075,2.4894443226413494,0.8773708343505859,2.611043930053711,3.95074462890625,4.5346293449401855,4.698963165283203,4.764382839202881,4.794529438018799,4.816613674163818,23
0.8978792102958528,168.7464976260419,85.10268334072306,2.401319408807141,2.790517145332692,0.1910178661346435,0.3293104171752929,0.4643712043762207,0.592968225479126,0.7126445770263672,0.8242397308349609,0.9289076328277588,1.0262649059295654,16
0.987661867393042,27.920399760764,5.602832010966094,2.022858734443601,2.3800762411892147,0.4710845947265625,1.0721895694732666,1.500532627105713,1.8043124675750728,2.037439346313477,2.226041793823242,2.3834190368652344,2.517866611480713,18
0.3614000026565735,53.78280959955524,7.197376986337755,2.4633730750534726,2.246468541567709,0.7889337539672852,2.24267053604126,3.2227087020874023,3.63779354095459,3.80191421508789,3.891634464263916,3.9585795402526855,4.013260364532471,22
0.8214085426368869,13.819730819961883,2.4311915308383534,2.73186381552372,2.113616322797899,0.7464895248413086,1.9319450855255127,2.6794769763946533,3.10172438621521,3.373826742172241,3.572715997695923,3.731587648391724,3.8646533489227295,22
0.9574823609156784,56.683784775425465,3.05645969673637,2.1209606804191243,2.314722449787308,0.3382081985473633,0.6960999965667725,0.9941675662994384,1.2405033111572266,1.4444124698638916,1.617607355117798,1.7666740417480469,1.8976151943206787,8
0.3778467821020033,193.2258480293377,5.7595726595669,2.789607175306042,2.529409185998782,0.4166500568389892,0.9343125820159912,1.2785348892211914,1.4873275756835938,1.639604091644287,1.7598371505737305,1.8628597259521484,1.9512248039245603,18
0.3753248123673099,12.729335812219652,11.093181646724348,2.7659655438895534,2.153102387402918,1.0512516498565674,3.197023868560791,5.063398361206055,6.105365753173828,6.423640251159668,6.549269676208496,6.6372175216674805,6.689338684082031,6
0.9590182026021272,32.93557087681197,1.9008244114860628,2.0639058949344062,2.795290066327971,0.4896943569183349,1.1458113193511963,1.6123647689819336,1.9423067569732664,2.191535234451294,2.3936541080474854,2.5624167919158936,2.706653356552124,18
0.9261549969383503,36.333145158189055,0.9737271102378252,2.0144438905128594,2.251170865508211,0.4368958473205566,0.9724063873291016,1.3604938983917236,1.6432061195373535,1.86091423034668,2.039186954498291,2.1889138221740723,2.317699432373047,18
0.5914998779644911,114.71786367147658,0.891596775010695,2.288704914439217,2.8039926234282104,0.4256749153137207,0.96354079246521,1.345780611038208,1.6098883152008057,1.8095428943634035,1.9734537601470947,2.10815167427063,2.224483251571656,18
0.9775679337044904,90.00646744079842,44.87633636453931,2.6111741728119435,2.920996350850716,0.2998106479644775,0.5779788494110107,0.8312134742736816,1.0564489364624023,1.254929780960083,1.431337594985962,1.5878031253814695,1.7269527912139893,9
0.3112749712978181,11.685425902056092,0.9927290455363028,2.717565855685554,2.2675703047529754,1.1376891136169434,3.5974605083465576,6.035858154296875,7.670577049255371,8.329459190368652,8.40533447265625,8.425969123840332,8.455527305603027,13
0.7339975122189087,9.97886136454052,7.150657247687177,2.197403970434772,2.123075057150736,0.870551347732544,2.3885202407836914,3.35467529296875,3.823009014129639,4.079963684082031,4.24713659286499,4.374282836914063,4.46431827545166,22
0.5353638044662063,203.19089979220547,72.35392354786394,2.8467339768000417,2.0688183336586725,0.2157001495361328,0.3609766960144043,0.4904615879058838,0.6039242744445801,0.7045836448669434,0.7954006195068359,0.8773272037506104,0.9514858722686768,16
0.8519151234900235,82.04309043681803,11.004786792139106,2.8333533412940883,2.7872014256537416,0.3871705532073974,0.8142609596252441,1.1610238552093506,1.4427640438079834,1.6724154949188232,1.86501145362854,2.02948260307312,2.1720616817474365,9
0.9606183913714448,13.403239078661564,2.0147826893886367,2.6649098176258543,2.6685789372768824,0.7334613800048828,1.9297938346862795,2.7089061737060547,3.1604342460632324,3.4554638862609863,3.681376457214356,3.8642807006835938,4.017833709716797,22
0.814905775302893,40.8143331682029,56.82462934716676,2.221159900064744,2.5633414047925025,0.4853932857513428,1.1544315814971924,1.6082630157470703,1.898677349090576,2.108553886413574,2.2737107276916504,2.407930374145508,2.5245566368103027,19
0.8344114485652481,6.528973233875092,10.91154162708224,2.1336985714481984,2.0563485535773074,0.8652338981628418,2.3360068798065186,3.2574002742767334,3.719006776809693,3.9843056201934814,4.16063404083252,4.295373916625977,4.392574310302734,22
0.5791417505364456,182.6395782955534,0.6769429579491675,2.172585338811607,2.646904225692745,0.2848489284515381,0.5443124771118164,0.7612240314483643,0.9452447891235352,1.103149175643921,1.2396211624145508,1.3600094318389893,1.4666264057159424,8
0.6802052698075596,36.577990179701615,13.83516686824088,2.1532881045056818,2.163413787077388,0.5849103927612305,1.465845823287964,1.9919955730438232,2.272266626358032,2.457804918289185,2.6030962467193604,2.7178618907928467,2.820666074752808,18
0.6276900874696865,51.602753114387184,113.4783766491542,2.5231559927518905,2.460032034267466,0.5010643005371094,1.237582445144653,1.7088007926940918,1.9498581886291504,2.0985121726989746,2.20933198928833,2.3026914596557617,2.3816542625427246,20
0.684854577987592,128.00132187291965,0.6166211581332234,2.201554173911251,2.9306093018205006,0.3412318229675293,0.7022521495819092,0.9935832023620604,1.231985330581665,1.4295127391815186,1.5966482162475586,1.7411093711853027,1.86731481552124,8
0.8759364306354807,8.433705727617433,101.20847733237136,2.2267676990638967,2.147292111334958,0.6596965789794922,1.7458488941192627,2.4001193046569824,2.697128772735596,2.836044311523437,2.922860145568848,2.9853172302246094,3.035511016845703,23
0.6319538647507005,8.08626050828033,0.6304596999942538,2.147457883887992,2.3224988127220345,1.0139820575714111,2.988334894180298,4.449966430664063,5.145110130310059,5.448768615722656,5.630229949951172,5.7588958740234375,5.846988677978516,5
0.6843691531395157,12.235521401240405,0.6790024872537738,2.659268559622132,2.403323486685806,0.9375042915344238,2.6538963317871094,3.83635139465332,4.417657375335693,4.74592399597168,4.961703300476074,5.1236348152160645,5.24767017364502,5
0.3697732889313364,128.4771637314049,123.65846999882774,2.4562092292314794,2.6475690365905926,0.4562153816223144,1.10732102394104,1.5126850605010986,1.6879758834838867,1.7867236137390137,1.8672733306884768,1.9347453117370603,1.992508888244629,20
0.5541837474252898,48.52933448912763,16.75958983048422,2.7053085837905835,2.2318920771038377,0.6349596977233887,1.669600248336792,2.3080737590789795,2.626133680343628,2.8137757778167725,2.949117422103882,3.0595643520355225,3.155836343765259,19
0.7776055391068959,11.467985701111752,12.814724784869096,2.2475926444211685,2.1284622931189503,0.8017864227294922,2.1491239070892334,2.9854676723480225,3.4072482585906982,3.6495749950408936,3.810995817184448,3.942016363143921,4.040619850158691,22
0.925165739869196,8.708115783569992,1.6148460559671298,2.308516375611924,2.208909925335877,0.7864596843719482,2.051907539367676,2.836937427520752,3.271221160888672,3.5473885536193848,3.750166416168213,3.906358242034912,4.037904739379883,22
0.6648566509631575,197.5566722072613,131.2994677865665,2.0433634478058385,2.1370821289961373,0.1432104110717773,0.2294390201568603,0.313291072845459,0.3902425765991211,0.4613733291625976,0.5276956558227539,0.5896711349487305,0.6473722457885742,2
0.4650682266524085,217.5735422938121,2.323959578912308,2.9069283215302524,2.777538605903933,0.3568756580352783,0.7176680564880371,0.9879038333892822,1.1993727684020996,1.3700990676879885,1.5137405395507812,1.6373510360717771,1.746102809906006,8
0.4991288917998395,204.17504694994503,51.1677951053931,2.704114405502051,2.608627325326621,0.3004751205444336,0.5639445781707764,0.7681319713592529,0.9380743503570556,1.0805797576904297,1.2034049034118652,1.3102638721466064,1.4052417278289795,9
0.9421625525810418,12.036788460867848,1.3841400650286702,2.463808050983673,2.692714701561372,0.7680587768554688,2.0664100646972656,2.901017189025879,3.3636679649353027,3.657313346862793,3.876248359680176,4.051340579986572,4.197469711303711,22
0.3998908375080459,131.02504761866498,2.8890839054865176,2.325718165938363,2.87796824635764,0.55155348777771,1.467317819595337,2.059813499450684,2.331082344055176,2.481739997863769,2.602824687957764,2.7010421752929688,2.7844114303588867,18
0.4170329907523702,54.17052550891062,7.021106469967251,2.1978836581152383,2.4834341049480693,0.7534506320953369,2.1463189125061035,3.062173366546631,3.435333728790283,3.592681884765625,3.682806968688965,3.750225067138672,3.8104753494262695,22
0.4518459076557566,115.81635223920242,0.8619428616212252,2.348954947421814,2.524393824488365,0.509660005569458,1.2704582214355469,1.748247146606445,1.9951348304748533,2.1567063331604004,2.285646438598633,2.3933181762695312,2.4819774627685547,18
0.9520772720841124,7.964206833228979,7.6017029120582205,2.374758967293284,2.203071890535794,0.7797806262969971,2.0311858654022217,2.81402325630188,3.2523868083953857,3.533151865005493,3.7363369464874254,3.8976666927337646,4.024267196655273,22
0.6348123450597785,13.0470982125858,0.680841629647338,2.481899878004468,2.7816102634492488,0.994570255279541,2.962820053100586,4.456531047821045,5.189204692840576,5.516735553741455,5.710451602935791,5.858530521392822,5.959853649139404,5
0.924250874255718,58.31882118667582,10.555174448706603,2.090720892602183,2.465778222483432,0.3513357639312744,0.7313234806060791,1.0425004959106443,1.2964465618133545,1.5050842761993408,1.6811273097991943,1.832205057144165,1.964348077774048,9
0.4594531990339875,6.668308545355155,2.7690559515908624,2.2352494916203507,2.229713201241459,1.1007540225982666,3.443009376525879,5.5918145179748535,6.88982629776001,7.347293376922607,7.46387243270874,7.527841091156006,7.576470851898193,6
0.8389727624033976,125.6189932717453,14.055626095464715,2.0186204832800745,2.359797776348031,0.2187235355377197,0.4057450294494629,0.5796842575073242,0.7368099689483643,0.8783962726593018,1.0072264671325684,1.1231868267059326,1.2292180061340332,15
0.7334368311436698,106.2881323429024,10.719957631238325,2.1054388138612232,2.9876029242711923,0.3476371765136719,0.7284367084503174,1.03621244430542,1.286583662033081,1.493086576461792,1.6682722568511963,1.818239450454712,1.9491727352142327,9
0.6432340312498079,80.54142070681107,4.763736765543439,2.955863844876818,2.8724266334395776,0.5328466892242432,1.3042902946472168,1.846289157867432,2.1805005073547363,2.412347316741944,2.5947790145874023,2.745297431945801,2.8762192726135254,18
0.5775927950845765,11.113962353378096,193.29496578213391,2.396461953862888,2.7465785652130097,0.7054750919342041,2.067307710647583,3.075472593307495,3.4597513675689697,3.5041606426239014,3.5041372776031494,3.50445294380188,3.504457712173462,23
0.8502840158738181,33.553821590275895,108.24754062867882,2.541960494270043,2.3885065249194577,0.463942289352417,1.0837006568908691,1.5095152854919434,1.7772016525268557,1.964831829071045,2.109917163848877,2.2265172004699707,2.3277273178100586,20
0.8629474852560766,24.73397716790364,0.9371262742875948,2.110639492194472,2.77040128714102,0.6269845962524414,1.627652883529663,2.260521173477173,2.6273739337921143,2.873910665512085,3.0660250186920166,3.222632646560669,3.3586843013763428,18
0.9726748673392064,51.08249427853811,74.25722068926339,2.7712117601539963,2.6558939171367646,0.3829078674316406,0.8131318092346191,1.1587610244750977,1.4334769248962402,1.6550836563110352,1.8384103775024407,1.9940605163574217,2.12776517868042,10
0.4001359236361908,82.10682707384827,16.415570066077102,2.513193074041092,2.381279442736642,0.6385452747344971,1.7378578186035156,2.425220489501953,2.716740131378174,2.861452579498291,2.962679386138916,3.042698860168457,3.1114730834960938,22
0.9666940046600794,12.26198997378525,23.761296307378224,2.224006674468279,2.1889811993829533,0.6445319652557373,1.6178045272827148,2.2225546836853027,2.570743560791016,2.8062448501586914,2.98354434967041,3.128340244293213,3.2523012161254883,19
0.5093399881953955,78.79321570456823,0.802335637428868,2.910775188595759,2.944298580534951,0.6623296737670898,1.8178277015686035,2.611611843109131,3.005244255065918,3.221343517303467,3.373950958251953,3.4996414184570312,3.607351779937744,22
0.3964374469206468,89.04390579717463,0.7096148570880108,2.794601801702381,2.5880727439808826,0.6747140884399414,1.8705377578735352,2.661855697631836,3.018298625946045,3.1839256286621094,3.302140235900879,3.394721031188965,3.472970485687256,22
0.5904811992109426,7.319926549230923,6.931101271194915,2.393387024752996,2.8114092410815577,1.1038639545440674,3.4361374378204346,5.488725662231445,6.624122619628906,7.060813903808594,7.237770080566406,7.356877326965332,7.447944641113281,6
0.5488485258462996,33.941254923080066,0.9046702914042112,2.220540557907199,2.239746453728078,0.7434818744659424,2.0254483222961426,2.8110928535461426,3.1749138832092285,3.3620924949646,3.488755226135254,3.5839762687683105,3.67377519607544,22
0.7561109042466658,22.220961923527536,14.907251958967551,2.950713685862521,2.114687529800648,0.6646766662597656,1.70684814453125,2.3674206733703613,2.739832878112793,2.981932640075684,3.161102294921875,3.302494525909424,3.425809860229492,19
0.9742831430537192,14.31080117505518,0.9001920886732381,2.6420564402151934,2.2891707458738924,0.6577818393707275,1.6440801620483398,2.287085056304932,2.6776046752929688,2.9489059448242188,3.158511161804199,3.3300790786743164,3.476978302001953,18
0.8888919404309146,83.71310533702056,35.132478639737535,2.9178303631792994,2.576109560141389,0.3378186225891113,0.683434009552002,0.9748013019561768,1.2214813232421875,1.4290642738342283,1.606706619262695,1.7599029541015625,1.894507884979248,9
0.7224276634553577,9.46827279393847,10.257024958794943,2.205542986844417,2.003670680890817,0.8597416877746582,2.333721160888672,3.261272430419922,3.709359169006348,3.960082054138184,4.128924369812012,4.242825508117676,4.3377790451049805,22
0.8112088882091062,89.40490241477787,76.802749142433,2.333916713580395,2.473136789201176,0.2995822429656982,0.5876445770263672,0.8282253742218018,1.0295705795288086,1.1988890171051023,1.344278335571289,1.4697415828704834,1.5793499946594238,10
0.6990894242210774,10.28607465691138,11.28337972007008,2.5274483906178262,2.7203253861608028,0.97310209274292,2.859871387481689,4.260457992553711,4.940794467926025,5.26805591583252,5.465131759643555,5.610726356506348,5.712888717651367,6
0.8138481455394431,29.22475384930185,9.336209509356332,2.6386092676953954,2.837762529735106,0.6613802909851074,1.7403216361999512,2.454218864440918,2.8571743965148926,3.118204593658448,3.317885398864746,3.480386257171631,3.621625423431397,22
0.6938379292943357,72.55790590771768,5.051038464232293,2.8238635179983334,2.0886537804611782,0.4137740135192871,0.9239749908447266,1.2936537265777588,1.5517699718475342,1.7479350566864014,1.905616044998169,2.037060022354126,2.1539762020111084,18
0.9096496338939272,26.5134873365824,37.28666819406359,2.3168110968339093,2.1611502813847063,0.4922688007354736,1.1502554416656494,1.5948736667633057,1.8829574584960933,2.092221736907959,2.257974147796631,2.3934764862060547,2.510613441467285,19
0.9570715288554732,141.7518454721206,27.07773977187998,2.5167097535642458,2.5027413037235657,0.2081103324890136,0.3727850914001465,0.5324642658233643,0.6822066307067871,0.8207669258117676,0.9495453834533693,1.0685467720031738,1.1792123317718506,15
0.8127806820399668,184.17884840930697,7.930421089295028,2.4490993775378005,2.2837534871303387,0.1870355606079101,0.326228380203247,0.4617931842803955,0.5880715847015381,0.7051639556884766,0.8142313957214355,0.9156513214111328,1.0096242427825928,15
0.3574685083263937,53.89080825203602,4.778837204643194,2.0693637983004747,2.913177574408451,0.8406314849853516,2.5665457248687744,3.9000957012176514,4.498157501220703,4.658347129821777,4.721714019775391,4.77203369140625,4.814919471740723,22
0.8325255386088235,34.831213010171446,12.598409384640853,2.9976073299082606,2.272015329120729,0.5382077693939209,1.3014459609985352,1.829941272735596,2.1655869483947754,2.4051294326782227,2.593597412109375,2.749784469604492,2.883629322052002,18
0.9236663360394683,59.085889537115015,93.674873576928,2.828386321323473,2.785695866912667,0.3812894821166992,0.8051807880401611,1.1436290740966797,1.4129407405853271,1.6294786930084229,1.8092734813690183,1.960425615310669,2.0914762020111084,10
0.3069607504479838,49.53351305871953,18.472420397662308,2.1783845442196883,2.927930410443344,0.8874878883361816,2.752202272415161,4.297650337219238,5.049909591674805,5.231231689453125,5.278685569763184,5.305498123168945,5.326745986938477,6
0.8957887250264005,29.904906726480608,3.3571578492162324,2.487023929556732,2.866432600550061,0.5929226875305176,1.485936164855957,2.0898542404174805,2.4669642448425293,2.732495307922364,2.940953731536865,3.1139302253723145,3.2615222930908203,18
0.3092120667412347,19.68557595892441,1.3504211977253875,2.756344560780273,2.4955867687875166,1.101733922958374,3.4304213523864746,5.604621887207031,6.939589500427246,7.373363494873047,7.45412540435791,7.507006645202637,7.545783996582031,5
0.8969977096907962,11.462270171494632,3.574835613905569,2.435187770331835,2.3032435186568296,0.7557938098907471,1.973982810974121,2.736009120941162,3.157417297363281,3.431753158569336,3.630246639251709,3.786946296691896,3.9202375411987305,22
0.4441379304332801,12.861031364599317,183.9080668743011,2.801746830225985,2.741196306623654,0.7614455223083496,2.2600297927856445,3.445530891418457,3.961456775665283,4.063416004180908,4.065296649932861,4.065134048461914,4.065020561218262,23
0.7007597512151762,24.88892695378645,89.9208129346452,2.9252629560963563,2.994443109265137,0.7185266017913818,2.0284218788146973,2.94511079788208,3.39810562133789,3.622019767761232,3.754848957061768,3.857702255249024,3.941507339477539,23
0.6772631932947506,86.82098503040999,11.396143348803063,2.2893713674569027,2.422607063502579,0.4004008769989013,0.8746399879455566,1.2193691730499268,1.4692044258117676,1.6613924503326416,1.8175561428070068,1.951453447341919,2.0646016597747803,9
0.666497134562418,6.402358746827138,15.894597068886512,2.7514966114987804,2.719561996806246,1.0769102573394775,3.255542755126953,5.032062530517578,5.963690757751465,6.358014106750488,6.599188804626465,6.7803449630737305,6.901889801025391,6
0.676845699035785,201.57923816534827,4.177939363220688,2.714457524645007,2.267409232495967,0.2171301841735839,0.3798463344573974,0.5338044166564941,0.672187328338623,0.7980127334594727,0.9128706455230712,1.0178020000457764,1.1138155460357666,15
0.9937259980777032,6.228503131177297,14.704517405643111,2.7249118028698005,2.18785842440246,0.8035995960235596,2.1048829555511475,2.93721079826355,3.413094282150269,3.7301371097564697,3.9581105709075928,4.134416580200195,4.274397850036621,22
0.7663672643295559,13.904101716995887,39.617014787817645,2.466104243972985,2.212269940409988,0.7434835433959961,1.995749473571777,2.779478073120117,3.169431209564209,3.386707305908203,3.5399203300476074,3.6427369117736816,3.737658977508545,23
0.9854051676506556,93.0800626024513,2.0284777754836703,2.759974470321532,2.591982765393298,0.2907094955444336,0.562535285949707,0.8107972145080566,1.0321571826934814,1.2277984619140625,1.401658535003662,1.556058406829834,1.6940321922302246,8
0.7758828147577275,25.6422352505192,5.30033439865724,2.169970641830326,2.9919677318638245,0.6984357833862305,1.929347276687622,2.7165186405181885,3.122287511825561,3.366843938827514,3.5431315898895264,3.690119028091431,3.81332278251648,22
0.5117136510940037,22.5027643346959,71.8575232455531,2.9737698877925096,2.01507201746011,0.7263815402984619,1.995739459991455,2.8096089363098145,3.178194999694824,3.352700710296631,3.4427547454833984,3.506442070007324,3.555863857269287,23
0.8668149722888825,174.6335216525989,95.93078875033376,2.196292900892021,2.437968834269544,0.162632942199707,0.2765786647796631,0.3873186111450195,0.49208664894104,0.5899026393890381,0.6821346282958984,0.7688217163085938,0.8495891094207764,16
0.6566525184363247,141.13157826176,13.302745663254196,2.1702762790245984,2.4690422834317576,0.2872297763824463,0.5549783706665039,0.7793676853179932,0.9691481590270996,1.130424976348877,1.2699894905090332,1.3920848369598389,1.4996898174285889,9
0.8960739043753476,10.933232080558842,2.626952214838244,2.4037574741622376,2.8642584715820014,0.8315014839172363,2.3216712474823,3.307591199874878,3.82158637046814,4.127460479736328,4.342334747314453,4.511244773864746,4.648932456970215,22
0.8974388634198878,123.47722608173912,32.78241366848259,2.1443783130678007,2.5113807119232257,0.2205357551574707,0.4054758548736572,0.5806429386138916,0.7405033111572266,0.8860142230987549,1.019094467163086,1.139726638793945,1.2506215572357178,15
0.5279558366075483,124.31909948540206,0.7937653652442772,2.2199331850949178,2.511218027322334,0.4186694622039795,0.9433062076568604,1.3010060787200928,1.540071725845337,1.7169504165649414,1.860978603363037,1.9822406768798828,2.0852251052856445,18
0.7771964928560835,102.81607623808608,34.71192441783743,2.829429383470136,2.6100664378035225,0.3411204814910888,0.6906208992004395,0.9765677452087402,1.2136976718902588,1.410651922225952,1.5784189701080322,1.7225382328033447,1.848604917526245,9
0.5163708849958839,129.88487051286918,4.005218516081001,2.747187333387581,2.668033688883804,0.4542834758758545,1.0508217811584473,1.4653728008270264,1.7298862934112549,1.9229614734649656,2.075226068496704,2.2042758464813232,2.313293695449829,18
0.7288832416310189,53.27689757965425,138.2527041847449,2.419480516004972,2.5759071058294616,0.4280216693878174,0.977163314819336,1.354882001876831,1.59173321723938,1.7612383365631104,1.89108681678772,1.995671987533569,2.0858943462371826,20
0.555144888879205,19.73558226598269,1.961366785256632,2.998689730079092,2.0772593604615635,0.8737177848815918,2.419900417327881,3.4502086639404297,3.9648962020874015,4.264786243438721,4.467402935028076,4.612981796264648,4.719170093536377,22
0.6745927280766395,7.129780908236712,5.280212112506916,2.418648317999423,2.216707278437525,0.9971344470977784,2.86642861366272,4.194918632507324,4.838471412658691,5.16729736328125,5.390649795532227,5.539888381958008,5.657973289489746,6
0.4266764862227672,125.0214765538373,62.22513937593871,2.076248895105876,2.954984481423804,0.4742250442504883,1.2074925899505615,1.679304838180542,1.907752990722656,2.0513031482696533,2.1611545085906982,2.251250982284546,2.3289310932159424,19
0.7048178820000238,6.499021686885682,2.8107159645062176,2.4175861115026707,2.215159712710142,1.0007131099700928,2.8643276691436768,4.174259185791016,4.8148956298828125,5.1527910232543945,5.391772270202637,5.561668395996094,5.6793622970581055,6
0.607221054691691,23.139130232598543,92.14718982617175,2.3372402830841645,2.516655023629207,0.7065587043762207,1.991349697113037,2.8348135948181152,3.1843395233154297,3.326003074645996,3.4001293182373047,3.454209804534912,3.499037265777588,23
0.3323804402404448,132.05382747025428,6.103229476306492,2.627743611406677,2.642500961412536,0.599785566329956,1.6294593811035156,2.3015570640563965,2.578127384185791,2.710176944732666,2.801952362060547,2.8818325996398926,2.955418109893799,22
0.9741096183716668,7.3322826188098995,5.95677870499235,2.5620337037019416,2.2093028866369395,0.7913718223571777,2.0596535205841064,2.8616788387298584,3.3199174404144287,3.6194894313812256,3.8413450717926025,4.012081146240234,4.15816593170166,22
0.6736868138597809,11.616759736647618,16.23669104350754,2.352469374211135,2.24068389143465,0.8801751136779785,2.4655203819274902,3.510946750640869,4.006556510925293,4.262620449066162,4.426455974578857,4.535682678222656,4.616336345672607,22
0.3625603252792142,15.467653300171968,32.172519415902194,2.241285272155923,2.616851702112452,1.011794090270996,3.164480209350586,5.113139629364014,6.2360005378723145,6.528415203094482,6.55654764175415,6.573331356048584,6.583282947540283,7
0.4358695388556014,17.640723356869813,263.8216273449615,2.982478969854378,2.599267150578469,0.6129522323608398,1.7182002067565918,2.498239517211914,2.7233104705810547,2.727177619934082,2.727191925048828,2.7275776863098145,2.727548122406006,1
0.771312803947682,26.28097602434811,1.6218898893877516,2.698117899436117,2.829383044170212,0.732487678527832,1.994091749191284,2.827289342880249,3.2739579677581787,3.5446369647979736,3.74385666847229,3.9073426723480233,4.043916702270508,22
0.6473253721278338,219.91407562223668,2.153470802947646,2.431766999060226,2.483000337471612,0.2152459621429443,0.3747282028198242,0.5255019664764404,0.661954402923584,0.785916805267334,0.8998098373413086,1.003849983215332,1.1000182628631592,15
0.324673397320137,61.90692248607344,8.904812250858244,2.135476446945755,2.0608288825002927,0.7303223609924316,2.027979612350464,2.8400638103485107,3.14766812324524,3.2643139362335205,3.327641248703003,3.3781206607818604,3.421396493911743,22
0.7706181267372794,10.472975139085465,7.138075124629315,2.8141982590412526,2.386256141032092,0.9004859924316406,2.4984052181243896,3.5707895755767822,4.134889602661133,4.463377952575684,4.694644927978516,4.868254661560059,4.997759819030762,22
0.4692572201693616,129.91751390751008,17.337541047862977,2.849663586999352,2.093968030982977,0.3926053047180176,0.8634521961212158,1.1832616329193115,1.391242265701294,1.5433824062347412,1.6681435108184814,1.7704923152923584,1.8615248203277588,9
0.9577184892357598,17.54272972467015,29.46929591737399,2.363057542952437,2.7223016949365406,0.6330418586730957,1.6285583972930908,2.2741522789001465,2.654093742370605,2.911567211151123,3.107529163360596,3.267732620239258,3.402803421020508,19
0.4578498395697709,15.800877505330428,22.89492211626067,2.092050483045252,2.8848140973534004,0.9970853328704834,3.132581949234009,5.00966739654541,6.019603729248047,6.309732437133789,6.375345230102539,6.412856101989746,6.438349723815918,7
0.5855669233709533,195.4322541290942,0.5737063333782204,2.4628170858738363,2.27535832002204,0.2483546733856201,0.4491312503814697,0.6258764266967773,0.7790982723236084,0.913874626159668,1.0328037738800049,1.1396353244781494,1.2350966930389404,8
0.6205803727626352,128.81314406824072,31.47537100913681,2.490561353999861,2.327320487081823,0.322826623916626,0.6449861526489258,0.8969874382019043,1.098653793334961,1.2650389671325684,1.404632568359375,1.5250377655029297,1.6308331489562988,9
0.715793224414921,21.40374431101425,5.367721782903229,2.691034240221532,2.1445855253240635,0.7272658348083496,1.911224126815796,2.6516215801239014,3.047824621200561,3.294213056564331,3.4664571285247803,3.610732316970825,3.721857309341431,22
0.6337220673227121,121.89078043860836,108.68274239968656,2.451718498320454,2.822730624339886,0.3405904769897461,0.6910836696624756,0.9576992988586426,1.1670613288879397,1.336439609527588,1.477614164352417,1.5980300903320312,1.7022919654846191,10
0.6474368686665262,35.909689499937585,10.508095160242766,2.2092115946518964,2.602700407605714,0.6809568405151367,1.8475074768066408,2.5714879035949707,2.9187331199646,3.12233304977417,3.268885612487793,3.3858776092529297,3.4879817962646484,22
0.8608203028960606,43.59183414325714,1.7105829399213683,2.029985632904584,2.782180618360132,0.4782617092132568,1.1228673458099363,1.5752356052398682,1.8903687000274656,2.128383159637451,2.319729804992676,2.479356288909912,2.6158413887023926,18
0.5661932511074519,99.51491547576082,14.305845322585403,2.688806216038175,2.965827897919611,0.5218832492828369,1.29455828666687,1.827756643295288,2.139394521713257,2.3499906063079834,2.5162346363067627,2.652156114578247,2.768898725509644,19
0.8835121558088697,38.24093100739584,1.5439180535358497,2.8910115616318395,2.4627875428651365,0.5192379951477051,1.228217601776123,1.7363996505737305,2.078040599822998,2.3288674354553223,2.5304198265075684,2.697988986968994,2.8417134284973145,18
0.3674070975609446,8.640619872219885,48.71648847312075,2.883711090044042,2.723068141890102,1.0810694694519043,3.4034910202026367,5.6820149421691895,7.210617542266846,7.742031574249268,7.767628192901611,7.776068210601807,7.781875133514404,7
0.9591703095116072,209.74326087587505,1.4183751551353527,2.5351185875585696,2.1596221442106747,0.1413543224334716,0.2448394298553466,0.3428637981414795,0.4383187294006347,0.5312767028808594,0.6205387115478516,0.7058274745941162,0.7863137722015381,15
0.7518301961676442,169.03164552051297,128.64077789946305,2.491175131717474,2.8678527519240387,0.2222108840942382,0.380690336227417,0.5310318470001221,0.6679584980010986,0.7917673587799072,0.905437707901001,1.009761095046997,1.1048715114593506,17
0.3073718642456294,134.8112476516812,148.5503680252918,2.3715169784804275,2.951320141103648,0.4965057373046875,1.2971854209899902,1.8242151737213133,2.0126993656158447,2.0805346965789795,2.1334078311920166,2.1785929203033447,2.217890977859497,0
0.6634425322645054,122.82465705813814,2.001290336605108,2.54090121921995,2.805724730361632,0.378143310546875,0.7964389324188232,1.1212265491485596,1.3763759136199951,1.5822486877441406,1.7538456916809082,1.899374008178711,2.026662826538086,8
0.4697956078509209,13.4390390342216,94.83104541729654,2.7549348102023425,2.022444480819804,0.772829532623291,2.190406322479248,3.165278434753418,3.5514283180236816,3.687920570373535,3.7388100624084473,3.757358074188232,3.770787715911865,23
0.5818082803088536,42.59587497019464,60.54277799266346,2.949725498364018,2.760809968130059,0.6904182434082031,1.917941093444824,2.7539844512939453,3.1555752754211426,3.3585991859436035,3.4935264587402344,3.596553325653076,3.68201208114624,23
0.3387087673158753,184.29377676576385,48.26244119170354,2.883088407268013,2.562554500663593,0.4435811042785644,1.035930871963501,1.4187660217285156,1.615157127380371,1.7442278861999512,1.847894191741944,1.933775424957276,2.006612777709961,19
0.888383024645758,19.65039139440072,133.65583486255437,2.472540043868144,2.09408462980788,0.4712316989898681,1.115730047225952,1.5285015106201172,1.7601380348205566,1.9080305099487305,2.0175375938415527,2.103982448577881,2.1733312606811523,20
0.7327922111168148,48.21193977762437,7.344625542424819,2.460926562984721,2.2648678723838165,0.5130069255828857,1.2277967929840088,1.700416088104248,1.993253231048584,2.202358722686768,2.366678237915039,2.502987861633301,2.623378276824951,18
0.6967235762920034,14.45441725421883,32.24012924603008,2.3559978836936013,2.4155511328174386,0.8187582492828369,2.298280715942383,3.271561622619629,3.727408409118652,3.951918125152588,4.096189498901367,4.193384647369385,4.268249034881592,23
0.9066348482052492,9.88582063375595,11.51884870545617,2.676600472144296,2.1060816692379127,0.7455487251281738,1.9188027381896973,2.656367778778076,3.081954002380371,3.3604378700256348,3.56228256225586,3.71993350982666,3.851198673248291,22
0.7659537519706967,15.499352790991017,6.917097274438793,2.075098901697176,2.88229859654772,0.8169748783111572,2.3573501110076904,3.3878014087677,3.8739421367645264,4.120623588562012,4.289608955383301,4.4134931564331055,4.523744583129883,22
0.9520265763024578,26.14686052594372,3.029070652951903,2.649083351165464,2.906965204442718,0.604989767074585,1.5126261711120603,2.1379785537719727,2.5345582962036133,2.8173270225524902,3.039371967315674,3.222990036010742,3.381680488586426,18
0.9920528330342456,22.353809509941883,23.96340444906585,2.7604904435294984,2.929977349055059,0.6059658527374268,1.515756607055664,2.14927625656128,2.550107955932617,2.834057807922364,3.055330276489258,3.238643169403076,3.395702838897705,19
0.4538585487896895,45.06843636419648,23.91226376762097,2.14090872753216,2.8416454982358106,0.7794921398162842,2.313210248947144,3.4036433696746826,3.8674376010894775,4.032566070556641,4.112656593322754,4.174819946289063,4.233362197875977,23
0.7630498380013604,194.4469556637265,1.3737887156327762,2.8508941696368746,2.707499002539629,0.2423551082611084,0.4289364814758301,0.6076722145080566,0.7718656063079834,0.9211676120758056,1.0589735507965088,1.1849238872528076,1.3012416362762451,15
0.5154008372093537,53.4370959618603,28.85105225079053,2.821666424357347,2.0186836413616014,0.587489128112793,1.512955904006958,2.0716140270233154,2.3481476306915283,2.515228033065796,2.636904001235962,2.73768162727356,2.825247049331665,19
0.3711724645182883,39.238281005841344,13.726992010622268,2.71191431874942,2.274423545121485,0.8587324619293213,2.480515241622925,3.6384236812591553,4.145663261413574,4.352175712585449,4.475065231323242,4.544734001159668,4.595367431640625,22
0.5806312486402658,78.97679392393322,170.6472251092255,2.449855884347397,2.943139095132373,0.4418416023254394,1.044955492019653,1.455252170562744,1.685295581817627,1.8354463577270508,1.950574398040772,2.044140338897705,2.122208595275879,20
0.3973538253046216,40.43864319308432,109.89566725210224,2.906068655064664,2.851559230103862,0.7690010070800781,2.269223213195801,3.4139933586120605,3.941082000732422,4.102875232696533,4.153425693511963,4.179332733154297,4.202081203460693,23
0.7700709707484732,31.27163256334017,214.45607953118247,2.1392863558713224,2.0428326061845703,0.3526949882507324,0.7463467121124268,0.9913220405578612,1.1283352375030518,1.2153480052947998,1.2815334796905518,1.333069086074829,1.3744745254516602,21
0.9762810738340229,25.29826806527731,68.32524947198492,2.499158551605306,2.7367240591813617,0.5212786197662354,1.2548072338104248,1.767493724822998,2.102335453033448,2.341782569885254,2.530020236968994,2.683522224426269,2.812096118927002,20
0.3191259988477274,7.702566210414378,126.67907485588576,2.4509964188331805,2.961448248537342,0.922844409942627,2.9034910202026367,4.782132148742676,5.956265926361084,6.202535152435303,6.209743022918701,6.210230350494385,6.210413455963135,7
0.7051041223342217,18.13462760163198,18.073269906668312,2.834316687732286,2.918556594557777,0.8701529502868652,2.5131685733795166,3.680657148361206,4.274607658386231,4.57799243927002,4.776981353759766,4.918198585510254,5.034218788146973,23
0.9952835798512638,11.248011342837897,2.52264502901874,2.4575833490122125,2.44164425440875,0.7160341739654541,1.8478965759277344,2.5679726600646973,2.98809814453125,3.2697482109069824,3.4823036193847656,3.657045841217041,3.80625581741333,22
0.551126468755873,95.31347478604148,19.29782684753843,2.081944722406132,2.4655620455485145,0.4485349655151367,1.0518712997436523,1.4397213459014893,1.675055742263794,1.8454010486602783,1.9790022373199463,2.0917952060699463,2.188554048538208,19
0.954068745853354,51.02578998689411,17.80976246186185,2.4961595970053447,2.806257662119748,0.4208488464355469,0.919480323791504,1.3119018077850342,1.6175532341003418,1.860327243804932,2.060749053955078,2.230526924133301,2.377553939819336,19
0.5331606763642388,19.599307585753124,3.104857518221851,2.071469328326708,2.2824715891916028,0.8892626762390137,2.5537478923797607,3.686570405960083,4.173074722290039,4.373329162597656,4.501099586486816,4.583970069885254,4.646923065185547,22
0.3158187468346496,180.8558088919952,12.227359793951504,2.0425513186897315,2.7346389082289635,0.4654238224029541,1.1671326160430908,1.5938997268676758,1.7851340770721436,1.900584697723389,1.991913795471192,2.071597099304199,2.1408095359802246,18
0.3212886022728434,40.56019655572575,194.72529297712367,2.34027901009064,2.769512479354589,0.6537644863128662,1.900613784790039,2.8112540245056152,3.1155271530151367,3.127572059631348,3.1289682388305664,3.130633354187012,3.1324472427368164,1
0.7101295603382487,7.133970529001496,11.82975714132428,2.8319186198517263,2.424123220167387,1.0069706439971924,2.9095942974090576,4.2912797927856445,4.980088233947754,5.343679428100586,5.6059160232543945,5.801859855651856,5.94049072265625,6
0.8419180469275915,27.50780860158182,0.645905655323395,2.926205512628403,2.548009620038638,0.6397063732147217,1.6265373229980469,2.286529541015625,2.678891658782959,2.947062969207764,3.152952194213867,3.3222904205322266,3.467855930328369,18
0.4677347755274413,44.830469599218986,25.56550406187552,2.081387853092103,2.610680556022677,0.7391037940979004,2.12395977973938,3.035797357559204,3.404209852218628,3.553354501724243,3.636114835739136,3.700669050216675,3.763638734817505,23
0.364338456666618,23.550345188228423,37.01726557749201,2.36368283524925,2.752874352679472,0.9676847457885742,3.004223823547364,4.775331974029541,5.717517852783203,5.948484420776367,6.006134033203125,6.03269100189209,6.048583984375,7
0.3075657499751888,6.621541127846735,1.6010217953708634,2.608714835374902,2.7442986779954945,1.2337875366210938,4.063351631164551,7.238439559936523,9.798335075378418,11.229978561401367,11.366493225097656,11.371169090270996,11.375417709350586,13
0.6714808533293493,35.49984327150302,0.7954648202387045,2.873709449262389,2.138406326895441,0.6383316516876221,1.6376426219940186,2.2693941593170166,2.6216800212860107,2.848158597946167,3.0183985233306885,3.1550281047821045,3.27386212348938,18
0.4327580149418399,28.16525280092492,71.254785353655,2.0331838036035514,2.372531817239832,0.7681207656860352,2.231006622314453,3.247076988220215,3.623646259307861,3.721887588500977,3.757334709167481,3.783440113067627,3.8065052032470703,23
0.4216287823030898,88.04214928502012,62.569850221125385,2.1897132479279207,2.016466860296449,0.4683585166931152,1.1306157112121582,1.4990296363830566,1.6657114028930664,1.7690510749816897,1.8490161895751955,1.920252799987793,1.98245906829834,19
0.3971965595014376,23.155578038303016,12.963707064866565,2.9657176251717936,2.067553895348165,0.9251132011413574,2.681485176086426,3.9615416526794434,4.5368475914001465,4.79243803024292,4.962494850158691,5.07425594329834,5.147628784179688,6
0.3729457536168428,77.74340228771686,23.525513575381314,2.532000213673196,2.101464402060066,0.6133170127868652,1.6257987022399902,2.229121208190918,2.478654384613037,2.602264881134033,2.685600757598877,2.763037204742432,2.8306241035461426,0
0.8530226487938637,88.75369953421168,3.1731393552688343,2.16327704143468,2.0334112668039404,0.2591285705566406,0.5026428699493408,0.7165806293487549,0.9017055034637452,1.0614404678344729,1.2020056247711182,1.325230598449707,1.4349427223205566,8
0.5271903924672016,37.28229820108064,38.40436945638478,2.9066133003475185,2.8106775863558138,0.7930610179901123,2.2858901023864746,3.347974300384521,3.858353614807129,4.088409423828125,4.225576877593994,4.317044734954834,4.388298988342285,23
0.8906723328917951,55.51822471492486,32.865874590704934,2.1572437757837832,2.8755789243163394,0.4055323600769043,0.8942654132843018,1.2721571922302246,1.562424659729004,1.792697191238403,1.9823873043060305,2.142845392227173,2.2806432247161865,19
0.4868818068132119,13.125186331210758,181.93455065610792,2.15768683776423,2.8986263875578766,0.7351994514465332,2.2207629680633545,3.399190187454224,3.891677618026733,3.935532808303833,3.93613076210022,3.93623423576355,3.936218023300171,23
0.5459099190540536,10.295984107359336,7.504667797687603,2.4134253149394147,2.810086224757809,1.072939157485962,3.3139431476593018,5.232873916625977,6.254233360290527,6.623396873474121,6.790239334106445,6.890904426574707,6.972100257873535,6
0.5863150934267967,41.07651058048143,21.954998888115743,2.466567243293062,2.1880795606949643,0.6416916847229004,1.6867032051086426,2.321943759918213,2.6320910453796387,2.8135533332824707,2.94408655166626,3.0501365661621094,3.143840312957764,23
0.3168775383646506,42.1649957922084,27.13584693304239,2.371970330368023,2.761114490529171,0.9097306728363036,2.7874844074249268,4.337271690368652,5.092418670654297,5.2890729904174805,5.349896430969238,5.380208015441895,5.402921676635742,7
0.6944760946061983,8.297609913838878,104.0409821872123,2.5946026666180284,2.674716294344186,0.8353288173675537,2.463975667953491,3.6852118968963614,4.24467658996582,4.447240829467773,4.519667625427246,4.546282768249512,4.561561584472656,23
0.7955447532616833,20.503887105835545,72.98809928762577,2.8102843402252327,2.6357696391743946,0.6759636402130127,1.8208012580871584,2.575401782989502,2.967726707458496,3.192605495452881,3.3474764823913574,3.4684481620788574,3.5636301040649414,23
0.5738014604172446,11.757863120146054,2.1923497147276567,2.660402212045253,2.5713462027897043,1.0444693565368652,3.1184449195861816,4.752241611480713,5.561814785003662,5.919115543365479,6.133759021759033,6.296438694000244,6.409298419952393,6
0.4035095474692446,33.00645336394995,1.080071372613013,2.586464779395517,2.7912855620842354,0.9674968719482422,2.929449319839477,4.505973815917969,5.277161598205566,5.544646263122559,5.680551528930664,5.7642107009887695,5.818883895874023,5
0.8057268939046629,69.01915339447275,1.9785294439114367,2.452806403921353,2.168153196449319,0.364689826965332,0.772136926651001,1.0885803699493408,1.3344130516052246,1.5303771495819092,1.6940231323242188,1.833381175994873,1.953251361846924,8
0.8293003739018214,197.04474774735445,0.6975652442998619,2.808893948085572,2.208606883896904,0.1801354885101318,0.3120319843292236,0.4414706230163574,0.5632748603820801,0.6766116619110107,0.7837562561035156,0.8833942413330078,0.977336883544922,15
0.8039245479690351,21.8862638150266,73.28431770146238,2.04718151060052,2.8159366049371384,0.6219820976257324,1.685664176940918,2.3564577102661133,2.688230514526367,2.882910251617432,3.018742561340332,3.130891799926758,3.2199082374572754,23
0.6885467309435429,127.73262276765313,0.5129669916078342,2.759694143854121,2.116145658896464,0.2838494777679443,0.5531699657440186,0.7793500423431396,0.9706025123596193,1.1324779987335205,1.273027420043945,1.3953776359558103,1.503730297088623,8
0.4569445500529039,48.31437897972691,27.347332942811267,2.917260912993968,2.3525446465182105,0.7300384044647217,2.026376724243164,2.8847970962524414,3.282705307006836,3.4739041328430176,3.5940651893615723,3.6835880279541016,3.757294178009033,23
0.9359180035700896,47.23590429970045,3.905555409954687,2.9305656603032704,2.6990967744724004,0.4696319103240967,1.0608084201812744,1.515040397644043,1.851346015930176,2.11053466796875,2.321744441986084,2.49932861328125,2.6523642539978027,18
0.5105835070363706,22.335229308446085,87.13747059209776,2.7374439544160936,2.289715686898894,0.7519323825836182,2.122394323348999,3.0548245906829834,3.453985452651977,3.6125328540802,3.678669691085816,3.7178337574005127,3.7499420642852783,23
0.3476283950073639,170.32760403921145,74.091604011608,2.4394929908682554,2.471532003517842,0.4062821865081787,0.9138658046722412,1.228046178817749,1.392927646636963,1.5049970149993896,1.597597599029541,1.6744751930236816,1.739349365234375,20
0.987445770161836,57.61288562049805,9.762420565041031,2.2408163516716293,2.346619047176021,0.3237199783325195,0.6575572490692139,0.9430630207061768,1.183612585067749,1.3858237266540527,1.5590269565582275,1.708380937576294,1.8404841423034668,9
0.8734733097245135,9.282622021944432,1.0150067404244272,2.3004159909384896,2.9139319966895654,0.8820247650146484,2.532509088516236,3.656583070755005,4.220405578613281,4.5337677001953125,4.743834495544434,4.905063629150391,5.040353775024414,22
0.89294787672101,7.380110204198941,0.7642052448803156,2.1816653267845982,2.3473365402887434,0.8594810962677002,2.3282065391540527,3.260125637054444,3.737529754638672,4.020181655883789,4.22416877746582,4.382428646087647,4.507532119750977,22
0.3019248981749421,19.17499042646144,107.96315415875904,2.204972750572652,2.6051288485257813,0.8452918529510498,2.5763254165649414,4.031074047088623,4.70386266708374,4.78985595703125,4.795732021331787,4.796688079833984,4.797616004943848,23
0.4895467720718618,46.0441438121346,13.4937725889699,2.639045026127259,2.236822836888813,0.7062900066375732,1.919403076171875,2.682251453399658,3.0409326553344727,3.224082946777344,3.349579334259033,3.440275192260742,3.523332595825196,22
0.6538057612793232,15.834946748015533,9.229044815941029,2.314861089341444,2.221909974433771,0.8408102989196777,2.3217110633850098,3.273886680603028,3.72446870803833,3.964231014251709,4.123959064483643,4.2329511642456055,4.326693534851074,22
0.6818762530305089,103.94872957530214,1.8094489814201635,2.2393364608700743,2.7782331363731254,0.3882913589477539,0.8397831916809082,1.1825716495513916,1.4439349174499512,1.6518170833587646,1.8239765167236328,1.96932315826416,2.0950489044189453,8
0.3628408543164759,190.20925535573133,53.68325119358645,2.51555771767175,2.053858810313632,0.3066718578338623,0.5894591808319092,0.7773582935333252,0.9133150577545166,1.0182838439941406,1.105013132095337,1.1794540882110596,1.243835687637329,9
0.3914969064385538,84.82617860187248,4.694707049538523,2.223256215245999,2.034146057783562,0.5729043483734131,1.4723877906799316,1.981628894805908,2.200295925140381,2.323194026947021,2.419280529022217,2.5039334297180176,2.5756092071533203,18
0.8313882859915966,22.44988653680529,0.9322473812705389,2.6371235364122665,2.4135337485102686,0.6711585521697998,1.7275495529174805,2.404028415679932,2.7915234565734863,3.0487351417541504,3.242746353149414,3.402140617370605,3.53702449798584,18
0.9208652481798474,27.986555545893527,0.5110861283059177,2.168811418659768,2.6447623843694466,0.5527071952819824,1.3437540531158447,1.8719494342803955,2.2151763439178467,2.463767766952514,2.661665201187134,2.8253014087677,2.964759588241577,18
0.9407498253563518,88.1689284819846,100.52564412741778,2.1614285952613312,2.649828697256477,0.2481300830841064,0.4664714336395263,0.6659905910491943,0.8433609008789062,1.000051975250244,1.1408138275146484,1.265446662902832,1.377439022064209,10
0.7557817291876933,36.74038792644793,2.820969726117374,2.095074597727684,2.9765107572272984,0.6151626110076904,1.6352486610412598,2.28667426109314,2.6468422412872314,2.883573770523072,3.0644214153289795,3.2105162143707275,3.3379223346710205,18
0.4573024909858703,96.2862616482936,86.42009116676975,2.629643500115245,2.831176947563592,0.5369653701782227,1.394021987915039,1.9644379615783687,2.225985050201416,2.371994972229004,2.479557037353516,2.567624568939209,2.641880512237549,20
0.785960794972157,182.53457079663897,15.966884769353626,2.6204053214197534,2.2113690605105343,0.1910440921783447,0.3325462341308594,0.4699671268463135,0.597001314163208,0.7146825790405273,0.8236045837402344,0.9249207973480223,1.0187427997589111,15
0.7382625965551894,189.99907041608824,71.44557228977489,2.31561663226724,2.8628029041349388,0.2153589725494384,0.3735995292663574,0.5251758098602295,0.6645216941833496,0.7911949157714844,0.908219575881958,1.0154461860656738,1.1145808696746826,16
0.7297438620821823,22.88683141535916,0.9234140119721002,2.9338557585966645,2.623752325256768,0.7917225360870361,2.1803674697875977,3.1039204597473145,3.595592975616455,3.8816442489624015,4.0878095626831055,4.248452186584473,4.379645347595215,22
0.5562200195166684,159.89320261848957,49.48953982846489,2.2482236510134315,2.3483700040143427,0.2841713428497314,0.5376970767974854,0.739682674407959,0.9063210487365724,1.0455641746520996,1.1649603843688965,1.2689871788024902,1.360649347305298,9
0.4591201204009616,155.34632991571402,177.69883833762665,2.8998707711679645,2.8015321016322634,0.3509683609008789,0.6969451904296875,0.9301180839538574,1.0950474739074707,1.2227206230163574,1.3269538879394531,1.4154210090637207,1.4923105239868164,10
0.9022916367617118,9.911187282613051,2.31947963429304,2.175867897171248,2.0794759578213986,0.7444279193878174,1.907447099685669,2.61174750328064,3.000405550003052,3.2453324794769287,3.43121600151062,3.57650113105774,3.692231416702272,22
0.6161734717626244,53.64168659064142,246.9458527746717,2.293388784316077,2.409737300758657,0.3691842555999756,0.7905189990997314,1.0504910945892334,1.188291311264038,1.2792644500732422,1.348515272140503,1.4033846855163574,1.4482038021087646,21
0.9073758710322516,92.65954730604044,119.5359606793218,2.6536920691811345,2.6280911706385326,0.2739286422729492,0.5145280361175537,0.7278890609741211,0.9146323204040528,1.0788671970367432,1.223505973815918,1.3513336181640625,1.4647269248962402,10
0.5895629266231008,16.568780618081462,230.7641927615072,2.0363526130813034,2.162247396686432,0.5049848556518555,1.3009958267211914,1.7298760414123535,1.7917249202728271,1.7920634746551514,1.7926394939422607,1.7932393550872805,1.7938027381896973,1
0.9923677604646952,137.75408964589002,6.518410086832498,2.157883107804974,2.174402682133646,0.1652255058288574,0.2997231483459472,0.4283959865570068,0.5506641864776611,0.6662423610687256,0.774500846862793,0.8760042190551758,0.9709372520446776,15
0.8054516242400047,8.134213643789174,55.00739340550326,2.882778438882289,2.5598817058855774,0.8711545467376709,2.485773086547852,3.620425701141357,4.189487934112549,4.489337921142578,4.667174339294434,4.7932891845703125,4.87868595123291,23
0.4187733405160277,124.25902673747883,1.5057677015471167,2.2077755904498484,2.9336795665772497,0.5426580905914307,1.43910813331604,2.011905670166016,2.2791075706481934,2.4329729080200195,2.55752182006836,2.6587581634521484,2.742844581604004,18
0.5880204339879616,85.27167144949144,165.29306152645287,2.105956893998618,2.181536439980207,0.3152482509613037,0.6249284744262695,0.8373255729675293,0.9869072437286376,1.1013484001159668,1.1942188739776611,1.271228313446045,1.3362829685211182,10
0.8758387969916599,39.34408451385372,1.0005624014708814,2.2761836806641105,2.6173102338619443,0.5029251575469971,1.181668996810913,1.6543126106262207,1.9761831760406487,2.2153422832489014,2.407338857650757,2.5668981075286865,2.7045462131500244,18
0.8286221414537682,9.532525573806168,6.560100014946321,2.5696704719037102,2.2311132097038606,0.8399407863616943,2.253112554550171,3.154919385910034,3.635510206222534,3.926500558853149,4.135968208312988,4.299823760986328,4.420177459716797,22
0.395580509699178,177.0495107916123,8.372671621455506,2.0607965005817195,2.375540879356943,0.3781487941741943,0.8223176002502441,1.1102731227874756,1.2935588359832764,1.4314489364624023,1.5397205352783203,1.633293867111206,1.7148854732513428,9
0.3908309916183673,8.15738250456042,16.850861296996428,2.134496484414208,2.1686291249143,1.0499396324157717,3.2642500400543213,5.302851676940918,6.527280807495117,6.909613609313965,6.946582794189453,6.958073616027832,6.965673446655273,6
0.4077217378098365,98.36106265809632,2.816144891853554,2.707392147692805,2.0851336129593228,0.5386474132537842,1.3637702465057373,1.8582146167755127,2.0939748287200928,2.2346765995025635,2.350774049758911,2.444873094558716,2.522818326950073,18
0.7085622253306445,121.3694718950738,201.73160749362967,2.933221551093234,2.932087599098123,0.2957541942596435,0.5399167537689209,0.7377831935882568,0.9068562984466552,1.0506138801574707,1.175397872924805,1.284411907196045,1.3805241584777832,10
0.4064044734737253,13.59408910499402,50.1905584542749,2.543163691255825,2.907245315089509,1.021554946899414,3.2072811126708984,5.233899593353272,6.437965393066406,6.791213035583496,6.840949058532715,6.867364883422852,6.878998756408691,7
0.5847702453500452,27.05883959907593,158.01774852311377,2.003093815474948,2.1824467349913235,0.5423069000244141,1.411752462387085,1.902311086654663,2.05228042602539,2.104748249053955,2.141887664794922,2.172931671142578,2.199951648712158,0
0.5960419513301392,50.7058663650234,80.44487446635199,2.07262000947422,2.92016256474314,0.5720794200897217,1.5486607551574707,2.1709096431732178,2.4560883045196533,2.610612154006958,2.727182149887085,2.8185203075408936,2.895618200302124,20
0.9903267243519688,32.26211798668396,5.228043409918427,2.8459240634831344,2.238742746453426,0.4550564289093017,1.0322928428649902,1.4671013355255127,1.782068967819214,2.024181604385376,2.220937013626098,2.38591742515564,2.5283725261688232,18
0.9968113752434666,212.4978512333905,32.74234238992782,2.1121407089185738,2.516182710210826,0.1284980773925781,0.2275769710540771,0.3189494609832763,0.407879114151001,0.494783878326416,0.5794458389282227,0.6606273651123047,0.738776445388794,15
0.9814414837588624,8.99145555280093,1.2700434882722436,2.3201400996379515,2.44074978489766,0.7717044353485107,2.033486843109131,2.8271055221557617,3.270416736602783,3.554455280303955,3.76772689819336,3.935192108154297,4.081040859222412,22
0.5437317900296842,91.67803626915816,7.187331035300804,2.737769595938519,2.200285050694115,0.4700245857238769,1.1109018325805664,1.533883810043335,1.7870824337005615,1.9671862125396729,2.109450578689575,2.2287113666534424,2.3296587467193604,18
0.5099395009649159,8.198639080431674,77.2645717691252,2.3713961396187777,2.5806405497290625,0.9330930709838868,2.85588812828064,4.480263710021973,5.29738712310791,5.487314224243164,5.533626556396484,5.547327041625977,5.551949501037598,7
0.8017818260008822,44.39927301846863,0.9657885249531748,2.8101528206598045,2.235929953163835,0.4933907985687256,1.1578209400177002,1.623072624206543,1.9313173294067385,2.1577115058898926,2.3378968238830566,2.4882678985595703,2.616815090179444,18
0.9734999562624008,31.43781623813204,0.7169930834284498,2.3885321794248218,2.249712488381563,0.4669764041900635,1.058579683303833,1.489323616027832,1.7968990802764893,2.0318963527679443,2.222546339035034,2.382448434829712,2.5200765132904053,18
0.5663527991518971,39.29026415741375,1.7565555282104992,2.0324413719640577,2.993366561880789,0.748063325881958,2.183225154876709,3.148008346557617,3.5753331184387207,3.76981258392334,3.895543098449707,3.991092205047608,4.0812811851501465,22
0.7448028884127935,26.631032793836432,2.9677029017684595,2.3573366707891665,2.3476112531854123,0.6695411205291748,1.7428159713745115,2.4035086631774902,2.75809907913208,2.982931613922119,3.152541160583496,3.290647029876709,3.404667377471924,22
0.5349193463948629,12.543767903614782,28.00680918656789,2.699288315006585,2.9098686545692707,1.0344531536102295,3.175440549850464,5.002785682678223,5.972123146057129,6.316192626953125,6.460941314697266,6.56386661529541,6.628217697143555,7
0.899339745420414,16.614371509123504,25.64514161758687,2.3949525051439204,2.2362511140701167,0.6277725696563721,1.577744722366333,2.1743290424346924,2.5189054012298584,2.748208284378052,2.923517942428589,3.065964937210083,3.183114767074585,19
0.9712399260497548,11.647306095472876,0.5007509900575196,2.2494160122316136,2.687700069456523,0.7413506507873535,1.9762942790985107,2.758087396621704,3.1961185932159424,3.477037191390991,3.6888644695281982,3.860156297683716,4.008130073547363,22
0.4684085390323553,77.20694380288361,0.5420351346606245,2.757625800983869,2.587289054613761,0.6534101963043213,1.7751288414001465,2.506226062774658,2.8518505096435547,3.0383214950561523,3.172204971313477,3.278029441833496,3.37425184249878,22
0.7691284882741203,160.09703793009444,168.62638394387514,2.671809572168822,2.5380088620557992,0.1992580890655517,0.3278117179870605,0.4516289234161377,0.5635509490966797,0.6657111644744873,0.759331226348877,0.8453171253204346,0.9247877597808838,17
0.7253466328201916,27.01126098285456,182.23587629849817,2.0782935600181767,2.636265013639916,0.5096752643585205,1.309010028839111,1.8052864074707031,2.016685724258423,2.1207926273345947,2.1932528018951416,2.2507669925689697,2.2981083393096924,0
0.443821907188347,107.26582418180998,42.58141888742058,2.75288631995666,2.00825393291809,0.4300558567047119,0.996889352798462,1.3487548828125,1.5446701049804688,1.675246238708496,1.784705638885498,1.873734474182129,1.9482636451721191,19
0.6794220663209412,41.90091669491832,11.433121455243413,2.6928107908321577,2.277749381569622,0.5928289890289307,1.5039732456207275,2.083782434463501,2.404433488845825,2.616626977920532,2.777015924453736,2.91378140449524,3.024784803390503,18
0.8251955156919788,151.34468797871307,59.17181683469275,2.017981231740736,2.184313059901416,0.1704449653625488,0.3008656501770019,0.4249742031097412,0.5401647090911865,0.6461067199707031,0.7446556091308594,0.8353819847106934,0.91961407661438,16
0.7732929079147477,62.8760778782539,2.146623326928329,2.1131142840192814,2.628479335882098,0.4402220249176025,0.9997873306274414,1.4019410610198977,1.6893455982208252,1.9097089767456048,2.088464975357056,2.237729787826538,2.365126848220825,18
0.633948339228134,7.185426974755379,1.41099240358497,2.427175757219564,2.4881764616331274,1.0629324913024902,3.18245816230774,4.839701652526856,5.6636810302734375,6.034167289733887,6.251632690429688,6.422527313232422,6.535224914550781,5
0.7324163351093944,42.559194109849216,2.754166073293937,2.044617408994713,2.007869387871154,0.4888274669647217,1.1407122611999512,1.5531322956085205,1.812349319458008,1.998770236968994,2.149662971496582,2.2718582153320312,2.3801493644714355,18
0.5773906498463311,13.872209967632902,0.6118419089714404,2.912048177139556,2.8251580307358006,1.0548841953277588,3.171119213104248,4.880281925201416,5.765543460845947,6.148993015289307,6.392835140228272,6.575286388397217,6.700592517852783,5
0.6706143442509722,82.78384344943746,20.979625765094145,2.3534337678465107,2.3248323676649885,0.4064581394195556,0.8942008018493652,1.2443535327911377,1.492114782333374,1.681596755981445,1.836020469665528,1.963561534881592,2.0750441551208496,19
0.7007030951399466,14.548325137020855,23.356331648086083,2.154823855168847,2.638591683589876,0.8443074226379395,2.436368703842163,3.520009756088257,4.014768600463867,4.2453718185424805,4.380414009094238,4.483566284179688,4.560832977294922,23
0.9078338255558946,150.94117238270366,216.2694201554667,2.48422872996277,2.943319772865288,0.1864352226257324,0.3046483993530273,0.4212195873260498,0.5329437255859375,0.6351375579833984,0.7302615642547607,0.8194646835327148,0.9027540683746338,17
0.6642998448024757,22.70206071592912,96.95828193171536,2.206294575784708,2.8860196604387327,0.6996583938598633,2.014151096343994,2.903629302978516,3.290627956390381,3.442222595214844,3.5256500244140625,3.591162204742432,3.646913528442383,23
0.7991263556873964,25.9543062764466,187.35695427522447,2.4383703809065223,2.8908395931865187,0.5284883975982666,1.3587303161621094,1.9160661697387693,2.189650058746338,2.3371734619140625,2.438204765319824,2.5162320137023926,2.5782713890075684,20
0.6140970075066703,165.82405482741746,21.8970035869627,2.911312348932915,2.534503174829558,0.3082337379455566,0.5945990085601807,0.8287839889526367,1.026480197906494,1.1948676109313965,1.3398027420043943,1.466875076293945,1.5784907341003418,9
0.4714073238559801,26.80456972835605,3.1881837401344293,2.502078559677112,2.149712218539284,0.8645174503326416,2.4403939247131348,3.505202293395996,3.984599113464356,4.213563442230225,4.361325263977051,4.4554314613342285,4.5227789878845215,22
0.6624272610575315,17.16272007524907,1.0748924702512863,2.615827964674097,2.403193892368845,0.8732163906097412,2.445141553878784,3.495700597763061,4.017083168029785,4.299592971801758,4.486136436462402,4.622824668884277,4.734390258789063,22
0.6692217246582354,21.91529470129756,32.466826478940085,2.767387385061932,2.9637911920332938,0.8346657752990723,2.424180030822754,3.562306880950928,4.128233432769775,4.403040885925293,4.574052810668945,4.691617965698242,4.786158561706543,23
0.79765740134803,29.967092493414675,48.17616933995275,2.1836503489906844,2.016901249437114,0.4963524341583252,1.175851345062256,1.6047043800354004,1.859631061553955,2.0386767387390137,2.1755971908569336,2.293600559234619,2.387980937957764,19
0.4949209799482599,97.52408823891577,1.7787322680691693,2.36749286005812,2.52700026647636,0.5273606777191162,1.3248190879821775,1.8265690803527832,2.0895495414733887,2.262932777404785,2.398267269134521,2.5121984481811523,2.607466697692871,18
0.9106618434324484,38.66207384775562,0.5581575376508865,2.681963415385362,2.7847254719359333,0.5290007591247559,1.2549738883972168,1.7766032218933103,2.133030891418457,2.3978376388549805,2.6092681884765625,2.7854461669921875,2.9367122650146484,18
0.9639581042093648,205.2883844408988,48.2230428379531,2.156021881077199,2.7973674070527164,0.1467094421386718,0.2564120292663574,0.3591904640197754,0.4614603519439697,0.5596435070037842,0.6540765762329102,0.743800163269043,0.829852819442749,16
0.791127405283746,198.5388510552993,20.70553775968678,2.34084214691983,2.957858569210992,0.2133502960205078,0.3745210170745849,0.531374454498291,0.6786892414093018,0.8140957355499268,0.939985990524292,1.0572264194488523,1.165371656417847,15
0.4155638435037608,134.62198559692084,50.40331045856541,2.651545716712653,2.3068992270913804,0.423480749130249,0.9683620929718018,1.313812017440796,1.508112907409668,1.6389870643615725,1.7479276657104492,1.8377656936645508,1.912705421447754,19
0.8428821201176144,178.2171508906768,0.5669044388727119,2.81292011104886,2.0109681308047773,0.1765851974487304,0.3071448802947998,0.435631513595581,0.5562934875488281,0.6688680648803711,0.7739307880401611,0.8719677925109863,0.96287202835083,15
0.4593883566010733,11.862294535374332,240.48688421461367,2.3418341947050783,2.988546726801121,0.6908144950866699,2.0612668991088867,3.1483960151672363,3.5862979888916016,3.60152530670166,3.6011905670166016,3.601691246032715,3.601458072662353,23
0.846431015966173,23.343017167139053,51.48530397491856,2.015950064670147,2.384879724653437,0.5621600151062012,1.404446363449097,1.923697710037232,2.21528434753418,2.411348342895508,2.5638175010681152,2.683809280395508,2.7893762588500977,19
0.6693683647019666,141.35073738821768,0.6543879875707775,2.2329225762539258,2.335406426811524,0.2792136669158935,0.5345637798309326,0.7521860599517822,0.9377391338348388,1.0969374179840088,1.235752820968628,1.3578393459320068,1.4656009674072266,8
0.7478326469203602,34.08150854094267,13.939861911745217,2.493218834744244,2.2785231321881554,0.5871424674987793,1.4715116024017334,2.030989170074463,2.3518171310424805,2.566105365753174,2.732252597808838,2.867377758026123,2.9859585762023926,18
0.4933433682839055,11.285283275909755,221.5245768848088,2.166729818175671,2.854701310720835,0.6840689182281494,2.0332601070404053,3.066603899002075,3.4421651363372803,3.45061993598938,3.450266599655152,3.4500539302825928,3.4495508670806885,23
0.8099505364601345,43.24697410082487,0.8198351265422708,2.687768764718982,2.710101801509973,0.561345100402832,1.3799259662628174,1.943055868148804,2.2962472438812256,2.5480949878692627,2.7463724613189697,2.9107506275177,3.0518510341644287,18
0.5690468657364056,9.294877261520158,5.059208905643555,2.3787408195915183,2.664280758593379,1.0694248676300049,3.268371343612671,5.086089134216309,6.032795906066895,6.396458625793457,6.5697431564331055,6.696551322937012,6.788875579833984,6
0.7168375870691603,49.2266912704012,2.585339101060637,2.023569501675165,2.96068369099694,0.5583648681640625,1.4439241886138916,2.0145087242126465,2.345142364501953,2.570265293121338,2.7467894554138184,2.893097400665283,3.015415668487549,18
0.8844224736102639,170.80678035430662,34.04894758904936,2.5429565702255585,2.523562750857709,0.1957108974456787,0.3427484035491943,0.4859528541564941,0.6206626892089844,0.7456982135772705,0.8626842498779297,0.9714863300323486,1.073188543319702,15
0.7782173668660677,97.44082675408868,0.8661783137386345,2.4792686199457377,2.0125501583088523,0.2855923175811767,0.5627808570861816,0.7982425689697266,0.9968645572662354,1.1652438640594482,1.310370922088623,1.4374058246612549,1.5491843223571775,8
0.8709909884042359,8.629819646833258,0.8705951068094532,2.002360302211332,2.359412830471081,0.8272631168365479,2.238940715789795,3.108928680419922,3.546778678894043,3.805751323699951,3.985395908355713,4.130502223968506,4.238398551940918,22
0.6119124919404235,9.248832961368166,109.35008534250622,2.87625782179459,2.317552054929407,0.8057141304016113,2.325880527496338,3.4247288703918457,3.901695728302002,4.093691349029541,4.163499355316162,4.18618106842041,4.197740077972412,23
0.5916832588389482,28.27392987505144,39.80074333500021,2.1954788555279494,2.345128351457861,0.7148792743682861,1.9669809341430664,2.7448654174804688,3.082028865814209,3.249948501586914,3.351588249206543,3.436630249023437,3.509769916534424,23
0.8167924279991692,7.20830946610174,49.193293752642376,2.5360781483412653,2.101655888513946,0.7979063987731934,2.165492057800293,3.0341453552246094,3.468015193939209,3.7076220512390137,3.857395648956299,3.956757068634033,4.027799129486084,23
0.852066684126167,14.963307641965844,0.6600887140885965,2.132467833036578,2.1251797869151763,0.6959786415100098,1.7740483283996582,2.426032781600952,2.781956434249878,3.0142180919647217,3.187753438949585,3.330074071884156,3.44911789894104,22
0.7742921166958394,96.39797967389264,28.01120128018012,2.0651374384915804,2.5256830924232165,0.3108489513397217,0.6225557327270508,0.8811507225036621,1.0958168506622314,1.2752957344055176,1.4287283420562744,1.5613417625427246,1.6778466701507568,9
0.5670348857478167,114.40635923237596,0.9803903062888067,2.3118112207103527,2.915946853923711,0.4583091735839844,1.0818772315979004,1.5124990940093994,1.78987455368042,1.99310302734375,2.1557774543762207,2.289546489715576,2.405972003936768,18
0.752241142582522,179.1840147171494,1.0409674672774725,2.716399120405645,2.7672233667870905,0.2610785961151123,0.4734930992126465,0.6715774536132812,0.8500466346740723,1.0106170177459717,1.156306266784668,1.2886059284210205,1.4081752300262451,8
0.7027047440267036,185.2407802830448,37.834913267365984,2.8594928662919057,2.4104183672636257,0.2292482852935791,0.4024932384490967,0.5649454593658447,0.7109084129333496,0.8427207469940186,0.9631690979003906,1.0729329586029053,1.1728637218475342,15
0.6310786819244862,18.837035884384434,1.988460001243035,2.6863014913490337,2.631217797386276,0.9125814437866212,2.6284897327423096,3.845617532730103,4.441579818725586,4.743807792663574,4.935704231262207,5.07810115814209,5.184991836547852,6
0.5795351124389282,109.97596733634934,29.637999243143323,2.577218076528104,2.735811915130852,0.4404463768005371,1.007319688796997,1.4053847789764404,1.6685431003570557,1.8616554737091064,2.0176985263824463,2.1468851566314697,2.257100820541382,19
0.4908875382453458,64.07955293388025,3.709957750969894,2.571731440494555,2.7656758299565656,0.7022223472595215,1.970247507095337,2.814357042312622,3.202410936355591,3.394897222518921,3.527349710464477,3.632451295852661,3.719038248062134,22
0.8282380095057356,16.535220898233973,149.74013132835424,2.7141969324810025,2.5836686871179992,0.6028413772583008,1.598081350326538,2.248708486557007,2.555980920791626,2.7137138843536377,2.810807943344116,2.883915662765503,2.9429070949554443,23
0.5045943995325961,39.53239624764513,12.451190920673618,2.071631893831016,2.3662542224069565,0.7317695617675781,2.03243374824524,2.836220026016236,3.178140878677368,3.334558725357056,3.436173677444458,3.521913766860962,3.591679334640503,22
0.7055279803966105,8.849294626330911,5.456354717820877,2.7648683307862987,2.938950304545698,1.0481712818145752,3.148961067199707,4.8170928955078125,5.6730499267578125,6.079063415527344,6.334112167358398,6.522733688354492,6.652660369873047,6
0.6419597853293302,83.23760023444086,1.8826215932020467,2.123008580995678,2.2091061575996864,0.4089233875274658,0.9041790962219238,1.2473440170288086,1.4851806163787842,1.6649165153503418,1.810804843902588,1.9354994297027588,2.039240598678589,18
0.8359979152223382,10.674147974366472,72.47110302710554,2.835302147617301,2.202351133229393,0.7120120525360107,1.9047443866729736,2.660428285598755,3.0530598163604736,3.276062250137329,3.415756940841675,3.52380108833313,3.605380296707153,23
0.4560255712596056,39.12356456476819,178.35686458000552,2.3483986507972165,2.969052368932468,0.6387979984283447,1.8447046279907229,2.71084976196289,3.0327343940734863,3.088766098022461,3.107583999633789,3.1254806518554688,3.142263889312744,0
0.9409877425521948,43.4349090926404,8.235803544219278,2.4945501410645674,2.586148618029819,0.448817491531372,1.004281759262085,1.425185203552246,1.7377886772155762,1.9813446998596191,2.1795363426208496,2.346054077148437,2.4892830848693848,18
0.3480927489041219,33.877410197044995,7.851827786946948,2.0896971567915488,2.0077131031363424,0.8521444797515869,2.442129850387573,3.528850793838501,3.9591434001922607,4.093155860900879,4.170884132385254,4.220480918884277,4.257607460021973,22
0.815126865932895,167.83161956524418,1.8312205230523968,2.279881517585633,2.324185442685926,0.19781494140625,0.3531830310821533,0.5020325183868408,0.639847993850708,0.7664711475372314,0.8841454982757568,0.9923374652862548,1.0926945209503174,15
0.7452817373947642,18.561768026771063,1.9267228902823468,2.124788746616746,2.2332807389140017,0.7340900897979736,1.9336841106414795,2.6609861850738525,3.026780843734741,3.247544050216675,3.403607130050659,3.534878969192505,3.63642954826355,22
0.3960604408588887,39.632945921870856,81.18205504393664,2.578607678075943,2.6629005663618184,0.7766351699829102,2.2804648876190186,3.383845090866089,3.863147497177124,4.007596015930176,4.059959411621094,4.09165096282959,4.119463920593262,23
0.3581791118918476,10.435198258954546,132.9708878273898,2.376478996083391,2.612895268778291,0.842155933380127,2.5551598072052,4.011462211608887,4.696211814880371,4.799141883850098,4.805238723754883,4.8053741455078125,4.805405616760254,23
0.4447525238963497,37.30261555850665,18.28216388777071,2.3244805270984794,2.646378143921937,0.8413858413696289,2.482693672180176,3.6704025268554688,4.195740222930908,4.389886379241943,4.479489326477051,4.550535678863525,4.6055755615234375,23
0.6178545688669126,32.7442297046952,0.541471107499903,2.2229606928744943,2.3066578570534,0.705847978591919,1.8870396614074707,2.6034154891967773,2.948184013366699,3.142919540405273,3.2886505126953125,3.39747953414917,3.499999523162842,22
0.9990634554961112,9.653844934959162,4.308337850709316,2.105074737679653,2.000821192664936,0.6625509262084961,1.6307289600372314,2.222965955734253,2.5748050212860107,2.814175844192505,2.9970743656158447,3.1478073596954346,3.2774107456207275,18
0.7045542511506893,67.09433399348838,169.02772060315667,2.9783461881326136,2.0056307117061847,0.3047530651092529,0.598703145980835,0.8118562698364258,0.970939874649048,1.0952911376953125,1.1967463493347168,1.2800946235656738,1.3496408462524414,10
0.3591879228200493,68.74330646040286,0.8424289556027272,2.171532530975953,2.026063247090117,0.6707067489624023,1.8025898933410645,2.472801923751831,2.736121416091919,2.8533737659454346,2.937560796737671,3.008007287979126,3.0688154697418213,22
0.4786904342845144,41.13428020522068,0.5049229257755301,2.2971181521194675,2.0880008887061257,0.7328317165374756,1.9813830852508545,2.751328706741333,3.0939223766326904,3.265552759170532,3.380723714828491,3.4616963863372803,3.541440725326538,22
0.8655222475269362,6.8649658664042095,0.8439268543398224,2.478564676600107,2.057401811318703,0.868720293045044,2.308887004852295,3.2183566093444824,3.712136745452881,4.026191234588623,4.249591827392578,4.417192935943604,4.55724048614502,22
0.8013084252848601,163.20892362927862,5.275102366692857,2.4972956424154047,2.9326689478396446,0.2591786384582519,0.4744393825531006,0.676410436630249,0.8600997924804688,1.0257222652435305,1.1764390468597412,1.3126816749572754,1.4372766017913818,9
0.6544647041311882,212.13004919452388,237.4186270169304,2.9004557829840314,2.46070662641986,0.1679048538208007,0.2416374683380127,0.3172175884246826,0.3870084285736084,0.4511072635650635,0.5099267959594727,0.5649311542510986,0.6166031360626221,3
0.408839552591373,199.3308768686924,136.16848151342683,2.5501553261259144,2.2076546910861623,0.249988317489624,0.4187452793121338,0.5436937808990479,0.6473655700683594,0.7355990409851074,0.812420129776001,0.8801167011260986,0.9396555423736572,17
0.9582371659895516,8.507816647426031,83.40511911791756,2.7857765096187355,2.359627186681678,0.6902120113372803,1.825166702270508,2.557753086090088,2.9470748901367188,3.175498962402344,3.330514907836914,3.441061019897461,3.533116817474365,23
0.3252578243450325,164.91498209534168,105.34629750931558,2.387097521670934,2.5585558778084176,0.4125797748565674,0.9450864791870116,1.264676809310913,1.4160854816436768,1.5133867263793943,1.589526891708374,1.653956651687622,1.7114856243133545,20
0.5496936715751166,53.7516540109114,62.07828117631645,2.8772855196439053,2.8534841451249724,0.6586453914642334,1.817594051361084,2.6062207221984863,2.98310661315918,3.171644687652588,3.301985740661621,3.4011120796203613,3.485280513763428,23
0.9908076946454878,29.09553263232193,1.91951864630352,2.4289615567993845,2.3393948855121574,0.4825551509857178,1.1035079956054688,1.552600383758545,1.8704965114593504,2.1127073764801025,2.3084018230438232,2.4720966815948486,2.6127359867095947,18
0.3103724035771162,200.7118008813717,228.04461942838745,2.208940818289641,2.29992845961232,0.2373633384704589,0.3591642379760742,0.43410325050354,0.4957473278045654,0.5485379695892334,0.5943222045898438,0.6353676319122314,0.6713330745697021,17
0.6709540227918572,20.769143405783144,1.0854902880116293,2.001080943197747,2.1706311922326025,0.7486205101013184,1.9961724281311035,2.741819381713867,3.0943517684936523,3.2945895195007324,3.4341697692871094,3.54404878616333,3.6321425437927246,22
0.6699945431029586,198.28653285587265,1.802324722178831,2.763922420865118,2.864576317091873,0.2781906127929687,0.5080070495605469,0.7148623466491699,0.8988275527954102,1.062551975250244,1.2098596096038818,1.3414459228515625,1.4609074592590332,8
0.9701967286019516,30.428945265906584,5.711669019573437,2.966404151400185,2.719194492237635,0.5514757633209229,1.3212251663208008,1.8774189949035645,2.252967834472656,2.5292229652404785,2.7491674423217773,2.933391094207764,3.0918092727661133,18
0.8114790660005184,200.998498804072,107.38475305909328,2.119155972247913,2.508072041666228,0.1519341468811035,0.2532374858856201,0.3522741794586181,0.4461171627044678,0.5343084335327148,0.6177520751953125,0.6963601112365723,0.7705135345458984,16
0.7525522917735354,64.69002828783326,20.679421563856504,2.6315950105389554,2.1704102171024675,0.4027099609375,0.886481761932373,1.241960048675537,1.4979090690612793,1.6939759254455566,1.8537282943725584,1.9875082969665527,2.104042053222656,19
0.6934485712576617,17.41829607837153,199.83067136153807,2.1487696693078244,2.729956694336317,0.5868427753448486,1.6204547882080078,2.2913572788238525,2.518589735031128,2.569258451461792,2.5911457538604736,2.610391855239868,2.6277272701263428,1
0.3088096319071355,20.553198396119416,46.03088952660067,2.890996870277556,2.670188569918758,1.0108249187469482,3.125711441040039,5.04864501953125,6.168413639068604,6.460842609405518,6.519942760467529,6.557285785675049,6.573300838470459,7
0.571955228944248,17.742591335086043,22.11946129917424,2.200212325958242,2.4575783857097906,0.8782811164855957,2.555837631225586,3.7343268394470215,4.252843856811523,4.466270446777344,4.577317714691162,4.652734756469727,4.717530250549316,23
0.7021500957933935,15.356529291786352,1.0828721611094014,2.3623999153726487,2.261327068239576,0.8376574516296387,2.2949233055114746,3.2317824363708496,3.691273212432861,3.947787761688232,4.118028163909912,4.250926017761231,4.350212097167969,22
0.936592725715982,80.78864201020404,60.92888421320384,2.7352901755882844,2.985199667843341,0.3412165641784668,0.6818079948425293,0.9763736724853516,1.2285642623901367,1.4444859027862549,1.6308271884918213,1.7925026416778564,1.9347851276397705,10
0.5001336086970137,51.25853700033692,35.73030592321625,2.752099133045008,2.9508998987131068,0.7496111392974854,2.166831016540528,3.1748709678649902,3.6486082077026367,3.8593649864196777,3.979008674621582,4.068719387054443,4.148747444152832,23
0.873523792852209,12.674883598586351,2.874556213184204,2.845036851205883,2.5059747331951163,0.8037106990814209,2.164151430130005,3.0561110973358154,3.55013394355774,3.864445447921753,4.091569900512695,4.2720947265625,4.42132568359375,22
0.5111293880756114,8.975937371161825,12.159698012157936,2.115265578986657,2.3219274120296216,1.028449773788452,3.135601282119751,4.878034591674805,5.768220901489258,6.050259590148926,6.150372505187988,6.203508377075195,6.238094329833984,6
0.7294742947073912,61.61677034502276,3.629923085210792,2.649500458319114,2.117076642732868,0.4300873279571533,0.969656229019165,1.3540401458740234,1.6193222999572754,1.818240642547608,1.981586456298828,2.1175789833068848,2.232625961303711,18
0.3715858647633466,23.19772282383598,5.538741451389803,2.8807415303554187,2.0638152094742868,0.9599921703338624,2.808049201965332,4.199162483215332,4.845507621765137,5.113827228546143,5.288814067840576,5.402420520782471,5.475875377655029,6
0.8505641114124356,8.37813288651275,1.5711443751708198,2.662055257531666,2.242471400920591,0.8641142845153809,2.317504405975342,3.2482309341430664,3.761056423187256,4.080249309539795,4.3100433349609375,4.488316059112549,4.622386455535889,22
0.6989448936540423,134.7363727336726,60.78226689774942,2.1156396937554485,2.475737827512834,0.2532341480255127,0.4711151123046875,0.6613509654998779,0.8268089294433594,0.9700393676757812,1.0968596935272217,1.2089149951934814,1.3085434436798096,10
0.9314351555841792,193.32051863229253,161.10568022126725,2.503793660136572,2.099365184914834,0.1194465160369873,0.1905410289764404,0.2566063404083252,0.3201701641082763,0.3825960159301758,0.4425101280212402,0.4992799758911133,0.5533783435821533,2
0.9525996993312488,22.636466691434,4.3018905357216815,2.1276834332593,2.8128031182915363,0.5919525623321533,1.490306377410889,2.0799448490142822,2.448384046554565,2.709739446640014,2.914438486099243,3.083753824234009,3.2280099391937256,18
0.4509128979537783,63.99824780849463,142.53007954934154,2.651443126358657,2.847362343753275,0.5892322063446045,1.614511489868164,2.310564517974853,2.5841927528381348,2.685349464416504,2.747549533843994,2.8000597953796387,2.8467702865600586,0
0.3287231267348723,15.170172451102568,1.9627501592680188,2.02391072927808,2.775098256912014,1.100407361984253,3.571298599243164,6.067259311676025,7.7493414878845215,8.393758773803711,8.448295593261719,8.456670761108398,8.464101791381836,13
0.7179751786306527,29.65948504952046,68.71979942437251,2.155688288126145,2.0618415379127564,0.5373704433441162,1.32738995552063,1.7961246967315674,2.037839651107788,2.1904470920562744,2.309389352798462,2.404846906661988,2.4831483364105225,20
0.6812437609115706,76.43467611928394,114.3131071097699,2.10920696114812,2.532276801339103,0.3629381656646728,0.7739269733428955,1.068451166152954,1.2796804904937744,1.4410555362701416,1.573115587234497,1.680912733078003,1.7713406085968018,10
0.7626901564021458,11.496176421502062,0.9259350407581762,2.529206066794534,2.668956425277756,0.9171037673950196,2.614176750183105,3.783615112304688,4.36742115020752,4.685088634490967,4.893941879272461,5.059736251831055,5.183704376220703,5
0.8413092492654286,7.625225616938545,147.8754542862482,2.238234237782271,2.277015189529372,0.6472923755645752,1.7537903785705566,2.4365110397338867,2.700423240661621,2.781987190246582,2.812346935272217,2.833094596862793,2.8508524894714355,0
0.5661698042957841,6.918878247531766,199.37710099600707,2.1822118202353327,2.283501178372972,0.6560618877410889,1.861533164978028,2.662707805633545,2.868383407592773,2.8706836700439453,2.870117664337158,2.870152473449707,2.870683193206787,1
0.6035070328890094,151.06272306387837,17.19410173213538,2.1995540053144347,2.515893857023792,0.3060879707336426,0.6008214950561523,0.8375811576843262,1.0320513248443604,1.1943047046661377,1.3325767517089844,1.452827215194702,1.558459758758545,9
0.6164814923560916,150.85567972186485,86.88854858539023,2.5279618565729924,2.458967164602593,0.2775745391845703,0.5153458118438721,0.7102904319763184,0.8757281303405762,1.016643762588501,1.138611078262329,1.2456426620483398,1.340613842010498,10
0.5523908390079768,16.756124167385813,0.5523583044776073,2.8511123870024946,2.7364833306217102,1.0177810192108154,3.031076669692993,4.60152530670166,5.385024070739746,5.734362602233887,5.950084686279297,6.118285179138184,6.22369384765625,5
0.6217571662561948,16.548141447687684,1.354949074561927,2.3790098895671843,2.983634871043119,0.9597594738006592,2.8828303813934326,4.356454849243164,5.074558258056641,5.382723808288574,5.55710506439209,5.679294586181641,5.777890205383301,5
0.9624179393817645,89.50362259707632,148.5751858520499,2.7012601533177683,2.0969853040089705,0.201179027557373,0.3524987697601318,0.4954555034637451,0.6228289604187012,0.7372016906738281,0.8401143550872803,0.9330508708953856,1.017472505569458,17
0.5085345703005499,30.330753961864826,81.62227569498836,2.75174195251335,2.6528791101060034,0.7665631771087646,2.217101573944092,3.248746871948242,3.715885162353516,3.897136211395264,3.982637882232666,4.036003112792969,4.078375816345215,23
0.8204055843162832,59.58664307556073,21.68677749282944,2.37209308985876,2.951986987672908,0.462407112121582,1.0668468475341797,1.511897325515747,1.8283030986785889,2.069706678390503,2.2646191120147705,2.427707433700561,2.567490339279175,19
0.414068346172775,8.297116012863592,43.06339050953245,2.4928219085275978,2.701717969247188,1.0634982585906982,3.3578877449035645,5.569159030914307,6.987804889678955,7.459025859832764,7.484585285186768,7.492213726043701,7.4965500831604,7
0.4353399274874966,13.32500620115899,0.7342890937497643,2.241076618953178,2.3203487726862395,1.0503036975860596,3.205602169036865,5.034786224365234,5.986485004425049,6.295858860015869,6.396190166473389,6.464427471160889,6.516038417816162,5
0.614180910910307,136.3005264586962,3.07679868013278,2.434565554310666,2.1246338617225367,0.3026242256164551,0.5953655242919922,0.8292267322540283,1.0202984809875488,1.1778042316436768,1.3127639293670654,1.4288365840911863,1.5305588245391846,8
0.6620550594415294,15.72025109507047,4.032164505355669,2.985501687689041,2.397850189990714,0.901752471923828,2.532867908477783,3.64926815032959,4.218017578125,4.547145843505859,4.767736434936523,4.926538944244385,5.05909538269043,22
0.5645874143379765,142.76582568659353,12.43883260546226,2.3599848133862493,2.912357250212428,0.3898067474365234,0.8460378646850586,1.1822926998138428,1.4308977127075195,1.6263222694396973,1.786509990692139,1.921597957611084,2.037865161895752,9
0.573099485437012,189.229674489782,46.88196125727092,2.0294297397877603,2.5826663521381428,0.2432179450988769,0.4421827793121338,0.6146116256713867,0.7640817165374756,0.8952066898345947,1.011336326599121,1.1143834590911863,1.206437110900879,16
0.989720733850732,6.803750865061929,2.018092773150803,2.3206974075606595,2.8365168327597634,0.8626773357391357,2.408375263214112,3.428309440612793,3.9668936729431152,4.293332099914551,4.52553129196167,4.709322452545166,4.859980583190918,22
0.9405750866777212,31.72033204671073,22.006263066730288,2.9648000917813366,2.371724417578146,0.5052356719970703,1.1880369186401367,1.6822924613952637,2.017887592315674,2.265222549438477,2.463076114654541,2.6274232864379883,2.769010543823242,19
0.756739510127941,158.3649317218144,0.9191674717317412,2.785313835163884,2.6625939646084102,0.2760558128356933,0.5145585536956787,0.7302045822143555,0.9219961166381836,1.0923676490783691,1.2446160316467283,1.381488800048828,1.5040826797485352,8
0.5282707256231436,6.459833881201767,3.0721006022868047,2.177508513805214,2.936740447404929,1.136213302612305,3.647955656051636,6.091394424438477,7.619166374206543,8.207391738891602,8.352607727050781,8.405441284179688,8.449563026428223,14
0.337009410401107,81.9123023131695,31.9860736408238,2.980282142388976,2.914092259379295,0.7641756534576416,2.243642807006836,3.3483619689941406,3.861696243286133,4.05363655090332,4.138093948364258,4.195392608642578,4.244579315185547,23
0.7183292239011464,70.55759584611748,2.2057968642124,2.826272040508524,2.574651901359747,0.4844353199005127,1.131312370300293,1.5949413776397705,1.904590368270874,2.1327807903289795,2.3162100315093994,2.468812704086304,2.598755121231079,18
0.6925628678146837,103.86801099622288,10.834080278765894,2.7024450115647003,2.522504986125948,0.381812572479248,0.8115663528442383,1.1413908004760742,1.3951632976531982,1.5971152782440186,1.764315843582153,1.9064557552337649,2.028792142868042,9
0.5334599920281498,76.7684459850873,0.6533924762876534,2.861928592517118,2.8024055590216497,0.6259157657623291,1.6688292026519775,2.3640239238739014,2.719489336013794,2.92875599861145,3.087552309036255,3.2143146991729736,3.326176404953003,22
0.3437597160017293,110.66143729397564,0.5396492084006097,2.605380816934056,2.2988838478387708,0.5960910320281982,1.5834996700286863,2.1866800785064697,2.439438581466675,2.5695416927337646,2.6638705730438232,2.750184774398804,2.82292914390564,18
0.3948906781108753,11.25889594086242,1.5014497830351743,2.5887054308292816,2.471265096910363,1.1274254322052002,3.5333564281463623,5.806410789489746,7.191404342651367,7.701417922973633,7.798712730407715,7.8642730712890625,7.920901298522949,5
0.8996000150541867,67.45986123270478,1.8465061145842447,2.7364813201992177,2.450434529954373,0.373887300491333,0.7871193885803223,1.1245553493499756,1.397925615310669,1.620605707168579,1.8080198764801023,1.9683640003204343,2.1076653003692627,8
0.9383134305999123,37.55669709068693,90.410876780723,2.904620106200688,2.377782027034388,0.4220495223999023,0.9426059722900392,1.333240985870361,1.613297939300537,1.825076580047608,1.995175838470459,2.1355276107788086,2.2563681602478027,20
0.7696386296519981,15.76679319650222,60.31489378484264,2.9887894697981863,2.2237659026589203,0.6977386474609375,1.8565125465393064,2.5981006622314453,2.98616886138916,3.213935375213623,3.366016387939453,3.483140468597412,3.577510356903076,23
0.6285816951261541,29.69712366958761,24.571897546970373,2.225074553553969,2.3360127631980627,0.6984913349151611,1.8873639106750488,2.615720272064209,2.9522995948791504,3.139648914337158,3.266643047332764,3.371391773223877,3.455343246459961,23
0.5943970925194518,149.29998940057226,29.12586473803734,2.243785279785251,2.2853511493702583,0.281604528427124,0.5357692241668701,0.7434041500091553,0.9161853790283204,1.0618584156036377,1.1876840591430664,1.296919584274292,1.3928563594818115,9
0.6442066496216865,125.86313875895787,23.662769826147013,2.725175166029323,2.477758527531175,0.3460400104522705,0.7062983512878418,0.98829984664917,1.2133703231811523,1.3963124752044678,1.5509870052337646,1.683342695236206,1.7985198497772217,9
0.9288323763753276,14.05970854116402,0.6107287546201887,2.002174373840352,2.207239943822838,0.6540741920471191,1.6355574131011963,2.231626033782959,2.5745792388916016,2.809774398803711,2.989431858062744,3.135286331176758,3.2610769271850586,18
0.3930428143771511,116.27086862042188,19.92152052449492,2.336614107580569,2.547641802632461,0.5404362678527832,1.402820348739624,1.9313087463378904,2.160841464996338,2.294557571411133,2.398102283477783,2.4820990562438965,2.560880184173584,19
0.9075188521510548,94.84820448630936,203.39234127509235,2.543464128752528,2.3984284193313727,0.2129619121551513,0.3664534091949463,0.5090382099151611,0.6345248222351074,0.7466909885406494,0.8476049900054932,0.9380638599395752,1.0195801258087158,17
0.6667869172882305,8.42713556525552,1.1145272055056912,2.351492853221895,2.676147747621974,1.0345046520233154,3.092435359954834,4.68205451965332,5.463433742523193,5.804862976074219,6.014939308166504,6.1604108810424805,6.277113914489746,5
0.9100382437346588,6.962577890592154,0.920508174979374,2.55234128348113,2.4497850995714225,0.8940427303314209,2.454583168029785,3.4776811599731445,4.024297714233398,4.356407165527344,4.592164516448975,4.778044700622559,4.92419958114624,22
0.447816622403874,12.598889944870631,9.044071525781815,2.528268480026857,2.083470270851598,1.0045592784881592,2.969174861907959,4.517964839935303,5.270936012268066,5.5472564697265625,5.693486213684082,5.801630020141602,5.868856430053711,6
0.9807015615059216,15.234026377437296,9.560624351826371,2.728343529504853,2.78053648700593,0.6991117000579834,1.824125051498413,2.5712783336639404,3.0141427516937256,3.3108274936676025,3.5376217365264893,3.7232630252838135,3.881030321121216,22
0.8891287214585124,11.39879009914312,38.87149834287488,2.725607254095466,2.9978265186293687,0.8116698265075684,2.2911317348480225,3.3063433170318604,3.842396020889282,4.141204833984375,4.347025871276856,4.50498104095459,4.622044563293457,23
0.8569178414232319,49.85896794857529,8.4331543726792,2.071207251288313,2.269716958974387,0.403519868850708,0.8798902034759521,1.2331080436706543,1.4953484535217283,1.7007808685302734,1.8692278861999512,2.0104477405548096,2.1321218013763428,18
0.7901511698492805,78.15340334484624,98.23646848910036,2.216846095110286,2.514294999290775,0.3234963417053222,0.6533257961273193,0.9161088466644288,1.127413272857666,1.300990343093872,1.4456782341003418,1.569298505783081,1.677072286605835,10
0.3870898592115026,137.23968838517308,23.28770136759693,2.2921511932646674,2.9277108599583483,0.5254542827606201,1.3760299682617188,1.925117254257202,2.1772654056549072,2.318211793899536,2.431050062179565,2.52359938621521,2.6026947498321533,19
0.7792360584149962,30.086694993453893,45.4729091581916,2.270854765123372,2.051094003603118,0.5126628875732422,1.2280142307281494,1.6767299175262451,1.9364759922027588,2.120244264602661,2.2596957683563232,2.3750994205474854,2.4751293659210205,19
0.9586005248083906,123.02306747831808,6.008666286407946,2.675472540817439,2.330028012656184,0.22479248046875,0.4137558937072754,0.5945525169372559,0.7607784271240234,0.9124023914337158,1.0520126819610596,1.1797165870666504,1.2960734367370603,15
0.3386026517131542,10.992925311317032,14.246225276173467,2.100637673871485,2.9308137332423376,1.1140367984771729,3.649995088577272,6.304591178894043,8.207975387573242,9.01239013671875,9.080085754394531,9.084013938903809,9.08758544921875,14
0.7986422599051988,27.347033099384724,112.70990309078604,2.723857674335157,2.5529616596400624,0.554436206817627,1.4026896953582764,1.9636929035186768,2.265477418899536,2.450495958328247,2.5878055095672607,2.694496393203736,2.7873189449310303,20
0.5482474828418505,24.617091588404715,3.751716536173047,2.330918707080331,2.711780260543555,0.8938050270080566,2.6310391426086426,3.892778873443604,4.466019153594971,4.710864543914795,4.852530002593994,4.949610710144043,5.023475170135498,22
0.3001672735253264,7.197715245998593,40.95763266805159,2.1366559386345783,2.2609670198024534,1.0295250415802002,3.2559516429901123,5.428810119628906,6.889200210571289,7.334223747253418,7.335769653320312,7.336034774780273,7.336299896240234,7
0.4902068521471436,212.25383879995204,5.7818260621859725,2.793647985240688,2.5299270760556096,0.3125131130218506,0.5994701385498047,0.8227705955505371,1.0074462890625,1.1609067916870115,1.2933683395385742,1.4083175659179688,1.5092816352844238,9
0.9779264369545976,186.75202076993523,0.7919574120968362,2.9123729466687025,2.9717457029277123,0.21690034866333,0.3713252544403076,0.528395414352417,0.6813044548034668,0.8223707675933838,0.9561545848846436,1.0819945335388184,1.2005963325500488,15
0.8517527832642111,39.21300533522576,1.7707542284027211,2.666450982506617,2.90083598639581,0.573911190032959,1.4207019805908203,2.0096664428710938,2.3837218284606934,2.649935245513916,2.859023094177246,3.0327343940734863,3.182589054107666,18
0.8490195647086316,102.425660680354,64.22413002635113,2.948269313101316,2.4974345073673003,0.2968606948852539,0.574007511138916,0.8136947154998779,1.0210251808166504,1.1999616622924805,1.3558564186096191,1.4925718307495115,1.613447666168213,10
0.6640431584860846,7.912665080998606,2.261787471584049,2.798029401899119,2.9702576641258167,1.101715087890625,3.3581018447875977,5.245514869689941,6.249702453613281,6.687129974365234,6.955692291259766,7.160195350646973,7.315881729125977,6
0.7047541332097333,71.92863227205432,0.6940224458306389,2.5689071176337217,2.602992857408765,0.4788873195648193,1.117648363113403,1.5666821002960205,1.8659064769744875,2.085981130599976,2.262451410293579,2.411105394363404,2.53765082359314,18
0.7433283409048308,192.5407932565898,44.70559910221297,2.544009160409609,2.592338825325025,0.2132251262664795,0.3697624206542969,0.5198631286621094,0.6577396392822266,0.7833161354064941,0.8998301029205322,1.0065741539001465,1.10563063621521,16
0.7651821152713281,135.53051485491355,113.0425926813226,2.139010930026406,2.073029419954511,0.180654764175415,0.3102035522460937,0.4317593574523926,0.5411736965179443,0.639671802520752,0.7300009727478027,0.8120396137237549,0.8871638774871826,16
0.5086434660875685,96.80655055367048,13.796615249226177,2.0589154490479604,2.5697203495300114,0.4946696758270263,1.226731538772583,1.6811325550079346,1.9252150058746336,2.0888593196868896,2.220621347427368,2.3253486156463623,2.4214770793914795,18
0.4785828697286284,112.67696749860012,15.138303335005578,2.228702138009289,2.255635653389601,0.4425973892211914,1.0276553630828855,1.3965551853179932,1.6118907928466797,1.7647531032562256,1.887625217437744,1.9879155158996584,2.0784220695495605,19
0.5849886769340018,20.96573228389689,73.22226052046021,2.090912719911929,2.9830269870092248,0.7877657413482666,2.372070074081421,3.5394046306610107,4.05157470703125,4.218544960021973,4.284005165100098,4.327058792114258,4.362712860107422,23
0.7105394198835088,95.47807467877035,1.2247025420065822,2.38156681957799,2.429374085238716,0.3695080280303955,0.7788364887237549,1.09413480758667,1.338274002075195,1.5337483882904053,1.69604754447937,1.833079099655152,1.9534671306610107,8
0.4583967494883125,7.446896220745792,0.6398242940749472,2.62080474270235,2.3930688417972377,1.145526647567749,3.585510969161988,5.885401725769043,7.293347358703613,7.837549209594727,7.975199699401855,8.06324291229248,8.147303581237793,5
0.9301757611482602,26.45280142861385,142.81847730324077,2.860535415380687,2.292723513617624,0.4344635009765625,0.9920613765716552,1.385624647140503,1.6414024829864502,1.8200576305389404,1.9565556049346924,2.065891981124878,2.159053564071656,20
0.9999459030904844,14.693771345739634,1.4200450180658943,2.3603956880826384,2.70562916067036,0.6722893714904785,1.7321524620056152,2.416867256164551,2.8261361122131348,3.1062121391296387,3.3225245475769043,3.5001044273376465,3.652825355529785,18
0.7076993280818147,143.166551124227,9.441310759738316,2.0312041474522924,2.258946692127014,0.2367026805877685,0.4401178359985351,0.6220781803131104,0.7823357582092285,0.9227440357208252,1.0487635135650637,1.1606650352478027,1.2610576152801514,9
0.631627297164058,66.33207105605106,3.782778451770252,2.858530628669401,2.005051859618588,0.4673056602478027,1.097063064575195,1.5226843357086182,1.7885806560516355,1.9816105365753167,2.131460428237915,2.2612111568450928,2.3713314533233643,18
0.6824937757803909,27.54289981639309,0.5855837217422336,2.078978317552209,2.8300655773380536,0.7448487281799316,2.1074860095977783,2.9822704792022705,3.395710229873657,3.617192506790161,3.769963979721069,3.894317865371704,3.994694471359253,22
0.7278495372240624,26.354579436082417,1.3478250927426056,2.3240083904774864,2.314213448002141,0.6868598461151123,1.80186128616333,2.4865097999572754,2.842813491821289,3.0647497177124023,3.233832836151123,3.367332935333252,3.4789628982543945,22
0.8542337157773352,40.76956476294192,43.13779025089099,2.3840634716583056,2.6493739246020773,0.491173505783081,1.1599164009094238,1.6269919872283936,1.936497926712036,2.1633670330047607,2.3431289196014404,2.4930241107940674,2.619800329208374,19
0.9386360461793666,59.968900267429206,3.0943458200339853,2.8362527722772657,2.2760690713012064,0.3599593639373779,0.7579164505004883,1.0847296714782717,1.3496983051300049,1.5656425952911377,1.747072458267212,1.9029200077056885,2.038712739944458,8
0.3014368330066541,144.22563385907492,18.58165174090773,2.412162449897413,2.0491504381142183,0.4686741828918457,1.1370632648468018,1.5099940299987793,1.6616709232330322,1.75992751121521,1.8385565280914309,1.9051382541656487,1.962644338607788,19
0.3141182703701706,34.87959034420044,12.557171539989708,2.050469393384836,2.4563101835686867,0.9184706211090088,2.79629135131836,4.312788486480713,4.998382568359375,5.147994041442871,5.194448471069336,5.221194267272949,5.241049766540527,6
0.8606318532827142,7.774803796921007,3.511034524030668,2.4111290446431948,2.712712869710759,0.9219939708709716,2.628179788589477,3.796764612197876,4.391159057617188,4.712141036987305,4.934381484985352,5.10684871673584,5.243058204650879,6
0.85884115790993,65.21677050189466,7.84506849137435,2.8628121477239103,2.316711448581663,0.3859248161315918,0.8283731937408447,1.1795918941497805,1.454298734664917,1.6737921237945557,1.855780839920044,2.010350465774536,2.144881010055542,9
0.5229539774787575,141.00471385332168,63.41730272804166,2.697536201401917,2.7114168755333394,0.392629861831665,0.8472576141357422,1.170912265777588,1.3972742557525637,1.5695273876190186,1.7085850238800049,1.825633764266968,1.9251959323883057,10
0.9435047935958844,47.489600537794544,27.908357701503377,2.890047047477918,2.2182525325564795,0.3838541507720947,0.8308475017547607,1.1844773292541504,1.4575839042663574,1.6740326881408691,1.8527178764343264,2.0041446685791016,2.135993003845215,9
0.3799647560223644,92.23053862057066,147.74896748223844,2.748590670737228,2.311026016258732,0.4742732048034668,1.166524887084961,1.5821828842163086,1.7376985549926758,1.8144264221191408,1.8747568130493164,1.9255695343017576,1.9695677757263184,0
0.7742048627998234,138.74829668730771,84.65342128519583,2.663886467767953,2.002105130159119,0.1958124637603759,0.3396401405334472,0.4750704765319824,0.5973176956176758,0.7069871425628662,0.8072736263275146,0.898723840713501,0.98217511177063,16
0.9866930999689734,8.112328711864457,48.79712553784049,2.281214278042853,2.74467533743021,0.7499618530273438,2.054450273513794,2.8942482471466064,3.332899332046509,3.5881850719451904,3.764836549758911,3.89503026008606,4.00871467590332,23
0.9601240323649316,199.6257521860602,3.5879224895076702,2.831152960124327,2.288997580103575,0.163820743560791,0.2821934223175049,0.3976593017578125,0.5098457336425781,0.6165618896484375,0.7184405326843262,0.8146095275878906,0.9062986373901368,15
0.4974920195714789,148.99057726809227,2.3556520559495304,2.079255816996048,2.9892712981374525,0.4098398685455322,0.9435193538665771,1.3136529922485352,1.5596990585327148,1.7426235675811768,1.8907122611999512,2.0149333477020264,2.1213219165802,18
0.72758392961151,6.706998350032545,15.11298118352715,2.377257351487821,2.584882492088955,1.002544641494751,2.9610531330108643,4.426648139953613,5.138530731201172,5.463818550109863,5.664459228515625,5.799067497253418,5.904329299926758,6
0.4793152879835131,9.81715328621724,0.9889461191009324,2.654971962745987,2.234407705683952,1.074713945388794,3.235940456390381,5.035941123962402,5.991849422454834,6.346258640289307,6.536386013031006,6.688360691070557,6.79040002822876,5
0.8130564106811151,99.54390201179906,53.29744729498801,2.1400540026751136,2.410978133589316,0.2701878547668457,0.5182013511657715,0.7341032028198242,0.9205203056335448,1.0812056064605713,1.2213189601898191,1.3443496227264404,1.4534361362457275,9
0.7043344643626454,39.8078023839867,95.57998311467628,2.577781720538157,2.204305642079025,0.4915435314178467,1.18941068649292,1.633882761001587,1.8780982494354248,2.03760027885437,2.1593692302703857,2.259022951126098,2.3425209522247314,20
0.5357468326599957,16.175436999138814,27.71245135560085,2.589622081158277,2.141897771451447,0.8769521713256836,2.494014024734497,3.612703561782837,4.114962577819824,4.350995063781738,4.487774848937988,4.571372985839844,4.635765075683594,23
0.6523455630192317,6.7887280531452525,249.1039570743838,2.994074928703802,2.665877798022441,0.6639251708984375,1.897379398345948,2.799178123474121,3.1271605491638184,3.1552329063415527,3.155694007873535,3.155911922454834,3.1560683250427246,1
0.3646828797106934,32.05155420619628,39.54979972066574,2.378455075477241,2.5425740671399346,0.8820230960845947,2.6367948055267334,4.010684967041016,4.611837387084961,4.793448448181152,4.857143402099609,4.888620376586914,4.9122514724731445,23
0.9950984718287452,7.641084616142693,3.8123862902416152,2.479012887569546,2.132259940519199,0.7563230991363525,1.934908390045166,2.6763272285461426,3.1062769889831543,3.394150257110596,3.607534885406494,3.776496410369873,3.916230201721192,22
0.6434348018005092,7.534315135546303,39.44706758754193,2.2594227811907333,2.0028121567997186,0.8801243305206299,2.496033430099488,3.5897152423858643,4.065378189086914,4.26870059967041,4.394834518432617,4.4592390060424805,4.496774673461914,23
0.9542458058516858,6.423903693958885,0.6685508480121471,2.930102298451425,2.724965750053686,0.9279589653015136,2.581505298614502,3.708477020263672,4.330746173858643,4.717790126800537,5.003966808319092,5.22542142868042,5.401014804840088,5
0.5784461133804768,11.028975924484756,25.880221370143616,2.122531687319277,2.7814421763738646,0.9785408973693848,2.9980876445770264,4.637290954589844,5.439677238464356,5.703155517578125,5.808315277099609,5.871801376342773,5.917943000793457,7
0.8928402259116479,7.220670897989824,7.236192966147947,2.121113181866737,2.7330420878473407,0.885272741317749,2.517259359359741,3.6121904850006095,4.1459550857543945,4.441131591796875,4.634810447692871,4.787644386291504,4.906835556030273,22
0.5586209731850371,24.56338411213301,3.1011742047129176,2.993458927198596,2.2267947642597288,0.8418819904327393,2.3367090225219727,3.327054500579834,3.823662281036377,4.105670928955078,4.293560028076172,4.428493022918701,4.532383918762207,22
0.8812799645404841,155.14569770432954,2.121090734306042,2.469735070073304,2.513483148638414,0.2165675163269043,0.389617919921875,0.5569510459899902,0.7124025821685791,0.8552718162536621,0.987478494644165,1.1097052097320557,1.2223782539367676,15
0.4272331843435213,29.63926477623517,0.5135510982857324,2.2612668626516017,2.0226742369202566,0.8473532199859619,2.3777782917022705,3.3824541568756104,3.812041521072388,3.9990155696868896,4.119989395141602,4.197573661804199,4.251161575317383,22
0.8123090802674218,23.31874560820146,25.57888460423223,2.6685924627092805,2.043083107036632,0.582026481628418,1.4379119873046875,1.982693672180176,2.3000941276550293,2.515986919403076,2.682206630706787,2.8188157081604004,2.930328845977783,19
0.8472946602755083,6.479018923189697,201.70803695944545,2.338033820593969,2.6336752592303303,0.6521017551422119,1.8396329879760744,2.6419782638549805,2.935739040374756,2.986391067504883,2.9865736961364746,2.987734794616699,2.98940658569336,1
0.5621849550364391,55.31739247470374,6.02156706210954,2.9329040969546414,2.433429148160332,0.6529595851898193,1.7381815910339355,2.441378593444824,2.79777193069458,3.010110855102539,3.1669578552246094,3.2875900268554688,3.3988990783691406,22
0.8537022761361805,145.23735549359128,94.33444356381564,2.1094353749471755,2.232588933803753,0.1646358966827392,0.2853074073791504,0.4008073806762695,0.5085563659667969,0.6077761650085449,0.7003462314605713,0.7863204479217529,0.8656890392303467,16
0.3986548530928351,27.597125649694245,1.4296970678612064,2.6948444536841434,2.326751570672398,0.958487033843994,2.821733236312866,4.236360549926758,4.880352973937988,5.142431259155273,5.297619819641113,5.399134635925293,5.460873603820801,5
0.4436043731713556,14.35873598930229,101.0857605468,2.781367974087094,2.922526213670862,0.9131467342376708,2.803572654724121,4.447727680206299,5.314066886901856,5.552204132080078,5.6080474853515625,5.621499061584473,5.624990463256836,7
0.913759894753308,11.667979537872778,6.764830244351582,2.8868633809857824,2.318044129710163,0.7587482929229736,1.9870634078979488,2.7818756103515625,3.239933967590332,3.543128490447998,3.767007827758789,3.9442057609558105,4.092762470245361,22
0.8156233025751269,32.23769699467293,51.24233437236591,2.9486270921082287,2.636799826048472,0.5888972282409668,1.492625713348389,2.106916904449463,2.465992450714112,2.705638885498047,2.887418270111084,3.0353569984436035,3.162628650665283,19
0.3410689941476279,20.599660374817727,1.7420629759138593,2.788937599142707,2.070213586831631,1.010920763015747,3.011873245239258,4.651549339294434,5.48013973236084,5.750629425048828,5.889613151550293,5.985151290893555,6.052848815917969,5
0.4866522840136453,16.35745711883812,250.8367725773628,2.607579345659052,2.0098648852919303,0.5005753040313721,1.2776188850402832,1.69460129737854,1.7348353862762451,1.7352139949798584,1.7355515956878662,1.7360594272613523,1.7363107204437256,1
0.8551679930464606,157.59905122802553,224.69079775558808,2.082230753998312,2.601402485741428,0.1466720104217529,0.2350649833679199,0.3221936225891113,0.4036102294921875,0.4797179698944092,0.5508577823638916,0.6174702644348145,0.6797847747802734,3
0.4449402511281147,166.73496062770346,122.54678168998336,2.8947172784328927,2.546420122452238,0.340639591217041,0.6754262447357178,0.9044413566589355,1.0698773860931396,1.199160099029541,1.3050436973571775,1.3953900337219238,1.4742093086242676,10
0.4200223926411901,8.208223723395628,6.569497870249354,2.515237837397102,2.20282111193307,1.0991084575653076,3.4101219177246094,5.53074836730957,6.813968658447266,7.272150039672852,7.373785018920898,7.435508728027344,7.490816116333008,6
0.950513095211992,28.940194897748096,2.909409318428312,2.528138261496577,2.328753464338152,0.5127043724060059,1.1999528408050537,1.6837668418884275,2.0117087364196777,2.2563252449035645,2.451611518859864,2.614530086517334,2.754261016845703,18
0.5988035261108888,15.91514370261635,0.5430756293457497,2.0841646571174133,2.609541291551661,0.9277944564819336,2.73371958732605,4.031405448913574,4.615629196166992,4.858633995056152,4.989616394042969,5.099013328552246,5.172746658325195,5
0.3233483128785746,18.06539583314372,20.942819168713186,2.687276699763113,2.5434254093567,1.060739040374756,3.2929036617279053,5.35167407989502,6.575994491577148,6.937450408935547,6.99002742767334,7.023005485534668,7.043613433837891,7
0.6639376901650595,108.9374197707606,233.6274723035405,2.168244084217847,2.4507588418277333,0.234490156173706,0.4023897647857666,0.5394015312194824,0.6551601886749268,0.754021167755127,0.8400869369506836,0.9149773120880128,0.9817545413970948,17
0.4141823646734121,213.88330840840607,29.16099684694925,2.1487293029103545,2.26778082875649,0.2816255092620849,0.5233864784240723,0.7039201259613037,0.8486433029174805,0.9684946537017822,1.0703184604644775,1.1582424640655518,1.2353839874267578,9
0.721722368121576,38.58228997184536,0.7832579654226061,2.361148308836964,2.482788462897609,0.6083476543426514,1.5530483722686768,2.1468377113342285,2.4779348373413086,2.699145793914795,2.867959499359131,3.008356094360352,3.130165100097656,18
0.7571471642419281,72.02782383486468,58.8087450246757,2.9453178890919887,2.7648392578393373,0.4453043937683105,1.0033888816833496,1.4199085235595703,1.715728759765625,1.9385218620300293,2.116951942443848,2.2666211128234863,2.3940978050231934,19
0.3908012649769935,50.75453295638198,14.318662245967715,2.0915608001631627,2.58541442105748,0.7887852191925049,2.310662031173706,3.3800041675567627,3.815608263015747,3.9578678607940674,4.024871826171875,4.082347869873047,4.133209228515625,22
0.6774282982201569,32.98684092156085,4.272138221771765,2.1693693708713546,2.792151591522888,0.6990323066711426,1.932854413986206,2.711209535598755,3.091358423233032,3.307966470718384,3.4612090587615967,3.589965581893921,3.694094896316528,22
0.9532839014741236,12.089342863265388,97.87516029800446,2.9526878154477485,2.1827076709351565,0.5934567451477051,1.5057320594787598,2.09609603881836,2.42649793624878,2.632993698120117,2.78001356124878,2.8936004638671875,2.9886183738708496,20
0.9890994983430588,7.474059706244165,1.7197207019051912,2.5944482253470524,2.517159072501074,0.8302817344665527,2.2272322177886963,3.1315853595733643,3.6375653743743896,3.9640533924102783,4.199713706970215,4.3913774490356445,4.54878044128418,22
0.7605191897193936,77.63465265807669,5.785583891556629,2.015152469237395,2.99164600409116,0.4046645164489746,0.9062011241912842,1.2842864990234375,1.5673828125,1.789967060089111,1.9734320640563965,2.128343105316162,2.260936737060547,18
0.640724618665658,35.95524350055323,25.35670398153168,2.287755093717542,2.968606883671156,0.7068910598754883,2.00484585762024,2.8615658283233643,3.2695467472076416,3.479940176010132,3.622375726699829,3.737371206283569,3.8313148021698,23
0.506464486065572,152.6437076516821,1.1493908604758374,2.9471040855444217,2.4782203097201063,0.3966848850250244,0.8604319095611572,1.1943612098693848,1.4300594329833984,1.6099772453308103,1.7565546035766602,1.8795132637023928,1.988119125366211,8
0.7866575991047462,9.718290822127976,1.1720138640259257,2.4522592461361694,2.2277422322402223,0.8723273277282715,2.3690967559814453,3.3231210708618164,3.820343494415283,4.117691516876221,4.321732044219971,4.476329803466797,4.600718021392822,22
0.3207131852228196,6.846019019706217,5.106637226309129,2.24323919749711,2.3591639602949246,1.1497440338134766,3.727481842041016,6.453670024871826,8.49001693725586,9.458703994750977,9.55270767211914,9.556669235229492,9.560232162475586,14
0.624651719493377,198.4333853355413,35.360235591124294,2.898836822149889,2.618640256017366,0.2646195888519287,0.4759175777435303,0.661550760269165,0.8258910179138184,0.9709930419921876,1.1012611389160156,1.217270851135254,1.3223400115966797,9
0.9892914488329418,19.190996855102625,0.6700456065643317,2.9561672009717865,2.271829566074951,0.5872726440429688,1.428980827331543,2.008939743041992,2.3832693099975586,2.652627468109131,2.8648934364318848,3.039829730987549,3.1905765533447266,18
0.3209299291479704,155.52965086746585,9.425769783420147,2.026305972275056,2.0090373483446347,0.4202666282653808,0.9694271087646484,1.270647048950195,1.41819429397583,1.5196261405944824,1.5993854999542236,1.667461395263672,1.7295608520507812,18
0.6534675475568525,35.01034269780028,247.35426375305343,2.146182724788532,2.673974149112585,0.4467287063598633,1.0889928340911863,1.4853639602661133,1.6440694332122805,1.7169480323791504,1.769045114517212,1.8103625774383545,1.844443321228028,1
0.3026925407382317,161.68286844741846,162.01112614529904,2.9685954511615216,2.860092578963194,0.4556224346160888,1.083792209625244,1.485912799835205,1.652860164642334,1.7380270957946775,1.8056554794311523,1.862762451171875,1.9121580123901367,0
0.3451738401788157,62.59473585730711,140.00516205466292,2.275452401399992,2.856904311777786,0.6394567489624023,1.845630407333374,2.697924852371216,2.9900543689727783,3.0373404026031494,3.0590760707855225,3.079756498336792,3.099203824996948,0
0.7378079025494636,28.710324002258066,1.018742800636987,2.0506463971362434,2.140554309398356,0.6119146347045898,1.5329744815826416,2.079673767089844,2.3781118392944336,2.576533317565918,2.732019424438477,2.85532283782959,2.9650845527648926,18
0.8531854111034649,12.20776950006395,86.17360431431976,2.016306146446006,2.099799170364096,0.607306718826294,1.5539369583129885,2.103747844696045,2.3634815216064453,2.504417896270752,2.607443332672119,2.687286376953125,2.749824047088623,20
0.6931291209681618,118.84170560516412,30.50453484087901,2.7862458846489906,2.459240363325706,0.3331105709075928,0.671011209487915,0.9423937797546388,1.1647751331329346,1.348444938659668,1.503644943237305,1.637768268585205,1.754429817199707,9
0.4888297018555607,116.4257019724617,6.982480280523002,2.000465732124976,2.2477686324080226,0.4184703826904297,0.9510395526885986,1.2890918254852295,1.496330738067627,1.648753643035889,1.7706069946289062,1.8725793361663816,1.9595589637756348,18
0.4953037102113007,7.482471510333821,66.42317000246906,2.573694241449974,2.5728957641022747,0.9816384315490724,3.0224616527557373,4.803391456604004,5.763635635375977,6.009883880615234,6.065040588378906,6.0890398025512695,6.0974884033203125,7
0.928345780798917,8.458508488578822,229.36988726417124,2.1018536512449235,2.8181430010599606,0.565375566482544,1.5369622707366943,2.1702797412872314,2.412984609603882,2.471449136734009,2.488610029220581,2.5014431476593018,2.512586832046509,1
0.3523144332166233,10.734892321482713,0.538789885848362,2.8085184274198345,2.8834011049602672,1.2125420570373535,3.921408176422119,6.786105155944824,8.851278305053711,9.76258659362793,9.880085945129396,9.890533447265623,9.90916919708252,13
0.6939372519579203,27.24200928453718,0.846929843815137,2.744991366020281,2.473938187727741,0.7426257133483887,2.006347894668579,2.820063352584839,3.245805025100708,3.499586820602417,3.68023943901062,3.820557832717896,3.943727731704712,22
0.5543944676489365,117.28273705535952,1.5673144763225495,2.398296894565466,2.123674947456819,0.3752574920654297,0.803863525390625,1.1085801124572754,1.3247435092926023,1.4895260334014893,1.6260850429534912,1.7400720119476318,1.8405659198760984,8
0.5939324836485398,6.056304773474832,61.56843075882104,2.5521477316233856,2.77269351896628,1.0012359619140625,3.089532852172852,4.921543121337891,5.9063720703125,6.200431823730469,6.288175582885742,6.327273368835449,6.341609954833984,7
0.4152196503740765,12.84811617648884,15.012232049933262,2.2524654746752244,2.614874534566284,1.0596427917480469,3.308405637741089,5.345743179321289,6.512163162231445,6.868352890014648,6.935492515563965,6.968162536621094,6.989025115966797,6
0.7120461357157024,136.86305372425676,12.348134251930157,2.3992306278471123,2.755594453744229,0.3122787475585937,0.6132421493530273,0.8674509525299072,1.084139347076416,1.2688143253326416,1.428947687149048,1.5689711570739746,1.6922075748443604,9
0.9185326535750546,6.794479924822623,7.804731712932567,2.2260444271385222,2.552710942379099,0.8689770698547363,2.410244941711426,3.409976959228516,3.917413234710693,4.211349964141846,4.410398483276367,4.573042392730713,4.694948196411133,22
0.7840150189706449,10.22436424561414,80.58795034201472,2.908453950416998,2.3867289576086064,0.7730207443237305,2.148110866546631,3.0721077919006348,3.525299549102783,3.760544776916504,3.899844169616699,3.990029811859131,4.053247451782227,23
0.7186142415459252,120.43084636790744,0.581137357327091,2.6584874431044714,2.71890953710438,0.354686975479126,0.724689245223999,1.0249512195587158,1.2719976902008057,1.4763693809509275,1.6493468284606934,1.798506736755371,1.928202629089356,8
0.3472046462060999,45.757777947678,2.285207643717822,2.4642265425551533,2.5116317082612603,0.890228271484375,2.645317554473877,3.9745631217956543,4.560665607452393,4.768697261810303,4.856008529663086,4.922438144683838,4.972596168518066,22
0.900720190399523,21.83435251238846,1.1584963997682125,2.2871074550040427,2.910119092256095,0.6572377681732178,1.7250216007232666,2.4157302379608154,2.8161985874176025,3.083787202835083,3.288856744766236,3.457614183425904,3.6033036708831774,18
0.355019928293682,52.11429559656813,2.8782288152728213,2.7875164774351675,2.417111893507776,0.8437986373901367,2.4413962364196777,3.58751916885376,4.104923248291016,4.321052551269531,4.4383063316345215,4.516203880310059,4.57429838180542,22
0.4125291025898667,12.112966248922536,6.797293083081227,2.816439604073985,2.500912633939656,1.11578106880188,3.464333295822144,5.617678642272949,6.884777069091797,7.324014663696289,7.449850082397461,7.537372589111328,7.600605964660644,6
0.7789842600271852,37.77827652063544,248.2810225375137,2.13865979683064,2.553328389582607,0.367347240447998,0.7937612533569336,1.0754342079162598,1.2455906867980957,1.3603837490081787,1.4456214904785156,1.51261305809021,1.5663368701934814,10
0.96131392277341,6.673989794381614,23.486639975022424,2.097507007055523,2.4648518146843634,0.8015804290771484,2.182092905044556,3.0457770824432373,3.4891955852508545,3.7486321926116943,3.925173044204712,4.063348770141602,4.169299125671387,23
0.6345406424147872,43.31815607410345,45.5945742034652,2.339188364627745,2.1294999972213566,0.5481553077697754,1.3698277473449707,1.864928722381592,2.122008800506592,2.28738021850586,2.4119672775268555,2.5163121223449707,2.6078367233276367,19
0.8857601347835182,25.06764093541853,76.51431505125797,2.772851344509496,2.8046847893499964,0.5880968570709229,1.49583101272583,2.115598201751709,2.475721836090088,2.712651252746582,2.8929834365844727,3.0388193130493164,3.1579666137695312,20
0.9995343059186904,63.9433081951812,0.5747540174437038,2.5833874305892737,2.399243835025503,0.3292312622070312,0.668804407119751,0.961817741394043,1.2108087539672852,1.4210317134857178,1.601528882980347,1.7582995891571045,1.8963901996612549,8
0.3200294148327712,9.084348046926218,3.7108332746981,2.4684968333758524,2.3019248488973574,1.139857053756714,3.637868404388428,6.173843860626221,7.932496547698975,8.700838088989258,8.780502319335938,8.786102294921875,8.793272018432617,14
0.7551502015542012,27.22238001809704,3.110112366163553,2.928267554880704,2.363444684282169,0.6757018566131592,1.7546930313110352,2.4533004760742188,2.846487522125244,3.098571300506592,3.2894845008850098,3.4438605308532715,3.574739933013916,22
0.4007287633171348,9.696778652095322,64.40498660811392,2.5655252746974404,2.8704616430844467,1.021437644958496,3.210301160812378,5.284763336181641,6.588446617126465,6.967779159545898,6.992125511169434,7.005265235900879,7.009393692016602,7
0.4241941393969654,31.59478167802436,260.35846239375536,2.412668488194959,2.3341795834877326,0.5033860206604004,1.3035638332366943,1.7695763111114502,1.8391573429107664,1.839850664138794,1.8404805660247805,1.841144323348999,1.8418056964874268,1
0.932660218030938,42.27347058482732,199.5353053071009,2.7705219752306465,2.8020829318493226,0.3803822994232178,0.8103365898132324,1.1350443363189695,1.3761320114135742,1.55922269821167,1.7061257362365725,1.8259515762329104,1.926790714263916,10
0.991391105411326,6.665486154513186,31.12078658471456,2.1047319494198016,2.546231719537999,0.7766025066375732,2.110419511795044,2.943531274795532,3.375827074050904,3.630953073501587,3.805357217788696,3.943002462387085,4.049644470214844,23
0.458148390187722,41.82561294231081,52.86618177551939,2.824135454157573,2.8640998870096976,0.8001296520233154,2.349839925765991,3.494493246078491,4.032001495361328,4.238973617553711,4.3404645919799805,4.408255577087402,4.463048934936523,23
0.7332781742006493,11.88922606325242,1.3600122181145862,2.630542867647445,2.799103890487753,0.9508180618286132,2.75614070892334,4.054780960083008,4.702720642089844,5.044166564941406,5.268691539764404,5.428983211517334,5.56521463394165,5
0.5407799195269567,27.08837137076151,11.876462725114074,2.485074012232688,2.4845647202289167,0.8416962623596191,2.406338214874268,3.479717254638672,3.973461151123047,4.202478885650635,4.333175182342529,4.431048393249512,4.509570598602295,22
0.6200295532450875,69.27553645515198,4.030496497052221,2.2818317808846733,2.8502817133831804,0.553729772567749,1.4168484210968018,1.9772279262542725,2.291187047958374,2.5009219646453857,2.6638405323028564,2.796917676925659,2.9140121936798096,18
0.4831638015505999,51.89230535404141,0.6900743633455505,2.3808286134541485,2.2745526341984066,0.6984734535217285,1.8992817401885984,2.6435115337371826,2.9816129207611084,3.154114961624145,3.2761785984039307,3.3706047534942627,3.4514734745025635,22
0.3400959199933357,91.12110538192742,6.149808900557958,2.215792669126184,2.3681503583235752,0.6519949436187744,1.7891292572021484,2.492261409759521,2.7614669799804688,2.872135162353516,2.9530844688415527,3.0239038467407227,3.084156990051269,22
0.9108657471615906,18.603660101449886,51.72676263781152,2.745176957071977,2.362548635754786,0.5998823642730713,1.5075461864471436,2.1031014919281006,2.4529688358306885,2.684715509414673,2.861872911453247,3.005157232284546,3.1223742961883545,19
0.3464947945071729,35.61879162178442,67.0251352017322,2.964266864700031,2.952117801828105,0.9056663513183594,2.767092704772949,4.352031230926514,5.177657127380371,5.434630393981934,5.519448280334473,5.551054000854492,5.568199157714844,7
0.3164164071365539,9.567020355965274,12.300702304617248,2.0485370733427923,2.5281356115829112,1.1048531532287598,3.587120056152344,6.162289142608643,7.995269298553467,8.749364852905273,8.811452865600586,8.814634323120117,8.817615509033203,14
0.3229476320167582,143.74838713812468,0.5870438872372916,2.844327969577694,2.699344680944165,0.6022768020629883,1.6338636875152588,2.322863817214966,2.615987539291382,2.752269983291626,2.8511297702789307,2.9368507862091064,3.011913537979126,22
0.8004244241372203,20.08575230482537,87.96208049136206,2.002722714460208,2.264046685697341,0.570044755935669,1.448782205581665,1.969538688659668,2.226078987121582,2.37491226196289,2.4906959533691406,2.5808796882629395,2.65263032913208,20
0.5326243063720862,25.133710523038623,6.81116502424345,2.8434338617294808,2.448148686464416,0.8918590545654297,2.5598981380462646,3.739442586898804,4.304369926452637,4.584109306335449,4.760321617126465,4.877786636352539,4.968160629272461,22
0.8304877633303689,10.112375806919813,1.4664317287616333,2.292361486327889,2.8877682880174063,0.8946230411529541,2.5885531902313232,3.761066675186157,4.338768005371094,4.6464433670043945,4.847916603088379,5.00521183013916,5.132208824157715,5
0.8909485693629016,63.204192173628805,1.9445063960991944,2.278606509847082,2.6651561955795,0.3863768577575683,0.8234131336212158,1.1723802089691162,1.4504828453063965,1.6752150058746338,1.8628671169281008,2.022714853286743,2.1610991954803467,8
0.5827767721769708,127.47095549059318,2.676836593718643,2.061775556559144,2.95043426742031,0.3949401378631592,0.8840997219085693,1.2390952110290527,1.494119644165039,1.6920037269592283,1.85352087020874,1.9881274700164795,2.105581521987915,18
0.5634147060585512,17.947595265393407,51.79441280957813,2.404831351283643,2.676285174360676,0.8627338409423828,2.550227403640747,3.803946733474731,4.3702545166015625,4.582284927368164,4.67824649810791,4.730051040649414,4.766923904418945,23
0.463995088458496,105.42792349179662,0.5700316605948554,2.475466641910342,2.305523974153008,0.4996795654296875,1.2216105461120603,1.6704702377319336,1.909440040588379,2.0702719688415527,2.196669578552246,2.302070617675781,2.3950958251953125,18
0.9683812793060116,128.63821494322752,2.057656365629644,2.0049488137251483,2.904985901102436,0.2103831768035888,0.3908538818359375,0.5651919841766357,0.7294402122497559,0.8813412189483643,1.0225532054901123,1.1529607772827148,1.2730677127838137,15
0.5492668298539595,37.3597889649,22.09647959299894,2.32179115366381,2.2196662672814105,0.6906242370605469,1.8602838516235352,2.570591449737549,2.89620304107666,3.0669307708740234,3.1836986541748047,3.2801718711853027,3.356600761413574,23
0.6955699594366731,81.69592287777753,5.879708408784548,2.117460469097943,2.2883600228393,0.381227970123291,0.8182013034820557,1.1391570568084717,1.3770065307617188,1.5641865730285645,1.7178771495819092,1.8463728427886963,1.9579412937164309,9
0.5336287742922248,89.90918399998391,153.4841704347361,2.102213980302584,2.3967375703095457,0.3654079437255859,0.7830796241760254,1.051945447921753,1.2196435928344729,1.3390991687774658,1.4327445030212402,1.5110020637512207,1.5772807598114014,10
0.5011638601010107,14.723895905494976,9.7311017390886,2.8382785747977954,2.412488763126714,1.0118539333343506,2.9934213161468506,4.536752700805664,5.283726692199707,5.599569320678711,5.79561710357666,5.940794944763184,6.035400390625,6
0.5979534545539879,24.099188612331613,65.17451912550796,2.3448404590358822,2.11960475548478,0.6853182315826416,1.8510007858276367,2.5652718544006348,2.8765339851379395,3.019224166870117,3.1140685081481934,3.1856842041015625,3.2435522079467773,23
0.677724672122064,31.36117681054569,24.20213092030992,2.226512935471457,2.135529139914053,0.6179249286651611,1.5823140144348145,2.1547327041625977,2.4501185417175293,2.6321511268615723,2.7723135948181152,2.882398128509521,2.9821348190307617,19
0.3984200818940367,11.727236250281129,1.4239039001540317,2.9350220432673897,2.498500058055368,1.14373779296875,3.572366237640381,5.876955509185791,7.295488834381103,7.818525791168213,7.952817440032959,8.047384262084961,8.125925064086914,5
0.7257049003607615,177.8608007758008,59.53369846746164,2.130210642304726,2.7313571475695007,0.2132635116577148,0.3768172264099121,0.5318641662597656,0.6723856925964355,0.8003056049346924,0.9170894622802734,1.0245485305786133,1.1225104331970217,16
0.9040599646444164,51.84743013289016,78.62658768499675,2.5124576302519186,2.377155848445704,0.368959903717041,0.7820656299591064,1.104081153869629,1.353111982345581,1.5507736206054688,1.7130413055419922,1.8501229286193848,1.967224597930908,10
0.5097569571971466,38.882710103636335,13.392002472304933,2.598292370331297,2.604197854223082,0.7951765060424805,2.270468473434448,3.2786319255828857,3.7466862201690674,3.9647433757781982,4.090043067932129,4.187893867492676,4.26872444152832,22
0.6373258742192314,44.5050135348221,47.266463081576205,2.007735860813138,2.93230784631373,0.5997154712677002,1.636460304260254,2.288968086242676,2.5996389389038086,2.781280517578125,2.911839485168457,3.02326774597168,3.113053798675537,19
0.8198814346622756,8.731589202740489,23.550250771874893,2.318513813785542,2.645367908830416,0.8810551166534424,2.517158508300781,3.6343021392822266,4.17182731628418,4.451530933380127,4.62938117980957,4.760283470153809,4.862731456756592,23
0.9861763872742264,64.03527261779963,115.9220431313564,2.48243418051676,2.255018531931486,0.2660396099090576,0.5086328983306885,0.7217972278594971,0.9053559303283693,1.0640058517456057,1.2014296054840088,1.322364091873169,1.4284751415252686,10
0.6234402771488758,8.59218223239598,6.038340485249593,2.2342696326103546,2.7110272327897125,1.0402765274047852,3.172260284423828,4.888671398162842,5.753668785095215,6.092072010040283,6.259828090667725,6.373826503753662,6.464213848114014,6
0.8508327936201556,70.3311036877275,1.2215364683406138,2.613309854897599,2.352221793910848,0.3684797286987304,0.7768537998199463,1.104457139968872,1.366056203842163,1.5779187679290771,1.7551305294036863,1.9063899517059328,2.0380399227142334,8
0.5890579839190233,7.115304906777257,0.5122205774289008,2.7315884552133616,2.9030954206008803,1.1557486057281494,3.5987627506256104,5.784751892089844,7.053122520446777,7.5720720291137695,7.807238578796387,7.985109329223633,8.13134765625,5
0.5321937721649319,115.59301102114186,146.1603369684656,2.5380615643101,2.407698751814974,0.3370110988616943,0.6783905029296875,0.9146628379821776,1.0827012062072754,1.2115280628204346,1.3150982856750488,1.4030122756958008,1.4783635139465332,10
0.3620512989211072,6.1145133212909295,42.237717531424536,2.8154932551374467,2.479694265130259,1.0864911079406738,3.419893503189087,5.735208511352539,7.315471649169922,7.889129638671875,7.907345771789551,7.908405303955078,7.909395217895508,7
0.4783423494611052,105.91432554071456,1.451879680453939,2.0169936701129934,2.733888953459924,0.5086870193481445,1.2941229343414309,1.7804477214813232,2.03169584274292,2.197303295135498,2.3256988525390625,2.434691905975342,2.52904748916626,18
0.802282803672268,150.6370247479562,0.6726382933633931,2.5518661266700127,2.8558359010321355,0.2717893123626709,0.5065867900848389,0.7227628231048584,0.9169490337371826,1.0910043716430664,1.247647047042847,1.3883535861968994,1.5152807235717771,8
0.6451913262762201,13.248206267368731,9.006892568997232,2.2375468882844034,2.923157213305691,0.9550790786743164,2.879412174224853,4.357243537902832,5.065391540527344,5.349107265472412,5.506497859954834,5.612958908081055,5.692503929138184,6
0.6383323217966257,8.253143670349768,1.7462821487676452,2.6465642604831103,2.0983235474444752,0.9885671138763428,2.802003860473633,4.0682148933410645,4.687941074371338,5.032200336456299,5.289536476135254,5.475575923919678,5.610010623931885,5
0.5184420283282131,9.051190245358324,191.644781151591,2.214951949013821,2.5311823924303347,0.7024400234222412,2.05061674118042,3.0352797508239746,3.367975234985352,3.3829269409179688,3.38309383392334,3.382859230041504,3.382756233215332,23
0.7000741389749399,17.778883402438083,1.191555575016492,2.3068589004237934,2.0674951833979507,0.7681968212127686,2.0339114665985107,2.812715768814087,3.2035844326019287,3.432936906814575,3.5881917476654053,3.718376398086548,3.815419435501098,22
0.7684576863574222,103.6614333068868,4.13776153710619,2.2028847875651505,2.3235976897975923,0.301232099533081,0.595015287399292,0.842637300491333,1.0505526065826416,1.2256324291229248,1.377305507659912,1.5085082054138184,1.6245031356811523,8
0.9110536185884012,19.223211144928484,151.32040973018184,2.355670397577111,2.6964504319509865,0.531580924987793,1.341118097305298,1.874136447906494,2.1621689796447754,2.337212085723877,2.4628782272338867,2.558516502380371,2.63771915435791,20
0.808599319865146,169.55022457672516,55.84904431268141,2.475534409063872,2.9796676393657,0.2346096038818359,0.415978193283081,0.5899014472961426,0.75022292137146,0.8966884613037109,1.0313622951507568,1.155076503753662,1.2687063217163086,16
0.8593035330585543,43.1856942287013,212.2733528375492,2.4573090376941047,2.4496998439026365,0.3478922843933105,0.7226400375366211,0.992835283279419,1.186326503753662,1.33099627494812,1.445166826248169,1.537604808807373,1.615124225616455,10
0.91759767025314,6.080129683760947,0.7221951486248865,2.478082153308251,2.823216940481989,0.953022003173828,2.735889911651612,3.984821319580078,4.628836631774902,4.987948894500732,5.238434314727783,5.433434009552002,5.587117671966553,5
0.7205738993243479,53.97469958705855,67.93240088161846,2.201014395571798,2.651760014572898,0.4746227264404297,1.1343317031860352,1.5755271911621094,1.8463330268859863,2.039005756378174,2.18814754486084,2.3125200271606445,2.4154152870178223,20
0.8382314302307814,8.753268343387548,80.59736225411226,2.546887839906216,2.6442190438025985,0.7919087409973145,2.248236179351806,3.244189739227295,3.721524238586426,3.949148654937744,4.07485818862915,4.152774810791016,4.212374687194824,23
0.4741505917342788,146.99983270653976,0.91243630382732,2.0211268731411267,2.238363150454955,0.3542139530181885,0.7441174983978271,1.0131771564483645,1.2019977569580078,1.348151445388794,1.4657649993896484,1.5676021575927734,1.6545181274414062,8
0.7945409750244194,10.396828572075016,10.58142470162257,2.819879505249713,2.298482669673826,0.856917142868042,2.331657648086548,3.290956735610962,3.804589986801148,4.120065689086914,4.340234756469727,4.503358840942383,4.63548755645752,22
0.5178217460014769,8.68416413867651,11.595800014035174,2.504000357328429,2.378550380932952,1.0670616626739502,3.242295742034912,5.075913906097412,6.046383857727051,6.388017654418945,6.538125038146973,6.6426544189453125,6.718271255493164,6
0.570474743948811,34.27588124452184,6.264764649070857,2.3464014890431253,2.2604082024676675,0.7309920787811279,1.98836088180542,2.7668495178222656,3.137038230895996,3.3320436477661133,3.4652438163757324,3.567954063415528,3.661880016326904,22
0.9368291417262696,23.296832200704664,30.47144563325564,2.2440373277407506,2.538904060394561,0.5568664073944092,1.3627033233642578,1.8946549892425537,2.226444959640503,2.46277117729187,2.6480472087860107,2.7995054721832275,2.928272008895874,19
0.7062563484302999,26.082766512222182,107.47543292091574,2.108484845048076,2.909416767772898,0.6237363815307617,1.7343175411224363,2.452260255813598,2.771007776260376,2.9271419048309326,3.0285584926605225,3.106717824935913,3.172168493270874,23
0.6467854294654849,20.259703774819,39.92182568932703,2.294196984431095,2.2167818744200987,0.7355520725250244,2.003950834274292,2.789055585861206,3.1527984142303467,3.3296210765838623,3.4515602588653564,3.53808856010437,3.604713201522827,23
0.7385917598674876,71.37839447746026,112.43813667480596,2.797128646184708,2.3015939762650977,0.3517398834228515,0.7329699993133545,1.0185844898223877,1.2315897941589355,1.3980140686035156,1.5329103469848633,1.645103931427002,1.742487907409668,10
0.905485971546035,98.74610816630846,16.583407350997295,2.5487499808618983,2.478276181577024,0.279567003250122,0.5389490127563477,0.7721569538116455,0.9775516986846924,1.1578872203826904,1.3173437118530271,1.458390235900879,1.5838932991027832,9
0.9731522996223612,9.358147672288434,74.35937773748026,2.6235912544946096,2.1344313195862323,0.639047384262085,1.632097244262695,2.258764266967773,2.6030402183532715,2.8192062377929688,2.973388195037842,3.0879430770874023,3.184631824493408,20
0.5175165968379736,26.840204088447265,0.6276032076706117,2.8959113092149886,2.206853892922628,0.8548800945281982,2.39139461517334,3.4225664138793945,3.926559448242188,4.201017379760742,4.374288082122803,4.506709575653076,4.601410388946533,22
0.6443763939976626,11.202049402023984,161.72231257661727,2.122455078268324,2.3912093184475283,0.6708292961120605,1.8922069072723389,2.695288896560669,2.956307172775269,2.99451756477356,2.998464822769165,3.003788709640503,3.008827447891236,0
0.3731261369991885,18.455808653248823,1.589801135279886,2.5065683271180417,2.322120607370867,1.0472989082336426,3.187475204467773,5.006385326385498,5.979384422302246,6.278369903564453,6.386724472045898,6.456363677978516,6.50206184387207,5
0.4418495499172277,15.04697628548861,0.8646396676014423,2.4778294420013784,2.383708853853263,1.0511088371276855,3.184758186340332,4.95854377746582,5.8642897605896,6.175613880157471,6.327298641204834,6.42229700088501,6.484287738800049,5
0.4490264449235457,9.894955116334016,130.062074657671,2.153756974039921,2.5975853244403453,0.8162479400634766,2.466995477676392,3.813512563705444,4.393099784851074,4.469487190246582,4.471449851989746,4.471556663513184,4.471705436706543,23
0.7162359562513159,120.03797679241252,4.885714636078971,2.9535213028717178,2.5796731594045554,0.3535962104797363,0.722973108291626,1.0216972827911377,1.2665247917175293,1.4684858322143557,1.6393580436706543,1.7867999076843262,1.9147124290466309,9
0.3901171457848089,116.855128248809,143.6049784937977,2.00362784912176,2.593076416131216,0.4124228954315185,0.9699296951293944,1.3031198978424072,1.4524874687194824,1.5453009605407717,1.620208501815796,1.6820056438446045,1.7348647117614746,20
0.5729719572257184,50.04716119906603,54.89042023388928,2.4652214114623647,2.552301850803406,0.6096179485321045,1.621436595916748,2.2573671340942383,2.555509567260742,2.717602729797364,2.8422679901123047,2.939331531524658,3.0198450088500977,19
0.590523176284893,11.146680129047276,3.939531162692237,2.634188718858068,2.616035226058511,1.038402080535889,3.093657970428467,4.6968488693237305,5.4901204109191895,5.842553615570068,6.056233882904053,6.221555233001709,6.333177089691162,6
0.8851488107092795,30.52241544666981,25.665855954807217,2.982521188372292,2.842182141046823,0.6034255027770996,1.518345832824707,2.158323287963867,2.553029060363769,2.826156616210937,3.0385384559631348,3.213274478912353,3.361987590789795,19
0.7242783768389907,151.72280150923237,2.604322599656202,2.6446235656324006,2.630764277220279,0.2915563583374023,0.5550124645233154,0.7854995727539062,0.986828088760376,1.162240743637085,1.317322015762329,1.4544939994812012,1.5762991905212402,8
0.59956123608864,40.447808910831405,2.008417634032393,2.765430994330008,2.0789750917392023,0.6441237926483154,1.6681580543518066,2.301969528198242,2.635169982910156,2.844475746154785,2.9999685287475586,3.120175838470459,3.228853225708008,18
0.9424509600093356,12.813407371110422,3.930361368106331,2.3284695925799186,2.326113235754323,0.6990923881530762,1.7925338745117188,2.4761109352111816,2.866654872894287,3.124105930328369,3.32194185256958,3.4789600372314453,3.616701126098633,22
0.7365916576120133,25.91077342960075,13.681796232407656,2.3733392743902018,2.7147636373157704,0.7173445224761963,1.9621198177337649,2.759892702102661,3.164350748062134,3.400810480117798,3.571529150009156,3.707974672317505,3.821951150894165,22
0.5154287113749005,19.43157614096897,35.07850554213783,2.322458673183434,2.204523440778688,0.8425226211547852,2.405710220336914,3.4668917655944824,3.923501491546631,4.114507675170898,4.211487293243408,4.269343376159668,4.313190460205078,23
0.6333468949697905,31.16205418116687,75.1594611031416,2.78742903519187,2.772224505446241,0.704430341720581,1.9697990417480469,2.8314104080200195,3.2423171997070312,3.440117359161377,3.567554473876953,3.659666061401367,3.734299659729004,23
0.633126543337861,9.437587253976773,1.161849419328014,2.626893713263104,2.2273380418640345,0.992896318435669,2.8350744247436523,4.139066696166992,4.781117916107178,5.1251325607299805,5.369886875152588,5.54417085647583,5.670997142791748,5
0.4215553142954691,13.254525240377315,1.058097599760068,2.628152129524917,2.8954055660174665,1.1435987949371338,3.62085485458374,5.987785816192627,7.448301792144775,7.997432231903076,8.124719619750977,8.188173294067383,8.24786376953125,13
0.3485701400456722,6.813956607355716,8.928886110557642,2.4694075714518,2.6910043617653105,1.190227746963501,3.887207508087158,6.802465915679932,9.009859085083008,10.052984237670898,10.204326629638672,10.208332061767578,10.21189308166504,14
0.6112004477775532,16.428840017495222,8.285113441071703,2.3279554420645745,2.533511659555701,0.9106101989746094,2.637284278869629,3.859653949737549,4.420583248138428,4.677377700805664,4.8318376541137695,4.94050931930542,5.02126932144165,22
0.3058533756735573,63.4991643670017,13.035269602299936,2.4997061913590213,2.2066407720076566,0.7707345485687256,2.1850686073303223,3.1428818702697754,3.5369744300842285,3.6810030937194815,3.757327079772949,3.809763431549072,3.8551025390625,22
0.8458015014235918,50.52655537136538,0.7729664394834574,2.7308567098521617,2.095569680171644,0.4133720397949219,0.9166271686553956,1.2950851917266846,1.5729243755340576,1.7877004146575928,1.9630787372589111,2.110142469406128,2.2374112606048584,18
0.5865801498428111,9.165745502440592,9.525473282151143,2.534195629724774,2.509974378135227,1.0469753742218018,3.1417770385742188,4.813228130340576,5.652824401855469,5.990705490112305,6.194367408752441,6.330007553100586,6.432154655456543,6
0.560091999032335,18.409341450578687,177.0716015612637,2.7005840971957538,2.9477020300497454,0.7262711524963379,2.1402666568756104,3.220064401626587,3.687816381454468,3.8039090633392334,3.820024251937866,3.82655930519104,3.833872556686402,23
0.5621332037763065,12.165073668758112,13.124650147082388,2.099205330600706,2.623380268254353,0.9846687316894532,2.9942004680633545,4.586639404296875,5.349564552307129,5.609112739562988,5.721189498901367,5.793684005737305,5.852556228637695,6
0.4229687005713945,12.955447149334509,170.88508029445444,2.338282051183897,2.768413033337087,0.7699944972991943,2.3220415115356445,3.5715770721435547,4.116221904754639,4.185006141662598,4.184733867645264,4.184727668762207,4.184892177581787,23
0.5680707167530615,102.26325614643464,140.90756534765453,2.309699075020397,2.444078974425228,0.3491096496582031,0.7234532833099365,0.9812724590301514,1.1616766452789309,1.298266887664795,1.4088077545166016,1.4990105628967283,1.5769712924957275,10
0.4108269469336197,21.17551341801097,87.78316555908003,2.5006339834187186,2.657730883364371,0.8588693141937256,2.5861406326293945,3.971140861511232,4.60978889465332,4.770923614501953,4.818258762359619,4.833174228668213,4.843339920043945,23
0.7982553492635516,96.6242280793526,39.73330630720947,2.56463376581989,2.4604150624972725,0.3190412521362304,0.6363089084625244,0.9004967212677002,1.1206107139587402,1.3050999641418457,1.4631836414337158,1.5992696285247805,1.719097375869751,9
0.547147505676526,29.30223394142456,93.12693320042868,2.716104996441888,2.68487159879809,0.7304255962371826,2.090313196182251,3.0325844287872314,3.446932077407837,3.6135365962982178,3.694910287857056,3.749480962753296,3.79538893699646,23
0.4317320538962473,36.01155692587615,102.06070589273853,2.250708330037775,2.5933953692457035,0.7171087265014648,2.075207471847534,3.021555662155152,3.3813235759735107,3.4705631732940674,3.505457639694214,3.533534288406372,3.559149980545044,23
0.6518593238603401,18.589790167451344,72.15948517620382,2.0368564804046017,2.032454360254901,0.6545822620391846,1.7277743816375732,2.351224422454834,2.6080193519592285,2.725339412689209,2.804086685180664,2.8673720359802246,2.921136379241944,0
0.4060325389473371,89.22247871748067,28.617444882125834,2.2006435750589564,2.1924542750861686,0.5498838424682617,1.4146294593811035,1.913383960723877,2.1224594116210938,2.239510536193848,2.329667568206787,2.409857273101806,2.4796509742736816,19
0.5724024846471282,58.74296749177153,23.84387104268043,2.3743492942809428,2.9204850189149107,0.6349272727966309,1.738365888595581,2.4587247371673584,2.805732488632202,3.0005128383636475,3.139108896255493,3.257396459579468,3.3556182384490967,23
0.4188738040425923,24.70224088266673,1.6663717803879727,2.9097062125017645,2.987343563953136,1.0582237243652344,3.2569642066955566,5.169888019561768,6.212430477142334,6.585098743438721,6.755871295928955,6.875833988189697,6.960299968719482,5
0.8420989066292326,12.6043697087535,49.15469324206508,2.746696413880885,2.8702337418811465,0.7964975833892822,2.245572805404663,3.2347304821014404,3.742919206619263,4.021824836730957,4.202895164489746,4.339598655700684,4.442836761474609,23
0.5682385416641187,97.19791689865924,20.02874147168228,2.4591654012996416,2.9930853746995254,0.5063652992248535,1.256255865097046,1.7642841339111328,2.061896800994873,2.2646713256835938,2.423788547515869,2.55629301071167,2.667576789855957,19
0.3586307540690673,6.315635730459508,264.58812973336086,2.238846917624935,2.288738066787649,0.5898857116699219,1.6386332511901855,2.3199338912963867,2.4139723777771,2.4152979850769043,2.416586399078369,2.416707992553711,2.415165424346924,1
0.5147075690803719,98.33478015371992,25.377819666496404,2.129485422768996,2.0030838343777098,0.4017918109893799,0.8941159248352051,1.2073321342468262,1.4034180641174316,1.5451555252075195,1.6618523597717283,1.7546839714050293,1.8382647037506104,19
0.5129105425489102,50.25779397795431,254.00012696329367,2.365304621940531,2.4745836908713006,0.4315004348754883,1.0173442363739014,1.3602986335754397,1.478466510772705,1.5304679870605469,1.570141315460205,1.6025598049163818,1.629901885986328,1
0.3304709329480683,21.09941903861425,213.8249456249333,2.0680021612373456,2.12991326341435,0.5791451930999756,1.585202693939209,2.183424711227417,2.262120485305786,2.262956380844116,2.2639105319976807,2.2635300159454346,2.263042688369751,1
0.6402339070794949,37.06783630067077,8.04820724066052,2.144572071706371,2.410694403074872,0.6552708148956299,1.735642433166504,2.3863914012908936,2.705087900161743,2.898052930831909,3.037081480026245,3.1562163829803467,3.250939130783081,22
0.8206131267670378,70.1916601098483,181.6294719351436,2.3400626403303058,2.9780551546353538,0.3341989517211914,0.6825013160705566,0.9542026519775392,1.1707828044891355,1.3448138236999512,1.4893510341644287,1.6109018325805664,1.7154250144958496,10
0.3664743297440025,7.536447465503775,12.427785063055143,2.494767508628004,2.805931681736442,1.172555923461914,3.8142809867858887,6.610785961151123,8.639251708984375,9.540319442749023,9.61720085144043,9.6201171875,9.622966766357422,14
0.3653710425581108,93.92994068635342,2.917377733682446,2.590548194062767,2.79321118493471,0.7003419399261475,1.9996249675750728,2.889025926589966,3.273744821548462,3.4325320720672607,3.523505449295044,3.604656934738159,3.6754310131073,22
0.8179429083217333,55.58166889747328,21.742340801956946,2.618753585414856,2.9263246417356745,0.4913060665130615,1.1513721942901611,1.6315696239471436,1.964099645614624,2.211342096328736,2.409421682357788,2.574215650558472,2.7145931720733643,19
0.3654584373349642,30.2312862292624,100.22257475353724,2.2876673416411326,2.74939242342778,0.8069427013397217,2.43908429145813,3.738304376602173,4.317266464233398,4.43515682220459,4.453187942504883,4.461625099182129,4.46982479095459,23
0.4190247519948912,70.28709948036355,123.40987248402458,2.069666880299414,2.2494194098626568,0.5012741088867188,1.271423101425171,1.7061278820037842,1.8485333919525144,1.919252157211304,1.977107286453247,2.026834726333618,2.070175886154175,0
0.4918142688527867,22.00090175307939,1.0499318200953678,2.524166753119718,2.8654009103854667,0.9950723648071288,3.014732837677002,4.637103080749512,5.443191051483154,5.747758865356445,5.901871681213379,6.006916046142578,6.086963653564453,5
0.5812276849317606,48.05472342683216,118.7241673247929,2.206886614084462,2.916236479505657,0.570457935333252,1.5493144989013672,2.183018684387207,2.4560790061950684,2.59206485748291,2.684986591339112,2.760812282562256,2.8244881629943848,20
0.3251238930190845,24.41790894288328,2.366552786510594,2.447842356270974,2.052162092730513,0.9647953510284424,2.852922916412353,4.316564559936523,5.00703239440918,5.219016551971436,5.325227737426758,5.388273239135742,5.42676305770874,6
0.3731873799003484,163.37438076550342,2.176332054706024,2.107543766003925,2.832703524094484,0.4749808311462402,1.1930835247039795,1.647120237350464,1.874106884002685,2.0186049938201904,2.134619951248169,2.2322494983673096,2.3135130405426025,18
0.7637633113098468,86.44852324867783,12.112935191006716,2.9915037270934457,2.6541405906678746,0.4121158123016357,0.8933634757995605,1.2681636810302734,1.5561156272888184,1.78355073928833,1.9707493782043457,2.128215789794922,2.264958381652832,18
0.7707704737755954,39.73893193806975,8.467749022813964,2.293960656943967,2.3276746906019192,0.5366315841674805,1.2994585037231443,1.7942898273468018,2.0946061611175537,2.3090922832489014,2.476879835128784,2.61791729927063,2.737661600112915,18
0.5698852306498221,151.16703418869403,131.74862769198492,2.382453765666825,2.064776870311334,0.2232263088226318,0.3799226284027099,0.5123143196105957,0.6250557899475098,0.7229182720184326,0.8090636730194092,0.8857266902923584,0.9542815685272216,17
0.9343148862350884,30.02571128437397,5.856855993984553,2.6826076797193528,2.94275162398664,0.5880508422851562,1.45872163772583,2.066836357116699,2.4586429595947266,2.7389931678771973,2.960529327392578,3.144291877746582,3.30199670791626,18
0.89543860118044,84.9920483965812,41.14827226480467,2.011666038379157,2.420366116612448,0.263704776763916,0.5098986625671387,0.7287631034851074,0.919342041015625,1.0853667259216309,1.2315020561218262,1.359248399734497,1.47406268119812,9
0.9856027649122676,46.26955135315656,0.6712645556432456,2.0768150193632726,2.354187312898671,0.3633401393890381,0.76312255859375,1.0869979858398438,1.3475840091705322,1.559849739074707,1.738344430923462,1.89156460762024,2.024742841720581,8
0.9475810199774152,10.006314924715085,3.532250850381724,2.4232243759635783,2.299288514260246,0.748016357421875,1.938803434371948,2.6845476627349854,3.108440637588501,3.3845083713531494,3.587764501571656,3.7519843578338623,3.8846595287323,22
0.9280264421746892,25.44282141512271,1.2555764093738846,2.7348285042973743,2.612124303555637,0.6002469062805176,1.485961675643921,2.088834047317505,2.4693143367767334,2.7385613918304443,2.949566125869751,3.125184297561645,3.275423765182495,18
0.5227220889562647,143.40191589116276,0.7621403246083512,2.1375545578007067,2.661911681041902,0.3864834308624267,0.8444316387176514,1.1689364910125732,1.3984699249267578,1.5732548236846924,1.7184505462646484,1.839308500289917,1.9445140361785889,8
0.4522513368123542,17.020120723854525,8.109988718714195,2.438824063476805,2.0420668824386774,0.9373250007629396,2.696142196655273,3.9607648849487305,4.520049571990967,4.755984306335449,4.910525798797607,4.9997334480285645,5.067070960998535,22
0.9916456247191174,47.73853534151786,4.867212128655653,2.335881584772385,2.3265160206469906,0.3689897060394287,0.7773623466491699,1.1095178127288818,1.376512050628662,1.5937092304229736,1.7758684158325195,1.93178939819336,2.067127227783203,9
0.7304817101529345,22.188055546701527,44.90667022452073,2.834100353661772,2.721452303040931,0.744816780090332,2.066467046737671,2.9509594440460205,3.4008634090423584,3.648726224899292,3.813969850540161,3.942493200302124,4.04864501953125,23
0.8931512048478214,156.34879487495616,30.906817318214653,2.426177555236664,2.518712550729087,0.2012534141540527,0.3576376438140869,0.5090293884277344,0.6503326892852783,0.7809693813323975,0.902785301208496,1.0152711868286133,1.1201677322387695,15
0.8486113312693058,195.26018166241977,253.567297835722,2.936468960378053,2.4094403954398875,0.1477413177490234,0.2056758403778076,0.2701854705810547,0.3333063125610351,0.3935089111328125,0.44814133644104,0.5005488395690918,0.5503852367401123,4
0.775721228500057,7.978738312531099,20.28009267336583,2.045509226083862,2.7652250430898246,0.9150702953338624,2.7100324630737305,4.006815433502197,4.613601207733154,4.874203681945801,5.016139507293701,5.128280162811279,5.205593109130859,7
0.8062342878315463,9.77765343856096,1.132248663083531,2.251489318746205,2.3933308907903017,0.8740251064300537,2.413268804550171,3.4137465953826904,3.9099466800689697,4.19530200958252,4.383303642272949,4.5376176834106445,4.649663925170898,22
0.7963571982553195,16.222881424884243,15.864401583960564,2.341284380718329,2.939787075392016,0.8011128902435303,2.288661003112793,3.2908568382263184,3.787243366241455,4.058324337005615,4.237986087799072,4.383895397186279,4.493229389190674,22
0.6908267291874305,55.884196737170576,1.2838670973185924,2.550798976684049,2.112929034612644,0.4797940254211426,1.1237130165100098,1.553600788116455,1.8275532722473145,2.023833751678467,2.181614875793457,2.3154006004333496,2.4261388778686523,18
0.8572402846906451,9.007503802079952,13.995310004356345,2.1101734175055347,2.679563130510736,0.8440325260162354,2.3845646381378174,3.3942129611968994,3.885191202163696,4.146958351135254,4.321205139160156,4.450342178344727,4.562046051025391,22
0.4940639416303838,88.21829240775219,28.710911342888245,2.820325880154299,2.5867848614071507,0.5624921321868896,1.4543225765228271,2.035221815109253,2.325307130813598,2.501260995864868,2.63403058052063,2.744903326034546,2.840906381607056,19
0.7984334975160752,98.94707128775062,73.06927679219065,2.053444528257234,2.839150645724775,0.2893993854522705,0.5718457698822021,0.8134465217590332,1.0198464393615725,1.195662260055542,1.347782850265503,1.4807143211364746,1.5974667072296145,10
0.781413390496712,19.612595712003067,10.288626073147949,2.4305715227266167,2.765955361755444,0.7643325328826904,2.120441675186157,3.002868413925171,3.454243421554565,3.711848497390747,3.895930051803589,4.036441802978516,4.16025447845459,22
0.5133682959628076,41.54027337676644,2.534731153338938,2.222085858841342,2.589305717931609,0.7666225433349609,2.181836128234864,3.1140661239624023,3.521177291870117,3.710989475250244,3.828143119812012,3.9253225326538086,4.0008087158203125,22
0.9240606030342567,13.89141974043722,2.5929842025122385,2.572612503247654,2.6870969706578927,0.7535102367401123,2.017029523849488,2.8342502117156982,3.293776750564575,3.5848052501678467,3.8046934604644775,3.980748414993286,4.128362655639648,22
0.3240255696633906,7.45730871561352,17.521770692045052,2.212256785812296,2.043603161240259,1.056432008743286,3.307396411895752,5.47435998916626,6.866151332855225,7.372382640838623,7.3969807624816895,7.400702953338623,7.403823375701904,6
0.607999742730347,8.222621741109418,37.99926961391717,2.473158133654219,2.53435413381536,0.9814980030059814,2.94445276260376,4.4959211349487305,5.248491764068604,5.518703937530518,5.650392055511475,5.718174457550049,5.767395496368408,7
0.7490180612537902,34.40604630210344,0.6788359243035215,2.393078115366409,2.88452414198564,0.6646604537963867,1.784477472305298,2.509352445602417,2.8998115062713623,3.1477725505828857,3.3325889110565186,3.4841344356536865,3.6152865886688232,22
0.6324220074813174,126.54456617185664,27.16743227878202,2.177801644296149,2.5359962390251214,0.3250677585601806,0.6561589241027832,0.9163413047790528,1.125391960144043,1.2953548431396484,1.4400136470794678,1.563269853591919,1.669591188430786,9
0.3278993199414737,95.1563965084664,8.126883081195352,2.342710095327466,2.163937763530989,0.6197240352630615,1.659393310546875,2.277173042297364,2.516519069671631,2.6269102096557617,2.7069802284240723,2.7741036415100098,2.837352752685547,0
0.9200852700708833,51.4257102180151,2.685833198664737,2.995787545270714,2.0376128455368696,0.3652293682098388,0.7862412929534912,1.1245675086975098,1.3896803855895996,1.601696491241455,1.778573989868164,1.9296841621398928,2.060722827911377,8
0.4980233214753563,17.292945326077042,229.5058623067736,2.8596841545573177,2.27653624777463,0.5805444717407227,1.5781190395355225,2.208036661148072,2.36576247215271,2.3707592487335205,2.3711678981781006,2.3712337017059326,2.371301889419556,1
0.3953945571072638,114.10975888010226,248.79852224917795,2.421957617690396,2.1435605978608185,0.2901983261108398,0.5149247646331787,0.6364414691925049,0.71661376953125,0.7785866260528564,0.829526424407959,0.8718791007995605,0.9069972038269044,21
0.662102571841644,20.776438306067263,7.0479797999333895,2.1678217603202468,2.506722479090403,0.8054611682891846,2.2644708156585693,3.213758707046509,3.6515939235687256,3.870702028274536,4.015113830566406,4.124973297119141,4.218140602111816,22
0.5721889622330892,37.05151615235848,43.30815052106558,2.900580817221033,2.654512225651413,0.7352192401885986,2.059330940246582,2.9571075439453125,3.389787673950196,3.607890129089356,3.738824367523194,3.846444129943848,3.932711601257324,23
0.7108669599169959,109.47136842306536,4.058585825479563,2.3349072995661007,2.4558064752463635,0.3375453948974609,0.6879358291625977,0.9681308269500732,1.1953396797180176,1.3820757865905762,1.5396206378936768,1.6755452156066897,1.7936153411865234,8
0.3614927727072869,31.74174277645414,11.272752879947516,2.7677404151810965,2.0165923727640163,0.8704349994659424,2.4830398559570312,3.60932731628418,4.092031478881836,4.31996488571167,4.449735164642334,4.536794185638428,4.590323925018311,22
0.6294953187909568,93.46199422442852,206.8191840783473,2.836976105245972,2.66980507464919,0.3442633152008056,0.6913175582885742,0.9361691474914552,1.1142237186431885,1.252290964126587,1.364607572555542,1.4590632915496826,1.5385982990264893,10
0.784810070856181,27.80372427594754,175.2803865806866,2.902324987571207,2.448266326637772,0.49713134765625,1.2195758819580078,1.6987457275390625,1.9470133781433103,2.0893807411193848,2.1896986961364746,2.271646976470948,2.338078498840332,20
0.9174938396224182,19.70038557417327,120.7997613938089,2.738259500856417,2.029892228210673,0.4620506763458252,1.0835473537445068,1.4979312419891355,1.7429726123809814,1.9099671840667725,2.031323194503784,2.130805253982544,2.213557004928589,20
0.3809247844141078,105.53076137436403,0.5880340153485497,2.114104354554388,2.786871586165222,0.613494873046875,1.7089407444000244,2.4029104709625244,2.6840827465057373,2.817821264266968,2.914952039718628,2.996325254440308,3.0709211826324463,22
0.4409667714741567,54.73472179666575,28.93490154579528,2.2105150858538094,2.8080851490240337,0.7322108745574951,2.132374763488769,3.086631774902344,3.488821506500244,3.6340103149414062,3.718289375305176,3.789026737213135,3.8485074043273926,23
0.8567211650287223,103.40169462541238,1.7215171752523528,2.4338884088035084,2.736099742867673,0.3131985664367676,0.6173110008239746,0.8834555149078369,1.113100290298462,1.3110361099243164,1.4835302829742432,1.63460111618042,1.7679047584533691,8
0.4168668690152673,15.36582709781613,0.91520704008345,2.220090057283124,2.800664181737535,1.0805010795593262,3.4072299003601074,5.543255805969238,6.77982759475708,7.185113430023193,7.273762226104736,7.324207782745361,7.362566471099853,5
0.8287555995269458,10.856595681693207,0.7733034717144898,2.2576323996699785,2.506782826508048,0.8478729724884033,2.3445746898651123,3.3125522136688232,3.801101446151733,4.081872940063477,4.274362564086914,4.421055793762207,4.547408103942871,22
0.3149696811070839,186.2511154895864,25.4883988679474,2.1864957947223247,2.9128448378689846,0.4780542850494385,1.2166097164154053,1.6890294551849363,1.894526481628418,2.0144238471984863,2.109442234039306,2.1883792877197266,2.254507064819336,19
0.7915548297715063,183.47620537706047,255.96696310991464,2.473735258837697,2.1341515746946005,0.1214325428009033,0.1766283512115478,0.2293856143951416,0.2775764465332031,0.3249239921569824,0.369398832321167,0.4115071296691894,0.451120376586914,4
0.8026400636934052,107.9503152144947,17.65176467366872,2.401675200055335,2.349458497233235,0.2822024822235107,0.5461270809173584,0.7756752967834473,0.9737880229949952,1.144434928894043,1.293273687362671,1.4243698120117188,1.540311336517334,9
0.4508489975088191,138.25399553273812,0.8773612994952811,2.45033921782594,2.7033481287690275,0.481349229812622,1.1699800491333008,1.622422218322754,1.8751325607299805,2.044625759124756,2.18328857421875,2.29359769821167,2.392369270324707,18
0.381176662716545,12.017460044520409,70.95851013053505,2.8538797034005867,2.63811404204647,0.9842793941497804,3.04046893119812,4.896544456481934,5.949212074279785,6.217581748962402,6.268202781677246,6.293910026550293,6.300874710083008,7
0.3473847310853944,13.355746368116474,0.5480525577362837,2.4434318121460765,2.1785884264128548,1.07818865776062,3.3193254470825195,5.363096237182617,6.565276622772217,6.952931880950928,7.050295352935791,7.109299182891846,7.151603221893311,5
0.9508750351711468,104.112427720582,0.691111109198862,2.242698062429103,2.1001235538800302,0.2125413417816162,0.397087812423706,0.5707404613494873,0.7299537658691406,0.8743469715118408,1.005413293838501,1.124868869781494,1.233525276184082,15
0.650490936731148,11.348309892144544,13.538575661008258,2.356408522643252,2.841159169777314,0.980738401412964,2.951659679412842,4.47685432434082,5.220737457275391,5.529088020324707,5.696702003479004,5.809813499450684,5.896196365356445,6
0.4599707175747082,30.414516375546857,86.95972540269119,2.976560211211308,2.27299207968614,0.7308251857757568,2.054850578308105,2.949691772460937,3.340503692626953,3.49637508392334,3.573667526245117,3.6216788291931152,3.661564350128174,23
0.3854131055311651,69.16091525392507,119.02615650765183,2.319004853720016,2.822015899199429,0.6209650039672852,1.7603874206542969,2.536474227905273,2.8179283142089844,2.8920788764953613,2.9362921714782715,2.9773640632629395,3.014464855194092,0
0.4366587640966746,6.323356998718155,1.0574145456123143,2.9519791509157898,2.7680455814661222,1.230236530303955,3.9539132118225098,6.776259422302246,8.763402938842773,9.638713836669922,9.771102905273438,9.803966522216797,9.872346878051758,13
0.9042350994961,138.1158272805953,23.337725596909024,2.5673396093055034,2.5710709859049308,0.2336707115173339,0.4242830276489258,0.6063756942749023,0.7734529972076416,0.925398588180542,1.0649464130401611,1.1924681663513184,1.3086717128753662,15
0.4051926681242874,23.403586095184924,69.25929363030102,2.61992233135964,2.900174245896084,0.9145593643188475,2.812463521957397,4.419315338134766,5.250097274780273,5.478832244873047,5.539481163024902,5.565266609191895,5.579697608947754,7
0.3378533973218102,45.55846014184594,254.0291963979991,2.107279520275985,2.4708805886616805,0.5012447834014893,1.3161938190460205,1.8002877235412598,1.8655776977539065,1.8668537139892576,1.8676261901855469,1.868527889251709,1.869443416595459,1
0.9932113627315912,6.149203457966231,159.0383043261896,2.1159171851325502,2.939326444438648,0.6649148464202881,1.8856918811798096,2.708620309829712,3.075512170791626,3.2130444049835205,3.2724721431732178,3.3089606761932373,3.337463617324829,23
0.8334202587078003,35.686536823886016,178.98749984558174,2.955661791688655,2.995514087333887,0.4945275783538818,1.1915245056152344,1.6915440559387207,1.989449977874756,2.1847496032714844,2.327428340911865,2.4423513412475586,2.5381555557250977,20
0.8580716287139347,23.035401206773173,66.617348016385,2.066780610486402,2.2020103508620195,0.5233597755432129,1.26977276802063,1.732454538345337,2.000344038009644,2.180422067642212,2.3187344074249268,2.4344098567962646,2.5281307697296143,20
0.9704998422081206,16.781899339858644,1.3212927715579186,2.2308572036826586,2.279352635987032,0.6043863296508789,1.4787826538085938,2.039278984069824,2.386359214782715,2.6313729286193848,2.8236474990844727,2.982731819152832,3.11861515045166,18
0.3769144190614057,82.92138770947273,46.93390512964516,2.8474040955395026,2.846911463850253,0.6942720413208008,1.9824497699737549,2.896191358566284,3.295381784439087,3.454369306564331,3.5418031215667725,3.609273672103882,3.6660664081573486,23
0.5934685795239225,34.79340866619708,6.677366147103237,2.1622316367477388,2.748247655171589,0.7525186538696289,2.1488077640533447,3.062443494796753,3.477581262588501,3.681801080703736,3.8115642070770255,3.9191296100616455,4.006736755371094,22
0.4716168970596367,23.37483858701006,0.6472439687895924,2.4901456406174183,2.1112479758214224,0.8888022899627686,2.5150203704833984,3.6172614097595215,4.115499019622803,4.35617733001709,4.498493671417236,4.602428436279297,4.677855491638184,22
0.3758728197469961,37.4110102237638,49.310899670691214,2.182558076958149,2.729440146252536,0.8352291584014893,2.5171613693237305,3.809483528137207,4.376572132110596,4.523120880126953,4.56828498840332,4.5951457023620605,4.617954254150391,23
0.8372999738923406,78.46918268170465,2.1981980800671885,2.833538763590117,2.1433766337948974,0.3325262069702148,0.6865274906158447,0.9778525829315186,1.2151944637298584,1.4109070301055908,1.5763156414031982,1.7181298732757568,1.843202352523804,8
0.6910890304063264,6.539516105790521,9.906719692226549,2.001646252807046,2.2922789639634376,0.9740159511566162,2.8345813751220703,4.162721633911133,4.772580623626709,5.041255474090576,5.191840648651123,5.30711030960083,5.3843488693237305,6
0.6997710948708764,9.803115473287232,3.6766174095675344,2.0802793694489297,2.0726348173374283,0.8875794410705566,2.4470021724700928,3.436170816421509,3.903752088546753,4.151885986328125,4.31412410736084,4.4309844970703125,4.51615047454834,22
0.3291050407419061,31.70622986511261,4.686124003550104,2.6735481361983884,2.6470847766990264,1.014394760131836,3.103692054748535,4.903713703155518,5.843017101287842,6.120398998260498,6.224329471588135,6.283468723297119,6.329226016998291,6
0.3525316470083046,45.46684793746827,1.029299618999842,2.0285617996453884,2.361085331758624,0.8376121520996094,2.4450793266296387,3.5777711868286133,4.019405841827393,4.164847373962402,4.228870868682861,4.273622035980225,4.3158698081970215,22
0.7185738293704016,136.0051820740936,4.653973198638371,2.632310352854037,2.8585118568510297,0.3347744941711426,0.6658363342285156,0.9426302909851074,1.1770009994506836,1.37530517578125,1.5457210540771484,1.6946048736572266,1.8247613906860352,9
0.8718644621702343,52.301415069414766,0.5467743982157222,2.156577198033124,2.299580730600617,0.3942663669586181,0.8493590354919434,1.1971633434295654,1.4615428447723389,1.6706492900848389,1.8437120914459229,1.990450620651245,2.116922616958618,8
0.4066241132305133,58.570097837161605,7.864431202891733,2.331250167765445,2.692151089406572,0.7762987613677979,2.268218994140625,3.314084529876709,3.764514923095703,3.9293060302734375,4.023532390594482,4.095048427581787,4.156068325042725,22
0.5825744821337528,105.3917065715862,1.353106482888618,2.921683227608209,2.076959681890905,0.3891000747680664,0.8504931926727295,1.1845402717590332,1.418968677520752,1.5971007347106934,1.7443122863769531,1.866337776184082,1.9725565910339355,8
0.712755045999143,28.79243082676328,1.8421221006747328,2.524885673246738,2.958456415028555,0.7551066875457764,2.119633197784424,3.0312514305114746,3.492332935333252,3.750929355621338,3.9358296394348153,4.083194732666016,4.204093456268311,22
0.960844834749061,7.673653495997292,1.7884628197451942,2.937038386048152,2.752007853120289,0.8905854225158691,2.4596238136291504,3.521272659301758,4.11393404006958,4.486076354980469,4.763120174407959,4.977529048919678,5.14955997467041,5
0.7432339067394891,20.921914201271733,67.59013478993573,2.757787318307707,2.2476618645745297,0.6528122425079346,1.7202281951904297,2.3964219093322754,2.742978572845459,2.940884113311768,3.079054832458496,3.184222221374512,3.275718212127685,23
0.9657715967649504,64.44089287182439,1.8709582280218555,2.3289677659830126,2.5875202498449497,0.3451039791107178,0.7077455520629883,1.0148675441741943,1.272810697555542,1.4884772300720217,1.6728038787841797,1.832134246826172,1.971670150756836,8
0.5580564980249747,14.07027601150997,129.9239197927107,2.951530451427056,2.3806183983366784,0.7552764415740967,2.1655216217041016,3.1669135093688965,3.601663589477539,3.74898099899292,3.7931299209594727,3.808087348937988,3.820690155029297,23
0.6064202558305702,24.58315215310349,3.2712418106845704,2.2112652881510977,2.68274944464108,0.8315308094024658,2.3932528495788574,3.4467811584472656,3.926286220550537,4.14903736114502,4.2893829345703125,4.391678810119629,4.480653285980225,22
0.4320160437065317,20.05101768516193,227.33106287452804,2.0454047568288054,2.390768678899278,0.5795817375183105,1.6076862812042236,2.2571263313293457,2.367948532104492,2.3676304817199707,2.368324279785156,2.3687777519226074,2.3686485290527344,1
0.4394193313075145,42.75820917733374,10.442941743080002,2.4187690147563687,2.180460830244906,0.7553939819335938,2.085306406021118,2.932424783706665,3.304229974746704,3.4726812839508057,3.578003168106079,3.6580402851104736,3.723298788070679,22
0.7292555189491348,12.905790225848277,3.1972781332689664,2.171132339901935,2.046739818954189,0.8002426624298096,2.1247670650482178,2.928483247756958,3.33371901512146,3.565713167190552,3.726962327957153,3.8442575931549072,3.9443199634552,22
0.8392495623931884,24.63026807068564,1.844364011607775,2.812575658174226,2.9076561310191984,0.7094218730926514,1.8948948383331297,2.687378168106079,3.135315179824829,3.422060251235962,3.637787580490112,3.814317464828491,3.965240240097046,22
0.5808648730673571,169.8133629917438,9.178231833404343,2.453962405667102,2.3561011316312275,0.2867281436920166,0.5454049110412598,0.7571861743927002,0.935499906539917,1.0856192111968994,1.2164061069488523,1.3302857875823977,1.430755376815796,9
0.8754786581112002,7.927956544009579,69.13870545836699,2.3917413680939275,2.087900145296252,0.7106766700744629,1.882277250289917,2.603106737136841,2.955545663833618,3.153254747390747,3.2752602100372314,3.365137815475464,3.431976556777954,23
0.3276145189810144,130.4010397978457,13.672989782312811,2.850165720374987,2.357427604883781,0.5578281879425049,1.4558961391448977,2.015878915786743,2.25461745262146,2.3759090900421143,2.474308729171753,2.5578129291534424,2.629163980484009,18
0.4835541987235328,118.6971396615334,1.0344980714417589,2.3154889924443087,2.1758922056132515,0.4201476573944092,0.9501340389251708,1.2925636768341064,1.503699541091919,1.6564478874206543,1.7829313278198242,1.886054515838623,1.9740123748779297,18
0.4234615115208633,204.8942411017049,0.5282932731594902,2.283273492731998,2.3245645403639488,0.3208866119384765,0.6336071491241455,0.8606884479522705,1.0337092876434326,1.1719846725463867,1.288684606552124,1.3877160549163818,1.4717919826507568,8
0.538973461233956,6.364660841864994,1.1625394585515327,2.7125802170806708,2.1904630876646443,1.1029205322265625,3.347355604171753,5.243991851806641,6.271073341369629,6.680560111999512,6.903189659118652,7.079283714294434,7.214489936828613,5
0.6742339897610785,10.26893586956638,1.0262957753415902,2.743668607444256,2.227953036914946,0.9526209831237792,2.67516827583313,3.8469913005828857,4.436666488647461,4.774283409118652,5.015966415405273,5.191844940185547,5.313323020935059,5
0.5802225640131567,66.41896609869403,124.57269803473643,2.233424013279196,2.743855163774903,0.4754295349121094,1.17124342918396,1.61773419380188,1.8487024307250977,1.9928460121154783,2.1050281524658203,2.1933846473693848,2.267047882080078,20
0.8780821340422218,47.4032304066293,1.0635434482255728,2.104818729039802,2.9678295908885763,0.4660005569458008,1.0861866474151611,1.5383305549621582,1.864185094833374,2.113830804824829,2.315999746322632,2.485185384750366,2.62992787361145,18
0.351086324586347,35.84896861926011,0.56375431498091,2.4247508476451496,2.712068354518509,0.970749855041504,2.967525720596313,4.61552619934082,5.426300048828125,5.665990829467773,5.763934135437012,5.824823379516602,5.867117881774902,5
0.9965009435930364,56.477322837172814,19.23067517248887,2.65254155665551,2.4776412701004302,0.3550426959991455,0.737661600112915,1.0574970245361328,1.3220086097717283,1.5415606498718262,1.7273516654968262,1.8863372802734373,2.025354385375977,9
0.6461708474960869,122.38913152988356,99.58676158224262,2.759003847919796,2.1126761404742136,0.2614054679870605,0.4835314750671386,0.6644275188446045,0.8161635398864746,0.9451062679290771,1.056107759475708,1.1526637077331543,1.2379755973815918,10
0.3117148261138518,210.13605233862984,13.768376895430883,2.8376863348830645,2.0824509684070094,0.3602800369262695,0.7565433979034424,1.0027458667755127,1.1552703380584717,1.2659432888031006,1.3569066524505615,1.4358313083648682,1.5029890537261963,9
0.9595755878218576,7.344569970894317,1.1715931146500649,2.0796216319099137,2.297012048559273,0.7941031455993652,2.0878169536590576,2.878169775009156,3.302618265151977,3.566326856613159,3.7638556957244873,3.917814493179321,4.04210090637207,22
0.8442697705151299,17.660323446182332,11.483413398749269,2.5014481455093427,2.3676155131359686,0.6935861110687256,1.8029699325561523,2.4997801780700684,2.887131690979004,3.1376495361328125,3.32304048538208,3.4705491065979004,3.60019588470459,22
0.8301846289400507,42.46366532256147,6.095493398294573,2.684687920782006,2.660564486129803,0.5396983623504639,1.3026652336120603,1.8339776992797847,2.1785030364990234,2.426036834716797,2.6220808029174805,2.7853808403015137,2.9258017539978027,18
0.4299302449720379,6.851477651328904,49.34890325618744,2.103913372929477,2.140750149703724,0.9569687843322754,2.9304897785186768,4.619475364685059,5.512424468994141,5.696791648864746,5.7091827392578125,5.713992118835449,5.716042518615723,7
0.8268619006622728,12.997722468333954,83.1528532252687,2.1842260565718354,2.1476958951541687,0.6353099346160889,1.6551737785339355,2.2607736587524414,2.549804210662842,2.7042808532714844,2.812713623046875,2.895881175994873,2.962491035461426,23
0.4515360576468518,10.727108655892982,65.34534564839495,2.93761298880459,2.4269268633193795,0.9483630657196044,2.857304096221924,4.441591262817383,5.20977783203125,5.433433532714844,5.528189659118652,5.584437370300293,5.605888366699219,7
0.4516652361285307,13.70608625214486,13.930703672191644,2.610517618885273,2.982062057688421,1.0952253341674805,3.442370176315308,5.6053972244262695,6.89542293548584,7.340848922729492,7.465041160583496,7.532733917236328,7.575930595397949,6
0.306436202266279,43.3764724917052,4.490443164139185,2.474074594944973,2.035154400700092,0.8476645946502686,2.42357873916626,3.5162510871887207,3.9642505645751953,4.132333755493164,4.226865768432617,4.28435754776001,4.328723907470703,22
0.9402033199281792,33.77754077331681,17.252334956791696,2.888617498267632,2.914811237884164,0.554950475692749,1.3410496711730957,1.9089860916137693,2.2887964248657227,2.5648751258850098,2.784010887145996,2.9666571617126465,3.123568058013916,19
0.3672072413653385,85.46053812275407,18.66379662616504,2.872536694803517,2.4521417149686418,0.6755237579345703,1.8747589588165283,2.666072130203247,3.0098721981048584,3.165091753005981,3.2661564350128174,3.3446462154388428,3.410008192062378,23
0.3921357803380482,94.18276897371396,33.0684211704479,2.118587727130657,2.544196377983246,0.5809206962585449,1.5646743774414062,2.159576654434204,2.394139051437378,2.5077126026153564,2.5983598232269287,2.6762940883636475,2.743217706680298,0
0.4304431205788041,6.024571465990498,17.01930241341798,2.63441139000785,2.733336745259233,1.1638705730438232,3.73703670501709,6.366940975189209,8.177318572998047,8.938821792602539,9.036849975585938,9.044815063476562,9.056020736694336,14
0.620924505654452,98.18904728987386,4.990338465871626,2.687130476481599,2.2502796885854224,0.4087257385253906,0.9034512042999268,1.259636163711548,1.508570432662964,1.6976172924041748,1.8512709140777588,1.9795677661895752,2.091376543045044,18
0.3442562530793387,38.17441468070613,10.758780112692978,2.920899697975248,2.172823974345808,0.8725581169128418,2.511249542236328,3.686800479888916,4.203221321105957,4.428733348846436,4.568554878234863,4.643714904785156,4.69511079788208,22
0.7671067134597691,152.03211171975207,5.122651221887186,2.2038881222171685,2.904670327939253,0.2622647285461426,0.4924156665802002,0.7038891315460205,0.892235517501831,1.0601613521575928,1.2111234664916992,1.346081256866455,1.4676728248596191,9
0.7417288532542345,27.407412544431427,1.2407971000267446,2.1803410154360447,2.230432175710813,0.6382453441619873,1.6242196559906006,2.216548204421997,2.53829312324524,2.7477896213531494,2.9065968990325928,3.0342719554901123,3.1493947505950928,18
0.5266599770370715,8.418398673107305,23.740385468876337,2.728881347188273,2.982313166048176,1.1099677085876465,3.484258890151977,5.677032470703125,7.001398086547852,7.489190101623535,7.627448081970215,7.703393936157227,7.762565612792969,7
0.4681795572824599,13.860350336065462,57.53804999789087,2.7067042264035286,2.5309283821431188,0.9410367012023926,2.8355495929718018,4.376675605773926,5.119999885559082,5.339851379394531,5.442190170288086,5.488604545593262,5.510815620422363,7
0.7215293723866354,10.1883016053699,237.78634807120548,2.962381273531696,2.3708876564939776,0.584414005279541,1.577928066253662,2.2202582359313965,2.424442768096924,2.44610595703125,2.446638584136963,2.446954727172852,2.4472765922546387,1
0.8162785746890613,56.08915525627121,51.12080024515323,2.748855939086696,2.7433326859826592,0.4606492519378662,1.055260181427002,1.492691993713379,1.7978205680847168,2.026474475860596,2.2101945877075195,2.362823486328125,2.492488384246826,19
0.8040790567259084,10.094873256175076,233.7580309362249,2.421166384264161,2.5085198215008493,0.5688889026641846,1.5248777866363523,2.1344516277313232,2.3277041912078857,2.352839231491089,2.355461835861206,2.3590309619903564,2.3622376918792725,1
0.5292109170457999,46.193888717208864,4.476096108881672,2.490878520239096,2.3567672003057747,0.7016324996948242,1.9051408767700195,2.660317897796631,3.011542797088623,3.2044882774353027,3.3349528312683105,3.442756175994873,3.5303168296813965,22
0.8199723091923787,69.5093472307716,11.620325037704822,2.850342073570479,2.455154278565636,0.4060139656066894,0.8828716278076172,1.2535593509674072,1.5378105640411377,1.7616393566131592,1.9460031986236568,2.101219892501831,2.236253499984741,18
0.408950018209382,14.936219918212007,11.567272125835547,2.9373192365535723,2.9213455916143287,1.1251001358032229,3.526555061340332,5.783185005187988,7.174450874328613,7.663396835327148,7.783597946166992,7.870479583740234,7.931512832641602,6
0.8032326139179862,64.94519018946129,0.7677184392710581,2.0878607338241344,2.2545308985319976,0.3768680095672607,0.8040876388549805,1.128197431564331,1.3771858215332031,1.574763536453247,1.7387888431549072,1.877577543258667,1.9965851306915283,8
0.4302718991799172,55.82173262608138,1.201678563021967,2.6890612180146305,2.8777351521684627,0.8235495090484619,2.425834894180298,3.6008951663970947,4.158926963806152,4.384400367736816,4.510517120361328,4.598183631896973,4.66568660736084,22
0.3303463098791677,61.00187768209269,19.341658390061006,2.263336853873941,2.4806242656091566,0.7798318862915039,2.2642810344696045,3.3001883029937744,3.72442078590393,3.8519656658172607,3.913191556930542,3.963187456130981,4.006012916564941,23
0.8690894390543669,133.11836614968084,3.0604960959480607,2.8894344345832064,2.241252374486645,0.2319965362548828,0.4284360408782959,0.6136643886566162,0.7811410427093506,0.932734489440918,1.0704092979431152,1.194957256317139,1.308368682861328,8
0.4955550871724937,29.083415070377832,1.1811489630354102,2.999061980877228,2.2826224989934207,0.8665430545806885,2.447986125946045,3.535957336425781,4.062889575958252,4.341813564300537,4.5170512199401855,4.643349170684815,4.72786808013916,22
0.5759497664127864,26.717349207021407,32.92783338166898,2.2899209783984094,2.865103479303676,0.8122940063476562,2.3865749835968018,3.506216287612915,4.012947082519531,4.212835311889648,4.331194877624512,4.412069320678711,4.474895477294922,23
0.4197833793271033,177.95477009215327,3.279799487867752,2.311634458387229,2.6983153353307583,0.4141018390655517,0.9380676746368408,1.2890830039978027,1.5092597007751465,1.6695899963378906,1.8000922203063965,1.907464504241944,2.001051902770996,18
0.7846629924132358,12.6968467170587,36.83596952981589,2.4436839496171965,2.197752323773042,0.753690242767334,2.0212130546569824,2.816148281097412,3.217082977294922,3.4433698654174805,3.5917649269104004,3.709223747253418,3.80216121673584,23
0.7651007962967604,59.77734102073055,8.644475098080123,2.7086935966881835,2.029007944577333,0.4027626514434814,0.8905160427093506,1.2487435340881348,1.5053842067718506,1.703552484512329,1.864558458328247,1.9988892078399656,2.113974332809448,18
0.7543465666663289,164.44505530428265,41.79110934629908,2.871684892967004,2.006655932224985,0.1936628818511963,0.3355562686920166,0.4725193977355957,0.5968434810638428,0.710726261138916,0.8150186538696289,0.9111194610595704,0.9993910789489746,15
0.5265622663796343,90.68193047023772,1.1792773647241854,2.894409516518155,2.1499765246405182,0.4833180904388428,1.1585335731506348,1.6000127792358398,1.856303215026856,2.036004543304444,2.1775946617126465,2.2950830459594727,2.398731708526612,18
0.3002582197499095,14.779624186349707,46.78361965286076,2.210858801266294,2.2621713805542845,0.9610965251922609,2.965033531188965,4.728765487670898,5.690795421600342,5.890446186065674,5.901922702789307,5.907232761383057,5.909678936004639,7
0.3017309510227896,35.74783310338245,111.1809971363528,2.856368458837656,2.571660086366318,0.7992327213287354,2.3669002056121826,3.5946953296661377,4.140854835510254,4.293730735778809,4.325221061706543,4.333209991455078,4.340717315673828,23
0.8637814492654692,8.809581074650431,6.397513579044086,2.478457773675164,2.185033877790245,0.828399658203125,2.208916187286377,3.0840845108032227,3.553043365478516,3.839420795440674,4.046568870544434,4.203558921813965,4.325560569763184,22
0.7579046664984272,9.374377651707166,26.600242825017663,2.957274618772791,2.9376048874730047,0.9725217819213868,2.872028350830078,4.3166093826293945,5.060294151306152,5.433676719665527,5.668191909790039,5.826407432556152,5.952709197998047,7
0.8262493325037481,7.014684064085892,85.14968231822377,2.6356161196333523,2.040015855139353,0.7235655784606934,1.942138671875,2.704623222351074,3.0707712173461914,3.25830602645874,3.363576889038086,3.425171375274658,3.467953681945801,23
0.603034890415483,8.180149073427573,17.224194254362512,2.947633497418021,2.6067856721649783,1.06404447555542,3.191838264465332,4.92604923248291,5.815412521362305,6.191682815551758,6.428615570068359,6.606879234313965,6.739222526550293,6
0.380598632565179,101.92156549940458,195.3162660504121,2.078047310961628,2.460940007716382,0.3972272872924804,0.9039311408996582,1.194181203842163,1.307861566543579,1.3752377033233645,1.4309113025665283,1.477297067642212,1.517176389694214,21
0.3041138860066605,27.88341452375156,8.183440861761909,2.7900311105489406,2.278377446323182,0.9964485168457032,3.002474784851074,4.66279411315918,5.514016151428223,5.752320289611816,5.868900299072266,5.941607475280762,5.982964515686035,6
0.921502102168252,49.05800887944174,110.79489007770772,2.128352606568974,2.237360215628673,0.3121976852416992,0.631263017654419,0.8854100704193115,1.088606834411621,1.2524664402008057,1.3889665603637695,1.505136251449585,1.604228973388672,10
0.4237225502215704,7.175357111486283,8.094138460698485,2.425951443257728,2.61514470677176,1.1490974426269531,3.680474996566773,6.203425407409668,7.90594482421875,8.582568168640137,8.671989440917969,8.689153671264648,8.707942962646484,14
0.4467229680964691,71.39235162269303,17.376069607256717,2.8513114731661,2.115484603656305,0.5900609493255615,1.533320665359497,2.1083285808563232,2.3828227519989014,2.539853811264038,2.660609483718872,2.754292249679565,2.8390309810638428,19
0.4276708444821833,93.8126051830808,0.516606875308186,2.033557763504647,2.8528224876973223,0.6055216789245605,1.6805205345153809,2.357191562652588,2.644552230834961,2.7889866828918457,2.9019370079040527,2.9929494857788086,3.06831169128418,22
0.7290780862885727,12.825419579633984,5.291484895557036,2.415050834506824,2.1059528475147435,0.8207015991210938,2.200728178024292,3.066213369369507,3.508020162582397,3.7672879695892334,3.943438768386841,4.074918746948242,4.180089950561523,22
0.4243535097063631,26.97489369014151,60.47119834640887,2.5680902584519854,2.975592849128947,0.9003720283508301,2.7596328258514404,4.298179626464844,5.071358680725098,5.306430816650391,5.379103660583496,5.409927368164063,5.429801940917969,7
0.9399474362095754,18.2614295418727,0.7782547169213365,2.064581510903228,2.2108911293697737,0.5881907939910889,1.4270107746124268,1.955322027206421,2.280972719192505,2.5116546154022217,2.693664312362671,2.84441351890564,2.9714572429656982,18
0.992994636832861,212.90717016928505,0.8486985555681715,2.78672193636348,2.0003854335569096,0.1352550983428955,0.2321968078613281,0.3236198425292969,0.4141876697540283,0.5031449794769287,0.588778018951416,0.6703054904937744,0.748319149017334,15
0.6800218894702128,52.65366168108141,3.0904136289219264,2.9712860416076103,2.24372296514445,0.53475022315979,1.3072972297668457,1.8247218132019043,2.136805534362793,2.3545241355896,2.524455547332764,2.6648917198181152,2.786133289337158,18
0.8147199536919272,43.686641146019895,10.39345709629742,2.6082689042896074,2.076450988067019,0.455636978149414,1.042215347290039,1.4577877521514893,1.7407095432281494,1.951587438583374,2.1210691928863525,2.264244318008423,2.386845827102661,18
0.5165623602466405,8.242967661566677,2.993973716537464,2.761034224092089,2.907940198036373,1.1663916110992432,3.668336391448975,6.019389152526856,7.450085639953613,8.00397777557373,8.196305274963379,8.314712524414062,8.422795295715332,14
0.4049863900160531,21.37754953094073,3.964059925508075,2.147091684633555,2.49686420212043,0.9938833713531494,3.036362886428833,4.714816093444824,5.526450157165527,5.768830299377441,5.850371360778809,5.908671379089356,5.949759483337402,6
0.6499770952900468,16.08960650093476,1.0281346426961344,2.837019738522585,2.34085569798965,0.8961799144744873,2.5058629512786865,3.5918986797332764,4.137429237365723,4.443414688110352,4.658656120300293,4.818476676940918,4.932897567749023,22
0.5726114696148432,13.837614285888597,139.71840175798155,2.88393589875573,2.1792103946947523,0.683366060256958,1.895615577697754,2.68270206451416,2.9931650161743164,3.0981264114379883,3.127121925354004,3.141592502593994,3.155059337615967,23
0.406068958631968,16.23503973284098,38.23926000154733,2.334294814474257,2.4633683256717047,0.963604211807251,2.938136100769043,4.578629970550537,5.38175106048584,5.5892653465271,5.6516594886779785,5.680152893066406,5.696516990661621,7
0.7317610207025189,12.417417874524952,125.1645860423197,2.8485965092794974,2.759416144069748,0.7586603164672852,2.1825029850006104,3.2057783603668213,3.6834523677825928,3.878986597061157,3.962270498275757,4.010276794433594,4.046272277832031,23
0.8072545634031527,48.9073142272128,52.04273115125864,2.7351640239027577,2.545106366234301,0.4728975296020508,1.0982997417449951,1.5456326007843018,1.846797227859497,2.066059827804565,2.241028547286988,2.386646509170532,2.509181261062622,19
0.7720596221505822,101.65042021940349,1.938447425309156,2.8298560414785845,2.037195872559425,0.2888467311859131,0.5724334716796875,0.8129346370697021,1.0149486064910889,1.185868501663208,1.333341360092163,1.461210012435913,1.5747177600860596,8
0.6009357622145646,16.67752971572104,191.0573640353645,2.103527944095756,2.371180022075089,0.5980203151702881,1.640399932861328,2.2895658016204834,2.464450120925904,2.4799158573150635,2.485544443130493,2.491236448287964,2.4965527057647705,0
0.5926883319818979,6.710591993293087,149.00106594494076,2.2626019283630727,2.2830883781676383,0.7374980449676514,2.1282241344451904,3.1102383136749268,3.4513461589813232,3.500639677047729,3.5005667209625244,3.500710248947144,3.5007312297821045,23
0.7938433169991324,7.954796237583296,155.33939468846128,2.6726607696532287,2.651468331138094,0.7256307601928711,2.074560642242432,3.023193359375,3.436151027679444,3.571427345275879,3.6119441986083984,3.626356601715088,3.639016628265381,23
0.3996742711692128,68.44959047380027,1.0065796939418437,2.6909359737564524,2.760442127678548,0.7763612270355225,2.2517549991607666,3.30090594291687,3.7800891399383545,3.97605299949646,4.089482307434082,4.171119689941406,4.23918342590332,22
0.9297730377233836,131.39584254707495,129.40365821586056,2.439778603033718,2.125759000021029,0.1665892601013183,0.2813973426818847,0.3936483860015869,0.4978189468383789,0.5942807197570801,0.6839873790740967,0.767031192779541,0.843996524810791,17
0.4114849429539806,16.716423283739196,1.0353945696273064,2.8268380985496453,2.0812481257643136,1.0087742805480957,2.966111421585083,4.495760917663574,5.236811637878418,5.532675743103027,5.720980644226074,5.864559173583984,5.954924583435059,5
0.3844352346556003,7.945927571765754,16.017291050666614,2.926407573987265,2.93406718228064,1.1911826133728027,3.845970630645752,6.614338397979736,8.617483139038086,9.480508804321287,9.581060409545898,9.587514877319336,9.600061416625977,14
0.9210178353543452,139.38379351917342,93.80432866645188,2.700969932809226,2.217368360749203,0.183213472366333,0.3152415752410888,0.4447591304779053,0.5640807151794434,0.6747066974639893,0.7773449420928955,0.8723924160003662,0.9605975151062012,16
0.6227818993199199,119.22852857788844,6.110294055784415,2.5642111793606643,2.014339163580257,0.3137524127960205,0.6310279369354248,0.8791160583496094,1.0760698318481443,1.236103057861328,1.3711471557617188,1.4872243404388428,1.58823561668396,9
0.6897166704806783,13.004935772057756,78.53226365126731,2.0660918461676374,2.7240542479165986,0.7828357219696045,2.2942545413970947,3.34525990486145,3.789192914962769,3.952758073806762,4.022078514099121,4.066374778747559,4.102368354797363,23
0.372696064765659,206.2214095447541,19.806559142353965,2.1198356615647787,2.391275025568955,0.3423619270324707,0.7020552158355713,0.9430172443389891,1.1098322868347168,1.2379767894744873,1.341392993927002,1.4301962852478027,1.508166790008545,9
0.425698412716741,13.417506460636444,3.3844113866758585,2.735578412247732,2.873684879120303,1.1342766284942627,3.567824602127075,5.855029106140137,7.254064559936523,7.757549285888672,7.885002136230469,7.970600128173828,8.033594131469727,6
0.3729928101919292,6.021579322608864,175.7523945079426,2.147340687062621,2.687392269037914,0.7872867584228516,2.403480291366577,3.766809701919556,4.375617027282715,4.424060821533203,4.42437744140625,4.424664497375488,4.424456596374512,23
0.4251519930028439,38.21806382520272,130.28603790079435,2.488910748200895,2.353618355985086,0.6433908939361572,1.784432888031006,2.518467426300049,2.768465518951416,2.8353075981140137,2.866227626800537,2.8930139541625977,2.917220115661621,0
0.3616280355692781,6.612696041085835,132.0971811307042,2.4664290335193506,2.929981874676323,0.908379077911377,2.836106300354004,4.633885860443115,5.712931156158447,5.916850566864014,5.925536632537842,5.925904750823975,5.926022052764893,7
0.5181207125639695,24.914333306630795,219.94605506226367,2.471383617407562,2.2284576636829003,0.5265462398529053,1.368772029876709,1.861877918243408,1.973358154296875,1.9823904037475584,1.9889492988586424,1.995187282562256,2.001025676727295,1
0.4922371300406076,54.64434784384239,170.48088171203187,2.298114882865391,2.3842374571942884,0.4930315017700195,1.2411088943481443,1.6858785152435305,1.842657804489136,1.9156405925750728,1.9710962772369385,2.0177576541900635,2.0579593181610107,0
0.6067297490729573,14.215082742849503,235.1009004182678,2.7042169927656805,2.8373403814329947,0.6516542434692383,1.865004301071167,2.749568223953247,3.0766046047210693,3.114720106124878,3.1148440837860107,3.1150572299957275,3.115199327468872,1
0.3884801848946781,204.84015732642703,113.57682630940332,2.776153179466437,2.620967527572663,0.3286557197570801,0.633460521697998,0.8375852108001709,0.9878931045532228,1.1068873405456543,1.2065541744232178,1.2915277481079102,1.3649721145629885,10
0.5664095165104672,18.589245285128644,157.6781910659976,2.829413566740324,2.966651863966947,0.7540163993835449,2.2312581539154053,3.360687494277954,3.879291296005249,4.033512115478516,4.070527076721191,4.083528518676758,4.095732688903809,23
0.3735024183973306,15.67395231014882,126.58660620958622,2.00398906570432,2.510836002064397,0.7867031097412109,2.3643569946289062,3.608623504638672,4.094242095947266,4.144115924835205,4.144614219665527,4.145235061645508,4.146142959594727,23
0.4807132095871232,76.77492866032304,228.68523530915024,2.713375161201798,2.2171726351832777,0.3633737564086914,0.7630202770233154,0.9920718669891356,1.1067311763763428,1.1824564933776855,1.2411973476409912,1.289759397506714,1.3302819728851318,21
0.4622343472443176,149.17293462218075,150.7564184282951,2.6147862457982005,2.2625799910279074,0.2951197624206543,0.5456373691558838,0.7190396785736084,0.8512420654296875,0.9579157829284668,1.047996997833252,1.1247892379760742,1.190725326538086,10
0.3833232421262331,19.727807392506577,133.4365367202364,2.865315123759512,2.257424127662915,0.7468113899230957,2.1530020236968994,3.1683104038238525,3.563859224319458,3.668171167373657,3.685748338699341,3.689918756484986,3.694690942764282,23
0.604624303553149,66.9157818393952,171.91892741249166,2.891913206214259,2.779419247456317,0.4665403366088867,1.1102261543273926,1.5504450798034668,1.7896862030029297,1.940636157989502,2.0535030364990234,2.144047737121582,2.219442367553711,20
0.422202587201763,165.77404934141495,138.65362210452204,2.8149238760436885,2.175688417243733,0.2834541797637939,0.5120136737823486,0.6676347255706787,0.7875242233276367,0.8845720291137695,0.9665355682373048,1.0359506607055664,1.0972654819488523,10
0.4685466938032281,56.04029435046293,215.6549263153542,2.137424821340326,2.6823403946166136,0.4807708263397217,1.2292962074279783,1.6868979930877686,1.828977108001709,1.8793041706085205,1.9183156490325928,1.951878309249878,1.9811828136444087,1
0.460749321129428,15.0549128677609,216.26151631853816,2.359214717550265,2.668254834168172,0.6685247421264648,1.9403009414672847,2.8665361404418945,3.170199394226074,3.180081844329834,3.180293083190918,3.180054187774658,3.179771423339844,1
0.4824063511558946,162.31566148133396,112.57560878201762,2.531067228239561,2.8732985362874226,0.3539128303527832,0.7247304916381836,0.986886978149414,1.178013563156128,1.3275845050811768,1.4501054286956787,1.553938388824463,1.642953872680664,10
0.3199273154319468,57.2812356564114,117.95318193211958,2.9631121426073666,2.1321389129809947,0.6141467094421387,1.675459384918213,2.3380279541015625,2.562089443206787,2.6246066093444824,2.655559062957764,2.684418201446533,2.711336612701416,0
0.4307244481864781,129.1261167630715,103.50983396248633,2.9774606422279235,2.693651435316462,0.4592635631561279,1.085141658782959,1.504964828491211,1.7293710708618164,1.8718585968017576,1.985196590423584,2.077056407928467,2.154282093048096,20
0.5874062319593869,20.38971248039662,238.41286555950347,2.260163340098979,2.103327551433894,0.4724421501159668,1.173070192337036,1.545614242553711,1.61094069480896,1.6155149936676023,1.620258092880249,1.6245245933532717,1.6283249855041504,1
0.4320410317246396,17.686672074424113,117.53091286078605,2.1357857628678945,2.634989992463117,0.7963128089904785,2.3947079181671143,3.642902135848999,4.164531707763672,4.249369621276856,4.257637023925781,4.26176643371582,4.266080856323242,23
0.5748309150856669,36.414971926375344,254.00090302059027,2.3759070136699867,2.756463151655405,0.499324083328247,1.290032148361206,1.7996819019317627,1.9740889072418213,2.0209405422210693,2.050774335861206,2.076151132583618,2.0980217456817627,1
0.6102991099870654,13.282405866568991,205.6690013053379,2.5512316545107168,2.952236930563151,0.7000763416290283,2.059988498687744,3.089168071746826,3.5146780014038086,3.5854058265686035,3.5859017372131348,3.585911273956299,3.586254596710205,23
0.4516052803535838,7.9964895405112015,259.5927171650586,2.6877380116489475,2.064195266507096,0.5526807308197021,1.4819743633270264,2.025330781936645,2.0857198238372803,2.086029291152954,2.086043119430542,2.087120294570923,2.08734393119812,1
0.4302753727566116,13.252534504154031,247.89764808268563,2.089086600496876,2.651541007328241,0.623908519744873,1.800781488418579,2.642840623855591,2.856474161148072,2.854670286178589,2.854175329208374,2.8546407222747803,2.855756521224976,1
0.5299393801455803,37.74891888215823,111.16972747176564,2.027222548542597,2.4262344074951936,0.5959951877593994,1.6099421977996826,2.2134480476379395,2.432478904724121,2.516844749450684,2.574560642242432,2.624260425567627,2.6670637130737305,0
0.5963323271228507,38.478056042640766,147.12123544113317,2.994111144384285,2.314934938348932,0.5405969619750977,1.3883881568908691,1.9253835678100584,2.162489891052246,2.2787952423095703,2.3625621795654297,2.429932117462158,2.487339496612549,0
0.3102214099733261,29.629689859628392,166.1774584949981,2.1750363892300286,2.921109184395148,0.7338616847991943,2.2248966693878174,3.419147729873657,3.92136025428772,3.9596664905548096,3.9603254795074463,3.960484266281128,3.960577726364136,23
0.595785050409505,14.17285814052988,200.48305046000195,2.9824742876884067,2.191434032488407,0.5993297100067139,1.6247634887695312,2.2682595252990723,2.478062629699707,2.51236629486084,2.515437602996826,2.5190176963806152,2.522378444671631,1
0.4467544490295989,12.984586605016348,148.34585382251515,2.0429351952356853,2.4305720398388004,0.730614423751831,2.138929843902588,3.160367965698242,3.498631477355957,3.5218639373779297,3.522429943084717,3.5224719047546387,3.522860050201416,23
0.5047888990172121,72.39671821023757,170.42754753670167,2.6933028348507384,2.326125909743437,0.4336287975311279,1.011042833328247,1.367542028427124,1.535637617111206,1.637420892715454,1.7147457599639893,1.7772204875946045,1.8296916484832764,20
0.5471151785381239,13.18380773313147,167.3086839521352,2.5983099615363496,2.2351217633360663,0.6623165607452393,1.8488452434539795,2.6231448650360107,2.882887125015259,2.929031610488892,2.931237936019897,2.9344193935394287,2.937477827072144,0
0.5386022455499219,19.50766289048929,224.028070450236,2.281851762847993,2.2817085515949014,0.5477819442749023,1.4579081535339355,1.996436357498169,2.109636068344116,2.1115763187408447,2.1130964756011963,2.1147000789642334,2.11618971824646,1
0.5710207460829091,187.4951837764437,175.64380259202818,2.9853858227089267,2.641407340050119,0.2498371601104736,0.4148976802825928,0.5546798706054688,0.6769623756408691,0.7845127582550049,0.8807804584503174,0.9667584896087646,1.0448222160339355,17
0.522277938321443,50.61245477289976,193.53644176275787,2.8313530297023006,2.3326961361216902,0.4771382808685303,1.1744940280914309,1.6002418994903564,1.7637040615081787,1.8387401103973389,1.893123865127564,1.9389355182647705,1.9792802333831787,0
0.5031890407775996,75.20356544207664,140.7892539225626,2.3162802577480623,2.4335362487030165,0.4575123786926269,1.1035563945770264,1.499894618988037,1.6836647987365725,1.794963836669922,1.8806023597717283,1.949913501739502,2.007467746734619,20
0.3197753122714386,6.905537816066476,154.6680007571559,2.995126087485684,2.1182475662383333,0.7628061771392822,2.22342300415039,3.328324317932129,3.74091386795044,3.8331398963928223,3.8404831886291504,3.840447425842285,3.840367317199707,23
0.6323076046394857,113.99634481722782,157.10473742700836,2.582402374204027,2.976889397855292,0.3499984741210937,0.7133655548095703,0.983609676361084,1.1909852027893066,1.3556983470916748,1.4923765659332275,1.6081511974334717,1.7078168392181396,10
0.3703408317664109,16.732071788648256,129.5852391705607,2.380591450301382,2.164412434310558,0.7349998950958252,2.11170506477356,3.076585054397583,3.4046247005462646,3.46163010597229,3.463669538497925,3.465855836868286,3.4682419300079346,23
0.4016736484949527,91.68913032604851,173.1119254974299,2.038052822541457,2.4966095116497287,0.4319114685058594,1.039440631866455,1.3930246829986572,1.526451826095581,1.5983538627624512,1.6568224430084229,1.706235647201538,1.7485170364379885,0
0.585574886644753,73.4268996924029,263.6756308644537,2.2956156820638443,2.621557358461221,0.3394322395324707,0.689079761505127,0.9132068157196044,1.0543663501739502,1.154369831085205,1.2313599586486816,1.2954235076904297,1.3489458560943604,10
0.3663421197905735,180.1489610857651,208.98727119739388,2.372254993061212,2.029049566268116,0.2150638103485107,0.3173937797546386,0.3912484645843506,0.4533326625823974,0.5065867900848389,0.5536110401153564,0.5955667495727539,0.632699728012085,3
0.3831461322727068,33.11039370339276,158.97999808297794,2.257077647099792,2.573272376573461,0.6745462417602539,1.9467966556549072,2.845692873001098,3.144251108169556,3.1755759716033936,3.181181669235229,3.18753981590271,3.1936962604522705,0
0.408426960250916,15.4463198504154,141.41275182539673,2.026144085001456,2.34645281763855,0.7278339862823486,2.1204137802124023,3.117762565612793,3.437863826751709,3.460415363311768,3.461095333099365,3.4618959426879883,3.463052272796631,23
0.6430616067008457,88.39633067567557,112.1904995246224,2.354919847908418,2.978379745079135,0.410975694656372,0.9270973205566406,1.2947320938110352,1.5455224514007568,1.7316250801086426,1.879321575164795,2.001077175140381,2.106738567352295,20
0.4240873139885271,21.71116947359327,249.8169773618144,2.746222944992907,2.6573383773360524,0.6200907230377197,1.7484228610992432,2.5518009662628174,2.791800737380981,2.79675555229187,2.7969858646392822,2.79721999168396,2.7971856594085693,1
0.3220388171676779,11.18006365624004,243.7689818858834,2.08396362658818,2.7180704018689896,0.6612951755523682,1.958700895309448,2.9450762271881104,3.2425811290740967,3.2390801906585693,3.2394163608551025,3.239119291305542,3.240419149398804,1
0.3240726542381271,107.99255428351104,238.0406678201496,2.3206091408996965,2.46350087457666,0.3935859203338623,0.8784985542297363,1.1404592990875244,1.224569320678711,1.2717695236206057,1.3107073307037354,1.3434407711029053,1.3718254566192627,21
0.6320681703110428,20.47300941669261,121.7549155069251,2.6771508247331046,2.312466083138232,0.6600160598754883,1.806818008422852,2.542956829071045,2.8528170585632324,2.981331348419189,3.0449671745300293,3.091703414916992,3.13161039352417,23
0.5406304190881877,68.17553059011347,184.53181872592788,2.3863077333098826,2.2707532068799594,0.394885778427124,0.8788802623748779,1.1732802391052246,1.3261582851409912,1.4249396324157717,1.4998583793640137,1.559253454208374,1.6105625629425049,20
0.599029211625383,143.4547552923312,163.47264648695767,2.7851382964675144,2.520990515368994,0.2762823104858398,0.4977078437805176,0.6719462871551514,0.8182735443115234,0.9425926208496094,1.0498602390289309,1.1435747146606443,1.2265119552612305,10
0.391208572219029,162.42201851122502,239.33150027394527,2.927126088276294,2.0840247147177564,0.2316107749938964,0.3479199409484863,0.424156904220581,0.4872844219207763,0.5412254333496094,0.5894622802734375,0.6317312717437744,0.6689329147338867,17
0.3074889849265725,7.513196431830562,110.86506889012016,2.1945892299417284,2.4826897938030075,0.8822872638702393,2.710142135620117,4.329020023345947,5.175112724304199,5.269639492034912,5.274417400360107,5.274986267089844,5.275261402130127,7
0.6320024381124604,26.71870306984956,111.32105661811316,2.643219649808037,2.73563609492052,0.6797933578491211,1.904029369354248,2.7297329902648926,3.096231460571289,3.2551560401916504,3.3427300453186035,3.406304359436035,3.4592199325561523,23
0.583599210560902,63.5253113281471,198.45501111044263,2.302574613534337,2.178223391135281,0.3508830070495605,0.7312722206115723,0.9689280986785888,1.1070349216461182,1.201946258544922,1.274672269821167,1.3334646224975586,1.3839654922485352,10
0.3335108007016361,26.310109474825893,249.01899620790783,2.895595311476135,2.4819552175344723,0.597815752029419,1.6659917831420898,2.388611316680908,2.569295883178711,2.5701165199279785,2.57029676437378,2.5703248977661133,2.570154190063477,1
0.5596899120812373,65.75722167988505,255.6173591897652,2.93563887869983,2.019785233434047,0.3037996292114258,0.5691003799438477,0.7243788242340088,0.8225300312042236,0.8930761814117432,0.946223258972168,0.9902408123016356,1.0267724990844729,21
0.3081749695753903,27.156400948015115,116.82335044449738,2.636304050917225,2.4759354056450715,0.7947731018066406,2.348935127258301,3.5536251068115234,4.055948734283447,4.1743597984313965,4.19216775894165,4.195864200592041,4.199973583221436,23
0.3250878496617011,7.941005213591679,157.814881206116,2.8839481160020903,2.055850602861589,0.7334384918212891,2.114717483520508,3.1169214248657227,3.461024284362793,3.5309386253356934,3.5325489044189453,3.532479286193848,3.5325140953063965,23
0.5661618213164799,22.57240468646041,122.3521035035968,2.1794408392364044,2.608150035112736,0.6897475719451904,1.9704482555389404,2.8274905681610107,3.1506121158599854,3.2387783527374268,3.274467706680298,3.303394556045532,3.3296468257904053,23
0.4618169211679821,60.5901235878855,260.3342381477331,2.1006225211962914,2.676620215825503,0.4252247810363769,1.019685983657837,1.3719873428344729,1.488231182098389,1.5369360446929932,1.5748860836029053,1.6063413619995115,1.6332359313964844,1
0.3443589185092267,9.16529365064373,103.94955206162608,2.329622639111393,2.6495638644910104,0.913419246673584,2.8347792625427246,4.570756435394287,5.534491539001465,5.699888229370117,5.711153030395508,5.712428092956543,5.712952613830566,7
0.3012279122631261,14.775304192586493,228.62685498137373,2.838650425729925,2.958467177943425,0.7504556179046631,2.26033091545105,3.517460584640503,4.110301971435547,4.187813758850098,4.188122749328613,4.1877641677856445,4.187621116638184,23
0.5277284046448989,118.70064295055276,136.79197908899908,2.433750859718853,2.2107625890941374,0.3095717430114746,0.6010482311248779,0.8051397800445557,0.9553871154785156,1.0737555027008057,1.1719505786895752,1.254157304763794,1.324357271194458,10
0.6266222740111431,19.470679734860727,242.5548636976769,2.849634174887917,2.176391353945632,0.4877786636352539,1.2196123600006104,1.6389625072479248,1.7420313358306885,1.7544958591461182,1.761838674545288,1.7684824466705322,1.77441668510437,1
0.3119497619633307,29.944156730382616,118.83049487345608,2.427303590710256,2.303037695740974,0.7361588478088379,2.12606167793274,3.1162469387054443,3.470442056655884,3.532967329025269,3.539302110671997,3.545123815536499,3.55082631111145,23
0.3896317216804042,15.374047887326867,171.08639882087283,2.6848400542054343,2.2503281347975976,0.6996841430664062,2.004602432250977,2.923638343811035,3.238877773284912,3.280129909515381,3.2801947593688965,3.280418872833252,3.2804408073425293,0
0.4089251919177028,8.287167658530839,159.6867529546039,2.0339493092334475,2.2633361765798146,0.728240966796875,2.1286697387695312,3.153273582458496,3.4666523933410645,3.478428363800049,3.478204727172852,3.478153705596924,3.4782962799072266,23
0.4705775774689561,11.664980520899466,236.8649088863725,2.170783281490412,2.78860737775985,0.6589844226837158,1.9381463527679443,2.895415544509888,3.201759099960327,3.202026128768921,3.201672315597534,3.2011940479278564,3.2011215686798096,1
0.6317964694685138,120.66135456619156,230.8882634002684,2.627787129272424,2.132715377979712,0.2134726047515869,0.3421659469604492,0.4505462646484375,0.5422036647796631,0.6217594146728516,0.6921370029449463,0.7545771598815918,0.8106992244720459,17
0.5938757661484575,175.96985869247388,248.4218572168328,2.039476667936463,2.0169587268522986,0.1253070831298828,0.1765074729919433,0.2261481285095214,0.2712597846984863,0.3132822513580322,0.3523163795471191,0.3879241943359375,0.421522855758667,3
0.4011702568796481,78.66569665783292,158.62640767660326,2.227845549741879,2.171620835918486,0.4345488548278808,1.0250952243804932,1.3479673862457275,1.4628314971923828,1.528177261352539,1.5805187225341797,1.6238017082214355,1.6611738204956057,0
0.5656520869978237,6.005806472822067,182.91325053128625,2.6076697513056417,2.359907151813132,0.716749906539917,2.067186117172241,3.043265581130981,3.3916432857513428,3.43494725227356,3.434860944747925,3.4351136684417725,3.4352128505706787,23
0.3189917189574699,97.90828510810346,224.93950698207297,2.009035645190316,2.6805342819968145,0.4313511848449707,1.0595240592956543,1.4234697818756104,1.5194993019104004,1.554711103439331,1.5853781700134275,1.6120662689208984,1.6355156898498535,1
0.349332846340848,93.83365130865596,255.5736857033613,2.71132470556942,2.274495122923716,0.3747928142547607,0.7962238788604736,1.0122408866882324,1.0854637622833252,1.129507064819336,1.165790557861328,1.1963517665863037,1.2222113609313965,21
0.6120940419242232,69.41809938098595,199.20443298456607,2.1965770856113185,2.081641546793165,0.3079493045806885,0.60249924659729,0.7964785099029541,0.9275379180908204,1.0258257389068604,1.1044762134552002,1.168649673461914,1.2210805416107178,10
0.4441530798876162,15.847905401287049,162.30429648043457,2.956692875635536,2.2137917750769307,0.689410924911499,1.9514837265014648,2.805824279785156,3.117253303527832,3.1869096755981445,3.190926551818848,3.193519115447998,3.196302890777588,0
0.6264414648031386,135.58889278202452,198.94136310769807,2.7063277072864844,2.695371653234143,0.2795307636260986,0.5021357536315918,0.6761748790740967,0.8227725028991699,0.947312355041504,1.0548644065856934,1.1488523483276367,1.231175422668457,10
0.4922769199053796,53.28322319995236,118.23714230266432,2.8571104531132763,2.571235978216941,0.6044013500213623,1.6359999179840088,2.318082571029663,2.6047961711883545,2.7291181087493896,2.8082115650177,2.870762586593628,2.9259493350982666,23
0.4629214403243293,22.022541590891283,191.69966729820987,2.579642072039274,2.157742810784696,0.5854198932647705,1.585831880569458,2.1878368854522705,2.33994460105896,2.3509132862091064,2.3550169467926025,2.359070539474488,2.362931489944458,0
0.5866245503538925,128.6760727305961,207.57826927606783,2.5609254749321257,2.9489643935520835,0.319594144821167,0.6149842739105225,0.8309564590454102,1.0014533996582031,1.139714241027832,1.2554399967193604,1.354156494140625,1.4407036304473877,10
0.3263967510602216,165.60827190515602,208.53879770351028,2.647796947112844,2.9960989634085715,0.4003312587738037,0.8858039379119873,1.1850948333740234,1.3300659656524658,1.4203414916992188,1.49241304397583,1.5519475936889648,1.6025233268737793,20
0.3572555568538708,9.494930829269911,254.49145144042905,2.4560049591743462,2.571401037714643,0.6545131206512451,1.8993725776672363,2.81949520111084,3.0861644744873047,3.0843825340271,3.0849428176879883,3.083648681640625,3.0838756561279297,1
0.5577961206222719,91.8958457315884,221.12675233010225,2.6830988904493687,2.1313182411171123,0.2895755767822265,0.5328032970428467,0.6944773197174072,0.8134665489196777,0.9068527221679688,0.982602596282959,1.043935775756836,1.0947372913360596,10
0.6324365239658365,166.49392697799135,147.53134725259,2.53825946128084,2.5840116085171525,0.2386748790740966,0.4100403785705566,0.5603044033050537,0.6910204887390137,0.8066878318786621,0.9104511737823486,1.0033044815063477,1.0869140625,17
0.5482949734649067,62.871524182897495,229.1267792102045,2.700768691346095,2.9820267337106463,0.4777646064758301,1.1801083087921145,1.6519739627838137,1.8687984943389893,1.9771077632904053,2.0533602237701416,2.115137815475464,2.167104959487915,20
0.600518841909406,24.26530368436321,164.26662862611818,2.322010220522016,2.3785036781514206,0.5921690464019775,1.5986645221710205,2.219011783599853,2.4331307411193848,2.498392105102539,2.5352706909179688,2.5665030479431152,2.593994617462158,0
0.5776096415081874,64.58684929290922,196.81892703672992,2.123306609309925,2.0960275269255138,0.3353123664855957,0.6857106685638428,0.9023263454437256,1.032543420791626,1.1236371994018557,1.1939382553100586,1.251192331314087,1.2977206707000732,10
0.493702321381625,21.563973321899525,164.22465791685377,2.0764349327917406,2.3451834241947846,0.6319918632507324,1.7643461227416992,2.4760420322418213,2.676313161849976,2.694807767868042,2.7025234699249268,2.710397481918335,2.717846632003784,0
0.6389546601102329,197.4519069466203,152.5061500901573,2.7535105159666697,2.4163702207703044,0.1967310905456543,0.3130035400390625,0.424509048461914,0.5238816738128662,0.614445686340332,0.6975917816162109,0.773867130279541,0.844555139541626,17
0.3468385859599004,39.896048142206446,153.33751259874376,2.899198593982102,2.366490396704571,0.6518206596374512,1.8296403884887693,2.6200270652771,2.8898468017578125,2.945305347442627,2.957418918609619,2.9689383506774902,2.9798827171325684,0
0.5964215596457132,23.339426826247223,172.1368775476933,2.808948175915855,2.279725801605833,0.5828735828399658,1.5506706237792969,2.154632091522217,2.374117851257324,2.442211627960205,2.4765372276306152,2.50498628616333,2.531455516815185,0
0.5867380076762776,67.79597580065116,193.6210838233117,2.776570804982868,2.414083122167461,0.3987729549407959,0.8821921348571777,1.1948933601379397,1.3718533515930176,1.4906368255615234,1.581052303314209,1.6528306007385254,1.711984157562256,20
0.5911991121178148,36.10262169004041,189.85608116799847,2.084142251623046,2.045040073118213,0.424422025680542,0.9889411926269532,1.292250156402588,1.4047918319702148,1.4650261402130127,1.5105798244476318,1.5479097366333008,1.5788791179656982,0
0.3935838898914936,164.4486966572758,167.64556154559023,2.4217634691063865,2.1889880777074886,0.2793433666229248,0.4941689968109131,0.6342158317565918,0.7407665252685547,0.827052116394043,0.8993880748748779,0.9610424041748048,1.0139822959899902,17
0.3810912713902831,167.03646034617216,155.80313834234607,2.874166237805936,2.421946433949309,0.335472822189331,0.6562404632568359,0.857363224029541,0.9909000396728516,1.09234881401062,1.1761693954467771,1.246699333190918,1.3059873580932615,10
0.5117346239427187,151.73116198560234,189.14165139701925,2.2839500102905097,2.1813184908530334,0.2278165817260742,0.3746492862701416,0.4912347793579101,0.5894200801849365,0.6732289791107178,0.746959924697876,0.8119854927062988,0.870020866394043,17
0.6393786279074003,12.894270262887009,243.3741989171088,2.6929735190187936,2.798010223538763,0.6327993869781494,1.7905304431915283,2.61348843574524,2.905656576156616,2.932576894760132,2.9330718517303467,2.933377504348755,2.933433771133423,1
0.4575683104300663,54.372641170660046,177.01323924904682,2.4125519428693294,2.374360915576747,0.5116040706634521,1.3129069805145264,1.7929751873016355,1.9487745761871336,2.006972074508667,2.0510528087615967,2.089386224746704,2.122699022293091,0
0.5816033595280603,60.90862065085674,221.8057676623255,2.680892013439406,2.4282999877939133,0.3966884613037109,0.876035213470459,1.1767661571502686,1.3347725868225098,1.434404373168945,1.5085463523864746,1.5687179565429688,1.6197848320007324,20
0.3407596498734654,14.070068083697418,115.55097836953524,2.016266764411433,2.4882022238088752,0.816303014755249,2.4639549255371094,3.813923358917236,4.367997169494629,4.4211249351501465,4.422343730926514,4.422842025756836,4.423372268676758,23
0.4708100735173123,7.333457293044074,164.85405755663717,2.596461556826985,2.0724359091373694,0.6993703842163086,1.987260103225708,2.864588975906372,3.1463897228240967,3.185539484024048,3.185687303543091,3.185906171798706,3.185921430587769,0
0.5535003106515199,12.937607082382554,241.48469759051008,2.2469168307247576,2.2844041239887107,0.5591154098510742,1.5108964443206787,2.084478616714477,2.1838457584381104,2.183122396469116,2.183013677597046,2.183577299118042,2.184140920639038,1
0.5705830656266839,109.81967186740816,261.4303731232168,2.3399454189013578,2.2917508569076164,0.2394359111785888,0.3944258689880371,0.5090153217315674,0.6022155284881592,0.6807205677032471,0.7476091384887695,0.8049182891845703,0.8548605442047119,17
0.6158835814543933,28.726392296209102,100.00766861414658,2.7186788302992486,2.369049798232893,0.6353962421417236,1.710904836654663,2.3894855976104736,2.6928579807281494,2.842163324356079,2.934642553329468,3.003048658370972,3.0618045330047607,23
0.5300357545275343,15.988168568781264,262.0530063268627,2.980188495407339,2.6979238747002774,0.6218986511230469,1.745840549468994,2.5519886016845703,2.822893619537353,2.837067127227783,2.837517738342285,2.837693691253662,2.837744235992432,1
0.455872939400495,131.72749769589544,229.6964265415797,2.7695780225870026,2.9498209565079563,0.3753561973571777,0.7816736698150635,1.047783136367798,1.213163137435913,1.3318986892700195,1.4268312454223633,1.506826400756836,1.573897361755371,10
0.3257245642977387,7.978966761555066,178.28086883308634,2.2125577352060004,2.46631699881996,0.7508018016815186,2.2337875366210938,3.396693229675293,3.828754425048828,3.8523898124694815,3.852408409118652,3.85235595703125,3.85234260559082,23
0.5473511676821712,70.07707006935904,212.1092397637289,2.651399507911151,2.80793607456092,0.4456386566162109,1.0549321174621582,1.4531912803649902,1.6513457298278809,1.7663917541503906,1.8513250350952148,1.918717861175537,1.974594593048096,20
0.4896006988812555,79.74762102943745,168.16346901867857,2.093735217606434,2.8670794889928937,0.453366756439209,1.1246345043182373,1.5509450435638428,1.7455778121948242,1.8537557125091555,1.9353010654449463,2.0031626224517822,2.06158709526062,20
0.353226000317046,64.81643220172217,210.2913985716576,2.473994427433668,2.368060404644507,0.4881324768066406,1.2348415851593018,1.6684269905090332,1.765087604522705,1.7866706848144531,1.8057804107666016,1.8229637145996087,1.838658332824707,1
0.3899455090298995,51.649120263661054,215.20451398252564,2.281413338409816,2.9125517292818666,0.5723764896392822,1.6029658317565918,2.315346956253052,2.531025648117065,2.549524545669556,2.561116933822632,2.572202444076538,2.5826761722564697,1
0.4305259856685921,8.605127816362936,167.94023016236446,2.8094773086406217,2.7734443503641435,0.824770450592041,2.4965786933898926,3.903480052947998,4.602807521820068,4.744105339050293,4.753700256347656,4.753827095031738,4.753994464874268,23
0.5907180172077162,6.051187592073115,180.0047463791672,2.0548367508988763,2.014282793996233,0.6319966316223145,1.7440571784973145,2.421236038208008,2.557572364807129,2.556851387023926,2.557236194610596,2.5573792457580566,2.5570268630981445,0
0.5193967411111747,142.3161018422374,199.6774357958224,2.9888309965358486,2.414971555427221,0.2808685302734375,0.4970004558563232,0.6509799957275391,0.7758562564849854,0.8793051242828369,0.9676358699798584,1.0449299812316897,1.1123976707458496,10
0.5374998848734804,15.600958854975012,208.86659625533784,2.6190475175598578,2.088490600925345,0.561941385269165,1.4930236339569092,2.0361807346343994,2.161672830581665,2.165735960006714,2.1665828227996826,2.167433500289917,2.1682288646698,1
0.4096529004847759,38.16003669769803,150.33242569422504,2.807015352157295,2.047849700188374,0.5635359287261963,1.4891119003295898,2.025791645050049,2.191765785217285,2.236018657684326,2.262468338012696,2.286224842071533,2.3079538345336914,0
0.3790140508541714,71.03863962984204,158.51702918020422,2.7402571558591453,2.5911763383412065,0.564166784286499,1.5119030475616455,2.1288630962371826,2.3424341678619385,2.4059884548187256,2.448179006576538,2.4854929447174072,2.519226312637329,0
0.6226519057485738,191.3984602670577,244.47507219878736,2.798692964759325,2.050447610462332,0.1368637084960937,0.1872999668121338,0.2393832206726074,0.2857532501220703,0.3285796642303467,0.3693859577178955,0.406843900680542,0.4423050880432129,3
0.5608169446781924,187.88106821540111,151.70401044146735,2.767212097994828,2.300790745886813,0.2133853435516357,0.3440685272216797,0.4604020118713379,0.5616452693939209,0.6518979072570801,0.7334804534912109,0.8071537017822266,0.874213695526123,17
0.6073552147203141,126.08775186241552,175.4630435044387,2.923185723834401,2.4289185167691514,0.2804238796234131,0.5101423263549805,0.6852178573608398,0.8299839496612549,0.951324224472046,1.0547752380371094,1.1441593170166016,1.2227582931518557,10
0.4872474027574496,36.18566155758632,182.1524191632988,2.5882260601969462,2.491570430477396,0.5801630020141602,1.5688059329986572,2.1995885372161865,2.4039461612701416,2.452154874801636,2.4789068698883057,2.5028817653656006,2.524521589279175,0
0.3033562221602694,118.46299990565602,244.3933971488732,2.0029756501854883,2.2443505214795576,0.3309128284454345,0.661156415939331,0.8201406002044678,0.8854753971099854,0.9301834106445312,0.9658858776092528,0.995042324066162,1.0195915699005127,21
0.6033257204324146,11.808839812947149,243.1489964093608,2.448517061933424,2.876351439697445,0.6546375751495361,1.9005374908447263,2.8263258934021,3.1597471237182617,3.1782360076904297,3.17890739440918,3.1793370246887207,3.179379940032959,1
0.4483296742548588,47.854503275494,143.47387816684588,2.429823986160684,2.58348160550595,0.607494592666626,1.6770298480987549,2.3728935718536377,2.616395235061645,2.683884382247925,2.7233364582061768,2.758127927780152,2.790590047836304,0
0.6209821792604342,134.1815233954033,224.97324172722267,2.4041628808080167,2.9352852970306804,0.2715096473693847,0.4864876270294189,0.6557412147521973,0.7981843948364258,0.9194111824035645,1.0245940685272217,1.116346836090088,1.1972107887268066,10
0.6306416166887985,24.807115107214475,126.84050125327414,2.601672498946116,2.648061917421473,0.6661098003387451,1.858864068984985,2.657167673110962,2.999805212020874,3.137856721878052,3.2092745304107666,3.260804891586304,3.3052308559417725,23
0.6043279444471501,41.75903225728727,228.45479075843468,2.2533583196261504,2.565902901496288,0.4571359157562256,1.1171326637268066,1.524834156036377,1.685570240020752,1.7623999118804932,1.817807912826538,1.8626563549041748,1.9002411365509035,1
0.3870188409197266,22.994624295074736,255.98317032171727,2.546015108963444,2.035793028901772,0.4875848293304443,1.2324082851409912,1.620476245880127,1.6459684371948242,1.646216869354248,1.6470489501953125,1.647054672241211,1.6472902297973633,1
0.4351856395619493,18.12514896327635,222.66860343479271,2.7329865030855567,2.638094881226148,0.6680874824523926,1.924932718276977,2.844221830368042,3.1708524227142334,3.194112539291382,3.194764375686645,3.195176362991333,3.195236921310425,1
0.4037547354046966,29.884430258663368,246.20147649724,2.887194477392207,2.6507693751645967,0.6027846336364746,1.6804046630859375,2.435793876647949,2.658662796020508,2.667257785797119,2.6680493354797363,2.668596744537353,2.6689281463623047,1
0.5044028643017133,6.037153441432087,128.32037543810873,2.8205042449749422,2.302413973311498,0.8192288875579834,2.4118916988372803,3.650630235671997,4.1577911376953125,4.29006290435791,4.31973934173584,4.3202314376831055,4.320296287536621,23
0.604586380890793,10.600368293083031,141.1936586757318,2.8547870533512167,2.374711609586226,0.7504885196685791,2.1538336277008057,3.154428720474243,3.5774519443511963,3.7152559757232666,3.747348070144653,3.7540652751922607,3.7608859539031982,23
0.48173273511783,32.23822123538311,183.4865455624904,2.901514370966334,2.1854993442182846,0.558875560760498,1.481201171875,2.041433334350586,2.216651439666748,2.25925350189209,2.2816457748413086,2.301450252532959,2.31919527053833,0
0.4246452992075911,154.27405507298906,122.9340736187381,2.186012353658338,2.038071344673037,0.2691178321838379,0.4847099781036377,0.6344778537750244,0.749464750289917,0.8413600921630859,0.9184186458587646,0.9836513996124268,1.0401580333709717,16
0.3626714846126667,14.642366607392884,147.30107219957614,2.3185712255611417,2.1303640592081856,0.7141880989074707,2.046647548675537,2.971536159515381,3.263406276702881,3.294118404388428,3.294641494750977,3.2947769165039062,3.29510498046875,0
0.6288827248374287,10.084462221110051,206.2825912704304,2.131458053504341,2.271625849426313,0.6026346683502197,1.6556413173675537,2.308049440383911,2.4607274532318115,2.462229013442993,2.46172308921814,2.4618465900421143,2.462139368057251,1
0.3840620118904896,29.228941987121065,113.93228045019887,2.531853596680034,2.659635855116476,0.7822682857513428,2.3180270195007324,3.4902634620666504,3.9957780838012695,4.11718225479126,4.140999794006348,4.151397705078125,4.161687850952148,23
0.4712511371226155,127.16858030203896,164.1209033190553,2.358442896341404,2.489502235825604,0.3355758190155029,0.6726372241973877,0.8942935466766357,1.0453107357025146,1.1602716445922852,1.2539377212524414,1.3323969841003418,1.3984224796295166,10
0.3719424159186953,9.62260869743777,231.50974489766745,2.592452904502187,2.2994575612457484,0.6348059177398682,1.7902123928070068,2.572961568832397,2.7570035457611084,2.756782293319702,2.756678819656372,2.7559807300567627,2.756272554397583,1
0.3054630618814139,12.696646824064226,210.61579497158164,2.796233128716582,2.244151138766592,0.6669480800628662,1.9022741317749023,2.7696690559387207,3.0246291160583496,3.035763740539551,3.0360116958618164,3.0359668731689453,3.0358119010925293,1
0.4715813721217668,15.072317040335,146.42446807695666,2.6987138576835674,2.490248467227608,0.7556257247924805,2.2011730670928955,3.2647130489349365,3.703596353530884,3.80862069129944,3.82053542137146,3.823124647140503,3.826537370681762,23
0.3706159016018143,117.37789323212962,101.87179500296972,2.2227126847827146,2.619470554259705,0.4773836135864258,1.1959192752838137,1.6328966617584229,1.809053897857666,1.907498836517334,1.985128402709961,2.051042556762696,2.106707572937012,0
0.4926106851800339,25.435283723799323,180.3639611032399,2.910206323050468,2.006267907716349,0.5483710765838623,1.4366674423217771,1.9508719444274905,2.0979299545288086,2.12973690032959,2.146564483642578,2.1620583534240723,2.176290988922119,0
0.5379440928327688,153.05228072135696,202.9661307657576,2.953912307805412,2.670974416514256,0.2906422615051269,0.519533634185791,0.6858751773834229,0.8229291439056396,0.93733811378479,1.035539150238037,1.121021747589111,1.1962308883666992,10
0.5215971273101627,73.72213652691539,234.41324914877512,2.584393814897194,2.724586507399563,0.4207808971405029,0.9667072296142578,1.313843011856079,1.482152223587036,1.5815012454986572,1.6562440395355225,1.715979814529419,1.765484094619751,20
0.3975385661955369,24.08521027759104,216.20197045519475,2.026780363006291,2.270336635683232,0.5660536289215088,1.5455639362335205,2.134579658508301,2.224569320678711,2.224794864654541,2.2256436347961426,2.225724220275879,2.225576877593994,1
0.3641049082894647,218.0367971289975,109.5407092777394,2.565257020088397,2.846245882340226,0.3502864837646484,0.7062766551971436,0.9401910305023192,1.1015067100524902,1.2266628742218018,1.3295109272003174,1.4160730838775637,1.491419553756714,10
0.4449966619410921,51.23044555772351,214.6493226169873,2.3742812643392983,2.099698854720678,0.4297692775726318,1.0127570629119873,1.3213269710540771,1.4033114910125732,1.4385488033294678,1.4671716690063477,1.4912223815917969,1.511889934539795,1
0.3704476339002495,55.08844903630066,194.4826971418371,2.923334285969478,2.0596501681405464,0.4825308322906494,1.206040859222412,1.6087636947631836,1.7045683860778809,1.731656551361084,1.754647731781006,1.7750024795532229,1.7930693626403809,1
0.5202894860718719,90.95753008154033,119.50851668181836,2.8201206756267907,2.544511881142808,0.4481236934661865,1.0504271984100342,1.4491336345672607,1.6668741703033447,1.8107802867889404,1.922715425491333,2.0140039920806885,2.088926076889038,20
0.3948112821988886,110.39982291564912,201.63064191436064,2.278022937898889,2.462752834201138,0.3783869743347168,0.8223080635070801,1.0815541744232178,1.2047913074493408,1.285515308380127,1.3485467433929443,1.3995511531829834,1.442274570465088,21
0.595612130924288,146.0362772637156,245.2195462321841,2.986100935911818,2.889009365634135,0.2870137691497803,0.4977383613586426,0.6593027114868164,0.7960810661315918,0.9126851558685304,1.0139436721801758,1.1027517318725586,1.1817445755004885,10
0.3067728828065175,13.726489718005409,204.8407680829773,2.8524658455782457,2.730960950356517,0.7542412281036377,2.2461578845977783,3.450029134750366,3.986860036849976,4.063083648681641,4.062671661376953,4.062540054321289,4.062524795532227,23
0.556346702629769,178.3892949841057,117.28878421994656,2.7610873608649533,2.121512694148336,0.2222449779510498,0.3722100257873535,0.5021460056304932,0.6146643161773682,0.7138330936431885,0.8021636009216309,0.8817384243011475,0.9536030292510986,16
0.6193543193191888,75.26473514463417,185.3999141495025,2.438774662757986,2.0695157045433765,0.3088486194610595,0.6036183834075928,0.804548978805542,0.9455680847167968,1.0531625747680664,1.1391818523406982,1.2084262371063232,1.2679476737976074,10
0.4477588410408274,24.930429720241086,111.61904380844548,2.8051033598062776,2.055578835124511,0.6860899925231934,1.8998517990112305,2.680293083190918,2.984013080596924,3.0864415168762207,3.1247849464416504,3.150240898132324,3.173102855682373,23
0.4677184955269895,40.78970853684211,139.88873340455763,2.794488865143232,2.716096054881887,0.6650543212890625,1.8838515281677248,2.734782218933105,3.0792951583862305,3.182334899902344,3.22512149810791,3.2588047981262207,3.291065692901612,23
0.3458199462015222,95.89542822045738,146.5431817125745,2.81514535001322,2.7003043098037134,0.5506834983825684,1.4664452075958252,2.074040651321411,2.292083978652954,2.3638927936553955,2.4148643016815186,2.4594991207122803,2.4990060329437256,0
0.4891734822177608,44.41740987792005,159.54905882391566,2.3424444172429006,2.5007773017284185,0.5687856674194336,1.527646541595459,2.131022453308105,2.33640718460083,2.400607109069824,2.443668842315674,2.4812917709350586,2.516521453857422,0
0.62918985077569,38.296044082638936,114.008449356652,2.605420550874616,2.6418518301627243,0.5948197841644287,1.5861709117889404,2.23092007637024,2.5266635417938232,2.678420305252075,2.7805840969085693,2.8648664951324463,2.9374802112579346,20
0.408847567221697,8.401903423347013,164.3337783442989,2.2189791650774127,2.526520959446694,0.7708063125610352,2.3018288612365723,3.520937919616699,4.005372524261475,4.05023193359375,4.050566673278809,4.050779342651367,4.050631046295166,23
0.3186994236585249,134.3653719538035,170.32399356979465,2.483113709449177,2.598191249224126,0.431119441986084,1.0125937461853027,1.358431339263916,1.4908790588378906,1.563307285308838,1.6210780143737793,1.6697602272033691,1.7115240097045898,0
0.4446043582616015,9.844089730735876,159.74937715734285,2.135163213685234,2.727142949004873,0.780346155166626,2.3653037548065186,3.652169942855835,4.201455116271973,4.258355140686035,4.258452415466309,4.258419990539551,4.258445739746094,23
0.4746895063399121,91.91074907007317,145.9198975639291,2.909212167174468,2.705663871728301,0.4820253849029541,1.1762971878051758,1.6375269889831543,1.8603515625,1.989793300628662,2.0875253677368164,2.1658411026000977,2.231950283050537,20
0.6029475336846324,188.28836117916825,252.78875994111297,2.800755390264948,2.037124698230319,0.1392216682434082,0.1881430149078369,0.2392585277557373,0.2840576171875,0.3252849578857422,0.3642382621765136,0.400048017501831,0.4342830181121826,4
0.3369666607654683,156.62401212369497,253.16975501926063,2.191622067044494,2.6556762290717137,0.3126895427703857,0.5920002460479736,0.7464785575866699,0.8395164012908936,0.9103245735168456,0.9688348770141602,1.0187344551086426,1.0615732669830322,21
0.6175880024559115,16.19254466592131,225.85323739372228,2.4779809620828184,2.1423338461108323,0.5230109691619873,1.3504738807678225,1.8267507553100584,1.9334001541137693,1.9376296997070312,1.939929485321045,1.942091941833496,1.944054126739502,1
0.321463695727034,42.792742688418414,159.46436515930628,2.7255473931367966,2.19779625872451,0.6147060394287109,1.6940300464630127,2.379636526107788,2.5825841426849365,2.6094114780426025,2.618799924850464,2.6281216144561768,2.6370322704315186,0
0.6249316002746017,46.37953306866543,239.8850675635138,2.3071582692965062,2.925245930234337,0.4579448699951172,1.1274056434631348,1.5653917789459229,1.763859748840332,1.864662170410156,1.93711519241333,1.994627952575684,2.041886806488037,1
0.6332380240698596,99.44843895349749,263.3580616914826,2.8139710721807694,2.8134247963058616,0.3226871490478515,0.6139364242553711,0.8194565773010254,0.9763414859771729,1.1013944149017334,1.2051570415496826,1.292632818222046,1.3681581020355225,10
0.5190492245799052,81.06931145692444,190.60299028467568,2.8487447975538345,2.729850858606245,0.4474437236785888,1.0492768287658691,1.4469506740570068,1.6510450839996338,1.773698091506958,1.8662397861480715,1.9406416416168213,2.001779317855835,20
0.4158539342987695,16.5113208737318,204.23303990422448,2.5074886013130326,2.9417981095511445,0.7373292446136475,2.219425201416016,3.416569232940674,3.946053504943848,4.009260177612305,4.009231090545654,4.009153842926025,4.009335517883301,23
0.6164032093392638,6.535763684567871,253.28553657733167,2.550951813216364,2.6945093197444545,0.6600921154022217,1.9099860191345213,2.831137657165528,3.145493030548096,3.153049945831299,3.1530494689941406,3.1532135009765625,3.152751445770264,1
0.3996556447925094,37.16566846255824,177.151596616971,2.933422526681955,2.576878279858566,0.6536698341369629,1.8485102653503416,2.687466621398926,2.995734691619873,3.0546646118164062,3.0662617683410645,3.0775036811828613,3.0882859230041504,0
0.5373986234508508,76.16075133241436,217.47656329994825,2.533158331747712,2.655371147047454,0.408721923828125,0.921560525894165,1.2485644817352295,1.4214177131652832,1.5316390991210938,1.6149959564208984,1.6817989349365234,1.7373576164245603,20
0.3550778277474603,96.85436832900024,153.7212363447813,2.685051132064792,2.953698781323051,0.5619385242462158,1.527003526687622,2.193228483200073,2.4428226947784424,2.5196783542633057,2.57020115852356,2.6149251461029053,2.6549808979034424,0
0.567464731583175,9.180929506570708,257.4076471381943,2.8774618235251714,2.0681812959131864,0.5340371131896973,1.406869411468506,1.9067177772521973,1.975379467010498,1.9755258560180664,1.975083827972412,1.9752964973449707,1.975360870361328,1
0.466423494347549,10.269967261923522,195.96281236808449,2.082517508870806,2.315196720024486,0.6606473922729492,1.8933038711547847,2.729901075363159,2.9429447650909424,2.943013429641724,2.942576169967652,2.943000555038452,2.943234205245972,1
0.6185413272548987,52.23703583939787,243.82775439637604,2.915266303569288,2.612941652653943,0.426887035369873,0.9768495559692384,1.332643985748291,1.512535572052002,1.615586757659912,1.690554141998291,1.7497825622558594,1.7998580932617188,20
0.3221316439426179,36.05949655990973,251.7057635546108,2.52494346180349,2.58841383885094,0.5779943466186523,1.605299949645996,2.3000855445861816,2.4533233642578125,2.452867031097412,2.452901840209961,2.4524474143981934,2.4524149894714355,1
0.5912047343456124,10.26178444324026,253.71996123479065,2.5932914530975943,2.07035821888539,0.5237231254577637,1.363504409790039,1.8325483798980715,1.8927977085113523,1.892935037612915,1.8928344249725344,1.8934872150421145,1.8938300609588623,1
0.6209447159364343,82.01605748843318,232.765588080456,2.855421936556385,2.3707926600807707,0.3227486610412597,0.6276774406433105,0.8344199657440186,0.98183012008667,1.0954382419586182,1.1874821186065674,1.263496160507202,1.328334093093872,10
0.3732199652223496,18.869377666920272,108.80993121533363,2.116877035086686,2.816812242824004,0.8393638134002686,2.595285177230835,4.084760665893555,4.806500434875488,4.915932655334473,4.922320365905762,4.924053192138672,4.9256439208984375,23
0.3371860748774801,170.01757651592857,128.5015893529074,2.728037172464247,2.275194633246604,0.3502957820892334,0.711345911026001,0.9256424903869628,1.0541608333587646,1.1471476554870603,1.2239196300506592,1.2889020442962646,1.3441550731658936,10
0.4523417163692125,183.0128776103622,165.25836680259363,2.582029417680142,2.465583965019815,0.2713282108306885,0.4737873077392578,0.6192772388458252,0.7386856079101562,0.8387622833251953,0.9250140190124512,1.0003266334533691,1.0671896934509275,17
0.6414304681658358,19.546353163457383,139.72528583369854,2.6437472571674485,2.271326498347132,0.6267833709716797,1.6939616203308103,2.36279821395874,2.6301469802856445,2.7342753410339355,2.786290645599365,2.8258180618286133,2.860195636749268,0
0.4489338748665684,6.8263517140528185,198.71995766225024,2.0517759436639658,2.572698306628427,0.7128808498382568,2.1211509704589844,3.203415870666504,3.5759568214416504,3.5802717208862305,3.5802931785583496,3.5798463821411133,3.580465793609619,23
0.6228991199425382,107.1374473784982,140.63363197943525,2.3107000990155324,2.379084739827406,0.3049356937408447,0.5918745994567871,0.8065469264984131,0.9741764068603516,1.1092016696929932,1.2219860553741455,1.3172147274017334,1.3989856243133545,10
0.5837776437459368,15.945887684588165,206.5681647210488,2.9450737474130926,2.4378016648824365,0.6318397521972656,1.757359504699707,2.513468265533448,2.7779784202575684,2.8261780738830566,2.8294782638549805,2.833471775054932,2.8373613357543945,1
0.3596553510028486,52.77761646401415,125.46878408566316,2.5164480441030697,2.510320328346632,0.6577858924865723,1.861323833465576,2.675917148590088,2.967350006103516,3.0308103561401367,3.056295394897461,3.079053401947021,3.1000752449035645,0
0.5739632601376385,7.601755503956126,155.26239454445297,2.78361737575006,2.218700248058973,0.7257323265075684,2.0689711570739746,3.0039381980896,3.359416007995605,3.4500555992126465,3.455291748046875,3.455172538757324,3.4552717208862305,23
0.3512258357503731,18.738136874406333,163.6880903520988,2.885422695205173,2.3179150388791188,0.7228245735168457,2.086642265319824,3.0786938667297363,3.4536757469177246,3.5308613777160645,3.533092975616455,3.533270359039306,3.5336241722106934,23
0.5018342530031416,52.75032577324591,212.3913157951777,2.1329036017750447,2.8912680767858,0.5031092166900635,1.332554817199707,1.868882417678833,2.0602643489837646,2.123833417892456,2.16900372505188,2.207413911819458,2.2402775287628174,1
0.4892754753319084,51.204342913811146,246.765579817485,2.171757262450342,2.7409675405731027,0.4653997421264648,1.1726369857788086,1.6084794998168943,1.747333288192749,1.7918107509613037,1.825824499130249,1.8548943996429443,1.8800055980682373,1
0.4411681410972284,209.2421754340237,101.65867626457757,2.217879330106097,2.4736266138483307,0.2590277194976806,0.4552762508392334,0.6070864200592041,0.7339017391204834,0.8415329456329346,0.9352173805236816,1.017376184463501,1.0898029804229736,16
0.3962237092129428,125.96321729889353,257.46492752839174,2.505264440897617,2.8726561115310743,0.3693439960479736,0.7779505252838135,1.0252668857574463,1.1546075344085691,1.2416753768920898,1.309727668762207,1.3649046421051023,1.413809061050415,21
0.4531022838931184,23.857168724172872,253.6674072290901,2.536965482866675,2.842829855513422,0.615772008895874,1.752186298370361,2.573737621307373,2.835775852203369,2.841514587402344,2.841780662536621,2.8419408798217773,2.841916084289551,1
0.4440580996611909,54.01881245383733,172.82574856436213,2.7854576343734974,2.6972328408382067,0.5864002704620361,1.5997700691223145,2.2812042236328125,2.535328388214112,2.609952926635742,2.651268482208252,2.6872053146362305,2.719618797302246,0
0.5435022012331193,7.112704483987586,128.2248823482662,2.6490188682898097,2.7829278630773824,0.874525785446167,2.6651339530944824,4.182868480682373,4.942760944366455,5.11595630645752,5.152191638946533,5.153663158416748,5.1537251472473145,7
0.5456084868783848,49.67202942030331,202.12790895169303,2.4491414071462065,2.771738954218236,0.512078046798706,1.3241207599639893,1.849525451660156,2.057199001312256,2.1426000595092773,2.2008018493652344,2.248966217041016,2.29024600982666,1
0.3091027588075676,23.742463653488176,206.3508970240468,2.779680012651608,2.433142957816409,0.6689796447753906,1.921135425567627,2.821892738342285,3.118758201599121,3.1372056007385254,3.137866497039795,3.1381521224975586,3.1381568908691406,1
0.5113953353093958,28.96955550980291,103.58206016742844,2.18933168838842,2.297711519348367,0.6612253189086914,1.8212013244628904,2.5427727699279785,2.8046441078186035,2.88670301437378,2.9316654205322266,2.96809720993042,3.0025415420532227,0
0.3904793169224102,7.1734948370491285,249.1239701039456,2.9706915444049184,2.9177296243082047,0.7373909950256348,2.1981759071350098,3.4057087898254395,3.9548845291137695,4.018035888671875,4.019006729125977,4.018432140350342,4.018155574798584,23
0.3467165370795745,96.6271559296526,209.13021070523672,2.666217627870992,2.7175559122442445,0.4818336963653564,1.2081303596496582,1.6678333282470703,1.818564891815185,1.8702969551086424,1.911569595336914,1.9472522735595703,1.9786863327026367,1
0.5767537572139717,94.36710766992942,148.00254470045485,2.384712179459353,2.6966140433176973,0.390798807144165,0.8585429191589355,1.1786794662475586,1.385786771774292,1.5350298881530762,1.6540367603302002,1.7525413036346436,1.834215879440308,10
0.4873872949501217,8.542267574011493,244.2744668718739,2.0872916658047487,2.174360408355232,0.5632491111755371,1.5255680084228516,2.0914056301116943,2.148067712783813,2.149247407913208,2.1501834392547607,2.1492807865142822,2.148654699325561,1
0.3774151659699024,181.64390739936863,239.5052114775516,2.07215962900655,2.12404753456554,0.1994087696075439,0.2836248874664306,0.349649429321289,0.4055120944976806,0.4537479877471924,0.4972398281097412,0.5362551212310791,0.5711402893066406,3
0.3562614983633803,9.107280040052162,204.3345597654209,2.05340591346081,2.846676765427169,0.7318849563598633,2.23118257522583,3.460968494415283,3.976474285125733,3.990056991577149,3.989863395690918,3.989280223846436,3.989595413208008,23
0.3224370068542191,64.74028468664825,230.22641079892097,2.9156389065337187,2.9685201237330587,0.5942304134368896,1.6541924476623535,2.4281582832336426,2.69482421875,2.717379093170166,2.725088119506836,2.7327351570129395,2.7401046752929688,1
0.6012479739256575,52.87410942196063,211.27364708524576,2.4975548183298235,2.085074753327538,0.3628711700439453,0.7705309391021729,1.0186951160430908,1.1495468616485596,1.2360355854034424,1.300650119781494,1.351421594619751,1.392838716506958,21
0.6175650345653505,59.61894654085072,257.59980800991934,2.7119135040267026,2.517561363579228,0.3790121078491211,0.811988353729248,1.0880520343780518,1.2430055141448977,1.345172643661499,1.4212558269500732,1.4812915325164795,1.5307743549346924,10
0.317328858117726,21.59235460439096,201.7328521714425,2.3431751065987467,2.277133597587099,0.6335599422454834,1.7824225425720217,2.548455238342285,2.726717472076416,2.7270240783691406,2.7265734672546387,2.726603507995605,2.727165699005127,1
0.3984214579935182,13.464481719468154,228.97846160769808,2.17545034976205,2.773930082613436,0.674654483795166,1.9984681606292725,3.011845350265503,3.3583009243011475,3.3595664501190186,3.359440565109253,3.3590123653411865,3.358927965164185,23
0.4045075339552467,8.550865813162881,222.50382180062564,2.439775497264192,2.272979825400612,0.6449344158172607,1.8267035484313965,2.628017902374268,2.830839157104492,2.830638885498047,2.830310821533203,2.829860210418701,2.8305110931396484,1
0.3030814980940692,79.91264591383703,209.97007082139885,2.1696832733806084,2.300012939659913,0.4493792057037353,1.0980336666107178,1.4462904930114746,1.5064187049865725,1.5264484882354736,1.544954776763916,1.561450481414795,1.5762569904327393,1
0.4560215948260112,54.25144173491693,103.36775378629548,2.595167275088225,2.668624686767599,0.6406960487365723,1.7845194339752195,2.5478036403656006,2.8548672199249268,2.972285509109497,3.0420844554901123,3.098607301712036,3.147578001022339,23
0.340175331959324,35.57279685232928,132.76056479259415,2.3022286846715474,2.306874449253661,0.6729094982147217,1.903747320175171,2.718667268753052,2.975715398788452,3.007824659347534,3.0165812969207764,3.0256564617156982,3.0343258380889893,0
0.485785671172785,11.053429791232688,191.6195537198672,2.8327717434734065,2.7073903241856705,0.7521727085113525,2.227020502090454,3.37858510017395,3.880021333694458,3.9729254245758057,3.974632978439331,3.974510908126831,3.974414587020874,23
0.4797699876117689,215.24263222570423,208.36787084394533,2.2560368590004902,2.215212522971733,0.1676688194274902,0.2374005317687988,0.3059871196746826,0.3660557270050049,0.4199674129486084,0.4701004028320312,0.5155646800994873,0.5582964420318604,3
0.3300541158372492,41.555478744787735,218.33026976075783,2.667098741529718,2.376280217620714,0.5723786354064941,1.5618934631347656,2.1983518600463867,2.345381259918213,2.348679542541504,2.351025581359864,2.353318691253662,2.355517864227295,1
0.6446471231833264,61.1410390858781,213.7523251181603,2.5258932003247363,2.5143990340748754,0.3860909938812256,0.8424131870269775,1.1437416076660156,1.3239364624023438,1.4471187591552734,1.5415644645690918,1.6157560348510742,1.679094314575195,10
0.4617979113263492,12.367337012688168,101.13746447269943,2.125699033501594,2.1862886511195208,0.7918155193328857,2.308223485946656,3.4038755893707275,3.802941083908081,3.87961745262146,3.890397787094116,3.89554762840271,3.900752305984497,23
0.3272795701331221,122.3190814428576,170.9787142496504,2.6895245631649294,2.4235635078073616,0.4273092746734619,0.9932348728179932,1.321631669998169,1.4431846141815186,1.5113489627838137,1.5667455196380615,1.6128804683685305,1.652817964553833,0
0.4069741515599324,7.869999398848034,168.6859845572414,2.534744023341988,2.9848048339914097,0.8405957221984863,2.592482566833496,4.135465145111084,4.96588659286499,5.119794845581055,5.123435020446777,5.123392105102539,5.123374938964844,7
0.645306964177701,115.27982467822277,136.68959209380364,2.488540304040389,2.034205695527447,0.2373435497283935,0.420353889465332,0.5717270374298096,0.6987807750701904,0.8072340488433838,0.9014220237731934,0.9834859371185304,1.0567307472229004,17
0.6328251332127699,9.51081476127659,234.7803926690385,2.7598373011986137,2.259526127444829,0.5879199504852295,1.602928638458252,2.2427377700805664,2.406226634979248,2.4105920791625977,2.410651206970215,2.410545825958252,2.410452365875244,1
0.300808813330758,67.58214993096763,253.7525470332332,2.6990224434554912,2.472975093466702,0.4875745773315429,1.240607976913452,1.6908161640167236,1.7703287601470947,1.7762768268585205,1.783405065536499,1.7903211116790771,1.796874761581421,1
0.5759906225178762,16.650890344747072,166.452164914825,2.82716557690715,2.529581605889424,0.6914994716644287,1.9652349948883057,2.8518097400665283,3.204784631729126,3.297513246536255,3.316642999649048,3.327223062515259,3.337878942489624,23
0.5909858451480595,7.297617586278799,137.30436052416758,2.2208786888413337,2.5813015346437727,0.7967205047607422,2.3787617683410645,3.606095790863037,4.116765022277832,4.208143711090088,4.212599754333496,4.21259355545044,4.212976455688477,23
0.5244704621124103,14.518289509842797,254.6397758171761,2.5219533869646025,2.972894149689842,0.6545536518096924,1.9116849899291992,2.867582321166992,3.2207345962524414,3.2353057861328125,3.235682487487793,3.236125469207764,3.2363295555114746,1
0.4355898724738929,19.96077928292379,106.12094601507448,2.6724093265459192,2.317607414739804,0.7812111377716064,2.261970996856689,3.341409683227539,3.77903413772583,3.916757106781006,3.952441692352295,3.965396404266357,3.977005958557129,23
0.5389871733975857,20.287600793048924,176.40339389881342,2.3821422797897176,2.352419391122253,0.6206412315368652,1.711723566055298,2.402772665023804,2.6191446781158447,2.6524131298065186,2.661895990371704,2.671482801437378,2.680577039718628,0
0.6474560451892256,45.27073000182381,155.99972971739098,2.4965489965185803,2.3602659476349976,0.4611196517944336,1.1012535095214844,1.5055861473083496,1.7080316543579102,1.8297195434570312,1.9231743812561035,1.998456954956055,2.061231136322021,20
0.4820551530392757,141.172316381529,145.2606275281361,2.765899354465468,2.154049622062196,0.2860610485076904,0.5256743431091309,0.6943325996398926,0.8254175186157227,0.9314603805541992,1.0203354358673096,1.0957741737365725,1.1605923175811768,10
0.3924698330338879,30.995335454305547,178.8749877787589,2.882641739057184,2.873836481069683,0.7167065143585205,2.1030168533325195,3.1661934852600098,3.612983703613281,3.703369140625,3.710182666778565,3.714408397674561,3.718693733215332,23
0.4247659776628681,62.75693313305003,246.03231196205493,2.494902974073078,2.723388773796481,0.4827601909637451,1.2192363739013672,1.6838164329528809,1.828005313873291,1.8671555519104004,1.897812843322754,1.924616813659668,1.948392868041992,1
0.3364187233793883,7.57532404454463,104.47135964135332,2.031964520356644,2.913029962291969,0.9188003540039062,2.9291563034057617,4.853253364562988,6.077612400054932,6.351683139801025,6.3523125648498535,6.352491855621338,6.352491855621338,7
0.3773199854752105,126.4374585290359,100.72718168681077,2.9852843379908705,2.443865071892648,0.4658820629119873,1.1231303215026855,1.5397748947143557,1.731381893157959,1.846274375915528,1.937471389770508,2.0134286880493164,2.0781164169311523,20
0.4111270302527777,12.290801585819612,116.58287024078142,2.1545618001198323,2.097534736363877,0.7534356117248535,2.1690261363983154,3.161570310592652,3.4844157695770264,3.534546136856079,3.5361478328704834,3.538524866104126,3.541039228439331,23
0.5240772285427393,8.844332965821025,111.956256232976,2.3153909590106845,2.5845189081102964,0.8506629467010498,2.566006660461426,3.945433616638184,4.568567752838135,4.695824146270752,4.715729236602783,4.717207431793213,4.719207286834717,23
0.4733476877451008,110.19892767628144,217.00851590656845,2.022158133448029,2.253817842435037,0.2857024669647217,0.5276813507080078,0.6826813220977783,0.7926778793334961,0.8788297176361084,0.9487423896789552,1.006399393081665,1.0540719032287598,10
0.3971924723977473,47.30370737832472,215.3219483033469,2.7275765961850977,2.9148612403358287,0.6108651161193848,1.7184312343597412,2.5139176845550537,2.7943789958953857,2.8296797275543213,2.839296579360962,2.8490917682647705,2.858427286148072,1
0.3155874385117974,12.64265937372422,204.2124845495821,2.9148255405794474,2.48494176576097,0.7157649993896484,2.086874961853028,3.126526355743408,3.5146312713623047,3.558950424194336,3.558969020843506,3.558962821960449,3.559239864349365,23
0.320176863365213,8.478908365746914,207.0987090038884,2.003296304241854,2.755564123114224,0.7268061637878418,2.208277702331543,3.4133119583129883,3.896764278411865,3.903964519500733,3.904372215270996,3.903599262237549,3.904097557067871,23
0.368115476614449,25.4703150541654,122.3120335168023,2.312864926193277,2.143811362516011,0.7010562419891357,1.981754302978516,2.8346800804138184,3.114500045776367,3.16489839553833,3.1731114387512207,3.1814966201782227,3.189497470855713,0
0.3006795393050938,57.24324644121544,246.00752126335888,2.490915747583446,2.604858790523312,0.5338497161865234,1.4272642135620115,2.0061111450195312,2.122051239013672,2.123349666595459,2.1253108978271484,2.1274046897888184,2.129534721374512,1
0.5931268018481266,81.49799250969326,142.07451220137426,2.7208733361177098,2.544952456698091,0.411820650100708,0.9193832874298096,1.2650930881500244,1.4801514148712158,1.629296064376831,1.7484962940216064,1.8465750217437744,1.926997423171997,20
0.3420018855148733,46.331033091847054,252.2046701105025,2.238552925704572,2.4541823699238945,0.5075352191925049,1.332282543182373,1.8284454345703125,1.9043474197387693,1.90562105178833,1.9068708419799805,1.9082283973693848,1.909623622894287,1
0.558471145862518,16.008467061832103,229.9675388936692,2.951290531452801,2.1996322264766275,0.5586726665496826,1.4912457466125488,2.057126045227051,2.201843738555908,2.2082290649414062,2.209195137023926,2.210209369659424,2.211111068725586,1
0.5007567439299242,38.916532645811,160.4116771968704,2.6512017153055867,2.7779873935302746,0.6330568790435791,1.7792458534240725,2.569206714630127,2.8750786781311035,2.9649643898010254,3.006413459777832,3.0411696434021,3.0723981857299805,23
0.4177870551357512,14.7041394600914,127.14259410865408,2.520879259748632,2.288152321382758,0.7671205997467041,2.2275686264038086,3.2982473373413086,3.7036733627319336,3.792588233947754,3.801126480102539,3.80339241027832,3.806145191192627,23
0.4716688227472608,46.29230142901291,245.9091446067197,2.182467572912348,2.998379825746936,0.5201983451843262,1.4091002941131592,2.0028929710388184,2.189428329467773,2.21832275390625,2.238142490386963,2.256186485290528,2.2724480628967285,1
0.4583151457358289,126.32997839073435,254.13492890250544,2.3603651847473417,2.6619086245259287,0.3086979389190674,0.5788495540618896,0.7485182285308838,0.8680176734924316,0.960658073425293,1.0358521938323977,1.10038161277771,1.1558349132537842,10
0.334854884844964,18.47839415202653,103.32145146908208,2.596038363846808,2.148347932499848,0.792954683303833,2.3065602779388428,3.429082155227661,3.8559587001800537,3.966564893722534,3.98835825920105,3.992432832717896,3.996746778488159,23
0.631502987652697,7.214932766501501,232.444619279602,2.5624989913163114,2.118627160377757,0.5805280208587646,1.5739009380340576,2.173518419265747,2.298116445541382,2.2976748943328857,2.297076940536499,2.2969114780426025,2.297166585922241,1
0.4580643778127249,185.584548049223,118.04825208190049,2.0392846685793167,2.957549041168246,0.2987549304962158,0.5849840641021729,0.7955870628356934,0.9611444473266602,1.0954272747039795,1.208444595336914,1.3056299686431885,1.3892488479614258,10
0.515231154359565,32.39040688393481,238.99551019376008,2.6607018368657034,2.141155482413761,0.4633698463439941,1.1331326961517334,1.504992961883545,1.591814041137695,1.611236572265625,1.6271514892578125,1.6409029960632324,1.652821063995361,1
0.320870572952672,206.56544885855487,135.7221186416268,2.6445251395398133,2.3206575284751483,0.3111493587493896,0.5784378051757812,0.7394747734069824,0.8524866104125977,0.9415149688720704,1.0149991512298584,1.0762109756469729,1.1294121742248535,10
0.6450685959614685,32.35851995869782,228.0439695881361,2.131295644409093,2.7374933954350986,0.4866435527801513,1.2416765689849854,1.7167353630065918,1.893326997756958,1.9629924297332764,2.011077642440796,2.049694776535034,2.081916570663452,1
0.603939861065009,11.809656984404594,139.13957325502844,2.194965629612117,2.8274085771182733,0.7688865661621094,2.304860115051269,3.474570274353028,3.972277164459229,4.076918601989746,4.0893731117248535,4.09467887878418,4.10063362121582,23
0.3792057511869656,138.29720577888162,232.08225510510368,2.30199459304434,2.157315826343051,0.2660439014434814,0.4467291831970215,0.5525507926940918,0.6308643817901611,0.693932056427002,0.7468891143798828,0.7917637825012207,0.8310651779174805,17
0.3549819509278544,198.35082625968136,103.4554911101402,2.1775667913496664,2.1391426034945025,0.2733774185180664,0.4868731498718261,0.6310365200042725,0.7420845031738281,0.8325622081756592,0.908750295639038,0.9738936424255372,1.0292456150054932,16
0.6087222841386589,15.297603722874497,217.059723685952,2.994612528153961,2.134285702537344,0.5519711971282959,1.4533023834228516,1.9924182891845703,2.146307945251465,2.16340446472168,2.167075157165528,2.1708126068115234,2.1742501258850098,1
0.3092654596765465,202.24212732361124,248.1170752166257,2.3864326574927937,2.1027233502912006,0.2024707794189453,0.2688648700714111,0.3171553611755371,0.3575582504272461,0.392791748046875,0.4251251220703125,0.4541594982147217,0.4802618026733398,3
0.5225607025765702,33.667932590197424,258.6227280200486,2.230961186830378,2.6292503950345205,0.502439022064209,1.308358907699585,1.8104710578918457,1.9412851333618164,1.9573378562927248,1.969764232635498,1.9811110496521,1.9913535118103027,1
0.563224586399133,53.65445016795381,111.87073171357868,2.9901628150449,2.5483906671268173,0.5584681034088135,1.4454374313354492,2.027305603027344,2.301419734954834,2.4546213150024414,2.561795711517334,2.6464290618896484,2.722630023956299,20
0.5620721970914071,20.255320090392164,163.24280985784185,2.7406831875437825,2.97961845365154,0.7326784133911133,2.156059980392456,3.2355153560638428,3.7160685062408447,3.8489291667938232,3.878008127212525,3.890904188156128,3.903530359268189,23
0.4148180747635626,42.163766814445445,238.7190533858601,2.42415161107606,2.385589747984932,0.5065047740936279,1.3097939491271973,1.788761854171753,1.888341188430786,1.897017240524292,1.905833005905152,1.914128065109253,1.921881437301636,1
0.4643535105973293,8.381052923476211,128.02427100915023,2.5334191769048644,2.821585035721528,0.8830001354217529,2.719721794128418,4.323525905609131,5.176328659057617,5.347723484039307,5.367888450622559,5.368255615234375,5.3683366775512695,7
0.619662733682099,71.37974870575387,192.3118537612944,2.629175144193982,2.1408480304104924,0.3297610282897949,0.6629397869110107,0.8863186836242676,1.0368092060089111,1.146545171737671,1.2337334156036377,1.3056857585906982,1.3660640716552734,10
0.5195292500724229,25.33737513168863,143.17457354383117,2.109205037083176,2.066287527976347,0.5841069221496582,1.5525150299072266,2.103779554367065,2.259631395339966,2.3002498149871826,2.326673746109009,2.350209474563598,2.3712799549102783,0
0.5717284844528181,8.099800059358515,202.0406431371904,2.773162723731932,2.674070340799782,0.7271373271942139,2.1307406425476074,3.197964191436768,3.629673004150391,3.698401927947998,3.6979904174804688,3.697941303253174,3.698017120361328,23
0.4853891020520522,11.601080510244609,168.0664354967431,2.490333610627933,2.5355630756825533,0.7426192760467529,2.178775787353516,3.2546815872192383,3.6740927696228014,3.7405099868774414,3.740529537200928,3.740647315979004,3.740704536437988,23
0.5006191211986732,64.55001720554264,246.2957493989076,2.1157460695569936,2.267178803797841,0.3581221103668213,0.7571516036987305,0.9789116382598876,1.0824508666992188,1.1478524208068848,1.1992521286010742,1.240525245666504,1.275177001953125,21
0.6350948719118825,7.480016347997015,189.9067427368484,2.593427939601089,2.420617208007871,0.6895887851715088,1.9661719799041748,2.858408212661743,3.175236463546753,3.2191426753997803,3.2189300060272217,3.2192142009735107,3.2192156314849854,0
0.3111769399614544,26.254935516259863,253.4842374748725,2.0732179854972803,2.490781024580704,0.5663275718688965,1.5733721256256104,2.226606130599976,2.3225605487823486,2.3236491680145264,2.3248775005340576,2.3251664638519287,2.3249518871307373,1
0.3149979953453076,177.4611018605377,200.2532988750021,2.3665070285069114,2.919370497435488,0.3690264225006103,0.7879674434661865,1.0388600826263428,1.1702747344970703,1.2579834461212158,1.327913522720337,1.385354995727539,1.4363346099853516,21
0.4995610271464979,92.70928642864996,117.12357021319708,2.63766250143248,2.607564800934682,0.4608879089355469,1.1016950607299805,1.5204415321350098,1.735700607299805,1.875882625579834,1.982461929321289,2.069291591644287,2.142431735992432,20
0.5247618044553616,183.1920577083709,200.098576668112,2.888187655960298,2.021825044149352,0.1782369613647461,0.259026288986206,0.3354113101959228,0.4011893272399902,0.4603993892669678,0.514258861541748,0.5638439655303955,0.6089780330657959,3
0.5279030792141192,11.7314563596808,104.82999558843056,2.576152359653771,2.2259643424270315,0.7855031490325928,2.257338762283325,3.2991063594818115,3.710766077041626,3.850971937179565,3.889095067977905,3.900978326797485,3.910998582839966,23
0.5898426713918461,85.1510387413893,138.85995443650583,2.772926183133932,2.235724114898811,0.3588283061981201,0.753655195236206,1.0246777534484863,1.2047481536865234,1.338942050933838,1.4457950592041016,1.5334129333496094,1.6072993278503418,10
0.4100959769771778,48.13706247325317,261.81529278094354,2.012531048942252,2.909688129718919,0.5019893646240234,1.3631958961486816,1.926453113555908,2.0677566528320312,2.074513912200928,2.0819621086120605,2.08902645111084,2.0956525802612305,1
0.3403472288415711,60.22373240032726,148.21437838101946,2.412160894388257,2.3729384276158885,0.5889647006988525,1.6091516017913818,2.25311017036438,2.4397757053375244,2.4746134281158447,2.497564554214477,2.518706560134888,2.5381553173065186,0
0.6318581828175491,20.148823363765004,251.9352468580781,2.689891467877028,2.9918456423440443,0.5995092391967773,1.6713368892669678,2.4337236881256104,2.7178051471710205,2.761497735977173,2.766554594039917,2.772596597671509,2.778371572494507,1
0.419299213588206,24.51493856372918,224.09317796044,2.3809539657654764,2.531658755528692,0.6081602573394775,1.7056324481964111,2.449223756790161,2.6376307010650635,2.6406285762786865,2.6407415866851807,2.6406242847442627,2.640599489212036,1
0.5945701078700991,6.71308387197977,194.9224099509568,2.9956417184964788,2.690096880267221,0.7634427547454834,2.254641056060791,3.427440643310547,3.9483118057250977,4.072961807250977,4.078982830047607,4.078896999359131,4.078837871551514,23
0.4761601091977542,36.26094995980823,116.12084891237348,2.748096048383802,2.915643047029849,0.7354145050048828,2.1540122032165527,3.203902244567871,3.6716599464416495,3.8212618827819824,3.87636947631836,3.911545753479004,3.942237377166748,23
0.3750265983877697,173.25814368049566,213.51166315986603,2.913317627151137,2.292744590548309,0.2728385925292969,0.4560322761535644,0.5672392845153809,0.6552424430847168,0.7288613319396973,0.7913873195648193,0.8458080291748047,0.892289400100708,17
0.3956803753828214,29.768583983605083,216.3076311032416,2.810610382662322,2.0982409464902374,0.5301914215087891,1.3863835334777832,1.8744111061096191,1.9655532836914065,1.9685454368591309,1.9715728759765625,1.9744648933410645,1.9771862030029297,1
0.5351267664517191,11.441876021249003,252.07863831311232,2.66406087327308,2.7644716571459123,0.6569461822509766,1.897788524627685,2.817856311798096,3.144093513488769,3.157404899597168,3.1576690673828125,3.1580538749694824,3.158224105834961,1
0.5751514109981577,20.33922591541845,181.34421617160265,2.010745981249979,2.260945547592905,0.5703988075256348,1.5311150550842283,2.09272575378418,2.233304023742676,2.252502918243408,2.26473331451416,2.2761292457580566,2.286517143249512,0
0.5018256443785225,27.67565092783432,169.28265536963812,2.2916009048049526,2.1588193510204503,0.5635166168212891,1.492607831954956,2.03028416633606,2.1770131587982178,2.207458257675171,2.227262258529663,2.2450687885284424,2.261066675186157,0
0.4836682241603417,54.56132187322232,181.4302573598385,2.72880620239345,2.3693340357756654,0.4925506114959717,1.2308290004730225,1.680575609207153,1.843428373336792,1.91326117515564,1.965249300003052,2.010624647140503,2.049894094467163,0
0.5903310546949636,14.784758477248417,247.42205298041503,2.371903193519985,2.4030655228433244,0.5584671497344971,1.5068731307983398,2.098017930984497,2.2288858890533447,2.229123830795288,2.228877305984497,2.2286269664764404,2.228489637374878,1
0.4498140314005209,57.845514993873415,211.1513713878025,2.0342074425190204,2.1598599371347174,0.4069459438323974,0.9371204376220704,1.2136332988739014,1.300321102142334,1.3471527099609375,1.3846240043640137,1.415069818496704,1.4407057762145996,21
0.5709615859197795,16.358666809496853,194.0810948175803,2.1324823137526696,2.5160797104079213,0.6275663375854492,1.7685184478759766,2.520094156265259,2.7363932132720947,2.750616788864136,2.7528464794158936,2.755469560623169,2.75794529914856,1
0.5282092687143829,17.615464458957334,146.59404970790249,2.2028957130415763,2.1461952224819427,0.642772912979126,1.7703096866607666,2.457851886749268,2.6713123321533203,2.705218315124512,2.7165493965148926,2.727743625640869,2.7382640838623047,0
0.3061832484634479,10.555734367828094,173.8005119680905,2.5585618494160727,2.341801041217828,0.7420804500579834,2.17562198638916,3.266345977783203,3.658025741577149,3.6985697746276855,3.6987533569335938,3.699045658111572,3.699059009552002,23
0.3426775425775409,204.4364509573155,213.54176589177607,2.7262823770072946,2.669113184692001,0.3012676239013672,0.5297768115997314,0.6647098064422607,0.766456127166748,0.8489046096801758,0.9195566177368164,0.9807708263397216,1.0348522663116455,10
0.5799523729917772,125.305320530254,125.3795596980144,2.6844123440892216,2.795743761330724,0.3578808307647705,0.7340457439422607,1.0097088813781738,1.2155606746673584,1.377610206604004,1.5103192329406738,1.622276782989502,1.718739032745361,10
0.4086163132672711,82.35084617324156,234.3502034758592,2.9008447555272925,2.640888411938337,0.4582195281982422,1.1063461303710938,1.5113239288330078,1.6583075523376465,1.7207341194152832,1.7686443328857422,1.8093233108520508,1.8448662757873533,1
0.3679982738000792,6.575990393486109,173.35535003807934,2.7148440137853846,2.324881639675821,0.7590515613555908,2.232953786849976,3.364915132522583,3.8027503490448,3.8721187114715576,3.872030019760132,3.871937036514282,3.87203049659729,23
0.606520662918556,64.47438598137882,190.8468239395758,2.24762389535094,2.3978734600486926,0.3817868232727051,0.8334591388702393,1.1245720386505127,1.2919719219207764,1.4068288803100586,1.4965498447418213,1.568434476852417,1.6275155544281006,10
0.5229961071424564,10.099064795742471,200.70124706615888,2.1123346535634524,2.8702161817937406,0.7091875076293945,2.126380205154419,3.2220394611358643,3.644180059432984,3.663104772567749,3.663113832473755,3.663115739822388,3.662816286087036,23
0.5106529301011506,14.660524416923808,223.6070105871001,2.138182360222079,2.4730195239553368,0.6084520816802979,1.7083799839019775,2.4353301525115967,2.598681688308716,2.5982182025909424,2.5976078510284424,2.597848653793335,2.598328828811645,1
0.6293941138361256,28.8241602615532,136.4243805181726,2.6577240523434447,2.90748356955498,0.6607606410980225,1.8582329750061035,2.6881046295166016,3.0524020195007324,3.202188491821289,3.2809367179870605,3.3401803970336914,3.390326976776123,23
0.6350147150037828,102.41743468446076,141.9278421649353,2.7820641190499664,2.474314906577516,0.3336799144744873,0.668057918548584,0.9145793914794922,1.1035785675048828,1.252882480621338,1.3762454986572266,1.4792962074279783,1.5671849250793457,10
0.4958048968530193,106.29455433568096,141.29998044187872,2.8343181802497326,2.4532926624256666,0.3992464542388916,0.8795986175537109,1.1953685283660889,1.3832237720489502,1.513563871383667,1.6149661540985107,1.701810598373413,1.7744653224945068,20
0.563901161350485,39.19260881455686,170.03016229717184,2.81980569658523,2.8658976356107453,0.6037232875823975,1.65212082862854,2.3710591793060303,2.66886305809021,2.7821056842803955,2.846554040908813,2.898340940475464,2.943154573440552,0
0.407633404618876,9.819682994785872,177.2644185355851,2.424779726862988,2.84349684118597,0.7937846183776855,2.416727304458618,3.778550386428833,4.421074867248535,4.5112810134887695,4.510828018188477,4.510790824890137,4.510937690734863,23
0.4719997340177629,12.964119056296935,252.30701578757413,2.0884931647446723,2.484503341079296,0.5851225852966309,1.6363482475280762,2.322351217269897,2.443786382675171,2.4437944889068604,2.444565534591675,2.445452928543091,2.445490598678589,1
0.512446152225278,179.1151942774164,108.102616099248,2.03654137274729,2.577638815711416,0.2563710212707519,0.4640913009643554,0.6315319538116455,0.7715508937835693,0.8908803462982178,0.9946944713592528,1.0856480598449707,1.1658084392547607,16
0.6285385338236509,125.49304153596074,211.1939443501992,2.150955831798389,2.5200295709443594,0.2380375862121582,0.4113388061523437,0.5540189743041992,0.674691915512085,0.7781405448913574,0.868739128112793,0.9483389854431152,1.0184404850006104,17
0.3143471016659832,9.34830251724924,222.825898143074,2.6193800130330174,2.1601356054070338,0.629631519317627,1.7621428966522217,2.5051586627960205,2.6715176105499268,2.671168088912964,2.6705777645111084,2.670375108718872,2.6709325313568115,1
0.3313913125530899,7.793183277738802,163.17984009217588,2.991926121692081,2.9042191523889604,0.8770670890808105,2.689814567565918,4.332530975341797,5.258932113647461,5.459242820739746,5.483844757080078,5.483811378479004,5.483761787414551,7
0.3159512820892692,52.531720009831496,112.1082786772987,2.5870313994800145,2.7632487104773658,0.7406792640686035,2.1888844966888428,3.2850100994110107,3.7461459636688232,3.843851804733277,3.8646585941314697,3.8793184757232666,3.8932578563690186,23
0.3736974392430869,30.75341908699297,129.14614274966584,2.119952210452852,2.632815790949788,0.7314102649688721,2.163735628128052,3.223849058151245,3.6255271434783936,3.6796181201934814,3.686803102493286,3.694226503372192,3.701432466506958,23
0.642890013587723,10.421635425640854,150.09753732455738,2.8279714998334016,2.805293329674036,0.7826821804046631,2.3074042797088623,3.4672224521636963,3.997309923171997,4.163660049438477,4.203890800476074,4.210492134094238,4.216436386108398,23
0.4150958924544546,22.61449130340976,111.1334580057598,2.8908904905078354,2.382971573757905,0.7821214199066162,2.270449161529541,3.3725271224975586,3.83856201171875,3.9908041954040527,4.035001754760742,4.04972505569458,4.0613932609558105,23
0.4117587355556332,17.208347806711636,152.6613460839726,2.104128469763132,2.2829415625556466,0.6925127506256104,1.9817769527435305,2.8638455867767334,3.124204397201538,3.1399900913238525,3.14068341255188,3.1416332721710205,3.1428263187408447,0
0.6216814461863905,14.467577994194556,155.3968657014355,2.0171294128879134,2.5257056196548406,0.6656265258789062,1.894512414932251,2.705483913421631,2.973304748535156,3.0163440704345703,3.026578903198242,3.0369815826416016,3.0467076301574707,0
0.590761350237085,18.96580336481856,132.58898345349897,2.696746959818854,2.6651822807361807,0.7287275791168213,2.095300436019897,3.06349778175354,3.480430841445923,3.615612745285034,3.6613848209381104,3.687464952468872,3.7116315364837646,23
0.4985765824604811,46.84532899627234,105.23805642499046,2.119590423126536,2.618807796380988,0.6082453727722168,1.6741256713867188,2.343576192855835,2.5923588275909424,2.690723657608032,2.755643606185913,2.808748483657837,2.8554532527923584,0
0.59519628972146,16.206417364102293,161.7604046957999,2.0595423770773365,2.7640609157571903,0.6854221820831299,2.003218412399292,2.932080030441284,3.270638227462769,3.323370218276977,3.3322222232818604,3.341590166091919,3.3504254817962646,23
0.3056747707402548,170.62393549545914,139.65159221872838,2.804037098075886,2.82114472600271,0.4495589733123779,1.0662400722503662,1.459756851196289,1.6311016082763672,1.7247881889343262,1.7986774444580078,1.8609952926635744,1.9142184257507324,20
0.4875062494792668,62.89123530051919,177.05883413838086,2.810291809698757,2.4648915733642336,0.4895014762878418,1.2180156707763672,1.673215389251709,1.8570022583007808,1.9467077255249023,2.012703895568848,2.0672712326049805,2.1139063835144043,0
0.5644138804868388,17.55574554089747,215.15763125656613,2.070700305657212,2.19382730163314,0.541712760925293,1.434666633605957,1.9408209323883057,2.032931566238404,2.033928632736206,2.0356390476226807,2.0375301837921143,2.0393388271331787,1
0.5737420273629088,16.54956751319195,158.91820274345218,2.569869990914505,2.893701555427815,0.744570255279541,2.2035014629364014,3.3075273036956787,3.7927539348602295,3.911887884140015,3.932310342788696,3.940151929855346,3.9486353397369385,23
0.5415672219064804,16.59331256138091,206.9608638008443,2.610850422475899,2.253622648621097,0.5969023704528809,1.6291139125823977,2.2759850025177,2.459495782852173,2.471498727798462,2.4727442264556885,2.474071741104126,2.475299119949341,1
0.3569514004578941,74.90517999654722,136.52475203328208,2.837434489242456,2.074021699007617,0.4970428943634033,1.2536389827728271,1.68074631690979,1.8185999393463133,1.8766200542449951,1.92335057258606,1.9643352031707764,2.0004894733428955,0
0.4499745422954323,109.95234867439524,205.22906791037727,2.487860693700047,2.085729440002543,0.2954208850860595,0.5439422130584717,0.6970913410186768,0.8011620044708252,0.8792691230773926,0.9443626403808594,0.9995172023773192,1.0466606616973877,10
0.3923794726363667,11.928477079229538,117.2150709519042,2.304104862818644,2.681057019413005,0.8567466735839844,2.6193511486053467,4.11737060546875,4.83165168762207,4.949251174926758,4.95822811126709,4.958757400512695,4.959214210510254,23
0.6047686314167191,26.52412032420135,187.169352036136,2.458200050323402,2.633514531207714,0.5908694267272949,1.615401268005371,2.2836623191833496,2.524399280548096,2.591716289520264,2.6272592544555664,2.657174587249756,2.6836657524108887,0
0.3258637548083283,13.050163749520603,244.73700671995428,2.276775455761416,2.46332928235539,0.6304192543029785,1.8011553287506104,2.6254799365997314,2.8167593479156494,2.815390348434448,2.814805746078491,2.815422296524048,2.816520929336548,1
0.3166716177301373,7.935262150829309,212.78566201825225,2.5261849160580563,2.898099876562566,0.7730691432952881,2.3535680770874023,3.693193435668945,4.343985557556152,4.417571544647217,4.418464660644531,4.417930603027344,4.418411731719971,23
0.5841394645791533,155.79873268924925,215.45785378563264,2.4366254682979687,2.35129097814294,0.2111632823944091,0.3348720073699951,0.4431822299957275,0.5359361171722412,0.6174018383026123,0.6905372142791748,0.756220817565918,0.8149933815002441,17
0.6085476536348855,32.55931820688056,231.2130171213758,2.6064626508851525,2.3018884745414256,0.4586062431335449,1.1078932285308838,1.489943265914917,1.621887445449829,1.674553632736206,1.7118618488311768,1.7424166202545166,1.7682006359100342,1
0.4418307035799708,73.88062309325386,255.67923261595152,2.4107098433040206,2.1222906722503248,0.3440589904785156,0.6965744495391846,0.8815343379974365,0.9633784294128418,1.0173585414886477,1.0599186420440674,1.0954065322875977,1.125112533569336,21
0.3615067425678948,190.83279416441343,158.3287058987073,2.909814352997508,2.852643511225624,0.3736855983734131,0.7681870460510254,1.021470546722412,1.1785330772399902,1.295219898223877,1.390211582183838,1.468587875366211,1.5348906517028809,10
0.5234674898916176,82.2271048942613,195.59165990372145,2.612977700835939,2.184138303497414,0.3528058528900146,0.72979736328125,0.9649245738983154,1.106248140335083,1.2059602737426758,1.2822391986846924,1.3434081077575684,1.3974807262420654,10
0.3404490612824741,95.75717883213557,144.09178504332465,2.7493371431734386,2.949334972612045,0.5869185924530029,1.623302936553955,2.3523659706115723,2.626511573791504,2.701180458068848,2.746866703033448,2.787949085235596,2.8251333236694336,0
0.3315070227868346,12.201455839664948,220.6445103896241,2.025423880066316,2.189725496686845,0.6114401817321777,1.713505744934082,2.417726516723633,2.528557300567627,2.529680728912353,2.5307626724243164,2.530028820037842,2.529629230499268,1
0.5255218420712525,11.552317072734123,213.40894058346345,2.4144461192238262,2.8641144943804826,0.7044029235839844,2.085835695266724,3.148185968399048,3.5676095485687256,3.599670648574829,3.6003243923187256,3.6006972789764404,3.600816488265991,23
0.5975421484394936,14.298819556720762,114.6228341659226,2.230244553065168,2.741942381358109,0.7732715606689453,2.286836624145508,3.398844242095948,3.862986564636232,3.988000869750977,4.020626068115234,4.037893295288086,4.05349588394165,23
0.3029243189985423,19.346780023222944,141.69879136538393,2.573459652877408,2.79972183816366,0.8310859203338623,2.5291731357574463,3.969887018203736,4.665583610534668,4.803521156311035,4.812375068664551,4.812707901000977,4.812967300415039,23
0.442282139438123,132.71092569786433,161.2523733348354,2.405710013910654,2.1368079066914043,0.2981107234954834,0.5580730438232422,0.7282373905181885,0.8509600162506104,0.9468424320220948,1.0241498947143557,1.086697340011597,1.1429274082183838,10
0.6118137994481787,9.141196967305405,177.9033607211977,2.37298663389075,2.32568714483917,0.678485631942749,1.9224731922149656,2.76033616065979,3.038879156112671,3.0678551197052,3.0682618618011475,3.068382024765014,3.0683863162994385,0
0.3322973599629458,133.73786418280204,235.7033189598614,2.980417324876795,2.5497878535779788,0.3792123794555664,0.7966246604919434,1.0299971103668213,1.1331825256347656,1.1987857818603516,1.2524309158325195,1.298736572265625,1.338520050048828,21
0.58288353948535,23.206262273246946,127.54559940080172,2.1408984077026383,2.173391810358615,0.6034588813781738,1.6090381145477295,2.195985555648804,2.393303632736206,2.461942434310913,2.5042436122894287,2.5408432483673096,2.573392152786255,0
0.6368947467430015,146.11768803947894,248.57221304516048,2.660566930896838,2.518224176330361,0.2198357582092285,0.3500752449035644,0.4633688926696777,0.5614278316497803,0.6482272148132324,0.7260007858276367,0.7955200672149658,0.858802318572998,17
0.3435517490738614,105.20195358030615,108.50082202003276,2.420550929868305,2.695169562043807,0.5483059883117676,1.468609094619751,2.0619709491729736,2.27348256111145,2.353022813796997,2.411752939224243,2.4624812602996826,2.507425546646118,0
0.3786749324791639,26.89809030850897,105.90212381474814,2.081185236544961,2.802706877264817,0.79154372215271,2.403073072433472,3.675636529922485,4.218291282653809,4.309889793395996,4.320609092712402,4.327432632446289,4.334098815917969,23
0.3792976416456997,87.42416363206146,138.70401277607095,2.639065701638011,2.7458803206607203,0.5510585308074951,1.4714698791503906,2.076251983642578,2.296821594238281,2.3765416145324707,2.4321436882019043,2.4816675186157227,2.526677131652832,0
0.3978685757528588,57.03879796270808,176.9746484471013,2.18202869187115,2.474679102262628,0.5342495441436768,1.4171221256256104,1.9501495361328125,2.0928220748901367,2.127566337585449,2.155855655670166,2.181039333343506,2.2035608291625977,0
0.5436589053489708,58.50223030670441,154.98553417547242,2.114042051829564,2.11116311429584,0.4043645858764648,0.91394305229187,1.208252191543579,1.3513250350952148,1.4438011646270752,1.5142085552215576,1.571230411529541,1.6181299686431885,20
0.4994307443287717,7.103511252808943,201.5249280646275,2.4425351697511664,2.838669599448517,0.7601425647735596,2.2917137145996094,3.539701461791992,4.097365379333496,4.160508632659912,4.160783767700195,4.1604905128479,4.160926818847656,23
0.6441455853051967,22.300924776152527,105.71688532283312,2.140019252839278,2.735884116832662,0.6816742420196533,1.938523530960083,2.7636516094207764,3.1011393070220947,3.22937560081482,3.2981975078582764,3.3515937328338623,3.3970797061920166,23
0.4564831526786036,14.733293601324414,210.41429809680665,2.912766498321565,2.4357623857273607,0.6693375110626221,1.9109020233154297,2.7931151390075684,3.100325584411621,3.1325836181640625,3.132929801940918,3.1331706047058105,3.1332082748413086,1
0.426809119900305,54.46514603176664,186.16730126305,2.1130261583660945,2.236728629593604,0.4708683490753174,1.167593002319336,1.5476922988891602,1.646336793899536,1.6848838329315186,1.7165114879608154,1.7437589168548584,1.7674357891082764,0
0.5692004149074895,144.8061200993589,124.65136556330316,2.66450820708576,2.699344218132212,0.3230047225952148,0.628462553024292,0.8581254482269287,1.0415942668914795,1.1910021305084229,1.317028284072876,1.424752712249756,1.5185213088989258,10
0.3660438061347819,174.40219288196485,149.6469653925807,2.3289617847734227,2.6989970753728354,0.3563437461853027,0.7429156303405762,0.9837646484375,1.1319117546081543,1.2401373386383057,1.3284573554992676,1.401482105255127,1.4634287357330322,10
0.3086318308131124,156.22284250495173,221.99571694211664,2.0204295192146926,2.246967717455261,0.2867181301116943,0.5117795467376709,0.6296629905700684,0.7056083679199219,0.76493239402771,0.8141462802886963,0.8559551239013672,0.8913061618804932,21
0.3063935405659576,17.97702686751122,215.4135535949881,2.391074609536261,2.5794412841767413,0.6831543445587158,2.0004260540008545,2.985925912857056,3.311767339706421,3.318641424179077,3.3185904026031494,3.318188428878784,3.317784547805786,23
0.41349891192983,118.14513428214676,263.7177054075058,2.824690649888701,2.1949699023539675,0.2896826267242431,0.5060667991638184,0.6242508888244629,0.7056894302368164,0.7693705558776855,0.8218123912811279,0.8657028675079346,0.904144287109375,21
0.5732447606652489,18.336853300032605,191.20836289697505,2.998400092637649,2.9614577984013795,0.7171385288238525,2.093433380126953,3.140082836151123,3.612834453582764,3.736748695373535,3.756559371948242,3.762204170227051,3.7686610221862793,23
0.3191983010527551,40.36564350640315,162.63841814798596,2.6471280292763733,2.487345056027396,0.6658105850219727,1.9003229141235352,2.759685516357422,3.0507678985595703,3.087430000305176,3.0923004150390625,3.097898483276367,3.103379249572754,0
0.6284958920524388,9.83057130785012,106.2184523962066,2.228328978405868,2.6980150175405724,0.8212685585021973,2.459969043731689,3.712655544281006,4.260788917541504,4.405235290527344,4.440062522888184,4.451569557189941,4.4616289138793945,23
0.3396848975342655,97.15788201715552,105.72460690260274,2.758163359824639,2.4922707977214293,0.5535483360290527,1.4654898643493652,2.042009353637696,2.2479734420776367,2.330508232116699,2.3898887634277344,2.4413533210754395,2.487524032592773,0
0.4573556599367838,6.284737527146756,116.0976014141426,2.196902488056489,2.3867129801777063,0.8477230072021484,2.5596299171447754,3.9648733139038086,4.582671165466309,4.667445659637451,4.673864364624023,4.67402982711792,4.674131870269775,23
0.4556678307708106,10.143699657169671,130.39290693229572,2.0661492508509927,2.230366386444294,0.7519066333770752,2.183819532394409,3.209038496017456,3.54493260383606,3.58346962928772,3.58367657661438,3.5842278003692627,3.585261583328247,23
0.6197201292057892,35.38557769098471,172.19330562431014,2.823672959576353,2.3576716536823548,0.5147185325622559,1.3020451068878174,1.7933146953582764,1.999140977859497,2.099928617477417,2.16837477684021,2.223647356033325,2.270813703536988,0
0.3857536010820879,109.62174466072186,245.0237263325837,2.9634664416367897,2.8279200527423143,0.4333863258361816,0.9980738162994384,1.3549537658691406,1.5054965019226074,1.5824918746948242,1.6411991119384766,1.691805362701416,1.7355670928955078,1
0.3517265315922459,115.64219043348834,193.45973970836096,2.684145106704706,2.399927581994323,0.4052155017852783,0.908144235610962,1.1965138912200928,1.31410813331604,1.3838658332824707,1.4390006065368652,1.4845223426818848,1.5227775573730469,21
0.4196876531804958,8.539179543088952,221.1872952454081,2.783822299022136,2.55680104757546,0.7011628150939941,2.04309606552124,3.054372310638428,3.424358367919922,3.4524569511413574,3.452955722808838,3.453408718109131,3.4536099433898926,23
0.4805441991747464,153.58370516853924,107.46430952401084,2.201260004351635,2.6696615711914884,0.3325099945068359,0.6735620498657227,0.9120550155639648,1.0866119861602783,1.2236802577972412,1.3366506099700928,1.431553840637207,1.5127825736999512,10
0.6190747047246847,47.07954289851455,166.05520581797018,2.794145126531382,2.230889604799646,0.4441742897033691,1.0435292720794678,1.4191622734069824,1.6046433448791504,1.7157340049743652,1.8013019561767578,1.869792461395264,1.926461696624756,20
0.4756033463337517,108.48730273934184,256.99763251622164,2.9387571409454547,2.353041495233034,0.3086764812469482,0.5698153972625732,0.7254562377929688,0.8316166400909424,0.9133851528167723,0.9806056022644044,1.037151336669922,1.0845465660095217,10
0.4600999980448196,11.032200618323746,196.5432577968665,2.609201074569997,2.7594311090933865,0.7500672340393066,2.2376391887664795,3.4189116954803467,3.93306040763855,4.002284049987793,4.0018463134765625,4.00180721282959,4.001933097839356,23
0.4371986670426022,19.30718549681485,209.6557661412621,2.2223073990778923,2.237120242107148,0.5841383934020996,1.5949985980987549,2.2098517417907715,2.327193260192871,2.326779365539551,2.326799392700196,2.3271374702453613,2.3272900581359863,1
0.5760739818323427,93.19091215633318,123.287167946789,2.5978882566584707,2.311508670446732,0.3718202114105224,0.7921245098114014,1.0805046558380127,1.2741639614105225,1.418186902999878,1.5324018001556396,1.62756085395813,1.7085797786712646,10
0.6297754551598599,181.37667919320003,141.55422600189775,2.7643444376026123,2.743381883466672,0.2487683296203613,0.4260294437408447,0.5814323425292969,0.7188117504119873,0.840233564376831,0.9495654106140136,1.047881841659546,1.1366517543792725,17
0.5024544851390687,7.02214557347232,169.43747642317032,2.2310328274158184,2.098615357821412,0.6783394813537598,1.9170937538146973,2.731269359588623,2.955979824066162,2.965550422668457,2.9652109146118164,2.965135097503662,2.965417861938477,0
0.4522452026094566,84.1122031392149,217.1991852089764,2.381815702346235,2.082437225365457,0.3359370231628418,0.6751701831817627,0.8666772842407227,0.9679782390594482,1.0374395847320557,1.092155694961548,1.1372566223144531,1.1745336055755615,21
0.5425302466277513,12.810680706276637,146.88338379960328,2.3715994033928007,2.133533242522983,0.679431676864624,1.8990418910980225,2.684431791305542,2.951704740524292,2.999500036239624,3.004002809524536,3.009129762649536,3.0139567852020264,0
0.5822426361460412,7.494803713570621,161.65113134059786,2.8897504799886846,2.451142690457611,0.7657437324523926,2.2330398559570312,3.335231304168701,3.797260284423828,3.918362617492676,3.9325108528137207,3.932960033416748,3.932940006256104,23
0.338042560977542,7.1873807756226125,174.49188219601655,2.9431883295254586,2.885636525344875,0.8580491542816162,2.626899719238281,4.200894355773926,5.064143180847168,5.250426292419434,5.266841888427734,5.267151832580566,5.267059326171875,7
0.3009402980149682,101.13933508211775,264.08217376756954,2.457998601652448,2.998146299244215,0.4681396484375,1.1853320598602295,1.6467323303222656,1.7783021926879885,1.802395820617676,1.824582576751709,1.8445496559143064,1.86279821395874,1
0.4381361315870016,70.47067152374443,227.05805142026543,2.573276004600164,2.5897148309271767,0.4594805240631103,1.1216576099395752,1.5257833003997805,1.6684200763702393,1.7280538082122805,1.7742669582366943,1.813305616378784,1.846895933151245,1
0.5323543855495222,89.00010201490612,202.30918785525267,2.3371006274611394,2.3655959813606686,0.3389227390289306,0.6877672672271729,0.9098265171051024,1.0513365268707275,1.1551284790039062,1.235046148300171,1.302135705947876,1.358653545379639,10
0.5757374531768585,77.6925838035348,238.1301245738597,2.25177776367204,2.8190108915126144,0.3759438991546631,0.8228354454040527,1.1174530982971191,1.292003154754639,1.4114995002746582,1.5040996074676514,1.5782899856567385,1.6383998394012451,10
0.6076644056273146,68.41944167293198,264.9285624531737,2.0704322904504444,2.017739832669227,0.2516579627990722,0.4347567558288574,0.5550816059112549,0.6443653106689453,0.7139356136322021,0.7699000835418701,0.8152337074279785,0.8521308898925781,17
0.4506773931277656,110.55843156114663,252.2759306956238,2.7956473778373048,2.6724308346205428,0.3619148731231689,0.7387444972991943,0.9690313339233398,1.1017138957977295,1.1956732273101809,1.2701153755187988,1.3300600051879885,1.380021095275879,10
0.6496061712335433,27.033613603925417,125.8492856686692,2.155923106539774,2.493661664921632,0.5909707546234131,1.5800719261169434,2.1851165294647217,2.4253337383270264,2.53577208518982,2.6079885959625244,2.666015386581421,2.715965986251831,0
0.3383987807028962,28.070523175327228,168.82094805319878,2.976811255466332,2.1294975712746287,0.6396586894989014,1.7767410278320312,2.519629001617432,2.7510385513305664,2.7860422134399414,2.7890400886535645,2.792593479156494,2.796065330505371,0
0.465903860902761,137.71605231052206,156.1776283843352,2.175679663051175,2.5087113092328064,0.320275068283081,0.6324024200439453,0.8429794311523438,0.9931023120880128,1.108320951461792,1.202873468399048,1.282240629196167,1.3498213291168213,10
0.5943455013574536,169.38582203486277,205.5882873419721,2.534139989721084,2.693077849655353,0.2372345924377441,0.3943939208984375,0.5276057720184326,0.6441781520843506,0.7467331886291504,0.8384130001068115,0.920055627822876,0.9939689636230468,17
0.4696057226001472,98.2243798518789,113.45016995113222,2.84370418028358,2.5487396600540366,0.466461181640625,1.118799924850464,1.5417792797088623,1.7561962604522705,1.8880932331085205,1.992687463760376,2.077923536300659,2.150078535079956,20
0.3971114767789817,205.81384350105728,228.14369654895603,2.1216367340900573,2.9315021014647007,0.2553989887237549,0.4326684474945068,0.556377649307251,0.6587178707122803,0.7458670139312744,0.8216404914855957,0.8885209560394287,0.9472427368164062,17
0.3960444063990736,134.5881521121044,101.94060290137392,2.5475095737072326,2.7677232261287563,0.4624810218811035,1.1197383403778076,1.545300006866455,1.7530865669250488,1.877249240875244,1.974903583526612,2.0582175254821777,2.1286368370056152,20
0.4663424971271227,8.076300276158223,243.9530765960137,2.85028698647904,2.7478793128791867,0.6982693672180176,2.0443146228790283,3.08724331855774,3.493217706680298,3.521991491317749,3.5223329067230225,3.5224592685699463,3.523202657699585,23
0.5803959028679613,8.165588471978527,120.0106125953524,2.333796941066397,2.1956793141865774,0.7680635452270508,2.208601474761963,3.223921298980713,3.6014604568481445,3.690422534942627,3.7016024589538574,3.705211162567138,3.7094225883483887,23
0.3559614930144884,8.582310371958561,100.1605741576357,2.1659673864866047,2.264570087296517,0.859748363494873,2.598909616470337,4.040370941162109,4.688502311706543,4.761519432067871,4.769123077392578,4.770071029663086,4.770661354064941,23
0.4427578413539523,16.331241733480176,257.13924078841126,2.545992177381163,2.138727857706757,0.5293707847595215,1.3940515518188477,1.8889026641845703,1.9451923370361328,1.9455642700195312,1.9458637237548828,1.9465970993041992,1.9469385147094729,1
0.3518444372615433,27.652653324406128,157.32000200123707,2.995745388117122,2.108005182660213,0.6400642395019531,1.7686777114868164,2.493961334228516,2.725749015808105,2.7704334259033203,2.7765884399414062,2.782976150512696,2.78908920288086,0
0.4345318272476143,104.39498335932127,251.5580962374684,2.6016464689126844,2.957699083288735,0.4118554592132568,0.931729793548584,1.2657713890075684,1.4276292324066162,1.5218393802642822,1.5960466861724854,1.657301664352417,1.7087805271148682,20
0.5120075113271856,8.102850531045792,113.89628584536663,2.1152218024736342,2.849302741026269,0.8648965358734131,2.6833736896514893,4.252943992614746,5.046141624450684,5.175257682800293,5.182742118835449,5.183210372924805,5.183608055114746,7
0.6136892393115797,120.19336158462984,173.2633073771661,2.6611636391709905,2.1401114820855334,0.2463002204895019,0.4306886196136474,0.5769891738891602,0.6989517211914062,0.8022623062133789,0.8922374248504639,0.970694065093994,1.0391864776611328,17
0.3636579021853605,87.54474654249692,193.13526329432688,2.50342936476373,2.250734316000869,0.4328851699829101,1.0193724632263184,1.348956823348999,1.4512722492218018,1.503063678741455,1.5455102920532229,1.5818467140197754,1.6132073402404783,0
0.6097187528774308,22.914815951531104,229.8518744298101,2.745125395563728,2.581966727232017,0.5666060447692871,1.5173933506011963,2.142169713973999,2.3530385494232178,2.394089937210083,2.409670114517212,2.4237568378448486,2.436533212661743,1
0.5152841957871389,35.92010888204471,109.65185262500228,2.7132572907318764,2.61054776422964,0.6788883209228516,1.9099433422088623,2.7368004322052,3.085726499557495,3.219565153121948,3.287764310836792,3.338050603866577,3.380667924880981,23
0.4199915495035256,136.49467159496183,121.407156610711,2.302707593488276,2.826186521834998,0.4164431095123291,0.9657993316650392,1.3209879398345947,1.5142838954925537,1.6435720920562744,1.746056318283081,1.830271482467652,1.8999040126800537,20
0.3137017021154691,11.091561658315245,263.817814855008,2.5253378890693075,2.197341027265746,0.5739459991455078,1.5719313621520996,2.196889877319336,2.2790775299072266,2.279746532440185,2.2796669006347656,2.281347751617432,2.281389236450196,1
0.449475173536806,161.18868212621027,133.85794367701487,2.8359240544117075,2.506493354922473,0.3378620147705078,0.6679348945617676,0.891477108001709,1.0524518489837646,1.178941011428833,1.2829172611236572,1.3699381351470947,1.4459974765777588,10
0.4742735927503356,38.1986479636492,188.8215691116436,2.9265534836292386,2.934526920658396,0.6459956169128418,1.83039665222168,2.69004774093628,3.035196304321289,3.119662284851074,3.145378589630127,3.166589736938477,3.186307907104492,23
0.3368642656973891,136.94051075193772,195.4751456360333,2.428041349281435,2.316474677157232,0.3532605171203613,0.7236886024475098,0.929368019104004,1.0315272808074951,1.102689266204834,1.160090684890747,1.2071707248687744,1.2465436458587646,21
0.4963704087054481,12.94120713890032,257.20478371150705,2.3884682558705057,2.5336582408623043,0.6000947952270508,1.6839520931243896,2.419654607772827,2.590228796005249,2.5892374515533447,2.5887277126312256,2.588083982467652,2.58821702003479,1
0.5066809591794892,15.027650501810768,156.40653676503024,2.8004439042954985,2.5995699681128457,0.7528820037841797,2.198419570922852,3.27878475189209,3.740644931793213,3.851941108703613,3.865880012512207,3.8684797286987305,3.87202262878418,23
0.6296720638281668,219.923346951127,120.60644310460629,2.5189470469627544,2.2325070861673164,0.1665029525756836,0.2603058815002441,0.3533852100372314,0.4383351802825928,0.5160644054412842,0.5883257389068604,0.6555135250091553,0.7183959484100342,16
0.5882306918890678,37.20400833816893,134.30183690746662,2.777046328767772,2.604645339790708,0.601477861404419,1.619492530822754,2.2861218452453613,2.5740041732788086,2.70037841796875,2.784292221069336,2.850435256958008,2.9073495864868164,23
0.4086398384953489,7.460719276204251,152.592658605625,2.548008339935859,2.4405426305839484,0.8038249015808105,2.399252414703369,3.692470550537109,4.238099575042725,4.329646110534668,4.332430362701416,4.332419872283936,4.332412242889404,23
0.3262159947051614,40.17092989715854,165.94364758177522,2.285344685316058,2.293113502403177,0.6119868755340576,1.696080207824707,2.382309675216675,2.552322626113892,2.561665773391724,2.5674002170562744,2.5730059146881104,2.5783846378326416,0
0.5052585489858011,13.740078914410615,235.97169143273555,2.559056143388557,2.4414860829105525,0.618516206741333,1.7348206043243408,2.492253541946411,2.694722890853882,2.698652505874634,2.698660135269165,2.698337316513061,2.6980960369110107,1
0.3600980140949242,18.775502726030897,260.563467212615,2.110789982370009,2.0191710805936043,0.4898252487182617,1.250732660293579,1.636833429336548,1.6504888534545898,1.6509358882904053,1.6496284008026123,1.6488635540008545,1.649493932723999,1
0.3475099184730779,25.54375610468349,188.94671519918205,2.0401303141892204,2.636471920064042,0.6672067642211914,1.9570691585540767,2.8975038528442383,3.184254169464112,3.187373638153076,3.1870059967041016,3.187085628509521,3.1872053146362305,0
0.342118557636487,21.22698045846776,188.85568251603723,2.037219549384354,2.440823805956306,0.6613187789916992,1.9152076244354248,2.7924227714538574,3.031886100769043,3.032144546508789,3.0318422317504883,3.032132148742676,3.032310485839844,0
0.5384787035281086,146.48367755459455,172.28954894658855,2.967796116555883,2.43405557122289,0.2904515266418457,0.5289702415466309,0.7034139633178711,0.8447403907775879,0.961799144744873,1.0619921684265137,1.1488018035888672,1.224409580230713,10
0.630197768539394,148.99549522275925,224.6239162569107,2.3254746117214737,2.714133473993983,0.2305560111999511,0.3856451511383056,0.5182404518127441,0.6330142021179199,0.7338578701019287,0.8236525058746338,0.903904676437378,0.9752161502838136,17
0.3535357822829426,140.72402116690546,124.15526224791395,2.352976869949589,2.5473422711532847,0.4193072319030761,0.9698967933654784,1.3025500774383545,1.4566795825958252,1.5527215003967283,1.6289424896240234,1.6948184967041016,1.7511324882507324,20
0.5701191865748415,208.8228033825361,240.00801146729253,2.9603651899495818,2.708201912808465,0.2147572040557861,0.3209950923919678,0.4200177192687988,0.5084986686706543,0.5868477821350098,0.6588687896728516,0.7249104976654053,0.7858250141143799,17
0.5644974492459629,8.579985435387997,195.08590361189388,2.563694043253767,2.817616676312195,0.7531294822692871,2.2483036518096924,3.4337971210479736,3.951073884963989,4.037685394287109,4.037282943725586,4.037332534790039,4.037328720092773,23
0.3416707732222936,129.57244495295163,214.1035252280304,2.4892825510095165,2.7972232445711884,0.4141268730163574,0.9509758949279784,1.2750988006591797,1.4098732471466064,1.4850642681121826,1.545346736907959,1.5955500602722168,1.6384940147399902,1
0.6250639698340754,163.65278225388678,188.2105474728847,2.342764488665936,2.723099952365619,0.2296218872070312,0.3864741325378418,0.5243861675262451,0.6450104713439941,0.7517168521881104,0.8471879959106445,0.9331278800964355,1.010573148727417,17
0.5428947844207316,20.83803349575829,218.8277357069355,2.0324848148208146,2.5293058959094745,0.5696694850921631,1.5657169818878174,2.1929893493652344,2.342095375061035,2.345377922058105,2.347930431365967,2.350548267364502,2.35299015045166,1
0.450067721688682,6.148088948207879,254.27106744444683,2.046828355889233,2.980038556612405,0.6750936508178711,2.042311668395996,3.143817901611328,3.5665597915649414,3.5632691383361816,3.5639753341674805,3.563323497772217,3.5637764930725098,23
0.5093731186359847,7.388016768851777,124.87590485186904,2.598638528797818,2.203810813422001,0.7940387725830078,2.313692331314087,3.4449808597564697,3.8889524936676025,3.999934911727905,4.016182899475098,4.016506195068359,4.017180442810059,23
0.5519199177494462,6.195849368719591,263.4142686034086,2.412897650304208,2.753186070968136,0.660205602645874,1.931236982345581,2.8919217586517334,3.215445280075073,3.2165215015411377,3.216427564620972,3.216334104537964,3.2151010036468506,1
0.3751688338687922,25.124850148152863,257.12437581614483,2.332061122551659,2.888251396274657,0.6240537166595459,1.812544822692871,2.6970882415771484,2.9711146354675293,2.9705514907836914,2.970422744750977,2.9701356887817383,2.9697365760803223,1
0.5746831577544091,9.557791731199542,129.1877231196069,2.678783749824793,2.6992702127410544,0.8331906795501709,2.4914321899414062,3.8176302909851074,4.432641983032227,4.6031341552734375,4.64166259765625,4.6453633308410645,4.648371696472168,23
0.3784357619806816,9.222759947823471,164.46265379435476,2.287630553145817,2.1626328064368034,0.7074041366577148,2.032073736190796,2.964019060134888,3.243150472640991,3.25903868675232,3.2591311931610107,3.2589662075042725,3.2590081691741943,0
0.320188251485779,85.68141741002714,106.721842303296,2.1778002101146496,2.596682438014592,0.5888826847076416,1.6285548210144043,2.2926008701324463,2.4923670291900635,2.5455658435821533,2.5848305225372314,2.620429754257202,2.653071165084839,0
0.4212010284594928,39.24857998413352,116.6906976927865,2.405467121187041,2.302140363522363,0.6452367305755615,1.782710313796997,2.501155138015747,2.74543833732605,2.815248727798462,2.84960675239563,2.8796050548553467,2.906996011734009,0
0.5629467517494131,21.193204967412616,150.785669528237,2.471971095204501,2.3891489814351443,0.653693675994873,1.8173670768737795,2.577086925506592,2.8555984497070312,2.9290695190429688,2.9550137519836426,2.9755401611328125,2.994174003601074,0
0.3746678639783666,45.18557883925516,215.26287627256096,2.737162698274436,2.4187126046083547,0.5502493381500244,1.467827558517456,2.043479681015014,2.189685106277466,2.202470541000366,2.211536169052124,2.220026731491089,2.228050947189331,1
0.4326105536866369,75.47481394616658,119.28648992992706,2.7982440590879,2.5440486796089203,0.5492191314697266,1.4384541511535645,2.008044719696045,2.237736701965332,2.339895725250244,2.417675018310547,2.4831552505493164,2.540008068084717,0
0.3767740389458998,205.54474168817472,160.0152222928301,2.255697958117782,2.64505568442891,0.2895991802215576,0.5255064964294434,0.6831986904144287,0.8049497604370117,0.9045202732086182,0.989058256149292,1.06127667427063,1.1242222785949707,10
0.4083147293334072,11.833063709278004,115.3369624788833,2.5878176703050824,2.84575303851429,0.8976962566375732,2.766681432723999,4.416248321533203,5.295926094055176,5.479143142700195,5.509138107299805,5.511170387268066,5.511700630187988,7
0.5864330023643172,6.260455448237495,109.0606766320524,2.669696237151231,2.607311996167857,0.8849778175354004,2.665311336517334,4.126634120941162,4.817952156066895,5.001440525054932,5.050149440765381,5.057648181915283,5.05875301361084,23
0.3415749664680267,16.917574089855016,264.01076393606536,2.323398410419708,2.060811877580109,0.5180509090423584,1.35852313041687,1.8184161186218264,1.8462581634521484,1.846707344055176,1.8477821350097656,1.847104549407959,1.8461809158325195,1
0.6157971608425771,54.69462318813559,160.55353962995508,2.4691545341249217,2.499449766590944,0.4613673686981201,1.105337142944336,1.520310401916504,1.7316322326660156,1.8616747856140137,1.961172580718994,2.040253162384033,2.104586601257324,20
0.596935061423862,11.195096266343672,164.0222438066754,2.5361476576942903,2.148288560459408,0.6530542373657227,1.8057398796081543,2.536299705505371,2.7784948348999023,2.818469524383545,2.821247100830078,2.824986457824707,2.828510284423828,0
0.335278244350482,15.24892536842418,168.53078553381437,2.464089605568897,2.2315163489318754,0.6975460052490234,2.002926826477051,2.9129672050476074,3.197020530700684,3.220508098602295,3.2211251258850098,3.2210488319396973,3.221029758453369,0
0.5625542354457069,6.443736614756952,164.76755308239137,2.8263458579983745,2.7017336010436006,0.8141510486602783,2.439312696456909,3.76073956489563,4.373166084289551,4.530378341674805,4.547517776489258,4.5478515625,4.54794979095459,23
0.3944779938582585,29.99430974162165,166.65688433868252,2.221967535108808,2.233031202547213,0.6094541549682617,1.676013469696045,2.333045959472656,2.49906063079834,2.510585308074951,2.516830444335937,2.522866725921631,2.5286035537719727,0
0.3417997090177545,204.1313005095984,180.3294462090253,2.202061837848185,2.602870977534988,0.28700852394104,0.5148656368255615,0.6576457023620605,0.7640235424041748,0.84930419921875,0.9213783740997314,0.9827823638916016,1.0364253520965576,10
0.4884645518683789,7.347362998883737,219.5006338423471,2.79477531992819,2.269834592629654,0.652442455291748,1.845573902130127,2.6617650985717773,2.9047060012817383,2.9142870903015137,2.914495944976806,2.9144492149353027,2.9142889976501465,1
0.324853288947131,7.362928812850916,150.67091415888484,2.2896450297141726,2.832594824581583,0.8537147045135498,2.6499531269073486,4.26930046081543,5.151058197021484,5.272911071777344,5.273412704467773,5.273483276367188,5.273442268371582,7
0.5948982001419186,91.37700021654756,176.26380432596494,2.2470741783322072,2.40946358769324,0.3264460563659668,0.6536760330200195,0.8815934658050537,1.0441181659698486,1.1683125495910645,1.2681901454925537,1.3498187065124512,1.420269250869751,10
0.5140478005177294,56.34191999743725,129.77787986564934,2.3063396187242056,2.572485290681138,0.5404644012451172,1.4171745777130127,1.961883783340454,2.177475690841675,2.283437013626098,2.360161066055298,2.4246251583099365,2.48069167137146,0
0.6347475589185605,49.197417505675965,155.71794082797493,2.40438798415208,2.456788014535397,0.465282678604126,1.118506908416748,1.5342590808868408,1.7409188747406006,1.870513200759888,1.9663116931915283,2.042787790298462,2.1066038608551025,20
0.5317714813911456,192.60668843499013,197.7464946108825,2.456456673243869,2.0487156712818564,0.161074161529541,0.2312870025634765,0.2997927665710449,0.3605074882507324,0.4158887863159179,0.465972900390625,0.5126116275787354,0.5552396774291992,3
0.323229841441928,14.529665878295225,244.2400981562945,2.1067221959881586,2.892409337344464,0.6704168319702148,2.0099947452545166,3.0688283443450928,3.4522387981414795,3.449837446212769,3.450172185897827,3.449658155441284,3.4497406482696533,23
0.3334096039742828,92.45725058192622,219.61079981322405,2.566133233455733,2.3834482440558897,0.4368593692779541,1.0354509353637695,1.3748507499694824,1.466921091079712,1.507420778274536,1.5415380001068115,1.5709002017974854,1.5965983867645264,1
0.5352890016635229,14.022881606742514,172.3686620235693,2.087513858291391,2.3800519922404977,0.6649127006530762,1.890993356704712,2.706986665725708,2.953453779220581,2.968141794204712,2.969268560409546,2.9711697101593018,2.973158121109009,0
0.5027288595667709,60.99847649642324,144.15380779896023,2.957085903010402,2.2954308720954453,0.4889991283416748,1.2125988006591797,1.6571083068847656,1.851484775543213,1.9554600715637207,2.032580852508545,2.095223903656006,2.1476593017578125,0
0.5400159900734968,6.090928074216896,174.78909595940627,2.634099498207972,2.011031958833363,0.6660807132720947,1.8630485534667969,2.635436534881592,2.864978313446045,2.887784004211426,2.8885154724121094,2.88847017288208,2.888457775115967,0
0.4728844456523865,74.0726284734796,169.61989265292135,2.7516650457074934,2.3505923333761585,0.4483001232147217,1.0667338371276855,1.4441251754760742,1.6090803146362305,1.7018585205078125,1.7726507186889648,1.8302640914916992,1.879068851470948,0
0.5284423751338934,54.94925016582354,146.39317717714778,2.537194832371178,2.714555861976103,0.5503532886505127,1.451491117477417,2.036067485809326,2.2812633514404297,2.391453742980957,2.468526840209961,2.532499313354492,2.588955402374268,0
0.5246548819968568,6.483703256856096,177.67203616893096,2.755859284463553,2.8997557639090235,0.8222928047180176,2.500030517578125,3.920339107513428,4.636149883270264,4.791165351867676,4.801249027252197,4.801270008087158,4.801523685455322,23
0.3171292711132347,199.98777106536585,201.7526625070664,2.205994915743802,2.7866600270597903,0.312676191329956,0.5962011814117432,0.7632887363433838,0.8724627494812012,0.9569985866546632,1.0265333652496338,1.0847389698028564,1.136064529418945,10
0.5926961719104111,192.85300487849952,179.34517240336737,2.092179347408123,2.2464948589225275,0.1629688739776611,0.2500879764556885,0.3348093032836914,0.410719633102417,0.4800071716308594,0.5438265800476074,0.6022419929504395,0.6570353507995605,3
0.6246850663564576,91.4730474372807,106.49864111380344,2.2403998058734773,2.592209941427052,0.3735880851745605,0.8028295040130615,1.106731653213501,1.3204669952392578,1.483537673950195,1.6158761978149414,1.7229771614074707,1.8158597946166992,10
0.5742555035934646,29.1622698397105,126.16786490541536,2.350924598844425,2.145940832891704,0.5785670280456543,1.515404224395752,2.067134380340576,2.2769675254821777,2.3603148460388184,2.415440082550049,2.4616599082946777,2.504467010498047,0
0.6022779737298412,6.553036531386614,220.1207557571494,2.075977423964837,2.139952645788535,0.5928969383239746,1.6273107528686523,2.246278524398804,2.3431732654571533,2.3427822589874268,2.343932867050171,2.343923330307007,2.3431198596954346,1
0.6169449949344556,57.11326709143948,126.93470120844182,2.756573977362244,2.2684859177397,0.451082706451416,1.061418533325195,1.456984519958496,1.672563552856445,1.812093734741211,1.921316146850586,2.007364749908448,2.078853130340576,20
0.6260977680696436,17.030083497248437,227.4751960124579,2.910732789373674,2.308337427295229,0.5599710941314697,1.4874982833862305,2.0696749687194824,2.2441234588623047,2.268394470214844,2.273813247680664,2.2794528007507324,2.284693717956543,1
0.3685723758750796,6.983923092941212,169.83598683014714,2.092814773845701,2.509786679584056,0.7662181854248047,2.299072504043579,3.5347468852996826,4.0202178955078125,4.0469465255737305,4.046943664550781,4.046943664550781,4.04692268371582,23
0.5723027167339554,7.203255199825383,247.9605805972367,2.0532618689594093,2.4498138360238886,0.6031448841094971,1.7038373947143557,2.44030237197876,2.579428672790528,2.579132080078125,2.580085277557373,2.5808143615722656,2.580358028411865,1
0.587756438651279,10.91608042866322,193.7887577371305,2.3032382102709987,2.0069875697735067,0.5792474746704102,1.5507750511169434,2.1069796085357666,2.227967977523804,2.2295615673065186,2.229510545730591,2.22966742515564,2.229797124862671,0
0.5231288020580516,69.76690229652532,194.69896287251265,2.9697881342582413,2.4104753336980287,0.428140640258789,0.9850175380706788,1.3370027542114258,1.5071258544921875,1.610157489776611,1.688284397125244,1.7509713172912598,1.8037123680114744,20
0.6436282937129518,184.27738040641225,227.001147700407,2.1235555675886526,2.401730512452543,0.15718674659729,0.2354562282562255,0.3143000602722168,0.3850152492523193,0.4493510723114013,0.509253978729248,0.5645911693572998,0.6161494255065918,3
0.4210336021068534,6.9684470500399724,114.52515649295285,2.708034292491848,2.6041721463766194,0.9051294326782228,2.762174367904663,4.392581939697266,5.239876747131348,5.408061981201172,5.441132545471191,5.444279670715332,5.444510459899902,7
0.5457644691691108,108.32826777313709,123.15715554326148,2.9125363284195847,2.1124566537478326,0.3190410137176513,0.6328394412994385,0.8538742065429688,1.0158178806304932,1.1413836479187012,1.2442150115966797,1.3289718627929688,1.4007177352905271,10
0.511146588614286,139.7231192213356,140.93777950920366,2.067460181776525,2.371992362239476,0.2838881015777588,0.5323479175567627,0.7137649059295654,0.8553240299224854,0.9700238704681396,1.066476583480835,1.1492183208465576,1.2206180095672607,10
0.5699124718797162,10.166557324504112,236.91994202440856,2.9795492598247435,2.3986616650668937,0.6239659786224365,1.739789962768555,2.49885892868042,2.7246556282043457,2.7374987602233887,2.7380733489990234,2.738227367401123,2.7383456230163574,1
0.3894198136586213,65.06698278782062,252.5304425485704,2.7394550117553247,2.71475391443542,0.4985427856445312,1.271289348602295,1.7684528827667236,1.9151623249053955,1.9442598819732664,1.9671194553375244,1.9873688220977783,2.005603551864624,1
0.3144941610797171,10.113997569804258,230.48756244838788,2.8474576801203497,2.0265420692469425,0.5882236957550049,1.6031873226165771,2.220886945724488,2.326316595077514,2.3257925510406494,2.3249943256378174,2.3253276348114014,2.3256189823150635,1
0.5981728272306872,19.036978778891115,227.9671837293941,2.8678408022788173,2.6384289010004647,0.6103153228759766,1.6862995624542236,2.4222662448883057,2.6839687824249268,2.725860834121704,2.7304441928863525,2.735568284988404,2.7404534816741943,1
0.4411126137080997,143.48950518822227,119.40273885297634,2.6272586010919303,2.02309275922762,0.2933535575866699,0.5514142513275146,0.726947546005249,0.857550859451294,0.960625171661377,1.0432157516479492,1.1149952411651611,1.176795244216919,10
0.5809227045510218,79.54818007263164,131.3970196107769,2.576621060039327,2.250410661431188,0.3893845081329345,0.8528735637664795,1.1596646308898926,1.3499433994293213,1.4842002391815186,1.589707612991333,1.6783945560455322,1.752511739730835,10
0.5785903306952327,46.42445305858938,205.7316106660336,2.32461250349882,2.9101899977314,0.5093417167663574,1.3268063068389893,1.861807346343994,2.0783095359802246,2.1717238426208496,2.235681533813477,2.2880802154541016,2.333091735839844,1
0.3236889953432432,90.5125756503682,191.1348873886688,2.1126850503141807,2.6626545662805707,0.4849870204925537,1.2535865306854248,1.7228217124938965,1.8454241752624512,1.8792636394500728,1.909018278121948,1.9355332851409912,1.9593684673309328,0
0.3449906036126888,6.8874957508874415,241.3665222852877,2.9171711392460766,2.8536013497990664,0.742276668548584,2.216001033782959,3.433255195617676,3.98490571975708,4.046598434448242,4.047660827636719,4.04703426361084,4.047139644622803,23
0.4999681409475528,111.17507363810388,147.65096389277704,2.921190247015228,2.2989951952663583,0.3531727790832519,0.7268195152282715,0.9757938385009766,1.1397395133972168,1.262031078338623,1.3595376014709473,1.4390549659729004,1.5081524848937988,10
0.5599011519169013,8.054526647838903,201.8205984899055,2.7332944190978115,2.616728543797872,0.7194743156433105,2.097724199295044,3.132907152175904,3.5437376499176025,3.6023027896881104,3.6017062664031982,3.6017110347747803,3.6018178462982178,23
0.593296556621703,19.69957709379533,243.68481874355496,2.8924324566370494,2.9915805773714763,0.6338205337524414,1.7955589294433594,2.650318622589112,2.9815969467163086,3.0352611541748047,3.036740303039551,3.039231300354004,3.0417070388793945,1
0.4851094825466021,116.99974411812462,133.52797101955787,2.75169831726301,2.2301114088828484,0.345585823059082,0.7071032524108887,0.9473896026611328,1.1063134670257568,1.2253384590148926,1.321704387664795,1.4010319709777832,1.4674220085144043,10
0.3988301501336994,86.247572948499,125.6573620819713,2.7669142594463594,2.9885536221423443,0.5914859771728516,1.6245379447937012,2.345818519592285,2.6397480964660645,2.7464985847473145,2.8129286766052246,2.869487762451172,2.919187068939209,0
0.4786790626546016,8.36426488714826,143.85492745526656,2.8560346212489782,2.087700362662726,0.7330050468444824,2.0917346477508545,3.039743661880493,3.38973355293274,3.482567548751831,3.490558862686157,3.490663290023804,3.490715742111206,23
0.4751068489159215,7.707387465911424,212.66348824753288,2.578607602078571,2.810736731081689,0.7423050403594971,2.218552350997925,3.3935024738311768,3.901325941085816,3.954904794692993,3.955450773239136,3.9552295207977295,3.955666303634644,23
0.4527003926665017,33.04511693001754,120.86708340011592,2.8800525820083007,2.209094088703633,0.6527841091156006,1.7972168922424316,2.531342029571533,2.8166446685791016,2.9173054695129395,2.9623336791992188,2.995950698852539,3.0256080627441406,0
0.4531876624705842,72.7863802982547,238.51087188052503,2.615308090073881,2.4144531272894287,0.4078183174133301,0.9182755947113036,1.2169835567474363,1.334730863571167,1.3990178108215332,1.448584794998169,1.4904000759124756,1.5263526439666748,21
0.4757652222838484,7.271494717256303,127.61018601874596,2.8319680940956835,2.5287160228394656,0.8611850738525391,2.585000276565552,4.016401290893555,4.687213897705078,4.844752311706543,4.880847930908203,4.882709503173828,4.882848739624023,23
0.3327274473049319,154.70454610410638,149.87236909117306,2.677706892265104,2.335964620844614,0.3705897331237793,0.7810685634613037,1.0192921161651611,1.1421515941619873,1.229881763458252,1.3000082969665527,1.3583927154541016,1.407649040222168,21
0.3254130575503902,6.694940449314889,169.95651871024583,2.12767577185327,2.3935708482502704,0.7567269802093506,2.251640558242798,3.4297635555267334,3.844439744949341,3.866987943649292,3.866989850997925,3.8667376041412354,3.866816282272339,23
0.451113542928218,50.38847105037964,106.4444931847618,2.7802769012724124,2.079946882817152,0.5622141361236572,1.4655356407165527,2.002161026000977,2.209539890289306,2.306606769561768,2.3726911544799805,2.4271440505981445,2.475414752960205,0
0.6394144681827657,15.783854579238746,117.90171759902478,2.4093403131973754,2.55663915913274,0.7232134342193604,2.0573842525482178,2.9640896320343018,3.339375734329224,3.4679105281829834,3.516574621200561,3.547459363937378,3.57440447807312,23
0.6074978232114701,22.828239689372857,160.180788922097,2.7305707403431203,2.1454300057159426,0.5697760581970215,1.4944584369659424,2.0515029430389404,2.259185075759888,2.333298921585083,2.374716520309448,2.409472703933716,2.44037127494812,0
0.5920501077334297,140.01307118480665,209.49567948204785,2.8783647858912857,2.7290395994423577,0.2890708446502685,0.5184817314147949,0.6922745704650879,0.8372416496276855,0.9590446949005128,1.0636119842529297,1.1543207168579102,1.234635829925537,10
0.4166775539199303,8.303244478124494,113.16050208239128,2.6615967458999767,2.4521318010398674,0.877239465713501,2.6493163108825684,4.143356323242188,4.851833820343018,4.990663528442383,5.02383279800415,5.0257182121276855,5.026071071624756,23
0.3851643097932312,75.00074467430306,237.18164894100136,2.741074992794001,2.3054051113260545,0.4158906936645508,0.9507129192352296,1.2438795566558838,1.3329994678497314,1.375730276107788,1.411437749862671,1.441718339920044,1.467620611190796,21
0.4053701484269934,145.44849060616326,128.06675418727812,2.70791246415594,2.195223932893458,0.3392467498779297,0.6833462715148926,0.8997929096221924,1.0408422946929932,1.1472864151000977,1.2319161891937256,1.301151990890503,1.3617002964019775,10
0.3649366073518215,48.94343587805378,112.40667082826565,2.712178802092024,2.918936070791827,0.7465100288391113,2.2107350826263428,3.3293678760528564,3.822840452194214,3.954288244247437,3.9888198375701904,4.010459899902344,4.030599594116211,23
0.3568727997263638,13.50789771310378,180.6169882389264,2.542933675524907,2.596118393900939,0.7518353462219238,2.2318835258483887,3.388877868652344,3.866530418395996,3.924261569976807,3.924150466918945,3.9241418838500977,3.9243416786193848,23
0.5178690851868847,18.257612075763337,199.8145770854754,2.224357469750612,2.8480176599552705,0.669426441192627,1.9593205451965328,2.90380859375,3.24240779876709,3.267326831817627,3.2681283950805664,3.268610000610352,3.269357681274414,23
0.3554350551166557,74.4418122683082,124.5500872788141,2.262515063650988,2.453966585717353,0.5671794414520264,1.5307040214538574,2.1248972415924072,2.3085410594940186,2.362910985946656,2.4038593769073486,2.4404304027557373,2.4738423824310303,0
0.4752877882928012,18.67110320086041,191.14416326924123,2.96937043658839,2.095160781311969,0.5919506549835205,1.601963996887207,2.216272354125977,2.386111259460449,2.4055886268615723,2.409062385559082,2.412905216217041,2.416565418243408,0
0.546830329744395,37.27484228884851,248.8279461840632,2.67203189487796,2.012592202583008,0.3952162265777588,0.8835556507110596,1.1370761394500732,1.2142541408538818,1.250767946243286,1.278900146484375,1.301891565322876,1.3211846351623535,21
0.56073257608175,15.733153448116756,109.9440129208368,2.398942486150286,2.553349601029435,0.7720506191253662,2.247175931930542,3.302049398422241,3.743582010269165,3.8689568042755127,3.905480146408081,3.9235894680023193,3.939395666122437,23
0.5085187998932845,7.675080755802253,191.80561053085447,2.515082766125872,2.339365233343339,0.6955771446228027,2.002337455749512,2.930328369140625,3.237616539001465,3.2615504264831543,3.2622780799865723,3.262337207794189,3.2622528076171875,0
0.6316830115104495,9.343942283410712,175.96631540832905,2.8154537166029394,2.395435140123958,0.6990799903869629,1.986189126968384,2.8823039531707764,3.228070020675659,3.3086512088775635,3.3130619525909424,3.3138229846954346,3.315387010574341,23
0.5528996050246507,32.6725079549719,215.985405553938,2.236335094204076,2.6395650450650203,0.5379898548126221,1.4339518547058103,2.00118350982666,2.1783838272094727,2.217802047729492,2.2427096366882324,2.2647385597229004,2.284327507019043,1
0.3985145877893026,213.09545436936529,236.6857633124951,2.520305649921923,2.9715329382402538,0.2768714427947998,0.4683291912078857,0.5963423252105713,0.7030656337738037,0.7928380966186523,0.8718116283416748,0.941120147705078,1.0025129318237305,17
0.4039798596287164,25.00014357292739,118.67921987892647,2.7986325392469613,2.2926266707617726,0.7343199253082275,2.09695816040039,3.049130439758301,3.4275708198547363,3.5372514724731445,3.5632004737854004,3.5757956504821777,3.5879616737365723,23
0.3083638625131081,8.505585863296755,247.83128584263704,2.908982267535277,2.36214446030006,0.640850305557251,1.818058013916016,2.64414930343628,2.861318588256836,2.862276554107666,2.862649917602539,2.862338066101074,2.8619956970214844,1
0.3329216771191783,111.88376376008053,233.2282540106448,2.180056313418456,2.215493879488274,0.3349602222442627,0.6682424545288086,0.8348109722137451,0.908888816833496,0.9593770503997804,0.9988117218017578,1.0332067012786863,1.0631883144378662,21
0.3947032807275493,26.46807304608137,173.81117828957383,2.643504154584373,2.1809262030149323,0.613548755645752,1.6866507530212402,2.354006290435791,2.5441040992736816,2.5631165504455566,2.5676703453063965,2.572314739227295,2.5767478942871094,0
0.6238045639449309,48.73957526720417,127.43949219265563,2.062371502338035,2.228759433760416,0.4442124366760254,1.046006441116333,1.4069199562072754,1.5882456302642822,1.70912766456604,1.799299240112305,1.8715708255767824,1.9319684505462649,20
0.5992138277868891,102.86179181247437,107.88275416254116,2.886108643917285,2.1452121790052194,0.3252148628234863,0.6548118591308594,0.8951215744018555,1.0757017135620115,1.2170495986938477,1.3332643508911133,1.4287233352661133,1.5134763717651367,10
0.3588112732230413,97.1060784305428,256.3697054343143,2.731855590304166,2.060493149576803,0.325819730758667,0.6242163181304932,0.7636494636535645,0.8279204368591309,0.8749024868011475,0.9138302803039552,0.946082592010498,0.9729325771331788,21
0.4633587832345468,13.243989972116362,175.22902100551764,2.901693251790021,2.6534248281322457,0.76096510887146,2.2450904846191406,3.398728370666504,3.896588325500488,4.010843753814697,4.017888069152832,4.018117904663086,4.0180768966674805,23
0.3873718560917568,43.942042266704895,104.31943876128,2.9070778638030976,2.308061173904711,0.6865429878234863,1.9241619110107424,2.760331153869629,3.0946645736694336,3.2080469131469727,3.2551136016845703,3.2887091636657715,3.3182835578918457,23
0.5764243669245475,157.26073576313098,129.66676393697577,2.90337978486468,2.457338128096435,0.2786521911621094,0.5058300495147705,0.6854705810546875,0.8366401195526123,0.9651384353637696,1.076326608657837,1.1734519004821775,1.259627342224121,10
0.5343635067766594,64.20676486444934,256.8804265275741,2.324297935037862,2.628500783361837,0.4019267559051513,0.9109454154968262,1.2242486476898191,1.367963790893555,1.4506802558898926,1.5124266147613523,1.5618419647216797,1.6025843620300293,21
0.393128093459642,92.3373646683076,231.35419918283995,2.6544222905160657,2.746560218541447,0.4462530612945556,1.0676677227020264,1.4524502754211426,1.5947623252868652,1.6590099334716797,1.7103781700134275,1.7534780502319336,1.7906827926635742,1
0.4264153168518622,7.883776564109755,255.194928322996,2.903681126537526,2.0922396148957727,0.5642836093902588,1.5239615440368652,2.100961685180664,2.177406311035156,2.1775927543640137,2.1767592430114746,2.1774768829345703,2.177485466003418,1
0.5019858807333915,176.56567778853494,232.82652054456983,2.6983400023581967,2.252698223889522,0.2080466747283935,0.3114752769470215,0.3994722366333008,0.4738891124725342,0.5402810573577881,0.5995194911956787,0.6535887718200684,0.7019891738891602,17
0.3766268496146293,12.583265958209278,203.16287056618003,2.3119868694786083,2.872169851620418,0.7396421432495117,2.2313437461853027,3.435542583465576,3.945556163787842,3.9807496070861816,3.981177806854248,3.981587886810303,3.981458187103272,23
0.4724477090610328,86.11022949361453,137.15546572532284,2.3176835151781736,2.204556086536858,0.4085390567779541,0.9267466068267822,1.236715316772461,1.3910033702850342,1.4911463260650637,1.570176362991333,1.6370506286621094,1.6935043334960938,20
0.5185413116334521,99.32321498350578,256.6294462047054,2.1843373487476434,2.975816937098825,0.3478991985321045,0.7326605319976807,0.9837777614593506,1.1415770053863523,1.2550063133239746,1.3437139987945557,1.415945291519165,1.4776248931884766,10
0.4804684314263369,25.836199837625465,148.1512016598407,2.6223292596213192,2.141809827199906,0.6211364269256592,1.690816879272461,2.35379409790039,2.574169158935547,2.6311111450195312,2.653525829315185,2.67312240600586,2.691194534301758,0
0.5138357500252502,160.07088924292694,255.0136314241145,2.7424899870132107,2.071563104194913,0.1846613883972168,0.2594385147094726,0.3278207778930664,0.3855106830596924,0.436650276184082,0.4830799102783203,0.5256242752075195,0.5639438629150391,4
0.6036533729528134,24.45628691088097,253.8325850129344,2.3996568988834905,2.607897512514732,0.5203793048858643,1.3639919757843018,1.8941009044647217,2.046342611312866,2.0658886432647705,2.076643705368042,2.0864741802215576,2.095261335372925,1
0.5063499404417382,22.76754639113883,239.9222778149459,2.90864603561745,2.79926567793972,0.6274030208587646,1.7671270370483398,2.585559844970703,2.8725924491882324,2.9024224281311035,2.903456687927246,2.90450382232666,2.905693531036377,1
0.4976166746733593,68.75963090093983,103.0507564833746,2.277772616129042,2.527075863609693,0.522855281829834,1.3414695262908936,1.844067335128784,2.0619919300079346,2.1772115230560303,2.269673109054565,2.3457210063934326,2.410287618637085,20
0.3357642730048492,95.39908648560466,185.58088255095203,2.1255053065534417,2.7783364305445764,0.4893107414245605,1.2795279026031494,1.7755179405212402,1.92002272605896,1.96370816230774,2.00008225440979,2.0323646068573,2.0612800121307373,0
0.4871031853545785,18.707463958719845,239.84143550125825,2.3690282379031555,2.9310246083718337,0.6431884765625,1.8697919845581048,2.7766003608703613,3.090207576751709,3.0992417335510254,3.0996170043945312,3.09968900680542,3.0995802879333496,1
0.3487281718965208,9.360921899991522,191.3217854865298,2.657218643106136,2.747112008544472,0.7795848846435547,2.3423304557800293,3.631917953491211,4.217626571655273,4.2991042137146,4.298651218414307,4.298553943634033,4.298638343811035,23
0.3124035407470544,15.644185417250675,235.2372968657132,2.9383881656751685,2.4083018079549348,0.6469125747680664,1.8392486572265625,2.681126594543457,2.932640552520752,2.939516544342041,2.9396629333496094,2.9399662017822266,2.939803123474121,1
0.3207197352269859,7.620749465828907,223.5166067488726,2.535700648225936,2.299707771988618,0.6583895683288574,1.878614902496338,2.730952739715576,2.957789897918701,2.958391189575196,2.958491325378418,2.957674980163574,2.958147525787353,1
0.5748955897537988,13.60341362121832,212.8781131983832,2.774186689223441,2.8026635878792163,0.6875362396240234,1.9911479949951167,2.956477642059326,3.335874080657959,3.396453380584717,3.3964157104492188,3.3963589668273926,3.396515369415283,23
0.4528241844988078,181.8450600919801,250.84072175558097,2.7458016251701265,2.4931593152146885,0.2345938682556152,0.3595495223999023,0.4525468349456787,0.5321316719055176,0.6013388633728027,0.663311243057251,0.7180600166320801,0.7683641910552979,17
0.3697754470392611,37.59996210558087,204.02727686119127,2.259414956474595,2.1669768522110404,0.5280482769012451,1.386185884475708,1.869689702987671,1.9472124576568604,1.950810194015503,1.954974889755249,1.9590404033660889,1.9629476070404053,1
0.5167935042403202,49.55309903498774,208.66260583957205,2.879642696852582,2.172937426725937,0.4336044788360595,1.01715087890625,1.3548073768615725,1.4820771217346191,1.5448336601257324,1.5923614501953125,1.6314082145690918,1.664358615875244,1
0.3529385676944972,163.48773735216608,147.90484311538032,2.208025544047532,2.204942292607233,0.3080117702484131,0.5843324661254883,0.7505626678466797,0.8601381778717041,0.9450438022613524,1.0150961875915527,1.0736186504364014,1.1226277351379397,10
0.4316529508443586,74.21845480050315,199.4979732085584,2.40694047817657,2.078518994040865,0.3848991394042969,0.8459892272949219,1.093503713607788,1.1943676471710205,1.257291316986084,1.3063886165618896,1.3473196029663086,1.3818581104278564,21
0.3298327754989615,118.9109692432241,195.4976094381041,2.0755050903009624,2.1089163897084813,0.3296694755554199,0.6594526767730713,0.8248672485351562,0.9024250507354736,0.9583861827850342,1.005368947982788,1.0447344779968262,1.0779502391815186,21
0.400410807794371,157.1553173645549,157.46800193717365,2.2771716973728577,2.727483162278437,0.3533227443695068,0.7352862358093262,0.9800031185150146,1.133652925491333,1.2473084926605225,1.3391714096069336,1.4149410724639893,1.4785609245300293,10
0.4269163683874931,10.971255029807471,173.4669871510668,2.3401011027493444,2.889872942368009,0.7915287017822266,2.41780424118042,3.7774252891540527,4.423555374145508,4.517014980316162,4.516513347625732,4.516451358795166,4.516561508178711,23
0.3252087864283928,10.335367702295766,225.066443322253,2.0716004240595787,2.500506876578456,0.6667828559875488,1.9537465572357176,2.8964531421661377,3.158564329147339,3.1562740802764893,3.156130075454712,3.156740427017212,3.1570074558258057,1
0.541945976935526,85.41253291146857,102.78480530169084,2.272186162813936,2.8540628837640933,0.4717376232147217,1.160510778427124,1.612558364868164,1.8526465892791748,2.0096375942230225,2.126044511795044,2.226925134658813,2.311230421066284,20
0.4352681382593959,33.19815526488043,225.07258416632544,2.8941805412111994,2.862723246259747,0.6326112747192383,1.7942280769348145,2.6387319564819336,2.946228504180908,2.984513282775879,2.9878296852111816,2.9918289184570312,2.995793342590332,1
0.4759926684765723,10.052041262390876,256.0438139356155,2.07701589990527,2.169125645453183,0.5400264263153076,1.4441046714782717,1.9597928524017327,2.0015480518341064,2.002691984176636,2.003041982650757,2.001967191696167,2.001481294631958,1
0.6468246974809435,52.45203363096813,255.9233247414708,2.999739174423167,2.8654240180241186,0.4424943923950195,1.0208725929260254,1.4134416580200195,1.621274471282959,1.743974208831787,1.8307909965515137,1.9000506401062007,1.95857048034668,20
0.428308485277052,14.010506690137433,176.6311874779648,2.460795909042054,2.131378720422386,0.6572108268737793,1.8461976051330569,2.618806838989258,2.8412065505981445,2.854467868804932,2.854866981506348,2.8548026084899902,2.854844570159912,0
0.4793230199785745,33.39700024806416,131.14713597740558,2.332744082521152,2.001839799602439,0.570042610168457,1.4983646869659424,2.0224971771240234,2.188591957092285,2.242534637451172,2.278286933898926,2.309476852416992,2.339025020599365,0
0.5592981127615818,9.759305890046946,217.25468006752027,2.841139883091852,2.2252257536506432,0.6145915985107422,1.6980836391448977,2.3903377056121826,2.582548856735229,2.5914342403411865,2.5916597843170166,2.5915706157684326,2.591623067855835,1
0.5103549646461941,11.126538019686867,260.0178002520628,2.9041632540631817,2.4552826981374496,0.6086347103118896,1.701416015625,2.447556495666504,2.6467528343200684,2.648867607116699,2.6489510536193848,2.649099826812744,2.648891925811768,1
0.5851760126372674,20.71983424013462,227.3575906983417,2.0645678855867526,2.978960861732821,0.5949811935424805,1.7061262130737305,2.4794857501983643,2.7312986850738525,2.748165369033813,2.752000570297241,2.756397008895874,2.760612726211548,1
0.5617862861646461,196.4219824712108,208.9289096370079,2.410023629588382,2.660036405348799,0.2077522277832031,0.3254201412200928,0.4327757358551025,0.5270740985870361,0.6116077899932861,0.688251256942749,0.7579858303070068,0.8221733570098877,17
0.4459088464111438,14.417104040609043,239.18144199072523,2.7468307627685498,2.252174480239947,0.5928480625152588,1.6300671100616455,2.2971503734588623,2.442509412765503,2.44293475151062,2.442814588546753,2.442314386367798,2.44207501411438,1
0.4671600046837101,32.166074487492864,168.6212846855289,2.2158160983848405,2.092506900064727,0.5418548583984375,1.4143190383911133,1.9029078483581543,2.020009994506836,2.045141220092773,2.064293384552002,2.082231044769287,2.0990376472473145,0
0.4879067768726236,63.79121387843197,256.58391877363533,2.222466933761554,2.5615382980976484,0.4092357158660888,0.9444997310638428,1.2614569664001465,1.3861443996429443,1.4509973526000977,1.500474214553833,1.5413215160369873,1.575474977493286,1
0.5355225535420383,6.959762269867239,234.5186885839676,2.4349187165207726,2.005152689007425,0.5640761852264404,1.5125508308410645,2.0583624839782715,2.1276087760925293,2.127607822418213,2.128340244293213,2.128932476043701,2.1287717819213867,1
0.3342326509579164,16.867596494070664,236.6158664690225,2.5953463602089064,2.020530722549794,0.5482664108276367,1.459810495376587,1.9778125286102293,2.0346481800079346,2.0350029468536377,2.0356929302215576,2.036336660385132,2.03649640083313,1
0.5259886157200802,14.757653766071412,203.8314436760936,2.5250448024474963,2.244842655668104,0.6142756938934326,1.6974477767944336,2.391038417816162,2.578913688659668,2.588009834289551,2.588399887084961,2.5883617401123047,2.5884714126586914,1
0.3077894705384523,53.59705118753168,152.13949514334405,2.2859418568139738,2.6435974879590063,0.6532385349273682,1.8815357685089111,2.743464708328247,3.025345087051392,3.0499184131622314,3.058453321456909,3.067159414291382,3.0755794048309326,0
0.636379256836495,179.93045994256823,219.6944026899189,2.286407440935473,2.762450672871111,0.1991224288940429,0.3170778751373291,0.4279651641845703,0.5266773700714111,0.6160023212432861,0.6975557804107666,0.7720065116882324,0.8406882286071777,17
0.5080347542146487,13.365087627241198,165.85662470197354,2.3085137629084618,2.1607027220599884,0.6536035537719727,1.822800636291504,2.562408447265625,2.780503749847412,2.799654006958008,2.800960063934326,2.8028011322021484,2.804656982421875,0
0.3330445062036197,26.81276127232572,130.0936249957383,2.1973383530199864,2.0698201501533675,0.6767501831054688,1.9037775993347168,2.690957546234131,2.918543815612793,2.9421868324279785,2.94724702835083,2.952880382537842,2.958320617675781,0
0.4202648976419094,146.90601691305076,129.24048019119394,2.1870298853878283,2.439916676592792,0.344895601272583,0.7096567153930664,0.9435093402862548,1.095078945159912,1.2090072631835938,1.3013458251953125,1.3774075508117676,1.4412841796875,10
0.4244208395069067,17.042012185459082,250.37509787337456,2.620601151287727,2.768604353881725,0.6530823707580566,1.8888494968414309,2.81180739402771,3.126423120498657,3.1341068744659424,3.13407826423645,3.1344897747039795,3.1343367099761963,1
0.3135257791940932,14.04895930097832,235.41023558618488,2.9915341861329807,2.153979751354431,0.5993201732635498,1.6499052047729492,2.321989059448242,2.459652900695801,2.459712028503418,2.4597043991088867,2.459070205688477,2.4589667320251465,1
0.5304266399010877,170.4519226878482,189.17824425783337,2.834680856256381,2.974443425166268,0.3076598644256592,0.5619266033172607,0.7505676746368408,0.9064376354217528,1.036503553390503,1.148219108581543,1.2448909282684326,1.3302013874053955,10
0.3753126359397384,7.226875001695229,150.87948998725665,2.7573089826041626,2.8661874399353744,0.8778591156005859,2.699025630950928,4.332522869110107,5.223637580871582,5.4055585861206055,5.42454719543457,5.424620628356934,5.42457389831543,7
0.3239249306712406,7.903108441347698,124.13096126728216,2.0349913531893224,2.2246476894596583,0.7998106479644775,2.3859400749206543,3.647304058074951,4.117422580718994,4.149669647216797,4.149884223937988,4.150005340576172,4.150032043457031,23
0.3259371404091863,42.41714690085089,143.5522010771826,2.5184671320861503,2.812778552566648,0.7318198680877686,2.175132751464844,3.2859597206115723,3.755282878875733,3.8331570625305176,3.8406667709350586,3.847246170043945,3.853715896606445,23
0.4788324545155195,122.94388997121597,211.7124425369969,2.691642489186652,2.180196323020027,0.2743725776672363,0.4833700656890869,0.6205143928527832,0.7248811721801758,0.8085947036743164,0.8783488273620605,0.9381673336029052,0.989856481552124,17
0.3349930191466343,18.93363031354713,182.5083034410968,2.7039395759433047,2.2397753539447,0.6657485961914062,1.8865759372711184,2.711979627609253,2.9603159427642822,2.980952978134156,2.981735944747925,2.981837034225464,2.9818899631500244,0
0.426291363840917,69.21365077563476,132.46305681181246,2.54011737390125,2.2558058573049515,0.5097043514251709,1.29292631149292,1.7571687698364258,1.9259858131408687,2.0067124366760254,2.068742275238037,2.1218318939208984,2.1672897338867188,0
0.5756082939843626,148.80391153697775,219.8366676144496,2.5098088515330965,2.050675890416524,0.1809329986572265,0.2703158855438232,0.3522737026214599,0.4229829311370849,0.48598313331604,0.5421698093414307,0.5935802459716797,0.6398434638977051,3
0.3361423526237851,132.34779608981663,252.96507295800384,2.1285940734997366,2.261894103784963,0.2941532135009765,0.5283334255218506,0.6475322246551514,0.7205677032470703,0.7768044471740723,0.8233513832092285,0.862424373626709,0.8951928615570068,21
0.3806358984629556,28.628472744196607,168.904813145133,2.9349379035902534,2.0482244842248827,0.5915966033935547,1.596456527709961,2.199357986450196,2.366431713104248,2.390244960784912,2.3979978561401367,2.405648708343506,2.412882328033448,0
0.5888817122701357,17.384420462092784,137.77261439615492,2.19601041020643,2.0127467470256795,0.607231855392456,1.618461847305298,2.202110767364502,2.389564037322998,2.437960147857666,2.462069511413574,2.4832239151000977,2.502238750457764,0
0.4179098521486378,7.46558708656292,178.70908347702462,2.8172029250671184,2.243239545737775,0.7147207260131836,2.057276964187622,3.0213406085968018,3.356260061264038,3.4064090251922607,3.405983686447144,3.4060332775115967,3.4061167240142822,23
0.3210633549101955,92.94130668286944,116.31312474962178,2.336560645027133,2.925618475723694,0.6044490337371826,1.7144360542297363,2.479633331298828,2.746058464050293,2.8084044456481934,2.8479065895080566,2.883815288543701,2.916773796081543,0
0.4439529441184893,8.317854906058361,186.7401570876998,2.6926499533999584,2.2007660890343823,0.6898236274719238,1.9719927310943604,2.857160806655884,3.14779019355774,3.176108121871948,3.1766998767852783,3.1769673824310303,3.1769940853118896,0
0.3521808724552202,32.43238828228898,174.81406569297835,2.2018906222147234,2.7202995101865897,0.6799252033233643,1.9937801361083984,2.95816421508789,3.2876224517822266,3.30609130859375,3.307756900787353,3.3098206520080566,3.3120741844177246,23
0.3336534054505703,13.211562950511835,112.6385085706908,2.9314388046173474,2.364073950117203,0.8504350185394287,2.529360771179199,3.909182071685791,4.517088413238525,4.651386260986328,4.69420337677002,4.698634624481201,4.699535846710205,23
0.5715639999449376,95.98515915135862,240.8875269537301,2.5694899218105776,2.863044471995676,0.355363130569458,0.7295372486114502,0.9812726974487304,1.151103973388672,1.2769522666931152,1.3783025741577148,1.4616467952728271,1.530022382736206,10
0.3165230428224661,40.02084906809899,262.0058427856757,2.5827991866893028,2.3345175574276404,0.5151071548461914,1.350261688232422,1.844746828079224,1.908679723739624,1.9095051288604736,1.9096839427948,1.910180807113648,1.9103624820709229,1
0.4306623088998745,7.370484071472773,148.9465624306279,2.7024901429465817,2.517910202321872,0.8242156505584717,2.4702398777008057,3.817504167556762,4.422837257385254,4.550743103027344,4.563015937805176,4.563193321228027,4.563267707824707,23
0.3338095897872882,10.034322810259928,142.80648097239543,2.353130673949653,2.9970341578546726,0.8708946704864502,2.721351146697998,4.403143882751465,5.372409820556641,5.533382415771484,5.536350250244141,5.536351680755615,5.536438465118408,7
0.6151969142333733,30.518849464142527,216.48620872503287,2.03673210569934,2.50222074916572,0.489612340927124,1.2507383823394775,1.7029356956481934,1.8517913818359373,1.9036729335784912,1.9406890869140625,1.971598148345948,1.9979181289672847,1
0.5679635222838805,21.28234956002964,128.95503801567313,2.8107381307715027,2.3479685509755344,0.679574728012085,1.8872389793396,2.6856017112731934,3.012457847595215,3.130892276763916,3.1782827377319336,3.210435390472412,3.2385497093200684,23
0.5512329780339185,55.01607868950476,243.6307607949843,2.1936342224913234,2.55287883383086,0.4085688591003418,0.9404339790344238,1.2598121166229248,1.396369695663452,1.4718084335327148,1.5281591415405271,1.57316255569458,1.6099896430969238,1
0.3983087939846004,33.57524531177726,206.7515769037268,2.450034962128421,2.769720510186796,0.6397230625152588,1.838846206665039,2.697571277618408,2.984528064727783,3.003096103668213,3.005722045898437,3.0086798667907715,3.011637210845948,1
0.4203794498962132,21.3049729009618,183.7222330609964,2.889291671653766,2.173894656957902,0.6187546253204346,1.704967975616455,2.392416000366211,2.5969061851501465,2.620995044708252,2.623236656188965,2.625773906707764,2.628215312957764,0
0.3454062799370507,15.636392595587056,100.96105390995108,2.624317009938419,2.739132091556815,0.906601905822754,2.7778306007385254,4.427623748779297,5.292385101318359,5.460628032684326,5.498234272003174,5.503410816192627,5.50474214553833,7
0.4266840757588998,45.03542468576634,165.42043004321243,2.686297668491654,2.679532532484104,0.6262962818145752,1.7521440982818604,2.51975417137146,2.793377637863159,2.859071493148804,2.886370897293091,2.910637140274048,2.933070421218872,0
0.4863005593397451,42.04907359616966,106.37578318200232,2.68931579780745,2.358173202222824,0.6279146671295166,1.7081425189971924,2.3912875652313232,2.663797616958618,2.778610944747925,2.844380617141724,2.898012399673462,2.945144891738892,0
0.4315004995925779,150.29059082027277,161.2985170852947,2.876327045073702,2.615828245087368,0.3584580421447754,0.7299766540527344,0.9739546775817872,1.1336603164672852,1.2539138793945312,1.3511128425598145,1.4312381744384766,1.500166416168213,10
0.4688234550744897,13.664077358969893,184.79239753416448,2.987451993104289,2.454965696163572,0.7126312255859375,2.053264141082764,3.03739595413208,3.4185752868652344,3.493187427520752,3.494959831237793,3.494881153106689,3.494933605194092,23
0.5983501999195595,28.235350688315776,217.888538772558,2.836516495352964,2.47507810472266,0.5365159511566162,1.399204969406128,1.9448521137237549,2.1321260929107666,2.1862733364105225,2.217015027999878,2.243417501449585,2.266806364059448,1
0.5729550877265362,198.8836088375812,218.7167833247713,2.317097368767305,2.488842111493645,0.1806919574737548,0.2699809074401855,0.3572769165039062,0.43379807472229,0.5027930736541748,0.5664591789245605,0.624929666519165,0.6788690090179443,17
0.5358060655784752,50.08246911680401,130.0114837628535,2.422573868065073,2.8704588716085606,0.589400053024292,1.609895944595337,2.2830426692962646,2.5625030994415283,2.680259943008423,2.76055645942688,2.826867818832397,2.883664846420288,0
0.5191729315855558,73.33213187575579,194.61565081931727,2.0023615071726097,2.480078589360407,0.3879423141479492,0.8719980716705322,1.165013074874878,1.3130693435668943,1.4089694023132324,1.4816300868988037,1.5390326976776123,1.5893785953521729,20
0.6155713932432756,93.42946856277742,117.18062399503587,2.575135101023944,2.6877143683216853,0.402083158493042,0.8862109184265137,1.2275209426879885,1.457597017288208,1.627983331680298,1.7634642124176023,1.875241041183472,1.9712355136871336,20
0.4612863000029965,107.03329129033564,204.7343302033354,2.846324318937332,2.076761476972155,0.3046612739562988,0.5707845687866211,0.7334625720977783,0.8429100513458252,0.927086353302002,0.9960548877716064,1.0535950660705566,1.1015634536743164,10
0.4014436094235711,9.45486770615556,102.71862870982643,2.5029900583573266,2.5405591694548164,0.8965277671813965,2.728726387023926,4.303361892700195,5.094720840454102,5.231743812561035,5.261380195617676,5.263976573944092,5.264708042144775,7
0.5314864324728279,130.96517535301302,248.3448775779632,2.3635742436280265,2.6777048464160145,0.2732923030853271,0.4816718101501465,0.6296298503875732,0.7489583492279053,0.8472936153411865,0.9310910701751708,1.003262281417847,1.0666654109954834,17
0.4547967088004627,6.229119014154016,147.44333126162144,2.5408199297777925,2.875000427311172,0.8736298084259033,2.7025346755981445,4.332338809967041,5.229865074157715,5.397243499755859,5.407763481140137,5.407952308654785,5.408024787902832,7
0.5186441315467316,52.91840276038052,112.88031756758068,2.389455785895774,2.7888271735519945,0.5977818965911865,1.6373021602630615,2.316365957260132,2.594345808029175,2.716493368148804,2.799630880355835,2.867508172988892,2.925855875015259,23
0.5439770787421029,7.352445734447277,177.30045987323138,2.7831356648292287,2.549531504301771,0.757824182510376,2.224640369415283,3.3432765007019043,3.8133296966552734,3.908012866973877,3.91074800491333,3.9105849266052246,3.910554885864258,23
0.4198902196487015,7.062476113960361,134.72620181904762,2.949255335251385,2.504973395494301,0.863086462020874,2.595170497894287,4.064315319061279,4.769636631011963,4.921240329742432,4.956048488616943,4.957705974578857,4.957805156707764,23
0.3444916945348408,7.0149479148204525,200.8332616358266,2.880818650864485,2.2298525999590253,0.6893310546875,1.9770302772521973,2.886502742767334,3.1831507682800293,3.207760810852051,3.2083864212036133,3.2087292671203613,3.208743095397949,1
0.4576897703817175,96.25653678444677,204.690571868942,2.649727474536125,2.181942362660501,0.3471777439117431,0.7081499099731445,0.9236035346984864,1.0445218086242676,1.1292827129364014,1.1982779502868652,1.2549490928649902,1.3020296096801758,21
0.364523576298766,11.21680786654306,161.5079769340515,2.195469350199406,2.243756576067268,0.7142832279205322,2.0642576217651367,3.019885540008545,3.311678886413574,3.3276166915893555,3.32767105102539,3.327544689178467,3.3275928497314453,0
0.6204978937968421,9.645064736825072,164.99578720121502,2.341754873639492,2.401520174236752,0.7002110481262207,1.998453140258789,2.89229679107666,3.211193084716797,3.2601051330566406,3.2604522705078125,3.26143217086792,3.262864112854004,0
0.5199392775794667,21.999622302881512,108.20517486859342,2.18114167253587,2.6210490602059773,0.7409892082214355,2.1557350158691406,3.14989709854126,3.5382208824157715,3.633111953735352,3.664441108703613,3.687737941741944,3.7092089653015137,23
0.4050274062532341,210.0913881346581,219.8917398244544,2.353409099557456,2.3043619338470425,0.199995756149292,0.2862195968627929,0.3598537445068359,0.4228050708770752,0.4783008098602295,0.5291640758514404,0.5746054649353027,0.6166825294494629,3
0.4031375042485632,19.94672241599888,155.1842581249012,2.375145426529557,2.8582616306614184,0.7728664875030518,2.3311288356781006,3.5794131755828857,4.133101463317871,4.227083206176758,4.22951602935791,4.230208396911621,4.2313232421875,23
0.477051157420493,15.124709056736268,115.1385218758398,2.9163285582833858,2.806208992115992,0.8611705303192139,2.591818332672119,4.004939079284668,4.703007221221924,4.912746906280518,4.975821018218994,4.990595817565918,4.996120452880859,23
0.4726898227514866,15.099890584366998,217.31384999223008,2.3712038550396004,2.5989655827557647,0.6565909385681152,1.890691518783569,2.7679812908172607,3.0453040599823,3.053950548171997,3.054185628890991,3.0538833141326904,3.053684949874878,1
0.6110627097446866,62.675833329190816,199.05254678537443,2.647557455926359,2.380791940368562,0.3946774005889892,0.8699672222137451,1.1774930953979492,1.3526897430419922,1.470484733581543,1.560603141784668,1.6318202018737793,1.689960479736328,20
0.6071045847181171,12.671280411592996,216.8552566277443,2.5581246271697733,2.7533687778526965,0.6696112155914307,1.9303178787231443,2.849722385406494,3.1909728050231934,3.2288384437561035,3.22898006439209,3.229318618774414,3.2293758392333984,1
0.5731564160659538,28.50332830017973,205.88995620657303,2.5285579866335888,2.924348518211252,0.6078517436981201,1.701138973236084,2.4618782997131348,2.749976634979248,2.814061164855957,2.83793306350708,2.8587560653686523,2.877798557281494,1
0.3149251290012296,6.373261922678086,209.71301674587303,2.200072794116572,2.0957062680025587,0.6370229721069336,1.7884221076965332,2.5325870513916016,2.6667208671569824,2.665977001190185,2.666426658630371,2.66676664352417,2.6659789085388184,1
0.4230819460164958,196.67042264928216,118.4257179903213,2.463118592325913,2.4284197214562218,0.2805478572845459,0.5039570331573486,0.664602518081665,0.7930707931518555,0.8994600772857666,0.9903647899627686,1.0697729587554932,1.138497829437256,10
0.3062672914170669,16.1061251902978,238.9229025706728,2.4820947934256736,2.873454776929959,0.6963925361633301,2.0682692527771,3.1565041542053223,3.5820465087890625,3.594666004180908,3.5938639640808105,3.5948963165283203,3.593867778778076,23
0.4255337443067155,6.065762906993871,142.871756330847,2.0627813864712823,2.400614646697866,0.7942078113555908,2.381047487258911,3.653430700302124,4.144968032836914,4.185761451721191,4.18589973449707,4.185999870300293,4.185952186584473,23
0.6359652419747843,152.42312691682727,106.6906420748973,2.2636206534613668,2.49125008559067,0.2462220191955566,0.4408402442932129,0.6083481311798096,0.7526736259460449,0.8782844543457031,0.9896771907806396,1.088165283203125,1.1755592823028564,16
0.5486349854703524,10.11559063021654,173.53871683013222,2.3006620965268656,2.062152026089181,0.6395859718322754,1.7685134410858154,2.4712331295013428,2.659728765487671,2.669119119644165,2.669114351272583,2.6691887378692627,2.66924262046814,0
0.5567230137618955,13.154827152421518,222.23393169673776,2.8583788605390867,2.503610739494021,0.6474831104278564,1.828596830368042,2.6538217067718506,2.931692361831665,2.9602768421173096,2.9607059955596924,2.960991621017456,2.9609644412994385,1
0.4748865427700217,115.5845598062407,190.1871900320878,2.223531615502836,2.436481108699678,0.3305554389953613,0.6608319282531738,0.8734283447265625,1.0138945579528809,1.1204206943511963,1.205307960510254,1.2734096050262451,1.3340017795562744,10
0.3693384818156224,14.556699310022095,169.05215447356332,2.564464311639397,2.3143044767021195,0.7215545177459717,2.091661214828491,3.085667371749878,3.44032883644104,3.4878604412078857,3.487821340560913,3.488024950027466,3.4880526065826416,23
0.5320507542106557,123.14887920924396,196.3125281132152,2.461950227683365,2.9634472128553293,0.3523149490356445,0.7265427112579346,0.9848484992980956,1.1666104793548584,1.3052542209625244,1.4187335968017578,1.5132834911346436,1.5930500030517578,10
0.4058327005232083,161.7126907813882,249.2394506908352,2.035339555763583,2.9966102120326177,0.286435604095459,0.5342962741851807,0.6954059600830078,0.8136911392211914,0.9081459045410156,0.9875168800354004,1.0545055866241455,1.1123058795928955,10
0.3711943587791689,23.23439423718922,224.48340642702232,2.932552281769253,2.5917212156783096,0.655907154083252,1.8747806549072263,2.758849620819092,3.0558900833129883,3.0758261680603027,3.0765185356140137,3.076862335205078,3.0769577026367188,1
0.4648449780491538,6.236647640696972,102.08458038042356,2.0302345908044828,2.479290466969922,0.8710305690765381,2.662127017974853,4.184621810913086,4.9073100090026855,4.992800712585449,4.998659610748291,4.999338150024414,4.999752044677734,23
0.547923092899943,54.74424895262491,116.48645287562708,2.482393200744061,2.8635917831739897,0.579226016998291,1.559561252593994,2.205470085144043,2.489440441131592,2.6282382011413574,2.726058006286621,2.804794788360596,2.870712757110596,20
0.532506491330599,102.63294456947196,236.3481869729521,2.712750042946558,2.1885863961587058,0.2825491428375244,0.5065717697143555,0.6534903049468994,0.763106107711792,0.8495876789093018,0.9213683605194092,0.9818346500396729,1.0336980819702148,10
0.490194160719966,11.17079468669094,179.92771605088723,2.651896898846004,2.7572621480585218,0.768895149230957,2.295351028442383,3.515279769897461,4.058603763580322,4.1575188636779785,4.15964412689209,4.159521102905273,4.159451961517334,23
0.5108827453041901,54.2567869581654,153.9174219609851,2.161415599693923,2.109047823471036,0.4413609504699707,1.0450451374053955,1.3801352977752686,1.5137786865234375,1.5890820026397705,1.6468970775604248,1.6959326267242432,1.7384870052337646,0
0.5752781751043663,101.9968716867718,229.4810460239219,2.2994756294643945,2.8130756587881285,0.328035831451416,0.6565072536468506,0.883552074432373,1.04736065864563,1.1732964515686035,1.2758820056915283,1.3609843254089355,1.4329988956451416,10
0.4462845816521269,41.20215382403275,172.07174774973265,2.4705381159292616,2.202200404513106,0.5418746471405029,1.41778826713562,1.9313092231750488,2.0796494483947754,2.1190719604492188,2.1470370292663574,2.171945095062256,2.1942577362060547,0
0.4710600361488407,12.14412438384298,196.93312616735267,2.8789348953819487,2.334319562715157,0.6753921508789062,1.9236183166503904,2.791996955871582,3.091804981231689,3.12957763671875,3.129580020904541,3.129798412322998,3.129807472229004,1
0.3471303895839125,13.222490992488163,135.95586501539972,2.254835497635049,2.5654168637319783,0.816267728805542,2.470911741256714,3.839433908462525,4.442534446716309,4.523331642150879,4.525094032287598,4.525168418884277,4.525238037109375,23
0.3581642988886804,8.835933634440018,177.84059435952298,2.5365440908329955,2.212591341682739,0.710031270980835,2.0482654571533203,3.0111002922058105,3.323241710662842,3.3488502502441406,3.349462985992432,3.349525451660156,3.349421977996826,23
0.337545910879822,65.65929561395068,109.08598234461154,2.519264769614613,2.808396147224096,0.6816689968109131,1.974213600158692,2.8970046043396,3.254382610321045,3.338759422302246,3.3708534240722656,3.3989381790161133,3.424996852874756,23
0.5982181234067216,177.38368094660342,204.488563518264,2.847976588919407,2.0538461365433327,0.163665771484375,0.2377605438232422,0.3114180564880371,0.3759517669677734,0.4346940517425537,0.4886834621429443,0.5388340950012207,0.5847065448760986,3
0.5587591965769265,46.75292718752265,132.96811839661208,2.5704318885488604,2.2434229727215533,0.5049312114715576,1.2633984088897705,1.7174384593963623,1.912994146347046,2.0146801471710205,2.094565153121948,2.159868001937866,2.215107679367065,0
0.5697418839660104,44.4985011125019,260.97391270492494,2.120499068267645,2.489296158877573,0.4090924263000488,0.9461417198181152,1.2578206062316897,1.3763341903686523,1.4344143867492676,1.4779748916625977,1.5129241943359375,1.5415172576904297,1
0.5703955512973173,21.323744611218803,254.8717182814325,2.426114639944811,2.684941488747038,0.5575883388519287,1.5114643573760986,2.135282754898072,2.3070547580718994,2.3122708797454834,2.3138248920440674,2.315524816513061,2.317145109176636,1
0.4691026197627932,24.33303245276436,210.14702110782628,2.159829999968077,2.9285961730620014,0.6407532691955566,1.8719418048858645,2.7700178623199463,3.0698840618133545,3.0830681324005127,3.084120512008667,3.085254907608032,3.086589097976685,1
0.3216658445380714,46.53203868092039,258.18132224378246,2.957403253506941,2.1193015347556536,0.468137264251709,1.159804344177246,1.5312118530273438,1.5686273574829102,1.5709834098815918,1.5732264518737793,1.5755186080932615,1.577829360961914,1
0.3721832000971193,9.270767647283764,104.2241788756716,2.833902309452383,2.004436814153744,0.8132803440093994,2.373999834060669,3.5540544986724854,3.998144388198853,4.116753578186035,4.157927513122559,4.161738395690918,4.163365364074707,23
0.5286617182025493,88.97298695544072,209.339585554851,2.1630324611841223,2.895763357899237,0.3867111206054687,0.8718736171722412,1.1899302005767822,1.3719971179962158,1.4944419860839844,1.587921380996704,1.6653740406036377,1.7306420803070068,20
0.578213887391039,6.454533611598482,242.30584735597432,2.440858913908145,2.8740858075796227,0.7014997005462646,2.086020946502685,3.1772942543029785,3.6156997680664062,3.638051986694336,3.638128757476807,3.638679027557373,3.63887071609497,23
0.3516290967831503,17.496745812084423,234.61753278930647,2.653133001425934,2.329283778097868,0.6144082546234131,1.722984790802002,2.463052272796631,2.639404296875,2.639349460601806,2.639312267303467,2.638625144958496,2.63850736618042,1
0.6277055989469026,12.177965294757248,103.23609190905398,2.1097506297995365,2.45049352115626,0.7613780498504639,2.202521562576294,3.197216749191284,3.584432363510132,3.694941759109497,3.727804899215698,3.748026609420776,3.7662546634674072,23
0.3571173884055519,10.778172636682276,132.04050559644048,2.061418513343247,2.0434364129613085,0.7277708053588867,2.0932462215423584,3.03840708732605,3.303133726119995,3.323976755142212,3.324280023574829,3.324302911758423,3.324388265609741,0
0.5827267389799595,42.22373884042735,167.55933214996696,2.0520411866986468,2.742504194235591,0.5167574882507324,1.3571150302886963,1.877572774887085,2.080885887145996,2.169401168823242,2.235258102416992,2.290203094482422,2.336817741394043,0
0.3409786708681454,30.66267625447644,101.7971877002938,2.8848495712922544,2.614242924449512,0.820235013961792,2.434072494506836,3.701784133911133,4.273330211639404,4.446497917175293,4.495046615600586,4.5088324546813965,4.5187578201293945,23
0.3637983414610977,16.68986207711929,103.13177652112738,2.218596133917325,2.96595596045136,0.8867144584655762,2.7755126953125,4.466362476348877,5.400050163269043,5.565854549407959,5.576741218566895,5.578101634979248,5.578978061676025,7
0.6198752111503142,70.39246106053292,121.4582061253473,2.9448018471070565,2.3189495821461183,0.4222967624664306,0.9591238498687744,1.3242201805114746,1.5453753471374512,1.6996283531188965,1.821518898010254,1.9168176651000977,2.001424789428711,20
0.5937422368752168,56.45555057502197,240.6383472770728,2.098649811672832,2.8748150018562804,0.4162549972534179,0.9894254207611084,1.3596107959747314,1.5405592918395996,1.646906852722168,1.7260446548461914,1.7887978553771973,1.840714693069458,20
0.4909787519225281,90.1522435879749,242.26458799273584,2.250225160566342,2.712327633578526,0.3719866275787353,0.8052515983581543,1.0757951736450195,1.2217485904693604,1.3195416927337646,1.39551043510437,1.4567480087280271,1.5074257850646973,10
0.5407264313706034,124.94981461949168,239.5981965900151,2.476869917436423,2.776990262794175,0.3038599491119385,0.5672900676727295,0.7498877048492432,0.8910832405090332,1.0044724941253662,1.099604606628418,1.1810319423675537,1.251039743423462,10
0.4604949792098669,29.845497915406884,203.437531406331,2.731086931019129,2.045576644096511,0.5086071491241455,1.2985827922821045,1.7342350482940674,1.827263593673706,1.8398325443267824,1.8498876094818115,1.8593714237213133,1.8681018352508545,1
0.3345740683876647,15.812350479743053,149.13990106546373,2.2263234020804554,2.029987495142381,0.68117356300354,1.921616077423096,2.730733871459961,2.952213287353516,2.964794158935547,2.964876651763916,2.9649572372436523,2.9650230407714844,0
0.3332321083591876,11.27779515381364,169.71788569272476,2.393822399504965,2.881778193247021,0.8163836002349854,2.512523889541626,3.983165979385376,4.728785514831543,4.83873462677002,4.838622093200684,4.838667869567871,4.838638305664063,23
0.5136974004191646,151.00395108720156,136.83651361861243,2.1208902948543127,2.772438607368073,0.3079586029052734,0.6030063629150391,0.8192358016967773,0.9872932434082032,1.1224191188812256,1.2355279922485352,1.3320543766021729,1.4136450290679932,10
0.6418768743022605,98.52721263688603,125.86042640445868,2.0647826837522034,2.7843603180141163,0.3404722213745117,0.7118394374847412,0.9854176044464112,1.1894779205322266,1.3500957489013672,1.4815740585327148,1.592479228973389,1.6863222122192385,10
0.6011108323861225,153.23946587356,262.9028915713259,2.1927397976022847,2.7835660153140664,0.2163660526275634,0.3483552932739258,0.4627366065979004,0.5613844394683838,0.6485190391540527,0.7261471748352051,0.7961854934692383,0.8589315414428711,17
0.3670760717088537,40.23943826611576,158.1093160131704,2.789736372038672,2.82291831949429,0.7141859531402588,2.093604564666748,3.140299797058105,3.576845645904541,3.665163516998291,3.677811145782471,3.687248706817627,3.6965231895446777,23
0.6253602474985603,10.23138778102382,236.95400815974088,2.284956717358013,2.424934419319324,0.5894589424133301,1.6223983764648438,2.281363248825073,2.4339687824249268,2.433734178543091,2.432974576950073,2.432868242263794,2.433138608932495,1
0.428636214434159,63.4475985240112,114.11134492040972,2.354183180461141,2.4560979838158103,0.5725564956665039,1.5321695804595947,2.126584529876709,2.33792495727539,2.419972896575928,2.482210159301758,2.5360569953918457,2.583629608154297,0
0.3620210763405208,6.424952867237347,225.30291986510016,2.2607539005796053,2.167886211102925,0.623232364654541,1.7468092441558838,2.471834897994995,2.6037862300872803,2.6033952236175537,2.6035969257354736,2.604654550552368,2.603693723678589,1
0.4813596807576847,10.314756139258318,220.38777652557343,2.164777622051544,2.6427228995422247,0.6718225479125977,1.9681675434112549,2.9258697032928467,3.2274739742279053,3.229546308517456,3.22924542427063,3.228809595108032,3.2290194034576416,1
0.5615676516369249,62.07456127917761,141.83517932097564,2.479401973196206,2.425159222017824,0.4628663063049316,1.111299991607666,1.5163066387176514,1.7178959846496582,1.8390207290649407,1.9301414489746087,2.0066795349121094,2.0718417167663574,20
0.3938484728625979,38.58594569369367,147.193721229821,2.459631381910629,2.724984800390348,0.690098762512207,2.004471778869629,2.9474992752075195,3.3030905723571777,3.369166851043701,3.3836827278137207,3.397319793701172,3.410220146179199,23
0.5795479607880293,133.6008263332868,227.1481538437676,2.253087423844581,2.468890653508918,0.2385601997375488,0.4016416072845459,0.5311686992645264,0.6399838924407959,0.7332661151885986,0.8145849704742432,0.8859207630157471,0.94938063621521,17
0.5784007241080387,6.34720006630814,136.4913313708866,2.4763764880327983,2.429601154373693,0.7978568077087402,2.349515438079834,3.531877517700196,4.009578704833984,4.121061325073242,4.131232738494873,4.131345272064209,4.131329536437988,23
0.5793703697048527,38.3602313709729,184.98626203400897,2.3905491199416486,2.7780160968999983,0.5546388626098633,1.4878342151641846,2.095914602279663,2.33178448677063,2.417152166366577,2.472310781478882,2.5171000957489014,2.555093050003052,0
0.4228913705509465,14.09096175017548,229.79889812974827,2.490110229045676,2.871238964409364,0.6959521770477295,2.05655574798584,3.117007255554199,3.530730724334717,3.5507373809814453,3.550806999206543,3.5513572692871094,3.5513992309570312,23
0.6347132219043377,38.990898540978094,186.4246440448873,2.5291138421841524,2.495527302471357,0.488419771194458,1.2076170444488523,1.659883975982666,1.8561882972717283,1.9564437866210933,2.030071258544922,2.0887670516967773,2.137700080871582,0
0.631378029526056,111.3412986287204,223.7875364807045,2.655892110797385,2.1353507282581665,0.2291429042816162,0.380389928817749,0.5019931793212891,0.6034693717956543,0.6900994777679443,0.7652912139892578,0.8319978713989258,0.8909468650817871,17
0.4897816291479381,10.519363516793222,256.70740943650475,2.59203468331794,2.1857748170456226,0.5644762516021729,1.5247786045074463,2.1132333278656006,2.202228784561157,2.202087163925171,2.201578378677368,2.2023136615753174,2.202770948410034,1
0.3600324523610167,30.07843571742045,244.4891464092862,2.049389499499434,2.8873298385162327,0.6002171039581299,1.747506856918335,2.58113956451416,2.812220573425293,2.810644149780273,2.8101401329040527,2.8100333213806152,2.8102574348449707,1
0.6305219079445379,170.88895609347318,142.1999461184017,2.284198091907345,2.977036476173349,0.2499163150787353,0.4445939064025879,0.6134443283081055,0.7616367340087891,0.8921017646789551,1.0086669921875,1.1124658584594729,1.205385446548462,17
0.4979414613481471,209.06475267332425,101.47078945450212,2.20160499591281,2.946535663086703,0.2741696834564209,0.504427433013916,0.6875450611114502,0.8423922061920166,0.974808931350708,1.0899832248687744,1.1912260055541992,1.2808303833007812,10
0.3311972927110983,23.576593245125792,118.8790817476661,2.646099028846345,2.232935446817926,0.7520632743835449,2.170371532440185,3.187742233276367,3.5636587142944336,3.6609134674072266,3.673856735229492,3.678864479064941,3.684153079986572,23
0.6012002696372045,87.33318914232618,249.6109977084658,2.1426549598509967,2.815014002979661,0.3243701457977295,0.6557567119598389,0.8828792572021484,1.042614459991455,1.163830041885376,1.2607784271240234,1.339921236038208,1.40726637840271,10
0.6071953100062423,60.48578905209628,105.35160111308012,2.39352198898154,2.835469875951591,0.5217313766479492,1.331425666809082,1.8628404140472408,2.134568452835083,2.298515558242798,2.422999620437622,2.523132085800171,2.6075985431671143,20
0.3304893332697678,139.1759120951082,223.20748368668671,2.272454770841356,2.2801945912905053,0.3153347969055176,0.595850944519043,0.7433929443359375,0.8281683921813965,0.8913137912750244,0.940988063812256,0.9813675880432128,1.0161099433898926,21
0.5327103943299871,203.0702359617624,118.1179940241954,2.3998837190309468,2.8680955492684217,0.2629952430725097,0.4658527374267578,0.6329061985015869,0.7770559787750244,0.9027695655822754,1.013559341430664,1.1116914749145508,1.1993820667266846,16
0.5763752960443955,29.03594053370664,119.69347248514438,2.077963521079794,2.0360063434952616,0.5507535934448242,1.413257360458374,1.8869867324829104,2.055137872695923,2.128162145614624,2.1837007999420166,2.232403039932251,2.273874998092652,0
0.391263297867955,36.72837461313191,166.94836276799933,2.015504038209612,2.295839742981146,0.5825107097625732,1.5919406414031982,2.193429946899414,2.3244776725769043,2.3357653617858887,2.345467567443848,2.3546013832092285,2.363194465637207,0
0.4322241202969377,14.444084362880307,151.18654498592184,2.4626388149916805,2.4905187944593767,0.7541103363037109,2.2135348320007324,3.302119255065918,3.728834629058838,3.801577568054199,3.803283214569092,3.8036913871765137,3.804669380187988,23
0.6458693554759223,118.60943646265196,202.6044479844507,2.2060557134628103,2.1022681578559177,0.2019505500793457,0.3300580978393554,0.4404590129852295,0.5351886749267578,0.6172621250152588,0.6901798248291016,0.7549128532409668,0.8124725818634033,17
0.616827904221528,10.70507007375778,149.191060483828,2.882720360905011,2.0405226850745724,0.6516084671020508,1.7802948951721191,2.480578899383545,2.744158744812012,2.8214778900146484,2.8390893936157227,2.848844051361084,2.858261585235596,0
0.5546574863972438,37.79553316697966,110.02000221226236,2.9580388435372065,2.9355010690340064,0.695223331451416,1.975222110748291,2.88283634185791,3.2971301078796387,3.4719905853271484,3.5652904510498047,3.632160663604736,3.6890478134155273,23
0.3922419235496136,43.41630650914068,232.20038008873,2.8796980951968054,2.760324465827291,0.5957856178283691,1.6525955200195312,2.399943351745605,2.641594886779785,2.664156436920166,2.66978120803833,2.675379753112793,2.680778980255127,1
0.6104744141602191,32.055965231068875,139.16796180257177,2.645986405257116,2.168269897332609,0.5334243774414062,1.3586525917053225,1.852641105651856,2.0571718215942383,2.159986019134521,2.2307605743408203,2.2866740226745605,2.3345980644226074,0
0.5143687919809986,190.9501731854668,110.618525242309,2.6836332415884114,2.902354791975078,0.3102490901947021,0.5825088024139404,0.7910788059234619,0.9638850688934326,1.1080656051635742,1.2321381568908691,1.3400866985321045,1.4345598220825195,10
0.5458616309900324,20.090706651821968,151.8386026547823,2.632238044874632,2.6730386225625224,0.7118284702301025,2.053052425384521,3.010791778564453,3.399940490722656,3.4986844062805176,3.5235915184021,3.5381321907043457,3.552042961120605,23
0.3732802112856161,189.4250998175319,120.04799789969312,2.4439988272760704,2.338073739665754,0.3075647354125976,0.5791442394256592,0.7561900615692139,0.8841023445129395,0.9850525856018066,1.070697784423828,1.143169641494751,1.2052640914916992,10
0.3209935077526111,15.561811793552396,120.44913632405378,2.7978570334422512,2.5838813755330703,0.865145206451416,2.6142024993896484,4.100738525390625,4.828819274902344,4.977002143859863,5.008840560913086,5.010378360748291,5.010995388031006,23
0.4748761950548726,40.62833326429258,248.0995514671875,2.8246404051302774,2.4636873496105007,0.5025990009307861,1.2825839519500732,1.7652184963226318,1.8974897861480715,1.921411275863648,1.939157247543335,1.955235719680786,1.9696967601776123,1
0.6137796437621534,40.86338907432667,123.47231998231013,2.8616068215901933,2.486880589552236,0.5622591972351074,1.4581429958343506,2.036421537399292,2.304198980331421,2.451134443283081,2.5524742603302,2.6320512294769287,2.698989152908325,20
0.5077127861372299,112.12626130764006,225.448117469536,2.1435759730314405,2.394923690861026,0.2864925861358642,0.5267486572265625,0.687706470489502,0.8070671558380127,0.9018354415893556,0.9788861274719238,1.0424301624298096,1.0976850986480713,10
0.3507407303338388,11.296474002521554,223.99977565085703,2.19917833744264,2.2017762801669165,0.6166589260101318,1.7273719310760498,2.441583633422852,2.570944309234619,2.570646286010742,2.571175575256348,2.571864604949951,2.5710549354553223,1
0.5196490153180889,63.25572905072768,245.80664467282,2.448842309104546,2.674569197553763,0.4271798133850097,0.9988131523132324,1.3536005020141602,1.5038573741912842,1.584059715270996,1.6443185806274414,1.6932849884033203,1.7338852882385254,1
0.5394718770583928,12.038517648096082,216.88682103631444,2.227412635193056,2.585619612954534,0.649852991104126,1.8666062355041504,2.719986915588379,2.97643518447876,2.9812865257263184,2.9810848236083984,2.9807090759277344,2.9804725646972656,1
0.3488529763441556,75.49130217986371,202.9596963237924,2.121737810842839,2.027408641835684,0.395867109298706,0.8953874111175537,1.1367123126983645,1.1963064670562744,1.230118989944458,1.25803542137146,1.2817299365997314,1.3023483753204346,21
0.4785525319122455,37.98717592899883,161.90912908310548,2.861730544316341,2.171048178903395,0.5475502014160156,1.4287045001983645,1.953533411026001,2.133300542831421,2.193692922592163,2.231399774551392,2.263972520828247,2.292959451675415,0
0.3205430254468853,28.168636492776827,123.94240025801052,2.859634170913274,2.2961955781282635,0.7443456649780273,2.1462619304656982,3.158764600753784,3.552797555923462,3.651495695114136,3.6680405139923096,3.6743571758270255,3.681007146835327,23
0.5638601704880883,6.321661233213326,125.28620362531356,2.9133916294487063,2.770714364741997,0.8959228992462158,2.7248120307922363,4.285062789916992,5.089477062225342,5.311666011810303,5.367504596710205,5.3755059242248535,5.3757405281066895,7
0.3430172765160435,150.52780791042903,139.37743284144491,2.3470086116518565,2.407636820863541,0.3778252601623535,0.8155040740966797,1.0734004974365234,1.206132411956787,1.2962908744812012,1.367624282836914,1.426468849182129,1.4796388149261477,10
0.4020093610972953,182.6849987829747,224.566179742296,2.845187499950561,2.057883230291812,0.2126040458679199,0.3077831268310547,0.3806960582733154,0.4414045810699463,0.4949502944946289,0.5428261756896973,0.5860610008239746,0.625723123550415,3
0.4938071511817344,85.05109317780693,140.6813222218238,2.8353624491527665,2.054712728658564,0.3727931976318359,0.8050060272216797,1.0734872817993164,1.223426103591919,1.3276517391204834,1.410942792892456,1.478778600692749,1.535800218582153,10
0.3902164400601364,87.14376861313997,205.0860424437358,2.737916090262587,2.342432826410908,0.4261574745178222,0.9856245517730712,1.309971570968628,1.4259727001190186,1.4891188144683838,1.5397088527679443,1.581880807876587,1.6178138256072998,1
0.3865092528672514,16.822832952057343,197.6505194666046,2.6839841647957403,2.284739444787012,0.651458740234375,1.8400516510009768,2.6430039405822754,2.8838043212890625,2.89632511138916,2.89681339263916,2.896684169769287,2.89668083190918,1
0.5571473618130025,6.879498625292748,217.8255307196274,2.620759772521406,2.322777572185605,0.6565849781036377,1.8634979724884035,2.694296598434448,2.9419877529144287,2.9514739513397217,2.9516761302948,2.9515202045440674,2.951146364212036,1
0.3035924928369313,14.831995625648444,203.9996122257969,2.506389037382456,2.804284733004959,0.7455627918243408,2.23823356628418,3.4457716941833496,3.9693007469177246,4.015396118164063,4.016050338745117,4.015998840332031,4.01638650894165,23
0.3681545848701893,6.628733696510975,187.9563895457971,2.355746411122587,2.4652040695520765,0.7431557178497314,2.201129913330078,3.334902286529541,3.75659704208374,3.785933017730713,3.786142349243164,3.786445140838623,3.786108493804932,23
0.5060931353403791,9.95582563619378,209.2156161557216,2.419677532909454,2.114800924323972,0.5998399257659912,1.6401140689849854,2.270836591720581,2.3975675106048584,2.397218942642212,2.3967740535736084,2.3970186710357666,2.39750599861145,1
0.3317426086330611,34.037238728516094,152.0563141238382,2.3014884786873098,2.393680701327388,0.6750547885894775,1.9322359561920168,2.793777704238892,3.0675532817840576,3.0896260738372803,3.09368109703064,3.0981929302215576,3.10261607170105,0
0.5533165537856595,32.58425966709347,218.1360938341772,2.203260365233331,2.1068088441332136,0.445004940032959,1.0675289630889893,1.39705491065979,1.4848945140838623,1.5188486576080322,1.5456717014312744,1.5678086280822754,1.5864033699035645,1
0.3386196719477222,136.17155524759104,195.1629376104207,2.35112824331737,2.2980791025557945,0.3408925533294678,0.6828455924987793,0.8686854839324951,0.9672737121582032,1.0394678115844729,1.0970373153686523,1.1444683074951172,1.1844942569732666,21
0.4991312105668327,34.65611502951796,179.77874257421556,2.438548212694219,2.331512633435419,0.5588150024414062,1.4847722053527832,2.0471463203430176,2.2153453826904297,2.2579574584960938,2.28502893447876,2.3090829849243164,2.330916404724121,0
0.5250781227408379,8.516226474385387,114.40820180056234,2.1743666058400914,2.6668413587362703,0.8442952632904053,2.5690290927886963,3.978805780410767,4.617924690246582,4.72110652923584,4.730494499206543,4.731327056884766,4.732602119445801,23
0.5825327543951755,69.8991005483751,186.71899455190632,2.172979594810688,2.656100565145797,0.4025866985321045,0.9158453941345216,1.246774196624756,1.4314475059509275,1.5536036491394043,1.6491641998291016,1.7260055541992188,1.790074586868286,20
0.4985534211453739,177.0294203023008,160.2539338335406,2.54206760264945,2.4986722524587472,0.2656316757202148,0.4632325172424316,0.6150851249694824,0.7418777942657471,0.8498589992523193,0.9436707496643066,1.0254933834075928,1.098338603973389,17
0.6420238824503182,23.998575868798007,197.8965439019542,2.656141870201836,2.837980749043308,0.6114387512207031,1.6915297508239746,2.4337410926818848,2.728569984436035,2.8174872398376465,2.855372905731201,2.8857078552246094,2.912787914276123,1
0.4234266204627566,10.19676438346088,264.5675116245195,2.777786704536574,2.5751888292051848,0.640570878982544,1.834702491760254,2.705289840698242,2.966662883758545,2.968168258666992,2.96829605102539,2.968716144561768,2.9679346084594727,1
0.4110077361210023,15.336338178857009,145.33674734383092,2.024694187067153,2.2071869771417987,0.700056791305542,2.0034289360046387,2.891798496246338,3.1476616859436035,3.161454200744629,3.1618905067443848,3.1628432273864746,3.164036273956299,0
0.4858510173690707,7.747253448236663,240.3817340932785,2.9444598407529665,2.9242828466267854,0.7337338924407959,2.1821436882019043,3.357496738433838,3.882408618927002,3.95434045791626,3.954278469085693,3.9541401863098153,3.953850746154785,23
0.472414227901312,142.23956006957337,187.59617447942188,2.304950867656151,2.71145665367548,0.3185009956359863,0.6214931011199951,0.8271117210388184,0.9766068458557128,1.0933985710144043,1.1894326210021973,1.2705018520355225,1.3390555381774902,10
0.5224827144190444,71.99364311781412,250.5244843658372,2.1900805099789946,2.133905445014917,0.3124630451202392,0.60225510597229,0.770533561706543,0.8692259788513184,0.9405009746551514,0.9970202445983888,1.0433893203735352,1.081430435180664,21
0.3107928537743048,47.43537747737968,122.84842251183169,2.257911482268056,2.8281314224447915,0.7334811687469482,2.1938669681549072,3.3175299167633057,3.771552801132202,3.837050676345825,3.846411466598511,3.855389833450317,3.864078283309937,23
0.4346376417293769,19.39532744422821,122.22308686403542,2.8233756111198707,2.780009387105114,0.8327076435089111,2.497750997543335,3.84485125541687,4.484843254089356,4.667094230651856,4.711782455444336,4.720320701599121,4.725971221923828,23
0.4848076677476769,9.7852897351045,142.49972730342083,2.183685580395385,2.4465631976687376,0.7737386226654053,2.2896032333374023,3.443143844604492,3.8861026763916016,3.948522090911865,3.9488096237182617,3.9488954544067374,3.94896936416626,23
0.5179772194889917,25.581945488841328,195.1253763216261,2.276352469115923,2.3957996057146063,0.5800457000732422,1.574295997619629,2.192577123641968,2.364572763442993,2.384803056716919,2.395293474197388,2.4053099155426025,2.414562463760376,1
0.4505797566517462,9.472060683749453,180.76767714376297,2.5226968172167235,2.818592328276776,0.7885289192199707,2.388263702392578,3.714423179626465,4.335127830505371,4.432703971862793,4.432868003845215,4.432992935180664,4.43293046951294,23
0.5381275191894085,23.16844120807673,182.7413610462565,2.422809356372817,2.979686690710583,0.6798133850097656,1.9909217357635496,2.955839395523072,3.3412201404571533,3.409895658493042,3.41985821723938,3.4293601512908936,3.4385287761688232,23
0.6218016513293627,125.1233692038754,240.7435364916169,2.3010974355562377,2.8780805088722525,0.2680633068084717,0.481785774230957,0.6482188701629639,0.7871110439300537,0.904594659805298,1.005821704864502,1.0937187671661377,1.1706757545471191,10
0.5984853497542253,14.996090649037557,253.2651747971028,2.504356582835156,2.6331206397290945,0.5926742553710938,1.6437406539916992,2.3590149879455566,2.56243896484375,2.568087100982666,2.56842041015625,2.568368911743164,2.568398952484131,1
0.3344212942767424,9.96912356956798,233.68066907573865,2.667492902610038,2.81663529713997,0.7315969467163086,2.188016414642334,3.378061294555664,3.8950119018554688,3.935351848602295,3.935908317565918,3.935797691345215,3.936702728271485,23
0.3665393789499555,10.5002385518416,126.18201084510451,2.463412241548087,2.332179966903462,0.817145824432373,2.432774543762207,3.720259666442871,4.24546480178833,4.331574440002441,4.33908224105835,4.339293956756592,4.339428901672363,23
0.4865865821735518,35.64090981623242,144.38442285744372,2.135643785975183,2.47463956716178,0.6076345443725586,1.6748342514038086,2.339313268661499,2.554638147354126,2.6085846424102783,2.6406424045562744,2.669083833694458,2.694965124130249,0
0.3763895435956507,144.59181593880413,113.0462239913101,2.0219046792444044,2.8858313758758167,0.4184696674346924,1.0095350742340088,1.3829596042633057,1.5650651454925537,1.678729772567749,1.7706005573272705,1.8461685180664065,1.909862279891968,20
0.4321494503309934,52.64674399687782,224.7908795640041,2.449400126711493,2.94230715152286,0.5578269958496094,1.534480333328247,2.208134651184082,2.430675506591797,2.466938018798828,2.487810611724853,2.5072731971740723,2.525226593017578,1
0.5953975247924046,9.200466392887032,207.5906429570473,2.2719216552030708,2.9139395475024057,0.7094995975494385,2.118854284286499,3.2033817768096924,3.641170740127564,3.676934003829956,3.6777150630950928,3.6780526638031006,3.678072690963745,23
0.3211818098193161,38.86849129005999,145.5618921824145,2.100134033399378,2.3517372330671225,0.6502299308776855,1.8416497707366943,2.624738931655884,2.8350422382354736,2.8479907512664795,2.853935480117798,2.859828233718872,2.8654778003692627,0
0.3599573013223798,8.97038664907586,225.73439854991864,2.10106665615642,2.182194111210017,0.6175816059112549,1.7326366901397705,2.4546573162078857,2.577036142349243,2.577736616134644,2.578829050064087,2.5786654949188232,2.5775630474090576,1
0.5237000686035351,143.7582859941604,153.51616783310675,2.93504861800463,2.9059071545194826,0.3644616603851318,0.7388396263122559,1.007011890411377,1.2029972076416016,1.3557157516479492,1.4809622764587402,1.5872197151184082,1.679643630981445,10
0.516911870128758,97.25552027944867,233.8008612885544,2.130290918461061,2.7548943014957543,0.3462321758270263,0.7248435020446777,0.9720985889434814,1.126091480255127,1.2365589141845703,1.323495388031006,1.394045114517212,1.4523181915283203,10
0.4115919478077428,17.608546795148055,182.99103228825845,2.333365395489281,2.3399013214425954,0.6652920246124268,1.89717960357666,2.733194351196289,2.9799532890319824,2.991842269897461,2.9921107292175293,2.992017269134521,2.9921040534973145,0
0.4861624625097678,26.10263259808287,226.0997596202608,2.24979343234505,2.062389241250444,0.4916765689849853,1.2472732067108154,1.6511647701263428,1.7120614051818848,1.7150061130523682,1.7185280323028564,1.721876621246338,1.725001096725464,1
0.3286364151950882,113.20347508652868,166.49806298277213,2.2426830959893134,2.9557796065024338,0.4970135688781738,1.3129405975341797,1.8457026481628416,2.0291895866394043,2.089674472808838,2.1368274688720703,2.17789888381958,2.214353084564209,0
0.4114415555958701,192.5174516742532,188.39363852367305,2.3111806105019044,2.5716760242439944,0.2692527770996094,0.4656074047088623,0.6015300750732422,0.71152663230896,0.8035588264465332,0.8824958801269531,0.9505891799926758,1.0107605457305908,17
0.5532358843095889,82.12754465615585,259.44069503700337,2.193250156191359,2.763681461615386,0.3506996631622314,0.7366619110107422,0.984722137451172,1.1358492374420166,1.242530345916748,1.3257756233215332,1.3923776149749756,1.4467394351959229,10
0.6483722631409659,190.4890293381824,133.46450425177218,2.8790460185427778,2.778731053156062,0.2471046447753906,0.4187343120574951,0.5742576122283936,0.7125954627990723,0.8363280296325684,0.9483194351196288,1.0493905544281006,1.141857624053955,17
0.485026952438589,56.28697226233931,120.0868827777774,2.013435306766232,2.37777268348194,0.5268833637237549,1.3686325550079346,1.8591465950012207,2.034311294555664,2.121279716491699,2.1883463859558105,2.243937969207764,2.291780471801758,0
0.6455625739794151,56.801773403267774,159.0158624845273,2.3238064682042663,2.946879059292165,0.4761886596679687,1.1790878772735596,1.6500811576843262,1.9022374153137207,2.0570459365844727,2.175201892852783,2.2678327560424805,2.3431081771850586,20
0.3497137753743962,33.32130385877537,229.28940625799683,2.3594230330148123,2.851206539571469,0.6321310997009277,1.8280887603759768,2.7064852714538574,2.9854698181152344,2.989084243774414,2.989175319671631,2.989075183868408,2.988958835601806,1
0.4081677028421606,11.723389130016864,196.6328283052389,2.472096878755706,2.800554104493287,0.7496767044067383,2.2470669746398926,3.447275161743164,3.964143753051758,4.017238616943359,4.017568111419678,4.017441749572754,4.017795562744141,23
0.6485820212942612,173.7531614096665,239.46903071054305,2.085881121923648,2.449160810473712,0.1618211269378662,0.2443494796752929,0.326425552368164,0.3995494842529297,0.4661662578582763,0.5275146961212158,0.5839724540710449,0.6367611885070801,3
0.4453674117160111,168.55691575597604,210.94307853400312,2.6533816972840603,2.179711000921827,0.2251515388488769,0.3493344783782959,0.4434394836425781,0.5219206809997559,0.5902056694030762,0.650134801864624,0.7039463520050049,0.7518947124481201,17
0.428493040727427,66.49966082083483,123.88735768206806,2.781981404714525,2.8320328101859977,0.6213266849517822,1.7270455360412598,2.4919328689575195,2.801498413085937,2.9151711463928223,2.9806618690490723,3.035228729248047,3.0835771560668945,23
0.534470208451647,30.68012794020305,144.7485671726618,2.436236410627414,2.88881945847746,0.6796274185180664,1.9668588638305664,2.882147312164306,3.251006603240967,3.354071140289306,3.394124984741211,3.4252495765686035,3.4536828994750977,23
0.484300224592303,11.078070391999471,110.76852035178356,2.4034305544230032,2.126958058002653,0.7761936187744141,2.23443341255188,3.274486780166626,3.655920267105103,3.749487161636353,3.765921831130981,3.7706592082977295,3.77596116065979,23
0.5422339457902262,141.57776463616923,239.55947767949365,2.4711119180959944,2.2335655132187706,0.2134089469909668,0.3305046558380127,0.4270782470703125,0.508537769317627,0.5790328979492188,0.6419634819030762,0.697899341583252,0.7481539249420166,17
0.631101699474595,93.68553711842232,165.58823540982905,2.453701285015239,2.6172310596575223,0.3433411121368408,0.7014122009277344,0.9572198390960692,1.1439170837402344,1.288461446762085,1.406381368637085,1.5053791999816897,1.5878643989562988,10
0.4860682832002947,145.00045261800895,122.68317183211197,2.107557600826336,2.1768667402746504,0.2663545608520508,0.4837813377380371,0.644686222076416,0.7727556228637695,0.8768594264984131,0.9647581577301024,1.041086196899414,1.107264757156372,10
0.5451753236296221,155.363064134986,201.42651503469327,2.390789354899948,2.1384953123314023,0.2035412788391113,0.3187129497528076,0.4180130958557129,0.5032572746276855,0.5781097412109375,0.6443812847137451,0.7044563293457031,0.758098840713501,17
0.5509035774801772,82.97257101358268,124.36393459591147,2.2040073067607096,2.5806714703385385,0.4264781475067138,0.9915549755096436,1.3564176559448242,1.5615415573120115,1.698904037475586,1.8084282875061035,1.8970093727111816,1.971696376800537,20
0.4002155322905952,22.321050961846577,244.3221107239989,2.442121224676818,2.146554911582532,0.5295207500457764,1.3950350284576416,1.886617660522461,1.9449896812438965,1.945359230041504,1.9458098411560056,1.946303367614746,1.9465742111206048,1
0.3081075138300896,24.50260746106307,211.85097429489943,2.067669841184597,2.305089861520022,0.5986909866333008,1.6688690185546875,2.341942071914673,2.4547455310821533,2.454779863357544,2.4557888507843018,2.455859422683716,2.455357789993286,1
0.4843667487679523,54.12939110750119,264.3605016436451,2.1442892638052005,2.780714321727203,0.4482157230377197,1.115602970123291,1.527252197265625,1.661466360092163,1.706482172012329,1.7408077716827393,1.7697513103485107,1.7944371700286863,1
0.6266829095682841,31.130087387916507,180.48619742686864,2.670281109469048,2.993833960287775,0.6088919639587402,1.6804237365722656,2.4229660034179688,2.739083766937256,2.854754447937012,2.91457462310791,2.961486339569092,3.0040650367736816,23
0.4274470510362932,7.711868223454557,115.03315771706868,2.3151091763750533,2.1663380265486807,0.8060915470123291,2.370565891265869,3.5630078315734863,3.9938907623291016,4.077087879180908,4.084247589111328,4.084589004516602,4.085262775421143,23
0.3836787672205344,12.343972446622816,110.82614051242771,2.74219127369892,2.608411542608585,0.884171724319458,2.681190729141236,4.211928367614746,4.964816093444824,5.128429412841797,5.163335800170898,5.167148590087891,5.168048858642578,7
0.5688965338210121,15.204385725396357,235.0540427556422,2.711650408619886,2.6442013865471563,0.6298022270202637,1.77663254737854,2.57732892036438,2.8385279178619385,2.8579213619232178,2.8586504459381104,2.8589975833892822,2.8590033054351807,1
0.4327455186899711,119.44297198924082,134.2350482416758,2.6080881697067726,2.860614209684935,0.4550957679748535,1.0885391235351562,1.5053551197052002,1.7174813747406006,1.8456346988677976,1.9459517002105715,2.029747724533081,2.1007988452911377,20
0.5508268200920398,70.80844449049653,150.4578506977813,2.696480411941632,2.686603330192587,0.4850707054138183,1.1933424472808838,1.6601111888885498,1.8918263912200928,2.027498483657837,2.130106210708618,2.214271783828736,2.285060167312622,20
0.5467001936344352,25.617985824704427,217.39713864830048,2.418779575888687,2.9343071746110008,0.6153898239135742,1.7451364994049072,2.5395753383636475,2.823407888412476,2.8607094287872314,2.8686859607696533,2.8772757053375244,2.885428667068481,1
0.4208915121376805,21.12339276187125,180.11989837502756,2.666804735270884,2.7421216616178734,0.7233278751373291,2.125211238861084,3.190659046173096,3.621352195739746,3.688819885253906,3.689901828765869,3.690485954284668,3.691500186920166,23
0.4378255103149536,83.57105263110003,111.81335437739396,2.8902279523364083,2.0064554522567173,0.4358327388763428,1.0235519409179688,1.3712868690490725,1.5308356285095217,1.6298818588256836,1.710216045379639,1.7766823768615725,1.833038330078125,20
0.5738325006187663,103.5380922547676,203.3053444547092,2.8015989622238475,2.736801610054127,0.3566131591796875,0.7257294654846191,0.9818294048309326,1.1607105731964111,1.2964887619018557,1.4057283401489258,1.4956421852111816,1.5737943649291992,10
0.3740986810856833,115.333073796116,123.7813769957654,2.187476933585247,2.106031264995792,0.3816010951995849,0.8369159698486328,1.0912091732025146,1.2142417430877686,1.2969412803649902,1.3622877597808838,1.4156835079193115,1.4609949588775637,21
0.4525991652586607,34.17591029765597,120.3000820527312,2.778455017852378,2.766418779921356,0.739434003829956,2.158954620361328,3.209002494812012,3.6620044708251953,3.803763866424561,3.850508689880371,3.8782687187194815,3.903051376342773,23
0.4597130695994118,16.982166804255666,196.1793857479588,2.978836066416712,2.9722946831859405,0.7581448554992676,2.259402275085449,3.4728899002075195,4.045226097106934,4.171741008758545,4.178257465362549,4.178774356842041,4.178914546966553,23
0.6470627021982186,31.65822191512832,250.8675550406201,2.7627630236632363,2.18947988535223,0.4212608337402344,0.971808910369873,1.293668270111084,1.4157490730285645,1.471386432647705,1.5109305381774902,1.5418639183044434,1.567171573638916,1
0.3055122968802032,16.057586650832814,155.08574076104213,2.062055235142134,2.4725640140500107,0.7490310668945312,2.226773500442505,3.3663132190704346,3.769243478775024,3.791460752487183,3.791644334793091,3.7915680408477774,3.791646718978882,23
0.3174295109616336,21.63063205241856,192.56434580595345,2.0948720579373337,2.929031946934975,0.7175641059875488,2.176797151565552,3.345868825912476,3.831956624984741,3.8500936031341553,3.8495352268218994,3.849762201309204,3.849372625350952,23
0.3949745261055991,18.70134435894544,101.16514704949968,2.40866712910503,2.726954190401104,0.8582212924957275,2.6100103855133057,4.060293197631836,4.739577293395996,4.893160820007324,4.9187774658203125,4.923529624938965,4.927468299865723,23
0.5967916017011504,9.893464773714882,167.77515799284205,2.188461872812008,2.3401558135523155,0.6830825805664062,1.9388737678527832,2.781973361968994,3.0479798316955566,3.0741629600524902,3.0748562812805176,3.075570106506348,3.076732635498047,0
0.3749382579103255,83.36504335085787,186.30608699731457,2.831166191916778,2.234421406803936,0.4387855529785156,1.0383100509643557,1.376647710800171,1.4900243282318115,1.547184705734253,1.5930087566375732,1.63159441947937,1.6652181148529053,0
0.4794814599400967,8.150615733585727,126.29718146058032,2.14111072228671,2.289222988399038,0.783989667892456,2.3062360286712646,3.44590163230896,3.8594839572906494,3.916351079940796,3.917315721511841,3.9175117015838623,3.918060064315796,23
0.4950042238225345,184.4311411586848,205.1152215997516,2.066537975098808,2.744770402592134,0.2284417152404785,0.3788270950317383,0.5010521411895752,0.6054646968841553,0.6965818405151367,0.7774991989135742,0.8486306667327881,0.9130821228027344,17
0.5765217613293288,165.25598541012,229.6102264998105,2.6592157936132343,2.9568588239666416,0.2673976421356201,0.4578855037689209,0.6091268062591553,0.7396888732910156,0.8524806499481201,0.951819658279419,1.039454460144043,1.1178619861602783,17
0.4131598888657906,35.97278755297678,107.12332335708832,2.380159055636316,2.442719867841673,0.7100169658660889,2.0337555408477783,2.940070390701294,3.2840230464935303,3.373303174972534,3.403874158859253,3.428252458572388,3.4508793354034424,23
0.4227421396382467,25.628060157995844,220.88245143170747,2.578723746176856,2.0863450779728225,0.5292775630950928,1.384678840637207,1.864143133163452,1.9436171054840088,1.944627046585083,1.9459407329559328,1.9473631381988523,1.9487855434417725,1
0.4324040273026975,131.98285308606785,250.4514100067136,2.315980819653356,2.094853674466612,0.2343344688415527,0.3666512966156006,0.453970193862915,0.5245416164398193,0.5830509662628174,0.6338520050048828,0.6773734092712402,0.7140097618103027,17
0.5002424777665166,6.847237917715277,254.20715362158745,2.5416751424948623,2.2183451782304355,0.5850756168365479,1.605970859527588,2.24882173538208,2.3550772666931152,2.3549623489379883,2.354249954223633,2.355490207672119,2.356060028076172,1
0.4215734421876281,160.72501324431795,223.4204248989878,2.6274729889732704,2.8685681171820745,0.3312773704528808,0.637150764465332,0.832700252532959,0.9704992771148682,1.0773377418518066,1.1645386219024658,1.2376430034637451,1.3017826080322266,10
0.5164689209323463,125.25442490541904,109.36955368754477,2.781662817580526,2.6143720935762564,0.3855853080749511,0.8254306316375732,1.1307806968688965,1.3361263275146484,1.489091873168945,1.6128568649291992,1.7149038314819336,1.802607536315918,10
0.4488076185624013,11.454236423665929,199.4799502133914,2.094177269130668,2.9562829210614487,0.7292747497558594,2.2237226963043213,3.439196348190308,3.963562250137329,3.9922149181365967,3.991957902908325,3.992491006851196,3.992018938064575,23
0.5745749359792172,7.240514514775223,181.1576659807168,2.951749679668655,2.189026214607127,0.6883206367492676,1.949513912200928,2.8055548667907715,3.1137328147888184,3.170238494873047,3.1702980995178223,3.170319080352783,3.1703691482543945,0
0.6212879249760672,11.109884654011395,221.4540294381661,2.1181651002186124,2.1509901041729886,0.5518832206726074,1.4695608615875244,1.9903137683868408,2.080035924911499,2.0792977809906006,2.079517126083374,2.0799014568328857,2.080028295516968,1
0.5968904762162397,27.48788216617957,261.1830434388377,2.112262488211891,2.1381586305082174,0.4142251014709472,0.9589080810546876,1.2452960014343262,1.314129114151001,1.3367092609405518,1.3544039726257324,1.3690993785858154,1.3814001083374023,21
0.3069908182083757,83.9533074798266,165.35668200799924,2.366853640070364,2.0320420502825245,0.4445779323577881,1.0665266513824463,1.384596347808838,1.4572100639343262,1.491036891937256,1.5202317237854004,1.5456666946411133,1.568178415298462,0
0.5235562147346526,19.181048091730027,134.00822979064304,2.735679877183152,2.26530256163695,0.6940834522247314,1.9444873332977293,2.7820894718170166,3.109727144241333,3.209916830062866,3.238497495651245,3.255927801132202,3.272066354751587,23
0.6476812337948523,105.8044810247981,130.3575349120544,2.1390870899828776,2.070152472365911,0.2521519660949707,0.4622547626495361,0.6297500133514404,0.7682590484619141,0.884364128112793,0.9836883544921876,1.0690648555755615,1.1436586380004885,10
0.4668965437573874,6.6371033502774495,171.948519572463,2.204732486886096,2.657679335727745,0.7757835388183594,2.3389291763305664,3.605360507965088,4.132078170776367,4.183249950408936,4.183658599853516,4.183776378631592,4.1836700439453125,23
0.4291627318671979,77.37580639535605,161.98539994592522,2.167840446137655,2.019431260908989,0.3912928104400635,0.8733773231506348,1.131723403930664,1.2423334121704102,1.3123886585235596,1.3675847053527832,1.4125750064849854,1.4500446319580078,21
0.5326302417431485,49.86683439674985,190.96192645059784,2.3138387146975585,2.9564592711594333,0.5391385555267334,1.450920820236206,2.057753562927246,2.2947821617126465,2.381016254425049,2.4373817443847656,2.484157085418701,2.5247058868408203,0
0.3474164281239972,158.35308232548627,154.38465843649146,2.820759720559939,2.169446664272854,0.3230569362640381,0.6224300861358643,0.796656608581543,0.9066359996795654,0.9912822246551514,1.060539960861206,1.1172077655792236,1.1649978160858154,10
0.5904249987665535,175.53806394243438,197.60097987392984,2.7655539404347564,2.1816469082039145,0.1915628910064697,0.2930800914764404,0.3885242938995361,0.4707670211791992,0.5447571277618408,0.6125235557556152,0.6739504337310791,0.7306268215179443,17
0.3043947386694158,47.67211819023676,211.61952894091243,2.726930795129059,2.66728317942162,0.6182284355163574,1.7408530712127686,2.536298513412476,2.77801251411438,2.788849115371704,2.7912538051605225,2.7935540676116943,2.7957355976104736,1
0.3496856266063253,27.2230012610062,135.23700027582623,2.680458640655437,2.1933863858909985,0.7009799480438232,1.9896125793457031,2.8722405433654785,3.1856131553649902,3.250389575958252,3.257848262786865,3.264606475830078,3.271209716796875,23
0.4707792532282715,217.06292047905072,198.17157903827984,2.0058453459239893,2.2533208399870817,0.1654472351074218,0.2399599552154541,0.3117003440856933,0.3749511241912842,0.4319171905517578,0.4844517707824707,0.5320289134979248,0.5769531726837158,3
0.5543467573941705,9.721836354676654,196.23162133272965,2.9381458316184275,2.50443723822386,0.711498498916626,2.0545907020568848,3.039767265319824,3.4252676963806152,3.5028038024902344,3.503349781036377,3.5031967163085938,3.503235340118408,23
0.4914670766655851,10.34114828169607,207.7144448297589,2.346317645333358,2.834984010330221,0.7243707180023193,2.166011333465576,3.300104141235352,3.7699599266052246,3.805521488189697,3.8061890602111816,3.806553840637207,3.806656837463379,23
0.3886658559307693,6.07252046760963,203.7337001561611,2.263314579725521,2.797415834661008,0.7569668292999268,2.294608354568481,3.565417051315308,4.123369216918945,4.160304069519043,4.160275459289551,4.160980224609375,4.160470962524414,23
0.3105656761965775,189.0385605919421,151.57384226370954,2.5157035341373923,2.962332035419484,0.4083213806152344,0.9269368648529052,1.2539799213409424,1.4137747287750244,1.5122036933898926,1.5916008949279783,1.659144401550293,1.717249870300293,20
0.4484067797416643,11.388883075113228,224.66678538366187,2.673060789391481,2.7522098938126067,0.7124471664428711,2.101689338684082,3.188771724700928,3.630569458007813,3.6679983139038086,3.6686019897460938,3.6687512397766113,3.669174671173096,23
0.6211573265342488,35.79779672636692,236.2231589668296,2.495387428223093,2.0268242189081054,0.3819146156311035,0.8356664180755615,1.0873191356658936,1.1906726360321045,1.2472593784332275,1.2896404266357422,1.3230326175689695,1.3501076698303225,21
0.3826679801242204,117.71574452415,251.22736033777505,2.807468385738956,2.7045899155351583,0.3916528224945068,0.845231294631958,1.1144936084747314,1.241038799285889,1.3186497688293457,1.3797316551208496,1.429576396942139,1.4720730781555176,21
0.5665361565153519,73.21300229347898,186.22992305492053,2.703436991037884,2.516787168454972,0.4158313274383545,0.941232681274414,1.28342604637146,1.4711968898773191,1.5920774936676023,1.6877472400665283,1.764420747756958,1.8285439014434808,20
0.5021656300482855,30.91769187317222,236.41007970831907,2.4482690847095903,2.5165036146928768,0.5404651165008545,1.4393110275268557,2.004760265350342,2.154073715209961,2.1679186820983887,2.177085399627685,2.185756206512451,2.1937503814697266,1
0.4095218503689062,58.25619772711989,169.77121380447377,2.118998628313227,2.671496747706985,0.5518474578857422,1.4996414184570312,2.1009976863861084,2.279810667037964,2.3219645023345947,2.353135824203491,2.3810622692108154,2.406543970108032,0
0.5881428666409019,114.75623768105176,174.3851940009481,2.478211493134588,2.7280921940007343,0.3294324874877929,0.6534090042114258,0.8874688148498535,1.0645437240600586,1.2053139209747314,1.3215956687927246,1.420644760131836,1.506067991256714,10
0.3106867552009042,215.7888416195059,174.6639865450187,2.407745812735876,2.800237930605543,0.3276522159576416,0.6322927474975586,0.8137948513031006,0.9339826107025146,1.0253543853759766,1.099356174468994,1.1636912822723389,1.2198848724365234,10
0.4028929296229807,9.123591714614951,110.19157390287968,2.5017000442365767,2.537285429702757,0.8834419250488281,2.686046600341797,4.22658109664917,4.978829383850098,5.110984802246094,5.134737491607666,5.135990619659424,5.136418342590332,23
0.6463835366355365,12.08930649841902,242.7463057370256,2.6523210640802866,2.172069566712837,0.5257115364074707,1.3675756454467771,1.8552546501159668,1.9527668952941888,1.9530959129333496,1.952996730804444,1.952885627746582,1.952803134918213,1
0.4731431334900006,56.23518674895615,197.1692721324248,2.6792353203295374,2.420802181958292,0.4856400489807129,1.2086906433105469,1.649280071258545,1.802921295166016,1.865979671478272,1.9127397537231443,1.9522628784179688,1.9861440658569336,1
0.3452265469790146,32.813469071471495,137.35167541836867,2.946562992697904,2.336081846681945,0.706486701965332,2.0154805183410645,2.937406539916992,3.29005765914917,3.377953052520752,3.3935742378234863,3.402954578399658,3.4122605323791504,23
0.3853971470035016,30.84369785502464,198.7435362223554,2.0234627165473125,2.3542071600845342,0.5758488178253174,1.5852086544036863,2.2023940086364746,2.3148303031921387,2.3156309127807617,2.317150592803955,2.3188910484313965,2.320606231689453,1
0.3193879482751392,31.344858324950867,236.2671472233789,2.6069528479537487,2.32515689942432,0.5721232891082764,1.560837984085083,2.1920759677886963,2.3149077892303467,2.314653158187866,2.3145458698272705,2.3143951892852783,2.314540147781372,1
0.4592220506112693,104.0245151289485,134.5729431565682,2.698154450538621,2.4347219898381685,0.4275770187377929,0.9840087890625,1.3385274410247805,1.5230185985565186,1.6425549983978271,1.735234022140503,1.8139827251434328,1.8808281421661377,20
0.310024473244984,7.637416178608859,164.679044922191,2.751172120994975,2.001562196353503,0.7069704532623291,2.017441749572754,2.9325265884399414,3.220123291015625,3.261585235595703,3.2613587379455566,3.2615966796875,3.261670589447021,0
0.4207933250463979,51.37331087575908,254.9056299826668,2.8091108470278114,2.02455325709386,0.3921246528625488,0.8687949180603027,1.10260009765625,1.1551425457000732,1.180192947387695,1.2014191150665283,1.2193760871887207,1.2348337173461914,21
0.3425674256927615,127.25187707096678,189.45109023093443,2.5742483452695684,2.8916888685553093,0.4587814807891845,1.123572587966919,1.55071759223938,1.7187321186065674,1.7958824634552002,1.8555986881256104,1.905738115310669,1.948888063430786,0
0.6173050348935729,17.253469774163538,108.0280838502958,2.5073030279783017,2.2255578351050302,0.6878299713134766,1.8917274475097656,2.657327651977539,2.9725708961486816,3.091218948364258,3.1459336280822754,3.1860642433166504,3.2213950157165527,23
0.5547406185178856,24.06628141887303,260.22339331793205,2.695022852313455,2.217809022723715,0.4777576923370361,1.1915431022644043,1.5948870182037354,1.675067663192749,1.6800730228424072,1.6855289936065674,1.69061017036438,1.695216417312622,1
0.3410692183465076,67.83884186890208,144.79438942833724,2.484440942517484,2.588686128425359,0.6020708084106445,1.666501522064209,2.37208890914917,2.5969295501708984,2.644598960876465,2.672846794128418,2.6990199089050293,2.7231273651123047,0
0.6298688540623103,27.90898443737341,223.11300146354927,2.2728523998769106,2.5324413143042994,0.5071430206298828,1.3057453632354736,1.7943675518035889,1.9571125507354736,2.006922006607056,2.03948187828064,2.066696882247925,2.090037107467652,1
0.3695327479734119,13.862681185604442,193.88560778276863,2.9075275323808523,2.1873149908940546,0.6659071445465088,1.8855061531066888,2.7199411392211914,2.9774389266967773,3.0013585090637207,3.00206995010376,3.0022964477539062,3.002358913421631,0
0.5643495836489956,20.84192463133942,121.9855948683962,2.0697751075293005,2.895173837496311,0.7268500328063965,2.1639187335968018,3.203500509262085,3.628051042556762,3.7250049114227295,3.753645658493042,3.7750461101531982,3.794755697250366,23
0.5131224977466402,14.582931013906704,208.5066718384204,2.602510648485957,2.850294465925205,0.7064728736877441,2.0776607990264893,3.1262381076812744,3.5529606342315674,3.6060574054718018,3.605793237686157,3.6058757305145264,3.606041669845581,23
0.3507902983755053,44.5227019744403,188.068376676049,2.1521131274332257,2.940189366114891,0.6405978202819824,1.8840458393096924,2.805065393447876,3.1203410625457764,3.136382818222046,3.1404411792755127,3.1448447704315186,3.149232625961304,0
0.5673896445488213,12.436260769055506,153.19400268194855,2.4276839509140697,2.761020518521636,0.7648301124572754,2.275042772293091,3.4280850887298584,3.9286506175994873,4.028081893920898,4.03607177734375,4.038466453552246,4.041595458984375,23
0.3276895179814545,44.32034900075265,259.8958736214152,2.7804265843638034,2.363382033450404,0.5065438747406006,1.311814308166504,1.791006565093994,1.861921787261963,1.8631033897399905,1.8640995025634768,1.86498498916626,1.8659873008728027,1
0.6000643982752395,172.6142229393719,235.18116592245235,2.9184567393748067,2.047279468623388,0.1575362682342529,0.221062421798706,0.2858068943023681,0.3415474891662597,0.3925492763519287,0.4397139549255371,0.4833822250366211,0.5232574939727783,3
0.506572665074413,43.8984883914679,155.56159520784354,2.21117454856738,2.5125465635962394,0.5573573112487793,1.4905829429626465,2.06449556350708,2.259218692779541,2.326287269592285,2.3723721504211426,2.4119911193847656,2.447598934173584,0
0.5845089014482633,76.58301295273618,221.93726202413507,2.491636883447483,2.908996839061812,0.4062609672546386,0.9135065078735352,1.2533776760101318,1.4531431198120115,1.5856165885925293,1.6880998611450195,1.770035743713379,1.8363714218139648,20
0.3086907678084873,121.50463977623234,245.40379146606543,2.5996879645847937,2.0078322752604336,0.2986233234405517,0.5306987762451172,0.6330902576446533,0.6898636817932129,0.7323729991912842,0.7672741413116455,0.7963032722473145,0.8211958408355713,21
0.4598653269997541,61.20673616955676,205.449301347634,2.688139218677509,2.279448074154168,0.4470419883728027,1.068793773651123,1.4305622577667236,1.5575740337371826,1.6172053813934326,1.662919282913208,1.700735330581665,1.733006238937378,1
0.4219382674601334,79.60269466391742,233.0317048235338,2.35016376858735,2.355614351470411,0.3903679847717285,0.862767219543457,1.125969171524048,1.2287471294403076,1.2895777225494385,1.3373825550079346,1.3765056133270264,1.4100048542022705,21
0.4481421067538652,27.780728396877016,166.24625555482368,2.724006435766862,2.5952593113201208,0.6835098266601562,1.953230142593384,2.85862135887146,3.203341245651245,3.276203393936157,3.2877275943756104,3.297393083572388,3.306811571121216,23
0.6443309120735747,19.38594788837044,204.4057217894889,2.3857639519624274,2.322662371559577,0.5506284236907959,1.4507956504821775,1.9959514141082764,2.160351037979126,2.195397138595581,2.2130491733551025,2.228576898574829,2.242365598678589,1
0.49189051961537,11.904566835106529,135.90319556726095,2.8710451711137512,2.390982237254602,0.7841384410858154,2.2845938205718994,3.417327642440796,3.891732454299927,4.032008171081543,4.060102462768555,4.062078475952148,4.064959526062012,23
0.3103604131339576,9.519433112744244,173.87096156764068,2.298901914805722,2.937697332447894,0.8191006183624268,2.5424106121063232,4.067230224609375,4.880781173706055,4.979106903076172,4.978970527648926,4.978825569152832,4.9789228439331055,23
0.6435722951901807,67.19070196783701,222.10802829948125,2.4073753055374394,2.875548826538798,0.3984715938568115,0.8905632495880127,1.2255330085754397,1.4300050735473633,1.5704505443572998,1.6781809329986572,1.7653839588165283,1.837910890579224,20
0.3652155269053229,10.570543437285728,221.0890433770832,2.29470079594082,2.713515051103911,0.7059915065765381,2.097994565963745,3.189239740371704,3.599007368087769,3.608930826187134,3.6085317134857178,3.608383893966675,3.607812643051148,23
0.5047468681867275,168.31216165226243,147.18450651181405,2.2181410922497267,2.801366054108029,0.2869484424591064,0.534848690032959,0.7212021350860596,0.8725581169128418,0.9985311031341552,1.105992555618286,1.199289083480835,1.2809102535247805,10
0.6398590062084231,95.02437829625369,228.8552655007701,2.398637335005252,2.358761504893772,0.2679224014282226,0.4807515144348144,0.6382253170013428,0.7640619277954102,0.8675599098205566,0.9549179077148438,1.0290510654449463,1.092771291732788,17
0.5450009759490322,119.94025198029918,217.48227909397232,2.076227076058188,2.566859368191555,0.2773211002349853,0.5111653804779053,0.6789882183074951,0.8101534843444824,0.916269302368164,1.0049867630004885,1.080341339111328,1.144773244857788,10
0.5994856097665198,8.699372733809307,189.2829669548981,2.177009339970701,2.8975835121508804,0.7291901111602783,2.1925365924835205,3.33716368675232,3.805030584335327,3.849297761917114,3.849893808364868,3.850041627883911,3.850067853927612,23
0.5997358132136131,71.45895151839446,155.86362892095093,2.4528611845067294,2.570458888341416,0.4239449501037597,0.9729642868041992,1.335655689239502,1.5440177917480469,1.682654857635498,1.7929906845092771,1.8811030387878416,1.9544281959533687,20
0.4936451473799722,20.95800937608843,221.63030510143045,2.863897553501169,2.26651982501805,0.5736498832702637,1.547684907913208,2.157217264175415,2.318190336227417,2.327454328536988,2.3293068408966064,2.3310024738311768,2.3325679302215576,1
0.5864139929704709,15.751018087371133,251.809589332349,2.1294412966911693,2.600555608284142,0.5632915496826172,1.5487000942230225,2.183420419692993,2.3283021450042725,2.327996015548706,2.327460527420044,2.32728123664856,2.327430963516236,1
0.4476966552444261,80.76124636615272,255.4437881658655,2.373188774928181,2.461522841525527,0.3788001537322998,0.820946455001831,1.0746917724609375,1.1854937076568604,1.2535057067871094,1.3060777187347412,1.3491594791412354,1.3850646018981934,21
0.5537725281798905,198.6195993063958,171.3387846313321,2.584968493675284,2.8197533140193003,0.2490897178649902,0.4193854331970215,0.5629334449768066,0.6883389949798584,0.7984490394592285,0.8972327709197998,0.9853010177612304,1.0648798942565918,17
0.5308617584476414,121.26440819598469,203.2714687107619,2.4052807022797764,2.864645767754145,0.336867094039917,0.676673412322998,0.9107844829559326,1.079176425933838,1.2086801528930664,1.3145017623901367,1.4028027057647705,1.477808713912964,10
0.6053731826246508,88.29361346617587,238.58028650236503,2.075289702850894,2.3107378399291467,0.2716851234436035,0.4943764209747314,0.651695966720581,0.771925687789917,0.8670814037322998,0.945249080657959,1.0111684799194336,1.0679845809936523,10
0.5924116802579948,219.4130490679978,112.49354698292704,2.6226320247902777,2.7111534416129834,0.2298560142517089,0.3828158378601074,0.5226104259490967,0.6479408740997314,0.7602815628051758,0.8624153137207031,0.9555697441101074,1.04070782661438,16
0.361116434506383,94.10751940105796,122.50389021267762,2.345681281548464,2.387584958393717,0.5041201114654541,1.2838034629821775,1.7492427825927734,1.904250144958496,1.977527141571045,2.036329746246338,2.087034225463867,2.131601333618164,0
0.4415558952507464,64.70910851343764,153.80004315280297,2.0201716052958743,2.5153278833882853,0.5034606456756592,1.307257890701294,1.782099723815918,1.93945860862732,2.005999088287353,2.057935237884521,2.102876663208008,2.14168119430542,0
0.5605003151696208,20.161442757508446,169.32557378243882,2.701176787558838,2.954572639407965,0.7239913940429688,2.12943959236145,3.191784143447876,3.6524875164031982,3.77570366859436,3.799259901046753,3.810404539108277,3.821795701980591,23
0.337909576375984,164.74942995796414,250.3643186142842,2.2971724723722216,2.992737323467132,0.340425968170166,0.6891794204711914,0.8949229717254639,1.0120303630828855,1.0953896045684814,1.1631784439086914,1.2206227779388428,1.2696454524993896,21
0.628706164988851,37.25001255839676,226.8220580475608,2.906124747733683,2.89932175529144,0.5372908115386963,1.3944692611694336,1.9822773933410645,2.238302230834961,2.341731548309326,2.4034008979797363,2.4524803161621094,2.4940905570983887,1
0.3543361840208958,52.09216137731952,199.9470972944873,2.319731516519129,2.619120796598113,0.5704672336578369,1.5683262348175049,2.2155728340148926,2.38346004486084,2.3954811096191406,2.4053759574890137,2.414907932281494,2.423981189727783,1
0.5595292675646133,7.879157090071629,173.493619418439,2.41342194205798,2.915152488208715,0.7890193462371826,2.395359754562378,3.710099935531616,4.322978973388672,4.428275108337402,4.429186820983887,4.429248809814453,4.429159164428711,23
0.4442222446948631,110.65095133637644,159.31721372740296,2.321545742708076,2.256408308594585,0.3584256172180176,0.7525973320007324,0.9936158657073976,1.1348307132720947,1.2337100505828855,1.3107030391693115,1.3766443729400637,1.4328670501708984,10
0.5370707721231908,9.051642764834476,260.47159155818304,2.4650135101717403,2.283060869778612,0.5694046020507812,1.5486845970153809,2.157928466796875,2.2569055557250977,2.2567367553710938,2.256305694580078,2.2572579383850098,2.257874011993408,1
0.4260082781033547,72.1804620303977,179.28508665706238,2.9364376135473496,2.156558872260741,0.4363725185394287,1.0249922275543213,1.363591194152832,1.492222785949707,1.5604052543640137,1.6142125129699707,1.6590332984924316,1.697254657745361,0
0.6186622069121213,89.25452875058997,113.67319121510984,2.8049628770422697,2.12860506016586,0.3405935764312744,0.7004122734069824,0.9584267139434814,1.1453464031219482,1.2888407707214355,1.4039421081542969,1.500422477722168,1.584493637084961,10
0.5755505787801252,62.373686853737645,121.51988817702096,2.739681651558927,2.615483796212231,0.508432149887085,1.2676444053649902,1.7647969722747805,2.0141494274139404,2.162259340286255,2.271472215652466,2.363783597946167,2.4423577785491943,20
0.5500505498138772,21.500792432778788,119.61322235426904,2.3670941140365134,2.180453360208648,0.6519975662231445,1.778454303741455,2.471654891967773,2.721655368804932,2.803438663482666,2.842782020568848,2.874595642089844,2.9028120040893555,0
0.6448713353922011,7.641018926979682,225.21517827892987,2.200768609155067,2.495763130128956,0.6287140846252441,1.7765657901763916,2.541358470916748,2.7440261840820312,2.74531364440918,2.744518280029297,2.7443394660949707,2.7446603775024414,1
0.3653201802739156,87.90393327594236,184.35953969589528,2.47336314798998,2.2601094125668,0.4381885528564453,1.0373287200927734,1.3746917247772217,1.4845502376556396,1.5403995513916016,1.5855484008789062,1.623645305633545,1.6569137573242188,0
0.3669089288726411,49.58816989251084,129.34256805859735,2.638488783117557,2.249123823807693,0.6207535266876221,1.704944133758545,2.3929147720336914,2.6207871437072754,2.6807589530944824,2.710773468017578,2.7372303009033203,2.761370658874512,0
0.3839983173754073,43.28755759102047,197.093772632163,2.4998098401696143,2.9518403671941527,0.6468830108642578,1.8756394386291504,2.788541316986084,3.12532901763916,3.163008689880371,3.1690073013305664,3.1758198738098145,3.1824398040771484,1
0.4467993539607968,44.20873466082984,223.58103354564025,2.868731025430688,2.562884997459296,0.5499224662780762,1.4615366458892822,2.057515859603882,2.2426083087921143,2.275874853134156,2.2945821285247803,2.311912775039673,2.32795786857605,1
0.4311152746577606,8.202806377225805,225.51697201813548,2.156062057658343,2.364489247317383,0.6374709606170654,1.8136553764343264,2.6134016513824463,2.7920477390289307,2.7908084392547607,2.790639638900757,2.79179310798645,2.791321992874145,1
0.5839171584283536,19.67801350100847,150.61518410227012,2.086072818249667,2.6614820420031235,0.665825605392456,1.9086253643035889,2.740760087966919,3.035046339035034,3.091974973678589,3.111408472061157,3.128915548324585,3.145072221755981,0
0.3713117316363467,25.7095391388536,239.76505333427068,2.8361965399883897,2.33840694037608,0.5770812034606934,1.5785419940948486,2.2204864025115967,2.3613288402557373,2.3622000217437744,2.3624842166900635,2.3624966144561768,2.3625433444976807,1
0.4939303859428141,217.2221876607397,137.5921990262779,2.784011071970695,2.6637460357870024,0.2575421333312988,0.4355397224426269,0.5790078639984131,0.704120397567749,0.8131415843963623,0.9098145961761476,0.996263027191162,1.0738422870635986,17
0.4027630547308066,8.352188640322812,173.1962791883931,2.0516142086219684,2.4181738161159685,0.7260046005249023,2.14004135131836,3.200183391571045,3.543210506439209,3.5519232749938965,3.551751136779785,3.5516042709350586,3.551860809326172,23
0.4313212263968358,19.499700123961333,206.2397119950301,2.5211645978944954,2.798669695882401,0.6930668354034424,2.033224582672119,3.046108722686768,3.431290626525879,3.4639768600463867,3.464512825012207,3.46488618850708,3.464967727661133,23
0.5700689499696321,129.90621726624042,263.1107331904656,2.492360217160087,2.349347458984034,0.2241885662078857,0.3535339832305908,0.4567232131958008,0.5435981750488281,0.6185052394866943,0.6846680641174316,0.7430620193481445,0.7946689128875732,17
0.3058228252685244,39.95321816658972,122.14225311701968,2.5246470330445043,2.541140190320632,0.7395186424255371,2.1642565727233887,3.2167835235595703,3.6256747245788574,3.7083020210266113,3.7185373306274414,3.72653865814209,3.734374046325684,23
0.405204657750556,100.77220241685768,101.287369565794,2.481019245298408,2.438392394250662,0.4914546012878418,1.2286007404327393,1.678929328918457,1.871692180633545,1.9781312942504885,2.060544013977051,2.127371311187744,2.187067985534668,20
0.381308853720573,6.412649471641028,152.75299360943086,2.2803510526183604,2.4301492559476303,0.7911067008972168,2.3616511821746826,3.6291754245758057,4.12565803527832,4.182253837585449,4.182144165039063,4.182157516479492,4.182155609130859,23
0.447391128633134,131.14217397269712,259.05187500990496,2.8018331495638105,2.219518342429017,0.2582216262817383,0.4202563762664795,0.5218868255615234,0.6026036739349365,0.6692771911621094,0.7266478538513184,0.7757272720336914,0.818903923034668,17
0.6411589414604172,130.26159136502864,144.05191878890145,2.28308496831768,2.0615956256820813,0.2155330181121826,0.369577407836914,0.5025119781494141,0.6165299415588379,0.7158374786376953,0.8035786151885986,0.881756067276001,0.9517438411712646,17
0.6106917453704929,35.72753932456479,201.34982988541884,2.338178414047298,2.0761098722511555,0.4286501407623291,1.0000278949737549,1.321986436843872,1.4473488330841064,1.5125420093536377,1.561220645904541,1.599806308746338,1.6317400932312012,1
0.5397352965324194,26.30269848295412,138.92161681317916,2.815834535023384,2.541984062212333,0.6787393093109131,1.909179449081421,2.745365858078003,3.0868494510650635,3.1995198726654053,3.2475764751434326,3.280181646347046,3.3090336322784424,23
0.4405915671769892,61.28294892738927,228.9663589277094,2.956254468539352,2.1612096040148536,0.4125533103942871,0.9421546459197998,1.2336206436157229,1.329540729522705,1.3772249221801758,1.4157133102416992,1.44775390625,1.4749178886413574,21
0.5313143208522868,21.432120365206604,121.22752306015624,2.886829247931847,2.6233298555588305,0.7620744705200195,2.2129106521606445,3.274507522583008,3.7486376762390137,3.911801815032959,3.966684341430664,3.993116855621338,4.014394283294678,23
0.6370080358325645,179.77963076120477,143.73009999949184,2.203367065640285,2.6919430144490457,0.2167067527770996,0.3674561977386474,0.5059385299682617,0.6281063556671143,0.7374341487884521,0.8368179798126221,0.9267642498016356,1.0082685947418213,17
0.3235815980731406,65.21791669860833,189.64594079224747,2.191817543399541,2.7450890907783205,0.5672805309295654,1.5743486881256104,2.2424001693725586,2.4182004928588867,2.4325523376464844,2.445157051086426,2.457108497619629,2.468372344970703,0
0.5319052751010414,28.412844467735173,188.4807733574673,2.5780713583211408,2.9844285683744687,0.6567580699920654,1.893799066543579,2.7869951725006104,3.1412336826324463,3.219578981399536,3.23941969871521,3.2562687397003174,3.271982431411743,23
0.4790286764144976,123.59104562320402,149.4932026535329,2.4774513330539927,2.6689779378799763,0.377678632736206,0.8104288578033447,1.0960404872894287,1.277745246887207,1.4105310440063477,1.5154697895050049,1.6010103225708008,1.6751136779785156,10
0.5790397270547084,61.60527169809199,144.68530350950238,2.616767404443546,2.317036353297416,0.4469828605651855,1.0502195358276367,1.4336755275726318,1.6321375370025637,1.7592613697052002,1.854707956314087,1.9316303730010984,1.997391939163208,20
0.5382416753885612,8.666958873034801,208.2168951677323,2.208811628198557,2.12828304693241,0.6110002994537354,1.6877171993255615,2.348548889160156,2.484161853790283,2.48300838470459,2.4829463958740234,2.483591079711914,2.4835925102233887,1
0.4041036013483639,107.68074598030394,123.25827457831984,2.2929262623023745,2.880351369542369,0.495837926864624,1.2785098552703855,1.7846367359161377,1.9980146884918213,2.1058671474456787,2.1874239444732666,2.2551305294036865,2.311877489089966,20
0.3553713348295378,33.82880199918145,255.24118106765275,2.5594738531586545,2.05121443513466,0.4620914459228515,1.1391472816467283,1.4785287380218506,1.499934434890747,1.5005524158477783,1.5011684894561768,1.5015647411346436,1.5019590854644775,1
0.3906074552087444,33.63212324983911,226.3680265986043,2.439573748736473,2.616329208305297,0.5918359756469727,1.6476597785949707,2.358678340911865,2.5446152687072754,2.548634052276612,2.549967288970948,2.5514883995056152,2.553051948547364,1
0.5366792585225744,59.10315488720737,150.03651764011045,2.8588397975250013,2.654191765165265,0.5315296649932861,1.363745927810669,1.9117710590362549,2.157021760940552,2.282470464706421,2.3723366260528564,2.445486307144165,2.506169080734253,20
0.4678143976396045,13.70350748323963,193.77308417816624,2.5663627464548324,2.6344490832648817,0.7173335552215576,2.1043121814727783,3.1495959758758545,3.556917905807495,3.606028318405152,3.605886220932007,3.6060311794281006,3.606132745742798,23
0.449110793771002,13.10619640387706,122.0261695591299,2.961948991209317,2.5530589853341445,0.8368215560913086,2.484429359436035,3.793630599975586,4.388908863067627,4.564192771911621,4.611270904541016,4.618015766143799,4.620530605316162,23
0.4905980365713914,6.097501224667526,235.00667620364376,2.583370231789286,2.5694267631180665,0.6890966892242432,2.0144402980804443,3.0104401111602783,3.355989694595337,3.369168996810913,3.368964910507202,3.3692972660064697,3.368687868118286,23
0.5173491785701309,7.508959023322939,123.49706173450664,2.4082418319552503,2.5299826268072865,0.839890718460083,2.519613981246948,3.882636308670044,4.478828430175781,4.600677490234375,4.616083145141602,4.61629581451416,4.616725921630859,23
0.3849570123934062,201.44939036571148,128.6317372691308,2.634413749760993,2.0039928243120486,0.235595703125,0.3829734325408935,0.4923081398010254,0.5836081504821777,0.6612608432769775,0.7299208641052246,0.7898483276367188,0.8432352542877197,17
0.5876528468752801,27.251295949088107,245.42935930306547,2.042591122547568,2.2631686742364256,0.452951431274414,1.1075315475463867,1.4669034481048584,1.5514826774597168,1.5730187892913818,1.5904996395111084,1.605259895324707,1.617802381515503,1
0.6321500172877794,7.665129088329559,109.31014740699676,2.138979522169528,2.6372826435247414,0.8287384510040283,2.49068570137024,3.7761428356170654,4.328954696655273,4.460005760192871,4.481941223144531,4.486376762390137,4.491369247436523,23
0.6274264295238751,10.932602903941488,119.8161276079694,2.9391309241682446,2.716503516937776,0.825697660446167,2.435123920440674,3.668919086456299,4.251491546630859,4.458736896514893,4.5398054122924805,4.566965579986572,4.580357074737549,23
0.5277707007301295,72.65932491401453,197.98435415553428,2.452419594056685,2.630873448548064,0.4346740245819092,1.0216619968414309,1.3948941230773926,1.5742220878601074,1.6803531646728516,1.7619037628173828,1.8285918235778809,1.8846111297607424,20
0.4401869947093686,193.90061136387808,125.3178945036462,2.397505782271113,2.929464077736457,0.3219430446624756,0.6276030540466309,0.8437681198120117,1.0094983577728271,1.1426849365234375,1.25472092628479,1.350205659866333,1.43204927444458,10
0.5896184091676486,17.98922068612873,132.41023114635004,2.5897779426702736,2.413763070335333,0.6947007179260254,1.9539234638214111,2.791656732559204,3.123540163040161,3.2319509983062744,3.2707207202911377,3.29602313041687,3.3188040256500244,23
0.3725316335648642,127.8347695104114,178.3980618043796,2.6021154006663965,2.121710751496075,0.3362901210784912,0.6680004596710205,0.8565316200256348,0.9654710292816162,1.0461440086364746,1.1098856925964355,1.1619932651519775,1.2057032585144043,21
0.4481966157430518,199.83058751781115,241.6026866675801,2.8212119428798017,2.099583953062069,0.176649808883667,0.2375693321228027,0.2961251735687256,0.344602108001709,0.3889191150665283,0.4293637275695801,0.4661555290222168,0.5009095668792725,3
0.3463338180100399,12.657635836857107,160.8256092826075,2.591205779682091,2.648865920333463,0.8033671379089355,2.4156606197357178,3.7462174892425537,4.348684310913086,4.448672294616699,4.451218605041504,4.451233863830566,4.45113468170166,23
0.6492302397853906,17.651029574284664,118.62839123565888,2.0672192897259336,2.572191067349496,0.685802698135376,1.9451520442962649,2.769812822341919,3.085441827774048,3.1843669414520264,3.228614091873169,3.2629587650299072,3.2933218479156494,23
0.649676866623353,7.911280950100506,188.1124812186089,2.445576115140734,2.100296076514902,0.6168839931488037,1.683464527130127,2.332155227661133,2.511943817138672,2.5231285095214844,2.523383140563965,2.5233097076416016,2.5233168601989746,0
0.5869263630725433,24.18406942610424,124.04653704406022,2.534436252724666,2.722909395111901,0.7022652626037598,2.0081944465637207,2.913534641265869,3.295273303985596,3.427188873291016,3.484388828277588,3.523977279663086,3.5580759048461914,23
0.4615668476754904,169.78587438810374,189.5260339452521,2.045290123343783,2.030489015883235,0.1855428218841552,0.2816779613494873,0.363807201385498,0.4340648651123047,0.4958040714263916,0.5508484840393066,0.6002614498138428,0.6443891525268555,3
0.6133163009030536,45.80094395797831,174.461725653504,2.9810930458629388,2.5012206320030668,0.5034809112548828,1.253498077392578,1.7438206672668457,1.9768600463867188,2.09855318069458,2.184323787689209,2.2563962936401367,2.3173069953918457,20
0.4903506180356567,38.76646831073371,182.4956232072577,2.1625013604867336,2.685445692754523,0.5772879123687744,1.5970971584320068,2.257803678512573,2.467949151992798,2.511949300765991,2.539315938949585,2.564253568649292,2.5868523120880127,0
0.4455541939699554,51.3245784434383,127.66803404918238,2.6904454320488624,2.161923687105036,0.5477924346923828,1.4253933429718018,1.943033456802368,2.129089117050171,2.2058756351470947,2.258174657821656,2.30542540550232,2.347419023513794,0
0.4125766304607852,10.285139198650516,151.42304433275586,2.991235613168315,2.4087997776662373,0.7899312973022461,2.3217248916625977,3.521647930145264,4.026686191558838,4.153952121734619,4.17134952545166,4.171674728393555,4.171771049499512,23
0.3728905972272276,183.69400235248136,109.42884062873286,2.506908651795208,2.207877331660691,0.3052563667297363,0.5750710964202881,0.7514040470123291,0.8798375129699707,0.9806368350982666,1.0615816116333008,1.132455348968506,1.1939315795898438,10
0.5640369560160117,50.66807076023794,165.10445450977778,2.7214927902196835,2.9233116231855694,0.561182975769043,1.4888064861297607,2.1201202869415283,2.398532152175904,2.5255253314971924,2.608040571212769,2.674973726272583,2.731279134750366,0
0.5736763786131177,148.40491136880854,214.46285920779653,2.0734185001725147,2.681743251422112,0.2319047451019287,0.3941259384155273,0.5278370380401611,0.6416783332824707,0.7397563457489014,0.8260071277618408,0.9023644924163818,0.96960186958313,17
0.3730456617862175,21.797673552741205,202.51265875291853,2.3366715212052043,2.6270392135188425,0.6774959564208984,1.9784789085388184,2.936563491821289,3.2560863494873047,3.267718315124512,3.267881393432617,3.2676773071289062,3.267612934112549,1
0.3820828742022421,13.511719844370877,145.3774050929835,2.017982817442974,2.016304073071032,0.6794567108154297,1.9184374809265137,2.7115302085876465,2.91433334350586,2.9206643104553223,2.920572757720948,2.92069149017334,2.920872688293457,0
0.5088317925280946,10.15271413070016,134.2076969489444,2.1245717835283604,2.523552931130805,0.7831540107727051,2.331315755844116,3.5177552700042725,3.977252244949341,4.051977157592773,4.0536956787109375,4.054169654846191,4.055370330810547,23
0.4652635850642326,18.081876306841966,101.40779568903368,2.5396828493091688,2.6622208189221164,0.8335895538330078,2.4885377883911133,3.789309024810791,4.373602390289307,4.530001163482666,4.573357582092285,4.586772441864014,4.597037315368652,23
0.4726305235389071,123.19899357898814,128.685675088424,2.8913105205879424,2.110238299162872,0.3228371143341064,0.639268159866333,0.8514211177825928,0.999077558517456,1.1111388206481934,1.2012872695922852,1.2761926651000977,1.342585563659668,10
0.4223149522590894,32.21297302111886,206.62049170448427,2.162265732934295,2.32365011696928,0.5550751686096191,1.496725082397461,2.0630199909210205,2.1783454418182373,2.1826837062835693,2.1874287128448486,2.1920340061187744,2.196387529373169,1
0.3308975937320355,15.5817495485715,124.42362847302272,2.7538620719424505,2.7454925551831617,0.8724000453948975,2.6568522453308105,4.20079231262207,4.982490062713623,5.146482467651367,5.175248622894287,5.176745891571045,5.177270889282227,7
0.5927180746709362,27.44527811775631,226.770060600928,2.3698176117751144,2.884750647395186,0.5718402862548828,1.5779695510864258,2.259138584136963,2.500309467315674,2.547060966491699,2.5669760704040527,2.5849804878234863,2.6013388633728027,1
0.6292932563197573,38.52592906192296,139.5241339232287,2.1477778960686145,2.5421839929332632,0.5259218215942383,1.3538639545440674,1.8592793941497805,2.0743439197540283,2.1889688968658447,2.2722008228302,2.340084791183472,2.396221399307251,0
0.6280562000035607,8.312667284683204,245.1276350931118,2.546367662204667,2.650051855327712,0.6449081897735596,1.8418927192687988,2.696851253509521,2.970038414001465,2.978243827819824,2.978555202484131,2.978494167327881,2.9783530235290527,1
0.3399454427720434,20.59066899761005,264.6970436824406,2.9713357737343897,2.75834387296062,0.6529872417449951,1.8792939186096191,2.8121562004089355,3.1366167068481445,3.146892547607422,3.146646976470948,3.1468701362609863,3.1474733352661133,1
0.3132058787688851,12.097395656788397,124.51703469586433,2.929994373658188,2.405878298495141,0.8490176200866699,2.5379080772399902,3.9489169120788574,4.586936950683594,4.718722820281982,4.753832340240479,4.755157947540283,4.75540828704834,23
0.380829766506917,31.017619455937737,142.11938281418617,2.3444929640585404,2.881324846158353,0.7509770393371582,2.2566370964050293,3.43819522857666,3.953803539276123,4.038680553436279,4.04592227935791,4.051396369934082,4.056931972503662,23
0.4034578547931339,10.377924667929587,240.4646669592334,2.3771303176409257,2.3653105387473112,0.6194109916687012,1.7458784580230713,2.502340078353882,2.66402554512024,2.662842035293579,2.662099123001098,2.662498712539673,2.6634714603424072,1
0.5409676098639042,109.17961119236888,242.9619238340914,2.6388371963362363,2.361726356508334,0.2818078994750976,0.5022673606872559,0.6502964496612549,0.7641594409942627,0.8568243980407715,0.9337778091430664,0.998305320739746,1.052152395248413,10
0.600309026033087,8.169736494850586,172.00610086341612,2.4477346585724606,2.3192964844798625,0.7021665573120117,2.0058488845825195,2.910367965698242,3.226109027862549,3.270144462585449,3.2700061798095703,3.27024793624878,3.2702383995056152,0
0.5295076525227242,11.330551753789855,186.8801454328533,2.379120556919129,2.7860200537862148,0.7338302135467529,2.181478261947632,3.295700788497925,3.754475355148315,3.811329126358032,3.8110039234161377,3.8111627101898193,3.811253786087036,23
0.5388962434381045,59.19126079331888,153.29316496189767,2.0069593936022803,2.6938447872215736,0.4845490455627441,1.2362749576568604,1.7012131214141846,1.898264646530152,2.004206657409668,2.0838961601257324,2.1472883224487305,2.200668334960937,0
0.583136231012519,12.553991399958637,193.0734610278475,2.128865125538778,2.7067950429135545,0.6756198406219482,1.970546007156372,2.896050214767456,3.2134382724761963,3.234579801559448,3.235470533370972,3.235392808914185,3.235434293746948,0
0.5807220608069936,100.00230335881452,160.31556217933692,2.399307694330872,2.460171583901356,0.3386824131011963,0.6880135536193848,0.9313061237335204,1.1052579879760742,1.238339900970459,1.3461074829101562,1.434866428375244,1.509697198867798,10
0.341508416459304,6.737256380314524,226.9889072333034,2.782924184020344,2.84045408081764,0.7596659660339355,2.284487247467041,3.5537095069885254,4.144465923309326,4.218116283416748,4.218698978424072,4.218079566955566,4.218265056610107,23
0.5370525505148434,24.71689525206238,220.23469477782515,2.39634493741456,2.4062794609590896,0.5519289970397949,1.4746346473693848,2.0424277782440186,2.1896002292633057,2.203082323074341,2.2105071544647217,2.217602491378784,2.224207639694214,1
0.5078511527290588,34.37616335534012,100.86785871838138,2.343477839213425,2.534591435061156,0.6793429851531982,1.9127745628356927,2.722973346710205,3.0418448448181152,3.150411605834961,3.2095041275024414,3.257018566131592,3.2986297607421875,23
0.6462666154150243,17.22717396301739,108.89477569050604,2.838916952402724,2.5458637279367644,0.7350735664367676,2.081583261489868,3.0030925273895264,3.4199559688568115,3.5956857204437256,3.6810944080352783,3.731656789779663,3.771372079849243,23
0.5525517400476446,132.53879820996715,235.60281263194352,2.709707763550909,2.144027670602608,0.2219026088714599,0.3507547378540039,0.4526307582855224,0.5378737449645996,0.6110332012176514,0.6756296157836914,0.7321968078613281,0.782825231552124,17
0.640477272248739,144.31661911662624,251.01042518316723,2.3835134514005487,2.688983647252346,0.2260596752166748,0.3699676990509033,0.4936022758483886,0.6008870601654053,0.6953418254852295,0.7795505523681641,0.8553147315979004,0.9231572151184082,17
0.5290904994201606,153.84908252490433,230.95726150225985,2.512256339677068,2.67033823907839,0.2619884014129638,0.4473412036895752,0.5858259201049805,0.701772928237915,0.8000524044036865,0.8854820728302002,0.9605731964111328,1.0269100666046145,17
0.4311533840541888,7.123578029812472,206.06424364501368,2.4111710251804688,2.2024711453761188,0.6599013805389404,1.87435269355774,2.6991283893585205,2.9151127338409424,2.917242765426636,2.916969060897827,2.916628122329712,2.917156457901001,1
0.4243564327836998,18.888508437651943,102.95962212266905,2.108050446112036,2.450894481605745,0.7904655933380127,2.3418667316436768,3.5070412158966064,3.950573205947876,4.035831451416016,4.047908782958984,4.055249214172363,4.062451362609863,23
0.3587458991512608,32.14377660766189,201.6408811692533,2.267253112624801,2.2112977701054324,0.5672063827514648,1.5364704132080078,2.114635705947876,2.2216832637786865,2.222925901412964,2.2244107723236084,2.226031541824341,2.22759747505188,1
0.5045530147609721,45.21955036988976,119.89975959858188,2.916657339718953,2.7128271392639927,0.6506226062774658,1.81228256225586,2.607828140258789,2.949424266815185,3.0850982666015625,3.1625285148620605,3.222939968109131,3.2748193740844727,23
0.3041723148715995,28.39210290604044,113.01363575702987,2.7353416876056555,2.5367555749381387,0.8118152618408203,2.4127113819122314,3.681903600692749,4.237404823303223,4.371136665344238,4.393938064575195,4.397826194763184,4.401803016662598,23
0.4426631099148008,14.96718536420688,225.95080287119217,2.1738759497142626,2.7090210019945986,0.6551191806793213,1.914505243301392,2.8360421657562256,3.122808694839477,3.12402606010437,3.123611688613892,3.1232612133026123,3.123248338699341,1
0.3966430857644036,20.1179816021836,140.3495575516155,2.7562110687750985,2.5635829213200734,0.7826671600341797,2.31152868270874,3.4993391036987305,4.016017913818359,4.1368818283081055,4.153418064117432,4.155587673187256,4.15847110748291,23
0.3112534901690565,6.517528589693354,246.9319790438049,2.1210760401776847,2.9704970513519853,0.7069122791290283,2.1544907093048096,3.354553937911988,3.87101674079895,3.877610445022583,3.8776800632476807,3.877210855484009,3.876821279525757,23
0.3028955610411158,67.60267481601223,222.7226083067044,2.1809595361803646,2.915721827531353,0.5509603023529053,1.540397882461548,2.2188541889190674,2.39813494682312,2.402170419692993,2.407697916030884,2.413348913192749,2.418885469436645,1
0.5143071624954814,176.93261807118014,166.40910161339357,2.675659535402658,2.0917907856050846,0.204233169555664,0.3205199241638183,0.4216625690460205,0.5086202621459961,0.585486650466919,0.6539490222930908,0.7164716720581055,0.7725009918212891,17
0.3629291522676268,123.77975915454716,121.68217957087322,2.130769992009683,2.0855116096809296,0.3694331645965576,0.7963604927062988,1.0349814891815186,1.1532905101776123,1.2376160621643066,1.3041117191314695,1.3590247631072998,1.4053573608398438,21
0.3130397625525682,20.626647896746498,126.4737997072342,2.871928511569896,2.8727519817399605,0.8713085651397705,2.659179449081421,4.214385986328125,5.030461311340332,5.217437744140625,5.248823165893555,5.2508544921875,5.251711845397949,7
0.5559452091217366,10.805670173185316,133.69133714872416,2.7351847673642187,2.448180214154449,0.7844855785369873,2.2883756160736084,3.40971302986145,3.888572931289673,4.026165008544922,4.054642677307129,4.058233261108398,4.062526702880859,23
0.4259063779351412,9.30156441828021,102.37284530531004,2.376340165707276,2.2231356092253662,0.8350555896759033,2.4691760540008545,3.743279218673706,4.247532844543457,4.354869842529297,4.375127792358398,4.376741409301758,4.378667831420898,23
0.379553847920195,31.69803371349149,193.04597157997725,2.425733688759187,2.620452828646341,0.6437501907348633,1.836841821670532,2.669786214828491,2.926215887069702,2.940558671951294,2.9428727626800537,2.94539475440979,2.9478700160980225,0
0.5990148981982388,13.832173203863157,170.85584276560172,2.1497035687197377,2.2041661547368903,0.6196067333221436,1.6954588890075684,2.352501630783081,2.5334560871124268,2.5518953800201416,2.557190179824829,2.5627682209014893,2.567969560623169,0
0.3096431673982751,161.99074689748994,189.7034813030517,2.348861947905208,2.1162171629134905,0.2856013774871826,0.5019659996032715,0.6180343627929688,0.6969935894012451,0.7573554515838623,0.807915449142456,0.850731611251831,0.8885636329650879,21
0.3477953287488245,10.057439639283084,234.4552884360729,2.422013597559147,2.158586109368985,0.600172758102417,1.6595189571380615,2.3268463611602783,2.4344046115875244,2.4341790676116943,2.434168577194214,2.435384511947632,2.4351656436920166,1
0.3948845682698639,145.30460421145668,252.91596965718904,2.5130986043174315,2.5105405659094133,0.3033044338226318,0.550055742263794,0.693350076675415,0.792940616607666,0.8721187114715576,0.9370777606964112,0.9918098449707032,1.038102626800537,10
0.6413363526584347,12.308406417226038,101.869944917076,2.5162393151884523,2.94613624945939,0.839078426361084,2.528460502624512,3.849468231201172,4.476694107055664,4.687591552734375,4.754050731658936,4.781474113464356,4.799502372741699,23
0.4465153383727979,68.88182390376338,190.26270760353083,2.0459344511579367,2.0803197147299275,0.3847880363464355,0.8546743392944336,1.1024250984191897,1.2021970748901367,1.2648513317108154,1.313467025756836,1.353726148605347,1.3877017498016355,21
0.4151802048184733,29.45300053231804,184.0294451850372,2.497818185776937,2.7042751308764577,0.6739544868469238,1.9491066932678225,2.877267837524414,3.213730335235596,3.2551841735839844,3.2582454681396484,3.262322902679444,3.2663941383361816,23
0.3828812072725358,29.75538730368209,119.00570890846264,2.204480912657952,2.977565004581919,0.7832112312316895,2.393984317779541,3.685675621032715,4.275435447692871,4.381754398345947,4.393558025360107,4.400447845458984,4.407276153564453,23
0.3886809764745051,121.10672320111792,181.3906365513488,2.7324971282639905,2.1396226851844045,0.3406908512115478,0.6824278831481934,0.8789472579956055,0.9924712181091307,1.0753796100616455,1.139875888824463,1.1922619342803955,1.2364263534545898,21
0.4562044540565512,27.050051016634043,153.0488571141331,2.96703733865018,2.921498729583136,0.7544116973876953,2.2284493446350098,3.371382236480713,3.893790245056152,4.037667274475098,4.0689239501953125,4.080002784729004,4.09090518951416,23
0.440790912215923,135.17242082647837,105.66116581129056,2.444546452060706,2.374216414984261,0.3756275177001953,0.8048233985900879,1.0828053951263428,1.254819393157959,1.3786141872406006,1.4793882369995115,1.5631976127624512,1.6336798667907717,10
0.6221402445797197,16.08888365826863,261.9482264343661,2.2846061237385817,2.7495786030772607,0.5715310573577881,1.582331895828247,2.266831159591675,2.457727193832397,2.461390733718872,2.4616920948028564,2.4616167545318604,2.4615724086761475,1
0.3716692115749104,99.69352944311004,262.5609672519625,2.56829416999586,2.715154048968337,0.4130830764770508,0.9433379173278807,1.2573909759521484,1.370997428894043,1.428556203842163,1.4750511646270752,1.5143287181854248,1.5479815006256104,1
0.33395218561023,64.91988834067566,121.3319799076866,2.4530470410903407,2.5119389225092155,0.6339271068572998,1.7799034118652344,2.539848804473877,2.790122032165528,2.8471312522888184,2.8770627975463867,2.9041662216186523,2.9291434288024902,0
0.5852539550269936,43.79843400814838,185.56955991956264,2.682458000947076,2.6241773844843603,0.52504563331604,1.348991870880127,1.883472919464112,2.1074161529541016,2.2063956260681152,2.276768684387207,2.3343377113342285,2.383631706237793,0
0.3231463054875109,31.41885012662826,264.237306028874,2.52153539744677,2.894433968800943,0.6209352016448975,1.7897744178771973,2.6664295196533203,2.943294048309326,2.9433884620666504,2.9433298110961914,2.943686485290528,2.943189144134521,1
0.5774089932533938,14.48998850368876,200.9436888809158,2.004994607147128,2.381263634679546,0.603163480758667,1.6746010780334473,2.34912109375,2.5064992904663086,2.509468078613281,2.509446144104004,2.509866237640381,2.510416030883789,1
0.4394106083318057,24.03552068065745,112.77607653803108,2.089387711969848,2.08629974161082,0.6734097003936768,1.8676137924194336,2.60796332359314,2.8384034633636475,2.885911703109741,2.9046547412872314,2.921416997909546,2.9366157054901123,0
0.6182375515800902,189.1402436997868,193.868570218426,2.4707064007627304,2.8372569920974087,0.2212209701538086,0.359860897064209,0.4867994785308838,0.599724531173706,0.7007489204406738,0.7927942276000977,0.8767328262329102,0.9533114433288574,17
0.3494782103773062,204.4895481845789,161.42922427922105,2.4284748278722126,2.0390348493714163,0.2220170497894287,0.3400952816009521,0.4260797500610351,0.4982888698577881,0.5602431297302246,0.6145503520965576,0.6622018814086914,0.7055716514587402,17
0.6427105023264319,35.48206651733239,192.78394190146128,2.047832937963958,2.1133870420236427,0.4101893901824951,0.9382750988006592,1.2345013618469238,1.364680290222168,1.4400427341461182,1.495840311050415,1.5391993522644043,1.5745606422424316,0
0.4637858156524183,92.84600136669792,245.91576677338503,2.8409375340528342,2.63246636269846,0.39697265625,0.867485523223877,1.1583497524261477,1.3037197589874268,1.3952105045318604,1.4662563800811768,1.5238397121429443,1.5719568729400637,20
0.5790876586348026,38.63544967811043,215.75158082692587,2.013756035518892,2.984130220939813,0.5091626644134521,1.3711488246917725,1.9302570819854736,2.132481575012207,2.198939323425293,2.24364709854126,2.2811412811279297,2.3136210441589355,1
0.6309960430895487,46.59332412400959,100.09305508837546,2.182787805157483,2.022798728149368,0.4485244750976562,1.0527622699737549,1.4144783020019531,1.6028473377227783,1.731027126312256,1.8264508247375488,1.9031352996826167,1.9736037254333496,20
0.5211280206672114,167.5477583761695,197.5499928285859,2.884430456283041,2.127982918868433,0.212902545928955,0.3318431377410888,0.4315881729125976,0.5166540145874023,0.5919449329376221,0.6587240695953369,0.7194678783416748,0.773740291595459,17
0.5426647014944599,70.98584260422462,149.7656145360227,2.906835347104991,2.4344140604570725,0.4607148170471191,1.0971808433532717,1.5113754272460938,1.7221417427062988,1.8496828079223635,1.9473114013671875,2.028773307800293,2.097146987915039,20
0.4418995573047272,22.053296401497622,149.79593124562942,2.4567984208940348,2.6837910050927816,0.7367358207702637,2.1658291816711426,3.224928379058838,3.6535415649414062,3.733219146728516,3.740256309509277,3.7455878257751465,3.751086711883545,23
0.4163351757844682,133.21713311406396,168.77521132544922,2.479213287413204,2.3565863141119427,0.338505744934082,0.6780388355255127,0.8874304294586182,1.020735263824463,1.1210427284240725,1.2016513347625732,1.267557144165039,1.323507308959961,10
0.4447601543126069,134.02926369941267,158.63119495433048,2.8576119309075936,2.2114584068532683,0.3192777633666992,0.6163296699523926,0.809149980545044,0.9433808326721193,1.047917127609253,1.1338739395141602,1.2056262493133545,1.266148328781128,10
0.4375085523501686,25.29065541585439,264.13496565047444,2.234740731451524,2.793613134239138,0.5756089687347412,1.61523699760437,2.3343214988708496,2.5138583183288574,2.513126850128174,2.5128397941589355,2.5122551918029785,2.5121326446533203,1
0.4368277341538197,10.731746124904264,174.2632159837019,2.9115677271222,2.4842582803918853,0.7526438236236572,2.2027816772460938,3.307539463043213,3.758712768554688,3.8572092056274414,3.8608999252319336,3.86076545715332,3.860689640045166,23
0.3644319359260677,6.488462396134149,175.89753445388078,2.527747317981235,2.8832354096100863,0.834841251373291,2.5701394081115723,4.102527141571045,4.91898775100708,5.0449395179748535,5.046024799346924,5.046196460723877,5.045986652374268,23
0.3575759167886674,116.56318612433712,238.18489060578835,2.4253963234364795,2.479841664954154,0.3638703823089599,0.7612621784210205,0.9805803298950196,1.0774273872375488,1.1419565677642822,1.192985773086548,1.2347095012664795,1.2721054553985596,21
0.3914041653531752,12.487361417644042,209.76386713451984,2.454209276205876,2.466386660540179,0.6811356544494629,1.9749116897583008,2.9077744483947754,3.20479154586792,3.214914321899414,3.21497106552124,3.2146787643432617,3.214395046234131,1
0.5531059221786908,11.74925294693172,255.28425594895376,2.6382770310410204,2.331894026706042,0.5726585388183594,1.5616931915283203,2.1892518997192383,2.321051597595215,2.320648193359375,2.3203582763671875,2.3198156356811523,2.319594383239746,1
0.3347343303237342,21.770339399163586,262.3513847727686,2.604902778045998,2.663434938831285,0.619708776473999,1.7633569240570068,2.588777780532837,2.812769651412964,2.811431646347046,2.8117663860321045,2.811258554458618,2.810526132583618,1
0.3737563732789705,38.71023575153164,242.64267581800857,2.185264791487966,2.209903233623991,0.4859545230865478,1.23754620552063,1.647566556930542,1.692826747894287,1.69486665725708,1.6970627307891846,1.69933819770813,1.7015659809112549,1
0.5494081406183629,9.261825023864027,111.22026903408744,2.9844890525559338,2.5883013329089226,0.869875431060791,2.5945587158203125,3.973936080932617,4.635343551635742,4.841907978057861,4.923037052154541,4.944525241851807,4.949300289154053,23
0.6304378252213976,44.26990970977509,203.09994967784647,2.465878397143115,2.1176607089365764,0.3861227035522461,0.8494298458099365,1.1272835731506348,1.2644355297088623,1.3516688346862793,1.4173455238342283,1.4693710803985596,1.5121140480041504,21
0.3775778993373015,57.79725679559508,109.4825601535832,2.4273780647206094,2.8595148203793705,0.6838483810424805,1.9886090755462649,2.9208900928497314,3.2871639728546143,3.3768699169158936,3.413046598434448,3.443721055984497,3.472177267074585,23
0.4817788558673392,89.30053962681535,190.03452907768337,2.0332542329920664,2.100486879152863,0.3150601387023926,0.6205229759216309,0.8051090240478516,0.9209156036376952,1.005021572113037,1.0691208839416504,1.120575189590454,1.1648590564727783,21
0.3805961593984608,164.0890492229462,204.9697510078805,2.0911426525458103,2.347621142673214,0.2647521495819092,0.4536631107330322,0.5757794380187988,0.6703653335571289,0.7471296787261963,0.8109111785888672,0.863816499710083,0.9092569351196288,17
0.3307367426225417,34.05469901366664,114.0747118909628,2.584041375753229,2.0816865189446188,0.6837213039398193,1.915215253829956,2.712045907974243,2.987370252609253,3.051640748977661,3.067411184310913,3.0805914402008057,3.0928189754486084,0
0.4126309529954129,198.11869831861543,171.27173382504645,2.9053522758933163,2.877601490338192,0.335010290145874,0.6355915069580078,0.8377115726470947,0.98895525932312,1.1100201606750488,1.2119293212890625,1.2984251976013184,1.3729791641235352,10
0.5281400151405896,109.25985643512774,110.00402062549074,2.270545387690124,2.258033801248664,0.3478016853332519,0.7196063995361328,0.973846197128296,1.1470108032226562,1.2766079902648926,1.38232684135437,1.470259428024292,1.5446171760559082,10
0.4036591496039588,112.94339784597864,134.79147833676603,2.843306188550833,2.330865828449304,0.4235615730285644,0.9733846187591552,1.3110768795013428,1.4730746746063232,1.5739972591400146,1.656304121017456,1.724268674850464,1.7825372219085691,20
0.4991681513803322,15.76481580995302,241.10449857028985,2.738201325241389,2.3181306919756635,0.5836200714111328,1.5961039066314695,2.245905637741089,2.398732900619507,2.4005725383758545,2.400664091110229,2.4004600048065186,2.4002816677093506,1
0.6368110137967185,24.316295570653,219.29048338528847,2.3867283207090364,2.9697668104488244,0.5869331359863281,1.6330721378326416,2.352680921554565,2.62471079826355,2.6880910396575928,2.7129170894622803,2.733999013900757,2.7529098987579346,1
0.3686705526719155,8.939803060026946,141.23732107094818,2.4604376652282087,2.8707423996636594,0.8689701557159424,2.686765670776367,4.304519176483154,5.174942970275879,5.326552867889404,5.3345255851745605,5.334641933441162,5.334741115570068,7
0.3919191951719126,22.10940636091928,130.17417309879434,2.7184813562508863,2.384654427423954,0.7576522827148438,2.201491594314575,3.259171724319458,3.690350294113159,3.7987544536590576,3.815715551376343,3.821398496627808,3.82760500907898,23
0.4156652331537021,137.8062341321817,128.56528644459115,2.761417183230848,2.944527726412644,0.4556021690368652,1.0823431015014648,1.506244659423828,1.725801944732666,1.8631792068481443,1.969373226165772,2.0569639205932617,2.1299972534179688,20
0.443189271910678,18.09540527362,239.1417106243541,2.1996918442604536,2.5424937102516862,0.6005702018737793,1.6906275749206543,2.423417091369629,2.585927963256836,2.5849032402038574,2.5842714309692383,2.584568977355957,2.5851073265075684,1
0.5132913914108315,36.32652443173871,150.38843752195496,2.202658881564561,2.0668314912913868,0.5230026245117188,1.335704326629639,1.7855987548828125,1.920907974243164,1.975626468658448,2.017381191253662,2.0535531044006348,2.0854196548461914,0
0.4926966084712579,116.57117983051582,172.88809144172194,2.0659841408126014,2.0242926839171327,0.2604663372039795,0.4648280143737793,0.6068267822265625,0.7160742282867432,0.8029356002807617,0.8744375705718994,0.935267686843872,0.987190008163452,17
0.5728640879492348,9.75173557552536,162.68258635764064,2.485791064860516,2.676095359875053,0.7600669860839844,2.242767810821533,3.375440120697021,3.843719482421875,3.939614772796631,3.943385601043701,3.943271160125733,3.943379402160645,23
0.302229134913364,21.757096905568613,100.21122479093737,2.81327691920335,2.703717754582261,0.8983931541442871,2.740605592727661,4.3355913162231445,5.163630485534668,5.356105804443359,5.399568557739258,5.407223701477051,5.40913200378418,7
0.5217542910579701,32.10055833944113,153.48399890631904,2.2421898153412148,2.4351188453555745,0.6019675731658936,1.6464543342590332,2.2993459701538086,2.517836570739746,2.576564311981201,2.611971378326416,2.6435647010803223,2.6716370582580566,0
0.4769580283500498,207.47980298623537,202.35722723066624,2.1008896105091086,2.9741871851904094,0.2303423881530761,0.3826022148132324,0.5081398487091064,0.6166238784790039,0.7119600772857666,0.7972538471221924,0.8732657432556152,0.9415411949157716,17
0.6023043735242863,21.36997878773113,105.002799174855,2.2801878225697623,2.671808497514851,0.718524694442749,2.062793493270874,2.9771063327789307,3.354797124862671,3.478592157363892,3.5334408283233643,3.5760738849639893,3.613478899002075,23
0.407071213428672,15.881635920083536,161.00876938908146,2.837718411680004,2.1084449784740085,0.6707110404968262,1.8814260959625244,2.674339532852173,2.9338858127593994,2.98262619972229,2.9836089611053467,2.985316038131714,2.9871718883514404,0
0.4705498116684493,205.43480978748616,187.51853783732847,2.0979141052041177,2.410741921285282,0.1963295936584472,0.3008730411529541,0.3943312168121338,0.4748971462249756,0.5470025539398193,0.61187744140625,0.6711931228637695,0.7248790264129639,17
0.4539665251023142,6.688252887752686,113.80566232198152,2.829777925661157,2.869130351515459,0.9418725967407228,2.9163920879364014,4.714400291442871,5.751357078552246,5.99091911315918,6.031630516052246,6.039517402648926,6.039968490600586,7
0.3868117195375994,11.769757786037506,223.3309154590308,2.845899230517272,2.522745183639141,0.6895184516906738,1.99988341331482,2.97376036643982,3.320868730545044,3.3465845584869385,3.3470399379730225,3.347421407699585,3.347639322280884,23
0.5626883836355436,34.524820179162994,250.80483956847613,2.1568786467774337,2.562381312096836,0.477048397064209,1.2078752517700195,1.651190996170044,1.7808637619018557,1.814077615737915,1.838937282562256,1.8602206707000728,1.8785831928253167,1
0.5576537808744069,161.2800461636501,159.6286554297873,2.970472972530384,2.183010745323805,0.2348251342773437,0.393446683883667,0.5239620208740234,0.6351864337921143,0.7319283485412598,0.8175070285797119,0.8936457633972168,0.9615139961242676,17
0.4385584024511773,113.29431206343833,174.96450878769653,2.474224692684085,2.057395755140703,0.31648850440979,0.6128664016723633,0.7945277690887451,0.911679983139038,1.0008485317230225,1.0726616382598877,1.1305043697357178,1.1782424449920654,10
0.3699963720046701,146.7074084948258,182.56933837834947,2.197065458921774,2.3795758025124094,0.3280787467956543,0.6490070819854736,0.8386013507843018,0.953728199005127,1.039543628692627,1.1077876091003418,1.1664671897888184,1.2161929607391355,10
0.63724255204216,203.36649535186007,122.4894792646324,2.9027049097922992,2.97822489279607,0.2590291500091553,0.4408445358276367,0.6060686111450195,0.752967357635498,0.884528636932373,1.004159450531006,1.1121172904968262,1.2100725173950195,16
0.4335442894442746,10.538190789891589,116.36152621087818,2.4703050086122658,2.0005003184678087,0.7574248313903809,2.1694140434265137,3.156830310821533,3.5003490447998047,3.5875802040100098,3.596250057220459,3.598350524902344,3.6008691787719727,23
0.3622616111558053,22.776298200569705,149.41884404703234,2.117492700815855,2.760726026030988,0.7521054744720459,2.26935076713562,3.470080614089966,3.966900587081909,4.013128280639648,4.013649940490723,4.014294624328613,4.015233039855957,23
0.6376726559673465,53.7260444798828,207.22805976740472,2.334809618593961,2.8695469071813764,0.4439470767974853,1.0638046264648438,1.472024917602539,1.6823387145996094,1.8106951713562007,1.9042987823486328,1.979203701019287,2.040879726409912,20
0.3505494898173023,12.169182034116488,101.21349165675552,2.253934668608561,2.3996537720454665,0.8616876602172852,2.607464551925659,4.057876586914063,4.715290069580078,4.806032180786133,4.818229675292969,4.819293975830078,4.820221900939941,23
0.3133750802674038,14.947803631025698,123.0461945129136,2.252181381738819,2.010889469491207,0.7394769191741943,2.127369165420532,3.101330041885376,3.402299642562866,3.442272424697876,3.44280219078064,3.443547487258911,3.4444754123687744,23
0.5772570937584985,120.9518241598182,210.35384304272583,2.6156530748078626,2.4314869846114773,0.2729599475860595,0.4854640960693359,0.6423397064208984,0.7696218490600586,0.8748507499694824,0.9645037651062012,1.0423007011413574,1.1097073554992676,17
0.5812103337761985,179.3002211409351,260.9962860224649,2.3191590261261363,2.3444009313615872,0.1686556339263916,0.2403287887573242,0.3121449947357178,0.3744418621063232,0.4308822154998779,0.4823994636535644,0.5305442810058594,0.5743370056152344,4
0.5082468056735293,84.50596788935148,238.96314206887223,2.2319553963059486,2.3127828975905333,0.3276669979095459,0.6498947143554688,0.8452212810516357,0.9634964466094972,1.0488178730010986,1.1160707473754885,1.1718590259552002,1.2181825637817385,21
0.4303938425736556,7.084875015582349,114.77556832231852,2.4985772938148765,2.964605599559518,0.9359726905822754,2.938014030456543,4.802957534790039,5.925017356872559,6.17589282989502,6.195468902587891,6.197572708129883,6.197977066040039,7
0.4300547196589409,8.183006884942367,190.4834173719228,2.808485716561885,2.234191909066585,0.6884956359863281,1.9671120643615725,2.8573384284973145,3.1533493995666504,3.1809887886047363,3.181549549102783,3.181824207305908,3.181882858276367,0
0.3727884908817798,10.305148115404792,153.7626831546458,2.285053394198634,2.5205735518687,0.7876346111297607,2.3595402240753174,3.627148389816284,4.143680572509766,4.207939147949219,4.207751274108887,4.207657814025879,4.2076921463012695,23
0.3509723667943721,8.748007739732714,175.80091016823275,2.648729425621811,2.896821139777739,0.8314259052276611,2.550554752349853,4.054335117340088,4.841489315032959,4.980597019195557,4.984389781951904,4.98435640335083,4.984364032745361,23
0.6290644575097619,20.92256495119199,243.9010696738404,2.256865429150209,2.276466253003856,0.4864845275878906,1.223423719406128,1.6439549922943115,1.7432634830474854,1.7556874752044678,1.7648828029632568,1.7729408740997314,1.7799274921417236,1
0.4697419221702397,37.935711536279705,195.85059039402205,2.1690237648875685,2.948454397233737,0.6008813381195068,1.720855951309204,2.501384973526001,2.767152547836304,2.803091287612915,2.819009065628052,2.8343217372894287,2.8484995365142822,1
0.308776526440025,8.197461032663762,128.9863092650149,2.2211768415823387,2.5693092333771963,0.8593378067016602,2.641998291015625,4.214191913604736,5.016513347625732,5.109045505523682,5.111824035644531,5.11204719543457,5.112130641937256,23
0.4006933594446601,49.73149230141014,167.109840373753,2.098994635814673,2.1788908170414247,0.5103616714477539,1.310492992401123,1.7483832836151123,1.849164724349976,1.8776986598968504,1.902306318283081,1.9244062900543213,1.9444129467010496,0
0.6442767126646283,102.1502333448653,204.66255686117407,2.6052135455817744,2.326390994774872,0.2736184597015381,0.4952847957611084,0.663658857345581,0.7996609210968018,0.9119713306427002,1.0070929527282717,1.0889601707458496,1.1604948043823242,10
0.4486114380676229,50.43337508374498,113.26792986790004,2.914099285136301,2.999578631228658,0.703089714050293,2.0316929817199707,3.0075812339782715,3.4436511993408203,3.5882253646850586,3.6533379554748535,3.701624870300293,3.7439279556274414,23
0.6055279967101272,28.881784958449405,100.69193355576031,2.0000369732844563,2.06494292763419,0.5680892467498779,1.4639763832092283,1.964651584625244,2.1631808280944824,2.258674144744873,2.3251352310180664,2.384627342224121,2.4363045692443848,0
0.3324340901064843,34.754119441322345,168.2408045974778,2.230368359494052,2.247811190984355,0.6234922409057617,1.7384099960327148,2.455202102661133,2.628544807434082,2.634941577911377,2.6381564140319824,2.641343116760254,2.6444249153137207,0
0.4597682121539541,24.550139712384084,142.70716629120608,2.9456773141085995,2.672144355231468,0.7457120418548584,2.170576572418213,3.226853847503662,3.6886239051818848,3.819035053253174,3.851127147674561,3.863637924194336,3.875532150268554,23
0.5960362211944303,30.86510830647946,194.19799064983687,2.924133991789218,2.7139398883974097,0.5906383991241455,1.597144603729248,2.2793898582458496,2.551638603210449,2.6465001106262207,2.694397449493408,2.732365608215332,2.765902519226074,1
0.3047051185980233,6.3991470465502704,219.6594532278764,2.803526911497421,2.310079525464784,0.6897525787353516,1.9941177368164065,2.94539737701416,3.2584471702575684,3.273866653442383,3.274019241333008,3.274254322052002,3.273984909057617,1
0.5162168816629742,41.90646898064683,143.8923260505125,2.830107681517297,2.8087400901786976,0.6373641490936279,1.7780911922454834,2.562670946121216,2.888676404953003,3.006243944168091,3.0677330493927,3.1152184009552,3.156095266342163,23
0.6146089982774571,62.23266988817143,192.8643776053256,2.5084963128725755,2.776192263849394,0.4431755542755127,1.0455787181854248,1.445559024810791,1.661306858062744,1.795851230621338,1.8981256484985352,1.9784011840820312,2.0437827110290527,20
0.6487689371175298,21.065629056367086,251.14996589170093,2.86358180542815,2.2739769752655583,0.4883100986480713,1.2176940441131592,1.6520521640777588,1.7790138721466064,1.8029749393463133,1.816838979721069,1.8289320468902588,1.839427709579468,1
0.380331795049461,11.29635723118206,161.09581615481792,2.207609300308733,2.845596723184366,0.8011736869812012,2.459832668304444,3.860666275024414,4.526065349578857,4.60084342956543,4.600712776184082,4.600624561309815,4.600759506225586,23
0.4814630252245935,115.7530938439174,237.8207867866631,2.4091438307487167,2.2550751282192776,0.2790751457214355,0.4939146041870117,0.6320075988769531,0.735175371170044,0.8174686431884766,0.8859038352966309,0.9432871341705322,0.9923782348632812,17
0.4999099654831243,84.9037655524713,145.609788141432,2.1386171577855,2.004031996547829,0.3474094867706299,0.7251951694488525,0.9559338092803956,1.0921804904937744,1.1885595321655271,1.2645838260650637,1.3250181674957275,1.377690315246582,10
0.6220952930192314,24.67257045014436,133.36507729649102,2.314269895740708,2.2621156707204606,0.5958378314971924,1.5860779285430908,2.180081367492676,2.408114433288574,2.4987540245056152,2.556075096130371,2.60159683227539,2.6404995918273926,0
0.5977045157406875,64.4144344846342,144.97284255340514,2.0991294614521068,2.565156355557927,0.4324560165405273,1.017807960510254,1.3922953605651855,1.5962867736816406,1.7298312187194824,1.833545923233032,1.9181020259857176,1.989259958267212,20
0.645981730198508,12.740672095033831,217.65132250554583,2.040600503844841,2.954880619805836,0.6356008052825928,1.8625333309173584,2.7428736686706543,3.0477890968322754,3.06478214263916,3.065676689147949,3.065714359283448,3.0657944679260254,1
0.4165806493527653,131.29376258417142,251.3563959588728,2.3815850560708176,2.7687659679437795,0.3397071361541748,0.6798582077026367,0.8871719837188721,1.0143074989318848,1.1066057682037354,1.1807191371917725,1.2426350116729736,1.2944998741149902,10
0.3657903770035788,40.62352306008745,257.3276057593772,2.058326959506572,2.4225337882678613,0.4912710189819336,1.2769787311553955,1.729273796081543,1.782524824142456,1.7838029861450195,1.7847278118133545,1.785813570022583,1.7869298458099363,1
0.5228448092301841,14.594179518100804,246.8585363624157,2.517776306210979,2.4608820247584693,0.5931973457336426,1.6441454887390137,2.336902141571045,2.508190155029297,2.5087289810180664,2.5085768699646,2.5081281661987305,2.5077714920043945,1
0.4619842326712527,32.95058755495928,258.02528425727087,2.701721363333607,2.707830391842498,0.5618596076965332,1.5269343852996826,2.176932573318481,2.363173246383667,2.371574640274048,2.3752553462982178,2.378801107406616,2.382201910018921,1
0.6055545926938646,12.475869345698644,145.2710513987452,2.0781802627409784,2.522232368016898,0.7095863819122314,2.051590204238892,2.976874589920044,3.3055241107940674,3.359121084213257,3.366007089614868,3.373581647872925,3.380831480026245,23
0.40358114173734,68.13543382829478,248.7040337403533,2.401816247420255,2.3033798494537776,0.4038772583007812,0.9148671627044678,1.185063362121582,1.2641615867614746,1.3033063411712646,1.3359618186950684,1.3632149696350098,1.3863136768341064,21
0.4933024969058347,11.952951318590998,120.63425095649104,2.5900071050391307,2.6064161925441263,0.8305342197418213,2.478243112564087,3.784662961959839,4.366140365600586,4.512908935546875,4.540745735168457,4.543892860412598,4.547022819519043,23
0.5460204556203543,129.53176281762634,218.88198861667587,2.7030737175857307,2.2227478349036254,0.2453749179840088,0.4104406833648681,0.5340075492858887,0.6356842517852783,0.72149658203125,0.7957761287689209,0.8600659370422363,0.9168260097503662,17
0.537677691967604,9.394395865642814,217.99784678327893,2.379736693435089,2.274940870620423,0.6222672462463379,1.737943410873413,2.4651339054107666,2.638627290725708,2.6397511959075928,2.63920521736145,2.638942003250122,2.639238119125366,1
0.3530069190383677,32.498290551300094,210.9195973784179,2.5129967433874527,2.4433689395246114,0.6104974746704102,1.7088947296142578,2.447803974151612,2.640101909637451,2.645101547241211,2.645853042602539,2.646507740020752,2.64727783203125,1
0.6183595914780443,36.957406763907095,114.2439374829643,2.1959141047036894,2.673535451345989,0.5855362415313721,1.574321985244751,2.191195487976074,2.454378604888916,2.581017017364502,2.6717758178710938,2.7461414337158203,2.80814266204834,0
0.3406131972162808,194.8232211587849,111.51712153717403,2.538337206149006,2.2160744260271583,0.3070230484008789,0.5750086307525635,0.7437272071838379,0.8638525009155273,0.958158016204834,1.03493332862854,1.0986347198486328,1.1541204452514648,10
0.4428422291891885,16.216843358878602,207.5095390663796,2.0773439299373826,2.515994849191261,0.6443636417388916,1.855036258697509,2.692084550857544,2.911365270614624,2.911972761154175,2.9113900661468506,2.911627531051636,2.9119908809661865,1
0.4382761392008983,23.78440273059381,163.4406114081094,2.2811642397956367,2.793935645360224,0.7136750221252441,2.110159158706665,3.15409255027771,3.5557634830474854,3.607750654220581,3.610104322433472,3.613715410232544,3.617428541183472,23
0.3228365925860861,182.20841475646856,197.30600873504864,2.388920441282557,2.457878580330973,0.3099653720855713,0.5739545822143555,0.7238478660583496,0.8232643604278564,0.900660514831543,0.9646892547607422,1.018446683883667,1.0642480850219729,21
0.5160046343042595,92.15252028560413,231.75692533627665,2.6597776283890777,2.867527946260033,0.3993377685546875,0.8802096843719482,1.1939961910247805,1.3713359832763672,1.489304542541504,1.5798625946044922,1.6524863243103027,1.7125144004821775,20
0.4546985203360192,55.35555362007828,260.4070486197247,2.0654325920726704,2.071838886379664,0.3560450077056885,0.7532625198364258,0.9448435306549072,1.008344650268555,1.0472891330718994,1.0778350830078125,1.1022303104400637,1.122939109802246,21
0.4026022557364068,69.82752935218814,227.725316930549,2.9701247087541325,2.547106063320798,0.4804244041442871,1.1917524337768557,1.6306638717651367,1.771991729736328,1.8193230628967283,1.8560924530029297,1.888266563415528,1.9166083335876465,1
0.3294024362500259,75.04275391864358,196.11458103464133,2.806574922026466,2.3736025784103902,0.5088348388671875,1.3080134391784668,1.7941546440124512,1.9220609664916992,1.952118873596192,1.977412223815918,2.000335693359375,2.0213193893432617,1
0.6309814831784659,9.589708057113272,126.98105183150297,2.1459634660882334,2.831029907754253,0.7948520183563232,2.398669481277466,3.6455371379852295,4.189555168151856,4.304999351501465,4.320197105407715,4.324607849121094,4.329739570617676,23
0.3090985761080138,6.934436541325316,159.6005431687458,2.02772361131846,2.6646051380779743,0.8002290725708008,2.452075481414795,3.8668112754821777,4.51469612121582,4.551935195922852,4.552178382873535,4.552351951599121,4.552303314208984,23
0.3821720816375468,24.367179251140787,131.62959377021943,2.5588919377743977,2.3765319235139,0.7410171031951904,2.149327754974365,3.16910982131958,3.557486057281494,3.6370725631713854,3.646565437316896,3.6528635025024414,3.659193515777588,23
0.556095497809305,201.1533132150109,191.4816432999374,2.997304420425247,2.7033694370783787,0.2422599792480468,0.3900582790374756,0.5175247192382812,0.6299645900726318,0.7292113304138184,0.8190388679504395,0.9003164768218994,0.9734623432159424,17
0.5505714322865539,142.84141444896773,181.6961836040052,2.4838606872327764,2.150327583390696,0.22782564163208,0.3767189979553222,0.4980130195617676,0.6002323627471924,0.6885910034179688,0.7660324573516846,0.8339593410491943,0.8945434093475342,17
0.3834504825647821,72.20255259178394,152.33152594587708,2.3357867099336347,2.367900235660446,0.5088632106781006,1.3047399520874023,1.7713737487792969,1.909339904785156,1.9621930122375488,2.0041208267211914,2.042214870452881,2.076079845428467,0
0.313536869323673,46.01456008777314,242.40006165673503,2.458772568076271,2.611433349520808,0.561154842376709,1.5400094985961914,2.18712854385376,2.3265204429626465,2.326782703399658,2.327329635620117,2.3279099464416504,2.328680992126465,1
0.462685211362215,60.44552727055766,211.781508384768,2.743382147304404,2.9950130918634814,0.5465288162231445,1.456561803817749,2.0824086666107178,2.320990800857544,2.394947290420532,2.4409701824188232,2.4809019565582275,2.515979528427124,1
0.6089019072192622,19.087585850216296,115.45753758393248,2.603713353870501,2.5364240967090605,0.7209985256195068,2.04423451423645,2.950042963027954,3.3348963260650635,3.478929281234741,3.5395219326019287,3.578388929367065,3.6109020709991455,23
0.5919192021938157,136.3044570926941,188.6943586479401,2.6718137407214013,2.4473272296321884,0.2653286457061767,0.4682581424713135,0.626295804977417,0.7581496238708496,0.8702127933502197,0.9673278331756592,1.0516860485076904,1.1263842582702637,17
0.4329655061469158,19.216854186712343,207.75503938651167,2.7096084812579413,2.3879628961173034,0.6395490169525146,1.803192377090454,2.5913503170013428,2.83536696434021,2.8507392406463623,2.85148549079895,2.851666212081909,2.851767301559448,1
0.3502462664841385,212.4665186579534,195.77617786472885,2.241504416845643,2.274016362589772,0.225210428237915,0.3408989906311035,0.4256036281585693,0.496934175491333,0.5582671165466309,0.6124892234802246,0.6609809398651123,0.7040853500366211,17
0.5521649025902379,98.41543659222008,256.5211196863352,2.0151828785498687,2.306338503682723,0.2496616840362548,0.4292619228363037,0.5545110702514648,0.6524848937988281,0.7319133281707764,0.7981164455413818,0.8547823429107666,0.9032690525054932,17
0.4122538657155474,32.48090352257652,151.2880712497274,2.0017112714879293,2.033414650596756,0.5653302669525146,1.5027706623077393,2.0137319564819336,2.1238760948181152,2.140383720397949,2.154385089874268,2.1674485206604004,2.1797876358032227,0
0.4945558521151023,22.39593187142983,202.8980411888216,2.3165215311685263,2.028260927563636,0.524522066116333,1.3584802150726318,1.809248924255371,1.892099380493164,1.896628379821777,1.9014263153076167,1.906103610992432,1.9104876518249512,1
0.4775028859149056,7.054365766424208,204.5338736319912,2.738580340316973,2.4079072586948223,0.7031793594360352,2.036081552505493,3.0132944583892822,3.3597843647003174,3.3922393321990967,3.392772436141968,3.393208742141724,3.393300294876098,23
0.4370486410453385,11.981479557566535,116.85632002525514,2.9194422601043204,2.179564622069277,0.7830345630645752,2.257284164428711,3.3380794525146484,3.7536349296569824,3.8972630500793457,3.9346752166748047,3.939521312713623,3.943671703338623,23
0.3992873192988856,164.63683773745544,120.5453271384215,2.152741304546628,2.907296091058423,0.3736388683319092,0.8230612277984619,1.118083953857422,1.2970287799835205,1.4263463020324707,1.5299115180969238,1.613579511642456,1.687243938446045,10
0.3624167132603995,48.81032431584857,194.5125375756148,2.992132455797184,2.034872106444586,0.4918420314788818,1.2391915321350098,1.6507363319396973,1.7396245002746582,1.758469581604004,1.7746734619140625,1.789344310760498,1.802772045135498,1
0.5250326114035564,11.68669206804184,225.13563364688991,2.941324646026134,2.9261247435573177,0.7225265502929688,2.131381034851074,3.2411227226257324,3.720911979675293,3.80391788482666,3.80361557006836,3.8035426139831534,3.8034825325012207,23
0.6236384096970304,12.62737558943733,239.6764714507568,2.8254330633702534,2.154803971166801,0.5351426601409912,1.4010422229766846,1.909819841384888,2.0190846920013428,2.0207998752593994,2.020992517471313,2.021066427230835,2.021134614944458,1
0.6225238113393204,27.743376194013354,132.2472897537659,2.1342555493173707,2.476539575501917,0.5932478904724121,1.5977606773376465,2.211493730545044,2.441256284713745,2.537760972976685,2.600111722946167,2.6523773670196533,2.6975972652435303,0
0.4841640006562794,11.574380156314747,138.99681682791064,2.869777697872043,2.2164084806918654,0.7452905178070068,2.136893510818481,3.1252949237823486,3.5097463130950928,3.614361524581909,3.631212949752808,3.633160352706909,3.63608193397522,23
0.4234833104148036,134.69101132564737,249.4571631352728,2.455164065726773,2.692784745875584,0.3288004398345947,0.639096736907959,0.826887845993042,0.9485576152801514,1.0413610935211182,1.11716628074646,1.1803791522979736,1.2333245277404783,10
0.3268860567227059,47.16871330760206,208.1392870432302,2.9891320224503133,2.1445935813303394,0.5245566368103027,1.3666467666625977,1.8551268577575684,1.953813552856445,1.9615907669067385,1.9688873291015625,1.9758787155151367,1.982580184936524,1
0.5718438783574122,162.82085873232012,138.03678211073233,2.1832768325009724,2.4317133444816594,0.2345385551452636,0.404649019241333,0.5490055084228516,0.6723713874816895,0.7792360782623291,0.8730332851409912,0.9562554359436036,1.0309107303619385,17
0.6120200032151835,184.8024487019701,189.96966490515985,2.413784410161208,2.939895932721285,0.2333788871765136,0.3908975124359131,0.5304853916168213,0.6543264389038086,0.7647113800048828,0.8643500804901123,0.9543418884277344,1.0353424549102783,17
0.3097359730768989,31.43597200562483,120.19427671699692,2.9168736846928063,2.515544691056181,0.7895958423614502,2.324836254119873,3.5191516876220703,4.040362358093262,4.172450542449951,4.200039863586426,4.205902099609375,4.2119879722595215,23
0.533691222912116,46.69251377639476,254.7701220279644,2.8028577136757367,2.52789194810388,0.4598591327667236,1.1117076873779297,1.5133676528930664,1.657961368560791,1.7138323783874512,1.7543950080871582,1.7878880500793457,1.816586971282959,1
0.5408387956019554,16.411024012852746,189.41570025026664,2.1813709365550875,2.9416658752903686,0.6967654228210449,2.077305793762207,3.118732452392578,3.530928611755371,3.5748658180236816,3.5751843452453613,3.576000690460205,3.577439308166504,23
0.6431595457034143,8.148944955991205,243.2175632543376,2.650111747590837,2.530068791887447,0.6293323040008545,1.773052215576172,2.5598926544189453,2.800611972808838,2.808356761932373,2.8086085319519043,2.80861234664917,2.808611392974853,1
0.3020869626481414,6.359137457896646,162.32174451757152,2.8886001189255603,2.936787824599113,0.8837902545928955,2.725416660308838,4.413150310516357,5.391271114349365,5.579905986785889,5.5978312492370605,5.597954273223877,5.597947597503662,7
0.5156000811937571,38.04894244517609,241.26364486906385,2.934402202162841,2.75433460680036,0.5543832778930664,1.4778690338134766,2.106173515319824,2.328133106231689,2.37567138671875,2.3986215591430664,2.4191994667053223,2.4378037452697754,1
0.4009856979768689,125.71090557710836,203.46566128229864,2.0005315615116714,2.852082059374608,0.3657927513122558,0.8099138736724854,1.0864059925079346,1.231454610824585,1.3291823863983154,1.4061150550842283,1.4688920974731443,1.5210638046264648,10
0.5003483194845987,31.583870552870444,137.22239236040946,2.375442474806098,2.7968057391205727,0.6850128173828125,1.979644536972046,2.890002012252808,3.2468841075897217,3.3380911350250244,3.3713786602020264,3.397722005844116,3.421464204788208,23
0.5551317418928934,9.063413979927365,211.3610856821639,2.093632420053782,2.965320297132627,0.7055141925811768,2.1314914226531982,3.251596689224243,3.709608793258667,3.7302982807159424,3.7301528453826895,3.730323553085327,3.729987859725952,23
0.5257834415197569,84.76669107298072,174.35508634223785,2.5328820432230392,2.157524642887399,0.3482205867767334,0.719355583190918,0.9556636810302734,1.0997254848480225,1.2022161483764648,1.2816007137298584,1.3490831851959229,1.4058761596679688,10
0.392872614174463,46.884466793411775,167.3936011082406,2.0981260071438235,2.540081217501828,0.5850162506103516,1.6152045726776123,2.271704912185669,2.447941541671753,2.4719178676605225,2.4891140460968018,2.505221605300904,2.520272016525269,0
0.4056164041243985,17.58941565715131,152.42995104795108,2.656829286749641,2.775809807376456,0.7969481945037842,2.393606185913086,3.68610954284668,4.28421688079834,4.40747594833374,4.416876316070557,4.417607307434082,4.418423175811768,23
0.3499224223409886,118.9765794392138,241.96621600888872,2.171584446664011,2.8962732207545607,0.3962223529815674,0.9182736873626708,1.231177806854248,1.3574769496917725,1.4258036613464355,1.4804730415344238,1.5258641242980957,1.5643908977508545,21
0.4120034118497605,96.10358996800224,112.25369900155138,2.352185268795747,2.40687618410415,0.4737083911895752,1.164539098739624,1.579742193222046,1.751535415649414,1.8502349853515625,1.9296340942382808,1.9959287643432613,2.0536017417907715,20
0.5306277859266404,90.65295568598653,258.9820957548356,2.9897150461421784,2.539735478408339,0.3479819297790527,0.6927976608276367,0.9085211753845216,1.0458002090454102,1.1462268829345703,1.2250075340270996,1.2889466285705566,1.341752052307129,10
0.5714631682957749,100.48180293585082,157.07193316538235,2.3149521385512632,2.701094976618961,0.3691966533660888,0.789086103439331,1.0777671337127686,1.2722790241241455,1.4175753593444824,1.5341265201568604,1.627650260925293,1.7074337005615234,10
0.5501567327406983,23.699657828916184,169.01170815609885,2.4554094978519245,2.9209385895655227,0.6845529079437256,1.9934945106506348,2.940374851226806,3.319686889648437,3.4013915061950684,3.4208364486694336,3.436123371124268,3.4505672454833984,23
0.4043695423159181,161.91930876154845,194.00684910571843,2.035229762380621,2.9554739718047216,0.3197274208068847,0.6478352546691895,0.8636162281036377,1.0103607177734375,1.1209814548492432,1.2114624977111816,1.2872314453125,1.351970672607422,10
0.3796881623388981,23.77993470922452,247.53665756182448,2.692026403444993,2.6903565977912933,0.6345040798187256,1.814065217971801,2.673049211502075,2.942676782608032,2.948902368545532,2.9490296840667725,2.9492881298065186,2.949239015579224,1
0.5307499441431656,155.11912738235256,259.2250171846349,2.618339003022544,2.0236164880113923,0.1713795661926269,0.236417531967163,0.2980797290802002,0.3507890701293945,0.3982532024383545,0.4406747817993164,0.479506254196167,0.5154190063476562,4
0.3921511195773627,43.51760651529047,249.57869748039425,2.529351286794732,2.172554068743368,0.4542067050933838,1.105396747589111,1.4512183666229248,1.500032901763916,1.5077290534973145,1.515594482421875,1.5227866172790527,1.5293593406677246,1
0.634423380138532,6.54199283509748,264.29639803991296,2.702865860651067,2.996693295015217,0.6841373443603516,2.009488344192505,3.0466954708099365,3.461139917373657,3.486743211746216,3.4870951175689697,3.487223863601685,3.487783193588257,23
0.3862535334251173,15.045416868911634,140.53986810275,2.8778846750661504,2.980944041151006,0.8701417446136475,2.667330741882324,4.238124370574951,5.080068588256836,5.287596225738525,5.32482385635376,5.326571941375732,5.326943874359131,7
0.4451755153165946,13.979106238071406,180.54584741721965,2.9530471116001777,2.910865807708153,0.7921135425567627,2.378612518310547,3.6837973594665527,4.3163580894470215,4.463199615478516,4.4750518798828125,4.475491523742676,4.475610733032227,23
0.4080850434912467,132.19981284621218,259.11620867348154,2.656386122672632,2.578486570938489,0.3268702030181885,0.6213245391845703,0.7922887802124023,0.9025959968566896,0.9856114387512208,1.0516915321350098,1.1065940856933594,1.153066635131836,21
0.4906849521070938,7.856061536484233,231.0178673747569,2.054105990320973,2.0936062086110643,0.5695269107818604,1.5448839664459229,2.108036518096924,2.166891098022461,2.1685471534729004,2.168751716613769,2.167686939239502,2.1683125495910645,1
0.5676331006264919,85.95398589494,201.95781849521245,2.346359691822226,2.6914794291037865,0.3763840198516845,0.8142008781433105,1.104567527770996,1.286360740661621,1.4161007404327393,1.516305923461914,1.5963282585144043,1.6664037704467771,10
0.3695682220188632,84.61299849013447,149.3105236261521,2.876830846314066,2.4367733011203123,0.5240497589111328,1.3566770553588867,1.8797721862792969,2.064974308013916,2.1361889839172363,2.1878294944763184,2.2327136993408203,2.272653102874756,0
0.6407258242921328,103.94241917937306,156.72029654278165,2.113787569268861,2.2484014305202744,0.2649140357971191,0.4892547130584717,0.6649432182312012,0.8079938888549805,0.9262533187866212,1.026576280593872,1.1128356456756592,1.1880533695220947,10
0.6379083284523281,37.3603706769562,162.1025291435465,2.9401743305155743,2.658505999100792,0.5592548847198486,1.4596219062805176,2.059211254119873,2.3309154510498047,2.466231346130371,2.5546622276306152,2.623342514038086,2.681640625,20
0.5481335617688708,62.66202367318722,229.20233300573136,2.3773945657929936,2.17002398637532,0.3496997356414795,0.7239103317260742,0.944772243499756,1.059837818145752,1.1376628875732422,1.1984224319458008,1.2474920749664309,1.2874431610107422,21
0.4185658735627609,35.699451384953626,259.9520050464465,2.2737954027843066,2.9117841952389565,0.5644247531890869,1.5813188552856443,2.292277574539185,2.488037347793579,2.489299058914185,2.4896371364593506,2.490084886550904,2.4907071590423584,1
0.5275736331505004,6.404761606627023,129.43045293289575,2.429023030113849,2.854730083653166,0.876394510269165,2.7031595706939697,4.2868852615356445,5.116732597351074,5.279790878295898,5.295273780822754,5.295419692993164,5.295427322387695,7
0.4438356530664098,31.898790293057683,114.28524874724616,2.869108001444645,2.257956704676362,0.6866130828857422,1.9159533977508545,2.733981370925904,3.060553312301636,3.175661325454712,3.220198392868042,3.251023054122925,3.278770685195923,23
0.3503709382708385,11.53386212839147,151.47486098987753,2.1701568635545123,2.881624746847458,0.8232064247131348,2.5520098209381104,4.064935684204102,4.840121269226074,4.93850040435791,4.938385963439941,4.938327789306641,4.938406944274902,23
0.3707980625769859,20.546670644539788,218.5104518504536,2.9673804261168373,2.895451037341368,0.7248950004577637,2.147634029388428,3.284887313842773,3.778463840484619,3.853305816650391,3.852895736694336,3.852861881256104,3.8527865409851074,23
0.522134236167358,6.626618956177057,255.3271553254724,2.948948068480895,2.4119047915780367,0.6292991638183594,1.7749300003051758,2.5680556297302246,2.780886650085449,2.783787727355957,2.783870220184326,2.7841391563415527,2.7838497161865234,1
0.4169555432581133,216.3240108890884,140.148058708841,2.624422268854848,2.508400210398137,0.2721056938171386,0.4704651832580566,0.6143801212310791,0.733985185623169,0.835700273513794,0.9237699508666992,1.0014171600341797,1.069889783859253,17
0.3183607228919248,15.359504021570928,187.87046514970103,2.2870865500150805,2.920402843177456,0.7647526264190674,2.331470251083374,3.640538454055786,4.250144958496094,4.305447578430176,4.306234359741211,4.306270599365234,4.306399345397949,23
0.3716171949893383,11.001952621201053,247.4929655487204,2.9192451379617834,2.6218529367601127,0.672271728515625,1.9460115432739256,2.900319576263428,3.2295708656311035,3.2432260513305664,3.243239402770996,3.2437710762023926,3.243788242340088,1
0.4337395697201345,30.140258276596708,154.14773927963736,2.232710041813016,2.953255691048155,0.7102088928222656,2.123053550720215,3.195936679840088,3.634087562561035,3.6990771293640137,3.7072787284851074,3.7156710624694815,3.723742961883545,23
0.6397137820849832,27.11200147597528,133.9352911274167,2.0583342088271337,2.3388690403843184,0.5653195381164551,1.485036849975586,2.023869752883911,2.2265045642852783,2.3189260959625244,2.3824551105499268,2.4341847896575928,2.478564977645874,0
0.3602799701053003,10.682862914692985,140.04423799249872,2.1335105197630018,2.656412554874413,0.8184607028961182,2.4980156421661377,3.918813467025757,4.560065269470215,4.632683753967285,4.632854461669922,4.632864952087402,4.632920265197754,23
0.3246611323541254,35.86345058091348,184.26102214895013,2.1746985607565774,2.8148536723045705,0.6748857498168945,1.998272180557251,2.995583295822144,3.3475048542022705,3.3606646060943604,3.3612711429595947,3.3618767261505127,3.362830877304077,23
0.3574596417281266,57.46282318555349,127.0340898704924,2.761974278461844,2.0314037184524976,0.5475986003875732,1.4326376914978027,1.9398927688598635,2.09780502319336,2.151923179626465,2.190394401550293,2.224414825439453,2.2550506591796875,0
0.4090002900353759,6.138037737546644,182.26398915014093,2.4402693447113726,2.013259585449043,0.667722225189209,1.880434513092041,2.6743202209472656,2.8790535926818848,2.886478900909424,2.8862996101379395,2.8860878944396973,2.886251449584961,0
0.5609421746591006,103.37807307807908,129.6234516227649,2.945555987516977,2.53946530975523,0.3906095027923584,0.843764066696167,1.158482551574707,1.3670401573181152,1.5204472541809082,1.640763282775879,1.7430152893066406,1.830063343048096,10
0.6437606023700135,117.1321622780481,125.15667528262108,2.464718983470348,2.240839604857122,0.2674896717071533,0.4936983585357666,0.6751484870910645,0.8248090744018555,0.9506640434265136,1.0584595203399658,1.1520543098449707,1.2336599826812744,10
0.6109482822645423,102.28405795298484,213.00302203781388,2.3823698358712764,2.3593782474440887,0.2740633487701416,0.4971683025360107,0.6608455181121826,0.790898323059082,0.8975744247436523,0.9872550964355468,1.0630455017089844,1.127751111984253,10
0.3115563051630598,47.40183083253565,261.7494751921216,2.896733921123566,2.155604164305573,0.464012861251831,1.1458263397216797,1.5087733268737793,1.541574001312256,1.5433058738708496,1.544724464416504,1.5461797714233398,1.547602653503418,1
0.3794483127621985,7.802013962442966,151.9073480044412,2.3278919548578987,2.114198042269955,0.7264173030853271,2.094245433807373,3.06201171875,3.3594274520874023,3.3899173736572266,3.3903493881225586,3.3902692794799805,3.390213966369629,23
0.6018648053290865,20.891247992295323,251.49337348815024,2.758883146240898,2.21473255323537,0.4894559383392334,1.2312655448913574,1.65767240524292,1.7564592361450195,1.7643170356750488,1.769728183746338,1.7746844291687012,1.779149055480957,1
0.5034880127782377,201.88184260624288,103.28116302295422,2.8195085364929544,2.5870498293137043,0.2808825969696045,0.5030708312988281,0.6772208213806152,0.824537992477417,0.949866771697998,1.0593109130859375,1.1559882164001465,1.2415173053741455,10
0.4297128904253145,106.22636862715814,185.92513605683385,2.6885580882135773,2.973184887434861,0.4652080535888672,1.132450819015503,1.5774638652801514,1.7825701236724854,1.891634225845337,1.9719045162200928,2.040854215621948,2.0998728275299072,20
0.417030508364536,7.15636868401107,176.22276825850753,2.364422252385735,2.642104729520838,0.7825653553009033,2.35481595993042,3.644938945770264,4.204667568206787,4.271566390991211,4.271497249603272,4.27130126953125,4.271509170532227,23
0.4853685566905712,12.82923363850803,154.58184794913393,2.0287956591538765,2.6445440617768767,0.741966962814331,2.211511611938477,3.332730293273926,3.748702049255371,3.7841663360595694,3.784629821777344,3.784647464752197,3.784914016723633,23
0.3066111666692461,65.86806371204295,132.30345658901769,2.433656683411273,2.091160735253357,0.5513260364532471,1.4551012516021729,1.969611644744873,2.097900867462158,2.1311426162719727,2.157660961151123,2.181694984436035,2.203488826751709,0
0.5124609679458582,11.782156125368834,148.4981400899451,2.9279462622321555,2.8744072209944083,0.83681321144104,2.5271787643432617,3.932687759399414,4.631862640380859,4.832521915435791,4.869576930999756,4.871573448181152,4.872339248657227,23
0.4368850400611808,35.1076524285456,157.51521064238364,2.1865153062663776,2.2904221528513697,0.5922386646270752,1.609492540359497,2.223058223724365,2.393230438232422,2.422091484069824,2.4407296180725098,2.4581103324890137,2.474160671234131,0
0.5184815344602143,47.0188888346153,200.1716440062608,2.459685945816255,2.3414218901282964,0.4756209850311279,1.1747896671295166,1.5884175300598145,1.7314238548278809,1.7925658226013184,1.8381977081298828,1.8762216567993164,1.9090561866760247,1
0.3000325649765102,12.397398330798213,225.24485351459424,2.752562694680599,2.6677832225302263,0.7151753902435303,2.108832359313965,3.199723243713379,3.6318984031677246,3.665182113647461,3.665609836578369,3.6658473014831534,3.66640043258667,23
0.3561614495029092,26.83393320030726,191.53096861943013,2.828577723120016,2.914642915312012,0.7361283302307129,2.189786195755005,3.3420841693878174,3.856872320175171,3.943547010421753,3.944883108139038,3.945215940475464,3.9456188678741455,23
0.4627696062496508,51.50077306687075,132.82001678281586,2.759208381307676,2.828976238127161,0.6449627876281738,1.81827449798584,2.63736629486084,2.974447727203369,3.0847725868225098,3.142253875732422,3.190565586090088,3.2332167625427246,23
0.6334358875204981,13.629464952966412,239.06471656626687,2.1789463393506687,2.892726921219693,0.6147053241729736,1.76659893989563,2.580326795578003,2.846869707107544,2.8561480045318604,2.856771230697632,2.8566734790802,2.8565800189971924,1
0.6336757075456921,103.21440598091736,192.4355518813066,2.1840801181156952,2.839891403668695,0.3141059875488281,0.6235687732696533,0.851921796798706,1.0282936096191406,1.1692826747894287,1.2858426570892334,1.3842308521270752,1.4694037437438965,10
0.5267759782341226,50.94937399740997,216.71180352377223,2.146901799774289,2.4739716359788075,0.4448814392089844,1.0768988132476809,1.447500705718994,1.5825448036193848,1.647301435470581,1.696368932723999,1.7367804050445557,1.7707362174987793,1
0.5506931374424753,104.82640866011523,237.74251577138872,2.2398649409312723,2.325393851692548,0.2700583934783935,0.4788570404052734,0.6247775554656982,0.7381634712219238,0.8293049335479736,0.9049255847930908,0.96852707862854,1.0229101181030271,17
0.6222572943422058,15.391684330967363,105.3345906193101,2.922291975430654,2.4500775420504155,0.7637255191802979,2.1759352684021,3.1631903648376465,3.6091737747192383,3.7963576316833496,3.874876022338867,3.9196834564208975,3.954964637756348,23
0.3157683814297976,47.97130596445433,219.0622918660434,2.576677392298435,2.7399053938591065,0.6069931983947754,1.7105662822723389,2.4890005588531494,2.714935541152954,2.721369981765747,2.723618745803833,2.726064920425415,2.728442907333374,1
0.4543986320559203,7.076461859317315,231.4060510413601,2.974780857379934,2.820614193221771,0.7474017143249512,2.225505352020264,3.432122707366944,3.984774589538574,4.066514492034912,4.065956115722656,4.065913677215576,4.065598487854004,23
0.422518804290169,16.28464001925172,124.40785192616002,2.425099276182792,2.8105990906365284,0.8310461044311523,2.521698236465454,3.9196741580963135,4.571832656860352,4.710251808166504,4.7250566482543945,4.726767539978027,4.728927612304688,23
0.5740602255943248,65.15103031419156,199.99711585301668,2.5949621316739893,2.993168764862567,0.4742233753204345,1.1634771823883057,1.6289536952972412,1.861987352371216,1.9921753406524656,2.087329149246216,2.1650960445404053,2.2307403087615967,20
0.6007444414867038,108.83737117870268,252.4103855015638,2.952209047100315,2.147011184042713,0.2357392311096191,0.3843469619750976,0.4953944683074951,0.5871202945709229,0.6652073860168457,0.7320687770843506,0.7902877330780029,0.8411655426025391,17
0.5892551829138796,51.10616158512392,108.43302766120333,2.9225534063010694,2.458073490057424,0.5446381568908691,1.3899531364440918,1.938666820526123,2.2057676315307617,2.359858512878418,2.471959114074707,2.560033798217773,2.636683940887451,20
0.5328177353552438,8.00469839467736,218.99708903219667,2.3101218160238552,2.826644056275271,0.7143762111663818,2.1334099769592285,3.2450642585754395,3.6842408180236816,3.709762096405029,3.710049629211426,3.710504531860352,3.710310935974121,23
0.3747911843913174,21.91896543169868,210.5338835359727,2.7911100618497184,2.4586898154913,0.6530985832214355,1.8589601516723635,2.7083630561828613,2.9747142791748047,2.991067409515381,2.9918346405029297,2.992115974426269,2.9921517372131348,1
0.6490299209126045,26.028362187888906,253.34042060298884,2.809990736933581,2.265358320493223,0.4575915336608886,1.1022274494171145,1.484076976776123,1.6066012382507324,1.6456284523010254,1.671938419342041,1.6934070587158203,1.7114248275756836,1
0.3117355792898672,173.0633227252629,133.28130280702328,2.378160314391434,2.483444664807552,0.3769664764404297,0.8120427131652832,1.0666890144348145,1.1946344375610352,1.2829782962799072,1.3528695106506348,1.410022258758545,1.4601624011993408,21
0.5545313911479379,149.8735260793324,149.9172325757088,2.466172137595693,2.065962730148088,0.2239871025085449,0.375507116317749,0.5021438598632812,0.6091868877410889,0.701777458190918,0.7830445766448975,0.8544039726257324,0.9184620380401612,17
0.4128604274067011,21.664417374590123,233.5478831999528,2.3447266680437235,2.273258087900026,0.5649664402008057,1.5305123329162598,2.1226048469543457,2.225755214691162,2.2252254486083984,2.225125312805176,2.22561264038086,2.226088523864746,1
0.4847709766568174,122.12925834409644,178.95700194692907,2.236089839667135,2.6580931793780795,0.3421111106872558,0.7010860443115234,0.9388642311096193,1.0983328819274902,1.2190513610839844,1.315896987915039,1.394923210144043,1.4621098041534424,10
0.6159822996193556,195.8458300590791,148.10740262295394,2.5030365318882373,2.6607002900073846,0.2198007106781005,0.362642765045166,0.4941973686218261,0.6107561588287354,0.715362548828125,0.8107974529266357,0.8976352214813232,0.976959228515625,17
0.5511335859556916,16.998150747751243,224.81142662256445,2.5394280102515827,2.824339972890597,0.6547825336456299,1.88671350479126,2.7884769439697266,3.114671230316162,3.1441092491149902,3.144690990447998,3.145112991333008,3.1451663970947266,1
0.4232536969054357,11.32147279830417,259.1897229944045,2.3789707756226224,2.4851381084923565,0.608151912689209,1.7167346477508545,2.474338293075561,2.637709856033325,2.6368749141693115,2.6361982822418213,2.636148691177368,2.6371519565582275,1
0.6203783072421039,13.553662351627382,238.2883073594797,2.1803891796617534,2.591654821151592,0.5853722095489502,1.6223185062408447,2.3033058643341064,2.474360227584839,2.476030111312866,2.475713968276977,2.4755003452301025,2.475484609603882,1
0.4872645813330632,9.412043887041468,225.50980867969025,2.894383945871925,2.649210379327432,0.7038891315460205,2.0535244941711426,3.0834197998046875,3.481022834777832,3.52412223815918,3.524210453033448,3.5241947174072266,3.5243682861328125,23
0.3832237878555665,105.63483150018988,139.77207285537162,2.650907134162105,2.21022505983046,0.4212398529052734,0.9707114696502686,1.2897348403930664,1.42901611328125,1.5152039527893066,1.5826497077941897,1.638784408569336,1.6863398551940918,20
0.566292167861721,26.607173815561858,133.04001783393187,2.012901850072382,2.8157756336488515,0.6591315269470215,1.910505294799805,2.7608766555786133,3.0766515731811523,3.157658576965332,3.195798397064209,3.228151321411133,3.2569074630737305,23
0.6207293843861998,208.24844468870003,143.3377600200882,2.93787675264002,2.509112557492045,0.2141036987304687,0.344146728515625,0.4665217399597168,0.5762629508972168,0.674811840057373,0.7654361724853516,0.8485119342803955,0.9248297214508056,17
0.373466969445876,52.05888203844728,175.33782799814662,2.763554533071176,2.391195981377186,0.5762002468109131,1.5599040985107422,2.1860547065734863,2.37467098236084,2.4116830825805664,2.43269681930542,2.452099323272705,2.4699063301086426,0
0.3882146749218359,91.64415480279236,243.5034725028292,2.7180145803600384,2.182394948608916,0.359879732131958,0.7438554763793945,0.9456543922424316,1.0326414108276367,1.0896375179290771,1.1345007419586182,1.171628713607788,1.203181266784668,21
0.3070927778337773,11.202865702492533,193.28073093889063,2.090401845530678,2.558918575960752,0.7159004211425781,2.12223744392395,3.20435643196106,3.575162649154663,3.5804054737091064,3.5805647373199463,3.5800344944000244,3.580651044845581,23
0.6143141843088591,48.184685096583365,183.8576654147648,2.971030349569497,2.727790343043357,0.5127432346343994,1.2877354621887207,1.809085369110108,2.057516574859619,2.189005374908448,2.281191825866699,2.353921890258789,2.4150428771972656,20
0.5965611057710516,13.486596795747584,188.7171111583561,2.016629583651672,2.424409629017961,0.6210231781005859,1.7354974746704102,2.4395952224731445,2.6287150382995605,2.636349678039551,2.6372714042663574,2.6388278007507324,2.640392780303955,0
0.3758095539039292,6.120423839633844,245.8010294530616,2.200532990274048,2.0439178320179456,0.5625395774841309,1.5204708576202393,2.0694522857666016,2.11294937133789,2.113853454589844,2.1142125129699707,2.113091468811035,2.1133174896240234,1
0.4387052101826506,8.986306008928405,132.7115029201323,2.1735029579176404,2.782243032104291,0.8413054943084717,2.5936119556427,4.100981712341309,4.840360641479492,4.942934989929199,4.944921493530273,4.944990158081055,4.944999694824219,23
0.3382878880469495,15.979044550568458,188.5606500890522,2.853576942205935,2.5685851183192354,0.7442491054534912,2.193665266036988,3.325871229171753,3.791289567947388,3.8699991703033447,3.869883298873901,3.8698160648345934,3.869853258132935,23
0.3278894791293724,16.399200685412605,120.7406146661534,2.772166074284968,2.920117927753412,0.8997340202331543,2.7768664360046387,4.459369659423828,5.3902740478515625,5.597709655761719,5.631918907165527,5.634699821472168,5.635201454162598,7
0.427536053012763,34.752574778771326,246.37200758020936,2.4970738645570703,2.42584137676672,0.5225543975830078,1.3722190856933594,1.892569065093994,1.9976253509521484,2.000269889831543,2.00314998626709,2.0059781074523926,2.008704662322998,1
0.6277534706742391,39.45173775110556,212.0730055238944,2.29742623590159,2.8715664452162897,0.4990699291229248,1.2807865142822266,1.7867438793182373,1.9992954730987549,2.094358205795288,2.1577179431915283,2.2095229625701904,2.254281759262085,1
0.3967416439414547,35.262666691902474,120.94461910763503,2.400350642985861,2.480755574451838,0.7016775608062744,2.0127646923065186,2.916076898574829,3.246537923812866,3.316923379898072,3.3376166820526123,3.355337858200073,3.371983766555786,23
0.3319253612409867,127.88291474503788,249.8470322117369,2.8440085618977404,2.141337543752392,0.3063693046569824,0.5526680946350098,0.6691772937774658,0.736607551574707,0.7888851165771484,0.8321390151977539,0.8689150810241699,0.9010157585144044,21
0.452405732553449,7.558433675477558,147.590659531201,2.960079329462625,2.8895177516832504,0.8860247135162354,2.7164969444274902,4.337181091308594,5.217345237731934,5.432117462158203,5.469379425048828,5.470856666564941,5.470937728881836,7
0.3590883446569193,143.25254117149967,110.40106480151226,2.411986146053319,2.014968775453483,0.3404514789581299,0.6932799816131592,0.9027893543243408,1.0250818729400637,1.1120142936706543,1.1839299201965332,1.245693922042847,1.2976555824279783,10
0.5603393649791171,65.9994534462015,141.0564000061821,2.7690543718430027,2.131689446195882,0.4157824516296386,0.9472451210021972,1.2821478843688965,1.4623937606811523,1.58135986328125,1.6711978912353516,1.7435808181762695,1.808352947235108,20
0.3154256637762701,42.99574257321574,251.79691616833696,2.097105253342837,2.1836805206014063,0.4764308929443359,1.205573797225952,1.596830129623413,1.6255629062652588,1.6263341903686523,1.6269781589508057,1.627077579498291,1.6271276473999023,1
0.5033014054898,183.77737690406693,176.3202389817249,2.570128054809196,2.319357030461892,0.2289350032806396,0.3710653781890869,0.4881043434143066,0.5876388549804688,0.6747026443481445,0.7519917488098145,0.8205604553222656,0.8824708461761475,17
0.304893918601207,49.16143354972897,189.0247160184048,2.489967166865424,2.4686579074703787,0.602398157119751,1.6755166053771973,2.386312484741211,2.574545383453369,2.583005905151367,2.5877132415771484,2.592184066772461,2.596449851989746,0
0.5314558477616707,107.69173823793535,112.36143905657588,2.3680201989240173,2.357125630157586,0.3601830005645752,0.7560162544250488,1.0243480205535889,1.205690622329712,1.342475652694702,1.4529259204864502,1.5415797233581543,1.6186530590057373,10
0.3876535963301232,21.61795458558037,148.29409514918848,2.496121621669952,2.0751716234923805,0.6611456871032715,1.8460040092468264,2.6027746200561523,2.8359832763671875,2.8685555458068848,2.8720669746398926,2.876295566558838,2.880343437194824,0
0.3836437787646266,14.680903052239485,256.85890496415334,2.7710792631569934,2.501539213974117,0.6270930767059326,1.780567646026611,2.5998735427856445,2.823349475860596,2.8238563537597656,2.8240842819213867,2.8241066932678223,2.823493480682373,1
0.4391179523125385,56.90269015634615,254.72039555236464,2.513849138174,2.997576967088593,0.5162332057952881,1.3676104545593262,1.943077564239502,2.1318106651306152,2.166566848754883,2.189697265625,2.2104291915893555,2.2290492057800293,1
0.5885191462979247,78.72098368558703,131.95121593511226,2.349029213557228,2.1236919890264088,0.3583383560180664,0.7550492286682129,1.0192506313323977,1.1932373046875,1.319371223449707,1.4209659099578855,1.5041115283966064,1.5741009712219238,10
0.4766756401083234,18.60941728045725,213.947034859459,2.484994147394109,2.746185915743089,0.6640229225158691,1.9177923202514648,2.8284716606140137,3.1421704292297363,3.162020683288574,3.1627988815307617,3.1631336212158203,3.163085460662842,1
0.6263902915441717,149.65226148565864,232.51319195225904,2.464554522671397,2.775461484501043,0.2403218746185302,0.4031388759613037,0.5396630764007568,0.6582748889923096,0.7619097232818604,0.8535559177398682,0.9354979991912842,1.008753538131714,17
0.5161061065824383,10.47117322474302,167.23452386736523,2.816136128067358,2.444067478187348,0.7456142902374268,2.170040845870972,3.225019216537476,3.648878335952759,3.751641988754273,3.757742166519165,3.757711172103882,3.7576706409454346,23
0.4690021060526138,127.49599535330812,264.7332187761268,2.9094973643969624,2.14738526191079,0.244164228439331,0.3853418827056885,0.4772717952728271,0.5516214370727539,0.614229679107666,0.667837381362915,0.7150299549102783,0.7562611103057861,17
0.5345370274704156,12.21705625463584,121.91061176057006,2.7624670095935846,2.126304307295638,0.7388231754302979,2.0906524658203125,3.00987195968628,3.376886367797852,3.4931607246398926,3.5234193801879883,3.5328474044799805,3.541686534881592,23
0.3976695350632512,36.137318146646194,232.0514887902312,2.7295640098312832,2.082863931345112,0.4866013526916504,1.223634958267212,1.6262357234954834,1.688528299331665,1.6923954486846924,1.6967427730560305,1.7009098529815674,1.7048256397247314,1
0.5263176831266276,13.619081130825112,228.31471759169312,2.5205305999475134,2.614860000463016,0.6426279544830322,1.832400798797608,2.668703079223633,2.927001953125,2.9368863105773926,2.937312126159668,2.937197685241699,2.937154769897461,1
0.4444906105418584,72.96798567260994,215.90231592230617,2.160985133724801,2.517134768658195,0.4276626110076904,1.0168917179107666,1.3613934516906738,1.489039421081543,1.5536603927612305,1.6037495136260986,1.6449601650238037,1.6796996593475342,1
0.4253083183277997,7.179286559899781,226.28740317349013,2.6678169966919696,2.691292208108868,0.7263188362121582,2.153806686401367,3.2898507118225098,3.7546067237854,3.791428565979004,3.791998863220215,3.792177200317383,3.7927422523498535,23
0.3167434434825437,16.07343761844287,113.12537167017716,2.9856686535369064,2.683554168967097,0.8947110176086426,2.719288349151612,4.307786464691162,5.131436347961426,5.313555717468262,5.363951683044434,5.371675491333008,5.372554779052734,7
0.3634964934887166,124.69957120851387,247.2890643390796,2.23783253695882,2.498422233946673,0.3382043838500976,0.6777267456054688,0.8652129173278809,0.9633548259735109,1.034226655960083,1.0908546447753906,1.1370885372161863,1.1758811473846436,21
0.3962691677929802,14.398078144561376,244.6238342726412,2.5106395921617737,2.767631860820638,0.672584056854248,1.9724040031433103,2.965105056762696,3.316179752349853,3.324916362762451,3.324672222137451,3.325098991394043,3.3245444297790527,23
0.3634398413468676,12.845321847274704,233.9521691113773,2.541243204824541,2.5493257030293943,0.6620945930480957,1.9136061668396,2.826432228088379,3.10550308227539,3.108610153198242,3.1087708473205566,3.108330726623535,3.1078124046325684,1
0.6050908847938359,93.9951151169457,125.20739162311833,2.04909115994723,2.167623028539173,0.2994771003723144,0.5857985019683838,0.7933719158172607,0.9515881538391112,1.0760443210601809,1.1777207851409912,1.2624287605285645,1.333092451095581,10
0.5150931773289494,34.88016841095648,146.3148834790962,2.7781082220115536,2.7106174854350065,0.658775806427002,1.8599987030029297,2.690903663635254,3.0285067558288574,3.136042594909668,3.1827197074890137,3.219773769378662,3.253170967102051,23
0.62067105828882,58.06412593767644,178.0577803187347,2.5772094154560667,2.495116623522493,0.4281489849090576,0.9867238998413086,1.349034070968628,1.5437724590301514,1.6703603267669678,1.765500783920288,1.840118646621704,1.9025585651397705,20
0.6194849657111061,16.802228923865062,118.75776670687192,2.013317072470454,2.321983847493766,0.6724929809570312,1.8723649978637693,2.622361660003662,2.8858847618103027,2.9610157012939453,2.9940571784973145,3.0214715003967285,3.046241283416748,0
0.5412541066352368,7.5678147639774735,241.896827600494,2.705711962125635,2.0560394091425844,0.568171501159668,1.5301382541656494,2.100704908370972,2.1906559467315674,2.190051317214966,2.1895267963409424,2.1898868083953857,2.190333604812622,1
0.3525037669750501,114.35779399882986,145.20733293408583,2.3103771825271897,2.226664543052458,0.4061293601989746,0.920825719833374,1.2102446556091309,1.3265185356140137,1.3984298706054688,1.4564692974090576,1.5072805881500244,1.550790786743164,21
0.509460767280371,197.8502316842253,235.5263567695852,2.3777535584342786,2.5761858358306275,0.2073559761047363,0.314422607421875,0.4089128971099853,0.490898847579956,0.5640223026275635,0.6302182674407959,0.6905970573425293,0.7451972961425781,17
0.4400248960506221,121.8784996955526,138.52826280780482,2.9366958968268024,2.879022514739696,0.464144229888916,1.103635311126709,1.5374369621276855,1.762163162231445,1.9016227722167969,2.008439064025879,2.095666885375977,2.1675968170166016,20
0.6456988911648336,72.54034425780439,206.1236763339009,2.747060823895235,2.119517770973442,0.3085808753967285,0.5969676971435547,0.7955367565155029,0.9378542900085448,1.0475807189941406,1.135967254638672,1.2074337005615234,1.268104076385498,10
0.6038822127175667,81.55282753841963,262.6938351281134,2.4851643461589306,2.469142460003797,0.308469295501709,0.5846524238586426,0.7676036357879639,0.8975720405578613,0.9974424839019777,1.0791192054748535,1.1465237140655518,1.202744722366333,10
0.5340016526618765,8.08752990261849,257.94181566674683,2.523704272208217,2.5357459077001367,0.6254100799560547,1.7754545211791992,2.582864761352539,2.7961387634277344,2.795281887054444,2.795351028442383,2.794358253479004,2.793983459472656,1
0.5619920503831848,34.54887303335226,210.2403537297749,2.341482915396941,2.21307481626038,0.4707696437835693,1.1556782722473145,1.5444450378417969,1.6640043258666992,1.7092533111572266,1.742778778076172,1.770838737487793,1.7947912216186523,1
0.3547547738851452,29.95903874417332,197.90181551894824,2.5112552495008424,2.0931399822408143,0.5624918937683105,1.505791187286377,2.055739402770996,2.1581039428710938,2.15980863571167,2.1613712310791016,2.162975311279297,2.164526462554932,1
0.6397955873446284,6.458544717824298,232.7848884239531,2.8465381521613304,2.1287818185611584,0.59012770652771,1.6054060459136963,2.2351224422454834,2.382117986679077,2.3838207721710205,2.383772134780884,2.383439302444458,2.383044481277466,1
0.3127357440293913,112.26469884603188,157.03486942814513,2.008828999249144,2.2984076485018297,0.4182064533233642,0.98350191116333,1.2853460311889648,1.3777308464050293,1.429945468902588,1.4724254608154297,1.508056879043579,1.539849042892456,0
0.3939240629404317,88.76281064572069,168.10581661859453,2.696055370406787,2.751105346837998,0.5211825370788574,1.3553845882415771,1.903505563735962,2.107817888259888,2.187372922897339,2.2459051609039307,2.2959821224212646,2.3400700092315674,0
0.3295996608441831,20.18140880371058,229.6879968375663,2.747847397521264,2.966064447657934,0.7205569744110107,2.148808717727661,3.310166597366333,3.818766832351685,3.865576028823853,3.866446733474731,3.866084337234497,3.8664023876190186,23
0.347610042888786,22.47926790488896,118.3085266717009,2.293603187266722,2.485773463053804,0.7836265563964844,2.321087598800659,3.4970462322235107,3.963486909866333,4.039470672607422,4.044865608215332,4.047955513000488,4.05113697052002,23
0.3762846663585756,12.613697973726866,182.43910999163217,2.031352212719492,2.911462693938075,0.7504251003265381,2.299927234649658,3.5839991569519043,4.151423454284668,4.184070110321045,4.183741092681885,4.184091567993164,4.183825492858887,23
0.6278604382525652,10.359804154803816,175.55635808532355,2.773991578038752,2.1171523145854048,0.6242086887359619,1.6993374824523926,2.366403102874756,2.582791805267334,2.6243972778320312,2.627059936523437,2.630544662475586,2.6337814331054688,0
0.5291412078018976,153.42364340006384,226.7197212665605,2.1675895986696783,2.299007045586124,0.2031786441802978,0.3159105777740478,0.4117782115936279,0.4938857555389404,0.5656702518463135,0.6291830539703369,0.6863336563110352,0.7373266220092773,17
0.4981511979797509,40.30292339379174,161.54960021770043,2.198517543976445,2.487879560442209,0.5630054473876953,1.5085105895996094,2.086085319519043,2.2717227935791016,2.326645374298096,2.36430025100708,2.3977913856506348,2.427859306335449,0
0.5484451691409908,43.29505805117431,190.47359333286408,2.029096283572493,2.6299823325038854,0.5012762546539307,1.304905652999878,1.7968299388885498,1.9673023223876955,2.03410005569458,2.0843982696533203,2.126422882080078,2.162458896636963,0
0.6409888640181669,88.06385583390036,179.85441886645657,2.188028230097447,2.0226566639331693,0.2555990219116211,0.4626889228820801,0.6188313961029053,0.7429516315460205,0.8431558609008789,0.9271671772003174,0.9982030391693116,1.0598788261413574,17
0.6482616355502014,9.326813639174956,121.84787618219532,2.928244815478438,2.154348741730843,0.7321233749389648,2.047681331634521,2.9248476028442383,3.2996296882629395,3.441476821899414,3.489830493927002,3.509352684020996,3.524550437927246,23
0.5669270156712144,13.993775974276474,143.35093576098217,2.834646076883537,2.794230686533893,0.7874915599822998,2.33045506477356,3.5156595706939697,4.058372497558594,4.2224626541137695,4.26118278503418,4.269441604614258,4.276601791381836,23
0.5114277782915161,212.8662737717778,116.77414949659942,2.435291460317751,2.0494076044815777,0.1800084114074707,0.2789227962493896,0.3719241619110107,0.4539685249328613,0.5278744697570801,0.594994306564331,0.6567850112915039,0.7128322124481201,16
0.4288379704067951,124.65501050132474,234.8163673182665,2.5756275611204456,2.1849348976327656,0.285707950592041,0.5050754547119141,0.6365652084350586,0.7308294773101807,0.8048551082611084,0.8646855354309082,0.9149665832519532,0.9590425491333008,17
0.3168107247948118,14.123037609059285,199.85436839255635,2.6631921936909,2.412073887741089,0.697821855545044,2.024362564086914,2.998051166534424,3.3304543495178223,3.353163719177246,3.353672981262207,3.354011058807373,3.353866577148437,23
0.5423584597523281,96.66448989780687,119.23347993480309,2.68574628831282,2.462535293432686,0.407283067703247,0.9078123569488524,1.2441716194152832,1.4507105350494385,1.5958783626556396,1.709541082382202,1.8057444095611568,1.8861243724823,20
0.5691007283259957,118.00173581650516,170.72898673889517,2.7992495790813314,2.0189294032714904,0.2499980926513672,0.4372446537017822,0.5795652866363525,0.6958596706390381,0.7928833961486816,0.8769326210021973,0.9485478401184082,1.010587453842163,17
0.3809286768474805,15.013967807239712,108.61802487031268,2.859092093469286,2.7400578890705214,0.8956081867218018,2.7256829738616943,4.298221588134766,5.105900764465332,5.304502487182617,5.355474472045898,5.364213943481445,5.365776062011719,7
0.4471649889045617,43.994364470787374,185.69683107476283,2.338876946437308,2.6108647973120664,0.5713582038879395,1.5540194511413574,2.186588764190674,2.3786206245422363,2.416471481323242,2.440761089324951,2.463079929351806,2.4835867881774902,0
0.5298098742457257,20.51398432760493,260.0829417590471,2.7706295054564825,2.404999574339014,0.54042649269104,1.4345111846923828,1.9923410415649407,2.120034694671631,2.121220111846924,2.121509075164795,2.121721267700196,2.1218481063842773,1
0.6131363388280029,44.672828286992846,212.955510395978,2.873502525701913,2.95907972513376,0.5302844047546387,1.3665587902069092,1.9432346820831297,2.206288576126098,2.3233091831207275,2.401679277420044,2.4655754566192627,2.518894910812378,1
0.4972007290167126,10.201342849728247,187.82332190326983,2.7296718665532587,2.625878944135262,0.7481169700622559,2.2075865268707275,3.3354623317718506,3.815419435501098,3.899263620376587,3.899803400039673,3.899700403213501,3.899760007858277,23
0.5518024515316681,7.045027511871106,207.3112086947512,2.7151742564928965,2.743883989529041,0.7390155792236328,2.188068628311157,3.317476511001587,3.7923343181610094,3.86110520362854,3.8605706691741934,3.8604676723480233,3.860565900802612,23
0.5524547463022458,41.84981006488466,238.23121867116484,2.7089536483136767,2.9000737329877486,0.5340278148651123,1.406791925430298,1.9976751804351809,2.220806360244751,2.287519693374634,2.326969861984253,2.3614370822906494,2.3915441036224365,1
0.5636597968757555,27.626043861368817,134.62000284104272,2.1628353172293675,2.0599066279998346,0.5625483989715576,1.464984655380249,1.9746315479278564,2.14103627204895,2.205103635787964,2.250282526016236,2.288769006729126,2.322285413742065,0
0.6417133511688332,23.26901359792496,125.97518432385608,2.700512724348949,2.372292111305223,0.6384656429290771,1.7368624210357666,2.43854022026062,2.737973928451538,2.87165904045105,2.94488263130188,3.0000808238983154,3.047468900680542,23
0.6411010557103487,23.050576991719904,264.4563655320245,2.983809019776871,2.5332868918669704,0.5143578052520752,1.3172149658203125,1.829316139221192,1.9989104270935056,2.031212329864502,2.04531478881836,2.057700157165528,2.0685911178588867,1
0.5569542261575575,76.06400404005586,163.28946243042964,2.8252291886196206,2.981647542817586,0.4910032749176025,1.207909345626831,1.700683355331421,1.9566962718963623,2.106738805770874,2.216868162155152,2.3090298175811768,2.386236429214477,20
0.425755395349729,31.61730598858661,212.00663157216408,2.337930805419868,2.0319401633425875,0.4951796531677246,1.256477117538452,1.656348705291748,1.7158794403076172,1.7211689949035645,1.72723388671875,1.732980251312256,1.7383475303649902,1
0.4183579660655502,11.51136809877972,231.3295725051593,2.519633960821632,2.650495551692501,0.6821105480194092,1.9948787689208984,2.9832887649536133,3.326198101043701,3.337675094604492,3.337574958801269,3.337798595428467,3.337244033813477,23
0.3691087750251709,19.01458836854152,110.4853251092178,2.6032732183287424,2.364799095009372,0.8023927211761475,2.3564069271087646,3.5380423069000244,4.015012741088867,4.138912200927734,4.163189888000488,4.167607307434082,4.172501564025879,23
0.3564917011492343,13.168195135481186,223.9686309355858,2.5813212705665443,2.126545371061282,0.6061553955078125,1.6780622005462646,2.3523123264312744,2.484103441238404,2.483361005783081,2.4826905727386475,2.482835531234741,2.4833924770355225,1
0.3310799664955167,119.34144934417236,141.6251273182663,2.6238516785728168,2.848866972883466,0.519599437713623,1.358684539794922,1.914439678192139,2.1157994270324707,2.192549228668213,2.2503151893615723,2.3008384704589844,2.3459043502807617,0
0.3804203872844289,13.042506294151716,181.50726446231505,2.191178924152531,2.5923497414036336,0.7301187515258789,2.168888568878174,3.271436214447021,3.6745762825012207,3.6975488662719727,3.6976823806762695,3.697684764862061,3.6975598335266113,23
0.46448547117102,185.0623135707862,122.98149689268412,2.89487538599614,2.594338144896884,0.3126280307769775,0.586864709854126,0.7831542491912842,0.9395692348480223,1.0676021575927734,1.175765037536621,1.2692532539367676,1.3507838249206543,10
0.5283713146845401,11.492857914072603,218.78423138987063,2.8833731222168923,2.545538987183382,0.6704368591308594,1.9183006286621087,2.8095293045043945,3.1278939247131348,3.161597728729248,3.161795139312744,3.162029266357422,3.162060260772705,1
0.6307895984641632,7.61224883596818,139.4444971947336,2.7858159189416054,2.670055721724032,0.8161907196044922,2.418044090270996,3.664780616760254,4.231482982635498,4.408731460571289,4.448161602020264,4.450260639190674,4.451969623565674,23
0.3830378972354689,29.811933911448527,146.6619908809241,2.5775458019339617,2.6096702406110643,0.7229220867156982,2.1084344387054443,3.1232755184173584,3.5197832584381104,3.59545636177063,3.6039559841156006,3.6109015941619873,3.6177122592926025,23
0.6049705949202662,186.28819152645048,168.34373133138826,2.8336287850686186,2.958211280309232,0.2682156562805176,0.4601936340332031,0.6241106986999512,0.767021894454956,0.8933172225952148,1.0057272911071775,1.1059613227844238,1.1962172985076904,17
0.6062113422317966,43.58166761170565,109.86823916195787,2.439257750989109,2.1291800435712376,0.5005488395690918,1.236320972442627,1.677289962768555,1.882440090179444,2.007901668548584,2.1009669303894043,2.176701068878174,2.238034248352051,20
0.5529797943670789,7.092910053020933,237.92410880004968,2.612555884139348,2.99888175537699,0.72395920753479,2.163717031478882,3.3246209621429443,3.836679220199585,3.882847547531128,3.883772134780884,3.883474111557007,3.884036779403688,23
0.3986374432750565,7.722885752518369,110.55119083580612,2.3724459514591203,2.153210702983149,0.8228991031646729,2.430496454238892,3.6875178813934326,4.18051815032959,4.261431694030762,4.272762298583984,4.273348808288574,4.273802757263184,23
0.649836601708501,71.14376763467234,176.11698075296889,2.4912216605505453,2.528014857301446,0.3778896331787109,0.8110907077789307,1.1086010932922363,1.303968906402588,1.447610855102539,1.5601210594177246,1.650641918182373,1.7262024879455566,10
0.6339564909420362,70.2160519779258,150.966862683469,2.392747703322008,2.657274558261865,0.416978120803833,0.9480924606323242,1.3066246509552002,1.524306058883667,1.6780998706817627,1.795846700668335,1.8899381160736084,1.9728257656097408,20
0.4280759645478381,26.9284663784624,197.0597534278013,2.70747611750137,2.4645331530715167,0.6315336227416992,1.7720086574554443,2.540015459060669,2.7876198291778564,2.813571214675904,2.816890478134156,2.82079815864563,2.824608087539673,1
0.3648443071101622,6.171691492331108,222.6305772888678,2.050935994620525,2.186644030267629,0.6302719116210938,1.7818505764007568,2.5449204444885254,2.6724772453308105,2.6732726097106934,2.674285888671875,2.6736502647399902,2.6733994483947754,1
0.5522422952345183,25.049674647751363,104.62829345598108,2.4806276289780165,2.856267624421542,0.7523915767669678,2.209669589996338,3.265585899353028,3.727908134460449,3.882566928863525,3.943338871002197,3.9821677207946777,4.015621185302734,23
0.4383833424802743,20.57260691148786,204.59670683099256,2.8852906888121885,2.938905037577648,0.7298908233642578,2.1657986640930176,3.302677631378174,3.815840721130371,3.9092612266540527,3.9111461639404297,3.9112839698791504,3.911296367645264,23
0.5694644005341878,27.37891523446534,241.7186719969689,2.544469745313614,2.368601925142101,0.4969854354858398,1.257765769958496,1.7098917961120603,1.8307390213012693,1.852656364440918,1.8682293891906736,1.8820180892944336,1.8941564559936523,1
0.6451328480235883,190.04321390530745,181.75675340876205,2.289730748331792,2.9475480899970763,0.2116842269897461,0.3499672412872314,0.4791092872619629,0.5952479839324951,0.7004842758178711,0.7963838577270508,0.8841531276702881,0.9645705223083496,17
0.3501374863820661,81.33078943500912,121.62585332288938,2.1165307226468086,2.7730937749733684,0.579554557800293,1.618621826171875,2.295858144760132,2.516743898391724,2.574420213699341,2.616666078567505,2.6550214290618896,2.689234972000122,0
0.5022746728247862,120.71812375644278,108.9627697999439,2.313536864177809,2.7903143259039727,0.402491807937622,0.9035086631774902,1.240741729736328,1.4516324996948242,1.600943088531494,1.7212529182434082,1.821643352508545,1.9038329124450684,20
0.3400624117913756,158.63211957047042,147.7763828008354,2.359948192062828,2.824063978670105,0.414912462234497,0.9601573944091796,1.3020484447479248,1.4632372856140137,1.5633792877197266,1.6443347930908203,1.7117080688476562,1.7688655853271484,20
0.3756046677798237,123.79966911801306,123.5451250673847,2.4499943103512734,2.026289809318836,0.3588848114013672,0.7566921710968018,0.984766721725464,1.1071138381958008,1.1952221393585205,1.265047311782837,1.3234584331512451,1.37251877784729,21
0.3060344312555663,22.71195594445268,251.3996925899456,2.670401550089989,2.4618301295824985,0.6073193550109863,1.7049775123596191,2.456909656524658,2.6350560188293457,2.6341867446899414,2.634385108947754,2.633384227752685,2.6333460807800293,1
0.3814613107862693,43.6702837999002,182.0065398643303,2.757906378200558,2.0237939164424583,0.5131096839904785,1.3187870979309082,1.7621026039123535,1.866096019744873,1.886657238006592,1.9032230377197263,1.9184651374816888,1.93270206451416,0
0.337278655021462,51.58387300171973,179.71788493102952,2.1242885233609874,2.719518340416079,0.6077344417572021,1.7318496704101562,2.5001957416534424,2.719113111495972,2.7315666675567627,2.7395198345184326,2.747238874435425,2.754624605178833,0
0.3656633529772897,16.321144415127268,160.76028217018484,2.510313681910953,2.593014650935308,0.7676281929016113,2.2814860343933105,3.471891403198242,3.96319580078125,4.043867111206055,4.044527530670166,4.044559955596924,4.044658184051514,23
0.5083967691403508,8.93491400923141,224.43130965562688,2.095442138049219,2.175307542215721,0.5861587524414062,1.6047797203063965,2.217970132827759,2.3072526454925537,2.307594060897827,2.3088419437408447,2.3087027072906494,2.307673692703247,1
0.3038473130061387,111.99448684757265,156.59697153713762,2.0607142459390304,2.212992022362408,0.4181950092315674,0.9780063629150392,1.2729060649871826,1.359447717666626,1.4089040756225586,1.4498140811920166,1.4847118854522705,1.514932632446289,0
0.5794729997596465,175.6691462479721,100.62325123669922,2.7889515885724543,2.384800277890463,0.2559211254119873,0.4527852535247803,0.6176137924194336,0.7595365047454834,0.8828575611114502,0.992077112197876,1.0890045166015625,1.1752040386199951,16
0.3997917804255038,8.855945786119134,231.0712722757584,2.59296373525658,2.052668424325037,0.5790703296661377,1.5693018436431885,2.154500722885132,2.2412631511688232,2.241002321243286,2.241097211837769,2.241926431655884,2.2421438694000244,1
0.348485382358466,174.05593610770154,106.89536630959472,2.0258061410906034,2.8797056745592964,0.3902556896209717,0.8998775482177734,1.2236976623535156,1.3942821025848389,1.5107877254486084,1.6024610996246338,1.677490234375,1.7405858039855957,20
0.5826739204142368,10.428228441586665,160.10787402784464,2.6257777552936274,2.7582747878841003,0.7794938087463379,2.318720817565918,3.5160446166992188,4.050741195678711,4.184771060943604,4.198861122131348,4.199326515197754,4.200307846069336,23
0.4965725140198607,122.64815920775249,244.6582865534903,2.86120972207292,2.031082407429091,0.2294261455535888,0.3585298061370849,0.4501585960388183,0.5254688262939453,0.5884652137756348,0.6437487602233887,0.691281795501709,0.7326903343200684,17
0.4810778144788954,210.5007005527696,198.6372155659019,2.0487913419798183,2.7351562960373896,0.2043714523315429,0.3238170146942138,0.4285755157470703,0.5197522640228271,0.6009640693664551,0.6738531589508057,0.7401406764984131,0.8003835678100586,17
0.4751728163907797,6.913406604579396,169.38675908746242,2.628330562689189,2.040804411267322,0.6792547702789307,1.912593364715576,2.7242798805236816,2.9746365547180176,3.0017685890197754,3.002408504486084,3.002450466156006,3.0024752616882324,0
0.6338131686326084,174.63446327129995,171.4039682524932,2.4628992407857777,2.0720236789651127,0.1687846183776855,0.2599680423736572,0.348865270614624,0.4281630516052246,0.4999682903289795,0.5658659934997559,0.6262643337249756,0.6819653511047363,17
0.4235846039251933,64.16828196638663,170.07860829123103,2.1338682733954832,2.242475568412991,0.4609675407409668,1.128138303756714,1.4962797164916992,1.607701301574707,1.6602606773376465,1.7021636962890625,1.73724365234375,1.767381191253662,0
0.469766753977317,20.06695507766715,252.46579265409216,2.6083601234901463,2.0522013397186294,0.4854035377502441,1.2200260162353516,1.6062581539154053,1.6426126956939695,1.643115758895874,1.6434190273284912,1.6438252925872805,1.643996000289917,1
0.4815878031162117,121.29727043204358,110.35617695615387,2.1500456961282675,2.1122568135809217,0.3123703002929687,0.6152706146240234,0.820542573928833,0.9666738510131836,1.0786325931549072,1.167802333831787,1.2419781684875488,1.3076329231262207,10
0.4138059634185466,31.988029157515328,200.39232490291784,2.912013603928902,2.708961361332768,0.6585214138031006,1.87952184677124,2.762392997741699,3.0926098823547363,3.1432347297668457,3.1471738815307617,3.15197229385376,3.1566638946533203,1
0.4504733197705602,12.911763170058403,163.36361878363869,2.347488147219302,2.422791437100857,0.7238845825195312,2.103790283203125,3.103461742401123,3.459764003753662,3.5008039474487305,3.5010299682617188,3.501194953918457,3.501163482666016,23
0.5685322664211638,6.707685133736044,125.4351791810143,2.092352055744072,2.349851821473992,0.7865595817565918,2.315002202987671,3.4522883892059326,3.87384295463562,3.9363605976104736,3.937991380691528,3.9383890628814697,3.9394028186798096,23
0.3786263995265655,44.6075864537904,248.86110088770045,2.2716626526798285,2.0778388143535675,0.4356603622436523,1.0422601699829102,1.3421335220336914,1.3742780685424805,1.381340503692627,1.3881850242614746,1.3944361209869385,1.4000747203826904,1
0.555261325448495,79.2197014397603,196.0505359056795,2.0796863223270354,2.4657393237896628,0.3575570583343506,0.7609701156616211,1.0168349742889404,1.1726901531219482,1.2827725410461426,1.3676879405975342,1.435067892074585,1.4921481609344482,10
0.597061143779392,145.60405729028233,230.9038847994963,2.7361453015853545,2.165751583855997,0.1958775520324707,0.2973294258117676,0.388810396194458,0.4668745994567871,0.5362606048583984,0.5984034538269043,0.6553285121917725,0.7062582969665527,17
0.6232833731561435,77.53441812279343,220.8280496117688,2.648303450778996,2.266857101629799,0.3151264190673828,0.6120767593383789,0.8127663135528564,0.9558556079864502,1.0644471645355225,1.1506245136260986,1.2207279205322266,1.281240940093994,10
0.5398098034632757,77.80680122846069,246.5866228044144,2.6247125239668474,2.6642832664674643,0.3876998424530029,0.8416485786437988,1.1313045024871826,1.289341926574707,1.392378330230713,1.4702577590942385,1.5333623886108398,1.5873827934265137,10
0.374558023233086,7.757022786698578,219.74097315463115,2.2199083551596632,2.120166916550227,0.6236138343811035,1.7440648078918457,2.464452743530273,2.597458839416504,2.5968971252441406,2.5973048210144043,2.598141670227051,2.5970330238342285,1
0.5241301247945032,105.9916371953084,178.45838355496312,2.675968303918028,2.027667223288077,0.2811434268951416,0.5161504745483398,0.6765961647033691,0.7976834774017334,0.894310474395752,0.9732203483581544,1.037778377532959,1.091615915298462,10
0.5637746226082485,217.8670289922826,230.58244163859493,2.964552035965794,2.454613810933337,0.1871581077575683,0.2692656517028808,0.3498721122741699,0.4217593669891357,0.4873802661895752,0.5471091270446777,0.6024658679962158,0.6539111137390137,3
0.4551169624413782,38.40518470139564,106.40708383942216,2.040892976247919,2.585861176492739,0.6674344539642334,1.906629085540772,2.723019599914551,3.007919311523437,3.0787315368652344,3.115631103515625,3.1473302841186523,3.1755261421203613,23
0.4003036853319247,65.55337657205797,170.6653596939994,2.694636474977779,2.3965355667078176,0.5230600833892822,1.3552634716033936,1.862820386886597,2.028228998184204,2.0847246646881104,2.1264431476593018,2.163126230239868,2.1953365802764893,0
0.4908422207763591,15.26184130714216,138.46632810236375,2.5561119175843348,2.586563338175555,0.7745709419250488,2.281534194946289,3.424091339111328,3.906439304351807,4.01839542388916,4.032514572143555,4.036068439483643,4.040440082550049,23
0.4542957509647661,68.68862094694481,155.11829372384997,2.241944682153276,2.4945001124833635,0.4881715774536133,1.228182315826416,1.669804334640503,1.8316550254821773,1.911953449249268,1.9742703437805176,2.027132511138916,2.072682380676269,0
0.6281008752864203,67.34010524197379,113.4752516736639,2.9968223549734065,2.0307551742606287,0.3767633438110351,0.8181381225585938,1.1202616691589355,1.3168416023254397,1.458984375,1.5691938400268557,1.6627674102783203,1.741668701171875,10
0.360423054114983,17.816412433810477,256.3495634948333,2.600509953113555,2.7315522351930968,0.6458296775817871,1.863072633743286,2.770451307296753,3.0538809299468994,3.055206060409546,3.055211305618286,3.0555574893951416,3.054619073867798,1
0.4403788394123591,8.121445295064571,236.0421747859461,2.129182087842932,2.159653230533585,0.5858213901519775,1.6117205619812012,2.236579656600952,2.317246198654175,2.3183114528656006,2.3196589946746826,2.31911301612854,2.3180172443389893,1
0.3179816021806701,11.703562723102916,210.7400351597773,2.340978417639983,2.238116700090557,0.6449236869812012,1.821350574493408,2.611618995666504,2.79544734954834,2.7944869995117188,2.793898582458496,2.794417381286621,2.7949161529541016,1
0.3184845563096418,22.975234323205303,111.0449540384598,2.527458338884988,2.717995901984503,0.8514766693115234,2.588603973388672,4.048922538757324,4.754270076751709,4.892538070678711,4.913611888885498,4.915822982788086,4.917943954467773,23
0.5214362736963598,22.358444555857805,178.02366812858855,2.3745540694286964,2.6006681354752264,0.6520359516143799,1.8496057987213133,2.66582989692688,2.9476077556610107,2.9903323650360107,2.9980690479278564,3.0063393115997314,3.0142152309417725,0
0.3282088069430963,11.371733487083612,205.38067925143585,2.0436183968309667,2.8345498910361187,0.7244577407836914,2.2047696113586426,3.409107685089112,3.9054417610168457,3.9159750938415527,3.915928363800049,3.915334701538086,3.915685176849365,23
0.5819807108148758,15.51209007704496,119.15674237711852,2.5996405349085405,2.878871335926336,0.8077478408813477,2.4154961109161377,3.66334080696106,4.24818229675293,4.422613143920898,4.476193428039551,4.496233940124512,4.511480331420898,23
0.5780603880114051,129.36741247079397,257.6859675553759,2.15265887402768,2.65294554149398,0.2403187751770019,0.4063854217529297,0.5357949733734131,0.6443626880645752,0.7371129989624023,0.8177430629730225,0.8882331848144531,0.9508638381958008,17
0.4800936701041433,41.04300571393212,163.31267786802658,2.21436387902135,2.521820009968758,0.5765087604522705,1.5656533241271973,2.184786319732666,2.3777480125427246,2.428102493286133,2.4611949920654297,2.490626811981201,2.5186033248901367,0
0.3125583887315083,163.78116959599893,128.1620303077556,2.633241196785029,2.7946632939837315,0.4508314132690429,1.0817203521728516,1.4825963973999023,1.653010368347168,1.7458539009094238,1.818827629089356,1.8801274299621584,1.9323334693908687,20
0.3026820681401189,55.94308054582641,258.79028887226025,2.0214151215704104,2.04019327346679,0.3964314460754394,0.9042441844940186,1.123298406600952,1.1339635848999023,1.139375925064087,1.1444814205169678,1.1491310596466064,1.1535043716430664,21
0.434762343792055,9.247090668114115,151.0691414851645,2.996636977117221,2.370261153852832,0.7933149337768555,2.331730365753174,3.5387282371521,4.050268650054932,4.177225112915039,4.195960521697998,4.196162223815918,4.196248531341553,23
0.3343759842846966,28.813142887608155,156.66900616501562,2.5860731448265457,2.208596193568057,0.6628239154815674,1.8691861629486084,2.6668789386749268,2.9118731021881104,2.942742109298706,2.946077585220337,2.950187921524048,2.954242467880249,0
0.6259373061526177,15.799427909409212,222.8724746684489,2.161179969975562,2.9600613077955407,0.6247708797454834,1.8088290691375728,2.6536452770233154,2.945121049880981,2.96728253364563,2.968470811843872,2.9701907634735107,2.972037076950073,1
0.3260844131628913,95.08396025186993,100.32798818295332,2.571625525971969,2.095593471234179,0.4980995655059814,1.254171371459961,1.6768829822540283,1.8180725574493408,1.8847839832305908,1.9394257068634035,1.98682713508606,2.0286433696746826,0
0.4186979243858058,33.13643722047288,243.04334083358205,2.568475929935168,2.409936072684941,0.5374767780303955,1.4284451007843018,1.9796736240386963,2.092103719711304,2.094166040420532,2.0964906215667725,2.098864316940308,2.101152181625366,1
0.4666001179853901,14.92350667619567,100.35085160517995,2.017490501786096,2.335137382310005,0.7836344242095947,2.2980451583862305,3.394437313079834,3.7930445671081534,3.861472606658936,3.8720717430114746,3.879225730895996,3.8861823081970215,23
0.541332265473804,63.07174918822877,262.27495799957774,2.646635235267437,2.877882384050033,0.4451041221618652,1.0592620372772217,1.460209846496582,1.6413812637329102,1.7337570190429688,1.8008222579956057,1.855238914489746,1.900765419006348,1
0.5900896672514121,21.03319932412696,178.3475458632285,2.6941775736480653,2.9363147854757456,0.6862599849700928,1.9825117588043213,2.924848794937134,3.317232847213745,3.418063879013061,3.4436047077178955,3.460201501846313,3.4760024547576904,23
0.3692505381527523,33.03308054177658,107.65893260121308,2.555737062233362,2.342870155993973,0.7318580150604248,2.0994515419006348,3.055516242980957,3.422105312347412,3.514300346374512,3.5368690490722656,3.552076816558838,3.5662851333618164,23
0.3465459141038091,113.4844142682761,130.96010342666426,2.3625602229050613,2.42644618974475,0.4579112529754638,1.112555980682373,1.4954569339752195,1.6350312232971191,1.7122154235839844,1.7746553421020508,1.8276143074035645,1.873340129852295,0
0.5210007774431733,9.377392938519607,129.83837407028054,2.540486143691256,2.084447066136916,0.7344422340393066,2.085812568664551,3.0053958892822266,3.339806079864502,3.421473503112793,3.428398609161377,3.431081771850586,3.43410873413086,23
0.455482467523385,213.6265083505756,141.7483146669187,2.7158419454787124,2.892309662093521,0.3004662990570068,0.5442357063293457,0.7235407829284668,0.8712677955627441,0.9951505661010742,1.1021852493286133,1.1958563327789309,1.2786498069763184,10
0.3586104361976236,9.56428761757212,187.2012895669286,2.574777710222082,2.063927330716832,0.6651566028594971,1.8762719631195068,2.67883038520813,2.8989202976226807,2.908976793289185,2.9090116024017334,2.908809900283813,2.9086034297943115,0
0.4297945743857453,200.74061283805065,136.935665431663,2.949579665311344,2.215830635915439,0.2503228187561035,0.4184403419494629,0.5446963310241699,0.650263786315918,0.7404816150665283,0.8196065425872803,0.8893227577209473,0.951439380645752,17
0.4982384257527536,25.667626502753524,257.5155965170667,2.9429624474386684,2.61172829778652,0.5674154758453369,1.536895751953125,2.1828417778015137,2.366073608398437,2.375514030456543,2.377647399902344,2.3795766830444336,2.3813695907592773,1
0.5056850054562807,187.05642064829988,237.1688787722105,2.5745838838012034,2.018451826971071,0.1602442264556884,0.2183742523193359,0.2757282257080078,0.3261535167694092,0.3713901042938232,0.4130620956420898,0.4509646892547607,0.4864728450775146,3
0.5986916430581457,86.52162823040794,185.144825604576,2.0809865652869504,2.9096201286579,0.3653843402862549,0.8003377914428711,1.098572015762329,1.2957382202148438,1.43985915184021,1.5542359352111816,1.6444451808929443,1.7226274013519287,10
0.3638325770135124,21.83932206499121,135.67647373749648,2.096993726521958,2.3608981146303587,0.7217142581939697,2.094531297683716,3.0672085285186768,3.3858563899993896,3.415100336074829,3.41692852973938,3.4195210933685303,3.4221184253692627,23
0.4880179314218294,21.942710635139186,122.59926113180327,2.701571955924343,2.7058975099464195,0.7790417671203613,2.29628586769104,3.437058210372925,3.941182851791382,4.095656394958496,4.13710880279541,4.154153823852539,4.169037818908691,23
0.4898421009739897,7.036163729859211,182.3233416632743,2.3344269529903805,2.2583733717016146,0.7003438472747803,2.018126964569092,2.9484658241271973,3.2390332221984863,3.255889892578125,3.2560067176818848,3.255697727203369,3.255558967590332,0
0.3994041116413139,16.57549986744148,179.07887637124804,2.0013016235406105,2.309084153223399,0.6625778675079346,1.8998363018035889,2.735542297363281,2.951569080352783,2.953090190887451,2.952765464782715,2.9530649185180664,2.953096866607666,0
0.3951399144968218,214.56469689011368,158.2857080655428,2.3949785150759686,2.025605954252994,0.1955699920654297,0.2894620895385742,0.3691973686218261,0.4376068115234375,0.4978742599487304,0.5521199703216553,0.6010501384735107,0.6451730728149414,2
0.388988784554268,8.4340001075488,151.35172800758397,2.229629443949352,2.4815190080760416,0.7873525619506836,2.354339122772217,3.612091541290283,4.108104228973389,4.1642937660217285,4.164184093475342,4.164212226867676,4.16419792175293,23
0.3094798280769251,116.9798820578128,235.77891113684743,2.056779165316985,2.8806976983496826,0.420978307723999,1.0285801887512207,1.4005274772644043,1.516840934753418,1.5625712871551514,1.6005313396453855,1.6331396102905271,1.6615684032440186,1
0.4743323601956863,18.98009982747344,249.06776276852747,2.4201291671598626,2.6264968058368123,0.6056251525878906,1.7036635875701904,2.4681203365325928,2.6714541912078857,2.6723458766937256,2.672214269638061,2.671839475631714,2.6715505123138428,1
0.4855161626375488,37.01838436756828,180.44744689605463,2.403182401424809,2.19967518937937,0.5286030769348145,1.3688969612121582,1.8571960926055908,1.9937870502471924,2.0330698490142822,2.061793088912964,2.087234735488892,2.109854459762573,0
0.4960413484503987,13.42830487510625,219.13042470035555,2.262925636199428,2.0903566257286097,0.5623490810394287,1.507441520690918,2.050003290176392,2.1315577030181885,2.131082773208618,2.1316006183624268,2.132037878036499,2.1319568157196045,1
0.6178535444714146,172.94133540302943,180.2620067945028,2.8124332337887474,2.489773526186609,0.2235684394836425,0.3651106357574463,0.4903852939605713,0.6002383232116699,0.6980478763580322,0.7860472202301025,0.8652925491333008,0.9373331069946288,17
0.5961134004635357,28.946832095814493,184.10574895438685,2.560650288478281,2.0967505908320407,0.4930799007415771,1.227889060974121,1.6484625339508057,1.7920587062835691,1.847545862197876,1.8864071369171145,1.9192025661468504,1.9477198123931885,0
0.3013097150601834,83.12452072938417,171.14595887176802,2.530385911320546,2.66652440887958,0.5637147426605225,1.5349774360656738,2.175053596496582,2.359686374664306,2.388711452484131,2.4105224609375,2.430914878845215,2.449800491333008,0
0.3760889214476204,16.434846845501912,133.6455549953162,2.0946418954916166,2.903523035551584,0.814910888671875,2.517744302749634,3.968051671981812,4.6775007247924805,4.766636848449707,4.767444610595703,4.767645835876465,4.767852783203125,23
0.5798822921724526,23.87927926393441,241.1819089218177,2.235542688999747,2.468232293108815,0.519174337387085,1.3559143543243408,1.86055850982666,1.9858989715576167,1.9976239204406736,2.0060129165649414,2.013784408569336,2.0208539962768555,1
0.515868213176544,128.4102521482821,124.77404476795058,2.213286188453617,2.678909704648686,0.3469772338867187,0.7197096347808838,0.9780056476593018,1.1609611511230469,1.30108642578125,1.4149408340454102,1.510671854019165,1.5918371677398682,10
0.6424869501743815,58.8509765768971,253.9507682655101,2.370358170188496,2.603098705527917,0.3680765628814697,0.7848021984100342,1.0556535720825195,1.2155036926269531,1.3235735893249512,1.4045660495758057,1.4711925983428955,1.526348114013672,10
0.409721775576968,136.68580638951352,153.67974302143722,2.4330424611504045,2.983968014045544,0.4239733219146728,0.9894261360168456,1.360914945602417,1.5530667304992676,1.6769261360168457,1.7728271484375,1.8515782356262207,1.917949676513672,20
0.5891379838142483,10.797178184894324,178.77790266987603,2.384471416296942,2.3861178986540432,0.6796810626983643,1.9327538013458248,2.7890970706939697,3.0746915340423584,3.1079137325286865,3.108245611190796,3.108452081680298,3.108909845352173,0
0.3359178438550815,11.152226510459515,105.535585937173,2.403832678318492,2.323026971335769,0.8594000339508057,2.588181734085083,4.018010139465332,4.663608551025391,4.764603614807129,4.780940055847168,4.781820297241211,4.78246021270752,23
0.4279698061336611,94.6248438478334,130.7586985789123,2.262092192305328,2.93845911506048,0.5105273723602295,1.3438589572906494,1.8894422054290767,2.11376690864563,2.2224576473236084,2.3042733669281006,2.372230768203736,2.4309542179107666,0
0.5979249671288074,199.6069597762745,105.77986942649476,2.665516474385384,2.582252242704982,0.2370457649230957,0.4044246673583984,0.5534794330596924,0.6848893165588379,0.8023042678833008,0.9080963134765624,1.0034871101379397,1.0900664329528809,16
0.5016411088455857,177.76754958061636,142.3610253371165,2.7070163261635334,2.526898773359896,0.280076265335083,0.5018022060394287,0.6685159206390381,0.8066425323486328,0.9228963851928712,1.0232396125793457,1.1111066341400146,1.1888713836669922,10
0.5092513747542222,193.18980511908995,216.67383305700807,2.2966359880614338,2.239297932367569,0.1737945079803466,0.2517526149749756,0.3263516426086426,0.3913004398345947,0.4496994018554687,0.502877950668335,0.5517256259918213,0.5966339111328125,3
0.337939868266452,8.245934619486993,139.2681793232775,2.6442368231932054,2.906670702541649,0.8994636535644531,2.793797016143799,4.537708759307861,5.54983377456665,5.749027729034424,5.764340877532959,5.764700412750244,5.7648234367370605,7
0.5488915772447219,11.859595717876337,224.29741360543989,2.568872809643822,2.7963740596813658,0.6837198734283447,1.9912307262420648,2.971257448196411,3.338048219680786,3.367526292800904,3.368061780929565,3.3684451580047607,3.3685414791107178,23
0.6373856875327621,72.36968661382802,102.21615926251904,2.746550565129781,2.8045516437763425,0.4749219417572021,1.13028883934021,1.5848095417022705,1.857334852218628,2.044057130813598,2.188659429550171,2.307699918746948,2.4067299365997314,20
0.5871064641859028,149.33269439057764,141.50837635700057,2.700091039303077,2.259857401596791,0.2503097057342529,0.4383389949798584,0.592228889465332,0.7217354774475098,0.8330132961273193,0.9302990436553956,1.0158746242523191,1.0920414924621582,17
0.6184808614729185,25.934839577778305,117.6390507798946,2.6233437924098064,2.191686325230076,0.6064949035644531,1.6099653244018557,2.224082469940185,2.484320163726806,2.6034655570983887,2.680189609527588,2.739508628845215,2.788787364959717,0
0.6191993075960757,9.032271291742695,166.015201017829,2.243057429911847,2.6801618449507885,0.7335922718048096,2.158130168914795,3.209196090698242,3.6203513145446777,3.679625988006592,3.679610252380371,3.679835319519043,3.67992115020752,23
0.4882517441125125,23.04597281723377,192.2837772540668,2.404956345496021,2.163007652904608,0.5660686492919922,1.5127549171447754,2.0682528018951416,2.203601121902466,2.214660406112671,2.2211053371429443,2.2272751331329346,2.2330434322357178,0
0.6093600682625424,15.192879912708838,240.7473863149492,2.190621349179516,2.5465626392952405,0.5690023899078369,1.5551650524139404,2.18247652053833,2.3341455459594727,2.3355026245117188,2.3353214263916016,2.3352766036987305,2.3353476524353027,1
0.5702021436681703,58.550953754013726,181.99498835050048,2.088787796175884,2.5970173321702306,0.4376974105834961,1.0467925071716309,1.4235656261444092,1.5994079113006592,1.7064993381500244,1.7867841720581057,1.8514349460601809,1.9056932926177976,20
0.499302241405438,10.95877375246538,134.0885080580497,2.6798716885350435,2.057157980125297,0.7223448753356934,2.042464256286621,2.936412811279297,3.2613682746887207,3.3456664085388184,3.35456657409668,3.3579630851745605,3.361769676208496,23
0.5498665041914599,11.231092441229398,132.9303503483385,2.6060051475311634,2.96398442212362,0.8447751998901367,2.575566530227661,4.008549690246582,4.7250165939331055,4.917790412902832,4.952431678771973,4.955401420593262,4.957704544067383,23
0.5977333898997004,156.85998858365133,154.07587002759124,2.642766265844891,2.335613460505168,0.2372834682464599,0.405031681060791,0.5468218326568604,0.6681210994720459,0.7740013599395752,0.8681175708770752,0.9518473148345948,1.0264906883239746,17
0.3799262373564497,165.34428728771877,167.86281562294113,2.7683182857438267,2.330606202475208,0.3171191215515136,0.5997765064239502,0.7744157314300537,0.8960912227630615,0.9902653694152832,1.0657026767730713,1.1294217109680176,1.1863727569580078,10
0.5922852055773662,113.91080754586945,215.09834587415176,2.108598688558093,2.523301240182315,0.2632248401641845,0.4741861820220947,0.6336212158203125,0.7633583545684814,0.870180606842041,0.9611377716064452,1.0392909049987793,1.1063172817230225,17
0.4885479390625593,102.1130745409234,101.60659650645508,2.290667952966024,2.337271293415057,0.4041917324066162,0.9051661491394044,1.2226150035858154,1.4062533378601074,1.5354273319244385,1.633840560913086,1.7186861038208008,1.7912333011627195,20
0.503699594250074,6.049693975849065,201.1499394896801,2.5672902131887576,2.1130425012686604,0.6428897380828857,1.7932789325714111,2.5361902713775635,2.7244160175323486,2.729356050491333,2.729118585586548,2.7288196086883545,2.728705644607544,1
0.5707230732260824,17.714775878072796,118.73469307646866,2.238899653119109,2.769246969409358,0.7559347152709961,2.23740291595459,3.3193583488464355,3.772055149078369,3.884419918060303,3.917315006256104,3.9372873306274414,3.955564498901367,23
0.5150117281777378,67.09139930087457,179.56354235805702,2.8916198253277168,2.042705761366109,0.3788745403289795,0.8252630233764648,1.091141700744629,1.2263517379760742,1.313025951385498,1.378671646118164,1.4332799911499023,1.4804377555847168,21
0.3802165703658923,101.41146832690404,220.74443617686137,2.170550409582648,2.420319501216494,0.3727254867553711,0.8066301345825195,1.0465290546417236,1.1472628116607666,1.21295166015625,1.265350341796875,1.3084335327148438,1.3455181121826172,21
0.3101005097466748,16.62179178083922,134.35136932440307,2.803140928890088,2.636799717089658,0.847048282623291,2.559864997863769,4.014915466308594,4.714999198913574,4.868762969970703,4.890052318572998,4.89045000076294,4.890710353851318,23
0.3278402099195368,8.276143892030262,235.37575237932592,2.841353722364444,2.789160875999153,0.7346515655517578,2.1884028911590576,3.370346784591675,3.875547170639038,3.925939798355103,3.927022695541382,3.926467180252075,3.9270761013031006,23
0.4876907703404345,146.3685584696639,122.21860041863955,2.000951281533478,2.416774181293986,0.2911322116851806,0.5548574924468994,0.745293378829956,0.8918907642364502,1.0100727081298828,1.108445167541504,1.1920547485351562,1.2640230655670166,10
0.4766187207209331,9.612385242647957,146.30037826102466,2.088232728642535,2.08820000398921,0.6984732151031494,1.980066537857056,2.832393407821656,3.0715315341949463,3.0882012844085693,3.0883595943450928,3.088477373123169,3.088780164718628,0
0.4621188832080161,35.02973534576159,107.94957295017454,2.3637392578264507,2.8410883620092178,0.7307665348052979,2.1521191596984863,3.187451839447021,3.615222930908203,3.733507633209229,3.775204658508301,3.805846691131592,3.833557605743408,23
0.5192789567040672,174.9120760733527,106.02047655651964,2.4175879663115243,2.6318471034797515,0.2926445007324219,0.5469324588775635,0.7429370880126953,0.9036214351654052,1.037848711013794,1.152782678604126,1.2527897357940674,1.3406085968017578,10
0.363141582314766,6.814225207192415,166.13117721272744,2.305425052934904,2.933540958057446,0.832188606262207,2.578534841537476,4.127547264099121,4.958233833312988,5.068984031677246,5.068778038024902,5.068729400634766,5.068770408630371,23
0.6052388080985976,7.654015489771138,187.681123377667,2.7439322693841603,2.725143426443169,0.754096269607544,2.225342035293579,3.3628575801849365,3.855659246444702,3.950829267501831,3.953320264816284,3.953057527542114,3.952996015548706,23
0.3361998770438473,124.4476471250509,155.54292721998723,2.479756325052928,2.7052584654098184,0.4684779644012451,1.1607458591461182,1.594311237335205,1.757366180419922,1.8340826034545896,1.8943662643432613,1.9455585479736328,1.9899873733520508,0
0.4349596922064893,61.97365235278144,150.23147675022702,2.2479823663079017,2.355284694965583,0.5102801322937012,1.3071448802947998,1.7725355625152588,1.9241845607757568,1.988930940628052,2.039255857467652,2.0830633640289307,2.1214029788970947,0
0.520784268065543,77.27330131466215,213.8386799967492,2.875413003719583,2.532106221475084,0.4127461910247803,0.9275681972503662,1.2561445236206057,1.4232144355773926,1.528397560119629,1.60874605178833,1.673717975616455,1.7284116744995115,20
0.31154026423141,50.5775455834203,104.26626081802682,2.3077826755094564,2.4469864216314394,0.7054793834686279,2.0340070724487305,2.9573445320129395,3.284438133239746,3.3460350036621094,3.36470890045166,3.381781101226806,3.397672176361084,23
0.3650896265221976,8.818501065445801,165.48148213222436,2.758460003627456,2.281266690467482,0.750197172164917,2.189300537109375,3.271531105041504,3.670276641845703,3.747966289520264,3.748696804046631,3.748631000518799,3.748692512512207,23
0.3700522501811009,8.744120144864056,246.8090294583889,2.58053566942298,2.3753933010709782,0.639998197555542,1.823356866836548,2.653327703475952,2.8686091899871826,2.8675568103790283,2.8677494525909424,2.866556406021118,2.866856336593628,1
0.3914963900036393,23.933169218754177,249.70825858437752,2.988276480480252,2.240037220290657,0.5423681735992432,1.4386420249938965,1.981256484985352,2.0754098892211914,2.0755300521850586,2.075774669647217,2.0756149291992188,2.075664520263672,1
0.5502963189283041,17.120281868571706,132.1299594042855,2.9244436293816087,2.11082813559326,0.6638226509094238,1.8201050758361816,2.554240226745605,2.8432421684265137,2.944864273071289,2.981452465057373,3.003955364227295,3.0236692428588867,0
0.3065184150198514,9.537600662125724,227.57796152192216,2.644992074970097,2.5390451714586257,0.6957354545593262,2.0370073318481445,3.053272247314453,3.4086837768554688,3.4234261512756348,3.423182487487793,3.423671245574951,3.423035144805908,23
0.5091391940136684,139.42413943093376,150.82829849235887,2.3811660635735974,2.042245496471561,0.2427356243133545,0.4191462993621826,0.5534188747406006,0.663658618927002,0.7563679218292236,0.83620285987854,0.9051976203918456,0.9652771949768066,17
0.3563863267757053,139.02595310015553,104.89544378670662,2.724824195870894,2.8851946604426297,0.504612922668457,1.280483961105347,1.799569845199585,2.0261919498443604,2.141871690750122,2.2285258769989014,2.3012869358062744,2.3634846210479736,20
0.3545821045883751,19.15204387075716,220.4577260406814,2.158024693419762,2.061257624732617,0.5610775947570801,1.5099472999572754,2.0589401721954346,2.119793653488159,2.1207873821258545,2.121669054031372,2.1213619709014893,2.1207497119903564,1
0.6166553193873787,8.47029992124092,214.36121611111773,2.734566629942345,2.518470796794138,0.6751067638397217,1.929702520370484,2.8205244541168213,3.1385161876678467,3.1714189052581787,3.17168402671814,3.172017812728882,3.172041177749634,1
0.3469725639996585,11.3924466285178,174.9918882623537,2.636712513978252,2.6111283762468345,0.7771198749542236,2.3184447288513184,3.560420513153076,4.092666149139404,4.177666187286377,4.177948474884033,4.177984237670898,4.178072452545166,23
0.5485499367947824,30.24299976446793,149.04971433077694,2.5778336555412515,2.105249824934927,0.5495505332946777,1.4250829219818115,1.932360410690308,2.111611604690552,2.17958664894104,2.2233998775482178,2.2595131397247314,2.292231321334839,0
0.5494762019325555,90.19630725006505,110.98382120101644,2.6657599653589505,2.5688547725990376,0.4418003559112549,1.0253522396087646,1.415374755859375,1.6431007385253906,1.7977514266967771,1.917295932769776,2.018449306488037,2.102687358856201,20
0.3671154153316686,105.26685963625002,202.6755430904748,2.554872414161594,2.046729493682164,0.3336966037750244,0.6638381481170654,0.8369102478027344,0.9226558208465576,0.9811599254608154,1.0291707515716553,1.0702950954437256,1.1054706573486328,21
0.6125436396482491,28.44347350469075,115.38162653033986,2.052586730763893,2.967176154461236,0.6517424583435059,1.8814682960510247,2.706141471862793,3.0411124229431152,3.1621856689453125,3.2289090156555176,3.282383441925049,3.328794479370117,23
0.3293510467827669,21.536713726612422,259.31308663499385,2.192630784481598,2.566480300790833,0.5960156917572021,1.691092014312744,2.448775291442871,2.604442596435547,2.6044921875,2.60407829284668,2.605149269104004,2.6059017181396484,1
0.5333116452422648,23.31143265265314,145.69585555137593,2.580822162400662,2.880046868824225,0.732384204864502,2.1573431491851807,3.2186968326568604,3.675441026687622,3.801178216934204,3.832847833633423,3.850906610488892,3.8677804470062256,23
0.3389023370494449,114.54042958930798,259.62939984813823,2.5048376053372188,2.9860318298542894,0.4310371875762939,1.0257492065429688,1.3974392414093018,1.5326333045959473,1.5884084701538086,1.6327533721923828,1.6702446937561035,1.702585220336914,1
0.5461588062883608,26.588748759970137,135.46170057315845,2.1419088273840736,2.3110445821881007,0.6205253601074219,1.6975574493408203,2.3549931049346924,2.5759918689727783,2.637686014175415,2.6719062328338623,2.70157790184021,2.7282984256744385,0
0.3215345219267034,7.840987220875405,236.76616170456023,2.0238742149731457,2.923967139433727,0.6983990669250488,2.123015880584717,3.2865357398986816,3.7490968704223633,3.748403549194336,3.749622821807861,3.748468399047852,3.749592781066896,23
0.4656231005581261,24.847720554946875,108.77995775670432,2.286239741699521,2.846636158323534,0.7808456420898438,2.342966794967652,3.539386987686157,4.060763359069824,4.177735328674316,4.20482349395752,4.2205963134765625,4.235376358032227,23
0.624222211150935,7.811863297546956,102.99670491439568,2.947423619782262,2.666144094264451,0.8849270343780518,2.640501976013184,4.038887977600098,4.704865455627441,4.939889907836914,5.036643981933594,5.071412086486816,5.082292556762695,23
0.5380158918270692,50.27092646388705,252.4033386908569,2.007974000702882,2.8068106427911585,0.435213565826416,1.0733239650726318,1.465693712234497,1.6124861240386963,1.6756234169006348,1.722473382949829,1.7603979110717771,1.792229175567627,1
0.557380716533669,16.165326597207393,240.13887230858649,2.9022976728862595,2.101704459832767,0.5158998966217041,1.3334856033325195,1.7941155433654783,1.8802165985107424,1.8807463645935056,1.881021976470948,1.881139755249024,1.8812346458435056,1
0.382763053631863,37.46942528121392,221.8971802210233,2.1176927863751804,2.530731472860759,0.5572128295898438,1.5270705223083496,2.143049478530884,2.267828702926636,2.2691080570220947,2.271082639694214,2.273277521133423,2.275437116622925,1
0.4065300511342951,18.56555680306884,171.563432521024,2.3700923281942696,2.957250046543107,0.7676942348480225,2.332727670669556,3.61252760887146,4.204828262329102,4.294510841369629,4.294873237609863,4.294947624206543,4.295034408569336,23
0.4264925340427992,17.324046863391445,165.83326462984755,2.6307931178322748,2.5413752068437105,0.7330937385559082,2.141213893890381,3.1882386207580566,3.5968236923217773,3.668181896209717,3.669891834259033,3.6702589988708496,3.671053886413574,23
0.4754714805993524,53.15699601828593,127.91143998664374,2.61016452684462,2.7519363479823875,0.6206932067871094,1.7238633632659912,2.4689037799835205,2.766828775405884,2.8775761127471924,2.943007707595825,2.998433351516724,3.047356367111206,23
0.5431591493894731,60.088210254176936,116.44010799222714,2.127319626049567,2.5581980818970225,0.5034863948822021,1.273965835571289,1.7421863079071045,1.9518835544586184,2.071037530899048,2.1583611965179443,2.234412431716919,2.2996652126312256,20
0.347268536514114,197.0828409021607,253.2019188368876,2.754762255036782,2.765666129878284,0.303347110748291,0.5277631282806396,0.655665397644043,0.752143383026123,0.8311409950256348,0.898245096206665,0.9561798572540284,1.0065414905548096,17
0.5068641584953719,10.526877607718951,184.24348016252893,2.7532994053394235,2.732380623336196,0.7594091892242432,2.2505269050598145,3.4205799102783203,3.925561428070069,4.030447483062744,4.033301830291748,4.033126354217529,4.033022880554199,23
0.4954487004742784,70.28587896937876,187.8966813815973,2.9417066431071976,2.603879884088098,0.4772229194641113,1.1682519912719729,1.6127605438232422,1.8083815574646,1.90906286239624,1.9825773239135744,2.04266357421875,2.093156337738037,0
0.4980564670832922,8.974576332247173,220.02905869494904,2.617509115588749,2.61971768419314,0.6934940814971924,2.018031358718872,3.00598692893982,3.361950635910034,3.384814977645874,3.3853142261505127,3.3857553005218506,3.3857548236846924,23
0.4145449900586725,7.491914712966706,191.93080289523564,2.695502366022241,2.903268109017393,0.8069257736206055,2.45593810081482,3.864468336105346,4.570002555847168,4.7002716064453125,4.7017316818237305,4.701931953430176,4.701716423034668,23
0.4457767519545746,41.22582550552514,243.085887093448,2.931975437306435,2.860984980629361,0.5795176029205322,1.583542823791504,2.289234161376953,2.5255231857299805,2.555959701538086,2.566253185272217,2.576530933380127,2.586210250854492,1
0.6020986871278775,108.6630085774344,174.73013767082762,2.493063672426936,2.7480686497312625,0.3407268524169922,0.6887760162353516,0.9391975402832032,1.1266906261444092,1.2739551067352295,1.395132541656494,1.4977765083312988,1.5842227935791016,10
0.5612022685784874,24.445321489759205,214.8336831869832,2.81834367309935,2.5601260372549683,0.5961124897003174,1.6325619220733645,2.323738813400269,2.5628821849823,2.6102211475372314,2.6242005825042725,2.6372416019439697,2.649232149124145,1
0.3945147016380954,40.43923939404706,117.81806179695836,2.20565009538668,2.7158260001930543,0.7053573131561279,2.066500186920166,3.039059638977051,3.400975227355957,3.4687986373901367,3.4895033836364746,3.507650852203369,3.524524211883545,23
0.4018950420072874,9.421984353460108,205.51156421148613,2.5838698462688923,2.6908250944601697,0.7457520961761475,2.226949453353882,3.404421091079712,3.9074418544769287,3.960644006729126,3.9611332416534415,3.9609625339508057,3.961349248886109,23
0.3881718788939977,17.075245777742857,249.50810892508025,2.799597968545698,2.782615902406207,0.6692526340484619,1.94464921951294,2.9125871658325195,3.266781806945801,3.282261848449707,3.2823033332824707,3.2826528549194336,3.283050060272217,23
0.5680259894308396,79.10590484874474,219.52446588706312,2.8429796649899286,2.5937163954161204,0.3886749744415283,0.8395233154296875,1.1345322132110596,1.3097288608551023,1.4296228885650637,1.5221664905548096,1.5973021984100342,1.6596481800079346,10
0.5914512010366801,78.03671003620562,217.57015527985868,2.949938316363353,2.3774819245220864,0.3569855690002441,0.7368865013122559,0.9871840476989746,1.1477947235107422,1.2634129524230957,1.3542976379394531,1.426198959350586,1.487812042236328,10
0.3552484842334374,30.29179048324564,214.05661964775527,2.270765612067061,2.73396722867575,0.6384644508361816,1.8474881649017327,2.717262983322144,2.9781196117401123,2.981984853744507,2.982022523880005,2.981856107711792,2.98185658454895,1
0.5009816324665479,13.075427239836332,156.2566113141216,2.625174195042927,2.890799257761727,0.8043560981750488,2.4306130409240723,3.7512412071228014,4.386307239532471,4.535656929016113,4.550356864929199,4.550821304321289,4.551488399505615,23
0.4143114642784795,45.47832095273903,109.79057135737808,2.163843309361267,2.083352616360943,0.584256649017334,1.5524144172668457,2.104151964187622,2.2707889080047607,2.32784104347229,2.3687331676483154,2.404625177383423,2.4368650913238525,0
0.6099659361708857,21.18786600254556,216.37352711681984,2.2203030065609344,2.736394125513634,0.5828938484191895,1.6108765602111816,2.2854604721069336,2.502914428710937,2.532482624053955,2.5431442260742188,2.5535712242126465,2.563297748565674,1
0.4638503741753548,8.255616255542131,139.0833474937219,2.853117625907534,2.5132509252725166,0.83538818359375,2.4954097270965576,3.847059965133667,4.468127250671387,4.620223045349121,4.647513389587402,4.647814750671387,4.647883415222168,23
0.4377580617776784,29.39400597853087,250.6889285666596,2.324704205947063,2.097212418209185,0.4668984413146972,1.1556124687194824,1.5106825828552246,1.5454881191253662,1.547205924987793,1.548985719680786,1.5508263111114502,1.552602767944336,1
0.4394324331956144,19.79645285355736,211.21301610397308,2.972152564604976,2.586773213656778,0.6717836856842041,1.923061847686768,2.829209327697754,3.163421154022217,3.2079520225524902,3.208073616027832,3.208260059356689,3.208406925201416,1
0.3895745598134604,110.93920614671656,119.68249812106856,2.265938180631823,2.812535425354772,0.4943060874938965,1.2732748985290527,1.7728369235992432,1.974200963973999,2.0763542652130127,2.155000925064087,2.221216917037964,2.277308702468872,0
0.3683381091532906,42.29149793162565,198.986963612356,2.775028823051026,2.144766961261493,0.5308780670166016,1.3913793563842771,1.892399787902832,2.0035228729248047,2.016265869140625,2.02639389038086,2.035752296447754,2.044590950012207,1
0.4762732967429673,25.82461058168652,138.3570062898277,2.3932193037929683,2.811482731457449,0.7354583740234375,2.1768553256988525,3.256744146347046,3.702393293380737,3.8040072917938232,3.823801279067993,3.8368980884552,3.849626302719116,23
0.4508079892294394,6.254644709674572,175.35152987168885,2.724346007832832,2.1076200475367064,0.6941056251525879,1.9728682041168213,2.845127820968628,3.12715220451355,3.160095453262329,3.160428762435913,3.1606814861297607,3.1607325077056885,0
0.3005096085536236,57.39632570196511,224.72145489900595,2.394561638916547,2.0635300483721424,0.4613852500915527,1.1371514797210691,1.484142780303955,1.52024507522583,1.526517629623413,1.5327398777008057,1.5386669635772705,1.544238567352295,1
0.4734510210276202,76.74795506474554,113.2344930427334,2.853853816412113,2.6093260000808547,0.5361928939819336,1.380157232284546,1.9298646450042725,2.173729181289673,2.303385972976685,2.3993895053863525,2.47719407081604,2.5431220531463623,20
0.4779447272818483,19.327415750288885,111.73133123957084,2.102358090328233,2.5618880310385954,0.7660801410675049,2.266151666641236,3.3664872646331787,3.803254365921021,3.884622812271118,3.899824380874634,3.9102070331573486,3.920130014419556,23
0.4338918459115175,140.9811061308542,248.1899107691872,2.140352395636336,2.056677347353573,0.2146458625793457,0.3242502212524414,0.4030473232269287,0.4687709808349609,0.5237293243408203,0.572669506072998,0.6152441501617432,0.6521706581115723,17
0.5925378141506028,154.0354763056599,238.6174183043947,2.8821337347041407,2.8825620482764944,0.2779421806335449,0.4778444766998291,0.633936882019043,0.7672350406646729,0.8817477226257324,0.9823455810546876,1.070720672607422,1.148698806762695,17
0.353322323468799,41.33384055071744,118.15562608631694,2.011145873791521,2.398672518901277,0.6698203086853027,1.908886432647705,2.7288126945495605,2.976302146911621,3.008655071258545,3.023308277130127,3.037144660949707,3.0499162673950195,0
0.4164387860044533,116.7565351328226,258.46394249675325,2.212292951893332,2.536233879443825,0.3176205158233642,0.6124958992004395,0.7836484909057617,0.8869614601135254,0.9639430046081544,1.0264620780944824,1.0781280994415283,1.1210966110229492,21
0.4700746042731148,34.223495243091094,158.5310424036547,2.63942599046428,2.219922773193701,0.5818963050842285,1.5584750175476074,2.151125907897949,2.3451476097106934,2.39701509475708,2.425471782684326,2.451127529144287,2.474528789520264,0
0.3472252078802795,69.99408620721272,179.51741369520113,2.325922698382624,2.198703376487269,0.4823148250579834,1.2121121883392334,1.6157891750335691,1.708552360534668,1.739598274230957,1.7663331031799316,1.7896671295166016,1.8102951049804688,0
0.5183689175292593,28.906429376102388,189.23767140709424,2.159446671019122,2.1405109935229323,0.5196073055267334,1.3381609916687012,1.7958145141601562,1.9044506549835205,1.927422285079956,1.9457385540008545,1.9621331691741943,1.976905107498169,0
0.4786329647814207,22.17884653602375,0.033497052178567,2.1701687953762097,2.29510616005526,0.913933277130127,2.6509110927581787,3.876944780349731,4.408960342407227,4.62557315826416,4.739566802978516,4.825571060180664,4.8925628662109375,22
0.3350939199320213,160.55295488062058,0.046152401942997,2.723854509993212,2.1402632370845405,0.4548916816711426,1.0826938152313232,1.462801218032837,1.6536123752593994,1.776820421218872,1.8791391849517824,1.965949296951294,2.0401546955108643,18
0.5829402083632207,39.43432764958764,0.0240615464607468,2.91923691559106,2.233837824716645,0.6965341567993164,1.8514866828918457,2.5849828720092773,2.964670181274414,3.189596176147461,3.351633071899414,3.4788880348205566,3.586862087249756,22
0.729622838566721,1.329248861585442,4.079120154659687,2.496912169136855,2.9902350077659863,1.2408242225646973,4.013908863067627,6.857515335083008,8.78237247467041,9.65268898010254,9.90562629699707,10.012703895568848,10.131545066833496,14
0.5387993585989661,12.672267243403084,0.0626050318556097,2.6153033477619494,2.353503578846052,1.0213758945465088,3.0086371898651123,4.508951187133789,5.240726470947266,5.567414283752441,5.774807929992676,5.924715995788574,6.033079147338867,5
0.6706037627526987,1.622967378854716,0.6910354803096165,2.078235383007258,2.8381403233727323,1.200283765792847,3.935240507125856,6.779675483703613,8.720579147338867,9.581987380981444,9.79359531402588,9.84980297088623,9.905923843383787,13
0.5725044089313609,6.742574790049128,0.0652343869588402,2.029076658831296,2.645438831289955,1.0888922214508057,3.4185595512390137,5.466849327087402,6.594871044158936,7.003067493438721,7.15460729598999,7.239844799041748,7.297988414764404,5
0.5124193894679067,6.805671625448558,1.6057049784413553,2.4953618225221983,2.800976608530445,1.1645474433898926,3.694990634918213,6.126850605010986,7.629478931427002,8.215900421142578,8.385133743286133,8.471698760986328,8.543291091918945,13
0.6399928938998667,0.741338665841471,8.417756017247804,2.6278011993187165,2.730741972559746,1.2517540454864502,4.1246867179870605,7.314366817474365,9.83169937133789,11.116180419921877,11.220539093017578,11.224424362182615,11.227741241455078,14
0.3626245585282873,95.34255142797826,0.053435459448483,2.031565526204665,2.228833763504894,0.5921692848205566,1.5650243759155271,2.1194233894348145,2.3314218521118164,2.448187351226806,2.5348119735717773,2.6087708473205566,2.672243118286133,0
0.6087974704586232,1.5286413948914856,0.0114645242502375,2.7181006304019646,2.462064700707764,1.2364027500152588,3.9940707683563232,6.872875213623047,8.935637474060059,9.9722261428833,10.22807788848877,10.25088596343994,10.264204978942873,12
0.3114535586772154,133.32438650207948,0.0055639588525261,2.110074263143078,2.772842458551458,0.602393627166748,1.6850013732910156,2.3811495304107666,2.6416685581207275,2.748835325241089,2.8278462886810303,2.8947112560272217,2.957477807998657,22
0.3785725643965292,39.70010612961428,0.0030161075698258,2.9794128946728984,2.449526612955365,0.9189009666442872,2.6980981826782227,4.033288955688477,4.66721773147583,4.937448501586914,5.091599464416504,5.192500114440918,5.268078804016113,5
0.7471816968665006,2.0807633522572933,42.94598892008275,2.168696799289962,2.2758341279581424,1.0038628578186035,3.0447371006011963,4.713522911071777,5.557980537414551,5.841296195983887,5.92125129699707,5.954113960266113,5.968173980712891,7
0.3510256710391395,14.934837914532228,0.0119477573129941,2.2961818341710774,2.99246002703169,1.1370415687561035,3.687241792678833,6.286467552185059,8.039732933044434,8.743773460388184,8.83506965637207,8.84965991973877,8.86233901977539,12
0.9089227421156404,55.796107616547545,0.3339184789168514,2.739404531851917,2.595950523171212,0.4268221855163574,0.935755968093872,1.334439992904663,1.6405842304229736,1.883115530014038,2.0825178623199463,2.250685453414917,2.396179437637329,18
0.4245966700745061,82.74338832815961,0.0955164724438166,2.785091357328958,2.707495960060196,0.6902117729187012,1.928781509399414,2.7607388496398926,3.144829273223877,3.325056552886963,3.451152801513672,3.549159049987793,3.632117748260498,22
0.4240289001585811,41.543995237443134,0.0907592354009843,2.059293109193272,2.558656936975018,0.8288204669952393,2.4263765811920166,3.541844606399536,4.004208564758301,4.164896011352539,4.259493827819824,4.329005241394043,4.382776260375977,22
0.7327091954161649,2.3469510637018245,0.0663626974017985,2.0246929355867174,2.600944300390947,1.1356086730957031,3.566408634185791,5.73900032043457,6.967943668365479,7.486926555633545,7.707749843597412,7.852591037750244,7.950404644012451,5
0.430823332728029,14.630342476589856,0.6279798843472618,2.543902308678544,2.026856353019625,1.0008437633514404,2.935486316680908,4.426238536834717,5.141719341278076,5.418378829956055,5.59520435333252,5.709111213684082,5.792150497436523,5
0.8633191952333223,7.726409502193218,48.905425456744666,2.4573042354985084,2.322292635134116,0.8018620014190674,2.202104091644287,3.1019248962402344,3.551822662353516,3.79709529876709,3.957346439361572,4.062574863433838,4.148271560668945,23
0.8091634622201302,129.1954593834657,0.0114759452332631,2.454150956426868,2.5607791068101866,0.2774691581726074,0.5275604724884033,0.7526013851165771,0.9508786201477052,1.125330686569214,1.280033826828003,1.4182229042053225,1.5413670539855957,8
0.8181921223842616,6.660907374785827,11.844020380985734,2.934132527941087,2.440089526768942,0.9635946750640868,2.723450183868408,3.95127534866333,4.583137035369873,4.964085102081299,5.233243465423584,5.434414386749268,5.580625057220459,6
0.6763757561536757,1.515357180878964,44.05842531574008,2.915197847463458,2.5417262449076548,1.1071906089782717,3.4686203002929688,5.72119665145874,7.157125949859619,7.6912312507629395,7.772911548614502,7.809127330780029,7.831678867340088,7
0.4493491844347973,233.29323982443407,0.1111974153013575,2.474446428466388,2.878276224499745,0.3364553451538086,0.6696064472198486,0.9204370975494384,1.1192851066589355,1.2832674980163574,1.422004461288452,1.54221773147583,1.6473374366760254,8
0.489275073580773,4.790459083530407,36.02543383074714,2.532448387947018,2.39923265191564,1.069298267364502,3.333278179168701,5.45554780960083,6.752302169799805,7.176534652709961,7.221302032470703,7.238669395446777,7.248207092285156,7
0.8033489442499475,1.1119644338264596,4.926463905380197,2.837695842222617,2.330677132374121,1.1846072673797607,3.665095090866089,5.877081871032715,7.199396133422852,7.803432464599609,8.111905097961426,8.379773139953613,8.610742568969727,14
0.5985035723818346,3.0924215987285595,0.1049996729890105,2.647989724848583,2.8842747673898903,1.2359366416931152,3.976975440979004,6.763336658477783,8.625862121582031,9.428590774536133,9.64815902709961,9.754823684692385,9.86846160888672,12
0.3462138125984501,5.993577928867243,2.1488991616196143,2.912619982710212,2.248625218047709,1.1870908737182615,3.799703598022461,6.5490803718566895,8.574953079223633,9.571247100830078,9.657133102416992,9.66305160522461,9.668619155883787,13
0.7212164126599658,0.7659742268493124,139.22555567433685,2.3368289477877657,2.6417719049732185,0.8810696601867676,2.720705509185791,4.362740993499756,5.252682209014893,5.384308338165283,5.389349460601807,5.38942813873291,5.389498710632324,7
0.328162530592433,79.80425505627599,0.0191609520079668,2.32041325721198,2.7514778391770305,0.7745926380157471,2.289236545562744,3.385465621948242,3.851011276245117,4.001606464385986,4.070960521697998,4.12761116027832,4.179679393768311,22
0.3545376855170695,4.0669080568158416,1.2656622645872015,2.307211717223541,2.356067628779834,1.1935443878173828,3.9017977714538574,6.841033935546875,9.174373626708984,10.256075859069824,10.276036262512209,10.281803131103516,10.286870956420898,13
0.5420895160668967,28.85998943693017,0.0374539889327746,2.724007730934797,2.3815469232509003,0.8471686840057373,2.390774965286255,3.4402191638946533,3.946378946304321,4.205639839172363,4.364126205444336,4.487367630004883,4.57489013671875,22
0.8872020492624055,7.148268312221506,0.0136040279905675,2.8708002944141016,2.321574163919061,0.9011695384979248,2.448089838027954,3.4638097286224365,4.025461196899414,4.386725425720215,4.649346351623535,4.851163864135742,5.012776374816895,22
0.3997839447812876,295.5090658936765,0.0651499872183422,2.542075344666279,2.789500919718642,0.2881450653076172,0.522104024887085,0.7045836448669434,0.8589355945587158,0.9906201362609864,1.1060361862182615,1.20770001411438,1.298170566558838,8
0.5269252850177596,5.692359822750128,11.015518081536726,2.861308258913674,2.580770308880432,1.1529529094696045,3.609364271163941,5.910544395446777,7.311199188232422,7.85919189453125,8.029775619506836,8.142973899841309,8.243690490722656,14
0.312482361953304,0.9240581129409616,84.14999659112763,2.4047799970849386,2.595511081451116,1.0153193473815918,3.233968496322632,5.501081466674805,7.1569366455078125,7.793869972229004,7.798362731933594,7.798462867736816,7.798462867736816,7
0.7266397184644654,63.93250639167599,0.1247302147280631,2.6411057088403247,2.613376754418016,0.499258279800415,1.1809377670288086,1.6584606170654297,1.9707098007202148,2.19876480102539,2.380828857421875,2.532796859741211,2.6628007888793945,18
0.4420427545188063,4.151342427414796,6.095888424175443,2.7337884483279824,2.201582737055876,1.159085750579834,3.6756551265716553,6.2074785232543945,7.952321052551269,8.72815990447998,8.824942588806152,8.844823837280273,8.881773948669434,14
0.4992838726169101,84.01257715178109,0.0219418083232948,2.051056861645576,2.1731598907899365,0.4994599819183349,1.212425708770752,1.631667137145996,1.852752923965454,2.0007858276367188,2.1248221397399902,2.2251434326171875,2.309150695800781,18
0.4532542397387846,291.9348725825057,0.0360126859793047,2.252500056955398,2.810012316616928,0.246741771697998,0.4298524856567383,0.58856201171875,0.7271523475646973,0.8503260612487793,0.9607045650482178,1.0593490600585938,1.1485304832458496,15
0.931043202512294,2.1549208745457014,2.414808261522248,2.342587849426865,2.1531463259445283,1.0297133922576904,2.902431964874268,4.182631492614746,4.8536248207092285,5.268202781677246,5.571836471557617,5.801753044128418,5.97733211517334,6
0.9673092483231266,1.2330151142186845,1.8350010182872216,2.4703352964053296,2.954374414030516,1.178079605102539,3.6232967376708975,5.705935001373291,6.876986026763916,7.466483592987059,7.846869945526123,8.148963928222656,8.379880905151367,5
0.6979940796180352,24.768923932218257,0.0371893588907757,2.468480233004456,2.6421808989016777,0.7772741317749023,2.1565160751342773,3.0555906295776367,3.504284381866455,3.755342960357666,3.931029319763184,4.068137168884277,4.185092449188232,22
0.3052796465891904,80.72915993462102,0.0168907407854199,2.8047584553760845,2.229834088655303,0.7302532196044922,2.0395336151123047,2.901863574981689,3.274604320526123,3.42796277999878,3.5192933082580566,3.588442802429199,3.647221088409424,22
0.8395771426886296,3.894049331149744,0.0546462251191698,2.896141856334072,2.442371383755229,1.0676140785217283,3.0819687843322754,4.547029972076416,5.309149265289307,5.758520603179932,6.120554447174072,6.40056848526001,6.609205722808838,5
0.784909419204247,28.73922089601528,0.0787342018282088,2.83057184260572,2.682901959002135,0.6846227645874023,1.8025367259979248,2.536608457565308,2.9493348598480225,3.215454339981079,3.416058301925659,3.580317735671997,3.721107244491577,22
0.5510740554337117,1.1752206890510972,0.2460096672185243,2.628329077908532,2.323761475543164,1.2321596145629885,4.019802093505859,7.047435283660889,9.455730438232422,10.665508270263672,10.737714767456056,10.746671676635742,10.754257202148438,13
0.8740950291293083,194.1659787571896,0.0119039131833982,2.829221178581676,2.102318031476736,0.1662375926971435,0.2863743305206299,0.4046304225921631,0.5173537731170654,0.623366117477417,0.7239341735839844,0.818077802658081,0.9069528579711914,15
0.4844032593688591,5.640154649253399,4.8561127836502855,2.4125298424750445,2.520999603378509,1.1547930240631104,3.673491716384888,6.120206832885742,7.710888862609863,8.329482078552246,8.450578689575195,8.50346851348877,8.551553726196289,14
0.3855914193952354,1.2724826593272027,0.8321471568839783,2.0736573814500683,2.7726558556700427,1.2388598918914795,4.213055610656738,7.758384704589844,10.99282932281494,12.984901428222656,13.030447959899902,13.03756046295166,13.043694496154783,13
0.9287711325620333,1.521566185050977,132.81856166745183,2.4170906397860072,2.2385659204056765,0.7834897041320801,2.252223253250122,3.291154146194458,3.6993887424468994,3.813331842422485,3.82326340675354,3.8231804370880127,3.8231918811798096,23
0.3408247348539944,1.3937003551359484,0.0059072538750332,2.0919191304095244,2.81770465900833,1.2466309070587158,4.256900787353516,7.887404441833496,11.25698184967041,13.60690689086914,13.684504508972168,13.690215110778809,13.695024490356444,12
0.4717847568370654,12.353547180304943,0.0070122508984776,2.3159946127862194,2.3092048852297227,1.0516176223754885,3.175485610961914,4.924924850463867,5.806418418884277,6.118251800537109,6.257319450378418,6.359331130981445,6.425630569458008,5
0.6757477452947982,0.8191962965683435,0.6659095385255555,2.472965039060307,2.5485413307899507,1.2408647537231443,4.069088935852051,7.106658458709717,9.34536361694336,10.557151794433594,10.779022216796877,10.79307746887207,10.80351448059082,13
0.678670947794197,2.8545544475903464,0.0903113563473322,2.4303405827436646,2.246579833656209,1.134917974472046,3.4733550548553467,5.477298736572266,6.588750839233398,7.067623138427734,7.328717231750488,7.516781806945801,7.666606903076172,5
0.8311437692800387,1.1560067678311294,3.61582045735765,2.0060014729095483,2.9598337218536885,1.1714017391204834,3.777495861053467,6.310594081878662,7.866257190704346,8.571224212646484,8.857122421264648,9.004802703857422,9.110212326049805,14
0.7403277438166795,289.93397562180786,0.0348991876485778,2.185958602769784,2.3674362138890097,0.1340303421020507,0.2242565155029297,0.309459924697876,0.3914089202880859,0.4704816341400146,0.5466303825378418,0.6191420555114746,0.6880662441253662,2
0.4792789178479389,3.3518395676284904,7.75099394057606,2.1918423918175653,2.810447812344932,1.1897625923156738,3.9106907844543457,6.845411777496338,9.035282135009766,10.068269729614258,10.218805313110352,10.224063873291016,10.22869873046875,14
0.3557669705203203,1.1437867171984768,317.4727601527743,2.9562283616889484,2.986118004687233,0.678443431854248,2.000762939453125,3.07789945602417,3.5130481719970703,3.51997184753418,3.517184257507324,3.5176477432250977,3.520167350769043,23
0.3406895294698568,10.80623480245893,0.0046905246361337,2.319164372055231,2.565614375084496,1.157306432723999,3.7315540313720703,6.358319282531738,8.202780723571777,8.96261978149414,9.047121047973633,9.057238578796388,9.067760467529297,12
0.3595566404079055,4.004181719482098,0.4502638961417977,2.452669367396771,2.303260284120796,1.1953530311584473,3.887766361236572,6.798323154449463,9.067995071411133,10.31583023071289,10.416671752929688,10.420869827270508,10.42446517944336,13
0.614386836192641,1.2148411292481651,0.6310545104624181,2.845038061148715,2.8758737491425723,1.2923729419708252,4.270026206970215,7.574243545532227,10.119568824768066,11.507238388061523,11.657766342163086,11.665667533874512,11.672804832458496,13
0.6676509763268259,2.1108772331344348,0.3539583562775401,2.321579449376296,2.69436225981167,1.2048351764678955,3.8674941062927246,6.47939395904541,8.158907890319824,8.87187385559082,9.080759048461914,9.204493522644045,9.31693172454834,13
0.8975887097432016,53.77972372017896,0.0205991591338317,2.595134487379612,2.850150529199965,0.4601063728332519,1.0363516807556152,1.4754788875579834,1.8037869930267327,2.059431791305542,2.2674214839935303,2.442598581314087,2.5935308933258057,18
0.3360360833796761,2.1144378915564968,6.757354128445493,2.658529928212685,2.640958079641594,1.2542893886566162,4.172393321990967,7.549617290496826,10.53802490234375,12.34139633178711,12.413862228393556,12.418342590332031,12.422256469726562,14
0.5608421426274348,1.1716440096794878,11.702728274014111,2.542685477651466,2.368694130878213,1.1878628730773926,3.852259159088135,6.690652847290039,8.866843223571777,9.977079391479492,10.11634635925293,10.120161056518556,10.12351894378662,14
0.332967890500639,65.06540036926476,0.5600714175875539,2.0127598442711974,2.336645747588074,0.7565112113952637,2.161839485168457,3.088232517242432,3.436328887939453,3.5482492446899414,3.613814353942871,3.6687264442443848,3.717522144317627,22
0.5005600105454842,2.1365385900384486,0.208033466651426,2.3084683626623868,2.279924751027869,1.193576097488403,3.8721184730529785,6.690709114074707,8.791544914245605,9.895345687866213,10.027994155883787,10.038646697998049,10.04760456085205,13
0.4072452849259209,70.26583802674946,0.0129383913652924,2.5120643671186564,2.604783927852739,0.7291061878204346,2.0689120292663574,2.9633140563964844,3.354447364807129,3.526693820953369,3.6341471672058105,3.713767528533936,3.7843518257141113,22
0.9455216941673708,122.66504594491612,0.0034889898824544,2.618813111374783,2.60164762153971,0.2483329772949218,0.4610130786895752,0.662930965423584,0.8479540348052979,1.0159928798675537,1.169501781463623,1.309110403060913,1.436159372329712,8
0.9534752475250586,1.7191517079625391,145.91230944073556,2.787096298855124,2.271416294392735,0.7708799839019775,2.19936752319336,3.2120752334594727,3.6363258361816406,3.783799648284912,3.811001300811768,3.811092853546143,3.8111448287963854,23
0.7273126170141678,12.019707205877928,0.0614770320878892,2.1311884588840604,2.52806427971824,0.894212007522583,2.5474984645843506,3.6582939624786377,4.1783647537231445,4.441324234008789,4.617637634277344,4.737112045288086,4.847621917724609,22
0.4498759881519079,195.8587476583168,0.6529774804024265,2.984862236979807,2.9745151330104767,0.4246635437011719,0.9335727691650392,1.301530838012695,1.5555977821350098,1.7455158233642578,1.9024295806884768,2.0332908630371094,2.1450438499450684,18
0.9661678286837224,5.954185773483591,2.7283495958027566,2.6235719380696114,2.2977035933973635,0.860109806060791,2.284139633178711,3.202183723449707,3.7165703773498535,4.053537845611572,4.296794414520264,4.490278720855713,4.643222332000732,22
0.5283882161509974,58.20329406560871,0.0468602104662897,2.670681864323524,2.445996532951734,0.6662209033966064,1.7929344177246094,2.510870933532715,2.858205795288086,3.0583438873291016,3.197730541229248,3.3162264823913574,3.410362243652344,22
0.7983013608354808,107.3766690568963,0.0121331860185208,2.460541044351282,2.8507243098928967,0.3414411544799804,0.6912693977355957,0.9848341941833496,1.231851577758789,1.440312385559082,1.6190285682678225,1.774362564086914,1.9102940559387207,8
0.7143774703927355,1.1960886013354075,0.4775480942752103,2.476837801792167,2.024592003649942,1.1483550071716309,3.568236827850342,5.784374713897705,7.170602321624756,7.755520343780518,8.014028549194336,8.202983856201172,8.339828491210938,13
0.6046254510260732,112.79206352777246,0.0534361135735835,2.770598775573495,2.413992531841292,0.4051182270050049,0.8882229328155518,1.2412571907043457,1.4941940307617188,1.687779426574707,1.846195697784424,1.9811129570007324,2.094305515289306,18
0.8634465092777142,115.47840765416052,0.3355392380508896,2.454066593841348,2.612115989098319,0.2791368961334228,0.5336086750030518,0.7639102935791016,0.967583179473877,1.1472337245941162,1.3069729804992676,1.4487802982330322,1.5751628875732422,8
0.8252623160694265,30.24626982115299,0.005230005910094,2.9576877937856763,2.553167293576581,0.6284823417663574,1.5947613716125488,2.24291467666626,2.629248142242432,2.891533374786377,3.096223831176758,3.264364242553711,3.406923294067383,18
0.441982202889934,2.1189927726798223,0.0218046625103007,2.0192708946713225,2.916683971881424,1.2221999168395996,4.134570121765137,7.550991535186768,10.463844299316406,12.232187271118164,12.359031677246094,12.364418029785156,12.368936538696287,12
0.7610181115748457,42.00897172235443,0.0048000945395273,2.161816112682233,2.1759925591984097,0.501976490020752,1.181413650512695,1.6212990283966064,1.9005229473114007,2.101433038711548,2.2643167972564697,2.3987081050872803,2.510831594467163,18
0.6048743607457222,117.39812858013948,0.0636230026145985,2.9440768815700493,2.261291523456188,0.3798809051513672,0.8153183460235596,1.1406049728393557,1.3805551528930664,1.5684895515441897,1.7234234809875488,1.852743148803711,1.9657435417175293,8
0.3554283419077944,163.3407429252119,0.0141585624630517,2.888876194549898,2.2860060832717823,0.4586617946624756,1.0923750400543213,1.4931111335754397,1.699138641357422,1.838439464569092,1.9461026191711424,2.0409374237060547,2.122641563415528,18
0.7786613489200014,3.266895211418765,12.190363692409475,2.8593493861371484,2.232390915765268,1.053096055984497,3.0580341815948486,4.535975456237793,5.3039655685424805,5.719778060913086,6.044138908386231,6.295629501342773,6.473637580871582,6
0.7609912491222796,1.8450582831687656,39.97677302335896,2.396271359500492,2.0598958222769963,0.9983601570129396,2.967359781265259,4.526177406311035,5.303205490112305,5.5923919677734375,5.725803375244141,5.796065330505371,5.824115753173828,7
0.8256466178365502,2.9862799510590903,0.7784685761812906,2.875490124832256,2.741201126853069,1.1453208923339844,3.426346778869629,5.25502347946167,6.231926441192627,6.7369160652160645,7.118533611297607,7.4342827796936035,7.673820972442627,5
0.3205154688613831,24.93432071180202,0.0089797543519961,2.3703247071772866,2.2320639340254327,1.0030384063720703,3.0205557346343994,4.687965393066406,5.529634475708008,5.762200355529785,5.844729423522949,5.905357360839844,5.942757606506348,5
0.9612480561842952,18.29553215423468,0.0732112371775569,2.7192914096054888,2.930071772762255,0.6912579536437988,1.8038971424102783,2.551103353500366,2.995978593826294,3.29603123664856,3.5294430255889893,3.720789670944214,3.883142709732056,22
0.3624326731281818,1.1639457708915724,5.0417435865737055,2.0721564383848,2.539901860443349,1.211578607559204,4.074182510375977,7.4180803298950195,10.376763343811035,12.122655868530272,12.16191864013672,12.165908813476562,12.169425010681152,14
0.5146356146713705,27.130300095052064,0.100886352924186,2.5054292688994386,2.681235674894593,0.9100282192230223,2.668656349182129,3.9587669372558594,4.556633949279785,4.816858768463135,4.97446346282959,5.076661586761475,5.156681537628174,5
0.6337555306624081,0.8305178867054276,123.228945202908,2.746681228534252,2.7196889891391,0.9478318691253662,2.9509146213531494,4.831453323364258,6.007285118103027,6.269165992736816,6.283004760742188,6.285676002502441,6.286059379577637,7
0.355614246619785,16.947186348661376,0.0098141636943565,2.488897241300171,2.82798026124983,1.1272599697113037,3.5911688804626465,5.99544095993042,7.525094509124756,8.08928108215332,8.176355361938477,8.20791244506836,8.233598709106445,12
0.9840273270927608,5.1019791412801885,10.019193193804307,2.1423568196668823,2.338496154115214,0.8509426116943359,2.2934372425079346,3.2048513889312744,3.677924871444702,3.964734792709351,4.166697502136231,4.324357986450195,4.450786590576172,22
0.4855933522887869,6.5469798826433845,0.1181950758620092,2.797352364615938,2.3222361786901544,1.1489646434783936,3.5647459030151367,5.805662155151367,7.1588544845581055,7.681207656860352,7.861271858215332,7.995186805725098,8.10581111907959,5
0.5718219767425468,274.2814335617821,0.6141204757606613,2.100780680247808,2.148406639424348,0.1548159122467041,0.2551460266113281,0.351572036743164,0.4413197040557861,0.5248196125030518,0.6026582717895508,0.6755073070526123,0.7438321113586426,15
0.6809255421060306,189.4679619174892,0.0037787571019594,2.646678152834704,2.002793106047465,0.1989796161651611,0.34808349609375,0.4895212650299072,0.6174106597900391,0.7340779304504395,0.8405704498291016,0.937995433807373,1.0277082920074463,15
0.4720248048437094,22.26196154342109,0.0314429786328762,2.155617237109454,2.380257249453773,0.934844732284546,2.7580082416534424,4.09572696685791,4.681679725646973,4.905037879943848,5.016863822937012,5.100616455078125,5.166282653808594,5
0.6509755662340594,13.45903036518335,0.0267565089638441,2.6112725196644777,2.3608367173897538,0.931049108505249,2.632061719894409,3.7989795207977295,4.37260627746582,4.679574012756348,4.887198448181152,5.031274795532227,5.15035343170166,5
0.6581860434292973,0.7260071021305003,1.1879072747276642,2.700668046899225,2.557035254090648,1.2578177452087402,4.126233100891113,7.255752563476562,9.673463821411133,10.877764701843262,10.96070671081543,10.967269897460938,10.972526550292969,13
0.7848336532968313,80.91759465900189,0.0514620229689862,2.097881768635739,2.36712649177838,0.3427257537841797,0.7079463005065918,0.9997968673706056,1.2343785762786863,1.4265360832214355,1.5877273082733154,1.7263879776000977,1.8473591804504397,8
0.719730917773787,2.973616050655996,0.167094189935751,2.981816976647798,2.254671529506828,1.1373348236083984,3.4006834030151367,5.25172233581543,6.245816230773926,6.744158744812012,7.106683731079102,7.438759803771973,7.704655647277832,5
0.5451492020709413,1.69594905992851,2.468989963232864,2.628934425945136,2.902240943454224,1.2717652320861816,4.204731464385986,7.493263721466064,10.072914123535156,11.462791442871094,11.62900733947754,11.636327743530272,11.642345428466797,14
0.8696937634126607,1.1056690702203975,0.1230805575013425,2.0704186556159447,2.945046438029125,1.182687759399414,3.7804672718048096,6.225378036499023,7.692985534667969,8.378926277160645,8.697577476501465,8.88807487487793,9.037567138671877,12
0.7995725036505226,12.13863175770828,0.0049201637886336,2.9519392258034483,2.167287782903339,0.8150827884674072,2.156528949737549,3.013279914855957,3.498889446258545,3.81220293045044,4.039806842803955,4.213976860046387,4.354739189147949,22
0.6034539394942923,36.87921523707893,0.3543403053561821,2.8123711161618563,2.5342354356987653,0.7483611106872559,2.0556318759918213,2.9119131565093994,3.342933893203736,3.586284875869751,3.748150587081909,3.885599374771118,3.990702390670776,22
0.3540948775130148,3.928431827975272,0.8270116381661695,2.7341460166613194,2.8064013435407897,1.2674682140350342,4.207867622375488,7.559283256530762,10.378138542175291,12.06952953338623,12.20938491821289,12.215417861938477,12.22070026397705,13
0.6438425972596393,7.373827000711914,67.11797293576646,2.4648740250415546,2.0996425450114224,0.8421251773834229,2.3990015983581543,3.466067314147949,3.923970222473145,4.105385780334473,4.200033664703369,4.240925312042236,4.264680862426758,23
0.648340847989049,13.107426312393695,0.0044697641179584,2.6919015068636982,2.682301258477889,0.9861159324645996,2.878382444381714,4.272831916809082,4.954433441162109,5.301294326782227,5.522954940795898,5.686916351318359,5.815074920654297,5
0.3038911239166935,32.11229042458805,0.4107021795288399,2.0535917695585346,2.0173266737133373,0.9081356525421144,2.673259735107422,3.984476089477539,4.5272393226623535,4.672242641448975,4.735661506652832,4.774112224578857,4.8033318519592285,22
0.8136517817520901,19.47613594390093,0.1422576561089668,2.888202100608536,2.3650162776781,0.7188289165496826,1.878732204437256,2.6266298294067383,3.0512518882751465,3.327073097229004,3.5326719284057617,3.69570255279541,3.8370323181152335,22
0.3296341079799669,1.7431284883026723,0.3514446252063899,2.714627798886136,2.5144588597682023,1.2685434818267822,4.227521896362305,7.670388221740723,10.740545272827148,12.512044906616213,12.545997619628906,12.551405906677246,12.556023597717283,13
0.4958151982230881,0.83142166481382,0.0983933668293383,2.102874429949953,2.154951059937896,1.1871843338012695,3.9210574626922607,6.9501237869262695,9.472042083740234,10.728764533996582,10.765002250671388,10.769893646240234,10.773880958557127,12
0.9992735347798952,127.44569695162382,0.0037120956121638,2.4620068414124234,2.5032599159908564,0.2179059982299804,0.3976304531097412,0.5716061592102051,0.7341430187225342,0.8840887546539307,1.0229883193969729,1.150965690612793,1.2692577838897705,15
0.8887023323899976,1.7940543223188792,7.1573995204590535,2.251185122721967,2.405327952824415,1.0880470275878906,3.234266519546509,4.880796432495117,5.738470077514648,6.16385555267334,6.453057289123535,6.674383163452148,6.834010124206543,6
0.6322349105412208,90.56453596277068,0.0033487884988855,2.6281085310109225,2.3129915512873533,0.4345011711120605,0.9824461936950684,1.3697304725646973,1.6324515342712402,1.8307709693908687,1.9910979270935056,2.1225404739379883,2.2378697395324707,18
0.9119984900666172,13.17110971545744,0.0063217093798654,2.011571227756064,2.145558355145676,0.674384593963623,1.693333625793457,2.3058018684387207,2.651736259460449,2.884661674499512,3.0602827072143555,3.2052435874938965,3.329540729522705,18
0.8362365026583359,6.8124519781773065,0.030869043430298,2.333974061186452,2.820060122324884,0.9772276878356934,2.858842372894287,4.221807956695557,4.89596700668335,5.236554145812988,5.466629505157471,5.639918327331543,5.772089958190918,5
0.4398036661876737,15.944118034579578,0.0392508422203387,2.1644567406435518,2.701203920107895,1.0522167682647705,3.283782720565796,5.229798316955566,6.291708946228027,6.627556800842285,6.725337028503418,6.783707618713379,6.827122688293457,5
0.3685753856346052,130.99080070221427,0.0396714082490611,2.8519858733070835,2.155513636515701,0.4971556663513183,1.2289659976959229,1.6753509044647217,1.895335912704468,2.032125234603882,2.145005464553833,2.2364842891693115,2.3145549297332764,18
0.5623351969640352,1.3132127041367545,0.3032731713198092,2.965979289183079,2.473523610626554,1.2566990852355957,4.094297409057617,7.181271553039551,9.580077171325684,10.754385948181152,10.804221153259276,10.813929557800291,10.822453498840332,13
0.7211091685291461,147.4963091526846,0.1462614897541644,2.196570511432521,2.1160879535447545,0.2230727672576904,0.4086017608642578,0.5775225162506104,0.7275059223175049,0.8603675365447998,0.9798135757446288,1.0870962142944336,1.1837542057037354,15
0.5781979628716633,9.344443821782816,0.0538968351871954,2.6847375484056317,2.4621293307383123,1.0702598094940186,3.200772285461426,4.888824939727783,5.73906946182251,6.117887020111084,6.3543219566345215,6.541094303131104,6.672478199005127,5
0.8068306943805952,39.50230781250098,0.0156870921752788,2.3311325467082558,2.4122692938282784,0.5305914878845215,1.27601957321167,1.770339012145996,2.082679271697998,2.3075389862060547,2.48604679107666,2.6352834701538086,2.763617992401123,18
0.753306049575748,6.052836964487629,37.61047929413248,2.1528736613225963,2.528590710576131,0.93117094039917,2.744271039962769,4.065354347229004,4.679683685302734,4.926937103271484,5.051560401916504,5.129206657409668,5.182341575622559,7
0.6568597320212751,171.07914058751427,0.0166391248048253,2.962028006853942,2.2298981430242963,0.2561702728271484,0.4738388061523437,0.6660904884338379,0.8339548110961914,0.9812285900115968,1.1123290061950684,1.2289905548095703,1.3335928916931152,8
0.618521632598641,9.441295457827744,0.0317435326234481,2.343363752946403,2.792785586333557,1.0576763153076172,3.2235727310180664,4.9788994789123535,5.8692626953125,6.223203659057617,6.424615859985352,6.563786506652832,6.670708656311035,5
0.5296851681103929,1.6490877557742372,135.72052775519788,2.002978451245293,2.0385811275356645,0.7647566795349121,2.2431554794311523,3.3506174087524414,3.68734073638916,3.705883502960205,3.7060794830322266,3.706041812896729,3.706105709075928,23
0.3446038033639813,34.41005913542983,0.1334965700269309,2.622264786124957,2.3030275404046336,0.9371600151062012,2.758797645568848,4.1413092613220215,4.764796733856201,4.989070415496826,5.1244096755981445,5.204852104187012,5.253473281860352,5
0.3450254597909099,149.24653561293584,0.0660281560831774,2.1112158435116557,2.610691848374524,0.5107831954956055,1.3122589588165283,1.7968239784240725,2.005701780319214,2.13152813911438,2.2274091243743896,2.31097674369812,2.3859708309173584,18
0.6343483712865465,84.41122067892795,0.494287295309662,2.3635558878683147,2.360583065428398,0.44014573097229,0.9991416931152344,1.3854708671569824,1.64501690864563,1.8376173973083496,1.992483615875244,2.124110698699951,2.2350997924804688,18
0.9988505025838312,189.27499817927588,0.1168461318348942,2.4870527918672507,2.346052848624253,0.1561386585235595,0.2746891975402832,0.3871445655822754,0.4970066547393799,0.6028261184692383,0.7038741111755371,0.8003878593444824,0.8915770053863525,15
0.9420886316419086,10.132825899767642,0.0096877152297715,2.1643620968297124,2.1078857560924904,0.712493896484375,1.7963876724243164,2.457777738571167,2.834245443344116,3.080429792404175,3.269456624984741,3.4201762676239014,3.544520139694214,22
0.6763083501811338,0.943649367355989,67.55913298679933,2.469703955910755,2.3422707436661745,1.0113332271575928,3.148909091949463,5.150362491607666,6.389283657073975,6.750951290130615,6.755885601043701,6.757927417755127,6.758498668670654,7
0.5790881022014696,5.299399042464913,0.0033570830702375,2.76906097256489,2.7960526646153463,1.189741611480713,3.727165699005127,6.104249000549316,7.533332824707031,8.125021934509277,8.35219669342041,8.518057823181152,8.668925285339355,12
0.4482324254205386,6.3969438798034775,0.0055379751480604,2.1612240116824597,2.0640452620683094,1.0938925743103027,3.409796953201294,5.530881881713867,6.828324317932129,7.281747817993164,7.392955780029297,7.460188865661621,7.509266853332519,5
0.8915686872436547,4.047064530666331,0.1792901006322582,2.719681278306538,2.8270208651246627,1.0672826766967771,3.131621599197388,4.687474250793457,5.503195762634277,5.944643020629883,6.2671403884887695,6.516180038452148,6.70681095123291,5
0.5518919670274421,1.0321456920500356,0.1342952234404153,2.1713473756151704,2.008166055566305,1.1632802486419678,3.766925096511841,6.502140045166016,8.619253158569336,9.723154067993164,9.795008659362791,9.804228782653809,9.81173324584961,12
0.928231283287767,6.588808930663049,0.0171299871405465,2.0630550488091157,2.686882745003919,0.8838849067687988,2.4997503757476807,3.5657784938812256,4.095756530761719,4.39337158203125,4.598847389221191,4.759088516235352,4.887172698974609,22
0.5083328728862222,17.564428405437617,0.0491008921694529,2.2359707531869666,2.6526247211897043,0.9919157028198242,3.0000247955322266,4.581125736236572,5.336427688598633,5.60747766494751,5.734925270080566,5.829802989959717,5.898956775665283,5
0.6344988224528538,0.8308045897878059,4.4474290427359895,2.488352841010463,2.7775481473403065,1.2555716037750244,4.169815540313721,7.435081958770752,9.99900245666504,11.402008056640623,11.501008987426758,11.508543014526367,11.51492691040039,14
0.8753430611390659,89.53926730247304,0.0060598957681296,2.314911434068627,2.8551006232502063,0.3363230228424072,0.6815721988677979,0.9763696193695068,1.227116346359253,1.4396896362304688,1.622328519821167,1.781097412109375,1.9201984405517576,8
0.6191800569760335,34.48330906966446,0.4312176026795429,2.6375927123554543,2.509035654238656,0.7464933395385742,2.049549102783203,2.8939404487609863,3.313584804534912,3.5485968589782715,3.70950984954834,3.841396331787109,3.946225643157959,22
0.8048484928179569,2.6431847734224765,6.497948553674762,2.461766122919107,2.3585317326077315,1.0854332447052002,3.2192153930664062,4.848773002624512,5.685389041900635,6.114799976348877,6.4072794914245605,6.6292643547058105,6.792697429656982,6
0.5961577763057088,161.39877002035757,0.0117418942184233,2.8434494114291167,2.5907329569741826,0.3403635025024414,0.6828010082244873,0.953561305999756,1.1745831966400146,1.3566625118255615,1.5115277767181396,1.645175218582153,1.762547254562378,8
0.506194810934414,3.4741311459604627,0.0265167596939941,2.7388803276796403,2.2448064518659376,1.186164617538452,3.762940645217896,6.313553810119629,8.061749458312988,8.824892044067383,8.973194122314453,9.03916835784912,9.126646041870115,12
0.8419969482517509,25.118835833799093,0.0046301528420402,2.373494074956773,2.537686410950064,0.6403741836547852,1.6371142864227295,2.272756338119507,2.638631582260132,2.887045621871948,3.076788187026977,3.2337305545806885,3.3662030696868896,18
0.7588847735693165,1.0351742911662205,261.3393305120167,2.535145286829957,2.9788942618038674,0.7243485450744629,2.1796083450317383,3.3849101066589355,3.926371097564697,3.9560227394104,3.955098152160645,3.955716609954834,3.9564948081970215,23
0.6574487648822267,1.9379146581141664,0.1374950749274167,2.093211358974167,2.282543254253032,1.1498470306396484,3.643870115280152,5.980840682983398,7.435359001159668,8.01964282989502,8.21297550201416,8.323203086853027,8.412257194519043,12
0.8880440386948877,2.5509695969726565,248.3621054463285,2.789183091439635,2.152264818319055,0.5748939514160156,1.5477309226989746,2.139392375946045,2.265830993652344,2.2652430534362797,2.264770984649658,2.2641615867614746,2.264054298400879,1
0.8871258842776956,2.722067612645562,0.0064181538546363,2.6993237043478318,2.829316430989565,1.1317298412322998,3.382268190383911,5.165539741516113,6.115510940551758,6.612295150756836,6.967538833618164,7.259140968322754,7.476806640625,5
0.4151732370812766,2.517233310570808,0.0040629524215879,2.093929288469143,2.8406432824252623,1.2267353534698486,4.139967918395996,7.527464866638184,10.399681091308594,12.19796085357666,12.298884391784668,12.306665420532228,12.313265800476074,12
0.7249700023364345,85.44821520472067,0.0624931409562397,2.7494185894976235,2.271024539070937,0.3874268531799316,0.8348565101623535,1.1773114204406738,1.435042381286621,1.6376876831054688,1.8036789894104004,1.9457740783691408,2.068309783935547,8
0.3739963182013636,287.5727585957217,0.0325769612017631,2.05215094825689,2.335874175964655,0.2343599796295166,0.4014899730682373,0.5386936664581299,0.6558377742767334,0.7576212882995605,0.8477654457092285,0.9278879165649414,1.0000483989715576,15
0.680504317635886,20.736772259465265,0.0121555140472301,2.674790709728723,2.0426318616339,0.7454390525817871,1.9560680389404297,2.706451416015625,3.1092371940612797,3.354867935180664,3.531653881072998,3.668514251708984,3.778754711151123,22
0.6151998281662733,21.46402696474005,0.0062044620868211,2.4047465917592143,2.716180677928849,0.8858907222747803,2.570035696029663,3.761035203933716,4.319011688232422,4.58206844329834,4.7519731521606445,4.86279296875,4.965415000915527,22
0.7680789750810567,0.8607354602167862,120.36745543992734,2.015548599755113,2.709471394934442,0.8936002254486084,2.7996129989624023,4.517919063568115,5.483899116516113,5.634273052215576,5.635563373565674,5.635761260986328,5.635868072509766,7
0.7949455954123273,60.16996215157374,0.1363583168701068,2.190430925548818,2.209269254099029,0.4009034633636474,0.8732216358184814,1.2211852073669434,1.4781756401062012,1.67844820022583,1.84287691116333,1.9818344116210935,2.1011128425598145,8
0.7895970987367206,112.84244545777086,0.0160768584753035,2.1640728336202097,2.1238328985963464,0.2527134418487549,0.4814755916595459,0.6843678951263428,0.8615672588348389,1.0162196159362793,1.153285026550293,1.2738964557647705,1.3823235034942627,8
0.3424890184597034,17.904541558714815,0.0776757585397717,2.530214899377092,2.2956234535115567,1.0646507740020752,3.2623071670532227,5.199079990386963,6.296718597412109,6.625887870788574,6.728733062744141,6.797342300415039,6.841496467590332,5
0.5208516525204394,6.084074282598744,0.0308702636443636,2.862096122972275,2.591162624905855,1.1816794872283936,3.70332932472229,6.075132369995117,7.529843330383301,8.111529350280762,8.300837516784668,8.461531639099121,8.589653968811035,12
0.7580520963382367,12.852494729479355,0.0168143557746768,2.816722059977129,2.5031525155362204,0.8946778774261475,2.4972083568573,3.5801589488983154,4.140292167663574,4.472550392150879,4.7022705078125,4.873969078063965,5.017282485961914,22
0.5072001409050028,4.923216521008747,7.92556294550646,2.0141684989181314,2.394813515412697,1.1027164459228516,3.502252578735352,5.788850784301758,7.207286357879639,7.729002475738525,7.819709300994873,7.850441455841064,7.875729084014893,6
0.5124326126247337,2.6197964609906914,0.0407706883736559,2.836180045357421,2.795278747972357,1.2673170566558838,4.146518707275391,7.272107124328613,9.62315559387207,10.788440704345703,10.97415542602539,10.984183311462402,10.992877006530762,12
0.7299639532528226,5.902393626361028,107.47908715369748,2.1229351699915644,2.8518281151685168,0.8417456150054932,2.552854299545288,3.90053391456604,4.514982223510742,4.674532890319824,4.706377983093262,4.712761878967285,4.718306541442871,23
0.4995860580069199,3.269469110481096,0.057661249867198,2.256561315328704,2.351923102406398,1.1758849620819092,3.7821295261383057,6.426080703735352,8.266129493713379,9.136481285095217,9.305841445922852,9.31978702545166,9.335028648376465,12
0.979283392050226,186.3974917553768,0.0151528561456177,2.85877272496964,2.612342130173944,0.1902239322662353,0.3307447433471679,0.4679379463195801,0.6040389537811279,0.730682373046875,0.8502097129821777,0.9637644290924072,1.0704622268676758,15
0.3121868906930008,9.814604899572473,0.1400535513929588,2.504842536997588,2.4447367134402715,1.1750853061676023,3.784724235534668,6.511112213134766,8.485921859741211,9.35466766357422,9.431291580200195,9.437396049499512,9.443756103515623,12
0.9869037101110304,1.5792507991754718,0.1455465589333709,2.475076754111373,2.4184285080442924,1.0920474529266355,3.157841682434082,4.656482219696045,5.4548749923706055,5.9312262535095215,6.287292003631592,6.579469203948975,6.798501491546631,5
0.5647677998932545,206.8606829311156,0.0268387095095054,2.633856244187474,2.248903868897585,0.2507634162902832,0.4519920349121094,0.6276700496673584,0.7804293632507324,0.9147300720214844,1.0337870121002195,1.1405589580535889,1.2364275455474854,8
0.6145701977088264,1.946069156688737,15.307839237867489,2.6044860248745447,2.065366997654193,1.1074848175048828,3.4453227519989014,5.621560096740723,6.967957496643066,7.492340087890625,7.637277603149414,7.740654945373535,7.818464279174805,6
0.7151441874032044,1.3903922637479074,18.01443935495733,2.64329489583021,2.946479388766189,1.210559606552124,3.905128002166748,6.652279376983643,8.532596588134766,9.368932723999023,9.600341796875,9.659015655517578,9.72100830078125,14
0.5483668818144557,288.6710016737742,2.059081011015577,2.375360875832386,2.4728363796992228,0.1938188076019287,0.3187086582183838,0.4399147033691406,0.5499942302703857,0.6506168842315674,0.7443985939025879,0.8311865329742432,0.9114580154418944,15
0.4831460453846178,94.67101024794242,3.271061462237431,2.716376351196146,2.4246978272621598,0.5427083969116211,1.3728439807891846,1.8995182514190676,2.1705682277679443,2.3463852405548096,2.479769468307495,2.594589948654175,2.6879799365997314,18
0.9135404955132354,13.31620582166922,0.7082586421897094,2.8390005673223837,2.3163010887295847,0.7344036102294922,1.904667615890503,2.6593306064605717,3.0998289585113525,3.390674829483032,3.611732244491577,3.787813425064087,3.93550181388855,22
0.502448862861026,17.637656515577557,0.1000502020476875,2.457776978141684,2.0047507273821914,0.9167709350585938,2.5878982543945312,3.714457511901856,4.22799825668335,4.490988731384277,4.662962913513184,4.773264408111572,4.855902671813965,22
0.990326738303564,165.93428028067655,0.0093486988477702,2.548470282461154,2.613695486836086,0.1901957988739013,0.3375928401947021,0.4802300930023193,0.6185026168823242,0.7482280731201172,0.8706088066101074,0.9854166507720948,1.0933473110198977,15
0.3469843177064233,71.35146526256892,0.0239428669848628,2.294562426483096,2.167287765867502,0.7020394802093506,1.9294426441192627,2.691441297531128,2.995390653610229,3.119464635848999,3.20597767829895,3.274055242538452,3.332773447036743,22
0.5305403710796246,4.632363103861248,0.0113643758659007,2.0326928919989813,2.164185754847665,1.096773624420166,3.419305324554444,5.500152587890625,6.720940113067627,7.174909114837647,7.299989223480225,7.38285493850708,7.443521976470947,5
0.483582775525845,3.9766461015533143,0.1856991843631991,2.697868961999112,2.2206768931026124,1.1710152626037598,3.6898891925811768,6.177922248840332,7.841684341430664,8.550219535827637,8.681700706481934,8.741942405700684,8.827241897583008,12
0.5211950040186855,4.130377340024461,3.9823720495391424,2.305703570619768,2.8526225259858475,1.188603401184082,3.8659331798553462,6.635201454162598,8.551159858703613,9.374493598937988,9.515634536743164,9.539149284362791,9.566866874694824,14
0.9169681814857524,0.9658631608845528,0.0555335043376978,2.798612269251059,2.391957684762075,1.1856379508972168,3.588380813598633,5.591546058654785,6.724737167358398,7.316168785095215,7.741039276123047,8.128973007202148,8.454741477966309,5
0.3928381789057424,108.14358624286264,0.1389233570975392,2.267726886203824,2.4542589947755435,0.5729238986968994,1.5133225917816162,2.080850839614868,2.32678484916687,2.461474657058716,2.570939302444458,2.659209966659546,2.734800100326538,18
0.6075467794218453,1.32696263605574,0.4640736282593327,2.644588083960113,2.9221968626973327,1.278093338012695,4.221750259399414,7.488047122955322,9.992393493652344,11.321147918701172,11.51848602294922,11.52707290649414,11.53365707397461,13
0.8651136822979473,5.4280450133304,0.0091142568205509,2.346799731989693,2.246564897685919,0.9440174102783204,2.6099929809570312,3.706752300262451,4.2651238441467285,4.605101108551025,4.841883659362793,5.015042781829834,5.155825138092041,5
0.4085703577530739,235.66984038952148,0.046072624933389,2.021732215135078,2.654004239260356,0.3029398918151855,0.5921716690063477,0.8067257404327393,0.9766952991485596,1.1153573989868164,1.2326877117156982,1.3336844444274902,1.4202282428741455,8
0.3093210040732079,72.75708496847439,0.0062630466477574,2.7992145641381043,2.4304657626995176,0.7936527729034424,2.280694007873535,3.325638771057129,3.792035579681397,3.9776053428649902,4.072836399078369,4.136078834533691,4.187354564666748,22
0.3450540068547678,289.69730079532536,0.7630315179523547,2.747063848886199,2.6231892594518285,0.3248226642608642,0.6195201873779297,0.8266127109527588,0.9877524375915528,1.120429754257202,1.233171463012695,1.33125901222229,1.4175808429718018,8
0.3615924892603055,16.21888400174457,0.1118817933849276,2.1281367496196983,2.372323834484839,1.0621337890625,3.3088505268096924,5.331912994384766,6.486560821533203,6.828998565673828,6.895755767822266,6.933427810668945,6.960000991821289,5
0.50346067632653,96.47922880590062,0.469942728781144,2.305621326310609,2.363869995005215,0.4961435794830322,1.2053937911987305,1.646601915359497,1.8882043361663816,2.0552995204925537,2.1866910457611084,2.29855751991272,2.38887095451355,18
0.4484969480929404,1.9771658378759809,0.0646563297165225,2.9057634475546923,2.1018300154346945,1.1958374977111816,3.844998359680176,6.678236484527588,8.894281387329102,9.956541061401367,9.998834609985352,10.003170013427734,10.00677490234375,12
0.4931893400328208,200.07684562540945,0.0123262890909522,2.1115343494387444,2.973731095665353,0.3264045715332031,0.6656703948974609,0.9265613555908204,1.1336381435394287,1.3033487796783447,1.4465370178222656,1.570849895477295,1.6795997619628906,8
0.4459379498975209,15.941776330879453,0.0050284167060246,2.964539149706771,2.997832265903529,1.1285037994384766,3.5130181312561035,5.691414833068848,6.963960647583008,7.431866645812988,7.613816261291504,7.748565673828125,7.85426139831543,5
0.6994416381900832,0.8158858366547509,249.37713394470524,2.8119045188695435,2.062059426090399,0.6024165153503418,1.6637699604034424,2.3311145305633545,2.4469149112701416,2.4465672969818115,2.445473909378052,2.44584059715271,2.4460785388946533,1
0.4790662374108312,156.57309475054174,0.4645448077457184,2.782619646037042,2.464640927096152,0.4033920764923095,0.883568286895752,1.221552848815918,1.450965404510498,1.625629425048828,1.766862392425537,1.8853912353515625,1.985886573791504,18
0.8649896120140894,8.261211545366725,0.0179693567340412,2.906183415743257,2.3629166698568147,0.8874409198760986,2.404070854187012,3.3996505737304688,3.9570975303649902,4.307140350341797,4.567399501800537,4.7628350257873535,4.923534870147705,22
0.9436379996987528,1.0985751035358482,0.0720790775915629,2.1302543917874948,2.6166317076120533,1.143907070159912,3.499786615371704,5.43134880065918,6.48557186126709,7.022319793701172,7.347227096557617,7.599409103393555,7.796064376831055,5
0.4137483359387248,44.405401839373454,0.0621433943890115,2.51971288810749,2.0784981617213525,0.7758753299713135,2.1428017616271973,3.018866539001465,3.411357879638672,3.601290225982666,3.712176322937012,3.7898879051208496,3.864764213562012,22
0.5684884663040934,2.7212650958069204,0.0745493542217404,2.3309773786879457,2.4104728986384982,1.1837196350097656,3.78418493270874,6.3549909591674805,8.064369201660156,8.794877052307129,8.940908432006836,9.006912231445312,9.083168029785156,12
0.4143366524968122,10.461221329755992,0.0562365484411992,2.414470842712441,2.3904613413211795,1.1142339706420898,3.4862210750579834,5.683226585388184,7.00325870513916,7.474708557128906,7.583761215209961,7.64649486541748,7.691911697387695,5
0.5333069082259361,0.9889624828437484,0.0489854792336116,2.0017476538294305,2.8883040275121385,1.2327382564544678,4.184811592102051,7.669740200042725,10.696535110473633,12.595773696899414,12.702695846557615,12.709625244140623,12.715373992919922,12
0.3853964695061513,0.7829225617351439,0.2144206805134816,2.6718314250508373,2.994694189695045,1.311210870742798,4.457760810852051,8.264209747314453,11.81245231628418,14.310302734375,14.362281799316406,14.370458602905272,14.377483367919922,13
0.5523577332767978,1.2043680568998314,251.5886309321564,2.370601336180817,2.5463857454337724,0.6753249168395996,1.975903272628784,2.9492647647857666,3.251026391983032,3.249216318130493,3.2501180171966557,3.248450517654419,3.249769926071167,1
0.5108937572443155,0.774822741785131,1.6396018023726249,2.0722268576289475,2.0550762133328417,1.172703742980957,3.841676950454712,6.7769269943237305,9.171865463256836,10.49827003479004,10.550094604492188,10.558481216430664,10.565569877624512,13
0.5478764476763924,2.6403142248328866,2.2491644929025822,2.472621544384557,2.627876377068151,1.2194058895111084,3.961437225341797,6.827094554901123,8.874372482299805,9.822250366210938,9.982625961303713,9.997650146484377,10.03177261352539,13
0.4452131275530887,3.469779185968993,0.0596094375320621,2.734172849742992,2.6453062149002613,1.248000144958496,4.084562301635742,7.181307792663574,9.552200317382812,10.76344871520996,10.89455509185791,10.902315139770508,10.908868789672852,12
0.6945065943145134,47.455884460675385,0.1023359634345079,2.0130134584186887,2.894511570063733,0.5837514400482178,1.5339605808258057,2.1339497566223145,2.4633026123046875,2.682137012481689,2.8516998291015625,2.991136074066162,3.1083459854125977,18
0.4929301151331581,1.0258456977786443,0.0817468036592015,2.712542423722659,2.3323208521387366,1.2443366050720217,4.092972755432129,7.286224365234375,9.976066589355469,11.566448211669922,11.626128196716309,11.633238792419434,11.639204025268556,12
0.5113652719337726,8.761773588560304,0.006025150083208,2.024877939166019,2.5790857673110192,1.079853057861328,3.3823494911193848,5.430282115936279,6.55670690536499,6.943973064422607,7.064794063568115,7.129255771636963,7.172842502593994,5
0.9629002872614808,0.7799482765350545,160.65930062377495,2.1213086443117595,2.526081837886598,0.7923951148986816,2.3685462474823,3.609058141708374,4.112293243408203,4.173375129699707,4.17327880859375,4.173270225524902,4.173236846923828,23
0.9140219483400402,1.6481573147005484,0.084977698704262,2.640576181767969,2.110694787560315,1.0766301155090332,3.073370933532715,4.487473487854004,5.255269527435303,5.740896701812744,6.14011812210083,6.447225093841553,6.701174259185791,5
0.9376251045683872,1.181536944846768,52.72049370100571,2.862995742697912,2.1120854426309523,0.9630017280578612,2.7892849445343018,4.115169525146484,4.76824951171875,5.091743469238281,5.299990653991699,5.43529224395752,5.4947509765625,7
0.5125633885619145,14.953268360165149,0.2207645244069024,2.765137792075845,2.968243948055823,1.0882041454315186,3.352519989013672,5.299755096435547,6.362363815307617,6.771547317504883,6.969110488891602,7.12241268157959,7.22382926940918,5
0.4492093459618108,8.520922287772523,0.1316142155645888,2.626667444921388,2.736847444325158,1.1745846271514893,3.722707271575928,6.198964595794678,7.786489009857178,8.411706924438477,8.556873321533203,8.634517669677734,8.70456314086914,12
0.8295399870341343,25.604988129129072,0.0105924809268729,2.0083352372647294,2.9688349071054176,0.6464943885803223,1.7347161769866943,2.420877456665039,2.800099849700928,3.0466976165771484,3.2346410751342773,3.389303207397461,3.519951343536377,22
0.719009505165831,61.10703558847093,0.005842999399429,2.038461223603664,2.4140599092073627,0.455867052078247,1.0485644340515137,1.4500133991241455,1.7191243171691897,1.92134428024292,2.0826220512390137,2.2168211936950684,2.3340649604797363,18
0.3829211584321621,131.6744180649845,0.3699254442778498,2.206973647767593,2.464799774306646,0.5117354393005371,1.2947618961334229,1.7646970748901367,1.9813833236694336,2.1141490936279297,2.220991611480713,2.311797618865967,2.389923095703125,18
0.6314998246682528,4.36082760651075,0.0181916779154168,2.2622469334656614,2.6321102926953786,1.1418771743774414,3.570218801498413,5.749345779418945,6.987636566162109,7.484566688537598,7.687859535217285,7.825708389282227,7.925734519958496,5
0.7018741944116241,2.1587644436761297,35.9670308769424,2.2322003654336178,2.0430416741305457,0.9944796562194824,2.9722070693969727,4.561009407043457,5.359926223754883,5.626894950866699,5.736003398895264,5.785223484039307,5.800918102264404,7
0.8858682128474081,2.172438919000221,0.0035293672562589,2.280700039700326,2.695944266545189,1.1181459426879885,3.3809616565704346,5.186395645141602,6.141426086425781,6.612853050231934,6.914212226867676,7.154294967651367,7.338908195495605,5
0.5004814107416848,105.43996392566918,0.0543186376297449,2.660293064624382,2.1749665368123847,0.4542715549468994,1.061004877090454,1.4565186500549316,1.691976547241211,1.858077049255371,1.993940830230713,2.1030678749084477,2.2003841400146484,18
0.9330442711816476,1.2532185997016183,0.4102224748506841,2.892950937695048,2.002595034677836,1.0907926559448242,3.12103271484375,4.575780391693115,5.386960506439209,5.910781383514404,6.369949817657471,6.766738414764404,7.045074939727783,5
0.8734165767386485,141.56619219545215,0.0800116990128607,2.0927285405473257,2.154841633218556,0.1844964027404785,0.3352184295654297,0.4786789417266845,0.6126418113708496,0.7360031604766846,0.8502466678619385,0.9557709693908693,1.0532622337341309,15
0.7690227702971296,43.75644612047612,0.0075227546704474,2.74317367872914,2.4506330627059447,0.5575125217437744,1.3680660724639893,1.915281057357788,2.254066228866577,2.4908764362335205,2.677816152572632,2.833436727523804,2.965608835220337,18
0.8261893400753888,8.80920340188128,0.0861236303162863,2.7098780065693453,2.148878538762657,0.8633708953857422,2.3071706295013428,3.2289702892303467,3.7312843799591056,4.05753231048584,4.289888381958008,4.461496353149414,4.605175018310547,22
0.6958037857392526,176.67720832771818,0.0312324480814393,2.9697997449478435,2.888260119165805,0.307903528213501,0.5785033702850342,0.8168976306915283,1.025923490524292,1.208974838256836,1.371659755706787,1.5159912109375,1.6442193984985352,8
0.8593528068014258,4.242106602380754,5.797648234295387,2.5077353094815287,2.664719666100133,1.0344762802124023,3.022680282592773,4.48380708694458,5.223599910736084,5.617447853088379,5.89369010925293,6.098333358764648,6.2534379959106445,6
0.9075949132596672,3.19687360197612,0.830863156077131,2.1998951327577547,2.79580841228549,1.0475375652313232,3.109082698822021,4.657880783081055,5.437642574310303,5.8325018882751465,6.091475963592529,6.288757801055908,6.434712886810303,5
0.5975957750123205,2.4917447703034385,116.9668253682942,2.1766954469027886,2.207889287388119,0.8330996036529541,2.4871842861175537,3.806844472885132,4.338273048400879,4.405076026916504,4.409031867980957,4.409103393554688,4.40913200378418,23
0.3704839310466066,5.535483319862856,0.0729131673969877,2.731654763547376,2.5858386438864644,1.230198621749878,4.003435134887695,7.025362014770508,9.32752799987793,10.461018562316896,10.530832290649414,10.537790298461914,10.543926239013672,12
0.7923682676792898,5.493282158730472,2.0123222368479303,2.0765604782538727,2.6477269874794382,1.0038955211639404,2.9714548587799072,4.422077178955078,5.115890502929688,5.442157745361328,5.6404571533203125,5.786128044128418,5.900678634643555,6
0.3709481431275919,83.36865728461008,0.1312494437756363,2.609038156629209,2.033820727251661,0.6139349937438965,1.6148536205291748,2.209397554397583,2.471062421798706,2.606377363204956,2.711390733718872,2.798377275466919,2.8698208332061768,18
0.3822983406367664,254.37254957460232,0.16985050193231,2.1174255423427764,2.280675544419687,0.2628951072692871,0.4724214076995849,0.6346786022186279,0.7688212394714355,0.8813269138336182,0.9786200523376464,1.0640745162963867,1.1396241188049316,15
0.8310655595118117,3.774774161796347,70.89884898069808,2.1262146882085062,2.874698424186476,0.9220566749572754,2.815759420394897,4.325434684753418,5.0658721923828125,5.304045677185059,5.393937110900879,5.427257537841797,5.443876266479492,7
0.5468932984189583,105.37806595843432,0.0329682707530329,2.5738774303636007,2.774323581510076,0.5045168399810791,1.2333178520202637,1.7254202365875244,2.0158255100250244,2.2148687839508057,2.37555193901062,2.5059139728546143,2.6189334392547607,18
0.9871148876457124,144.6892129298682,0.0612307105026537,2.1964995757384886,2.4345817459741226,0.1849122047424316,0.3342015743255615,0.4782660007476806,0.6151883602142334,0.743516206741333,0.8643205165863037,0.9768147468566896,1.0818595886230469,15
0.7381847741892588,1.8234111296655,206.4909486607852,2.40499834173194,2.643841583793283,0.7474415302276611,2.226155996322632,3.391218900680542,3.8703629970550537,3.9114911556243896,3.9122025966644287,3.9126360416412354,3.9125688076019287,23
0.5561309908457496,2.1049387843454848,2.662660882274837,2.7504441948344547,2.8392604661570706,1.263415813446045,4.133556842803955,7.243755340576172,9.549123764038086,10.710357666015623,10.906621932983398,10.91668701171875,10.925496101379396,14
0.6877567657840645,108.31440061780796,0.0065680652321316,2.6523765997786715,2.0194213129944862,0.3087081909179687,0.6214132308959961,0.8734030723571777,1.0784013271331787,1.2473821640014648,1.391061305999756,1.515003681182861,1.6229133605957031,8
0.367168278619682,11.06738584767954,0.0762072740002297,2.288380488321192,2.001215300176145,1.063713550567627,3.267485380172729,5.227407455444336,6.396759986877441,6.778633117675781,6.880590438842773,6.93903923034668,6.976648330688477,5
0.5842390265390702,0.9483079580658592,0.2459647735700208,2.718243035698799,2.1097185531413967,1.1976258754730225,3.850323915481568,6.664533615112305,8.798134803771973,9.85167121887207,9.939661026000977,9.945611953735352,9.950406074523926,13
0.7791239232309067,0.8505860377606365,7.377774254596895,2.5549521472791143,2.2234508015167496,1.1646778583526611,3.65027379989624,5.97493839263916,7.439066886901855,8.08056354522705,8.310215950012207,8.46297550201416,8.588878631591797,14
0.3917293663775075,62.35722577204647,0.0448161825111775,2.338502659408316,2.993139074775341,0.8077547550201416,2.421236038208008,3.614580154418945,4.156921863555908,4.346863269805908,4.432355880737305,4.504418849945068,4.565672874450684,22
0.7852684206353832,1.2092004013334678,19.999511276990447,2.5853157669474576,2.9903636391322097,1.1937291622161863,3.818457841873169,6.404206275939941,8.075794219970703,8.825218200683594,9.07041358947754,9.177733421325684,9.259639739990234,14
0.9632640484761056,256.90516950111595,0.5103242520165158,2.124371347295391,2.589058355748286,0.1253080368041992,0.2201740741729736,0.3058719635009765,0.3900449275970459,0.4739129543304443,0.5554120540618896,0.6341068744659424,0.7098338603973389,15
0.4376879318098399,1.0994367301378745,260.8873535905111,2.837896246933538,2.604181541777068,0.6917173862457275,2.0292365550994877,3.061410665512085,3.429238557815552,3.441293478012085,3.440514326095581,3.4417479038238525,3.440714120864868,23
0.8090516466169618,58.569425757689885,0.0286112551787075,2.4308307300969383,2.640385683211642,0.4619030952453613,1.0548291206359863,1.4859120845794678,1.7919251918792725,2.025590181350708,2.2143352031707764,2.372082471847534,2.5086801052093506,18
0.7177223906690878,33.252168442907674,0.0524976673320055,2.298787180180563,2.091427333327934,0.5924947261810303,1.4712939262390137,2.0073068141937256,2.310444593429565,2.5132253170013428,2.670849084854126,2.7990376949310303,2.9116947650909424,18
0.6440080591563881,206.0154110990912,0.0105792054360043,2.795483058899685,2.067275167798229,0.20469331741333,0.355349063873291,0.4980649948120117,0.626213550567627,0.7430975437164307,0.8498368263244629,0.9474279880523682,1.0371499061584473,15
0.8852601471361357,1.686762430336046,0.0036494913933799,2.87786774597021,2.6768736087692027,1.1816625595092771,3.558694839477539,5.503358364105225,6.590372562408447,7.156479358673096,7.572789669036865,7.946363925933838,8.235921859741211,5
0.8011436233585947,2.051913142970924,38.26703957686755,2.387734441690399,2.719900189780564,1.0702195167541504,3.306970834732056,5.229333877563477,6.298091888427734,6.703874588012695,6.85589599609375,6.945745468139648,6.988826751708984,7
0.5499319983350105,0.7219728022011589,1.2790438881115105,2.436755545516614,2.7321587235706306,1.2689743041992188,4.251623630523682,7.711778163909912,10.725032806396484,12.563234329223633,12.61454963684082,12.622926712036133,12.629798889160156,13
0.3533716199930917,79.10348042717222,0.0802667367032216,2.9736534693678385,2.7377642821069808,0.7799994945526123,2.2605552673339844,3.328802585601806,3.8254642486572266,4.031357288360596,4.142194747924805,4.223715305328369,4.29123592376709,22
0.4687442422417937,6.899884223041467,2.693685760333885,2.950585550455353,2.0917725466681745,1.100111484527588,3.3521409034729004,5.345114707946777,6.488862037658691,6.918671607971191,7.123316764831543,7.280141830444336,7.395188331604004,6
0.8629777979522638,9.327321665495717,0.0438210188285957,2.312475679218139,2.199765460063747,0.8205652236938477,2.17616605758667,3.022531032562256,3.474012851715088,3.750088214874268,3.94983434677124,4.104276657104492,4.228092670440674,22
0.4638050735279453,1.4825423918472098,0.0493259521213815,2.357801937421129,2.4758342217801177,1.2336723804473877,4.095688819885254,7.337968826293945,10.035529136657717,11.470611572265623,11.517892837524414,11.523589134216309,11.528358459472656,12
0.3337779718184288,0.9679665646829542,8.722751880354949,2.1654788095880484,2.244224800526826,1.184128999710083,3.932315587997437,7.0478515625,9.781036376953123,11.388981819152832,11.431148529052734,11.43471336364746,11.437678337097168,14
0.7566332846812195,1.8704297691111715,18.548843130143872,2.0616105632384043,2.398705629488576,1.0835320949554443,3.357485055923462,5.315646171569824,6.381956100463867,6.800374031066895,6.968795776367188,7.056850433349609,7.102466583251953,6
0.9610370163618872,1.3732626934237455,14.293577280606153,2.336173830871159,2.307038916103614,1.06559419631958,3.12954044342041,4.6531171798706055,5.442795753479004,5.860701560974121,6.152615547180176,6.363045692443848,6.519961357116699,6
0.7698599216531141,3.153482293020612,363.9125511214501,2.9517223200645004,2.0652769603887773,0.42616868019104,0.9981300830841064,1.2558727264404297,1.253986358642578,1.2536087036132812,1.254443645477295,1.253223896026611,1.2529582977294922,1
0.6662969048830464,138.49857151034587,0.3613772713883092,2.4906243826249725,2.6174303179921057,0.3254439830780029,0.6480779647827148,0.9119093418121338,1.1316347122192385,1.31618070602417,1.473304033279419,1.6104011535644531,1.7303876876831057,8
0.695224082522621,4.157411587270066,1.3675442889397078,2.8939966199939424,2.93011725950544,1.1827526092529297,3.65356969833374,5.841308116912842,7.098428249359131,7.65724515914917,7.970356464385986,8.231168746948242,8.443506240844727,13
0.7737077432244311,3.0673472679847404,0.0039952370387347,2.482515803244592,2.0444285499879946,1.0491564273834229,3.009028911590576,4.410402297973633,5.136206150054932,5.55321741104126,5.876950740814209,6.117037296295166,6.286990642547607,5
0.6270088372928548,4.246797692997108,0.1016130054765687,2.116005341471622,2.0035774389018326,1.0561847686767578,3.146523714065552,4.800732612609863,5.645087242126465,5.9990739822387695,6.205094337463379,6.340314865112305,6.437610626220703,5
0.4963952272220253,75.80549290072712,0.0423936873517992,2.2145785825509616,2.069269076938465,0.5324983596801758,1.3222696781158447,1.7818031311035156,2.016556739807129,2.1711864471435547,2.291444778442383,2.391657829284668,2.481961250305176,18
0.5207631952600414,1.2451643961351138,109.55658501718878,2.3476542312591557,2.1706206762905493,0.8701901435852051,2.6319313049316406,4.128765106201172,4.850313186645508,4.925488471984863,4.934803009033203,4.935441017150879,4.935727119445801,23
0.3327981250065357,47.48091159275798,0.0894660317737103,2.2456036686256398,2.1766550173946326,0.8298087120056152,2.371358633041382,3.4276278018951416,3.8505027294158936,4.008573532104492,4.084266662597656,4.143507957458496,4.191575050354004,22
0.6375364954225717,16.640991093255522,0.0749619332511702,2.323107801364884,2.9045587519069973,0.9385929107666016,2.7924842834472656,4.177430629730225,4.836431980133057,5.1255598068237305,5.29063081741333,5.4194769859313965,5.517030239105225,5
0.906847730498854,7.766732557489409,165.11713766403977,2.357994696875398,2.9796200154860326,0.6864492893218994,1.960676193237305,2.8471932411193848,3.2431464195251465,3.384108066558838,3.436502456665039,3.4653611183166504,3.4888501167297363,23
0.6138688408888304,2.934050381579425,0.3206200186633653,2.971012621954025,2.336159414845677,1.186187744140625,3.692529678344727,6.014076232910156,7.429047584533691,8.033404350280762,8.273245811462402,8.49682903289795,8.676309585571289,13
0.3146591691754379,15.742624736260716,0.0046737335767918,2.3106546462493074,2.71275865645308,1.134322166442871,3.64943265914917,6.18550968170166,7.894243240356445,8.559621810913086,8.629647254943848,8.641012191772461,8.65160083770752,12
0.3507314985119848,5.2683215681349935,2.626752856448065,2.6372385865239005,2.583693674783897,1.224661111831665,3.9970383644104,7.049253940582275,9.446571350097656,10.611417770385742,10.689617156982422,10.692089080810549,10.69426155090332,14
0.966345224305988,65.24686325977,0.0067383969359113,2.509414702560018,2.519569393121419,0.3487908840179443,0.7173507213592529,1.0291013717651367,1.2901816368103027,1.508544921875,1.6947555541992188,1.8552589416503904,1.995802879333496,8
0.5024728780561653,3.6075982980481895,0.0077308666887047,2.283350611591586,2.321904827197299,1.1697602272033691,3.7490384578704834,6.327274322509766,8.084507942199707,8.84880542755127,8.978684425354004,9.011813163757324,9.051217079162598,12
0.7024652456517106,53.683657876027766,0.0157872690090478,2.534208601472189,2.327248663394235,0.5250194072723389,1.2679195404052734,1.7606520652770996,2.060858726501465,2.274724006652832,2.4432215690612797,2.582695484161377,2.7011194229125977,18
0.6805220812304745,246.0826249567729,0.0047425678307455,2.956353403056269,2.2334584473298325,0.1835403442382812,0.3065552711486816,0.4282176494598388,0.540701150894165,0.6449525356292725,0.7429356575012207,0.8339438438415527,0.9187960624694824,15
0.5126889520748372,1.3391110765282674,0.1260465355910277,2.780524037906721,2.252112296458342,1.229527473449707,4.007703304290772,7.034079551696777,9.440230369567873,10.833314895629885,10.927281379699709,10.933941841125488,10.939476013183594,12
0.5269790574564779,1.2795159166540668,7.6469388581415805,2.700272837365301,2.4483445334267304,1.2280385494232178,4.01078987121582,7.069786071777344,9.470181465148926,10.850465774536133,10.959424018859863,10.96387004852295,10.967761993408203,14
0.6369866301753941,3.126443273281646,2.455596139072913,2.532100233959329,2.229292567771765,1.1299035549163818,3.461355686187744,5.4873456954956055,6.62863826751709,7.109147071838379,7.357165336608887,7.533674240112305,7.669404029846191,6
0.742619437516549,17.186262778546215,0.0126719924023572,2.038942821911085,2.6805879858984945,0.7979795932769775,2.244004726409912,3.165799617767334,3.6037421226501465,3.837203979492188,3.996000289916992,4.123933792114258,4.225509643554688,22
0.3765234539837169,12.667867526623647,0.0300472937648561,2.220691778928332,2.007671056651618,1.040651559829712,3.163228988647461,4.97633171081543,5.974535465240479,6.283870220184326,6.388548374176025,6.450327396392822,6.485713481903076,5
0.5108063035254997,1.430641416934626,1.2484262586218875,2.492798666256673,2.542868637078437,1.2413630485534668,4.1033711433410645,7.294298648834228,9.908443450927734,11.203821182250977,11.24638557434082,11.253490447998049,11.259183883666992,13
0.5484123560031513,4.635794003625528,0.0138015931807888,2.4502706451676506,2.977000437421045,1.2080554962158203,3.893015384674072,6.606231212615967,8.398916244506836,9.156455993652344,9.341554641723633,9.41151237487793,9.483169555664062,12
0.4807323633284134,2.126045021486501,3.199736202295326,2.73234845250693,2.1319008669059123,1.1851518154144287,3.7976114749908447,6.532650947570801,8.59504508972168,9.68111801147461,9.804716110229492,9.811450958251951,9.817482948303224,14
0.8628297235098527,1.0902752745842663,1.9084645819159172,2.247496752187949,2.1909100449847845,1.1338660717010498,3.4401237964630127,5.337594985961914,6.385412216186523,6.890430450439453,7.208680152893066,7.4532575607299805,7.631443977355957,6
0.8844967041004239,4.666095043069141,13.029061272888516,2.2387231432997505,2.6136654724593456,0.9607672691345216,2.773995876312256,4.042311668395996,4.663821697235107,4.982555866241455,5.192082405090332,5.3515825271606445,5.459576606750488,6
0.4202314300065774,0.8037284710253224,114.4370954133858,2.593545061205841,2.239941317450529,0.8882720470428467,2.701154947280884,4.306221961975098,5.159873962402344,5.2640886306762695,5.275636672973633,5.276618957519531,5.277023315429688,7
0.7708764407907676,7.591812850140867,0.0105633525888071,2.058980960647068,2.9855937665273364,0.9827051162719728,2.960827112197876,4.46537971496582,5.194786071777344,5.513060569763184,5.705223083496094,5.835817337036133,5.953607559204102,5
0.9037551604714182,127.69368428115104,0.009900166601635,2.898729471099094,2.259064005883068,0.2368285655975341,0.4393486976623535,0.6308715343475342,0.8043954372406006,0.9616436958312988,1.1045117378234863,1.2344741821289062,1.3521614074707031,8
0.8928984564438296,0.8390143086094376,138.01446057639663,2.0575004885473844,2.7803004431977363,0.8608169555664062,2.6632626056671143,4.221881866455078,5.012994766235352,5.128893852233887,5.130545616149902,5.130618095397949,5.13060474395752,23
0.8292899077125673,110.07656630663531,0.3178742471033173,2.3772751309583096,2.4654704318878524,0.2872633934020996,0.5565752983093262,0.7946665287017822,1.0017447471618652,1.181417465209961,1.3389666080474854,1.4783267974853516,1.6015775203704834,8
0.5641374883057221,0.858224933999571,223.51894138598817,2.6299725875628845,2.2042939453866777,0.67146897315979,1.9214344024658203,2.7996535301208496,3.041287899017334,3.045286178588867,3.045464515686035,3.044773578643799,3.0446834564208984,1
0.5567219858128714,1.0351099692174608,0.0478679090289297,2.191844760678287,2.0864416181478034,1.1767783164978027,3.812376022338867,6.622551441192627,8.774988174438477,9.725236892700195,9.76350212097168,9.768756866455078,9.772956848144531,12
0.5445466804772473,54.36709085411166,0.0033600350642734,2.411600259153361,2.802091694601592,0.6969618797302246,1.9428942203521729,2.755065679550171,3.137399435043335,3.336797952651977,3.477104902267456,3.588945150375366,3.689097166061402,22
0.9192354957626918,7.764618598579782,0.0037985642454377,2.131353951518564,2.1048212413352365,0.7896201610565186,2.0416924953460693,2.805593252182007,3.220897436141968,3.482842206954956,3.675480604171753,3.826375722885132,3.945113897323608,22
0.3986105885701213,106.18015416211294,0.2118739186417075,2.426082378531764,2.296068777824722,0.5519740581512451,1.419140100479126,1.9374210834503172,2.169166326522827,2.3122923374176025,2.4196059703826904,2.508625268936157,2.5910308361053467,18
0.4874796537006776,4.254355179112238,0.0061877116662355,2.00276796132457,2.658953257772714,1.1656451225280762,3.8087058067321777,6.548782825469971,8.480171203613281,9.303133010864258,9.432624816894531,9.44575309753418,9.462532043457031,12
0.6704630294597561,66.17981644228091,0.9249691877672536,2.4422899943332563,2.4700379673135675,0.5034942626953125,1.20658540725708,1.6762280464172363,1.966891288757324,2.175374984741211,2.339365005493164,2.4768266677856445,2.596803665161133,18
0.516973859066829,9.940047009853323,0.0443879716420994,2.937256466355341,2.835523224834593,1.152003288269043,3.576420783996582,5.755529403686523,7.012372970581055,7.510013580322266,7.72658634185791,7.899984359741211,8.047391891479492,5
0.5785955454861745,5.063647309709226,31.96277459601443,2.00075395596413,2.397445402053562,1.0139429569244385,3.128512382507324,4.9326701164245605,5.885163307189941,6.167700290679932,6.225236415863037,6.248528957366943,6.259779453277588,7
0.6544040262314512,3.528186685920015,0.1204268281091714,2.8083645233224703,2.069062458154133,1.1041197776794434,3.299654483795166,5.066193103790283,6.024588584899902,6.475247383117676,6.785665512084961,7.0532989501953125,7.254816055297852,5
0.3528669218607609,0.9463697178461878,9.00708929554471,2.1285884254516008,2.577427078670556,1.212639093399048,4.072927474975586,7.427084922790527,10.436968803405762,12.427577018737791,12.477621078491213,12.480901718139648,12.483802795410156,14
0.4152061920269074,253.3646538313792,2.219050643646916,2.940936470953244,2.681338658179651,0.3293452262878418,0.6355698108673096,0.8617110252380371,1.042658805847168,1.191739559173584,1.318736553192139,1.4293804168701172,1.5257153511047363,8
0.7899909504946417,3.4235785881903538,259.14101477681805,2.293271751027089,2.86521090251176,0.6583926677703857,1.9227988719940183,2.8698103427886963,3.1926987171173096,3.1963722705841064,3.196117162704468,3.1957623958587646,3.194784879684448,1
0.9425724402524386,3.3030470608632005,77.3179026365155,2.591275847883725,2.25980062925247,0.8345222473144531,2.34229588508606,3.353456258773804,3.839588880538941,4.080233573913574,4.221680641174316,4.290780067443848,4.330204963684082,23
0.3609098069880987,117.97100434832852,0.0493546640082592,2.0399044839993863,2.759464199246902,0.5888245105743408,1.6280643939971924,2.2792701721191406,2.5377583503723145,2.658625602722168,2.7540416717529297,2.8362317085266118,2.9060044288635254,22
0.6193449814735723,209.3670048281627,0.03305331427234,2.359227709327397,2.948235453400202,0.2699418067932129,0.4972882270812988,0.7001874446868896,0.8796906471252441,1.0385594367980957,1.1813123226165771,1.3084018230438232,1.423695087432861,8
0.8822362862472558,7.3549750002166,0.0059572840172201,2.078288305487913,2.4137227467117404,0.8674862384796143,2.381446123123169,3.33948302268982,3.82122540473938,4.100033760070801,4.290829658508301,4.4418792724609375,4.5635175704956055,22
0.8677579170969202,29.924407425649328,0.0082184106396101,2.2262539790193108,2.7520244449322107,0.5888934135437012,1.484415054321289,2.070317268371582,2.4292125701904297,2.681048393249512,2.8779821395874023,3.0414462089538574,3.181699275970459,18
0.7084312848636323,40.76231657932324,0.0583249435146255,2.523689291229948,2.486034092195596,0.6129758358001709,1.5680384635925293,2.1772780418396,2.517697811126709,2.741740703582764,2.9150309562683105,3.0552449226379395,3.1778125762939453,18
0.8516990727682312,137.87950580215931,0.1257991060670442,2.374162428880128,2.9341093134852394,0.267003059387207,0.4999785423278808,0.7169711589813232,0.9131598472595216,1.0892488956451416,1.248596429824829,1.3922879695892334,1.5219683647155762,8
0.5370138503734438,2.0384479023626265,16.4875795273695,2.473051045922027,2.984988246300505,1.2148804664611816,4.003344535827637,7.076138973236084,9.4151611328125,10.576854705810549,10.717988967895508,10.720373153686523,10.722494125366213,14
0.7503341422659101,6.8977441380671305,0.7240804683544922,2.0505697741479465,2.238733151385293,0.9435751438140868,2.6599488258361816,3.800659656524658,4.337575435638428,4.6166672706604,4.799533843994141,4.932190895080566,5.030081748962402,22
0.7331548866980546,5.134971686299841,2.812439844093738,2.12471254953372,2.3453697303561496,1.0228159427642822,2.990985631942749,4.431501388549805,5.119272232055664,5.448305130004883,5.665718078613281,5.816713333129883,5.926963806152344,6
0.3756986297687383,24.619334459494645,0.0296179103365569,2.2845122034310874,2.098518581507339,0.9410398006439208,2.752048254013061,4.089841842651367,4.680905342102051,4.888097763061523,4.999161720275879,5.065839767456055,5.115071296691895,22
0.8991132200901502,0.7236945809937437,7.823100319276088,2.2746058732661147,2.2401410697380086,1.13321852684021,3.4757091999053955,5.471983909606934,6.611994743347168,7.144757270812988,7.433422088623047,7.648456573486328,7.802957534790039,6
0.9440303140661852,1.1019901996752186,0.0244746294038438,2.024882800407623,2.603985295650841,1.130490779876709,3.472507953643799,5.3939127922058105,6.436073780059815,6.957090854644775,7.26137113571167,7.48755407333374,7.664774417877197,5
0.8153705975967913,0.7932853065870391,19.22420387399585,2.1909326038644448,2.8188172743868525,1.1677703857421875,3.777402877807617,6.395608425140381,8.120044708251953,8.887348175048828,9.087421417236328,9.129379272460938,9.158775329589844,14
0.5680579179209,1.5435760724924303,11.644885798649836,2.785177304288054,2.0973188710840045,1.1446545124053955,3.6220178604125977,6.095298767089844,7.792850494384766,8.572991371154785,8.668563842773438,8.68453311920166,8.72822380065918,14
0.8423968247537716,3.2981479705715446,91.3634980877892,2.266393243776013,2.160284317130254,0.8110330104827881,2.296775579452514,3.3041932582855225,3.717607259750366,3.881852865219116,3.935195684432984,3.9511525630950928,3.96151614189148,23
0.313443463367854,112.1176567005337,0.0961012036921109,2.885074737278778,2.269693783482368,0.6275420188903809,1.699601650238037,2.3749170303344727,2.6580348014831543,2.7958641052246094,2.888227939605713,2.96133041381836,3.027824878692627,22
0.7099435500317614,6.518469503793465,0.0403694864785278,2.01805209422846,2.383560275491952,1.0010032653808594,2.9377336502075195,4.3411478996276855,4.996160984039307,5.294945240020752,5.485629081726074,5.609506130218506,5.715951919555664,5
0.5236649398317926,0.8075237593053495,0.2986026242915546,2.668851759717477,2.7769669561100674,1.2905561923980713,4.32943868637085,7.883612155914307,11.031120300292969,12.855751037597656,12.907892227172852,12.916046142578123,12.922975540161133,13
0.4054269992070943,9.971434158087636,0.0057621018191173,2.675841518456183,2.763205777562079,1.1822185516357422,3.777846813201904,6.379894733428955,8.117420196533203,8.824695587158203,8.951948165893555,8.995925903320312,9.043882369995115,12
0.8153018758299393,93.69631376034371,0.3082095762571392,2.830066181290201,2.5858965753784617,0.3605332374572754,0.7448577880859375,1.0598852634429932,1.319572687149048,1.5340359210968018,1.7152245044708252,1.8705294132232664,2.006663084030152,8
0.600140459519235,5.086539168124767,56.86252565542564,2.429497190029565,2.649289954440549,1.0042593479156494,3.099587202072144,4.9290266036987305,5.914773941040039,6.204006195068359,6.269244194030762,6.298656463623047,6.311866760253906,7
0.8546586321216494,3.246106761363884,2.271938977827721,2.093184070409116,2.4275381360368145,1.0287160873413086,3.0021774768829346,4.411626815795898,5.117719650268555,5.472296714782715,5.712662696838379,5.886758804321289,6.014285087585449,6
0.9099651465910292,17.15928772754541,0.0266949126618363,2.068287159151336,2.370766275469613,0.6487486362457275,1.6447443962097168,2.2549588680267334,2.608513593673706,2.846266508102417,3.031996011734009,3.18332314491272,3.3140103816986084,18
0.9939423406568468,3.399553766914212,0.0093114412992609,2.25586755761952,2.8578351826266983,0.9961276054382324,2.890599012374878,4.241193771362305,4.929953575134277,5.306423187255859,5.572783470153809,5.773564338684082,5.9365997314453125,5
0.7126913444029555,93.38003971283212,0.00309576150898,2.4832906158956694,2.887031118356566,0.4288630485534668,0.9550275802612304,1.3502349853515625,1.6437149047851562,1.8724923133850095,2.0591440200805664,2.215989589691162,2.351991653442383,18
0.7478675578285506,6.800063950839825,61.41091876665033,2.5033291157953608,2.035477216684572,0.8062262535095215,2.219379425048828,3.1323699951171875,3.5593738555908203,3.77094030380249,3.8890633583068848,3.953493118286133,3.994687557220459,23
0.3235539265742312,70.4929152979437,0.0540152043580055,2.8390900039773843,2.2770742371350705,0.7678425312042236,2.1692302227020264,3.1186859607696533,3.5387723445892334,3.720858335494995,3.822890520095825,3.890690088272095,3.945061922073364,22
0.4253979710110516,0.9999646708245556,6.006564081108752,2.572301578292951,2.886229085487765,1.2804558277130127,4.3079118728637695,7.892651557922363,11.119816780090332,13.14739990234375,13.198307037353516,13.201420783996582,13.204163551330566,14
0.9608200380318452,12.637004191725618,0.003247538383367,2.080856680822059,2.76829191418747,0.7173945903778076,1.918461561203003,2.669214963912964,3.084162950515747,3.355965375900269,3.5593912601470947,3.724689245223999,3.863356351852417,22
0.372296345403532,44.38956765627976,0.014202528904747,2.140418746519598,2.8224546644861,0.889296293258667,2.7176859378814697,4.154746055603027,4.820303916931152,5.010680198669434,5.089770317077637,5.141559600830078,5.183444023132324,5
0.9641234544005848,2.3095374091268863,255.1090916639912,2.0589026243041544,2.4985465879219104,0.6013472080230713,1.6800637245178225,2.388079881668091,2.549444913864136,2.5475432872772217,2.5465829372406006,2.5477468967437744,2.5487234592437744,1
0.4236289769796568,1.34899432950209,0.928293421814577,2.945288693441894,2.736495996455781,1.2959446907043457,4.326303482055664,7.847038269042969,10.94374656677246,12.797008514404297,12.840997695922852,12.847015380859377,12.852174758911133,13
0.6681847096289698,5.860827988221537,0.1173264551454641,2.4632083235155013,2.8651051426250733,1.118436336517334,3.4430174827575684,5.408212661743164,6.467640399932861,6.912829875946045,7.157205104827881,7.3393473625183105,7.471876621246338,5
0.4115250015374283,6.503377956811996,0.2842300184548617,2.3848631787843693,2.4673836034530945,1.172081708908081,3.7616589069366455,6.389692306518555,8.209977149963379,8.99393081665039,9.095046997070312,9.105051040649414,9.12596321105957,13
0.95696648763146,1.6774884440889015,2.9989873402851317,2.9589258552004822,2.747487640371619,1.1533575057983398,3.418742656707764,5.199542999267578,6.172562599182129,6.711390495300293,7.135725975036621,7.497937202453613,7.774041175842285,6
0.527928667035656,1.0099397159142365,2.1956470450934416,2.17397964669916,2.146053352500088,1.1778895854949951,3.853055715560913,6.743269920349121,9.041837692260742,10.39968967437744,10.490850448608398,10.496747016906738,10.501733779907228,13
0.892931328398978,243.3740621678799,0.0146394441688495,2.247075525967177,2.9181449124164254,0.1593291759490966,0.2751219272613525,0.3832840919494629,0.4937798976898193,0.5997288227081299,0.7000081539154053,0.7957351207733154,0.8871901035308838,15
0.4347133252853652,109.17527753927254,0.0322173791603495,2.360982451148632,2.478141843305284,0.5370769500732422,1.368396520614624,1.879527568817139,2.1267523765563965,2.2805933952331543,2.402411937713623,2.505939483642578,2.5903806686401367,18
0.3651812923142873,0.950280289349211,0.167166044449372,2.133760322183317,2.7533370585180705,1.2528176307678225,4.265995979309082,7.895780563354492,11.277904510498049,13.428459167480469,13.470776557922363,13.478365898132324,13.484885215759276,12
0.965280182194814,22.098590426226643,0.3938344808918571,2.422245790846287,2.549339973276709,0.5865216255187988,1.434791088104248,2.00200629234314,2.3636929988861084,2.622802495956421,2.828587770462036,2.9983599185943604,3.143598318099976,18
0.480383147658107,16.050254887067744,0.0034026042344405,2.3498304978431013,2.762153050063062,1.0499920845031738,3.2371644973754883,5.088172912597656,6.06263542175293,6.39790153503418,6.532337188720703,6.626046180725098,6.701215744018555,5
0.6581700048886366,5.4213157690418265,0.0537062681704254,2.004398333275573,2.709871284084949,1.0799310207366943,3.3576979637146,5.2798333168029785,6.299905300140381,6.697831630706787,6.872870922088623,6.993383884429932,7.078787326812744,5
0.5847553661030411,11.427998381943244,0.0102198690717313,2.70378708214451,2.885602400742344,1.0823264122009275,3.302386522293091,5.145063400268555,6.119736671447754,6.5122270584106445,6.742679595947266,6.914084434509277,7.032955169677734,5
0.8473187138343201,36.41631434906434,0.0562465633512833,2.7689683831728966,2.325006587551881,0.5334458351135254,1.277750015258789,1.7916159629821775,2.1253910064697266,2.365684032440185,2.557751178741455,2.717219829559326,2.853135108947754,18
0.8092769966083495,2.5435966438334776,14.42944006516319,2.24601708992086,2.8187532546440432,1.1031880378723145,3.4167144298553467,5.38144588470459,6.453681945800781,6.907622337341309,7.139388084411621,7.293146133422852,7.408902168273926,6
0.3834368920168807,142.60395645515888,0.0067428186025324,2.094411771360202,2.315400360373123,0.4598848819732666,1.1045818328857422,1.4887394905090332,1.6839933395385742,1.8176031112670896,1.9224507808685305,2.012962579727173,2.092043161392212,18
0.9205864460248298,1.440602802839158,3.0838863036687427,2.9478728461597576,2.2304022711620703,1.1127872467041016,3.230832099914551,4.802902698516846,5.659714698791504,6.180431365966797,6.616619110107422,6.9850921630859375,7.28223705291748,6
0.7518388176639867,3.348879306086318,170.69710715365537,2.510753422972196,2.806353043784778,0.799492359161377,2.400501251220703,3.681620121002197,4.26365852355957,4.39056921005249,4.3967366218566895,4.3964619636535645,4.396335124969482,23
0.5831286804545002,3.915435822888144,0.0416362614276661,2.161860216960856,2.169261349228905,1.1040849685668943,3.4067628383636475,5.413896560668945,6.553278923034668,6.989597320556641,7.178290367126465,7.294680595397949,7.370267868041992,5
0.7660115424420605,162.03547069405894,0.0101244292513908,2.2018670592213088,2.654681732894256,0.2372026443481445,0.4347686767578125,0.6194944381713867,0.7861607074737549,0.936110019683838,1.0726826190948486,1.195829153060913,1.308401584625244,8
0.8673335823915389,29.94218250515818,0.1179369879898152,2.7309246386843977,2.4817913344433418,0.5858790874481201,1.4446966648101809,2.0243442058563232,2.3857734203338623,2.641352415084839,2.8420732021331787,3.0077359676361084,3.1493136882781982,18
0.4921341088512033,2.3923953480821645,12.547478120209876,2.4305762229186625,2.3975841905663646,1.1697070598602295,3.783653974533081,6.522130012512207,8.528502464294434,9.47744846343994,9.588404655456545,9.592466354370115,9.596083641052246,14
0.6555675089474995,1.2687899705244825,0.1292632542890544,2.9778978642712266,2.4963184979372284,1.2541475296020508,4.047424793243408,6.945858955383301,8.99574089050293,10.013298988342283,10.248394966125488,10.284944534301758,10.355124473571776,12
0.9707832816991394,135.65145215174266,0.0042689395510257,2.3969625352346755,2.020887727199784,0.1750702857971191,0.3158493041992187,0.451481819152832,0.5801792144775391,0.6999380588531494,0.8123128414154053,0.9162945747375488,1.0135002136230469,15
0.739129601424015,0.7765060317138369,0.6909395372689305,2.241486923359893,2.570813917158937,1.2197306156158447,3.997950553894043,6.887352466583252,8.925653457641602,9.925453186035156,10.146102905273438,10.175430297851562,10.205293655395508,13
0.4827426907861332,19.327638056289263,0.4653001695635152,2.3818370703949983,2.933217190028274,1.0254132747650146,3.1533124446868896,4.936830520629883,5.858700752258301,6.178679466247559,6.311357498168945,6.414822578430176,6.481731414794922,5
0.3807974934616838,55.43147384797727,0.010949566531419,2.847596513548781,2.7489623947479505,0.8661856651306152,2.5628740787506104,3.850295305252075,4.463763236999512,4.713407516479492,4.832515716552734,4.919608116149902,4.986708641052246,22
0.6994270251456753,0.7918032010797068,9.471948698128994,2.1839700537734608,2.4044550433070624,1.1778953075408936,3.822721004486084,6.5522637367248535,8.491252899169922,9.395723342895508,9.550817489624023,9.555852890014648,9.562238693237305,14
0.9754632194300074,2.3273090988696827,30.086665826318992,2.289186005754951,2.373891389481341,0.9656121730804444,2.7621829509735107,4.022102355957031,4.635351181030273,4.966136932373047,5.170321464538574,5.320258140563965,5.410026550292969,7
0.3816401373467892,2.5828289377545213,0.24556586713115,2.6564862773119837,2.5244104237194094,1.2519376277923584,4.138269424438477,7.412209987640381,10.196949005126951,11.873661041259766,11.936786651611328,11.942995071411133,11.94816780090332,13
0.6401774248344021,45.77883321407529,0.003495344647207,2.623681765792953,2.0921895147119534,0.5763669013977051,1.440098762512207,1.980074882507324,2.281535625457764,2.480714797973633,2.638899326324463,2.7669734954833984,2.8750438690185547,18
0.8212514062375266,25.960508004395614,0.0118306511580555,2.6010250195034126,2.432324211811838,0.6413595676422119,1.6334412097930908,2.270882368087769,2.640928030014038,2.887916326522827,3.078770399093628,3.235974073410034,3.3724887371063232,18
0.9497638491978876,3.972323806187309,0.0313569145596369,2.2012708932525418,2.9492202084979104,0.9978985786437988,2.9450693130493164,4.372995853424072,5.0887956619262695,5.460724353790283,5.708448886871338,5.898266315460205,6.046215534210205,5
0.5185980234904178,35.990552672431185,0.0134812595035007,2.630817492090848,2.0499852697314704,0.7331075668334961,1.958449363708496,2.722996234893799,3.0941162109375,3.3051061630249023,3.446016788482666,3.553596973419189,3.638883590698242,22
0.6783116372323362,0.7784802921669155,5.701114053217174,2.4436919706239677,2.443994309117181,1.218533277511597,3.964853763580322,6.884552478790283,9.043220520019531,10.148494720458984,10.385114669799805,10.393545150756836,10.400064468383787,14
0.8849290640961984,2.1556310944056163,5.747609622797694,2.626698068293205,2.5074324209403973,1.1111276149749756,3.288910388946533,4.969895362854004,5.852146625518799,6.320427417755127,6.66997766494751,6.94948148727417,7.154273509979248,6
0.390806926869833,153.60972732291344,0.1055989753607282,2.5267903784533194,2.8459791043431992,0.515242338180542,1.3110694885253906,1.8331551551818848,2.0920448303222656,2.2501940727233887,2.3760151863098145,2.478888988494873,2.567929744720459,18
0.3685901695504596,2.573365917634495,0.8733022865874992,2.511189632389351,2.334590810656115,1.2212872505187988,4.012430191040039,7.118721961975098,9.718558311462402,11.329144477844238,11.401566505432127,11.407632827758787,11.412822723388672,13
0.6444825735917121,120.21464413607129,0.0087747314278552,2.431545183863681,2.582824330875741,0.3702466487884521,0.7781181335449219,1.090646743774414,1.332958698272705,1.527705430984497,1.688816785812378,1.826129674911499,1.9451401233673096,8
0.6362596382710244,46.1289802738609,0.4550110252139799,2.8000500751944104,2.322413100341657,0.6261310577392578,1.6194062232971191,2.253448009490967,2.59614896774292,2.814155101776123,2.9811511039733887,3.113759994506836,3.2304396629333496,18
0.6274487401638467,2.2767422442976963,73.09770279030279,2.5607016277170453,2.1762705705993186,0.9405953884124756,2.836740255355835,4.412768363952637,5.196434020996094,5.387204170227051,5.4359283447265625,5.452823638916016,5.455735206604004,7
0.9740834745371764,3.038342438321001,0.0129004650652895,2.8101346964581264,2.6211965312130263,1.0408470630645752,2.9616146087646484,4.320107936859131,5.044698238372803,5.49265193939209,5.83375358581543,6.105463981628418,6.309613227844238,5
0.4408153897262066,18.995906151482743,0.0418616637673318,2.913268312513948,2.810245136113473,1.079935073852539,3.3063082695007324,5.218747615814209,6.26082181930542,6.63654088973999,6.824363231658936,6.964073657989502,7.066137790679932,5
0.5354700517100979,4.225685123287487,0.0037955188011505,2.385436495530889,2.9996224849043003,1.2138659954071045,3.942120790481568,6.776632308959961,8.720829010009766,9.562981605529783,9.741260528564451,9.792659759521484,9.849875450134276,12
0.9364271546073858,0.8616031700473596,7.3348430216425795,2.7824957509158934,2.692326349561199,1.20517897605896,3.727847099304199,5.9468183517456055,7.243887901306152,7.889945983886719,8.272523880004883,8.605204582214355,8.884369850158691,14
0.648656733039222,68.37442256925114,0.0031641857698427,2.121593796796646,2.892728026060716,0.5304439067840576,1.340465784072876,1.870570421218872,2.1804068088531494,2.395941972732544,2.564419984817505,2.7034804821014404,2.824140310287476,18
0.9279757129137508,6.996324880421297,56.929572098864206,2.9421788083708837,2.188863043030256,0.7607946395874023,2.029923439025879,2.8453855514526367,3.2905592918396,3.562807559967041,3.742157936096192,3.879988670349121,3.97822380065918,23
0.3128562926829148,12.606754988609786,0.1059166877482223,2.5593156586674306,2.8765039544538222,1.1981852054595947,3.888897180557251,6.769132614135742,8.873400688171387,9.812315940856934,9.89992332458496,9.90443515777588,9.910112380981444,12
0.6377112842946215,4.16506190891595,1.8707106609712048,2.7966835520311504,2.832511340086903,1.1941773891448977,3.7405638694763184,6.0990142822265625,7.506842613220215,8.109545707702637,8.367918014526367,8.566104888916016,8.737936973571777,13
0.5656817172025062,18.28132176687827,0.0897087110251516,2.0283565519699125,2.675693757991766,0.9222846031188964,2.747605323791504,4.086589813232422,4.681421756744385,4.914817810058594,5.036613941192627,5.1321234703063965,5.202735424041748,5
0.5848984135375201,26.5561780790797,0.2492356679883753,2.8456808324149008,2.204342190860318,0.8027243614196777,2.195741891860962,3.102031946182251,3.5598175525665283,3.820395231246948,3.9929778575897217,4.126319885253906,4.231042861938477,22
0.8157582748601311,109.70841659576595,1.104031335528146,2.7565095867906253,2.3368649810474085,0.2957081794738769,0.5795173645019531,0.8260855674743652,1.0387039184570312,1.2217903137207031,1.3810076713562012,1.5205235481262207,1.6445097923278809,8
0.7034402505686956,5.643874028622046,0.0685374454984502,2.3297854455834544,2.5969742241634117,1.0726702213287354,3.2226457595825195,4.902801990509033,5.749124526977539,6.136307716369629,6.370230674743652,6.541486740112305,6.679479598999023,5
0.3659636864197311,291.28480963293663,0.8083201992765506,2.3033740059804964,2.949651642124221,0.3122868537902832,0.6030240058898926,0.8160393238067627,0.9856796264648438,1.1250624656677246,1.2440855503082275,1.3469445705413818,1.437119722366333,8
0.4133785258075327,40.44343322935197,0.1446701435059616,2.3883313585987533,2.901250204488021,0.9077942371368408,2.751598596572876,4.203314781188965,4.888706207275391,5.126845359802246,5.237730979919434,5.311680793762207,5.367828369140625,5
0.6233280120694016,2.0471800922988685,4.181324806860856,2.375568157858277,2.6541380349410613,1.2051873207092283,3.8858931064605713,6.606950759887695,8.453521728515625,9.259088516235352,9.433204650878906,9.487709045410156,9.55738925933838,14
0.7368959351780552,235.79538513626915,0.0121582871165344,2.634590855631928,2.848905732499593,0.2164902687072754,0.3699512481689453,0.5205628871917725,0.6627938747406006,0.793140172958374,0.9148454666137696,1.0283479690551758,1.133758783340454,15
0.9539824228308812,62.62134026735608,0.140990443629941,2.1198815475252824,2.645763103836149,0.3470642566680908,0.7167661190032959,1.0286085605621338,1.2883696556091309,1.5053119659423828,1.6899549961090088,1.849278450012207,1.988213300704956,8
0.6784820216064391,2.144433132866609,188.111462232178,2.247204581597549,2.9659426961022155,0.8040342330932617,2.481199026107788,3.926260709762573,4.651093482971191,4.7495832443237305,4.749378204345703,4.749114990234375,4.749351501464844,23
0.4961493851546202,2.5017968398242543,0.8657680498992932,2.0545319014791272,2.92011470326842,1.206441879272461,4.043778896331787,7.244060039520264,9.751190185546877,11.102392196655272,11.24077033996582,11.247682571411133,11.253950119018556,13
0.5898868869684525,1.7607375529720095,2.763817301859372,2.8958116963261578,2.341945715180477,1.2129335403442385,3.874892711639404,6.5880208015441895,8.489274978637695,9.40859031677246,9.58230972290039,9.61296272277832,9.68048095703125,14
0.5091561746850166,30.023629721115512,0.3895340068904957,2.386871108103334,2.6609907803874213,0.8801171779632568,2.5780155658721924,3.7922632694244394,4.355386734008789,4.590694427490234,4.7274169921875,4.8183794021606445,4.896849632263184,22
0.8217748475177706,136.25614102148558,0.0082077090821521,2.254857950545726,2.146968966986386,0.2146816253662109,0.3934957981109619,0.5607855319976807,0.712411642074585,0.8493845462799072,0.9741296768188475,1.0871078968048096,1.1899702548980713,15
0.8176887195455036,5.778818182218818,0.1608411026236867,2.486382718539074,2.0970846004364656,0.9379274845123292,2.557438373565674,3.608085155487061,4.155793190002441,4.506168842315674,4.753482341766357,4.932483196258545,5.074670791625977,5
0.7420773785336394,5.777844340780852,68.78924172892616,2.632873793674762,2.453858114394139,0.8992440700531006,2.631742477416992,3.907361507415772,4.503864288330078,4.7523579597473145,4.889863014221191,4.954314708709717,4.986503601074219,23
0.8105041518185528,1.1855557805572634,356.0511073042024,2.623099492336636,2.4150067665316435,0.5140035152435303,1.3566131591796875,1.8771119117736816,1.919033527374268,1.919041633605957,1.9183311462402344,1.9203548431396484,1.919461727142334,1
0.642836254316338,1.2758945461797355,316.01280040776703,2.039051892833297,2.118904264817552,0.4961044788360595,1.2940096855163574,1.729827880859375,1.740772724151611,1.740164279937744,1.737480640411377,1.737189531326294,1.7393581867218018,1
0.7833236240523109,1.2735242820808224,210.536420399994,2.081423170009908,2.6328990094500013,0.7248146533966064,2.1684458255767822,3.293222188949585,3.711568117141724,3.7213613986968994,3.721116781234741,3.7204320430755615,3.7209084033966064,23
0.6068651762285419,18.52389186189381,0.0061394660112125,2.3079207261827546,2.9142658319578425,0.937960147857666,2.8010449409484863,4.202103137969971,4.867684841156006,5.151002407073975,5.310863494873047,5.4289164543151855,5.521500110626221,5
0.5611375619715139,0.780886547651913,0.0456031320129867,2.2518292575862224,2.300371415425631,1.2125718593597412,3.9973342418670654,7.07109260559082,9.577803611755373,10.892547607421877,10.94644260406494,10.952122688293455,10.956729888916016,12
0.8952170659010695,12.229527389318449,0.0040001243367781,2.5972611688082496,2.1212298122328788,0.7314612865447998,1.8774230480194087,2.598098993301392,3.0143797397613525,3.287061929702759,3.491554975509644,3.6552226543426514,3.7921316623687744,22
0.6353687839156084,0.7462958378257031,0.2893382708656929,2.2301282082656275,2.3975894456257443,1.2171616554260254,4.01455545425415,7.083328723907471,9.452018737792969,10.68410873413086,10.77354621887207,10.780319213867188,10.785724639892578,13
0.8228600884578748,23.729400392635863,0.3626041656181915,2.6683226995023253,2.452085966386224,0.6740689277648926,1.743114948272705,2.432185173034668,2.824447631835937,3.0815677642822266,3.276193618774414,3.43742036819458,3.5749244689941406,18
0.9471601183375596,3.4797294689523666,23.76561558999302,2.780190097647663,2.708817319345802,0.9999916553497314,2.8935117721557617,4.269655227661133,4.986909866333008,5.386910438537598,5.663895606994629,5.870697021484375,6.021758079528809,7
0.5607550638230938,1.698245762468295,0.1209562146058883,2.057478979908353,2.7963685621963044,1.216132402420044,4.051140785217285,7.193504333496094,9.60811996459961,10.860416412353516,11.014481544494627,11.0244722366333,11.032170295715332,12
0.6158297594459331,1.587550684917173,71.95797131586492,2.207022921116052,2.7922706002714843,1.025031566619873,3.277881622314453,5.481400966644287,6.968319416046143,7.476721286773682,7.484598636627197,7.484863758087158,7.485128879547119,7
0.4999136732447341,3.277037912202061,1.367766020499019,2.857332254962093,2.4951008263514933,1.219322919845581,3.91277813911438,6.690680503845215,8.673412322998047,9.612045288085938,9.809386253356934,9.822999000549316,9.84787940979004,13
0.4267796626886185,28.115398993379078,0.0142064442818166,2.529537001577284,2.920312699740601,0.9979422092437744,3.0549845695495605,4.767917156219482,5.643540382385254,5.941654205322266,6.06608772277832,6.160811424255371,6.223950386047363,5
0.7534977176409807,0.8386519620605395,97.0840111813942,2.7738242821879764,2.843793971050656,1.014142990112305,3.189227104187012,5.278932571411133,6.625310897827148,7.0482587814331055,7.065531730651856,7.073619842529297,7.074588775634766,7
0.72503890887704,12.927014887806603,0.5582519617529744,2.7741013670313643,2.640528619585819,0.9322893619537354,2.6632986068725586,3.877009391784668,4.488977909088135,4.830246925354004,5.05912446975708,5.226951599121094,5.365542411804199,5
0.4915501525109241,1.117660021431789,0.0980575779947706,2.5128388989092643,2.3960575140622664,1.2415194511413574,4.09682035446167,7.323409080505371,10.053884506225586,11.64366626739502,11.712594032287598,11.720953941345217,11.728038787841797,12
0.6430324313996825,0.829541115451237,29.198984228970943,2.2023833277227123,2.2960954712980963,1.1037321090698242,3.53879451751709,5.992876529693604,7.711061954498291,8.427671432495117,8.481882095336914,8.482698440551758,8.48349380493164,14
0.3899621004870531,1.1614939063160807,240.08609823592244,2.5595484699950304,2.232492496084115,0.6459085941314697,1.831928014755249,2.643266439437866,2.831195592880249,2.82985520362854,2.829312562942505,2.82903265953064,2.8296682834625244,1
0.9017848561368929,2.7656789388863454,0.0067360423560508,2.6050962186833884,2.4534623810262914,1.0739047527313232,3.1097185611724854,4.5870361328125,5.357931137084961,5.804083824157715,6.142822265625,6.406352996826172,6.607631683349609,5
0.9502518154439532,1.5870057439259242,12.541337234998212,2.471315221284869,2.091209759695995,1.02742338180542,2.913456439971924,4.221230983734131,4.905874252319336,5.321502208709717,5.639196872711182,5.868569850921631,6.02394437789917,6
0.9377624712604988,33.50777441789058,0.0400754265013435,2.673354586908798,2.1611810229620665,0.4645724296569824,1.058842420578003,1.493772029876709,1.7995319366455078,2.032644748687744,2.221162796020508,2.378864288330078,2.51416540145874,18
0.9306134480353552,32.34219323000914,0.2976853583408015,2.9594558427298434,2.3409400101346405,0.5137753486633301,1.2096672058105469,1.7113113403320312,2.051842212677002,2.304151058197021,2.507155418395996,2.6763696670532227,2.8215060234069824,18
0.7711032142557209,72.06310141505774,0.1349889229923547,2.2316319473176587,2.6419354919728897,0.4192790985107422,0.928631067276001,1.3081820011138916,1.5899171829223633,1.810297966003418,1.9905991554260252,2.1419777870178223,2.2719621658325195,18
0.4727574293452521,3.647517814671049,0.0155223359387517,2.360817358692301,2.068500350359572,1.1437785625457764,3.621152400970459,6.054121017456055,7.7134904861450195,8.445687294006348,8.57037353515625,8.602821350097656,8.638293266296387,12
0.4922248777856299,1.4398376290337067,0.0552237659732082,2.0581421998939304,2.908795034696937,1.2363910675048828,4.179426193237305,7.632478713989258,10.58637523651123,12.382288932800291,12.49445629119873,12.500524520874023,12.505663871765137,12
0.960896153837826,9.32565234427875,0.0091500436934344,2.6961717970977697,2.886361457745416,0.8486969470977783,2.3476245403289795,3.352715253829956,3.9057810306549072,4.247593879699707,4.500852584838867,4.699431419372559,4.8587799072265625,22
0.8802272471273335,74.43140765490725,0.169385655315366,2.1777932343698856,2.8259298302889624,0.3583111763000488,0.7490518093109131,1.0726048946380615,1.3397295475006104,1.5608975887298584,1.7485690116882324,1.9093806743621824,2.0493147373199463,8
0.7211146922338418,20.121104456803337,0.2172096534415019,2.894301394036825,2.184562700464906,0.7627558708190918,2.024510383605957,2.8305253982543945,3.271534919738769,3.5471296310424805,3.74149751663208,3.8903841972351074,4.020890712738037,22
0.3716914278342321,1.2938277537468543,0.0094072620074738,2.8776946798148257,2.403957479551835,1.2633681297302246,4.177659511566162,7.530802249908447,10.532428741455078,12.332916259765623,12.359350204467772,12.367116928100586,12.37375831604004,12
0.4586410352893647,245.97411401575343,0.0306017394666957,2.1939466128941034,2.531337093932059,0.2644491195678711,0.4798409938812256,0.6561872959136963,0.8063912391662598,0.9350287914276124,1.047508955001831,1.1473009586334229,1.2360305786132812,8
0.8070796768829516,0.8523115984521398,48.504566154326575,2.465925676997089,2.487069299461124,1.0707011222839355,3.33731746673584,5.432947158813477,6.6907734870910645,7.139647960662842,7.213428974151611,7.233264446258545,7.239236354827881,7
0.6091690608674568,2.584185028078936,324.65009547494464,2.750607185531829,2.216472178900537,0.5136480331420898,1.347059726715088,1.8341608047485352,1.863387107849121,1.862487316131592,1.863101959228516,1.8640637397766116,1.863691329956055,1
0.9531918467182872,4.869056347033528,0.0159755464150476,2.7565164474778463,2.654551340857745,0.9730839729309082,2.732771396636963,3.945642471313477,4.597314357757568,5.000767230987549,5.292580604553223,5.520786285400391,5.702598571777344,5
0.6229887098235247,48.73573558149504,0.0233498727159886,2.057940163696785,2.926580263340948,0.6413006782531738,1.7616167068481443,2.465077638626098,2.809645891189575,3.012349367141724,3.16375994682312,3.2897956371307373,3.3940589427948,22
0.6578237542096028,211.9808574628579,0.0382489770663756,2.8247590282867883,2.6979947611672745,0.2611806392669678,0.467052698135376,0.6557302474975586,0.8246047496795654,0.9757311344146729,1.1124656200408936,1.2362825870513916,1.3482906818389893,8
0.3287023575026547,1.689104923775493,4.412567391341311,2.130185972593602,2.9801738997486646,1.2432572841644287,4.228031158447266,7.835574150085449,11.130202293395996,13.381848335266112,13.444976806640623,13.450222969055176,13.454730987548828,14
0.8332828787590382,278.82121141380264,0.0171207325130736,2.881769338490405,2.9833785537539668,0.1896083354949951,0.3063290119171142,0.4265689849853515,0.5486166477203369,0.6598036289215088,0.7667880058288574,0.8684606552124023,0.9657301902770996,15
0.8633251473397524,251.96930847206107,0.0062604234505837,2.3996260943394137,2.6499526759508902,0.1570057868957519,0.2672760486602783,0.371410608291626,0.4764084815979004,0.5764589309692383,0.6714262962341309,0.7619249820709229,0.8485777378082275,15
0.8892350870984886,1.1137855575724658,0.3359471525212862,2.301226424300129,2.3905419629162,1.1541180610656738,3.5270493030548096,5.502514839172363,6.600127220153809,7.137710571289063,7.470711708068848,7.73586368560791,7.94080924987793,5
0.7048294740423984,3.8815909389448193,375.72002030664567,2.95607708470106,2.8058582957865728,0.5479040145874023,1.4837541580200195,2.137204647064209,2.265472412109375,2.268770217895508,2.269728660583496,2.269736289978028,2.268437385559082,1
0.4549301771813104,1.8087464598931813,36.21790956922535,2.425637811858343,2.3440049585042986,1.101632595062256,3.5301353931427,6.038222312927246,7.878781318664551,8.637353897094727,8.667705535888672,8.66771411895752,8.66771411895752,14
0.9064723814895592,62.67983774718845,1.030898363759623,2.4319806097074306,2.498263068578527,0.3782479763031006,0.7984750270843506,1.137855052947998,1.411097288131714,1.6328117847442627,1.8184654712677,1.9769771099090576,2.114489316940308,8
0.5938042768837715,2.088728029671343,7.359407049360626,2.2382605976223213,2.520174256512885,1.1743974685668943,3.799922466278076,6.472669124603272,8.316474914550781,9.118864059448242,9.272357940673828,9.294319152832031,9.32101058959961,14
0.8958503121264001,1.5757283939547362,0.5974749816964118,2.8455749369799084,2.5927001797698344,1.1746013164520264,3.5281870365142822,5.449033737182617,6.501612663269043,7.067075729370117,7.484442710876465,7.850057601928711,8.13784122467041,5
0.4871591239121312,127.51725644474068,0.050063862578278,2.3285464917058363,2.1903971911049345,0.4064922332763672,0.9044520854949952,1.2343156337738037,1.4469900131225586,1.6030733585357666,1.7309880256652832,1.8384270668029783,1.928791046142578,18
0.7959025893842959,4.679550089864752,245.53127537416768,2.237905263937773,2.709998019275904,0.6386404037475586,1.8294482231140137,2.6703124046325684,2.933699131011963,2.937314033508301,2.9371347427368164,2.9365005493164062,2.935866355895996,1
0.3517370286691804,2.0459911056910403,3.688574958952,2.619461520096982,2.606386945395772,1.2539772987365725,4.174644470214844,7.547440528869629,10.522945404052734,12.294676780700684,12.326035499572754,12.331536293029783,12.336326599121094,14
0.7703121864667462,1.5337575527747802,0.1014695941475925,2.2366158290832434,2.929261260677825,1.200801134109497,3.855320930480957,6.436357021331787,8.030866622924805,8.758453369140625,9.05504035949707,9.217769622802734,9.347747802734377,12
0.7884206168941592,2.387616098494958,1.405606262770098,2.5316038336360287,2.24566427148252,1.1134836673736572,3.3118538856506348,5.04103946685791,5.950543403625488,6.420864105224609,6.749137878417969,7.017502784729004,7.217326164245605,5
0.3489737794739779,30.775162454944045,0.0037113556551883,2.0707181457049715,2.890072696149081,0.991675853729248,3.117847204208374,4.991637229919434,5.989717483520508,6.253603935241699,6.31986141204834,6.357014656066895,6.386454582214356,5
0.4811104150509349,2.9323651883125463,0.0367054299103551,2.6793590521547346,2.7396384749846403,1.2519004344940186,4.106346130371094,7.216981410980225,9.58319854736328,10.810676574707031,10.95424461364746,10.964405059814451,10.97304916381836,12
0.4078085202149015,38.82759647390358,0.0075145591065828,2.6700947415360656,2.148776700399556,0.83431077003479,2.3499631881713867,3.3740692138671875,3.8340816497802734,4.050002098083496,4.185302257537842,4.268368244171143,4.333988666534424,22
0.3625837298789934,19.858427865575123,0.0215085511644542,2.020883746814393,2.564973275597915,1.035914659500122,3.2461929321289062,5.225611209869385,6.324045658111572,6.6310200691223145,6.681996822357178,6.713054180145264,6.7380900382995605,5
0.4796651603656326,32.59966364365313,0.1589220865357885,2.653275999951578,2.776267992241759,0.9138119220733644,2.707087993621826,4.059759140014648,4.709787368774414,4.980485439300537,5.1225666999816895,5.231204032897949,5.313577175140381,5
0.9702113548188328,12.9124326255923,0.509315561379369,2.5767313495158923,2.108333571600804,0.6500074863433838,1.6078779697418213,2.223784685134888,2.600019216537476,2.858797311782837,3.0617330074310303,3.2250444889068604,3.362842798233032,18
0.8000139192080148,61.01559077349578,0.493199647827191,2.7461233246546595,2.3348577964784947,0.434626817703247,0.9716262817382812,1.372166872024536,1.6620690822601318,1.8851640224456787,2.0664150714874268,2.219158411026001,2.350776433944702,18
0.6064581435379263,244.31102470032093,0.0103783425171866,2.698365092443096,2.4260919111913464,0.2162296772003173,0.3688480854034424,0.5136656761169434,0.6442704200744629,0.7626252174377441,0.8718113899230957,0.971564769744873,1.0633201599121094,15
0.7277712764576781,6.149292252804443,105.2379878355624,2.0599301026481887,2.161703143931025,0.7523295879364014,2.116341352462769,3.003174066543579,3.3347184658050537,3.431442975997925,3.4534008502960205,3.464860677719116,3.4757511615753174,23
0.8780395950146138,2.313160773875986,0.0820712104070117,2.8307558629898124,2.657247123717974,1.1455492973327637,3.407764196395874,5.190298080444336,6.139948844909668,6.657516479492188,7.04965877532959,7.38070011138916,7.6309919357299805,5
0.3564688418615637,231.7132089316156,0.1645993541608335,2.80154446201914,2.512594193185021,0.3764193058013916,0.7931382656097412,1.0742926597595217,1.2631449699401855,1.407359600067139,1.5254216194152832,1.6243252754211426,1.711069107055664,8
0.9774110982285034,0.7849641493654084,25.026307351270347,2.5408397565685985,2.035909762892615,1.0369207859039309,3.021370410919189,4.487247943878174,5.259427070617676,5.673113822937012,5.971108436584473,6.187755584716797,6.317728996276856,7
0.31288655060045,0.7361978087671138,124.01368852484714,2.411996403587878,2.0851890203985155,0.8352181911468506,2.5070254802703857,3.9056122303009033,4.518434524536133,4.570931434631348,4.577064514160156,4.577536582946777,4.577605247497559,23
0.692037269607819,4.377360768915059,0.116005211715464,2.3133163885885173,2.731110946687469,1.1255707740783691,3.469886779785156,5.45888090133667,6.533330917358398,6.994256019592285,7.22474479675293,7.406759262084961,7.540324211120605,5
0.9402382631723948,4.75807891878286,4.882669135327617,2.6260056917059464,2.775679255341883,0.9840948581695556,2.8167948722839355,4.116573333740234,4.794872283935547,5.183756351470947,5.464266300201416,5.675111293792725,5.837554454803467,6
0.5918787316166897,5.334480431300026,84.17882693522748,2.0281597246344223,2.66587482845514,0.908848762512207,2.809586524963379,4.423696041107178,5.221712589263916,5.381138801574707,5.400743007659912,5.403903007507324,5.405671119689941,7
0.813116051199089,103.231180342661,0.0392809818821338,2.344808489918309,2.612156867700734,0.3154628276824951,0.6266930103302002,0.8939003944396973,1.1214227676391602,1.3158257007598877,1.4838390350341797,1.6301889419555664,1.7594232559204102,8
0.4295186028449488,2.248201442676291,0.1916409177517717,2.302594564361705,2.2052808322667765,1.189774990081787,3.8879683017730713,6.805290222167969,9.131800651550291,10.42790699005127,10.537429809570312,10.545248985290527,10.551898956298828,12
0.3529336011731724,108.65609397710908,0.0031724389879888,2.92326395135172,2.519176115376598,0.6452493667602539,1.7704877853393557,2.510792732238769,2.8358821868896484,2.9918737411499023,3.0945920944213867,3.185266494750977,3.2620644569396973,22
0.9770580361414806,8.491552198373249,0.7630641274398531,2.4573964815660414,2.581558788033333,0.8110401630401611,2.1808013916015625,3.059418201446533,3.542717933654785,3.853888511657715,4.080633163452148,4.260768890380859,4.41204309463501,22
0.9862883532829212,5.7066866459920345,0.118578751147898,2.078131277529403,2.441930134672914,0.8511784076690674,2.3126938343048096,3.2303545475006104,3.710546731948853,3.997482061386109,4.206852912902832,4.373955726623535,4.511092185974121,22
0.6559211539897564,50.947963324350575,0.0090966019136229,2.406692566973812,2.8320793553658543,0.6271851062774658,1.6654021739959717,2.335556745529175,2.691992998123169,2.916727304458618,3.084937334060669,3.223787546157837,3.345573663711548,18
0.5548833866302983,28.88083663326486,0.0736293996736039,2.970374463880904,2.892425258669394,0.9132406711578368,2.681812286376953,3.999277591705322,4.658432960510254,4.976525783538818,5.166252136230469,5.305841445922852,5.410623550415039,5
0.6503833863873553,221.19039038577637,0.0030959475930766,2.329077902240331,2.0622029233338863,0.177969217300415,0.3028602600097656,0.4226448535919189,0.5332696437835693,0.6346509456634521,0.7280991077423096,0.8151118755340576,0.8955597877502441,15
0.8638400135411985,18.63244093388755,0.1855600849706767,2.99871173258055,2.7071861534751807,0.7494401931762695,2.003664016723633,2.838829040527344,3.314602851867676,3.6173248291015625,3.8466639518737793,4.029442310333252,4.182452201843262,22
0.4719983775750548,1.435797632844391,247.68606019489863,2.216387373579249,2.64563061718809,0.6917462348937988,2.0532288551330566,3.118719577789306,3.4872941970825195,3.484699249267578,3.485889434814453,3.484222412109375,3.4860916137695312,23
0.9595525133297388,6.162868582342335,0.2461488467460635,2.1952204990830064,2.299951464856258,0.8419771194458008,2.237823486328125,3.109055519104004,3.577566623687744,3.86579179763794,4.077742099761963,4.243057727813721,4.375190258026123,22
0.6849377106998438,1.4237331960503716,51.644561194562606,2.5983232758122616,2.660162782490679,1.0901434421539309,3.4421193599700928,5.717904090881348,7.190455436706543,7.739424705505371,7.790730476379394,7.799342155456543,7.803357124328613,7
0.7343826198331128,1.425833748641536,3.3347128511828825,2.2422329072284755,2.3479961007195502,1.158375263214111,3.6503286361694336,5.940927028656006,7.323974132537842,7.916141986846924,8.14016342163086,8.293241500854492,8.408430099487305,14
0.4721399382921293,137.9395966387461,0.0298124484237717,2.7029375603620647,2.5160026313031247,0.4545497894287109,1.060441970825195,1.4690754413604736,1.7149174213409424,1.892549753189087,2.030165910720825,2.14969801902771,2.2488348484039307,18
0.8858558462352606,66.88478075149182,0.0647633385220858,2.7671679145527808,2.892319228690947,0.4313316345214844,0.9408977031707764,1.344679832458496,1.660059928894043,1.9118709564208984,2.1194777488708496,2.2951979637146,2.447250366210937,18
0.9271608541321515,1.6197152318142571,0.1942849693991159,2.0413129727943944,2.3180039253064786,1.0746450424194336,3.170827388763428,4.727022647857666,5.526022434234619,5.9461750984191895,6.230726718902588,6.44005823135376,6.592782497406006,5
0.6807002709174426,9.821413760546262,0.0167052891781738,2.440893216255662,2.980907151868536,1.0340354442596436,3.1260390281677246,4.78474235534668,5.615581035614014,5.987786769866943,6.202505588531494,6.353822231292725,6.477019786834717,5
0.9331777661326984,5.14344923487761,0.0092168667189033,2.435995893487732,2.244895870934044,0.9122552871704102,2.471230983734131,3.475874423980713,4.016668319702148,4.354672431945801,4.600122451782227,4.784431457519531,4.9399614334106445,22
0.4467088291706204,4.092526395669056,4.037974695726133,2.2585570004235214,2.7686799229207244,1.2026894092559814,3.9541075229644775,6.94091796875,9.176840782165527,10.238692283630373,10.386361122131348,10.392446517944336,10.398375511169434,14
0.4789646706576575,17.1188679811758,0.0033938061598526,2.8232922261769327,2.387265944175074,1.0214791297912598,3.022705316543579,4.569928169250488,5.329702377319336,5.652456283569336,5.862330436706543,6.008858680725098,6.124032974243164,5
0.4024091098394831,261.44343236336846,0.5747427927438622,2.5101442792201105,2.0121777907178573,0.2280995845794677,0.3867671489715576,0.5195024013519287,0.633552074432373,0.7332582473754883,0.8219504356384277,0.9009978771209716,0.9726128578186036,15
0.7972100970400693,115.20825898249127,0.004124273299737,2.8920021301426706,2.636425526054679,0.3322067260742187,0.6620364189147949,0.9422247409820556,1.1815214157104492,1.3852505683898926,1.56126070022583,1.7147011756896973,1.8491945266723635,8
0.7300525446556693,0.9122356849212152,0.5005136280910017,2.0725563054013403,2.141548792212981,1.157245397567749,3.680454015731812,6.111125946044922,7.6876220703125,8.387125968933105,8.581453323364258,8.666441917419434,8.738114356994629,13
0.4323053495787437,0.7512660706685286,5.693104140865926,2.6931632788521047,2.009735436088496,1.1806373596191406,3.830773115158081,6.729343414306641,9.155097007751465,10.477770805358888,10.52716827392578,10.529973983764648,10.53235149383545,14
0.82553652746548,7.1000273820013255,2.3826764645878744,2.217031019012267,2.5535359708635785,0.9360907077789308,2.6625895500183105,3.840745449066162,4.410559177398682,4.717485904693604,4.920346736907959,5.081961154937744,5.193571090698242,6
0.8644961046038514,2.2239522255524387,183.34090898445592,2.6204087998155643,2.05319270704828,0.6503496170043945,1.7905747890472412,2.502845525741577,2.7300398349761963,2.751920461654663,2.7527596950531006,2.752671957015991,2.752572774887085,0
0.6573776704014275,0.966957367492104,137.25456795864324,2.1057547937067325,2.211328831380643,0.8051507472991943,2.403846502304077,3.686393976211548,4.1835784912109375,4.220536231994629,4.220644950866699,4.22075080871582,4.220698356628418,23
0.4181459309951409,1.3986871567805017,0.981382114540193,2.754453398946025,2.418014380716951,1.251162052154541,4.123930931091309,7.38661003112793,10.227513313293455,11.775273323059082,11.803210258483888,11.81051540374756,11.816514015197754,13
0.8882319746002764,4.3666964105296815,2.6832062520069315,2.514952456553634,2.351184666453922,0.9804389476776124,2.7406468391418457,3.932039737701416,4.545985698699951,4.925311088562012,5.195572376251221,5.401575565338135,5.554076194763184,6
0.4273206864713613,0.8210223914250819,63.82205392610887,2.366201807720451,2.105838576851072,0.9886412620544434,3.0940637588500977,5.1101250648498535,6.469796180725098,6.873127937316895,6.8734283447265625,6.873467445373535,6.873467445373535,7
0.5380972938379549,0.7584523976803683,2.194668270411193,2.044220181090901,2.343361038461288,1.194394588470459,3.980679035186768,7.098438739776611,9.72433853149414,11.348363876342772,11.430160522460938,11.43661880493164,11.442060470581056,13
0.9010352082919322,2.7599611598509277,14.82810798758867,2.3378355034671845,2.1347058853626257,0.9803667068481444,2.7472825050354004,3.943656444549561,4.545726776123047,4.900080680847168,5.145274639129639,5.312556743621826,5.442628860473633,6
0.5200063304286318,21.378641487153317,0.1599216960480352,2.2566366044245587,2.4338195987647224,0.9238624572753906,2.6995861530303955,3.980855226516724,4.553866386413574,4.797045707702637,4.930459022521973,5.033817291259766,5.104369163513184,22
0.3089304221938089,5.178958607065583,0.4062676777403212,2.1344455497920496,2.905163621585858,1.221909999847412,4.110882759094238,7.477924346923828,10.339937210083008,12.05332851409912,12.124492645263672,12.130828857421877,12.136399269104004,13
0.4777779339877396,2.908472816843951,0.0107517609156398,2.924064129611798,2.7835800554395838,1.272158145904541,4.175300121307373,7.36336088180542,9.806421279907228,11.068477630615234,11.206720352172852,11.214540481567385,11.221395492553713,12
0.6156480787202611,1.657448997896373,0.3571226567085045,2.5224842825363387,2.34684307035595,1.2038838863372805,3.855961799621582,6.534695625305176,8.38473129272461,9.226778030395508,9.387157440185549,9.435956954956056,9.506462097167969,13
0.4795080760816961,3.89699207815266,0.3978911014959538,2.3117732578322348,2.626904473474124,1.2059149742126465,3.9261183738708496,6.790532112121582,8.84328842163086,9.813743591308594,9.95911979675293,9.971227645874023,9.985923767089844,13
0.6856357205218648,246.91153902118063,0.7333153303156983,2.8296737259409515,2.900566783506129,0.2363638877868652,0.4023075103759765,0.5648975372314453,0.7146480083465576,0.8514034748077393,0.978097677230835,1.0955030918121338,1.2035329341888428,15
0.5259561400500432,8.801203392261884,0.018295306714503,2.940011994033479,2.6628544778026413,1.1439933776855469,3.5225534439086914,5.622833251953125,6.805780410766602,7.268919944763184,7.49390697479248,7.691367149353027,7.847659111022949,5
0.9980399274181148,1.2292752384827814,3.505219056185125,2.7169755421513937,2.291874615892101,1.1010572910308838,3.172454595565796,4.679843902587891,5.486957550048828,5.99569034576416,6.41087532043457,6.743067741394043,6.983999252319336,6
0.6455932333065355,1.3976862493540136,1.852240774309435,2.861895227956464,2.0303496536725296,1.1598460674285889,3.627017736434937,5.98766040802002,7.531970977783203,8.243579864501953,8.443353652954102,8.577163696289062,8.710538864135742,13
0.6210278641481891,36.99075468359402,0.539684501035987,2.898719970975012,2.340322511446091,0.7038009166717529,1.879716396331787,2.6323490142822266,3.024685859680176,3.260512351989746,3.4323506355285645,3.566977024078369,3.679809093475342,22
0.8494848096914588,28.816693402469337,0.0052229324672453,2.2483218586132776,2.1587248054740567,0.5422427654266357,1.2956397533416748,1.7848074436187744,2.0907909870147705,2.3119089603424072,2.487053632736206,2.631100416183472,2.752962350845337,18
0.9426396980712048,106.58513140778253,0.0421136778641046,2.999652964726361,2.3543982955388167,0.2634229660034179,0.5024034976959229,0.7240748405456543,0.923130989074707,1.1006522178649902,1.260084629058838,1.4026308059692385,1.5311894416809082,8
0.5789287033518371,0.9829808336569752,220.39752149082025,2.2331338409822346,2.3102870009968206,0.6861612796783447,1.9936232566833496,2.9449033737182617,3.21279239654541,3.2116847038269043,3.2115726470947266,3.2118520736694336,3.212118148803711,1
0.5066255999582991,163.0029486781048,0.0170319007759306,2.7221036870144424,2.270858250554414,0.3441128730773926,0.7024388313293457,0.9695379734039308,1.1733975410461426,1.336120367050171,1.47194504737854,1.5889532566070557,1.6883318424224854,8
0.6664416531969338,276.2625446672374,0.9372273412233304,2.5997264967830724,2.062026111362072,0.1483731269836425,0.2422807216644287,0.3332922458648681,0.420224666595459,0.502988338470459,0.5808086395263672,0.6545641422271729,0.7246537208557129,15
0.9315080758643336,64.2716577710097,0.5662462918320256,2.7433953869827654,2.2242581579413545,0.3390061855316162,0.7017331123352051,1.0055780410766602,1.256352186203003,1.4640486240386963,1.6403067111968994,1.792374849319458,1.9253380298614504,8
0.8178682431095553,136.7709742149679,0.0110576917511018,2.879950467180656,2.963532043778468,0.3158950805664062,0.6037015914916992,0.8622863292694092,1.090277910232544,1.290670394897461,1.4683880805969238,1.6258745193481443,1.7660207748413086,8
0.5681764436379768,10.024108640843462,0.0047000857254587,2.074126795666239,2.854409617229916,1.0545248985290527,3.279045343399048,5.168390274047852,6.163597106933594,6.516620635986328,6.651517868041992,6.752852439880371,6.826038360595703,5
0.5121340010505024,218.3666530740296,0.0062581048464982,2.4654287972160773,2.112873706429212,0.2306416034698486,0.4052972793579101,0.5580582618713379,0.69026780128479,0.8059799671173096,0.9096834659576416,1.0019738674163818,1.0851328372955322,15
0.9363285127887347,1.0854910887131657,1.574552277145307,2.70268964053343,2.1317865044112136,1.1214017868041992,3.279340982437134,4.908267021179199,5.804891586303711,6.3244171142578125,6.753622055053711,7.113883972167969,7.4072723388671875,5
0.3575876027471726,6.716838400407148,0.7004587021744021,2.2688094521007223,2.8255926642591374,1.2059295177459717,3.983718156814575,7.056056022644043,9.425658226013184,10.57648468017578,10.683453559875488,10.687573432922363,10.691380500793455,13
0.3255564328667404,59.823273934737486,0.108481697150561,2.1616019865514664,2.465735420115669,0.8142178058624268,2.383414030075073,3.4983956813812256,3.954298257827759,4.0934343338012695,4.162966728210449,4.213397026062012,4.257285118103027,22
0.8702856294086293,7.694949762365095,0.0205681633987465,2.0531464241103,2.954925664660536,0.9025511741638184,2.650123119354248,3.870938301086426,4.46239185333252,4.758509635925293,4.952783584594727,5.109719753265381,5.2241740226745605,5
0.7813439507256801,203.82427762215525,0.9603581258896702,2.0060659947276305,2.513392128816113,0.1715011596679687,0.3025336265563965,0.4286456108093261,0.5480902194976807,0.6593654155731201,0.7640628814697266,0.8616621494293213,0.9535927772521972,15
0.3045062842398437,12.643175197055047,0.0051987945482631,2.3685920634243853,2.611149810616409,1.154956340789795,3.735687255859375,6.3997907638549805,8.296518325805664,9.108330726623535,9.183382034301758,9.188949584960938,9.194395065307615,12
0.912497659475252,22.19385453181587,0.01396902456518,2.137263016100237,2.0864917554307434,0.5462756156921387,1.295168399810791,1.7789525985717771,2.086139917373657,2.308634996414185,2.485595941543579,2.631960153579712,2.7555840015411377,18
0.9977415372195748,132.23819819233404,0.0330617535351488,2.520573157698621,2.4815030062764887,0.2114815711975097,0.3847100734710693,0.552253246307373,0.7096812725067139,0.8551228046417236,0.9903182983398438,1.115753173828125,1.23154878616333,15
0.9369730022873488,1.5198986291847605,0.0507081277947683,2.854916818751036,2.030083233228127,1.0687634944915771,3.014206647872925,4.379411697387695,5.12492561340332,5.63804817199707,6.072099685668945,6.432502746582031,6.677993774414063,5
0.4550167359179982,60.23909515775373,0.0443712077588607,2.742860424534097,2.47695068157132,0.7245171070098877,2.014209032058716,2.8579280376434326,3.2543461322784424,3.448477506637573,3.576984167098999,3.670890092849731,3.760095834732056,22
0.6653417990741631,0.8138140210415273,0.0040672060363577,2.954555359912903,2.751201364245963,1.294835090637207,4.266185283660889,7.545623779296875,10.065532684326172,11.416316986083984,11.597113609313965,11.606704711914062,11.61414909362793,12
0.4271443235805298,28.11478684481996,0.1117028584033787,2.216218275141201,2.207382100309678,0.892359733581543,2.581409454345703,3.762481689453125,4.262485504150391,4.464813709259033,4.571889400482178,4.648184776306152,4.708425521850586,22
0.6256878062692417,1.9357708914005367,2.98937441865481,2.5168222460302374,2.8630011623951983,1.2370095252990725,4.022247791290283,6.933563232421875,8.978484153747559,9.922358512878418,10.12557315826416,10.16238498687744,10.22078800201416,14
0.4882667312736367,91.91041331354816,0.1639406527648314,2.4010615105926334,2.362175647925972,0.5296969413757324,1.3251056671142578,1.8148810863494875,2.066923856735229,2.2320921421051025,2.362110376358032,2.469744920730591,2.565331220626831,18
0.3133532569026536,65.85690592442813,0.0830311907817861,2.227963533092018,2.193808362324943,0.7652068138122559,2.1653366088867188,3.090043067932129,3.4543051719665527,3.582934856414795,3.64628791809082,3.7020111083984375,3.75128984451294,22
0.9549909861008152,2.272817311984968,148.66242110306118,2.764963279558069,2.211877041351796,0.733600378036499,2.055732250213623,2.9457221031188965,3.3182358741760254,3.446774482727051,3.470317840576172,3.470428466796875,3.4704489707946777,23
0.8072803301448945,2.8655750739919914,0.1606195605427905,2.75306130333857,2.747788321359517,1.1551496982574463,3.4831013679504395,5.390763282775879,6.426856994628906,6.936325073242188,7.298917770385742,7.601600646972656,7.829275131225586,5
0.410704295041046,201.55980378067676,0.0044824586993955,2.067227104394557,2.584434626456212,0.3506703376770019,0.736020565032959,1.001514196395874,1.1907334327697754,1.3372018337249756,1.458308458328247,1.5607266426086426,1.6465482711791992,8
0.7280869386144132,136.78046698718123,0.0142263465550754,2.0823620999095453,2.267341462679297,0.2467458248138427,0.4627974033355713,0.6554665565490723,0.8238675594329834,0.9720573425292968,1.1025605201721191,1.219710350036621,1.3242614269256592,8
0.8331632791415957,13.012151423405369,0.0609606094504116,2.46638169702855,2.58176127616022,0.8225839138031006,2.2595033645629883,3.1926465034484863,3.678802967071533,3.968596935272217,4.171444416046143,4.331017971038818,4.462950706481934,22
0.7209069643358187,90.92514708135056,2.0202703588940247,2.858428015533938,2.009313897778109,0.3355686664581299,0.6972482204437256,0.9841551780700684,1.2108957767486572,1.3949801921844482,1.5490047931671145,1.6808488368988037,1.7963535785675049,8
0.7375320930444034,148.75727888049323,0.1147282006413813,2.870911170048964,2.522572544329792,0.2870454788208008,0.544856071472168,0.7724065780639648,0.9717919826507568,1.1463751792907717,1.301619291305542,1.4387285709381104,1.560962438583374,8
0.7406146181130181,3.0745065633462025,1.4959431600422095,2.934599556891955,2.854404383752424,1.193260669708252,3.683093547821045,5.876949787139893,7.139217853546143,7.716535091400146,8.057435989379883,8.346834182739258,8.58612060546875,13
0.3409134374033875,1.8228593610524528,12.584745528450233,2.612531147836723,2.2802099328491243,1.188007116317749,3.8776586055755615,6.871440887451172,9.380739212036133,10.956894874572754,11.084585189819336,11.087606430053713,11.090291976928713,14
0.9694355316751628,0.8291968016977569,0.1117395333310241,2.7710002178672486,2.851989221530413,1.229015827178955,3.795732498168945,6.0552473068237305,7.379226684570312,8.065661430358887,8.500133514404297,8.885588645935059,9.214818954467772,12
0.5765213392554197,1.233751479645104,0.0570995431173717,2.2396386426783974,2.439019119690308,1.216590404510498,4.01249885559082,7.060722827911377,9.417997360229492,10.61488151550293,10.718719482421877,10.726287841796877,10.732671737670898,12
0.7363937789533864,1.3836114165699345,11.022568387262064,2.0774010789831965,2.932072137639122,1.167790174484253,3.799972295761109,6.446620941162109,8.182941436767578,8.930877685546875,9.142420768737791,9.195630073547363,9.237348556518556,14
0.6781475080638165,11.456082981695277,0.3489165543766448,2.640783863937921,2.9000591489578147,1.0135810375213623,3.019538402557373,4.568295955657959,5.341309547424316,5.711047649383545,5.939671993255615,6.103841304779053,6.2343268394470215,5
0.5284256681366862,149.65764155061544,0.5040161171618224,2.515137525653815,2.464237203570435,0.3734722137451172,0.790250301361084,1.0941791534423828,1.3171579837799072,1.4914164543151855,1.6346774101257324,1.7574677467346191,1.8624086380004885,8
0.8554442653812916,0.8903633966319052,312.38851708374085,2.559197334684176,2.2681220734888425,0.5444440841674805,1.466195821762085,2.034310102462769,2.088386297225952,2.0884125232696533,2.088897466659546,2.090417623519897,2.090563535690308,1
0.6374479883134946,105.5132169254471,0.0151941142821185,2.3741865930651187,2.638226500248296,0.4158008098602295,0.9211535453796388,1.2896127700805664,1.5537149906158447,1.7564570903778076,1.9221460819244385,2.062535047531128,2.181505918502808,18
0.8578112393252803,201.1766333525402,0.0175720935276981,2.639251643225053,2.9210038634080786,0.2157843112945556,0.3739922046661377,0.5304031372070312,0.680288553237915,0.818418025970459,0.9477996826171876,1.0692706108093262,1.1822960376739502,15
0.4933515306775163,1.3089810717070454,134.88085883047646,2.8216433979611493,2.0505868477805964,0.7954185009002686,2.3381459712982178,3.536543607711792,3.983238935470581,4.064647674560547,4.079124450683594,4.07945728302002,4.079498291015625,23
0.4766050454765467,0.9859543274346236,0.3270479226194863,2.4607038554604563,2.9228010865974645,1.2848939895629885,4.336658000946045,7.963908672332764,11.197376251220703,13.317377090454102,13.377939224243164,13.386356353759766,13.393447875976562,13
0.6867257012757056,140.13114950618603,0.0245825354157239,2.8869739019482124,2.9855724504858445,0.3700995445251465,0.7548823356628418,1.0672647953033447,1.3253278732299805,1.5392670631408691,1.720539093017578,1.8768315315246584,2.0129756927490234,8
0.7114788812976459,13.708798379780536,0.0065673939089742,2.864789964746288,2.208971439329904,0.8663334846496582,2.3621766567230225,3.340601682662964,3.853981256484986,4.170115470886231,4.388504981994629,4.55220890045166,4.685638427734375,22
0.9786940486085718,3.8101922118221343,0.0069509315857096,2.916003944500171,2.306157200945175,0.9546017646789552,2.5854554176330566,3.663578510284424,4.278264999389648,4.691578388214111,5.002668857574463,5.2498650550842285,5.441107273101807,5
0.7164229571530953,20.52850584305588,0.0432477603029298,2.059656391186821,2.929486897567031,0.7975759506225586,2.295660734176636,3.28608775138855,3.754443883895874,3.993042707443237,4.1516828536987305,4.280488014221191,4.380960464477539,22
0.8960641629144602,8.963732973987108,0.0782856482218724,2.2933261443228257,2.6012640850499262,0.848055362701416,2.3413069248199463,3.3050525188446045,3.801452875137329,4.096773147583008,4.304758071899414,4.464178085327148,4.604257583618164,22
0.4228191222829058,111.61628927623578,0.5592588689162299,2.5069078375085554,2.943380810612996,0.6055359840393066,1.656996726989746,2.35911226272583,2.6809892654418945,2.850311756134033,2.9737515449523926,3.079282760620117,3.167884349822998,22
0.4488066533222629,77.49093918997147,0.2279776611292709,2.8958997389958743,2.076453658371097,0.5840835571289062,1.508963108062744,2.07399320602417,2.352712154388428,2.523712158203125,2.646657466888428,2.7542624473571777,2.846035480499268,18
0.6130545228715976,0.7673946520414635,14.290400574443597,2.2575251071272127,2.6101188506173085,1.1956193447113037,3.940446138381958,6.963980674743652,9.349842071533203,10.490381240844728,10.559523582458496,10.5608491897583,10.562057495117188,14
0.4945000416482348,112.57052450291344,1.011134174916823,2.402799202488884,2.7961593311993567,0.5146031379699707,1.2877280712127686,1.793405294418335,2.0703113079071045,2.2530314922332764,2.398324728012085,2.517330884933472,2.6214163303375244,18
0.9769898628805926,51.2352771891308,0.0518623031890294,2.736575042081644,2.577972869116639,0.4108960628509521,0.8874938488006592,1.271040678024292,1.575291395187378,1.8190114498138428,2.0221431255340576,2.194476366043091,2.343724489212036,18
0.380586179267133,96.4767514786135,0.0058115238885126,2.807730818640551,2.704192096723056,0.6822326183319092,1.9113173484802248,2.7467846870422363,3.116230010986328,3.288029193878174,3.397517204284668,3.483614444732666,3.5606374740600586,22
0.4231704872308948,0.7333354820132496,126.96132508503852,2.693439862855515,2.821910992355729,0.9620940685272216,3.024997472763061,5.047300338745117,6.415104866027832,6.794035911560059,6.795819282531738,6.796171188354492,6.796171188354492,7
0.9425320776645462,5.726620892478928,238.028203466927,2.803540321180191,2.22123425536722,0.5360171794891357,1.3798184394836426,1.8907718658447263,2.0505056381225586,2.066551685333252,2.0669503211975098,2.0671095848083496,2.067152976989746,1
0.5348863944393033,3.2053943439217782,4.047554532752386,2.9504148942955792,2.2580845316482296,1.178138256072998,3.701592922210693,6.156265258789063,7.781233787536621,8.466599464416504,8.62589168548584,8.738142967224121,8.861054420471191,14
0.696693373974192,4.3133439082194,3.4932551112674384,2.057695867824425,2.5723274484313023,1.0809173583984375,3.320308923721313,5.167058944702148,6.12884521484375,6.517899513244629,6.70966911315918,6.839102745056152,6.933592796325684,6
0.7976918342117241,189.59983005698504,0.0229877382822865,2.976015705656285,2.481107502954033,0.2198157310485839,0.3873069286346435,0.5495095252990723,0.7000160217285156,0.8379266262054443,0.9654784202575684,1.084012508392334,1.19281005859375,15
0.320216456351486,3.3257919071806645,3.0961418420708013,2.009610467755991,2.314117835448312,1.174119234085083,3.895123481750488,6.9251389503479,9.439874649047852,11.032415390014648,11.132598876953123,11.137285232543944,11.141387939453123,14
0.4578411479769193,4.239087337335637,0.8279885845585058,2.58065577543801,2.5124048969708404,1.2095882892608645,3.8987457752227774,6.705108642578125,8.708685874938965,9.646190643310549,9.768674850463867,9.780844688415527,9.802682876586914,13
0.7421396559917154,148.797396267454,0.2784132159794047,2.17257521073524,2.928382117095361,0.2730512619018554,0.5214111804962158,0.7446420192718506,0.9416804313659668,1.11584734916687,1.2705409526824951,1.4076924324035645,1.531014919281006,8
0.4718907153710103,1.346790908329626,147.4908299638047,2.149954473059605,2.200939112840202,0.7907252311706543,2.35666823387146,3.6178090572357178,4.081385612487793,4.11357307434082,4.113758087158203,4.113869667053223,4.113821029663086,23
0.4720412475816675,0.8338874099450259,0.0820767878276877,2.986166275061389,2.2944731677205814,1.2485785484313965,4.110204219818115,7.345005035400391,10.146294593811035,11.90237045288086,11.966538429260254,11.97453498840332,11.981255531311035,12
0.4649459849944287,1.6021557665710546,3.6718894169443903,2.648341868419533,2.0850937932274265,1.1805636882781982,3.803426742553711,6.603099346160889,8.796689987182617,9.968469619750977,10.03842544555664,10.04344367980957,10.04768180847168,14
0.3332686938716883,20.42103824799212,0.0808482485379997,2.228072430300362,2.392586016914984,1.0480523109436035,3.245208263397217,5.207677364349365,6.298091411590576,6.621906757354736,6.676828861236572,6.707157611846924,6.726036548614502,5
0.8776001440888073,165.56518699865387,0.0314254220113006,2.1236337867481003,2.5031168303615865,0.1892054080963134,0.3396828174591064,0.4847679138183594,0.621715784072876,0.7488112449645996,0.8673861026763916,0.9783809185028076,1.0808770656585691,15
0.4978381500367594,0.8241141707383804,15.076598482323966,2.538115682061352,2.7755840476646165,1.2373955249786377,4.117777824401856,7.451930046081543,10.304594039916992,11.986071586608888,12.02792739868164,12.029783248901367,12.03142261505127,14
0.9276112474065044,0.7736549822691079,2.428514543076279,2.954441045599241,2.478353762669195,1.20674467086792,3.692331790924072,5.836061477661133,7.078590393066406,7.717530250549316,8.133463859558105,8.53275203704834,8.890970230102539,14
0.4491694940450038,6.8489955872574,0.0032337086124892,2.9846684644443537,2.6890818365148306,1.2164430618286133,3.875718593597412,6.563479423522949,8.395859718322754,9.166483879089355,9.315943717956545,9.383858680725098,9.480728149414062,12
0.3309628530838585,2.813467707734691,1.2632289576166835,2.738686902156416,2.0830025121289237,1.1898431777954102,3.8552420139312735,6.77089786529541,9.154847145080566,10.608844757080078,10.69583797454834,10.70284938812256,10.708864212036133,13
0.883921862999386,0.9520283938959606,54.74430587516175,2.2118178229677783,2.7029156900910385,1.043931484222412,3.2615790367126465,5.249837875366211,6.3861985206604,6.795145511627197,6.876590251922607,6.896263599395752,6.901346683502197,7
0.4245496721779397,1.3682794495421329,0.4630653604237501,2.5976676471148656,2.1271254673741824,1.209510326385498,3.9534060955047607,6.992832183837891,9.516195297241213,10.815666198730469,10.858872413635254,10.862966537475586,10.866331100463867,13
0.899033500112203,19.82917015172965,0.0131217698711901,2.7688388121972025,2.054775824143928,0.5906953811645508,1.440286636352539,1.9992733001708984,2.348024845123291,2.591880798339844,2.783073902130127,2.941650867462158,3.076766967773437,18
0.7996026603930306,86.9702553979817,0.1240200781314756,2.262592671241843,2.231167803696489,0.3168044090270996,0.6390237808227539,0.9050745964050292,1.1250312328338623,1.307441473007202,1.4629127979278564,1.5981240272521973,1.7154943943023682,8
0.3676381631416863,0.8035369674012621,6.001359779693716,2.4881160229741752,2.132229074889353,1.1961729526519775,3.925956249237061,7.014442920684815,9.665298461914062,11.361713409423828,11.420280456542969,11.42542839050293,11.429920196533203,14
0.6216200843116251,13.154668110590592,0.0034318401070501,2.5473979382617684,2.9916201285396475,1.023639440536499,3.0951790809631348,4.754042148590088,5.595545768737793,5.946294784545898,6.153809547424316,6.29632568359375,6.407900810241699,5
0.793029270548416,2.5275026733617554,181.12061784693117,2.7758611985966333,2.0380552207688805,0.6606380939483643,1.833552360534668,2.5800914764404297,2.81953763961792,2.850116729736328,2.8505735397338867,2.850763320922852,2.85094690322876,0
0.5798449459812884,1.0682480589992716,1.301151577516939,2.695702444455533,2.141767581749756,1.2017757892608645,3.868479490280152,6.671948432922363,8.817787170410156,9.923248291015623,10.016438484191896,10.0254545211792,10.033231735229492,13
0.5663779775464735,220.4160207728534,0.0656949338361164,2.8451365704943195,2.260853730575937,0.2411768436431884,0.4262287616729736,0.5920460224151611,0.7376883029937744,0.8674793243408203,0.9837038516998292,1.089132308959961,1.1846606731414795,15
0.8372962819567424,5.1861905123338685,7.129394819481728,2.8242623358597783,2.939051901541074,1.060314416885376,3.1498634815216064,4.764680862426758,5.616111755371094,6.050998687744141,6.351666450500488,6.579291343688965,6.745622634887695,6
0.5052518246307005,0.8918741778726654,27.8596405798858,2.1515670499299366,2.6377314234256017,1.1507136821746826,3.814878225326538,6.787136077880859,9.194833755493164,10.469629287719728,10.55083465576172,10.55109977722168,10.55136489868164,14
0.5242596130515383,276.01737473901704,0.2568305749360959,2.994322476055315,2.081762951338096,0.1889505386352539,0.3065268993377685,0.421027660369873,0.5237636566162109,0.6178491115570068,0.7052857875823975,0.7861618995666504,0.8609006404876709,15
0.9906783640910668,1.43211943442112,352.7972307824488,2.512341655893624,2.5351593237053267,0.5205447673797607,1.383286952972412,1.935169696807861,2.0024256706237797,2.00394058227539,2.003504753112793,2.00475549697876,2.004709243774414,1
0.861955585864703,1.265009365090524,2.863898953354081,2.6216792238689,2.2842623190050646,1.1467232704162598,3.4581096172332764,5.342836380004883,6.381809234619141,6.914887428283691,7.27445125579834,7.581086158752441,7.828410148620605,6
0.620989152869136,27.829607859058267,0.7076102116476344,2.261010303725821,2.5552836228805065,0.7825658321380615,2.1865427494049072,3.088294744491577,3.512014150619507,3.733443975448608,3.878254175186157,3.994848489761353,4.083915710449219,22
0.6743556948834881,62.89426725611816,0.937907090617888,2.7773120685157227,2.002170604759044,0.4530994892120361,1.0478284358978271,1.4571995735168457,1.723316669464111,1.9198579788208008,2.0754847526550293,2.2063984870910645,2.320652961730957,18
0.8089261243793036,1.1755822799508766,37.71322655576558,2.687054948403645,2.605349821599221,1.1123898029327393,3.4618656635284424,5.591926574707031,6.853906631469727,7.345796585083008,7.515783309936523,7.607040405273437,7.658164978027344,7
0.6600950226773439,148.87937395330476,0.117967718996531,2.1826871929831357,2.0522348771896115,0.2362725734710693,0.4366304874420166,0.6128973960876465,0.7659866809844971,0.8994827270507812,1.017770767211914,1.1221978664398191,1.2160313129425049,15
0.9745758406451356,16.432595871726146,0.015210631069045,2.12908314153562,2.284004654950939,0.6029667854309082,1.4712097644805908,2.023829698562622,2.365928888320923,2.609220266342163,2.799058675765991,2.956892251968384,3.0924646854400635,18
0.3710378643575414,14.08577924672588,0.0454593339087975,2.391477090885233,2.5323457694923226,1.1099789142608645,3.48883318901062,5.731742858886719,7.094024658203125,7.5629377365112305,7.649836540222168,7.695764541625977,7.73171329498291,5
0.9783647963664464,36.70850106534707,0.0468151810660511,2.9359730449489105,2.810992505173975,0.513188362121582,1.1922268867492676,1.7009177207946775,2.063891887664795,2.338839530944824,2.5601348876953125,2.7461867332458496,2.90657377243042,18
0.9105403826836224,44.87392993129781,0.0304629460640867,2.742887810641687,2.305659453324754,0.4352905750274658,0.9714741706848145,1.3786332607269287,1.678109884262085,1.9108469486236568,2.100565195083618,2.25995135307312,2.39751410484314,18
0.8529129534104438,182.7259732259569,0.0204282852171779,2.269585740948057,2.209934885465461,0.1682901382446289,0.2961385250091553,0.4190437793731689,0.5358474254608154,0.6453690528869629,0.7481727600097656,0.8446047306060791,0.9348547458648682,15
0.4499406775281847,14.225649235339764,0.0061265508241621,2.948268127599964,2.368930784455664,1.066948413848877,3.198894500732422,4.954873561859131,5.856270790100098,6.203989028930664,6.418066024780273,6.587057113647461,6.709052085876465,5
0.458340319453506,19.43790939101275,0.0713827769765983,2.426675578414794,2.379246715076345,0.9908013343811036,2.941730737686157,4.454428672790527,5.154762268066406,5.420319557189941,5.575728416442871,5.671409606933594,5.738362312316895,5
0.7148844875443527,1.0599983515131552,0.0361554321983243,2.9410156421989635,2.6226096507355035,1.2658905982971191,4.081949710845947,6.965785026550293,8.952245712280273,9.893052101135254,10.138035774230955,10.24202823638916,10.3904390335083,12
0.8498036815486065,231.05081298658595,0.0229676595150213,2.967840617294924,2.1476011893901457,0.1569774150848388,0.2643666267395019,0.3698925971984863,0.4713695049285888,0.5683872699737549,0.6607873439788818,0.7482247352600098,0.8308689594268799,15
0.8139932551124384,14.806823327296346,0.0055829194946816,2.620711987496537,2.738020015538392,0.8287825584411621,2.3022353649139404,3.2782299518585205,3.787946939468384,4.088035583496094,4.299018859863281,4.46110725402832,4.601627349853516,22
0.4761742119857322,77.75297266662959,0.0088301702708848,2.8598455038829647,2.398910480356389,0.6190495491027832,1.638270139694214,2.287304639816284,2.606031656265259,2.790403127670288,2.928046464920044,3.0374057292938232,3.1375558376312256,18
0.9293079406664074,148.5088203462249,0.013530710140773,2.696230799272095,2.8040595042761,0.2413263320922851,0.4355902671813965,0.6239166259765625,0.799292802810669,0.9595227241516112,1.107224702835083,1.2432475090026855,1.3685896396636963,8
0.6709537947521276,231.79844335540008,0.0577398068053779,2.216271694005985,2.826055412367462,0.2115368843078613,0.3694097995758056,0.5216577053070068,0.6620573997497559,0.7902612686157227,0.9097082614898682,1.0193688869476318,1.121328592300415,15
0.3705039193548517,33.741375529801644,0.0031582847197283,2.824090441553852,2.3194057260384966,0.9398345947265624,2.758524179458618,4.131977081298828,4.762762069702148,5.018632888793945,5.166104316711426,5.269041061401367,5.342179298400879,5
0.4966008823888979,6.974831917141517,0.0266640084608805,2.45309449859857,2.070483910085442,1.082841873168945,3.2812933921813965,5.155979633331299,6.176486492156982,6.56020975112915,6.740035533905029,6.858534336090088,6.955111026763916,5
0.7527452403518095,12.985678070859546,0.004656573750413,2.978401429643916,2.8690270323506546,0.941422700881958,2.709949493408203,3.9772815704345694,4.638567924499512,5.003931522369385,5.255816459655762,5.447999954223633,5.591635704040527,5
0.7647770871843611,6.565226579078516,87.07322919055355,2.162668171898721,2.9710916060186943,0.8599674701690674,2.615736722946167,3.983858823776245,4.629859924316406,4.825544357299805,4.894121170043945,4.921489715576172,4.939579963684082,23
0.4075857568636942,1.4427477047103203,35.79830209919723,2.844756471253329,2.5921094456408835,1.165031671524048,3.786001443862915,6.647909164428711,8.930686950683594,10.121770858764648,10.212546348571776,10.212536811828612,10.212536811828612,14
0.3240121003700579,88.73312414487481,0.037549503392509,2.148763550414542,2.544368262095228,0.7042503356933594,2.009718656539917,2.868492364883423,3.1967313289642334,3.308356523513794,3.3754303455352783,3.438182592391968,3.493093252182007,22
0.8726059141516471,2.179529571032013,10.37509501907603,2.292599190386867,2.077271079582361,1.0217435359954834,2.919485330581665,4.246335029602051,4.921346664428711,5.298496246337891,5.570034027099609,5.764810562133789,5.895418167114258,6
0.8139243129982391,3.340821928173656,0.2993448951625184,2.5898210762674974,2.515513517173795,1.0996334552764893,3.249084234237671,4.896514892578125,5.745969772338867,6.187463760375977,6.510642051696777,6.769495964050293,6.956889152526856,5
0.4062629093458263,1.6594313907815272,18.6502404923915,2.3876270929886987,2.3013522845551737,1.1531519889831543,3.7482450008392334,6.556707382202148,8.803543090820312,10.064023971557615,10.193612098693848,10.194937705993652,10.196263313293455,14
0.8111566578888824,29.30453338678308,0.4637618157368549,2.995758381204467,2.2284715104108903,0.5968503952026367,1.4837322235107422,2.073287010192871,2.4319891929626465,2.678940296173096,2.8717832565307617,3.030258655548096,3.1653857231140137,18
0.5004223323328314,11.396941640542412,0.1163344056492295,2.193379020381432,2.9181135627323087,1.0897905826568604,3.4326090812683105,5.55250883102417,6.746554851531982,7.175992488861084,7.30368185043335,7.372870922088623,7.43411111831665,5
0.3898142937395004,1.6637163671585802,37.66541357535903,2.105757946785202,2.5264465961445364,1.1025390625,3.614056348800659,6.327552795410156,8.455198287963867,9.51543140411377,9.679097175598145,9.679120063781738,9.679120063781738,14
0.5197326392071786,4.178235664284252,0.0202365056092672,2.659399588767722,2.165962397311897,1.1444625854492188,3.5584511756896973,5.805490970611572,7.1993279457092285,7.759649753570557,7.929639339447021,8.066173553466797,8.191701889038086,5
0.7082130584612435,48.17651274824987,0.9067234437379832,2.119752514666037,2.841329446074697,0.5776972770690918,1.4919836521148682,2.076181173324585,2.407028913497925,2.629391431808472,2.8038694858551025,2.946720838546753,3.0670621395111084,18
0.9073331078966012,1.709728774935095,0.0211157887995528,2.3339572298843168,2.5694475677109123,1.1309378147125244,3.399422645568848,5.195096969604492,6.149782180786133,6.637099266052246,6.968578338623047,7.232639312744141,7.431629180908203,5
0.5845624619495432,83.25705481061391,0.060029437760533,2.5671510064285856,2.922010796357273,0.5580275058746338,1.4267408847808838,2.0089380741119385,2.3322694301605225,2.546564817428589,2.7138888835906982,2.850616216659546,2.968700170516968,18
0.896584791659145,210.35458157945263,0.2087127517558709,2.4963512528127705,2.1223972099478354,0.149430513381958,0.2572462558746338,0.361074686050415,0.4614968299865722,0.5579068660736084,0.6495571136474609,0.7368557453155518,0.8195199966430664,15
0.4638397456999822,1.0569320836364324,0.035556677930646,2.159895079779691,2.388225728911605,1.218813419342041,4.067960739135742,7.327518463134766,10.154191970825195,11.676468849182127,11.710503578186035,11.717390060424805,11.722847938537598,12
0.358643055032136,30.022317572695105,0.2581285269580291,2.494107411216594,2.61449132572792,0.9972295761108398,3.0304107666015625,4.720338344573975,5.553667545318604,5.814346790313721,5.921258449554443,5.994791507720947,6.041991710662842,5
0.8824122361704824,0.8817838599536209,54.30615792181152,2.844208149749937,2.7348207460661778,1.092238187789917,3.389761209487915,5.4715576171875,6.708439826965332,7.192519187927246,7.331698417663574,7.411111831665039,7.452406883239746,7
0.8475270573802143,21.84621023117937,0.012246715469807,2.016566896702055,2.607723348848419,0.6484541893005371,1.683645486831665,2.3173418045043945,2.6706552505493164,2.906729221343994,3.087164878845215,3.233283519744873,3.3607492446899414,18
0.9957985200071102,2.583946134815084,0.0063568860300102,2.59841079749653,2.3611965155153536,1.0120909214019775,2.8185160160064697,4.043395042419434,4.698159217834473,5.12834358215332,5.448136329650879,5.700258255004883,5.893234252929688,5
0.4751756270824155,6.253355950459758,1.786841044696606,2.5986024094747666,2.2608150060364247,1.1353027820587158,3.537614583969116,5.769203186035156,7.129373550415039,7.659442901611328,7.805547714233398,7.904017448425293,7.993350028991699,5
0.8084738253973057,161.251811052918,0.2404519912065719,2.822100156841242,2.856275362570025,0.2735278606414795,0.5012054443359375,0.7144069671630859,0.9065546989440918,1.07898211479187,1.2352526187896729,1.3767354488372805,1.5050570964813232,8
0.9294355197946862,169.88292445854512,0.2824085114764785,2.559794328883092,2.341616237657941,0.1856584548950195,0.3273894786834717,0.4659662246704101,0.5972259044647217,0.7197394371032715,0.835404634475708,0.943220853805542,1.0442726612091064,15
0.4543881555613122,264.43114161072475,0.9234741669442684,2.8846466022485897,2.4061785192043046,0.2625505924224853,0.4635570049285888,0.6297028064727783,0.7735168933868408,0.8989107608795166,1.0100133419036863,1.1092758178710938,1.198462963104248,15
0.5134318568967078,7.460332829342458,0.0367955015161523,2.428233399715531,2.768864759212713,1.1518235206604004,3.645547151565552,6.004230499267578,7.42302131652832,7.972064971923828,8.137307167053223,8.224969863891602,8.29080867767334,12
0.8111188679935497,43.323324952298,0.0037427254039013,2.0365274022939355,2.420540254956795,0.4823718070983886,1.1226608753204346,1.55476713180542,1.8441641330718996,2.0603227615356445,2.233112335205078,2.376993179321289,2.499600887298584,18
0.701273143701552,1.0152063976229526,111.5166672470574,2.020981737206124,2.2397287306275926,0.8521144390106201,2.574479579925537,3.986307144165039,4.610099315643311,4.662521839141846,4.665576457977295,4.665887832641602,4.665974140167236,23
0.9992104580459013,19.560531882906435,0.5339034477507775,2.349466820570121,2.502495301935116,0.5886788368225098,1.4386136531829834,2.0059614181518555,2.3705759048461914,2.63352632522583,2.841067314147949,3.012406826019287,3.159818172454834,18
0.6766962028921317,107.89578909344829,6.424713309054563,2.248316983075285,2.3042965667614626,0.3329451084136963,0.6787774562835693,0.9500718116760254,1.1663801670074463,1.3418843746185305,1.4897782802581787,1.6156005859375,1.7257978916168213,9
0.6207462373190633,66.95468571645529,0.1280653900085923,2.570331571461992,2.788446807907336,0.5816078186035156,1.4970343112945557,2.0996010303497314,2.432260274887085,2.649867296218872,2.817063093185425,2.95755934715271,3.076366186141968,18
0.7311842922129956,4.147753791616601,0.3160314294413778,2.948597887378727,2.1395464380468114,1.0661063194274902,3.0719614028930664,4.538970470428467,5.307049751281738,5.747343063354492,6.114470481872559,6.405969619750977,6.613106727600098,5
0.3373450328065208,11.426140852662474,0.0353899598965392,2.557811125272168,2.603849484769164,1.166691541671753,3.744437694549561,6.365534782409668,8.194294929504395,8.942715644836426,9.033865928649902,9.046334266662598,9.063138008117676,12
0.6169520858240345,1.1345871787185404,6.055727751962697,2.4167103998585304,2.8489479927380232,1.242377996444702,4.115119934082031,7.306962013244629,9.755452156066896,10.990926742553713,11.165519714355469,11.171703338623049,11.176959991455078,14
0.3900582849564386,181.27693464223,0.0049543299962599,2.2462127129293177,2.017646924935506,0.3335766792297363,0.6792395114898682,0.9125642776489258,1.0743672847747805,1.197739601135254,1.3006863594055176,1.3861749172210691,1.460190773010254,8
0.4481211808261954,7.808771469060409,0.7632201747879293,2.5163276378205737,2.0854697805641784,1.0893733501434326,3.3308534622192383,5.315615177154541,6.454439163208008,6.860113143920898,7.025793075561523,7.138938903808594,7.211234092712402,5
0.6356287672617672,47.81687901526975,0.0048276857879574,2.221936235023594,2.778237058347285,0.6412556171417236,1.7282116413116455,2.413415908813477,2.7580208778381348,2.9696245193481445,3.128623485565185,3.2577600479125977,3.369163990020752,22
0.9911412099149514,283.1566000684043,0.0495950438809856,2.412872340093628,2.079695551601807,0.105438232421875,0.1827783584594726,0.249866247177124,0.3141236305236816,0.3809587955474853,0.4470386505126953,0.5107595920562744,0.5726473331451416,2
0.9262664923060144,113.41275398163395,0.0902415754101861,2.760684917705377,2.055498176830481,0.2269041538238525,0.4238083362579345,0.6095831394195557,0.7779414653778076,0.9299194812774658,1.0677011013031006,1.19203519821167,1.3051481246948242,8
0.8301680378529718,52.76360178393205,0.3822914584863779,2.0104848503081545,2.611335900509226,0.4369974136352539,0.9864461421966552,1.3835434913635254,1.6703572273254397,1.8914766311645508,2.072161674499512,2.2240242958068848,2.354295253753662,18
0.9772499979182488,2.3239185035754346,0.0632338874812257,2.295595193115721,2.5551281918814928,1.043937921524048,3.0151937007904053,4.414534568786621,5.135956764221191,5.545236587524414,5.8406982421875,6.066032409667969,6.235769271850586,5
0.8851348482781194,108.94034283670771,0.0046835528794919,2.505621830533497,2.076645771991694,0.2373805046081543,0.4473810195922851,0.6412413120269775,0.8145110607147217,0.9686872959136964,1.107553243637085,1.2316033840179443,1.3432199954986572,8
0.4040261261978092,16.105373979087638,0.1357901249183302,2.6667251229594533,2.771460257507991,1.116689682006836,3.4920310974121094,5.694900035858154,6.991285800933838,7.443817615509033,7.570751667022705,7.644967555999756,7.701076030731201,5
0.6425157309290093,17.797973388581585,0.0658449051727008,2.827092297252305,2.333210199993843,0.8795995712280273,2.451343297958374,3.5025393962860107,4.037437438964844,4.339350700378418,4.5438079833984375,4.686086654663086,4.813673973083496,22
0.8239352365347203,2.403638364570478,0.0038999113312395,2.07522753677553,2.2056125744550004,1.0644183158874512,3.133098840713501,4.653705596923828,5.422182083129883,5.82144832611084,6.083141326904297,6.2757415771484375,6.420415878295898,5
0.3433104766809033,67.9517412528205,0.0076621050182725,2.8113496090920083,2.921740877545606,0.8536374568939209,2.5508663654327397,3.8625524044036874,4.4911088943481445,4.729379653930664,4.830563545227051,4.9013261795043945,4.960003852844238,22
0.4441699816628716,3.1479638972262847,6.990143210580097,2.017607224886324,2.385432706591004,1.1511659622192385,3.768496036529541,6.539554119110107,8.600000381469727,9.620622634887695,9.710630416870115,9.716196060180664,9.721124649047852,14
0.3581465697232854,168.08245334863955,0.7947660574660114,2.175025918507278,2.829915758916996,0.4856400489807129,1.2307991981506348,1.7018895149230957,1.928847074508667,2.067214250564575,2.180292844772339,2.273636102676392,2.353062868118286,18
0.6142805181763529,2.763609076221949,114.95759143389448,2.095896140698281,2.7867336410948886,0.8984487056732178,2.8104207515716557,4.521190643310547,5.471677780151367,5.629509925842285,5.633939743041992,5.634250640869141,5.6344099044799805,7
0.4868972270189478,9.775871539126776,0.0631179077551005,2.82088323518004,2.311409357575463,1.1001901626586914,3.341549634933472,5.238069534301758,6.267586708068848,6.654941558837891,6.851282119750977,7.029502868652344,7.155889511108398,5
0.890309204704207,58.83048899163389,0.0126982450096174,2.001198318902151,2.3385135483679824,0.3545484542846679,0.7409467697143555,1.051171064376831,1.2994379997253418,1.5018937587738037,1.6717567443847656,1.816604852676392,1.94339919090271,8
0.7674727475487358,1.552449614488136,1.050037508258291,2.831840911057581,2.031028652085109,1.126089096069336,3.3783857822418213,5.223442077636719,6.255334854125977,6.765743255615234,7.120026588439941,7.433807373046875,7.715469360351562,5
0.5504222337863691,1.1638781187206804,0.3453240028978374,2.212589839989603,2.09532719651623,1.1738383769989014,3.798714637756348,6.579616069793701,8.68826675415039,9.66014289855957,9.72819709777832,9.733068466186523,9.736888885498049,13
0.6145565936548967,21.453069454310487,0.0329221487097569,2.662112729283341,2.1298316245643147,0.8163743019104004,2.2230067253112797,3.1258044242858887,3.5811538696289062,3.8402743339538574,4.00770378112793,4.144238471984863,4.238966464996338,22
0.8057304514831072,1.802297196926984,11.015381568164742,2.783914436971668,2.980297450818767,1.1993045806884766,3.759429454803467,6.104949951171875,7.519396781921387,8.168540000915527,8.487590789794922,8.727131843566895,8.922677993774414,14
0.7419371794925642,41.55065331365181,0.0294278680955507,2.3244948983163125,2.142317830917067,0.5269455909729004,1.2663955688476562,1.7397093772888184,2.0292348861694336,2.233567237854004,2.3957419395446777,2.532187461853028,2.647843837738037,18
0.8918689136498256,1.1320274212912618,1.0247731260792514,2.76235965515501,2.1081031134083545,1.1239984035491943,3.3107500076293945,5.005604267120361,5.92885684967041,6.459240913391113,6.883861541748047,7.268913269042969,7.557765960693359,5
0.5541977259945037,8.866515756817838,0.0178633565654897,2.096259943051725,2.369051831983493,1.0404338836669922,3.1365644931793213,4.804994583129883,5.618730545043945,5.930020332336426,6.088102340698242,6.189128875732422,6.256390571594238,5
0.7757661213444215,5.651963523650478,0.0050769416245498,2.459656006054154,2.350435268690454,1.009249925613403,2.8839640617370605,4.1869940757751465,4.8461761474609375,5.205316543579102,5.463746070861816,5.65839147567749,5.802992343902588,5
0.6343926913171246,3.2900381827451204,1.126490357042499,2.0156317842095497,2.629149244745248,1.1389312744140625,3.628512382507324,5.976344108581543,7.377567768096924,7.933980464935303,8.103815078735352,8.187677383422852,8.256851196289062,13
0.558705150699777,1.7682278131498654,300.89328004282896,2.882578067552095,2.634117481966755,0.6401968002319336,1.842313289642334,2.7436270713806152,3.015698909759521,3.0132393836975098,3.013862609863281,3.0150012969970703,3.013013362884521,1
0.9312248626819298,6.57629150849705,18.37355532971081,2.126755129438685,2.1662698764960453,0.7955338954925537,2.097332715988159,2.896512746810913,3.3158090114593506,3.566506147384644,3.744778871536255,3.873867750167847,3.988605260848999,23
0.5262826886173647,1.37832584621774,0.0224454532110762,2.377199172149424,2.703004404580383,1.255221605300903,4.178972244262695,7.488750457763672,10.220297813415527,11.731205940246582,11.842052459716797,11.849964141845703,11.856596946716309,12
0.5677610658038867,3.919297419632551,0.1065815682850798,2.461040848757132,2.728239994551199,1.1974976062774658,3.82358455657959,6.406764507293701,8.071540832519531,8.749385833740234,8.926006317138672,9.018350601196287,9.105062484741213,12
0.713351328840489,6.5250325768123085,59.25520314350088,2.733838247933643,2.53492732196293,0.9299166202545166,2.7363979816436768,4.103584289550781,4.74997615814209,5.026029586791992,5.183795928955078,5.265035629272461,5.306816101074219,7
0.9330360903456758,1.4023580930480948,0.0804755565252873,2.5919336693083594,2.040935545314744,1.0734810829162598,3.054593324661255,4.453969955444336,5.212074279785156,5.708640098571777,6.110652923583984,6.431013107299805,6.668036460876465,5
0.8154444678630918,172.58668206647843,0.0053990811322602,2.4045852574006203,2.801206586072779,0.2301697731018066,0.4144651889801025,0.5911498069763184,0.7539501190185547,0.9031286239624025,1.0405030250549316,1.1662213802337646,1.2824342250823977,15
0.5844956840992334,0.8298614061445386,13.484807065833936,2.3317592659733366,2.6802853918044502,1.2104017734527588,3.9967870712280273,7.120331764221191,9.607218742370604,11.021002769470217,11.154809951782228,11.157365798950195,11.159686088562012,14
0.4021664172412594,87.14800377217631,0.0222968822605051,2.958266196482449,2.895780379251848,0.7250127792358398,2.0733561515808105,3.024630546569824,3.4709835052490234,3.670457363128662,3.7935519218444815,3.88443660736084,3.965670108795166,22
0.3184871437687484,35.037824625241896,0.574359640064625,2.451497335844202,2.0344951250647374,0.8968486785888672,2.596129894256592,3.8143386840820312,4.330028533935547,4.513067245483398,4.625736236572266,4.686582088470459,4.73100471496582,22
0.8228700340642919,64.07425717205795,0.0117498886223309,2.239635881749267,2.966160772706343,0.4403440952301025,0.9985554218292236,1.4166436195373535,1.7284116744995115,1.9705591201782229,2.168282985687256,2.3346385955810547,2.477639675140381,18
0.5745339316711037,1.7400274123604589,0.0225412754843295,2.1679343645889246,2.956019229294869,1.2311813831329346,4.110925674438477,7.347914695739746,9.832698822021484,11.149219512939451,11.327800750732422,11.338763236999512,11.347837448120115,12
0.7559586072828016,1.6223657074950883,8.906125111622298,2.1292590934918305,2.730980637742822,1.1550335884094238,3.676652193069458,6.055442810058594,7.485882759094238,8.100445747375488,8.316145896911621,8.419807434082031,8.504329681396484,14
0.928668918763916,2.6556241073702647,0.0149927549914499,2.6073792559808524,2.9906600786968216,1.1154680252075195,3.341022729873657,5.107263565063477,6.044782638549805,6.532380104064941,6.871618270874023,7.137965202331543,7.343116760253906,5
0.9874904550016046,1.156949538204495,4.860744890158142,2.3714488631130486,2.109948892291531,1.0616297721862793,3.0285303592681885,4.406252861022949,5.151666641235352,5.6051788330078125,5.967146873474121,6.237709999084473,6.421831130981445,6
0.5609227585166118,1.341607451425451,30.059299009886622,2.212750869819574,2.7479957388853498,1.1419689655303955,3.7502760887146,6.544353008270264,8.65528678894043,9.62704849243164,9.727256774902344,9.726917266845703,9.726652145385742,14
0.5238810607320616,1.9390808774986013,0.0321102735547947,2.4005335361617464,2.3998127705960712,1.2139990329742432,3.954811811447144,6.892092704772949,9.085367202758787,10.186613082885742,10.268507957458496,10.279261589050291,10.288249969482422,12
0.7956919596226223,20.2255527670302,0.0179590212262364,2.7598297149105138,2.789771618300019,0.7800047397613525,2.1378250122070312,3.039719581604004,3.524677276611328,3.815253734588623,4.0270771980285645,4.195674896240234,4.335857391357422,22
0.9915331702827216,0.8144298285242836,1.956606953846035,2.428719898429489,2.2612257230799235,1.1344048976898191,3.3716304302215576,5.0959577560424805,6.049795150756836,6.571687698364258,6.968352317810059,7.293515205383301,7.5396728515625,6
0.3879895084917546,109.01910060060506,0.5377870743724816,2.7717267482998675,2.893929342180485,0.6548693180084229,1.8302860260009768,2.637725830078125,2.997648239135742,3.170315742492676,3.2842812538146973,3.3767013549804688,3.459291458129883,22
0.9538381302566667,16.159277101401774,0.5039913769253772,2.570990841356216,2.556109905089837,0.6762545108795166,1.7314512729644775,2.4149115085601807,2.819899320602417,3.0970823764801025,3.309413194656372,3.4838292598724365,3.633478879928589,18
0.578357452194803,2.15351171120158,9.732913690615046,2.371964723465932,2.4918667334784006,1.1750802993774414,3.773190259933472,6.397721290588379,8.199646949768066,8.996251106262207,9.134563446044922,9.15625286102295,9.186186790466309,14
0.8038807850201991,1.6556107852178892,31.0742013407394,2.2200500774089496,2.69296180214674,1.088449001312256,3.408212184906006,5.478994846343994,6.661790370941162,7.124340534210205,7.279224872589111,7.346006870269775,7.377668857574463,7
0.3791662445879331,5.182205534143763,0.4266675497395317,2.481265144937406,2.6682764914367354,1.222100019454956,4.0084147453308105,7.067855358123779,9.418516159057615,10.625585556030272,10.776626586914062,10.782381057739258,10.78740692138672,13
0.4484155959965056,20.874814399980533,0.0062406789376173,2.1828686875650987,2.2249247439013864,0.943195343017578,2.7545928955078125,4.06768274307251,4.641617774963379,4.852941989898682,4.985164642333984,5.062933921813965,5.121338367462158,22
0.7069302099137985,176.95925425650634,0.0477971860897495,2.589427631956005,2.57750312019032,0.2586259841918945,0.4734349250793457,0.6692206859588623,0.8430221080780029,0.9977912902832032,1.1373059749603271,1.2625782489776611,1.3755247592926023,8
0.7288023942449925,8.348689049128899,0.0266292242424364,2.294342029904213,2.6099164308110563,0.9867420196533204,2.8843472003936768,4.254354476928711,4.910355567932129,5.234292984008789,5.436357498168945,5.589188575744629,5.70316219329834,5
0.8992117252369564,1.4490763627092909,1.3153285911312522,2.212424029689088,2.5591667140283696,1.1370251178741455,3.46396541595459,5.372945308685303,6.403122425079346,6.905594348907471,7.212349414825439,7.44758939743042,7.63439130783081,5
0.6631344359025078,10.41422098171095,0.0805668041340551,2.243033654927403,2.566675569630406,0.9836139678955078,2.9028687477111816,4.313510894775391,4.9743733406066895,5.277215957641602,5.457116603851318,5.591367721557617,5.688477993011475,5
0.8598780145091336,2.933622699105807,11.517604747239863,2.107625002225942,2.270915043255753,1.0042214393615725,2.903105497360229,4.236117362976074,4.892402648925781,5.227720260620117,5.441411018371582,5.5929059982299805,5.6968183517456055,6
0.586126863545779,4.792962046144153,1.8865356254455223,2.682890117507878,2.7949730628057994,1.1859564781188965,3.733098983764648,6.144266605377197,7.604507923126221,8.213079452514648,8.422279357910156,8.572734832763672,8.689752578735352,13
0.4681246595376225,235.8281413338446,0.0710332562951712,2.9680670382263488,2.89000160527447,0.3484635353088379,0.6854610443115234,0.9427170753479004,1.1495628356933594,1.3208589553833008,1.466357707977295,1.5924267768859863,1.7031512260437012,8
0.8426896596156492,2.2489143992446383,0.1826785039297295,2.41207342438193,2.500355917508383,1.126170635223389,3.3857243061065674,5.169866561889648,6.118966102600098,6.604100227355957,6.925537109375,7.183559417724609,7.377108573913574,5
0.8681321611700137,5.881745317533158,209.52912836786857,2.507389389481429,2.5479123838543667,0.6369524002075195,1.7656702995300293,2.515610218048096,2.789971351623535,2.835789203643799,2.835491180419922,2.835585117340088,2.835698127746582,1
0.3515389352243268,83.42634361064134,0.0104833045176466,2.083841745505405,2.40676974346018,0.6776168346405029,1.8903679847717283,2.643584489822388,2.927774667739868,3.042473077774048,3.1186888217926025,3.187678575515747,3.2486374378204346,22
0.9647021297402504,66.80787770475568,0.100594684117336,2.1466245507140256,2.689397990666784,0.3329939842224121,0.6795675754547119,0.9784371852874756,1.2318994998931885,1.4464688301086426,1.631110429763794,1.7911198139190674,1.9314734935760496,8
0.4518218249033623,11.249993143597916,0.0981593501102585,2.344792741479301,2.7418160704765824,1.1159844398498535,3.5188517570495605,5.746567726135254,7.055758476257324,7.521697998046875,7.647159576416016,7.713808059692383,7.762972831726074,5
0.9822323163279983,10.221650039230164,0.0060732551523659,2.4062450467001324,2.975711096227565,0.7947299480438232,2.1878693103790283,3.1013739109039307,3.603890657424927,3.918410539627075,4.149916648864746,4.336003303527832,4.491214752197266,22
0.8994812963842949,3.7150769046753385,0.0081450072571174,2.2458787696720663,2.565811042328975,1.019800901412964,2.956402540206909,4.336153030395508,5.026829719543457,5.397640228271484,5.656210899353027,5.855430603027344,6.007848739624023,5
0.5744199614956391,1.0304997652835586,112.27832769656948,2.173931857165564,2.070192610336832,0.8431751728057861,2.535641431808472,3.9277985095977774,4.531207084655762,4.579549789428711,4.583471298217773,4.583953857421875,4.584125518798828,23
0.596685945875555,131.95478261963487,0.0327202789234316,2.0741696345820264,2.387984715348584,0.3325390815734863,0.6788253784179688,0.943849802017212,1.15069580078125,1.3190069198608398,1.4592533111572266,1.5804131031036377,1.685760259628296,8
0.7715772589460251,0.9103078199242326,39.22664832707599,2.8500455381882785,2.479972017446101,1.1159098148345947,3.4968669414520264,5.739284515380859,7.1552324295043945,7.705864906311035,7.829176902770996,7.887763023376465,7.922702789306641,7
0.8940798093097184,1.5155548373806875,3.2890974886014157,2.595468928663876,2.326335997960303,1.1267616748809814,3.343867540359497,5.06089973449707,5.992107391357422,6.490764617919922,6.864553451538086,7.170819282531738,7.407288551330566,6
0.9093103063219228,2.758854687133729,10.802038292507651,2.792495561622469,2.339415068941153,1.0339038372039795,2.946127414703369,4.3022541999816895,5.002817630767822,5.438276290893555,5.762697219848633,6.0162458419799805,6.199631690979004,6
0.6913824937627975,3.137573339591549,147.933571669562,2.720105476518329,2.473906027408795,0.8167288303375244,2.418471097946167,3.67905068397522,4.226819038391113,4.359179496765137,4.37839412689209,4.378642082214356,4.378767013549805,23
0.656770651806093,1.2363174681349962,4.75416522884813,2.47099790865292,2.960522277100992,1.2518408298492432,4.125176906585693,7.26608419418335,9.575048446655272,10.744457244873049,10.98154640197754,10.98723602294922,10.990079879760742,14
0.5774479138926624,4.875973746213506,0.0350252148961959,2.607998252903293,2.858624810985018,1.1946544647216797,3.7879292964935294,6.27192497253418,7.819731712341309,8.45050048828125,8.673104286193848,8.800989151000977,8.91317081451416,12
0.5321818120490927,50.03665381657886,0.0644437068738085,2.678552338763925,2.2752621021238117,0.6773421764373779,1.809798240661621,2.5183444023132324,2.868372917175293,3.064837455749512,3.205604076385498,3.3184056282043457,3.416285514831543,22
0.5943926517531007,5.616961352386872,0.0096364197601904,2.7959396011279094,2.9231889767280625,1.188966989517212,3.728770256042481,6.09334659576416,7.503772735595703,8.094587326049805,8.341301918029785,8.522113800048828,8.675004005432129,12
0.8124165957039506,1.3726240751327237,7.5663414122601615,2.4152361835983256,2.327309142580257,1.139734983444214,3.5000321865081787,5.516109466552734,6.649984359741211,7.1656494140625,7.445592880249023,7.653324127197266,7.816683769226074,6
0.6820764682985995,1.8770991974662647,0.0635183872215054,2.5394928264564145,2.593946384713444,1.2134833335876465,3.864119052886963,6.436012268066406,8.067750930786133,8.771257400512695,9.002730369567871,9.168149948120115,9.315256118774414,12
0.94763284820067,197.4008462551521,0.0042857038790576,2.5525589347782365,2.531734354018578,0.1723203659057617,0.3003172874450683,0.4235832691192627,0.5445981025695801,0.6588840484619141,0.7676339149475098,0.8702921867370605,0.9676964282989502,15
0.4144752576837341,1.2529079371696128,5.487429875012306,2.725821841469493,2.2104753742229177,1.2095463275909424,3.952792882919312,6.993757247924805,9.576095581054688,11.074556350708008,11.105244636535645,11.110261917114258,11.11459732055664,14
0.6556667016737112,215.4665027905976,0.0039520570645357,2.0220420450720207,2.58054835412093,0.2012650966644287,0.3552501201629638,0.5012383460998535,0.6348063945770264,0.7561323642730713,0.8684720993041992,0.971362829208374,1.0655982494354248,15
0.3884625658286846,37.06508864030788,0.0065302314271457,2.181195209939395,2.958711013703658,0.9376225471496582,2.8998093605041504,4.51938533782959,5.313948154449463,5.545222759246826,5.632645130157471,5.6831488609313965,5.721705913543701,5
0.3844276697956798,4.658537870016958,0.6577507744325491,2.3283127368785337,2.7666625965810354,1.225355863571167,4.056138038635254,7.206290245056152,9.692120552062988,11.002732276916504,11.093252182006836,11.09922218322754,11.104348182678224,13
0.7400006285532387,42.54375504089846,0.0252441276629322,2.604280615203974,2.4561226897461164,0.5809543132781982,1.452479600906372,2.024146318435669,2.3603522777557373,2.5918686389923096,2.771401643753052,2.920247793197632,3.0468342304229736,18
0.3493425129012995,183.35788510575404,0.0320094607797811,2.476799440211842,2.4657649764823164,0.4420461654663086,1.0347168445587158,1.4088764190673828,1.6075153350830078,1.7458114624023438,1.8561315536499023,1.9463520050048828,2.0267696380615234,18
0.3887251995178623,29.24050680554811,0.0345290399779962,2.891730722490994,2.213813798326994,0.9374279975891112,2.7239365577697754,4.0375261306762695,4.637358665466309,4.9062089920043945,5.088923931121826,5.196821689605713,5.284204959869385,5
0.6130226911696393,1.0565997842558292,10.623494806667289,2.6059781260634685,2.1588925275887627,1.162360668182373,3.712031126022339,6.309088706970215,8.183502197265625,9.0609712600708,9.158641815185549,9.165105819702148,9.177684783935549,14
0.8477293889783433,60.71855533212056,0.0244418096865643,2.212581552586673,2.783610236732379,0.425055980682373,0.9448809623718262,1.3380143642425537,1.63381028175354,1.8670406341552732,2.0579309463500977,2.218855381011963,2.358040809631348,18
0.5060070963056749,14.265856461492548,0.0853478888019039,2.537786748493957,2.352002586523348,1.0170421600341797,3.0083279609680176,4.530121326446533,5.264858722686768,5.573032379150391,5.756977081298828,5.89742374420166,5.986513137817383,5
0.9027573265608978,35.77723053705629,0.0489259396667211,2.964206863226914,2.899232585663357,0.5799210071563721,1.422633171081543,2.024217128753662,2.4158620834350586,2.6975908279418945,2.9210643768310547,3.1071085929870605,3.2670693397521973,18
0.9130025197504028,3.624644413779636,94.16934980156252,2.273875080419232,2.015646549593717,0.7461504936218262,2.029659986495972,2.8324453830718994,3.1779162883758545,3.3338463306427,3.395710229873657,3.423654794692993,3.4433090686798096,23
0.4675138992798329,7.002116769507201,0.1437704739849892,2.049716756312129,2.894874247250701,1.143263816833496,3.730432510375977,6.364896297454834,8.144721984863281,8.863121032714844,8.979101181030273,8.999198913574219,9.018489837646484,12
0.4876334462291887,243.8570439605172,0.3555917089862709,2.0987491002657905,2.175489281504008,0.2056910991668701,0.3508355617523193,0.4812452793121338,0.5963311195373535,0.6990547180175781,0.791839599609375,0.875464677810669,0.9515740871429444,15
0.9465125056468916,74.25287232090191,0.0224945745459372,2.5239549243761608,2.7775347932263887,0.3532071113586426,0.7220580577850342,1.0373170375823977,1.3042311668395996,1.529163837432861,1.721839427947998,1.8884353637695312,2.0345258712768555,8
0.5712168003330031,115.2605321336378,0.0468394919686509,2.93540467525077,2.5765086850382244,0.4518933296203613,1.034013032913208,1.4497566223144531,1.7264933586120603,1.931448459625244,2.0942277908325195,2.2325124740600586,2.349541664123535,18
0.7097153439828637,0.7762801114143779,181.1712380778985,2.784852952277177,2.983491619786885,0.8689162731170654,2.679376602172852,4.330153942108154,5.270328521728516,5.464047431945801,5.474190711975098,5.474247932434082,5.474294662475586,7
0.6590376492953184,3.672205981867443,0.946486777874658,2.767114913328041,2.160321386549769,1.1068949699401855,3.311647891998291,5.094287872314453,6.045302391052246,6.486034393310547,6.794541358947754,7.054978370666504,7.255391120910644,5
0.4079318875869052,14.57008370205841,0.2467340620838922,2.636182276842645,2.1533218692438654,1.043461561203003,3.129434585571289,4.841707706451416,5.726553440093994,6.031210422515869,6.189683437347412,6.303783893585205,6.386839389801025,5
0.6245370954086599,1.3221848991654022,1.5234812756730116,2.2270434232618994,2.2623254369757264,1.182084083557129,3.8197078704833984,6.496463298797607,8.407058715820312,9.32476806640625,9.551555633544922,9.568885803222656,9.580020904541016,13
0.6876123380407964,4.180204973625852,0.0147483803037942,2.5794930034143557,2.183087581490848,1.0870232582092283,3.219193696975708,4.8629913330078125,5.702890396118164,6.128206253051758,6.423423767089844,6.658092498779297,6.833584785461426,5
0.9839815981836424,87.88668491841307,0.018441637407909,2.1989559249238093,2.6771878398569,0.2741549015045166,0.529977560043335,0.7653851509094238,0.9760823249816896,1.162529706954956,1.3286898136138916,1.4767014980316162,1.6090354919433594,8
0.4245384300462796,4.9472856321779135,1.3331431836275465,2.61482793963934,2.089485588665572,1.1405675411224363,3.594454050064087,6.001897811889648,7.6210784912109375,8.329217910766602,8.445448875427246,8.485469818115234,8.535537719726562,13
0.6583183933031949,0.7352719122209714,1.76583531297477,2.3294782038948263,2.992932746610031,1.2642381191253662,4.233209609985352,7.623105049133301,10.351190567016602,11.840021133422852,11.971831321716309,11.97943878173828,11.985846519470217,13
0.4539555563013793,96.56235723875383,0.2496161978180136,2.1353899803696823,2.987972423961731,0.5931124687194824,1.6328601837158203,2.30078673362732,2.6024420261383057,2.76979660987854,2.889180898666382,2.9950883388519287,3.084450483322144,22
0.9632633018703428,6.943919662557737,0.0138048776175023,2.816544446482625,2.9662189125160072,0.9267661571502686,2.6161797046661377,3.791342496871948,4.427872657775879,4.815912246704102,5.095732688903809,5.312689781188965,5.482874870300293,5
0.9852901528311035,29.286345623051695,0.040183831672255,2.661753201212372,2.434724806677121,0.5129270553588867,1.1978425979614258,1.691936492919922,2.0345516204833984,2.291259765625,2.4973220825195312,2.670269012451172,2.818498134613037,18
0.3434993062217172,95.59320318203092,0.0250962173405691,2.441049089960776,2.160059198749642,0.6177191734313965,1.647504806518555,2.259108066558838,2.5102553367614746,2.6294078826904297,2.724326610565185,2.8028197288513184,2.8690104484558105,22
0.3471958220504257,14.133052470217782,0.5572728326453362,2.8424274083489163,2.6834983629480726,1.1583449840545654,3.667483568191528,6.133203506469727,7.741597175598144,8.360075950622559,8.455360412597656,8.503424644470215,8.554803848266602,13
0.5017901661682624,15.664026951401578,0.3518039893580253,2.2947932281230936,2.741227088779021,1.0286052227020264,3.142148733139038,4.8861083984375,5.756060600280762,6.06227970123291,6.197395324707031,6.298394203186035,6.364509582519531,5
0.8739276913429289,0.9995615204394224,4.2414895809244895,2.6778274809360703,2.60154773807099,1.2008976936340332,3.730437755584717,5.987029552459717,7.303905963897705,7.940248966217041,8.295066833496094,8.590003967285156,8.833967208862305,14
0.3802546334718982,2.518392694548105,2.725361259083581,2.189460561135068,2.9955057884163554,1.2432026863098145,4.195090293884277,7.684997081756592,10.72591781616211,12.568506240844728,12.672470092773438,12.677871704101562,12.68259620666504,14
0.4817050616510092,229.73424279867297,0.0069332494199814,2.0384723627672425,2.406996410307439,0.2446050643920898,0.4399797916412353,0.6055400371551514,0.7473495006561279,0.8710832595825195,0.9802296161651612,1.076748609542847,1.1628057956695557,15
0.5698221323049107,6.926987343023505,0.0223579772297824,2.209667005470161,2.3587845867788477,1.0755739212036133,3.270571708679199,5.060079574584961,5.998361110687256,6.353220462799072,6.51737642288208,6.6444478034973145,6.731905460357666,5
0.9948289662589008,5.010660127334598,0.0227160107800543,2.483484865519501,2.7041877116208317,0.9278292655944824,2.5973129272460938,3.72309684753418,4.322213649749756,4.679563522338867,4.940088748931885,5.14303731918335,5.2994890213012695,5
0.5636364406789045,5.518553096982341,0.0650375950141535,2.088667795471002,2.164103119664227,1.07214093208313,3.264201402664185,5.078509330749512,6.042675018310547,6.400538444519043,6.572660446166992,6.67879581451416,6.74406623840332,5
0.5255855457640836,3.692154820949539,0.0044618532662278,2.7000642440578377,2.511479246925728,1.2109851837158203,3.859583616256714,6.529324531555176,8.327714920043945,9.096160888671877,9.253705978393556,9.32822036743164,9.427309036254885,12
0.9344308612522702,9.153388550053895,0.4274173574600378,2.3080758371345422,2.7575888517000253,0.8350749015808105,2.313226222991944,3.2783570289611816,3.784646987915039,4.09103536605835,4.31062650680542,4.481630802154541,4.621848583221436,22
0.498460255285987,52.98681794818078,0.0318842959389154,2.584297272789354,2.5783350955934923,0.7351157665252686,2.0575225353240967,2.927203893661499,3.33172345161438,3.530415296554565,3.6662442684173584,3.764573335647583,3.8575146198272714,22
0.4263553385580382,14.00776803878617,0.0145875816672549,2.813936225615668,2.469777172585142,1.097877025604248,3.361212015151977,5.328751564025879,6.414543151855469,6.79344367980957,6.958736419677734,7.082296371459961,7.183862686157227,5
0.8952330100991255,3.126896172210416,47.45012422422792,2.334414833554682,2.253456967336563,0.9118435382843018,2.594356060028076,3.7521681785583496,4.296121597290039,4.563892841339111,4.729857921600342,4.815201282501221,4.864652156829834,23
0.7482254883295472,1.441892005794239,254.5208741126597,2.3161055119869984,2.83149800661185,0.7005834579467773,2.090090274810791,3.198336124420166,3.630945205688477,3.639314651489258,3.638600826263428,3.6389718055725098,3.637573719024658,23
0.9043526057914416,103.17621573305988,0.0379758603500235,2.868827356521809,2.525795954927289,0.2974362373352051,0.5782229900360107,0.8302454948425293,1.052210807800293,1.2465083599090576,1.4184200763702393,1.5704076290130615,1.705512285232544,8
0.6679757711195103,107.59651616235584,0.0035636792364708,2.579687154332997,2.1599971600747425,0.3380172252655029,0.695976734161377,0.974454402923584,1.1939945220947266,1.3710479736328125,1.5193727016448977,1.6466786861419678,1.7575314044952393,8
0.8631460893034392,0.9653622115379964,10.233472232310133,2.468545241702941,2.6235871712179204,1.1832046508789062,3.712746620178223,6.030457019805908,7.404036045074463,8.0380859375,8.327199935913086,8.54024887084961,8.708429336547852,14
0.4555029906267595,10.10139365574362,0.8289259328139122,2.345912452518576,2.613926970469296,1.1150753498077393,3.5006113052368164,5.6965179443359375,6.982049942016602,7.446612358093262,7.571403503417969,7.640327453613281,7.691312789916992,5
0.4553094953259208,2.326685495122814,324.19707748044584,2.516011527118869,2.2007265371053086,0.5168361663818359,1.365490198135376,1.862376689910889,1.888650894165039,1.887911796569824,1.8898415565490725,1.888723850250244,1.8890800476074217,1
0.4180241217517556,3.0834323173561757,0.2114909389848329,2.3796433842162976,2.1505979397134443,1.175711154937744,3.784132242202759,6.526317596435547,8.62583065032959,9.697561264038086,9.776200294494627,9.78419589996338,9.790908813476562,13
0.9741839558012692,53.60571868147661,0.0922698016815604,2.517973959752481,2.644263836379626,0.3983774185180664,0.8515121936798096,1.2186391353607178,1.5125885009765625,1.751474380493164,1.9503040313720703,2.1199936866760254,2.2675251960754395,8
0.949799577519888,1.6294026432038906,11.063452544999151,2.2270785598259337,2.2572989767415157,1.0449490547180176,3.0336785316467285,4.46494722366333,5.190690040588379,5.594088077545166,5.869544506072998,6.066201686859131,6.206654071807861,6
0.4673894780629915,0.8052147212634508,295.4116555314407,2.3174506695294905,2.215712693670685,0.5579135417938232,1.52160382270813,2.1164722442626958,2.167386054992676,2.1676807403564453,2.1694445610046387,2.168081283569336,2.166728973388672,1
0.8337045513236444,2.6442583082660107,148.12072867903808,2.533540032954397,2.411571150382932,0.7809460163116455,2.26894760131836,3.3597044944763184,3.810057640075684,3.928309917449951,3.938730239868164,3.938781261444092,3.9387383460998535,23
0.9230202303590768,48.57539907456134,0.0474241582841203,2.758348415949023,2.614637917614373,0.4528472423553467,1.0145797729492188,1.4439067840576172,1.7638630867004397,2.0113205909729004,2.213900566101074,2.3846445083618164,2.531689167022705,18
0.7458583650131236,14.882475343171215,0.006823922775628,2.9684916405480912,2.2535498015108617,0.8324060440063477,2.248332023620605,3.171755313873291,3.6707377433776855,3.979916572570801,4.199106216430664,4.368753910064697,4.508623123168945,22
0.8421204978739216,92.42094000313546,0.0050339338677762,2.9841432115190227,2.8923614830398234,0.3888659477233886,0.8091902732849121,1.1573662757873535,1.444660186767578,1.683218479156494,1.8844108581542969,2.0566658973693848,2.206331729888916,8
0.9489886326174924,94.59400109676974,0.7482582417197816,2.8702694308393104,2.5890173193567847,0.3036057949066162,0.5929439067840576,0.8533618450164795,1.0835468769073486,1.2851049900054932,1.463080644607544,1.6201941967010498,1.759929895401001,8
0.6750899307774592,81.43732310434424,0.0070181378767458,2.883177016945279,2.986857937431769,0.5214450359344482,1.257321834564209,1.7861442565917969,2.126033306121826,2.3689212799072266,2.561076164245605,2.721307277679444,2.859302043914795,18
0.7982491091382284,4.725047504497786,0.023562999737825,2.8328138382603507,2.0762013044024403,0.995563268661499,2.7561962604522705,3.945881128311157,4.570024490356445,4.986808776855469,5.306103706359863,5.547917366027832,5.726380348205566,5
0.8559887091834437,1.2908226371981697,15.222128682998145,2.1003839738390644,2.469556993584325,1.098813533782959,3.3985393047332764,5.3408918380737305,6.408926963806152,6.870749473571777,7.089914321899414,7.224234580993652,7.31927490234375,6
0.6070146303786611,5.205475163275127,1.040919522304739,2.190869241859272,2.2944919050760824,1.0831730365753174,3.290851593017578,5.094386100769043,6.039330959320068,6.414045810699463,6.6058125495910645,6.739246845245361,6.8387885093688965,5
0.3758687244871619,0.7478585213394907,0.4128510779798262,2.671410399126266,2.39666952581933,1.2597618103027344,4.196396827697754,7.618411540985107,10.738628387451172,12.714014053344728,12.750373840332031,12.757110595703123,12.762845993041992,13
0.7912426613263643,9.867205728919672,0.0075499967647056,2.599747728026667,2.637570877290242,0.9351563453674316,2.6620852947235107,3.861581563949585,4.469503402709961,4.804749488830566,5.03559684753418,5.21251106262207,5.343344688415527,5
0.5159198854653277,1.3988613517969857,1.0942582860773484,2.3013083245995256,2.601761065772784,1.23286771774292,4.101909637451172,7.329494476318359,9.95578670501709,11.300253868103027,11.35292911529541,11.35822868347168,11.362669944763184,13
0.5076805709846721,6.230640134679757,0.0530559444961582,2.0502491721063234,2.790754338902535,1.1338717937469482,3.6568098068237305,6.142301082611084,7.712966442108154,8.320444107055664,8.43614387512207,8.475826263427734,8.510744094848633,12
0.6799012239869524,7.321530377186066,91.21021560285436,2.618101613291101,2.789651008833576,0.8934774398803711,2.690302610397339,4.117415428161621,4.803982734680176,5.042580604553223,5.122664451599121,5.155210494995117,5.170562744140625,7
0.9478547604179136,2.2528412827433746,84.41492635183309,2.197284072548089,2.653637211099848,0.891514778137207,2.651669979095459,3.9768929481506343,4.586249351501465,4.805735111236572,4.880558490753174,4.909021377563477,4.920746803283691,23
0.6003064777649814,0.8635195796247851,15.274452385887908,2.8630889838850573,2.2048130293228034,1.1725952625274658,3.760455369949341,6.46903133392334,8.499579429626465,9.427066802978516,9.47678565979004,9.479436874389648,9.482088088989258,14
0.8705233185756652,101.3101574680334,0.0186410282628337,2.8491566838840727,2.9874038880336915,0.3548963069915771,0.7120544910430908,1.0205602645874023,1.2857677936553955,1.5120294094085691,1.7079617977142334,1.8782527446746824,2.0280582904815674,8
0.93576046935833,3.6658012235703903,0.0042967958743424,2.477346152237633,2.9396236332141985,1.0484800338745115,3.0994839668273926,4.651613712310791,5.4481072425842285,5.875058650970459,6.1620869636535645,6.387792110443115,6.564141750335693,5
0.495745506766842,237.3086670301534,0.1420896217822284,2.3427561531732235,2.6849391556645124,0.2742784023284912,0.5025966167449951,0.6924917697906494,0.8557243347167969,0.9965062141418456,1.120182752609253,1.230196237564087,1.32843279838562,8
0.910009710863646,118.0390475636863,0.2101555893746825,2.5266142371617626,2.318270577626364,0.2415025234222412,0.4508059024810791,0.6472599506378174,0.82468581199646,0.9845798015594482,1.129605770111084,1.260364055633545,1.3782126903533936,8
0.3755182534784122,39.41047077458981,0.0184047949295237,2.029392450390895,2.482399795832476,0.8712685108184814,2.587681770324707,3.846954345703125,4.367831707000732,4.52147102355957,4.59956693649292,4.654294967651367,4.696609973907471,22
0.3137825500233366,35.52108679315639,0.0475995887299261,2.081413526971775,2.327716085615928,0.9328954219818116,2.807863473892212,4.281831741333008,4.931191444396973,5.090435028076172,5.154458999633789,5.193144798278809,5.223721504211426,5
0.788797031536087,13.21642599488269,0.3717830931499214,2.697382188576218,2.083835941560209,0.7850658893585205,2.0576250553131104,2.856416940689087,3.299741506576538,3.5811245441436768,3.7843496799468994,3.938526391983032,4.069529533386231,22
0.9106180970314792,3.1697691459238952,6.6890244616795815,2.94269907575154,2.508211042771995,1.054704666137695,3.032292366027832,4.462480545043945,5.213196754455566,5.662409782409668,6.017558097839356,6.29176139831543,6.499313354492188,6
0.8989643110360166,14.056127722860994,0.0046458105455965,2.882701384448741,2.1050340773283143,0.6882610321044922,1.7370424270629885,2.412947177886963,2.8172531127929688,3.09506893157959,3.30588960647583,3.4750547409057617,3.616130352020264,18
0.7752120872105615,1.233538613366688,2.167629004273834,2.757665104788392,2.6949005219122184,1.2370834350585938,3.923886299133301,6.501964569091797,8.130301475524902,8.87308406829834,9.179102897644045,9.407153129577637,9.611950874328612,13
0.5612835422195288,10.833928467300764,0.1081455427004599,2.8875959209091224,2.2560393977327333,1.0342204570770264,3.0227108001708984,4.514072895050049,5.252501964569092,5.620579242706299,5.887983798980713,6.089804172515869,6.230002880096436,5
0.8941409466344973,3.762944109859757,0.0030173506304142,2.067904391876011,2.5993488129842817,1.004298210144043,2.925467729568481,4.289325714111328,4.952863693237305,5.301722526550293,5.531548500061035,5.698343276977539,5.8410234451293945,5
0.866007719416567,1.1895125050735431,0.0371797787554321,2.640767136432725,2.8772077536572964,1.230247974395752,3.8600645065307617,6.287062168121338,7.740798473358154,8.444822311401367,8.82420539855957,9.119482040405272,9.377460479736328,12
0.6376497266370821,226.803994474349,0.0031483330032274,2.8296363011659444,2.0490142195289245,0.1847071647644043,0.3109605312347412,0.4338104724884033,0.54642653465271,0.649214506149292,0.7448315620422363,0.8330597877502441,0.9146759510040284,15
0.990738078593098,2.413044812550749,0.0067280035603133,2.085299142035379,2.296328140341119,0.9876832962036132,2.7580487728118896,3.926934480667114,4.528789520263672,4.886431694030762,5.141361236572266,5.333137512207031,5.475545883178711,5
0.9012772398890236,8.14961100301333,0.2550194987372927,2.037655271438352,2.207615520343165,0.8036956787109375,2.1214332580566406,2.9236202239990234,3.341834545135498,3.5979599952697754,3.781305313110352,3.924291610717773,4.045111179351807,22
0.3582943562432953,12.965731309967914,0.021479414938973,2.828891840188818,2.070065641234847,1.078580379486084,3.290367841720581,5.26148796081543,6.394033432006836,6.791007041931152,6.919584274291992,7.0296173095703125,7.111858367919922,5
0.3964788621308535,0.747774857318656,22.525073317129568,2.0158315736864374,2.972786317539132,1.1775200366973877,3.9872870445251465,7.318782329559326,10.275106430053713,12.277772903442385,12.478033065795898,12.47882843017578,12.479623794555664,14
0.6068705161979587,2.111327669966957,225.1025795429687,2.029286498038148,2.156155739032564,0.6217405796051025,1.7431790828704834,2.4615478515625,2.574148654937744,2.575343608856201,2.5764217376708984,2.57534122467041,2.575711250305176,1
0.3152983761559602,2.456259342999964,0.1367217243811814,2.989770223031481,2.246534362340334,1.2387628555297852,4.068178176879883,7.258785247802734,10.020150184631348,11.75661563873291,11.825018882751465,11.832225799560549,11.838418006896973,12
0.7804637437323226,219.333440485686,0.3396875175278239,2.3422711557423037,2.5300448793807138,0.1812231540679931,0.3127164840698242,0.4410068988800049,0.5624125003814697,0.6757371425628662,0.7825846672058105,0.8825733661651611,0.976370334625244,15
0.6525326239835757,108.87825937278308,0.0086666388708622,2.281723201553504,2.581449181776869,0.3833296298980713,0.8214733600616455,1.150294303894043,1.3985495567321775,1.595141887664795,1.7567498683929443,1.8939006328582764,2.0131170749664307,8
0.4045287306073569,11.163322552044772,0.8674450039599143,2.8854707210732973,2.1612315390640844,1.0878005027770996,3.307781219482422,5.267089366912842,6.373165607452393,6.772363185882568,6.933187007904053,7.067440509796143,7.170126438140869,5
0.8803457203338334,38.957153335365895,0.0114631949852892,2.9895265883508952,2.4563198335118206,0.5207231044769287,1.2325358390808103,1.746450901031494,2.0929455757141118,2.3478264808654785,2.55195951461792,2.7219390869140625,2.867499828338623,18
0.6605720247570662,92.05336875469412,0.5423948018766949,2.763637050500793,2.38821563627664,0.4244544506072998,0.9462883472442628,1.3280563354492188,1.5973377227783203,1.802145004272461,1.9688386917114256,2.1094746589660645,2.229743003845215,18
0.4473338628077155,133.25600244135418,0.9354721093100182,2.2631402169962733,2.622177965785459,0.4770448207855224,1.1637938022613523,1.6032569408416748,1.8423268795013428,2.0087902545928955,2.1358425617218018,2.247694253921509,2.339853048324585,18
0.9167632328229962,233.4897671205724,0.4478869274703199,2.445341133130447,2.206249430953215,0.1380207538604736,0.2368638515472412,0.32930588722229,0.4198155403137207,0.5081543922424316,0.5928685665130615,0.6738860607147217,0.7513446807861328,15
0.8346945048619238,1.7693722684522246,0.0056625723201457,2.895396632628308,2.3002055068111025,1.1440348625183103,3.396378517150879,5.180009365081787,6.149182796478272,6.673768520355225,7.08711576461792,7.464148044586182,7.764448642730713,5
0.7279409418520558,1.0710600085873228,10.43909475639803,2.339310080601618,2.236665061169759,1.1437151432037354,3.598528385162353,5.923224449157715,7.393105506896973,8.001185417175293,8.186997413635254,8.289216995239258,8.368256568908691,14
0.4096119688492226,141.66195499598143,0.0113601220922438,2.5868028617361523,2.618782864874689,0.5000348091125488,1.240170955657959,1.7149593830108645,1.9573333263397217,2.1166741847991943,2.238888025283813,2.3451216220855717,2.435267686843872,18
0.4021517154608359,2.351211146976061,104.1181614731023,2.102187988868061,2.9718940937819247,0.9602882862091064,3.101114511489868,5.247690200805664,6.778351783752441,7.292259216308594,7.291420936584473,7.2914228439331055,7.2914228439331055,7
0.3672353677188523,20.726401119256884,0.2372800085496956,2.315533349753057,2.745647472293313,1.0668056011199951,3.335836410522461,5.382494926452637,6.548946380615234,6.909457206726074,6.991358757019043,7.034975051879883,7.070640563964844,5
0.7475389419047902,1.665428081060893,43.30696999291349,2.028899210775837,2.1671775549958654,0.9895546436309814,2.9973039627075195,4.64462423324585,5.48607349395752,5.750114917755127,5.80499792098999,5.8226237297058105,5.830108165740967,7
0.986285822492894,117.74294907134215,0.0051025754316293,2.015142085950062,2.0202735796671454,0.1707799434661865,0.3155663013458252,0.4536097049713135,0.5835764408111572,0.7038259506225586,0.8157773017883301,0.919872522354126,1.015955924987793,15
0.525896555016919,1.777449260489214,0.0499120515563072,2.485195512235855,2.9628296425142797,1.2711384296417236,4.2427167892456055,7.632951259613037,10.372842788696287,11.927349090576172,12.039793014526367,12.049633026123049,12.057992935180664,12
0.7022278538494926,1.6849424364687953,267.22357855528526,2.876420456820855,2.105421212459269,0.5661077499389648,1.5307154655456543,2.1127657890319824,2.18399715423584,2.184442043304444,2.1834115982055664,2.1847238540649414,2.184539318084717,1
0.5100615127133644,0.8433323156196961,11.269265478751702,2.527934837703282,2.212543279342542,1.1823766231536863,3.842764854431152,6.745796203613281,9.121200561523438,10.254773139953612,10.270624160766602,10.273674964904783,10.276347160339355,14
0.3545160274308072,24.499050940590507,0.0655187296176162,2.110729188919642,2.9075012536038027,1.034435510635376,3.2806427478790283,5.345212936401367,6.536630630493164,6.891403198242188,6.950529098510742,6.983936309814453,7.009026527404785,5
0.7872459434433822,1.4856557974846945,219.71320999565484,2.3816623729706907,2.2553708720272505,0.6641209125518799,1.8950893878936768,2.740501165390014,2.9690496921539307,2.9707491397857666,2.970529317855835,2.969874620437622,2.970586061477661,1
0.5460606622574573,88.37389883608185,0.0073995330131914,2.637041653868425,2.6974976972686218,0.5556588172912598,1.4133710861206057,1.9801616668701167,2.2866225242614746,2.4888620376586914,2.6439380645751958,2.772462844848633,2.8839964866638184,18
0.5336124440404055,87.48258883570301,0.9399260935328616,2.8768971451363585,2.566105481496754,0.5618195533752441,1.428539752960205,2.005070686340332,2.31534194946289,2.515291690826416,2.669264316558838,2.798140048980713,2.9063549041748047,18
0.5387242424446462,58.30601272780123,0.0185053876835608,2.670375769183404,2.388206950546459,0.6469943523406982,1.7174696922302246,2.393010139465332,2.7300257682800293,2.92387056350708,3.06990385055542,3.184621334075928,3.288125991821289,22
0.8964934867163938,2.943950550631455,0.0157792474193478,2.4464611959831464,2.8317616481874146,1.096992015838623,3.276865005493164,4.968100547790527,5.850233554840088,6.296511173248291,6.608730792999268,6.849815845489502,7.030133724212647,5
0.9018236620344944,19.4205219453458,0.0134202942818255,2.647475373710649,2.575502021935756,0.6808576583862305,1.7608914375305176,2.464261054992676,2.8741626739501958,3.150770664215088,3.361628532409668,3.53488826751709,3.682432174682617,22
0.9772378854817488,22.654290247230023,0.0232688735106652,2.646839575872638,2.6123319466376564,0.5925295352935791,1.4532666206359863,2.042301654815674,2.4203052520751958,2.691673755645752,2.907198905944824,3.084959983825684,3.238349914550781,18
0.796574635221382,122.8819718377728,0.8380497742191009,2.990005848635665,2.5081176666383893,0.3073318004608154,0.5994706153869629,0.8540654182434082,1.0753812789916992,1.2668523788452148,1.4342875480651855,1.581804275512695,1.712228298187256,8
0.3990226732652663,10.159667235834483,0.8630327000932929,2.361031538503675,2.9814635087312893,1.169365406036377,3.791419982910156,6.506710052490234,8.379515647888184,9.167884826660156,9.288385391235352,9.30386734008789,9.31938362121582,13
0.8048223552953534,16.014309055001238,0.0574049780742172,2.983006873449869,2.0159573572245915,0.7173993587493896,1.8385257720947263,2.55118179321289,2.966989517211914,3.242704391479492,3.4470582008361816,3.6094603538513184,3.740978717803955,22
0.4686693795881143,8.990732308888822,0.0112000936168749,2.744274713593363,2.175476042363161,1.08514666557312,3.2819712162017822,5.148891448974609,6.1577558517456055,6.5474042892456055,6.746108055114746,6.8978471755981445,7.009202003479004,5
0.7225220019609696,4.342802257595015,215.27540710368308,2.8670202639074867,2.0544415940099268,0.5936954021453857,1.6042859554290771,2.2122137546539307,2.361132860183716,2.365313768386841,2.365254163742065,2.3650848865509038,2.364686250686645,1
0.7175912690070998,1.3947367155770558,1.553710042363497,2.099507117090821,2.3621761711981613,1.15848970413208,3.684103727340698,6.057557106018066,7.524935722351074,8.155932426452637,8.353250503540039,8.465544700622559,8.568764686584473,13
0.4807628787132047,1.0577065526318044,3.3322475327169485,2.7062863172919567,2.0979350374843158,1.192833423614502,3.860565900802612,6.76910400390625,9.12285041809082,10.56130599975586,10.65789794921875,10.664788246154783,10.67071533203125,14
0.8906039621645035,94.00752189950764,0.0035711948298865,2.906715731633554,2.929878850825152,0.3594367504119873,0.7265806198120117,1.0416829586029053,1.3105039596557615,1.539226531982422,1.7362594604492188,1.9066452980041504,2.055812358856201,8
0.8648160301825987,54.72612873036391,0.1324569982118938,2.2434946466837027,2.76597921114646,0.4409523010253906,0.9922349452972412,1.4046835899353027,1.7121014595031738,1.9514374732971191,2.1466612815856934,2.311007499694824,2.452287197113037,18
0.4906449165883859,4.569935597889426,31.551989103659487,2.321014632895862,2.152636546680175,1.0359275341033936,3.191336154937744,5.114051342010498,6.229343414306641,6.573258399963379,6.618738174438477,6.635551452636719,6.643004417419434,7
0.6803405530791053,9.170705689893063,0.0045672893604045,2.967078865762087,2.1561554010028656,0.9660751819610596,2.700183868408203,3.876157283782959,4.48003625869751,4.8467230796813965,5.130963325500488,5.337308883666992,5.495577812194824,5
0.995849474075962,21.469682497563607,0.0300572140547975,2.077956686616937,2.192845630372436,0.5135130882263184,1.1922194957733154,1.652442216873169,1.963099718093872,2.1961934566497803,2.382525682449341,2.5376198291778564,2.670386552810669,18
0.7962417813494573,3.310286850882161,1.9641849140634624,2.532273399363977,2.307489586852549,1.0774078369140625,3.160019397735596,4.707425117492676,5.502875328063965,5.933969497680664,6.247856140136719,6.488252639770508,6.664050102233887,6
0.7955755859317585,4.654597305168695,75.02311826369494,2.5456133599415107,2.8167072347781748,0.9330475330352784,2.809432029724121,4.300224304199219,5.039996147155762,5.315193176269531,5.430995941162109,5.480095863342285,5.507465362548828,7
0.9147647289710266,10.401499292958452,0.0044411809392651,2.6789799999262893,2.9943807239031544,0.8621606826782227,2.421664237976074,3.482208728790283,4.0521769523620605,4.390507221221924,4.636507987976074,4.824697494506836,4.97744607925415,22
0.5813272399277498,2.847755007230055,120.2954278399186,2.308912879702511,2.695760679573275,0.9048089981079102,2.8029184341430664,4.502155303955078,5.422396183013916,5.586761474609375,5.5988287925720215,5.5991950035095215,5.599270343780518,7
0.3566763622947312,4.922752113752927,7.788743015174678,2.4825949913660104,2.635336110576689,1.206420660018921,3.957724094390869,6.992896556854248,9.364891052246094,10.599836349487305,10.6824951171875,10.686355590820312,10.689849853515623,14
0.647187772280638,1.063045566469404,7.593780769422774,2.183076762281189,2.147285237518361,1.1485753059387207,3.66867733001709,6.185452938079834,7.939993381500244,8.73472785949707,8.896997451782227,8.906206130981445,8.915552139282227,14
0.4628955097143292,1.3624314714459456,4.293841837967248,2.516087055500286,2.8362374394844307,1.268221378326416,4.244539260864258,7.710076332092285,10.706083297729492,12.483786582946776,12.542719841003418,12.54644775390625,12.54970359802246,14
0.6967890460084549,2.1996375437290974,0.1359351851365234,2.385135874450571,2.987274935019957,1.2170019149780271,3.9041693210601807,6.57144832611084,8.258252143859863,9.016767501831056,9.2915620803833,9.438883781433104,9.558172225952148,12
0.7137623034420987,91.42894398597764,0.160101535135204,2.3889100050014163,2.06714089429866,0.3370347023010254,0.6953377723693848,0.9755029678344728,1.1965322494506836,1.3749473094940186,1.5242903232574463,1.6519825458526611,1.7618014812469482,8
0.6647664747719172,25.228759086125816,0.0059225856806689,2.943052345467988,2.96012386194715,0.8586540222167969,2.4718403816223145,3.613828182220459,4.202251434326172,4.511676788330078,4.719717025756836,4.877398490905762,4.996777057647705,22
0.6946639256661957,1.4537420632465303,1.6232888049646037,2.896045589453692,2.5886162235198458,1.2397236824035645,3.953951358795166,6.64574670791626,8.433767318725586,9.22464370727539,9.462427139282228,9.620847702026367,9.79334831237793,13
0.8671975504383594,1.5615300211811785,104.96858382098584,2.7822994019888103,2.992853982178836,0.9724953174591064,3.0038766860961914,4.795838356018066,5.7940168380737305,6.10832405090332,6.202680587768555,6.229969024658203,6.230995178222656,7
0.7268229144577607,1.0806400002398104,30.381287108652536,2.8065947326009173,2.4273353266793096,1.128807783126831,3.548570156097412,5.850628852844238,7.322356224060059,7.910133361816406,8.054413795471191,8.12369441986084,8.1763916015625,14
0.3385202260540358,13.081575828610028,0.0109770537729348,2.351487779998481,2.784635606722496,1.153794765472412,3.733154296875,6.37413215637207,8.205487251281738,8.957213401794434,9.042244911193848,9.05327033996582,9.064497947692873,12
0.5193440550304607,169.3900825882769,0.298294925930036,2.6140353061761585,2.48619421838327,0.3468999862670898,0.7065463066101074,0.976961612701416,1.1863524913787842,1.3556547164916992,1.497870683670044,1.6191904544830322,1.7249314785003662,8
0.930247160951299,1.9133868070695272,0.0961306362685214,2.180685723282192,2.700274330444098,1.0998497009277344,3.3173553943634038,5.0542192459106445,5.958067893981934,6.41411018371582,6.705794334411621,6.931406021118164,7.101189613342285,5
0.6796487661866386,2.6066798751957565,0.1093074909972555,2.549059778608536,2.944167296234895,1.2209813594818115,3.900201797485352,6.525635719299316,8.177239418029785,8.915360450744629,9.189949989318848,9.349230766296388,9.492977142333984,12
0.835555785698244,197.6084553836649,1.8665240722536411,2.296007799867426,2.557549106074043,0.1802902221679687,0.3161103725433349,0.4476735591888428,0.572777271270752,0.6893272399902344,0.7994499206542969,0.9023323059082032,0.9990708827972412,15
0.7618724580051235,1.018700018380092,84.87947044493812,2.655107165869024,2.9075382071701674,1.037966012954712,3.2790656089782715,5.43295431137085,6.828619480133057,7.314306735992432,7.343336582183838,7.352530002593994,7.353808879852295,7
0.3885000014332778,121.73674603945652,0.009650385999753,2.3377428325228906,2.5165790697908133,0.5494282245635986,1.4312925338745115,1.9716477394104004,2.211900234222412,2.349454402923584,2.458869457244873,2.5525870323181152,2.6330480575561523,18
0.5140621075998163,1.1332787032027696,0.0218349109217493,2.137590173762372,2.00273818998943,1.1644251346588137,3.778125047683716,6.549062728881836,8.734041213989258,9.701513290405272,9.721101760864258,9.729008674621582,9.735640525817873,12
0.6151470018281093,1.0137858441603749,0.0073646773296527,2.679963201597451,2.4763630500874885,1.2470169067382812,4.077713489532471,7.140312671661377,9.502382278442385,10.685550689697266,10.815134048461914,10.82481575012207,10.832735061645508,12
0.8241124909414851,93.53786308876012,0.0590657548227817,2.992604352167934,2.0125072585821098,0.2880921363830566,0.5737495422363281,0.8198504447937012,1.0295941829681396,1.2080588340759275,1.3622369766235352,1.4965615272521973,1.6157350540161133,8
0.5816739841657073,5.2992859891025335,1.581733333277688,2.7957257961944464,2.7393670739026232,1.1786527633666992,3.6802005767822266,5.993429183959961,7.361736297607422,7.919515609741211,8.150290489196777,8.322508811950684,8.467832565307617,13
0.5542483595659539,1.7525421186795556,151.7183324037486,2.0910262205044474,2.171190701620631,0.759453535079956,2.2290561199188232,3.3491952419281006,3.7054927349090576,3.726503133773804,3.726698160171509,3.726596593856812,3.726763010025024,23
0.7726278746948029,5.726131834510004,1.3048724150598132,2.8078776814567536,2.7033706348068938,1.06844162940979,3.158696174621582,4.75229549407959,5.573322296142578,5.995905876159668,6.302692413330078,6.538727760314941,6.711236953735352,5
0.9851320019642964,3.114747371743108,0.0088946056205886,2.1917247905511763,2.979186312730447,1.0185482501983645,3.0089802742004395,4.486117362976074,5.232480525970459,5.621786117553711,5.8854193687438965,6.086670398712158,6.238987445831299,5
0.714484438412478,2.1034530808517493,2.6919116115507924,2.5987722052860702,2.8384937833338704,1.216413497924805,3.8653275966644287,6.405956268310547,7.974872589111328,8.681609153747559,8.962407112121582,9.142569541931152,9.301514625549316,14
0.3526669387339491,6.672183837848479,0.85769378283896,2.858683725072487,2.500658221065096,1.2175657749176023,3.938749074935913,6.842151641845703,9.03171730041504,10.124072074890137,10.31108283996582,10.317819595336914,10.323765754699709,13
0.4655120702760494,1.3030783526505891,169.9486992376331,2.971894395891093,2.065540714356657,0.74165940284729,2.150275707244873,3.2035489082336426,3.5624070167541504,3.6293325424194336,3.630750179290772,3.6306848526000977,3.630687713623047,23
0.9265239479217634,8.158076561924592,0.1588192405604498,2.152919444362715,2.8396233849853774,0.8547573089599609,2.4170916080474854,3.4489176273345947,3.973132371902466,4.2690277099609375,4.479501724243164,4.644732475280762,4.779613494873047,22
0.476595607065714,26.2084534077138,0.03692317018623,2.538043414882535,2.9074825066913013,0.9757182598114014,2.958045959472656,4.5548529624938965,5.34131383895874,5.633144378662109,5.788689613342285,5.883456230163574,5.950677871704102,5
0.3671162745688162,57.80911190790508,0.0168346832058047,2.789573843507038,2.6700476626024106,0.8461384773254395,2.485219955444336,3.694901943206787,4.254223823547363,4.484838962554932,4.595517158508301,4.675511837005615,4.738841533660889,22
0.6828669134196984,7.804729884065172,0.0045749781199484,2.1993431989559444,2.913765708666744,1.0458686351776123,3.196499824523926,4.925948619842529,5.807695865631104,6.164051532745361,6.361560344696045,6.491588115692139,6.605696201324463,5
0.3064320769613921,264.18406129674395,0.636813930078293,2.304194404694101,2.809874447858214,0.3745322227478027,0.8072385787963867,1.089343786239624,1.2652318477630615,1.3957600593566897,1.5039522647857666,1.593407154083252,1.6685216426849363,8
0.8440044933233743,12.640765706916383,0.0355255375927978,2.8109356868774267,2.096926590866719,0.7555925846099854,1.9519462585449217,2.7082104682922363,3.144953727722168,3.431459426879883,3.641091346740722,3.806415557861328,3.938786506652832,22
0.3025704240652169,85.70159754866631,0.2075338637113377,2.7094583507811256,2.4485789016537955,0.7560195922851562,2.1650807857513428,3.142296075820923,3.562980890274048,3.72233510017395,3.8086206912994394,3.869741201400757,3.921796560287476,22
0.8428959138992653,1.080640912670872,376.1007745651498,2.965996283964191,2.9253724320707097,0.5854392051696777,1.6388163566589355,2.4254159927368164,2.628746032714844,2.6283345222473145,2.6292052268981934,2.63089370727539,2.628772258758545,1
0.5250314997608995,12.988155351099511,0.0264146825319132,2.293539843658264,2.7007363715043957,1.0485687255859375,3.2163565158843994,5.008469581604004,5.928027153015137,6.262444496154785,6.414173126220703,6.512885093688965,6.59669303894043,5
0.5205724678763064,46.8030020152888,0.4897383875887976,2.9325128203791664,2.716683690469285,0.7828800678253174,2.219876766204834,3.208406448364258,3.6921348571777344,3.934879302978516,4.093814849853516,4.206775665283203,4.309706687927246,22
0.8299252811569213,11.127559195490283,0.0145393889414374,2.1122723063417363,2.269715851940136,0.8008344173431396,2.141662359237671,2.9663102626800537,3.385019063949585,3.634796380996704,3.810931921005249,3.9524762630462646,4.061628341674805,22
0.8873842303636831,7.258620552587457,0.0033642512164686,2.5244069079283022,2.911570516680598,0.9472696781158448,2.728854179382324,3.986790180206299,4.633814811706543,4.987947940826416,5.234574317932129,5.428581237792969,5.581211090087891,5
0.612582538878431,10.170012887635876,0.0554474155174461,2.8843326862464185,2.2263638154011494,1.0020368099212646,2.86421012878418,4.197942733764648,4.859913349151611,5.224968433380127,5.496959209442139,5.7042317390441895,5.853394985198975,5
0.7221350863877447,2.484894943166891,111.61253011985134,2.176781693443096,2.5045965613852585,0.8722937107086182,2.6474311351776123,4.1096696853637695,4.78519344329834,4.905966758728027,4.919072151184082,4.919328689575195,4.919380187988281,23
0.7397162825752396,119.87152421954772,0.0155503008637419,2.336023776643619,2.715300663667762,0.326077938079834,0.6534664630889893,0.9265093803405762,1.1555862426757812,1.3486599922180176,1.5142390727996826,1.657745361328125,1.784470558166504,8
0.3846183227304574,1.1182016584339582,313.1253471250915,2.4017066473715376,2.5627360573459077,0.6044211387634277,1.7208774089813232,2.5273773670196533,2.6942126750946045,2.696680784225464,2.696005582809448,2.6966712474823,2.698168992996216,1
0.3444461735822688,211.31899871524865,0.0901271403606527,2.0469761822504604,2.5490423885593687,0.3757779598236084,0.8210704326629639,1.106821060180664,1.282055377960205,1.412118673324585,1.5192360877990725,1.606569528579712,1.6811823844909668,8
0.4593116981973828,6.248094791560252,0.0030089773797222,2.780105444783097,2.8274889758816766,1.224250316619873,3.9418673515319824,6.740874290466309,8.685868263244629,9.52879238128662,9.680185317993164,9.724247932434082,9.789278030395508,12
0.8572261007294507,6.925006839178938,0.2503674825382453,2.320250589777268,2.8305913982851694,0.9583456516265868,2.7865724563598637,4.083518028259277,4.72837495803833,5.070139408111572,5.298134326934815,5.465950965881348,5.606899261474609,5
0.8894903994991366,43.994272686249765,0.2709442835370172,2.178513060456849,2.739192473084421,0.4677917957305908,1.075786590576172,1.5145339965820312,1.8297691345214844,2.070101499557495,2.2652428150177,2.4281818866729736,2.568578004837036,18
0.4457016825610629,75.28701885284575,0.0329373173200082,2.1167160194651617,2.4774996672738454,0.6303513050079346,1.708672046661377,2.3569018840789795,2.633034467697144,2.78252387046814,2.888061761856079,2.981823205947876,3.061785936355591,22
0.5496998970068765,10.39687539916657,0.0829079711287155,2.7388349101573786,2.509446575391264,1.0807368755340576,3.2590291500091557,5.029623985290527,5.941337585449219,6.322673797607422,6.553606033325195,6.72716236114502,6.862570762634277,5
0.6696792238710156,0.7425016697613342,133.77029348098677,2.4496306637909013,2.0029097836318157,0.7903025150299072,2.3222875595092773,3.4931206703186035,3.9136805534362793,3.975861072540283,3.978733539581299,3.978790283203125,3.9788694381713863,23
0.7696160097226372,1.3264561728884354,2.57046585303219,2.626894349505121,2.561355693063815,1.21299147605896,3.820373058319092,6.270116329193115,7.770473957061768,8.441661834716797,8.728385925292969,8.950906753540039,9.132144927978516,14
0.7739121454337073,116.35912101621452,0.0106894946815559,2.8903820796349846,2.5842513903721795,0.3335094451904297,0.668250560760498,0.9496805667877196,1.1878085136413574,1.3890438079833984,1.561842441558838,1.711648941040039,1.8435077667236328,8
0.9187104949260684,17.855923497501443,0.1140734766659487,2.2084881084937464,2.4643332289043203,0.6492233276367188,1.64880108833313,2.274656295776367,2.640439987182617,2.8893074989318848,3.0822668075561523,3.241093158721924,3.375701427459717,18
0.9462336240669948,3.4546269912231,28.2466663807225,2.8092717983278197,2.794814021646964,1.000286102294922,2.9145407676696777,4.328796863555908,5.06321907043457,5.454963684082031,5.725196838378906,5.924309730529785,6.064924240112305,7
0.884223874846956,0.797939089108386,157.43595563664272,2.3772908567173348,2.837563048287635,0.8599839210510254,2.6486117839813232,4.208980560302734,5.020533561706543,5.161092758178711,5.167336463928223,5.167215347290039,5.167172431945801,7
0.9107720237159396,2.888444119152592,243.02502369813485,2.9047954879891016,2.01490326103742,0.544144868850708,1.4255499839782717,1.932682037353516,2.028502941131592,2.0279316902160645,2.0275087356567383,2.027137756347656,2.0270700454711914,1
0.4294578804575067,2.020596773627044,378.6776237208708,2.859222594847756,2.0068306126154587,0.4130926132202148,0.949749231338501,1.1472463607788086,1.1445345878601074,1.146089792251587,1.14530611038208,1.145185470581055,1.1460692882537842,21
0.6718239241896853,0.9738077992657416,247.75968966567007,2.366556085759699,2.313086257680171,0.6468760967254639,1.8448081016540527,2.6850500106811523,2.887840747833252,2.8864340782165527,2.8854527473449707,2.886547088623047,2.886983871459961,1
0.3630824545958719,1.0706344054175998,20.482115688481525,2.081142172457522,2.16587026303366,1.1185023784637451,3.6533725261688232,6.404398918151856,8.632195472717285,9.99171543121338,10.119559288024902,10.120619773864746,10.12168025970459,14
0.5682850921625526,3.371941555582477,0.015857415649101,2.888497708844633,2.8927564278965727,1.2529444694519043,4.034946918487549,6.890097141265869,8.850032806396484,9.724077224731444,9.93062973022461,10.019975662231444,10.150474548339844,12
0.8099632757636729,1.1696484004217156,19.211993844474097,2.0608986121593333,2.872266089497354,1.1337730884552002,3.6380655765533447,6.035468101501465,7.521056175231934,8.150153160095215,8.346597671508789,8.412593841552734,8.451766967773438,14
0.4550992402684738,6.7349377187822,1.3506975165796842,2.136677759295735,2.463505936110438,1.130467653274536,3.604296922683716,5.992287635803223,7.524724960327148,8.096826553344727,8.186737060546875,8.221221923828125,8.253480911254883,13
0.6731888031546703,67.7073513154232,0.6205469190070919,2.231480921020181,2.2540719450974263,0.4582850933074951,1.0546205043792725,1.4564759731292725,1.7200400829315186,1.9142212867736816,2.0722227096557617,2.201197624206543,2.313113212585449,18
0.9255184454792368,146.64299337789842,0.3491692154319752,2.850378087866124,2.806639287890341,0.2499134540557861,0.4526541233062744,0.6489746570587158,0.831200122833252,0.9973831176757812,1.1508197784423828,1.291511297225952,1.4204065799713137,8
0.4908229751079549,57.861323330215725,0.0102316734173331,2.2629991257431623,2.4349393374516115,0.6818058490753174,1.868377447128296,2.60734486579895,2.935401201248169,3.103955030441284,3.225534200668335,3.317453622817993,3.4062955379486084,22
0.9987033821126068,107.00633100495472,0.03694166126341,2.187654695380552,2.740086766113545,0.2397756576538086,0.4499521255493164,0.6502139568328857,0.834519624710083,1.0021867752075195,1.155475378036499,1.294874906539917,1.421823501586914,8
0.5942967637312361,257.60648421759896,0.0034667854381758,2.3407265414479617,2.101069069153952,0.1663150787353515,0.2749519348144531,0.3801794052124023,0.4773166179656982,0.5669906139373779,0.6507022380828857,0.7283880710601807,0.8008859157562256,15
0.9621811013642768,7.460876085045161,152.4523028997222,2.3433211316115887,2.415321371540954,0.6186349391937256,1.6422560214996338,2.2828621864318848,2.5680322647094727,2.6924939155578613,2.7577366828918457,2.801961898803711,2.836949348449707,0
0.8809891360577755,40.3855002459172,0.056161249524659,2.5025057481046664,2.506179844680194,0.5021591186523438,1.1743624210357666,1.6515936851501465,1.97688627243042,2.220461845397949,2.4158802032470703,2.578869342803955,2.718606472015381,18
0.9814433123205248,17.528949255458937,0.8308599330066424,2.276063492810342,2.4740482485727977,0.613985538482666,1.5199530124664309,2.107829332351685,2.472210645675659,2.728492021560669,2.930988550186157,3.097459077835083,3.2392027378082275,18
0.5463810636962321,3.0720061985821854,0.1163872798379421,2.3450062550343045,2.10422404335934,1.1366724967956543,3.5596303939819336,5.8304548263549805,7.295200347900391,7.876056671142578,8.045463562011719,8.149434089660645,8.233071327209473,12
0.423333260827813,1.2140761942429783,16.08696330607798,2.9222843227152766,2.8631575077004614,1.2604985237121582,4.1842427253723145,7.568834781646728,10.496318817138672,12.35784149169922,12.496543884277344,12.498891830444336,12.501012802124023,14
0.827775457032885,1.8970403405485008,3.714858605810783,2.369539815235135,2.036523206108112,1.064213752746582,3.092905044555664,4.597302436828613,5.379458427429199,5.804671287536621,6.125480651855469,6.366467475891113,6.536985397338867,6
0.9373171445191896,222.90711106541372,0.0057755539793708,2.5677094741234168,2.6599944523830006,0.1696720123291015,0.2902665138244629,0.404895544052124,0.5220046043395996,0.6322226524353027,0.7363615036010742,0.8358237743377686,0.9301600456237792,15
0.5049015065552496,3.529811477910028,1.4162060176036126,2.171622833274968,2.568591108226855,1.1804471015930176,3.8412344455718994,6.616693496704102,8.562590599060059,9.447670936584473,9.59299373626709,9.604170799255373,9.621070861816406,13
0.4446327102059859,13.978253421045585,0.0232266549665031,2.441979982801907,2.7775680697623035,1.1030354499816897,3.444098949432373,5.5690789222717285,6.776904582977295,7.201550006866455,7.3280510902404785,7.40381383895874,7.458263874053955,5
0.891765464318871,116.22267415191048,0.0196914323628007,2.3854384170504765,2.2559449273589327,0.2384822368621826,0.4457848072052002,0.6390748023986816,0.8132834434509277,0.9696214199066162,1.110386610031128,1.2380437850952148,1.35286545753479,8
0.644460402677443,0.9149348130226144,2.0227095857470725,2.426181734715447,2.145668670349334,1.1841702461242676,3.8063223361968994,6.500253677368164,8.472846031188965,9.4073486328125,9.53546905517578,9.544405937194824,9.552118301391602,13
0.93727216813597,0.7791886446344712,1.7101677262575483,2.7749787843906955,2.2367558250544226,1.1606731414794922,3.4839649200439453,5.371565818786621,6.421534538269043,7.005943298339844,7.427089691162109,7.812963485717773,8.149600982666016,5
0.3307355576330293,1.2535832041754795,0.0054253863339941,2.936392693986457,2.929023866779426,1.319408893585205,4.4620866775512695,8.226329803466797,11.74015998840332,13.940502166748049,13.977771759033203,13.98385238647461,13.988954544067385,12
0.9353613750791656,3.859820730066673,123.97336800798668,2.025843186744441,2.7797722721297804,0.7689282894134521,2.261429786682129,3.3211612701416016,3.770620822906494,3.909637451171875,3.9443745613098153,3.9565563201904297,3.967764854431152,23
0.9718905941687443,111.94342112767782,0.0061401688602078,2.3368667786799504,2.735834510016871,0.2496860027313232,0.4676132202148437,0.6742827892303467,0.8632724285125732,1.0346262454986572,1.1904807090759275,1.332197666168213,1.4609856605529783,8
0.9496301529853892,27.133446048180627,0.0049872467945394,2.632451050657119,2.0805066527662577,0.4938156604766845,1.1468737125396729,1.6090264320373535,1.9230451583862305,2.1587252616882324,2.347062587738037,2.504319190979004,2.63936185836792,18
0.7954037916526883,0.72442761402067,0.0038940836263988,2.704863790997861,2.0030218392017174,1.1662564277648926,3.617367029190064,5.864619255065918,7.2866716384887695,7.913955688476562,8.21405029296875,8.436784744262695,8.612006187438965,12
0.6173305036373614,3.93702414636274,0.0478809833344676,2.797650990491778,2.094192173308133,1.1072185039520264,3.329969882965088,5.158193588256836,6.160160064697266,6.605857849121094,6.897887229919434,7.134284019470215,7.324375152587891,5
0.6927869823613548,140.15973204979713,0.0105220509468808,2.365000045056681,2.619269711206451,0.3021180629730224,0.5886166095733643,0.8315114974975586,1.0386595726013184,1.2155842781066897,1.3690848350524902,1.5038833618164062,1.622692346572876,8
0.6279687808959883,16.283444546337194,0.0326433273033364,2.2096363311665126,2.4333830822854097,0.8997707366943359,2.578185558319092,3.7286529541015625,4.257074356079102,4.505697250366211,4.659328937530518,4.774253845214844,4.868902206420898,22
0.8239501714988033,0.8119163018986072,6.619608015186439,2.3887855978905863,2.4647683065617905,1.1872341632843018,3.7538535594940186,6.182268142700195,7.678620338439941,8.337770462036133,8.610330581665039,8.78471565246582,8.921609878540039,14
0.4175803198439213,1.4530461696753318,180.33957130652104,2.610877777587261,2.09309529641584,0.7167916297912598,2.0649402141571045,3.042163133621216,3.345235109329224,3.371101140975952,3.371609926223755,3.3716752529144287,3.371551752090454,23
0.4276286833803122,1.9835204282868928,0.0075641460257001,2.6617897191184694,2.724013900857024,1.2744140625,4.2475457191467285,7.669071674346924,10.603200912475586,12.369258880615234,12.424406051635742,12.43235206604004,12.438932418823242,12
0.5942936094243739,2.5743532035886005,0.018049040639726,2.0757604563677936,2.8503702136138847,1.1921744346618652,3.90792727470398,6.733053207397461,8.673869132995605,9.532130241394045,9.700892448425291,9.734721183776855,9.775744438171388,12
0.5146231517941189,1.296841588867533,0.1550290874550102,2.8200481791915992,2.1010713544371846,1.1992762088775637,3.8561508655548096,6.701657295227051,8.907496452331543,9.92295742034912,9.961033821105955,9.96617317199707,9.970382690429688,12
0.3067951412427974,1.0185560993740812,2.0864350772567004,2.5437597745397293,2.766741214878549,1.2840428352355957,4.344080448150635,8.017736434936523,11.431880950927734,13.610099792480469,13.647212982177734,13.65310287475586,13.658170700073242,13
0.7970576034542133,219.2270977003032,0.0144102124753303,2.505616862987342,2.3162895877393983,0.1740658283233642,0.2980804443359375,0.4195420742034912,0.5344572067260742,0.6422176361083984,0.7437119483947754,0.8393900394439697,0.9286482334136964,15
0.546170771785326,6.776773037349814,1.0008670732783873,2.925124537041516,2.6451245576226503,1.165144443511963,3.617087841033936,5.835876941680908,7.127737522125244,7.6547160148620605,7.872445583343506,8.061969757080078,8.21922492980957,5
0.4035134042888252,103.70474067521532,0.7165154276561184,2.779635753916755,2.871210728754755,0.6505312919616699,1.801422119140625,2.583749294281006,2.9385690689086914,3.1113829612731934,3.232247829437256,3.32832145690918,3.412178039550781,22
0.9398762186937224,0.983329431670724,0.0111209331179824,2.0022550397212706,2.208969779488341,1.1049928665161133,3.303465843200684,5.003808498382568,5.907783031463623,6.37526273727417,6.686629772186279,6.929742336273193,7.106217861175537,5
0.3746531334459502,1.8735059670891587,2.532443360877312,2.392458842104051,2.11046779953085,1.179739236831665,3.8389527797698975,6.748887062072754,9.141897201538086,10.54980754852295,10.619012832641602,10.62596035003662,10.631990432739258,14
0.585919073476741,1.0499162206200905,1.635557890169364,2.063979567356904,2.6667735280557583,1.216834306716919,4.065370559692383,7.249700546264648,9.796958923339844,11.117454528808594,11.222101211547852,11.23013973236084,11.236895561218262,13
0.7816513487172103,62.822384771045975,0.0433667553762799,2.911423456061345,2.991139121142438,0.5206985473632812,1.2366647720336914,1.7606863975524902,2.1155920028686523,2.375777244567871,2.583469867706299,2.756652355194092,2.9055957794189453,18
0.3286047327071262,0.7255480836415789,0.2188099913435276,2.0257366730349604,2.69555507941037,1.238424301147461,4.240588665008545,7.8675360679626465,11.2679443359375,13.48430061340332,13.518274307250977,13.525409698486328,13.531452178955078,13
0.4313197043166946,3.284635494328716,0.6833560002002488,2.819735701019057,2.948446273270225,1.2845823764801023,4.25352954864502,7.610934257507324,10.319662094116213,11.832056999206545,11.965179443359377,11.971558570861816,11.97687530517578,13
0.3611936768165154,2.2590008964568806,0.6725403591667402,2.586160575934926,2.029886687778662,1.178908109664917,3.813103914260864,6.646285057067871,8.954583168029785,10.359624862670898,10.436524391174316,10.441943168640137,10.446561813354492,13
0.7618766430202807,41.52496630999553,0.0134556909373415,2.231706533769679,2.6159846934060376,0.5638241767883301,1.404848575592041,1.9473075866699217,2.2713069915771484,2.498084545135498,2.676297664642334,2.8218765258789062,2.947885036468506,18
0.5001842064787521,1.819211419330784,0.1370705600410993,2.446750946807973,2.073472839751416,1.1780593395233154,3.78147029876709,6.505801677703857,8.533998489379883,9.577478408813477,9.6944580078125,9.70030403137207,9.704978942871094,12
0.9927073344152856,22.227532690277283,0.0283023750371756,2.115320250916328,2.8746301739089,0.5716843605041504,1.419609785079956,1.9894936084747317,2.361202955245972,2.6306498050689697,2.84472393989563,3.0208423137664795,3.172132730484009,18
0.64989652195898,2.373044652988014,0.2443348358658947,2.986154291173313,2.5286328170243726,1.2197332382202148,3.835765838623047,6.3393144607543945,7.928300857543945,8.598774909973145,8.854371070861816,9.053183555603027,9.247658729553224,13
0.9418024015473124,129.17222961932367,0.0136229012037263,2.939970571007261,2.4595041393862984,0.2447261810302734,0.4519953727722168,0.6493990421295166,0.8301348686218262,0.9939658641815186,1.143606185913086,1.2798562049865725,1.404151439666748,8
0.556715410258679,90.20690929013897,0.0045576323371601,2.5141396980495254,2.807166726212305,0.5407741069793701,1.3649134635925293,1.909841060638428,2.21242094039917,2.4148941040039062,2.572558879852295,2.701291561126709,2.815592765808105,18
0.6942111767118156,23.31345040375947,0.0976609550176375,2.987499115755233,2.7339278719627025,0.827995777130127,2.3206753730773926,3.3369154930114746,3.8665413856506343,4.169323921203613,4.378089427947998,4.532495975494385,4.668139934539795,22
0.8478709939971216,183.924233208736,2.597832018003297,2.8959067567868586,2.3485244956401017,0.1995966434478759,0.3499488830566406,0.4973194599151611,0.6348536014556885,0.761955738067627,0.8811233043670654,0.9916188716888428,1.0946931838989258,15
0.4889289859423538,27.945116404757226,0.0952862445638073,2.9299403001962583,2.653849152428549,0.9439222812652588,2.773585319519043,4.148882389068604,4.825558185577393,5.129169940948486,5.3176445960998535,5.4381422996521,5.534318447113037,5
0.7851955890286509,0.7869975567204235,361.5190734499766,2.958662778561238,2.85595108479597,0.5984258651733398,1.6910104751586914,2.509639263153076,2.725769519805908,2.724697589874268,2.72597599029541,2.7274227142333984,2.7248358726501465,1
0.7725238473848527,298.7039118831134,0.0384377835757507,2.985205079976156,2.4672847734733923,0.1654944419860839,0.259545087814331,0.3551440238952636,0.4544272422790527,0.5471174716949463,0.6341488361358643,0.7177293300628662,0.797602653503418,15
0.8142231773853429,2.400783570557869,6.748724482127654,2.075461901786636,2.958279477240896,1.1137678623199463,3.4921209812164307,5.576981544494629,6.740912437438965,7.245108604431152,7.475584983825684,7.629825592041016,7.735053062438965,6
0.8571972933043186,9.42654596603948,0.3155563449333607,2.3869093976381945,2.9179793390225317,0.9017367362976074,2.5928475856781006,3.760868787765503,4.350539207458496,4.671689987182617,4.89375114440918,5.063838005065918,5.195490837097168,5
0.9716763319939709,18.040671746459328,0.0168829062709362,2.8778206950046537,2.564403650456468,0.6599836349487305,1.6700406074523926,2.3507943153381348,2.7696852684021,3.0605430603027344,3.285827159881592,3.4715323448181152,3.6318440437316895,18
0.5255101259540882,12.186361639910112,0.0299776779555896,2.344713198940771,2.0924552201733317,0.983452320098877,2.84393310546875,4.189112186431885,4.814831256866455,5.100941181182861,5.275087833404541,5.405985832214356,5.489123821258545,5
0.3393626607292766,45.51304138653811,0.122670098123478,2.612819068738686,2.175090265898993,0.8480148315429688,2.424656629562378,3.518649816513061,3.993554353713989,4.194275856018066,4.301843643188477,4.367658615112305,4.419856071472168,22
0.8518866598481145,33.490664412576045,0.0222394086126438,2.492236450526227,2.3757557354461545,0.5495171546936035,1.3287947177886963,1.8518028259277344,2.1851954460144043,2.4230008125305176,2.611956596374512,2.7680821418762207,2.9041190147399902,18
0.3315626067883316,123.02348647966691,0.0211096834000714,2.5699474687324875,2.7531129996921933,0.6445636749267578,1.8083012104034424,2.587840795516968,2.910012006759644,3.043915033340454,3.1384875774383545,3.2157742977142334,3.2840073108673096,22
0.7281153222073524,155.5983267253375,0.0286629816774767,2.907707044721102,2.653141838218967,0.2959804534912109,0.5622613430023193,0.7957959175109863,1.000826358795166,1.1801748275756836,1.338459014892578,1.4787464141845703,1.6040802001953125,8
0.6569121238028596,3.848843783216841,2.8141298211619272,2.1222477927852514,2.431890163636636,1.1007847785949707,3.383845090866089,5.316641807556152,6.357129096984863,6.773916244506836,6.95692253112793,7.09635066986084,7.190423011779785,6
0.8014860263449393,1.6432827478945196,13.263290002474044,2.2620035084061203,2.970351162475112,1.1586241722106934,3.683171510696411,6.050388336181641,7.4804182052612305,8.107332229614258,8.354131698608398,8.487713813781738,8.581998825073242,14
0.3939560106511872,2.110904223122425,3.2300067255303797,2.667830599752129,2.642825694692993,1.2603778839111328,4.18843936920166,7.550029277801514,10.43215560913086,12.111112594604492,12.16720199584961,12.17064094543457,12.173572540283203,14
0.605082900854045,1.994837649900232,0.3492760833843286,2.7937310197120597,2.6949182672517664,1.25370454788208,4.062943458557129,6.997828483581543,9.06002140045166,10.03825855255127,10.245508193969728,10.290907859802246,10.357389450073242,13
0.3738031153971618,76.23895179295386,0.0165117782285013,2.932128799084908,2.0056214124950067,0.6448092460632324,1.7164983749389648,2.3732056617736816,2.6767420768737797,2.833247184753418,2.946669101715088,3.035891532897949,3.1113858222961426,22
0.6224723406034138,82.15630656785379,0.0366381450424516,2.989557672254212,2.215282948260473,0.4563040733337402,1.0564231872558594,1.4777474403381348,1.751978874206543,1.9532012939453125,2.115314483642578,2.248080253601074,2.3628382682800293,18
0.966343453340522,50.31830659610768,0.054136104312649,2.291899942544392,2.6696130780676244,0.3994977474212646,0.8582549095153809,1.2251007556915283,1.5167300701141355,1.751528024673462,1.94708514213562,2.1138064861297607,2.2585837841033936,8
0.5710241749497307,1.7196945793620029,11.52149485150886,2.8891890008372068,2.194290802844137,1.166602611541748,3.6955819129943848,6.244997501373291,7.99805212020874,8.801433563232422,8.91346549987793,8.930627822875977,8.996662139892578,14
0.5372158643832344,4.702964181851338,0.0117933658357319,2.1966840292678778,2.3979276952534354,1.1400296688079834,3.595645904541016,5.883017063140869,7.274148464202881,7.806210041046143,7.950906276702881,8.037446975708008,8.108123779296875,5
0.658706487234104,3.3239830216826194,0.1065181654740204,2.160521719223665,2.63376062279587,1.1478965282440186,3.619773626327514,5.891721725463867,7.207832336425781,7.74127197265625,7.950987815856934,8.077258110046387,8.165997505187988,5
0.9038900631922936,5.682033340793906,0.0111043460844134,2.057896276092205,2.3731853161370946,0.9054062366485596,2.508772611618042,3.5434257984161377,4.053660392761231,4.351583480834961,4.552609443664551,4.715179443359375,4.836849212646484,22
0.4812744793195329,58.83503632577519,0.0238997939624772,2.1746488906835637,2.874574065649006,0.7205667495727539,2.0849497318267822,2.9998819828033447,3.394512414932251,3.5752527713775635,3.683509588241577,3.778299570083618,3.8601596355438232,22
0.6834802758665723,4.990579812923714,0.0075854862592357,2.135136832221985,2.0469737584465064,1.014416217803955,2.918003797531128,4.259243011474609,4.917619705200195,5.250843048095703,5.484114646911621,5.644936561584473,5.754595756530762,5
0.9435088832349576,9.431675125279313,0.1219385336175217,2.31932436409523,2.336767241373813,0.7739825248718262,2.0317955017089844,2.8148860931396484,3.2474308013916016,3.526980400085449,3.731947898864746,3.894021034240722,4.033105373382568,22
0.5537954808174046,4.124863308629186,0.2646900294978798,2.5644335560246385,2.831423896790368,1.2168846130371094,3.905583143234253,6.600301742553711,8.394745826721191,9.142903327941896,9.329792022705078,9.41318130493164,9.502288818359377,13
0.786782223889445,1.6826731050714023,1.5994805871918492,2.236377778488158,2.6878317594219308,1.172792673110962,3.7031850814819336,6.004096508026123,7.3571343421936035,7.952137470245361,8.232931137084961,8.415307998657227,8.556201934814453,13
0.7756090218915579,17.031027023122412,0.0205794016646079,2.353556150601751,2.966728718549416,0.8271424770355225,2.3722939491271973,3.4141650199890137,3.938234806060791,4.216259002685547,4.41027307510376,4.559070110321045,4.681127071380615,22
0.4442590688657644,0.9128251181659718,0.0723710674046922,2.4324662871095706,2.0410597912067945,1.187288522720337,3.8750479221344,6.813633918762207,9.294757843017578,10.807430267333984,10.887224197387695,10.89283847808838,10.897377967834473,12
0.9834225011801778,18.78598692433301,0.0830926849309548,2.4160527161733114,2.164095730322471,0.5606136322021484,1.336366891860962,1.8543527126312256,2.190474271774292,2.434072256088257,2.627094984054565,2.7871663570404053,2.923530340194702,18
0.3194986988129458,2.098411507570398,191.8421641898646,2.241345268713084,2.3856927788229507,0.7450928688049316,2.213325023651123,3.367067813873291,3.786678314208984,3.803183078765869,3.803071975708008,3.8024935722351074,3.802766799926758,23
0.8658490619250769,2.1060818869523987,0.016611553539288,2.7180016697589977,2.8979191937998543,1.181701421737671,3.6125152111053462,5.660893440246582,6.807704925537109,7.374715805053711,7.755695343017578,8.068619728088379,8.308355331420898,5
0.7825084230147414,6.841291372707974,254.1448174762024,2.0163620559822704,2.5617809453829827,0.5719053745269775,1.58075213432312,2.2314939498901367,2.379894256591797,2.3788557052612305,2.3778538703918457,2.3780527114868164,2.3787264823913574,1
0.6954797528766153,11.394818999735048,0.0918601306249724,2.282555579817359,2.2466618865272507,0.9087576866149902,2.540535688400269,3.62570595741272,4.142903327941895,4.418237686157227,4.607133865356445,4.740818023681641,4.845488548278809,22
0.5713820618187618,17.972288526742457,0.0984019386372707,2.2016480752233782,2.8708388141236205,0.9552130699157716,2.8760008811950684,4.354613780975342,5.049942970275879,5.319508075714111,5.454295158386231,5.564509868621826,5.644373893737793,5
0.4588504315250058,1.2870654250240638,0.0590054900675193,2.1094674328020626,2.361066539157499,1.2035470008850098,4.006866455078125,7.156505584716797,9.805134773254396,11.400402069091797,11.471497535705566,11.478407859802246,11.484212875366213,12
0.9038524792633336,10.064334604477995,0.0059776588470244,2.5577016268798505,2.0818279540529487,0.7579751014709473,1.9455223083496092,2.6885251998901367,3.115799903869629,3.393345355987549,3.5992884635925293,3.76435661315918,3.8986215591430655,22
0.4909405838545727,7.715858798564264,0.083249862930059,2.0796043681247443,2.4030972016129293,1.0932304859161377,3.415668249130249,5.49940299987793,6.672088623046875,7.088174819946289,7.194801330566406,7.263561248779297,7.313298225402832,5
0.393370367521669,2.8143673530876967,0.2162370822456325,2.2469518913563062,2.837485879679776,1.2450387477874756,4.174298286437988,7.573868751525879,10.443395614624023,12.15873908996582,12.240766525268556,12.246538162231444,12.25153636932373,13
0.873732980522564,45.38058132282921,0.6787800969383058,2.955528561708872,2.639488137653802,0.5114364624023438,1.200554370880127,1.7051191329956057,2.05191707611084,2.3093762397766118,2.516136646270752,2.688758850097656,2.837578773498535,18
0.9457488206155616,1.2886295757192283,3.9239139849663487,2.5289563531629646,2.977996961874158,1.1816139221191406,3.642800807952881,5.761832237243652,6.963413238525391,7.5600080490112305,7.929060935974121,8.229900360107422,8.457599639892578,14
0.3430815041044306,0.8956733088228161,48.495254685064246,2.829559160209465,2.37001528118934,1.1103274822235107,3.5521156787872314,6.159818649291992,8.188454627990723,9.17192268371582,9.237641334533691,9.237663269042969,9.237663269042969,14
0.9284140511174296,13.653932210085332,0.003544871191909,2.366898588014646,2.1500803183857515,0.6715779304504395,1.6856064796447754,2.3202176094055176,2.6909842491149902,2.9407010078430176,3.1319689750671387,3.290836811065674,3.422592163085937,18
0.9982967933511204,263.8391214822474,0.0248012056411623,2.57011138177298,2.0930501771700123,0.1166598796844482,0.2000832557678222,0.2730607986450195,0.345412015914917,0.4196252822875976,0.492227554321289,0.5613749027252197,0.6286280155181885,2
0.5370401123360087,135.6990132023356,0.0375710268015883,2.335711994531602,2.18672795876512,0.3536591529846191,0.7372181415557861,1.0151035785675049,1.220238208770752,1.381261110305786,1.51462721824646,1.6280698776245115,1.7229280471801758,8
0.5578834322906334,2.9262810440594538,0.1242431024522649,2.2842144012257517,2.6134735902266857,1.195878267288208,3.867518186569214,6.59325122833252,8.451266288757324,9.263612747192385,9.415040969848633,9.45936679840088,9.515840530395508,12
0.989616074941748,1.4559736169842112,0.9515936911887176,2.636338890256453,2.932949819207433,1.1611523628234863,3.4963436126708984,5.383743762969971,6.415516376495361,6.967419147491455,7.363270282745361,7.687754154205322,7.936779499053955,5
0.948558861048752,1.8321063246540403,0.2001665589628825,2.7789029413197577,2.034870373694919,1.0379951000213623,2.8796868324279785,4.123332977294922,4.810714244842529,5.294222831726074,5.683882713317871,5.994719505310059,6.221920967102051,5
0.4128536397835999,8.67696764379876,0.0033447155500842,2.441759720147047,2.3540511107409854,1.132002353668213,3.5526328086853027,5.844980716705322,7.290812969207764,7.824147701263428,7.921739101409912,7.98107385635376,8.038169860839844,5
0.4393145382883742,3.966659088849584,0.0871104330182431,2.273207064350117,2.4464184567899427,1.1916534900665283,3.878353357315064,6.7218780517578125,8.826513290405273,9.837759971618652,10.016831398010254,10.025501251220703,10.03294849395752,12
0.5484859271139482,58.56733997003772,0.0176289313745136,2.986083177845245,2.995377558737069,0.722928524017334,2.0264205932617188,2.927828788757324,3.3799757957458496,3.6213202476501465,3.78938102722168,3.918632030487061,4.033555030822754,22
0.6061438080067622,2.104705404690136,0.4394061457888973,2.141751247233504,2.3580027697716868,1.1672987937927246,3.740478754043579,6.270685195922852,7.946619987487793,8.653916358947754,8.812286376953125,8.87511157989502,8.937590599060059,13
0.4054758351235139,1.7891728234306423,97.22001667702372,2.33803093029067,2.4455998491570314,0.9509027004241944,2.9727892875671387,4.8874382972717285,6.10257625579834,6.367648124694824,6.367935180664063,6.36799430847168,6.36799430847168,7
0.614216523332885,15.259536872507883,0.392509866589501,2.175592927440821,2.181753824363401,0.8869900703430176,2.49310564994812,3.54700779914856,4.026057243347168,4.263201713562012,4.422624588012695,4.524457931518555,4.613363265991211,22
0.4258145229579413,3.015075332004222,0.0303177060714935,2.78503808060883,2.2140677090585434,1.2021465301513672,3.8733224868774414,6.708999633789063,8.879974365234375,9.87229347229004,9.91613483428955,9.921368598937988,9.926003456115724,12
0.9059804576984553,79.22814652183023,0.0169108835102295,2.212792761493053,2.775575257887064,0.3340468406677246,0.6794605255126953,0.9755666255950928,1.2259161472320557,1.4383196830749512,1.6204583644866943,1.778489112854004,1.9175033569335935,8
0.3324535795904818,4.207065088079731,0.5398847347257191,2.2287156032662616,2.4133201285957324,1.1969237327575684,3.9511680603027344,6.998733997344971,9.491495132446287,10.893136978149414,10.995786666870115,11.002145767211914,11.00770378112793,13
0.5082278975087207,2.1380736973534558,0.0318636981230378,2.025428782364483,2.625640810777326,1.2005128860473633,4.001003265380859,7.091394901275635,9.501659393310549,10.682388305664062,10.757137298583984,10.764198303222656,10.770179748535156,12
0.7754787125777309,1.1212564629921276,181.90334453881025,2.6039430393525125,2.2580354937041345,0.7415339946746826,2.158686876296997,3.2147367000579834,3.5948526859283447,3.644012212753296,3.6438262462615967,3.644057035446167,3.6441943645477295,23
0.9102376175295516,1.298925584205421,0.5621011443938736,2.4997268964364467,2.207420260144349,1.1203572750091553,3.2916746139526367,4.950847625732422,5.839774131774902,6.345485687255859,6.728228569030762,7.049362182617188,7.280191421508789,5
0.8844541943910271,144.59461316769404,0.0155309813357758,2.8883063159076667,2.525659299402597,0.2453904151916504,0.4492344856262207,0.643129825592041,0.8202416896820068,0.98138165473938,1.1285533905029297,1.2625741958618164,1.3845252990722656,8
0.4636886071238065,32.325250322607246,0.0111682675896092,2.333530648526695,2.740557570778821,0.9016127586364746,2.684169292449951,4.01769495010376,4.622373580932617,4.849531173706055,4.974606990814209,5.056560039520264,5.120266437530518,22
0.8124772194792798,2.616728254031538,0.1936719245037682,2.002540821905692,2.2622234721581083,1.0611097812652588,3.1445517539978027,4.69271993637085,5.479701042175293,5.86208963394165,6.109933376312256,6.2823872566223145,6.418297290802002,5
0.5216096290546,78.01542359075673,0.0032931495688452,2.471695363267958,2.4166417980741093,0.5654799938201904,1.4445083141326904,1.9927654266357424,2.2735276222229004,2.452958106994629,2.591148853302002,2.708897590637207,2.807260513305664,18
0.935503831268577,5.818483349244971,0.0127205856925996,2.7565264688795508,2.351319881764036,0.9062366485595704,2.451911449432373,3.463128089904785,4.02409553527832,4.390909194946289,4.656261920928955,4.864401817321777,5.034327507019043,5
0.9275842698834208,6.725196560149076,2.279596513543559,2.537725106105472,2.497763780686644,0.8936367034912109,2.46234130859375,3.49306869506836,4.048968315124512,4.380928039550781,4.619453430175781,4.802579402923584,4.955083847045898,22
0.470520742638543,0.7803172409102997,0.164942806686497,2.407513753799022,2.240065218902568,1.218170166015625,4.0255632400512695,7.1708269119262695,9.895478248596191,11.54161262512207,11.574264526367188,11.582788467407228,11.589970588684082,12
0.792007842869048,0.7690904289151325,54.64583616644847,2.3984290265854376,2.343216303899374,1.0368406772613523,3.223140954971313,5.211345672607422,6.395302772521973,6.765656471252441,6.805978775024414,6.817116737365723,6.819268226623535,7
0.5078275253167716,6.427422519013214,0.0821524101713317,2.3384673011557853,2.1447647237997267,1.0918514728546145,3.3435935974121094,5.27882194519043,6.356526374816895,6.757536888122559,6.922661781311035,7.042444229125977,7.119508743286133,5
0.6177991761347374,15.543447322146848,0.0052547102147245,2.645101232159668,2.375941651772424,0.9346282482147216,2.664876937866211,3.874164581298828,4.457481384277344,4.758970260620117,4.967878341674805,5.11414909362793,5.225927829742432,5
0.8041085453188777,6.894905607244451,145.92564400498793,2.5855846238941176,2.609234666950476,0.7392845153808594,2.118133783340454,3.081428289413452,3.493342161178589,3.637306928634644,3.677481412887573,3.690675973892212,3.702382802963257,23
0.7559131556032764,1.1388786861236082,0.3325899029587135,2.6636062866394448,2.557406900558128,1.2260282039642334,3.897064685821533,6.473147869110107,8.129077911376953,8.855768203735352,9.12628173828125,9.31595230102539,9.49915885925293,13
0.5148176709339798,0.9564071982270812,1.4447326762071937,2.863092723643861,2.277146137979882,1.2353417873382568,4.045295715332031,7.162601470947266,9.737130165100098,11.19048309326172,11.242115020751951,11.247686386108398,11.252368927001951,13
0.9939310474878338,6.235314622766504,1.9764816226622848,2.433454440374428,2.849278499792133,0.8888564109802246,2.48647689819336,3.557697296142578,4.128599166870117,4.470098972320557,4.719247341156006,4.9098405838012695,5.064987182617188,6
0.9760824842447444,16.467480946178412,0.0647132137399189,2.169437155421123,2.797699163164369,0.6520791053771973,1.681842803955078,2.340229749679565,2.7332122325897217,3.002617597579956,3.2097198963165283,3.3808858394622803,3.527066946029663,18
0.842990865520111,17.764694442374587,0.003005982837723,2.833801168227046,2.607610399677933,0.755504846572876,2.0187923908233643,2.842674493789673,3.3035647869110107,3.594060182571411,3.810234308242798,3.9832475185394287,4.130769729614258,22
0.6854865529777001,18.28657904045121,0.0929621674164812,2.45991986878243,2.3553987914040024,0.8245573043823242,2.263017177581787,3.1910829544067383,3.6512527465820312,3.909900665283203,4.080437660217285,4.2174601554870605,4.318708896636963,22
0.9759506659368484,43.140801744069655,1.644173969063666,2.164720349100796,2.99622145400648,0.4373183250427246,0.9805116653442384,1.3996336460113523,1.7216384410858154,1.9762966632843015,2.18580174446106,2.362644910812378,2.515064001083374,18
0.81010062754216,55.06100675635084,0.0453925821681754,2.3675875546907514,2.6977782584555943,0.4788341522216797,1.1120262145996094,1.5644915103912354,1.880683422088623,2.1180949211120605,2.30963134765625,2.469478130340576,2.605961799621582,18
0.5120432807331983,26.028233364733477,0.0490703980242752,2.6521885525232363,2.171609887303521,0.8494992256164551,2.369635581970215,3.3692660331726074,3.847740173339844,4.100074291229248,4.264954566955566,4.37310791015625,4.458547592163086,22
0.3855522563772295,0.8520802057825547,27.2812177407618,2.6625522975983804,2.1744615799880567,1.1261775493621826,3.6300158500671382,6.3231520652771,8.453733444213867,9.676324844360352,9.809545516967772,9.80988883972168,9.81015396118164,14
0.8386502052822488,15.4087917744812,0.0487044027443736,2.999119402264772,2.1985123371636077,0.7389085292816162,1.922590732574463,2.6838059425354004,3.123650550842285,3.411379337310791,3.6268019676208496,3.7950286865234375,3.941221714019776,22
0.9264425008729564,5.589823960847373,2.7174328026870245,2.560862338483121,2.399375830803586,0.9186251163482666,2.52004075050354,3.5719687938690186,4.1384992599487305,4.483206748962402,4.733583450317383,4.928074836730957,5.086071014404297,6
0.5575882617827855,19.199434401063435,0.0041434373612504,2.974942618331322,2.7457745083135725,0.9903302192687988,2.9193663597106934,4.394475936889648,5.128439903259277,5.4819746017456055,5.7044172286987305,5.861972808837891,5.984470367431641,5
0.648361386534841,0.9812019300361212,96.5278984066577,2.984040375157481,2.237088609197164,0.9290063381195068,2.8250274658203125,4.476879596710205,5.3533124923706055,5.531817436218262,5.568724632263184,5.584705352783203,5.585831642150879,7
0.469556650835141,0.8784323337179549,0.0461661957414232,2.2336182489637944,2.665956552201444,1.249039888381958,4.221644878387451,7.713260173797607,10.826826095581056,12.861316680908203,12.921154022216797,12.92759132385254,12.933012008666992,12
0.8995977271266766,14.810864745670749,0.0048981923914756,2.7381866212509465,2.5802741981407933,0.7533879280090332,1.9987194538116453,2.8102567195892334,3.2674033641815186,3.5644490718841557,3.785170793533325,3.9627864360809326,4.113338470458984,22
0.4788881644207091,1.181992750410264,0.1856398612233145,2.049267176362213,2.6787001737098985,1.221182107925415,4.130117893218994,7.508467197418213,10.447013854980469,12.279232025146484,12.34150505065918,12.348735809326172,12.354825973510742,12
0.8919212946895557,165.57418558229804,0.011955409772237,2.5351005443218964,2.3521589746134217,0.1938424110412597,0.3447089195251465,0.491023302078247,0.628244161605835,0.7558135986328125,0.8750553131103516,0.9856514930725098,1.089092493057251,15
0.7078299330326361,95.50694137827438,0.014434933668716,2.695798486395774,2.009690128237228,0.3293633460998535,0.6789460182189941,0.9549508094787598,1.1738011837005615,1.3513004779815674,1.4997122287750244,1.6279137134552002,1.738757848739624,8
0.9265140643554508,151.1378820281454,0.0059107191039226,2.210072198963078,2.43833081546648,0.1920289993286132,0.3461041450500488,0.4947748184204101,0.6348142623901367,0.765413761138916,0.8870670795440674,0.9997737407684326,1.1051180362701416,15
0.5725952668073893,292.13779541454727,0.0052623377619345,2.089602275333038,2.2387867928115623,0.1493377685546875,0.2442991733551025,0.3359212875366211,0.4214625358581543,0.5018970966339111,0.577096700668335,0.6479017734527588,0.7146148681640625,15
0.953301626765694,72.37657198632394,0.012767517731576,2.233670453195391,2.387780361275858,0.3037655353546142,0.6045167446136475,0.8689694404602051,1.096287965774536,1.2916157245635986,1.4611947536468506,1.6097290515899658,1.7408239841461182,8
0.5438913169638899,11.980112568756327,0.0056511640675548,2.964549942974488,2.316330809064846,1.0400681495666504,3.05657958984375,4.589889526367188,5.35279655456543,5.711369514465332,5.974062919616699,6.178540229797363,6.324581146240234,5
0.8038836925607495,5.733445636512252,66.86893274704039,2.792173731258872,2.7056768686718304,0.9183316230773926,2.697622299194336,4.039003372192383,4.702837467193604,5.000821113586426,5.159449100494385,5.2568769454956055,5.312292098999023,7
0.5317834185906465,0.8050082732381159,0.0482482103704466,2.070948183005286,2.959152733640776,1.248462438583374,4.253862380981445,7.83823299407959,11.031005859375,13.217784881591797,13.314115524291992,13.32098388671875,13.32664966583252,12
0.7099399942087254,42.4740265893687,0.059037574731484,2.0228199470067096,2.6969506607980027,0.5897679328918457,1.5286917686462402,2.1116538047790527,2.433472156524658,2.64860200881958,2.8134779930114746,2.949225425720215,3.068948268890381,18
0.5548225358555907,11.704768469462778,0.0080975466403222,2.96375014462044,2.134678395830956,1.0024678707122805,2.879342555999756,4.238545894622803,4.898990154266357,5.260246276855469,5.528409957885742,5.727372169494629,5.867877006530762,5
0.8576363426278499,1.2094185068169525,2.090240921833995,2.96813743396451,2.7066619096174547,1.2261075973510742,3.802372455596924,6.106624603271484,7.461477279663086,8.128084182739258,8.515677452087402,8.871044158935547,9.19045066833496,13
0.3970183679729656,0.9032347572430974,0.514549712479076,2.091028417235929,2.330170970577808,1.211812973022461,4.063628196716309,7.355896949768066,10.269497871398926,11.916793823242188,11.953082084655762,11.958064079284668,11.962201118469238,13
0.7633624080193405,2.08072568634642,4.042137433781913,2.3407338981027053,2.039069516208839,1.077099084854126,3.190498352050781,4.836252212524414,5.700435638427734,6.123115539550781,6.411502838134766,6.626256942749023,6.778395652770996,6
0.9984718741515236,2.26983059363723,1.115198633862808,2.3468911722711554,2.91525090511669,1.0708897113800049,3.178972721099853,4.777417182922363,5.611917972564697,6.050887107849121,6.357741355895996,6.593837738037109,6.773826599121094,5
0.5453023335662538,1.3319798139928032,6.499378483569591,2.4287247943184416,2.869109830539319,1.244504451751709,4.142956733703613,7.429312705993652,10.064013481140137,11.446747779846191,11.503462791442873,11.509269714355469,11.514337539672852,14
0.3907930437752377,42.88276444895891,0.0625131549952778,2.0679780016755065,2.1666732898558165,0.7987432479858398,2.248490571975708,3.1887624263763428,3.5657918453216557,3.7109215259552,3.792553663253784,3.8575828075408936,3.912262201309204,22
0.5779225705194422,118.80665522056388,1.0677139538874751,2.925359632647879,2.6754830716535745,0.4460980892181396,1.011406183242798,1.4198722839355469,1.697105884552002,1.9055395126342771,2.071150779724121,2.2109169960021973,2.331061840057373,18
0.5270001610627858,180.37271894542843,0.0053771267852482,2.0559137965602927,2.2066804894178595,0.268566370010376,0.5044140815734863,0.6960132122039795,0.8553786277770996,0.9901406764984132,1.1063878536224363,1.208132028579712,1.2977361679077148,8
0.8706078239260499,2.612339969433296,0.0144236942987221,2.120502611976084,2.9654284706438734,1.1024141311645508,3.383976697921753,5.267645835876465,6.2676849365234375,6.729866981506348,6.996782302856445,7.189957618713379,7.346061706542969,5
0.6651098272211435,33.506982373082344,0.0607199126367349,2.786026931850599,2.417008775914649,0.7026267051696777,1.869992733001709,2.619871139526367,3.01497745513916,3.25537633895874,3.427865028381348,3.5655345916748047,3.6868176460266113,22
0.5483146424480834,0.9699831909844788,2.1581847963991208,2.65206376185364,2.1504021007140715,1.2021255493164062,3.893188953399658,6.781604290008545,9.07980728149414,10.312278747558594,10.367109298706056,10.373666763305664,10.379234313964844,13
0.3444222516738308,1.83054986408182,56.43000604414805,2.606060353909607,2.7711333076206808,1.1160573959350586,3.620173692703247,6.32264518737793,8.479519844055176,9.569371223449709,9.674054145812988,9.67425537109375,9.67425537109375,14
0.4281859139103403,92.11917474193494,0.0089490023046067,2.160384643493668,2.595707160334299,0.600609540939331,1.6196770668029783,2.241917371749878,2.511080026626587,2.6591174602508545,2.7702982425689697,2.861863374710083,2.9413931369781494,18
0.9052285851733818,26.00561398468826,0.0529341322628336,2.666175378647052,2.1071850904741765,0.5322773456573486,1.2637667655944824,1.762413501739502,2.086110591888428,2.3223795890808105,2.5096964836120605,2.66532039642334,2.798233985900879,18
0.6812666433635662,113.34679038788268,0.0117552122335754,2.489897460338786,2.675167507461749,0.3742372989654541,0.7878944873809814,1.1094110012054443,1.3619709014892578,1.5656404495239258,1.7354512214660645,1.88059663772583,2.005755424499512,8
0.4807543718745964,3.6260702786141614,0.0173126999471568,2.8908664825589327,2.262177057285113,1.1945180892944336,3.793889999389648,6.40726900100708,8.248838424682617,9.065378189086914,9.203008651733398,9.246463775634766,9.328224182128906,12
0.5620844773306509,1.3634409597116068,173.50524883709906,2.6461943774306897,2.7040777355119667,0.8416290283203125,2.5681095123291016,4.082672119140625,4.856309413909912,4.974452018737793,4.979245185852051,4.979248523712158,4.979226589202881,23
0.884178655017314,1.1691917959834393,4.489200847059777,2.350223504549353,2.329077865290845,1.1366345882415771,3.4513721466064453,5.332801818847656,6.380494117736816,6.883559226989746,7.207510948181152,7.4636688232421875,7.660194396972656,6
0.9526767067263012,1.0873356150438571,0.015856624436266,2.066961412509696,2.0499035776382017,1.0690054893493652,3.090181589126587,4.531096458435059,5.298221588134766,5.750276565551758,6.076022148132324,6.320379257202148,6.488431930541992,5
0.3435443440693205,50.1435948285754,0.071719677204301,2.346742126376795,2.6759215704894936,0.8819327354431152,2.645892143249512,3.997775077819824,4.609761714935303,4.798520565032959,4.885712146759033,4.94451379776001,4.98991584777832,22
0.5926220499861037,2.496433736956651,1.0133213035161377,2.878810425899103,2.612468311567115,1.2323994636535645,3.933353900909424,6.648294925689697,8.492443084716797,9.289798736572266,9.492219924926758,9.599267959594728,9.733600616455078,13
0.9324306483297332,29.181037738188305,0.0287996042027456,2.1256517029504,2.916321872368787,0.5519356727600098,1.359604835510254,1.905513048171997,2.263300657272339,2.524656057357788,2.73174786567688,2.903366804122925,3.0504672527313232,18
0.3605875336800263,110.17929231936564,6.66406612129336,2.084506311615452,2.7997281907442524,0.6098220348358154,1.706932783126831,2.402385950088501,2.671053647994995,2.7938406467437744,2.884692907333374,2.9594099521636963,3.022767305374145,22
0.9245862106571976,15.84805891598628,0.0088615844651589,2.687567201757757,2.405857958358976,0.690985918045044,1.7704908847808838,2.467651605606079,2.879145383834839,3.154062509536743,3.365581750869751,3.538197755813598,3.6850745677948,22
0.5493304970015926,3.1300367682752057,4.053353530694527,2.0788115641546576,2.4446501906702505,1.1514389514923096,3.7074673175811768,6.231673240661621,7.924273490905762,8.605597496032715,8.720980644226074,8.750340461730957,8.782676696777344,14
0.9202516543996726,46.861220464253535,0.2387620409028845,2.198695399912115,2.0382077411181623,0.3630805015563965,0.7694330215454102,1.0869479179382324,1.3347091674804688,1.5330374240875244,1.6980791091918943,1.8392624855041504,1.962252616882324,8
0.3128230867370321,36.913000930665405,0.2064490694128014,2.297796470220572,2.7292673142210835,0.9833807945251464,3.037566900253296,4.807291030883789,5.714402198791504,5.949735641479492,6.017694473266602,6.06102180480957,6.092105865478516,5
0.6774581976792169,0.9317012665296012,156.4132592356614,2.983588302786281,2.4067243323657346,0.8337843418121338,2.4919004440307617,3.8711891174316406,4.500140190124512,4.632277965545654,4.653512001037598,4.653579711914063,4.653652191162109,23
0.9215939912467392,4.6099176351295865,1.3824286799301673,2.0444074063839253,2.365242014780987,0.9198398590087892,2.548585891723633,3.602606773376465,4.1221699714660645,4.425260543823242,4.628930568695068,4.7910637855529785,4.910392761230469,22
0.8682436056881346,1.368243874072637,7.296566297008141,2.1268054516598784,2.9541584056487222,1.1543970108032229,3.651863813400269,5.925305366516113,7.257807731628418,7.861446380615234,8.136069297790527,8.313959121704102,8.43427562713623,14
0.797472295192704,123.07857977044831,0.2893590630106653,2.756508316885144,2.911732157346304,0.3353433609008789,0.6625690460205078,0.9441161155700684,1.187091827392578,1.3955025672912598,1.576582431793213,1.734708309173584,1.8736090660095213,8
0.5400432753088948,7.800302505173165,0.0236381170536031,2.7452869655398717,2.363583570842608,1.1016552448272705,3.33973240852356,5.196955680847168,6.202919960021973,6.602283477783203,6.829429626464844,7.008944511413574,7.151790618896484,5
0.3094996258413878,94.1422585989945,0.5345721981008597,2.26182144497946,2.5072990044419305,0.707054615020752,2.017307043075561,2.889978170394897,3.229175806045532,3.3438050746917725,3.4104220867156982,3.470149278640747,3.523489236831665,22
0.6894217732697684,16.63564177191929,0.0791335321673256,2.001684473490594,2.208072905167556,0.7999899387359619,2.173978328704834,3.0165352821350098,3.41082763671875,3.621903419494629,3.772351264953613,3.879727363586426,3.979938983917236,22
0.6348059346255471,0.7501785000303549,0.1353322622902515,2.2551357010660347,2.6904682609203667,1.2486941814422607,4.166687965393066,7.460330009460449,10.116914749145508,11.502942085266112,11.560590744018556,11.567469596862791,11.57298469543457,12
0.3745421245258148,36.14560508566985,0.2013387139747009,2.5704515938604606,2.600254486814764,0.9478631019592284,2.8358571529388428,4.317920684814453,5.014816284179688,5.259424209594727,5.372331619262695,5.457555770874023,5.514802932739258,5
0.954748031188389,158.83114941539657,0.0328251207777731,2.2925571327109804,2.7343222709641672,0.1956031322479248,0.3519320487976074,0.5030481815338135,0.6477429866790771,0.7828195095062256,0.9095666408538818,1.0279545783996582,1.1389927864074707,15
0.5627436528600603,262.9988338523873,0.1354642191626235,2.6221151116423687,2.697428787565503,0.2417197227478027,0.4168667793273926,0.5782160758972168,0.7228028774261475,0.8531022071838379,0.9716546535491944,1.0801076889038086,1.1784803867340088,15
0.7439805461314286,59.77225745278753,0.0037576839404551,2.545163558218503,2.9176494566136224,0.5314650535583496,1.2960238456726074,1.8278560638427732,2.168553352355957,2.412693977355957,2.6060304641723637,2.766464233398437,2.9027867317199707,18
0.7012234043128626,11.19404964198157,0.4157608023034171,2.065363939587393,2.7942482315786035,0.9427661895751952,2.794835329055786,4.143745422363281,4.768125534057617,5.045174598693848,5.2080583572387695,5.332300186157227,5.426473617553711,5
0.3529559693956422,0.999200915392246,0.5920092440724747,2.760103174383751,2.563367011663821,1.2837982177734375,4.299564838409424,7.840721130371094,11.104506492614746,13.154741287231444,13.182138442993164,13.189677238464355,13.195977210998535,13
